#! FIELDS time restraint.bias r0 r1 r2 r3 r4 r5 r6 r7 r8 r9 r10 r11 r12 r13 r14 r15 r16 r17 r18 r19 r20 r21 r22 r23 r24 r25 r26 r27 r28 r29 r30 r31 r32 r33
820000.038948 2.472249 0.107108 0.076209 0.032569 0.026443 0.087601 0.113384 0.081519 0.106323 0.058471 0.095201 0.061798 0.146829 0.137733 0.139970 0.161038 0.142167 0.151270 0.106475 0.097553 0.137858 0.114308 0.117231 0.121232 0.096171 0.107036 0.098406 0.134270 0.132569 0.110538 0.016668 0.093664 0.114988 0.111476 0.109054
821000.038995 7.316938 0.094332 0.055854 0.013450 0.051009 0.073226 0.110549 0.101233 0.118925 0.079627 0.079622 0.047580 0.147825 0.131094 0.126399 0.164341 0.157879 0.143158 0.089734 0.087598 0.126232 0.115924 0.098634 0.113589 0.099030 0.106308 0.100457 0.145001 0.128306 0.101584 0.028674 0.074560 0.111854 0.103157 0.100389
822000.039043 3.692329 0.101717 0.068100 0.027519 0.039215 0.081664 0.114719 0.096721 0.116932 0.072927 0.084760 0.049860 0.151151 0.137236 0.135565 0.167285 0.152494 0.151727 0.099055 0.092838 0.135274 0.118444 0.111455 0.119855 0.098392 0.106628 0.095920 0.140799 0.135976 0.105849 0.020369 0.087176 0.117914 0.111447 0.108821
823000.039090 1.093407 0.103842 0.071440 0.026945 0.031074 0.084998 0.115704 0.089336 0.112815 0.065189 0.091074 0.056604 0.145539 0.133357 0.133496 0.164117 0.148566 0.147364 0.097156 0.088946 0.132664 0.114752 0.108543 0.118012 0.091539 0.102903 0.092689 0.135071 0.130265 0.109616 0.011085 0.088183 0.115994 0.108835 0.108110
824000.039138 1.126892 0.108185 0.074885 0.026758 0.031941 0.089477 0.119279 0.087642 0.114023 0.062172 0.096089 0.062649 0.147342 0.136554 0.136566 0.165611 0.147454 0.149561 0.100237 0.090602 0.134790 0.113767 0.111578 0.119350 0.091261 0.104405 0.094591 0.136337 0.132240 0.114668 0.011253 0.091858 0.118910 0.111964 0.111033
825000.039185 2.073164 0.105862 0.071791 0.025821 0.035727 0.087399 0.119885 0.094728 0.118479 0.069219 0.091161 0.056066 0.150137 0.136555 0.135147 0.169563 0.154136 0.150969 0.096689 0.088978 0.135052 0.118877 0.109179 0.120843 0.093441 0.105500 0.093909 0.140127 0.134522 0.112203 0.015263 0.089508 0.120119 0.112558 0.111589
826000.039233 1.381934 0.108092 0.075157 0.029091 0.032284 0.089359 0.119278 0.091205 0.115817 0.065135 0.093829 0.059659 0.150892 0.139595 0.139613 0.167814 0.148772 0.153807 0.103523 0.094466 0.138567 0.116871 0.115681 0.121993 0.095497 0.106923 0.095869 0.138588 0.136938 0.113542 0.012462 0.093563 0.120824 0.114721 0.112855
827000.039280 2.617908 0.112307 0.084819 0.040048 0.017467 0.096226 0.117588 0.075682 0.104302 0.050442 0.103048 0.071369 0.143864 0.137132 0.142093 0.160273 0.138706 0.151561 0.110073 0.098341 0.140992 0.114648 0.120676 0.124412 0.092358 0.106851 0.096095 0.129263 0.131369 0.117281 0.017152 0.100359 0.117145 0.113362 0.112651
828000.039328 2.749839 0.110054 0.082051 0.039158 0.023790 0.096661 0.120191 0.084218 0.110257 0.057136 0.099195 0.067667 0.143657 0.133880 0.137458 0.165323 0.146523 0.150099 0.102621 0.091959 0.139308 0.119992 0.115380 0.125157 0.089500 0.105724 0.090906 0.130271 0.130996 0.117080 0.017579 0.097488 0.118574 0.112562 0.113220
829000.039375 1.574595 0.111363 0.082870 0.038732 0.022933 0.099123 0.121953 0.083617 0.111410 0.053484 0.101156 0.071157 0.142696 0.133934 0.137621 0.164963 0.144961 0.149674 0.102915 0.091265 0.139149 0.118147 0.115745 0.124660 0.087528 0.105442 0.089774 0.128695 0.131074 0.119504 0.013302 0.098696 0.119842 0.113348 0.113868
830000.039423 3.169316 0.113940 0.084939 0.038575 0.020939 0.096830 0.118295 0.073563 0.103770 0.048888 0.105019 0.073146 0.144588 0.138667 0.142908 0.159232 0.137093 0.151864 0.110305 0.098518 0.140860 0.113360 0.120335 0.124014 0.092367 0.107599 0.098321 0.130558 0.131079 0.118989 0.018872 0.100778 0.117268 0.113995 0.113050
831000.039470 4.835003 0.116757 0.091173 0.046887 0.012838 0.102083 0.119104 0.067608 0.099622 0.042881 0.109758 0.078872 0.141358 0.137470 0.145070 0.157635 0.135010 0.151981 0.114145 0.101170 0.144415 0.116135 0.124040 0.128169 0.091484 0.109171 0.097963 0.126090 0.129003 0.121745 0.023309 0.105308 0.116681 0.114112 0.114625
832000.039518 2.612312 0.107865 0.077468 0.035541 0.030204 0.086266 0.118059 0.091031 0.114555 0.068982 0.092172 0.055072 0.151312 0.139764 0.140971 0.167043 0.148875 0.154888 0.105647 0.096452 0.139587 0.117579 0.117287 0.122865 0.097523 0.106242 0.095414 0.138040 0.137093 0.109760 0.017133 0.094375 0.120568 0.114663 0.113422
833000.039565 7.975010 0.117939 0.096212 0.054878 0.011726 0.105091 0.117909 0.061983 0.094915 0.039692 0.113242 0.084037 0.137677 0.136074 0.147329 0.153614 0.130847 0.151294 0.119110 0.105231 0.147489 0.117067 0.128179 0.131193 0.092451 0.111044 0.099501 0.121456 0.126684 0.122195 0.029936 0.108814 0.115116 0.113478 0.114667
834000.039613 1.282855 0.108538 0.078171 0.032648 0.026008 0.095028 0.119062 0.083042 0.110028 0.054280 0.099302 0.068784 0.140756 0.131735 0.133996 0.162081 0.143807 0.145851 0.098362 0.087497 0.134077 0.114545 0.111041 0.119828 0.085271 0.102414 0.089403 0.128420 0.128060 0.117284 0.012007 0.094263 0.116859 0.110111 0.110468
835000.039660 1.430482 0.111446 0.081644 0.035626 0.025122 0.097856 0.121252 0.081383 0.110086 0.052136 0.102573 0.071897 0.140807 0.133293 0.136506 0.161921 0.141841 0.147381 0.100786 0.088341 0.135874 0.113657 0.113876 0.120812 0.084025 0.102192 0.088666 0.127130 0.129037 0.119718 0.012679 0.097483 0.118700 0.112343 0.112895
836000.039708 5.196596 0.111040 0.086305 0.047524 0.027797 0.104389 0.123524 0.084585 0.111179 0.053139 0.103729 0.076891 0.134197 0.126090 0.132039 0.161542 0.143418 0.143417 0.097210 0.084332 0.136382 0.119536 0.112038 0.124324 0.079038 0.101289 0.080814 0.119446 0.124831 0.121863 0.024165 0.099774 0.118636 0.110460 0.113702
837000.039755 1.198135 0.108634 0.077857 0.032099 0.026240 0.092780 0.117984 0.082758 0.109781 0.055271 0.098388 0.067004 0.143523 0.134561 0.136534 0.162326 0.143084 0.148106 0.101691 0.091230 0.135418 0.113470 0.113540 0.120094 0.089240 0.103940 0.092359 0.130714 0.130442 0.115415 0.011603 0.094589 0.117290 0.111455 0.110547
838000.039803 4.543808 0.113869 0.088838 0.047740 0.022870 0.105934 0.123967 0.080227 0.109212 0.048366 0.106995 0.079590 0.136707 0.129922 0.137061 0.162995 0.142891 0.147012 0.102978 0.089547 0.140009 0.119630 0.116698 0.126975 0.082124 0.104693 0.086005 0.121586 0.126807 0.123551 0.022596 0.102648 0.119288 0.112535 0.114948
839000.039850 1.078989 0.108259 0.076930 0.031362 0.030268 0.092331 0.121050 0.089425 0.115377 0.062478 0.096309 0.063369 0.146048 0.134813 0.136166 0.167098 0.149852 0.149800 0.098713 0.088585 0.136101 0.117388 0.111728 0.121739 0.089073 0.104032 0.090720 0.134028 0.132252 0.115474 0.011011 0.093231 0.119998 0.112430 0.112414
840000.039898 4.023218 0.112876 0.086621 0.043002 0.019484 0.101493 0.118413 0.070449 0.101109 0.041939 0.108485 0.079783 0.135668 0.130943 0.137884 0.157166 0.135680 0.145109 0.105975 0.092842 0.137579 0.112698 0.116534 0.122713 0.083864 0.104140 0.092463 0.121978 0.123649 0.121536 0.021263 0.100403 0.114002 0.109661 0.110803
841000.039945 6.424154 0.118799 0.093792 0.050019 0.017778 0.103858 0.120163 0.066616 0.099763 0.042641 0.112224 0.082124 0.142157 0.139580 0.147946 0.156226 0.133018 0.153657 0.117825 0.104357 0.146502 0.115556 0.127118 0.129571 0.093533 0.111078 0.100507 0.126210 0.130401 0.123377 0.026868 0.107847 0.118227 0.115856 0.115960
842000.039993 2.940571 0.099792 0.066278 0.025288 0.037439 0.079767 0.113384 0.095165 0.115601 0.072143 0.084265 0.049070 0.148882 0.134304 0.133226 0.166620 0.153691 0.149013 0.096364 0.090752 0.133172 0.118196 0.107784 0.119066 0.096912 0.105857 0.095567 0.139847 0.132387 0.104251 0.018178 0.084249 0.115348 0.108326 0.106274
843000.040040 2.937402 0.105011 0.070585 0.023931 0.038724 0.085908 0.118197 0.092044 0.116503 0.067968 0.092283 0.059431 0.147004 0.134483 0.133065 0.165490 0.150819 0.147207 0.095775 0.087570 0.131668 0.114174 0.106874 0.117366 0.091451 0.103884 0.094953 0.138345 0.130584 0.112078 0.018168 0.087415 0.117722 0.109520 0.108649
844000.040088 2.782198 0.106160 0.071095 0.022947 0.035745 0.084619 0.114394 0.086103 0.110894 0.062601 0.094190 0.061032 0.146594 0.136976 0.135726 0.160087 0.141820 0.147632 0.100591 0.091642 0.131126 0.107725 0.111393 0.113966 0.092447 0.102424 0.096806 0.135989 0.131624 0.111366 0.017682 0.089494 0.115901 0.110447 0.107850
845000.040135 0.784341 0.109884 0.078974 0.032654 0.024783 0.091463 0.118549 0.083472 0.110405 0.058269 0.097893 0.064098 0.146479 0.137479 0.139693 0.163399 0.143501 0.151496 0.104531 0.093849 0.138017 0.114361 0.116382 0.121591 0.091668 0.104824 0.093986 0.133093 0.133050 0.114839 0.009388 0.095724 0.118813 0.113246 0.112430
846000.040183 2.695362 0.105483 0.070609 0.020639 0.035807 0.085902 0.115113 0.086469 0.111471 0.062147 0.094879 0.062274 0.146714 0.135962 0.134881 0.162798 0.145183 0.147262 0.099980 0.091644 0.131883 0.110387 0.109925 0.115733 0.093033 0.104424 0.098058 0.137436 0.130590 0.112312 0.017404 0.088563 0.115115 0.109608 0.107162
847000.040230 1.103472 0.108578 0.076905 0.031989 0.029853 0.089750 0.120449 0.090137 0.115645 0.065142 0.094717 0.059835 0.147985 0.136742 0.137535 0.166881 0.149131 0.151363 0.100386 0.090464 0.136636 0.116650 0.112914 0.121376 0.091356 0.104028 0.091912 0.135569 0.133953 0.113768 0.011136 0.093517 0.120819 0.113267 0.113184
848000.040278 1.789923 0.112145 0.081630 0.035004 0.025059 0.094562 0.119880 0.079569 0.108720 0.055066 0.101839 0.069292 0.145496 0.137764 0.140998 0.162927 0.142104 0.151508 0.106416 0.095112 0.139597 0.114738 0.116944 0.123503 0.091293 0.106983 0.096649 0.132727 0.131093 0.117984 0.014182 0.097481 0.118547 0.113019 0.112901
849000.040325 1.832739 0.109847 0.080536 0.035419 0.021303 0.091728 0.117336 0.079916 0.107274 0.057004 0.099393 0.065418 0.146300 0.137267 0.140988 0.163763 0.143697 0.152018 0.107258 0.096992 0.140072 0.116146 0.116990 0.124043 0.094076 0.107556 0.097535 0.133702 0.131292 0.114388 0.014351 0.096183 0.116647 0.112070 0.111461
850000.040373 1.682459 0.109647 0.078215 0.031519 0.025405 0.091708 0.116408 0.079440 0.106937 0.054354 0.100372 0.067981 0.144659 0.136683 0.139225 0.161046 0.140601 0.149460 0.105458 0.095051 0.136553 0.111601 0.115690 0.119898 0.091696 0.105353 0.097200 0.132398 0.130607 0.115712 0.013750 0.094981 0.115841 0.111375 0.109901
851000.040420 4.473652 0.104431 0.074465 0.034632 0.031420 0.081188 0.112639 0.087977 0.109597 0.069557 0.090113 0.052169 0.150289 0.138367 0.139911 0.164448 0.147926 0.153035 0.105956 0.098302 0.137739 0.116640 0.115931 0.121230 0.100158 0.106840 0.099127 0.138716 0.134159 0.104943 0.022421 0.090954 0.115384 0.111285 0.109112
852000.040468 1.904999 0.105147 0.071894 0.027841 0.035107 0.084929 0.117841 0.094857 0.117722 0.070020 0.088924 0.053893 0.151384 0.138301 0.137384 0.168257 0.151524 0.152792 0.100649 0.092448 0.136353 0.116769 0.113018 0.120335 0.095959 0.105557 0.094584 0.139846 0.136647 0.109360 0.014631 0.090232 0.120161 0.113257 0.111212
853000.040515 2.795318 0.111004 0.081514 0.037877 0.025584 0.090193 0.118891 0.086019 0.111683 0.063922 0.096662 0.060503 0.152103 0.142048 0.144510 0.166513 0.146139 0.157127 0.110659 0.100868 0.143246 0.118258 0.121216 0.125918 0.099445 0.109330 0.098821 0.137998 0.137772 0.112906 0.017723 0.098285 0.120864 0.116418 0.114829
854000.040563 1.231126 0.105301 0.072972 0.029377 0.032363 0.088911 0.118950 0.092791 0.116394 0.065885 0.092118 0.058669 0.145763 0.133355 0.133139 0.166181 0.150681 0.148042 0.095475 0.086834 0.133411 0.117122 0.108599 0.119303 0.089693 0.102776 0.089774 0.134534 0.132119 0.112529 0.011762 0.090166 0.118897 0.110897 0.110654
855000.040610 1.398388 0.104582 0.073114 0.029749 0.027859 0.084999 0.113750 0.085894 0.109396 0.062929 0.092151 0.057656 0.146521 0.135502 0.137087 0.163189 0.145875 0.149819 0.102392 0.093937 0.135758 0.114769 0.113069 0.119772 0.094650 0.105242 0.096093 0.135102 0.131515 0.108772 0.012536 0.090269 0.114855 0.109666 0.108034
856000.040658 4.639269 0.104937 0.067760 0.020101 0.042604 0.078834 0.114154 0.094315 0.116206 0.072511 0.089730 0.053170 0.153126 0.140838 0.137149 0.164494 0.147669 0.151157 0.101368 0.094141 0.131176 0.108732 0.112088 0.113044 0.098349 0.103392 0.099891 0.143392 0.136808 0.107853 0.022833 0.087389 0.118078 0.112711 0.108795
857000.040705 4.011223 0.104076 0.070145 0.026390 0.037277 0.078459 0.113645 0.092537 0.114023 0.072594 0.088266 0.049333 0.152298 0.139445 0.137789 0.165422 0.149532 0.152091 0.102093 0.094996 0.133847 0.113333 0.112744 0.116906 0.099152 0.104468 0.098584 0.141857 0.135642 0.105363 0.021231 0.088170 0.117090 0.111910 0.109009
858000.040753 2.672903 0.110226 0.081869 0.036782 0.021558 0.097593 0.118194 0.076103 0.104912 0.049007 0.102987 0.073030 0.140690 0.132837 0.137592 0.162169 0.142213 0.147792 0.104088 0.093080 0.138651 0.116977 0.114409 0.124366 0.088404 0.107168 0.094878 0.128703 0.126357 0.118527 0.017331 0.096853 0.114546 0.109820 0.110197
859000.040800 2.781993 0.113106 0.087256 0.043655 0.015598 0.098858 0.120552 0.077713 0.106410 0.052768 0.103666 0.071578 0.143976 0.136120 0.142184 0.164217 0.143161 0.152578 0.109971 0.098383 0.144024 0.120300 0.120286 0.128791 0.092731 0.109147 0.095038 0.129571 0.130735 0.118799 0.017681 0.101537 0.118370 0.113520 0.114471
860000.040848 2.221480 0.108590 0.076623 0.031023 0.030958 0.090562 0.119334 0.090299 0.114900 0.064246 0.094549 0.060667 0.150370 0.139095 0.139181 0.167623 0.148387 0.153519 0.103853 0.094483 0.138649 0.117170 0.115859 0.122222 0.095085 0.106643 0.095429 0.137897 0.136588 0.113971 0.015800 0.094638 0.120464 0.114895 0.113097
861000.040895 0.824211 0.107430 0.076493 0.030643 0.026787 0.091569 0.117665 0.084472 0.110489 0.056920 0.097860 0.065933 0.142071 0.132226 0.133358 0.161880 0.143911 0.145379 0.098954 0.088667 0.132312 0.111801 0.110424 0.117218 0.087354 0.101128 0.090243 0.130121 0.128913 0.115069 0.009624 0.092583 0.116379 0.109804 0.109444
862000.040943 5.446399 0.099797 0.063843 0.021423 0.042604 0.074946 0.110720 0.096094 0.114949 0.075605 0.083819 0.046361 0.151700 0.137514 0.134318 0.164782 0.151142 0.149745 0.098439 0.093159 0.130730 0.113051 0.108753 0.114281 0.099851 0.104507 0.099681 0.143442 0.134422 0.102537 0.024739 0.083273 0.114624 0.109327 0.105523
863000.040990 3.440671 0.116425 0.088353 0.042459 0.020500 0.102315 0.121312 0.071778 0.103835 0.043473 0.109768 0.079536 0.139560 0.135585 0.141391 0.158294 0.135396 0.148861 0.108319 0.094399 0.139396 0.111905 0.119834 0.123231 0.085131 0.104415 0.093235 0.124742 0.128084 0.123691 0.019663 0.103071 0.118116 0.113718 0.114526
864000.041038 3.744818 0.115047 0.089616 0.047426 0.017217 0.098712 0.122271 0.079824 0.108488 0.056881 0.104326 0.070536 0.145148 0.137940 0.144421 0.164057 0.142744 0.154367 0.111173 0.098736 0.144739 0.119489 0.122326 0.128905 0.092805 0.107818 0.093747 0.129234 0.133104 0.118523 0.020514 0.103742 0.121282 0.116049 0.117195
865000.041085 1.189683 0.112547 0.081087 0.034125 0.025053 0.094134 0.120228 0.083084 0.111189 0.056377 0.100228 0.067419 0.147643 0.139833 0.141998 0.163315 0.141757 0.153351 0.107032 0.095338 0.139333 0.113041 0.119211 0.121994 0.091676 0.105369 0.095011 0.133310 0.135336 0.117450 0.011562 0.098474 0.120885 0.115754 0.114350
866000.041133 8.318896 0.116506 0.096266 0.056624 0.013028 0.108815 0.119178 0.064388 0.096046 0.036390 0.113269 0.087145 0.132571 0.129710 0.141531 0.155859 0.133456 0.146596 0.114099 0.100164 0.145065 0.119497 0.123806 0.131246 0.086840 0.109213 0.094114 0.116922 0.122119 0.124505 0.030575 0.107572 0.113843 0.110132 0.113216
867000.041180 1.587242 0.110046 0.080946 0.036121 0.022543 0.093431 0.118641 0.082799 0.109583 0.057157 0.098276 0.065614 0.146094 0.137158 0.140533 0.163892 0.143721 0.152415 0.106326 0.095213 0.140146 0.116373 0.118133 0.123847 0.092265 0.106187 0.093946 0.132204 0.133231 0.114892 0.013355 0.097381 0.118657 0.113709 0.112886
868000.041228 1.630094 0.103440 0.070005 0.024876 0.034418 0.086968 0.116578 0.092147 0.115323 0.065167 0.089871 0.058190 0.146542 0.133849 0.133066 0.165510 0.150099 0.148057 0.096260 0.088364 0.133176 0.116254 0.108865 0.118756 0.091734 0.104309 0.092541 0.136159 0.132109 0.110627 0.013534 0.088183 0.117151 0.109952 0.108378
869000.041275 1.887524 0.110901 0.082833 0.038589 0.020684 0.098373 0.119875 0.077920 0.106817 0.049707 0.104033 0.073553 0.138601 0.130932 0.135647 0.161624 0.142261 0.145642 0.101461 0.089785 0.136322 0.115550 0.112626 0.122457 0.084775 0.103819 0.090561 0.125794 0.125640 0.119634 0.014564 0.097221 0.115957 0.109727 0.111204
870000.041323 1.792359 0.107637 0.076188 0.030457 0.027289 0.088854 0.116089 0.081608 0.108098 0.058803 0.097421 0.063739 0.144170 0.135047 0.137338 0.161598 0.143085 0.148465 0.101999 0.091985 0.135217 0.112830 0.112451 0.119504 0.090673 0.104246 0.095584 0.132848 0.129005 0.113064 0.014192 0.092342 0.115313 0.109813 0.109193
871000.041370 1.914222 0.111103 0.082873 0.037866 0.018311 0.095342 0.117667 0.077134 0.105211 0.051326 0.101767 0.069619 0.142553 0.135078 0.139235 0.160760 0.140181 0.149439 0.106196 0.094825 0.138637 0.114743 0.117379 0.122862 0.089901 0.104959 0.093491 0.128624 0.129722 0.116794 0.014666 0.098293 0.116387 0.111962 0.111828
872000.041418 7.535339 0.117294 0.094345 0.052663 0.019127 0.109433 0.121524 0.066707 0.099528 0.035593 0.114359 0.087740 0.133546 0.130508 0.140417 0.158059 0.135671 0.146153 0.109880 0.095694 0.142252 0.117645 0.120602 0.128727 0.083430 0.107553 0.092513 0.118449 0.122438 0.126511 0.029099 0.106664 0.115210 0.111261 0.113749
873000.041465 2.344534 0.105189 0.071012 0.022332 0.034357 0.085469 0.116215 0.088154 0.112630 0.064941 0.093588 0.058819 0.147260 0.135581 0.134815 0.164819 0.148227 0.148181 0.098432 0.090430 0.132905 0.113714 0.108677 0.117667 0.093013 0.104574 0.096843 0.138126 0.130631 0.111594 0.016231 0.088344 0.115924 0.109782 0.108299
874000.041513 1.750476 0.109137 0.078623 0.033561 0.025354 0.088264 0.116114 0.083227 0.108910 0.060345 0.096459 0.061391 0.148324 0.139215 0.141193 0.162314 0.142386 0.152700 0.107476 0.097414 0.138394 0.113103 0.118453 0.120892 0.095516 0.105408 0.096599 0.134590 0.134523 0.112004 0.014025 0.095635 0.117959 0.113587 0.111654
875000.041560 0.800294 0.108018 0.075417 0.028020 0.030156 0.090141 0.119214 0.087331 0.113544 0.061498 0.096121 0.062666 0.145504 0.135409 0.136045 0.163957 0.145607 0.148914 0.099146 0.088678 0.134333 0.113146 0.111460 0.118550 0.088608 0.102508 0.091833 0.133633 0.131639 0.114692 0.009483 0.092478 0.118769 0.111775 0.111241
876000.041608 0.918926 0.108767 0.077677 0.031946 0.025311 0.090474 0.117576 0.084986 0.110759 0.058943 0.097305 0.063487 0.145662 0.136344 0.137927 0.162899 0.143499 0.149920 0.102991 0.092352 0.135543 0.112381 0.115198 0.118919 0.090541 0.102569 0.092372 0.132209 0.133082 0.113975 0.010162 0.094787 0.118236 0.112772 0.111492
877000.041655 4.187000 0.096813 0.061944 0.021911 0.043800 0.076615 0.112865 0.100243 0.118587 0.077395 0.081067 0.046141 0.147864 0.131803 0.128796 0.165565 0.155407 0.145929 0.091448 0.086554 0.128827 0.116284 0.102674 0.114877 0.095604 0.103013 0.093843 0.140797 0.131045 0.102788 0.021691 0.079936 0.114818 0.106195 0.104539
878000.041703 5.082474 0.097583 0.060480 0.017368 0.046158 0.075070 0.112668 0.100948 0.119434 0.078633 0.081081 0.045330 0.151445 0.135159 0.131353 0.167680 0.157424 0.148390 0.093961 0.089833 0.130051 0.116563 0.104767 0.115601 0.099245 0.105703 0.098508 0.145085 0.133426 0.102641 0.023898 0.079630 0.115283 0.107690 0.104599
879000.041750 1.793853 0.108950 0.079774 0.035500 0.024516 0.096007 0.118741 0.082004 0.108687 0.053264 0.100035 0.069645 0.140611 0.131787 0.134785 0.162094 0.143379 0.146429 0.100241 0.089444 0.135594 0.115814 0.112653 0.121282 0.086505 0.103337 0.089806 0.127768 0.128250 0.117389 0.014198 0.095539 0.116533 0.110426 0.110898
880000.041798 0.780656 0.107591 0.075908 0.028931 0.029478 0.091661 0.119342 0.087368 0.113425 0.059995 0.096259 0.063990 0.145322 0.134732 0.135618 0.165077 0.146782 0.148782 0.099776 0.089821 0.135389 0.115182 0.111834 0.120216 0.089753 0.104064 0.091776 0.133396 0.131601 0.115117 0.009366 0.092852 0.118538 0.111706 0.111088
881000.041845 6.827113 0.115757 0.092211 0.050081 0.015346 0.105136 0.117573 0.064547 0.096217 0.036302 0.111049 0.083747 0.135322 0.132424 0.141271 0.154406 0.131770 0.147105 0.112297 0.098670 0.142016 0.114932 0.122470 0.126842 0.087058 0.107183 0.095047 0.120225 0.124258 0.122898 0.027698 0.105350 0.113752 0.111128 0.112330
882000.041893 2.613275 0.114924 0.088045 0.043440 0.018534 0.100674 0.123358 0.080246 0.109473 0.053832 0.104371 0.071977 0.145186 0.137390 0.142619 0.165848 0.144456 0.153727 0.108414 0.096117 0.144010 0.120647 0.120378 0.128851 0.090734 0.108108 0.093008 0.130205 0.132681 0.120869 0.017136 0.102840 0.121372 0.115813 0.117002
883000.041940 2.107766 0.106581 0.073844 0.028824 0.033353 0.085179 0.117600 0.090902 0.114777 0.068260 0.091747 0.055212 0.150133 0.138498 0.138478 0.166051 0.148712 0.152483 0.101577 0.092778 0.136473 0.115796 0.113594 0.120186 0.095018 0.104964 0.095215 0.138375 0.135042 0.110290 0.015390 0.091417 0.119409 0.113015 0.111641
884000.041988 1.101099 0.107826 0.078421 0.034563 0.022675 0.091839 0.117623 0.083843 0.109665 0.058448 0.096695 0.063584 0.144996 0.134875 0.138030 0.164781 0.146219 0.150389 0.103053 0.093401 0.138564 0.118054 0.114413 0.123633 0.092048 0.106367 0.093905 0.132446 0.131050 0.113705 0.011124 0.094595 0.116990 0.111269 0.110958
885000.042035 2.942040 0.108136 0.077901 0.034964 0.028341 0.085313 0.115985 0.085944 0.110490 0.065860 0.094033 0.056988 0.149559 0.139316 0.141035 0.163475 0.144955 0.153296 0.106561 0.097088 0.138225 0.114544 0.117218 0.121190 0.096893 0.105419 0.096889 0.136461 0.134673 0.109436 0.018183 0.094296 0.118233 0.113226 0.111804
886000.042083 2.276503 0.113047 0.081665 0.034287 0.026228 0.096078 0.120484 0.078366 0.108302 0.052233 0.104591 0.072467 0.142639 0.135565 0.137873 0.161303 0.140487 0.147700 0.102837 0.090936 0.135083 0.111029 0.113666 0.119520 0.086489 0.103132 0.094021 0.130236 0.128814 0.120247 0.015994 0.097223 0.118034 0.112258 0.112539
887000.042130 1.206455 0.106937 0.074802 0.028668 0.030613 0.087764 0.118059 0.089225 0.114028 0.064683 0.093113 0.058455 0.148941 0.137479 0.137961 0.166437 0.148532 0.151832 0.101755 0.092690 0.137082 0.116493 0.113582 0.121256 0.094022 0.105653 0.094740 0.137102 0.134175 0.111902 0.011644 0.092211 0.118999 0.112627 0.111358
888000.042178 1.635234 0.107643 0.073953 0.025331 0.032773 0.090008 0.117086 0.085440 0.111528 0.058536 0.097023 0.065512 0.146483 0.136737 0.136774 0.163437 0.144296 0.148875 0.102019 0.092658 0.134538 0.111884 0.113090 0.118240 0.092199 0.105162 0.096445 0.135387 0.132118 0.114854 0.013556 0.091944 0.117001 0.111558 0.109343
889000.042225 5.289403 0.096920 0.059750 0.014719 0.045786 0.074632 0.111363 0.099206 0.117695 0.077184 0.081600 0.046388 0.149709 0.133996 0.129999 0.165332 0.154725 0.146552 0.093203 0.088690 0.128198 0.113890 0.103545 0.113283 0.097706 0.104016 0.097908 0.143615 0.131781 0.102283 0.024380 0.078984 0.113679 0.106660 0.103328
890000.042273 1.779233 0.109442 0.080298 0.036586 0.022186 0.090724 0.117273 0.083484 0.109085 0.059638 0.096931 0.062428 0.146932 0.137544 0.140489 0.163487 0.143888 0.152420 0.106771 0.096360 0.139389 0.115838 0.118340 0.122842 0.094049 0.105501 0.094275 0.132904 0.133839 0.112874 0.014140 0.096631 0.118183 0.113447 0.112497
891000.042320 3.764721 0.106065 0.076137 0.035878 0.031026 0.084617 0.116425 0.090662 0.112957 0.070201 0.091574 0.053330 0.149714 0.137394 0.138683 0.166772 0.150564 0.152660 0.102929 0.094921 0.137655 0.118911 0.114342 0.122290 0.097123 0.105669 0.095387 0.137740 0.134467 0.108171 0.020568 0.092204 0.118147 0.112406 0.111614
892000.042368 4.642446 0.099965 0.062899 0.016849 0.046273 0.084411 0.116184 0.098542 0.119967 0.070594 0.087961 0.059047 0.143607 0.129532 0.124637 0.161511 0.152173 0.140595 0.086468 0.080409 0.123746 0.112011 0.099357 0.110862 0.088387 0.100051 0.090481 0.136908 0.129000 0.110367 0.022840 0.081775 0.116147 0.106824 0.105089
893000.042415 6.885275 0.107635 0.075476 0.035299 0.040222 0.080933 0.117169 0.096529 0.117526 0.077513 0.088519 0.047845 0.157356 0.144153 0.142224 0.168691 0.151806 0.157709 0.106890 0.099604 0.138999 0.117853 0.118250 0.121497 0.103846 0.107480 0.100081 0.145177 0.141326 0.106559 0.027816 0.093264 0.122038 0.117086 0.114317
894000.042463 1.235819 0.107197 0.076205 0.031136 0.027026 0.087231 0.116372 0.086253 0.110965 0.062868 0.094482 0.059189 0.148257 0.137713 0.139392 0.164590 0.145868 0.152017 0.104641 0.095076 0.137548 0.114636 0.115821 0.120777 0.094726 0.105194 0.095568 0.135630 0.133873 0.111067 0.011784 0.093217 0.117577 0.112410 0.110770
895000.042510 5.936784 0.116017 0.091873 0.049726 0.019129 0.107168 0.120509 0.067326 0.099670 0.036635 0.112591 0.085466 0.134193 0.131130 0.140464 0.157318 0.134933 0.146309 0.109563 0.095787 0.141737 0.116389 0.120315 0.127603 0.084294 0.107369 0.093056 0.119425 0.123047 0.125182 0.025829 0.104862 0.114894 0.110897 0.112870
896000.042558 11.570525 0.091635 0.054953 0.024563 0.053892 0.062583 0.104620 0.103483 0.116432 0.087172 0.073666 0.033484 0.153165 0.135557 0.130861 0.165404 0.158192 0.147816 0.096585 0.096086 0.128227 0.116113 0.104077 0.113115 0.108313 0.107917 0.105550 0.149495 0.132231 0.092282 0.036058 0.074266 0.110068 0.104494 0.099648
897000.042605 1.776583 0.110715 0.081606 0.036909 0.020167 0.091852 0.116918 0.078547 0.106136 0.055818 0.100272 0.066414 0.145907 0.137891 0.141984 0.161783 0.141125 0.152167 0.108974 0.098223 0.140265 0.114476 0.118852 0.123444 0.094208 0.106999 0.097544 0.132394 0.131780 0.114658 0.014129 0.097358 0.116858 0.112524 0.111811
898000.042653 2.195340 0.106537 0.074494 0.028834 0.032912 0.091962 0.118974 0.085816 0.112322 0.059263 0.098120 0.067347 0.140675 0.130292 0.131321 0.162362 0.146846 0.143433 0.094637 0.084795 0.130817 0.113445 0.105776 0.117586 0.085235 0.102081 0.091133 0.131094 0.125817 0.116074 0.015707 0.089941 0.115849 0.107847 0.108414
899000.042700 2.333540 0.109712 0.075442 0.025395 0.034078 0.091700 0.120013 0.086390 0.113449 0.060131 0.099136 0.066521 0.145826 0.136022 0.135003 0.163799 0.145100 0.147506 0.098924 0.088785 0.132487 0.111374 0.110285 0.116807 0.088628 0.102718 0.094266 0.135333 0.131151 0.117776 0.016193 0.092613 0.118679 0.112021 0.111316
900000.042748 1.894934 0.106801 0.075585 0.030340 0.030411 0.089291 0.118518 0.089461 0.114065 0.064470 0.093134 0.059116 0.148839 0.137130 0.137994 0.167291 0.149416 0.152308 0.101862 0.092823 0.138276 0.118528 0.113904 0.122850 0.094161 0.106663 0.094451 0.136960 0.134206 0.112179 0.014592 0.092889 0.119030 0.112971 0.111780
901000.042795 0.940012 0.108881 0.078494 0.035229 0.028987 0.093094 0.122090 0.091351 0.116698 0.064109 0.095836 0.062466 0.146124 0.134716 0.136333 0.167739 0.150489 0.150437 0.099082 0.088836 0.137061 0.118835 0.112597 0.122772 0.089243 0.103779 0.088872 0.133191 0.133386 0.115664 0.010278 0.094566 0.121512 0.113228 0.113917
902000.042843 1.119670 0.108282 0.075566 0.028163 0.030355 0.089497 0.118091 0.085209 0.111759 0.060101 0.096654 0.063493 0.145700 0.136126 0.136960 0.162991 0.144381 0.149028 0.100923 0.090739 0.134667 0.112417 0.112649 0.118718 0.090183 0.103483 0.093795 0.133860 0.131377 0.114276 0.011217 0.092552 0.117926 0.111528 0.110599
903000.042890 3.556017 0.114530 0.089483 0.046855 0.017215 0.104535 0.122444 0.075139 0.105336 0.045411 0.108260 0.079267 0.136238 0.130431 0.137801 0.160776 0.139607 0.146579 0.104917 0.091258 0.139864 0.117415 0.117019 0.126051 0.082604 0.104141 0.087944 0.121243 0.125316 0.123362 0.019990 0.102669 0.117689 0.111587 0.114361
904000.042938 4.011779 0.101932 0.070511 0.031729 0.037393 0.081784 0.116628 0.097239 0.117927 0.075189 0.085371 0.048123 0.149966 0.134851 0.134014 0.168906 0.155708 0.150606 0.096942 0.090710 0.135142 0.120849 0.108319 0.121360 0.097136 0.105870 0.093861 0.140238 0.133564 0.105526 0.021232 0.087049 0.118077 0.110321 0.109613
905000.042985 1.350696 0.110067 0.080306 0.033822 0.023289 0.095197 0.118035 0.077991 0.106569 0.050869 0.101968 0.071052 0.141950 0.134197 0.137647 0.161363 0.140975 0.147846 0.104116 0.093042 0.137002 0.113593 0.114624 0.121535 0.088871 0.105319 0.094448 0.129480 0.128266 0.117754 0.012320 0.096055 0.115823 0.110614 0.110342
906000.043033 3.486600 0.114048 0.089409 0.046751 0.010326 0.101490 0.119506 0.072093 0.102184 0.045885 0.106918 0.076554 0.138830 0.133572 0.141387 0.159026 0.137040 0.149485 0.109978 0.097010 0.142539 0.116917 0.120533 0.127202 0.088441 0.106847 0.093090 0.123541 0.127348 0.120290 0.019794 0.103214 0.116658 0.112301 0.113731
907000.043080 2.526131 0.113042 0.085456 0.040419 0.016506 0.096659 0.119323 0.076600 0.105715 0.052546 0.103506 0.070443 0.145532 0.137909 0.143009 0.163458 0.142092 0.153138 0.110053 0.098698 0.142768 0.117669 0.120094 0.126815 0.093416 0.108675 0.097254 0.131617 0.131575 0.117875 0.016848 0.100504 0.117961 0.113863 0.113869
908000.043128 1.465422 0.112040 0.083696 0.039894 0.020794 0.096988 0.121021 0.083494 0.110897 0.055997 0.100440 0.068445 0.146431 0.137663 0.141867 0.166012 0.145363 0.153671 0.107738 0.096638 0.142579 0.119416 0.119784 0.126956 0.092894 0.108207 0.093995 0.131803 0.134358 0.117720 0.012832 0.099873 0.120651 0.115085 0.114887
909000.043175 3.063092 0.114588 0.084470 0.037683 0.022730 0.096149 0.119720 0.078680 0.107662 0.053696 0.103008 0.070001 0.148835 0.141975 0.145301 0.162524 0.140415 0.155788 0.111595 0.099968 0.142945 0.115304 0.122876 0.125339 0.094938 0.108730 0.099088 0.134294 0.135921 0.118413 0.018553 0.101506 0.120166 0.117038 0.115332
910000.043223 2.687733 0.104848 0.070081 0.023341 0.037524 0.082649 0.116657 0.092426 0.115913 0.070027 0.090939 0.054994 0.149823 0.137272 0.135808 0.165881 0.149612 0.149965 0.098958 0.090949 0.133054 0.112989 0.109549 0.116936 0.094743 0.104037 0.096668 0.140263 0.133235 0.109569 0.017379 0.087776 0.117894 0.110981 0.109264
911000.043270 11.244478 0.092097 0.053189 0.019067 0.056248 0.065527 0.106390 0.105278 0.119294 0.086383 0.073484 0.039019 0.152642 0.135413 0.129510 0.164366 0.156653 0.146990 0.094437 0.092612 0.126614 0.113202 0.103460 0.110862 0.104881 0.106286 0.103393 0.148958 0.133037 0.094982 0.035547 0.073953 0.111828 0.105140 0.099997
912000.043318 5.148821 0.095667 0.060856 0.021891 0.043869 0.073797 0.110690 0.098359 0.116126 0.077805 0.080776 0.044081 0.147151 0.131204 0.128478 0.164398 0.155119 0.144950 0.091385 0.087500 0.128014 0.116331 0.101461 0.114503 0.096946 0.103515 0.096022 0.141007 0.129079 0.100722 0.024054 0.078373 0.112458 0.104479 0.102785
913000.043365 6.740229 0.112687 0.091115 0.052309 0.019904 0.106844 0.120136 0.074994 0.102900 0.043855 0.107112 0.081915 0.134149 0.128016 0.137103 0.159851 0.139384 0.145927 0.107577 0.094885 0.142397 0.121584 0.119490 0.129564 0.085776 0.107501 0.088948 0.118873 0.124290 0.122244 0.027521 0.103789 0.115446 0.110192 0.112626
914000.043413 2.081971 0.103164 0.068949 0.021542 0.037160 0.086747 0.117285 0.091661 0.115519 0.065278 0.092416 0.060345 0.143028 0.130553 0.128966 0.162900 0.149804 0.143166 0.091170 0.082982 0.128011 0.112840 0.103410 0.114488 0.087086 0.100425 0.090184 0.134301 0.127975 0.112040 0.015296 0.085852 0.115903 0.107638 0.107028
915000.043460 1.697978 0.113641 0.083199 0.036951 0.023232 0.093653 0.121230 0.083199 0.111402 0.058996 0.101060 0.065878 0.148723 0.140214 0.142625 0.165013 0.143800 0.154114 0.107705 0.096110 0.140052 0.114518 0.119257 0.123148 0.092692 0.105207 0.094921 0.134308 0.135431 0.117236 0.013813 0.099311 0.121515 0.116183 0.115664
916000.043508 2.206324 0.102503 0.066796 0.019193 0.039618 0.084030 0.116372 0.094894 0.117499 0.068686 0.088907 0.056233 0.147702 0.134446 0.131985 0.165547 0.151689 0.147169 0.094265 0.087209 0.130635 0.114391 0.106838 0.116011 0.092436 0.103435 0.093587 0.138599 0.132461 0.109779 0.015746 0.085591 0.117330 0.109669 0.107561
917000.043555 1.589637 0.105848 0.072292 0.025069 0.034653 0.088592 0.118893 0.091447 0.116207 0.064965 0.093085 0.060467 0.147422 0.135363 0.134756 0.166385 0.149648 0.149159 0.097525 0.088476 0.133932 0.115067 0.109736 0.118867 0.090900 0.103981 0.093013 0.136885 0.132738 0.113018 0.013365 0.089966 0.118861 0.111582 0.110368
918000.043603 4.952320 0.116610 0.090850 0.046657 0.020170 0.105640 0.121402 0.068974 0.101680 0.038847 0.111978 0.083827 0.136503 0.132949 0.140172 0.157776 0.134784 0.146924 0.108874 0.094848 0.139975 0.113721 0.119449 0.125083 0.084275 0.105615 0.092871 0.121757 0.125189 0.125328 0.023590 0.104371 0.116764 0.112292 0.113902
919000.043650 4.399341 0.117018 0.092717 0.049480 0.012134 0.104476 0.121171 0.069989 0.101743 0.043027 0.110499 0.080643 0.139024 0.135250 0.143975 0.158558 0.135640 0.150783 0.113044 0.099124 0.144429 0.116769 0.123856 0.128660 0.088459 0.107751 0.094151 0.122866 0.128281 0.123282 0.022234 0.106241 0.118178 0.114065 0.115691
920000.043698 1.593037 0.110071 0.080734 0.035514 0.023200 0.095082 0.119933 0.083163 0.110157 0.056738 0.099329 0.066816 0.144472 0.134880 0.137820 0.165108 0.145895 0.150152 0.102640 0.092023 0.138542 0.118104 0.114562 0.123868 0.089738 0.105654 0.092587 0.131682 0.130846 0.117043 0.013380 0.096483 0.118341 0.112266 0.112621
921000.043745 1.991275 0.112792 0.082575 0.036724 0.022880 0.093363 0.119183 0.080377 0.108808 0.056239 0.100980 0.067340 0.147629 0.140020 0.143124 0.162442 0.141070 0.153642 0.108974 0.097594 0.140348 0.113628 0.120056 0.123204 0.093512 0.106474 0.096836 0.133263 0.134367 0.116499 0.014959 0.099070 0.119836 0.115171 0.114009
922000.043793 0.886593 0.110118 0.077574 0.030010 0.029104 0.091488 0.120413 0.087954 0.114386 0.061380 0.096742 0.062619 0.149454 0.139143 0.139573 0.166808 0.147098 0.152873 0.103498 0.093513 0.138022 0.115666 0.115886 0.121804 0.093086 0.105629 0.094293 0.136507 0.135767 0.115570 0.009981 0.095201 0.121075 0.115010 0.113701
923000.043840 0.980633 0.110927 0.079714 0.033106 0.025273 0.092947 0.119977 0.084770 0.111886 0.058422 0.098331 0.064950 0.147881 0.138279 0.139896 0.165631 0.145462 0.152441 0.104953 0.094375 0.138801 0.115690 0.116735 0.122702 0.092452 0.105790 0.094415 0.134651 0.134332 0.116151 0.010497 0.096486 0.120036 0.114364 0.113559
924000.043888 2.037350 0.101337 0.068788 0.027090 0.034216 0.081437 0.113272 0.092521 0.113511 0.069196 0.087151 0.052030 0.148095 0.134915 0.134775 0.165269 0.150419 0.149384 0.099256 0.092505 0.134098 0.116367 0.110583 0.118720 0.096462 0.105199 0.095172 0.137687 0.132756 0.105819 0.015131 0.086719 0.115362 0.109039 0.106972
925000.043935 1.234277 0.108818 0.078527 0.034053 0.024935 0.089942 0.117996 0.084880 0.110740 0.061322 0.095893 0.061090 0.147681 0.137680 0.140290 0.165042 0.146238 0.152688 0.104867 0.095094 0.139519 0.117502 0.116449 0.123700 0.094064 0.106692 0.095268 0.134714 0.133382 0.112945 0.011777 0.095005 0.118562 0.112895 0.112279
926000.043983 1.281700 0.109339 0.078625 0.033660 0.025684 0.090092 0.118329 0.084285 0.110976 0.060300 0.096896 0.062817 0.146897 0.137172 0.139220 0.164076 0.144758 0.151238 0.104451 0.094300 0.137802 0.114818 0.115346 0.121830 0.092966 0.105441 0.094706 0.133991 0.132568 0.113639 0.012001 0.094914 0.118567 0.112555 0.111939
927000.044030 2.588970 0.108534 0.077435 0.031631 0.028425 0.094950 0.117803 0.080922 0.107984 0.052883 0.100635 0.070447 0.140928 0.132231 0.134286 0.161669 0.143324 0.145506 0.099378 0.089355 0.134033 0.114474 0.110823 0.119868 0.087064 0.104232 0.093084 0.129778 0.127081 0.117684 0.017057 0.093622 0.114976 0.109391 0.109253
928000.044078 3.505418 0.103541 0.067907 0.020689 0.041539 0.084714 0.118868 0.096894 0.119807 0.072264 0.088990 0.054665 0.149794 0.135313 0.132481 0.168975 0.156160 0.148768 0.093708 0.087382 0.132559 0.118731 0.105692 0.119153 0.094177 0.105858 0.095352 0.141977 0.132879 0.110761 0.019847 0.085759 0.118724 0.110533 0.109301
929000.044125 9.008666 0.112630 0.090732 0.053159 0.017202 0.094322 0.111691 0.065875 0.093843 0.051490 0.105343 0.073799 0.139951 0.135842 0.144809 0.151857 0.131719 0.149996 0.117537 0.106044 0.142999 0.114430 0.125296 0.126535 0.097357 0.108742 0.100833 0.124670 0.127237 0.112558 0.031817 0.103172 0.112051 0.110773 0.110792
930000.044173 7.172049 0.098660 0.060730 0.020798 0.049795 0.072959 0.113497 0.104115 0.122146 0.083112 0.079214 0.041515 0.154807 0.138088 0.132987 0.168994 0.158486 0.150706 0.095439 0.091795 0.130906 0.116829 0.106076 0.115848 0.102226 0.106660 0.100331 0.148533 0.136183 0.101573 0.028389 0.080311 0.117454 0.109779 0.106462
931000.044220 4.135406 0.099829 0.064708 0.023389 0.044373 0.082415 0.117883 0.102197 0.122356 0.076489 0.084626 0.050927 0.147229 0.130996 0.127235 0.167127 0.158201 0.145084 0.087525 0.082094 0.128059 0.118362 0.100919 0.115915 0.091658 0.101857 0.089800 0.139811 0.131615 0.107753 0.021557 0.082102 0.118183 0.108293 0.107615
932000.044268 0.851554 0.108421 0.078432 0.033068 0.023640 0.092888 0.117590 0.081653 0.108689 0.054721 0.099054 0.067386 0.142237 0.133539 0.136571 0.161678 0.142392 0.147672 0.101880 0.090906 0.135565 0.113181 0.113459 0.120059 0.088100 0.103298 0.091901 0.129362 0.129299 0.115322 0.009782 0.094641 0.116422 0.110610 0.110161
933000.044315 4.370583 0.110925 0.081144 0.039452 0.028679 0.086497 0.116479 0.085910 0.110467 0.066475 0.095530 0.058287 0.152555 0.143552 0.145739 0.163195 0.143531 0.157290 0.112261 0.102216 0.141613 0.114719 0.123374 0.123098 0.100579 0.107437 0.099613 0.137698 0.139087 0.109959 0.022161 0.098201 0.120463 0.116844 0.114400
934000.044363 4.449450 0.101426 0.065446 0.019734 0.041325 0.076709 0.112259 0.094163 0.114829 0.073290 0.086221 0.049326 0.150267 0.137192 0.134255 0.163274 0.148676 0.148882 0.097723 0.090907 0.129755 0.110324 0.108728 0.112929 0.096471 0.102238 0.097403 0.141279 0.133641 0.104486 0.022361 0.084410 0.115535 0.109762 0.106390
935000.044410 3.182289 0.106382 0.073240 0.025089 0.035529 0.091947 0.117149 0.085224 0.111213 0.057459 0.098177 0.068854 0.143268 0.133156 0.133062 0.162719 0.145323 0.145142 0.098540 0.089637 0.132259 0.112792 0.109095 0.117563 0.089793 0.104991 0.095744 0.133886 0.128479 0.116271 0.018910 0.090559 0.115200 0.109183 0.107635
936000.044458 2.359089 0.112481 0.084738 0.040093 0.022474 0.098986 0.121542 0.078715 0.108114 0.052064 0.104818 0.073634 0.139823 0.132786 0.138008 0.161742 0.141300 0.147786 0.103171 0.090231 0.137874 0.114964 0.114917 0.123090 0.084369 0.103305 0.090082 0.126151 0.127363 0.120431 0.016282 0.098966 0.118190 0.111721 0.113407
937000.044505 8.928076 0.098033 0.061194 0.023937 0.051464 0.071325 0.111786 0.104990 0.121531 0.084791 0.077084 0.039517 0.156464 0.139739 0.134474 0.168531 0.157258 0.152449 0.098253 0.094434 0.131751 0.116250 0.109165 0.115462 0.104638 0.106905 0.101321 0.149282 0.138317 0.099431 0.031674 0.081325 0.117581 0.110925 0.106545
938000.044553 1.867541 0.105302 0.073505 0.030000 0.031798 0.083894 0.116711 0.091613 0.114692 0.069006 0.090615 0.053690 0.149112 0.136626 0.136510 0.165992 0.149368 0.150861 0.100605 0.092036 0.134947 0.115088 0.111928 0.118953 0.094699 0.103450 0.093607 0.137535 0.133978 0.108711 0.014487 0.090392 0.118392 0.111693 0.110566
939000.044600 0.762284 0.110318 0.079808 0.034226 0.026947 0.096029 0.121963 0.086864 0.113956 0.057554 0.099441 0.067762 0.144607 0.134942 0.137130 0.165955 0.146836 0.149827 0.100718 0.089545 0.137182 0.116626 0.114104 0.122311 0.087713 0.103975 0.089595 0.131127 0.132478 0.118154 0.009255 0.096345 0.120629 0.113630 0.113659
940000.044648 3.012096 0.115639 0.089575 0.045203 0.014122 0.102473 0.121375 0.073397 0.104144 0.045926 0.107825 0.076980 0.140579 0.135438 0.142394 0.160492 0.138149 0.150858 0.109797 0.096491 0.142826 0.116955 0.121390 0.127222 0.087889 0.106685 0.092793 0.125100 0.129217 0.122170 0.018398 0.103916 0.118556 0.114070 0.115373
