#! FIELDS time restraint.bias r0 r1 r2 r3 r4 r5 r6 r7 r8 r9 r10 r11 r12 r13 r14 r15 r16 r17 r18 r19 r20 r21 r22 r23 r24 r25 r26 r27 r28
 2680000.127293 0.720337 0.125561 0.108906 0.111302 0.129956 0.097592 0.111456 0.144542 0.132696 0.138855 0.123170 0.115320 0.130381 0.130668 0.104092 0.099990 0.116103 0.107469 0.088349 0.074632 0.048507 0.048887 0.105599 0.013852 0.086169 0.051107 0.088965 0.125448 0.141751 0.114154
 2681000.127341 2.939059 0.123823 0.106028 0.107064 0.128427 0.105299 0.124041 0.152119 0.145962 0.137449 0.121824 0.114325 0.121794 0.116402 0.085251 0.102006 0.121763 0.096713 0.061478 0.050519 0.035903 0.068584 0.085984 0.027981 0.075519 0.044745 0.073858 0.119601 0.134587 0.121439
 2682000.127388 1.135924 0.128840 0.110126 0.109760 0.130091 0.103472 0.122154 0.151722 0.144330 0.139075 0.124370 0.115626 0.130058 0.127594 0.097894 0.104674 0.121817 0.105971 0.077071 0.062332 0.043356 0.056652 0.099964 0.017395 0.079281 0.043324 0.078648 0.124592 0.143293 0.120747
 2683000.127436 1.938499 0.122637 0.108346 0.113549 0.135118 0.104279 0.116410 0.152821 0.139155 0.142684 0.124402 0.119366 0.121302 0.117953 0.086591 0.093714 0.118524 0.093781 0.071672 0.064777 0.031527 0.068194 0.089040 0.022724 0.086326 0.055764 0.086886 0.122467 0.133876 0.117829
 2684000.127483 0.764710 0.131430 0.113724 0.114082 0.133690 0.105657 0.117913 0.147370 0.137346 0.139080 0.130387 0.123254 0.129598 0.131981 0.105491 0.098663 0.114579 0.106836 0.090201 0.074852 0.048627 0.045932 0.107818 0.014273 0.084015 0.052954 0.090991 0.124908 0.142922 0.122848
 2685000.127531 2.513486 0.140505 0.118732 0.109013 0.124422 0.115055 0.131693 0.144327 0.147384 0.127764 0.137720 0.124326 0.130012 0.135528 0.112321 0.109138 0.112973 0.114100 0.088785 0.064866 0.061392 0.035938 0.111984 0.025876 0.065783 0.037189 0.074883 0.117492 0.146516 0.134561
 2686000.127578 1.067330 0.121086 0.107469 0.114500 0.135738 0.100417 0.111809 0.150520 0.135002 0.144106 0.122022 0.118416 0.122449 0.119427 0.089128 0.092527 0.117632 0.095184 0.075768 0.067912 0.030782 0.064437 0.091935 0.016862 0.088145 0.055935 0.089345 0.123714 0.134346 0.113785
 2687000.127626 1.548149 0.124157 0.111194 0.118076 0.137679 0.101804 0.112388 0.149608 0.133807 0.145656 0.125654 0.121091 0.123027 0.121650 0.092417 0.090804 0.115875 0.095819 0.081784 0.074123 0.033328 0.063705 0.096225 0.020308 0.091613 0.058078 0.092828 0.123771 0.135199 0.115358
 2688000.127673 0.359823 0.129512 0.110933 0.110178 0.129815 0.104117 0.120024 0.148781 0.140948 0.136989 0.127004 0.118012 0.128813 0.128886 0.100887 0.101672 0.117379 0.105832 0.081632 0.066056 0.045293 0.049930 0.102596 0.009790 0.078981 0.044834 0.081671 0.122847 0.142619 0.121367
 2689000.127721 2.126197 0.118758 0.107267 0.117514 0.137990 0.094947 0.107161 0.149189 0.131357 0.148447 0.117991 0.115589 0.124117 0.119808 0.089188 0.091687 0.119116 0.095515 0.080335 0.075650 0.031101 0.069494 0.094710 0.023799 0.096715 0.060994 0.094244 0.126184 0.134514 0.107291
 2690000.127768 2.600311 0.122487 0.107006 0.110511 0.132748 0.107713 0.119070 0.151637 0.141290 0.137923 0.124632 0.121378 0.117078 0.113747 0.082795 0.092307 0.116989 0.090176 0.067013 0.058479 0.030037 0.068082 0.085666 0.026319 0.080098 0.055250 0.083791 0.118586 0.130407 0.121218
 2691000.127816 1.697860 0.120414 0.107319 0.116379 0.138490 0.099350 0.111352 0.151934 0.135199 0.147666 0.120973 0.118250 0.122951 0.118836 0.087257 0.091998 0.119082 0.094113 0.075512 0.070594 0.027485 0.069439 0.091005 0.021267 0.092843 0.059780 0.092874 0.125909 0.134056 0.112791
 2692000.127863 1.896339 0.133972 0.113083 0.106258 0.122345 0.109630 0.128276 0.145431 0.145706 0.129482 0.131323 0.117715 0.127623 0.129101 0.103925 0.108298 0.116787 0.109043 0.078412 0.057153 0.053373 0.047128 0.102444 0.022476 0.066215 0.033099 0.070398 0.117393 0.142603 0.128707
 2693000.127911 2.403894 0.131057 0.111958 0.107853 0.124802 0.112473 0.128152 0.147356 0.146048 0.130464 0.130742 0.120789 0.120501 0.121014 0.095100 0.102104 0.114919 0.100826 0.069684 0.049661 0.046172 0.054294 0.093365 0.025305 0.063864 0.037378 0.069857 0.113938 0.135950 0.129264
 2694000.127958 1.190869 0.132302 0.114566 0.114336 0.134521 0.109333 0.119957 0.150441 0.140251 0.138318 0.132581 0.125722 0.129351 0.131117 0.103433 0.098852 0.116971 0.105516 0.087883 0.073183 0.047368 0.050585 0.105545 0.017811 0.083026 0.054676 0.090466 0.125590 0.142835 0.125495
 2695000.128006 1.008466 0.126059 0.110246 0.113886 0.133270 0.098608 0.110196 0.145225 0.131186 0.141378 0.125278 0.118756 0.131769 0.132561 0.106535 0.099491 0.117038 0.108389 0.092581 0.079109 0.050053 0.048868 0.107682 0.016390 0.089440 0.056183 0.094344 0.128256 0.141915 0.115078
 2696000.128053 0.729362 0.132764 0.112441 0.108474 0.127077 0.105232 0.123538 0.147355 0.143197 0.134804 0.128808 0.117221 0.131729 0.132882 0.106207 0.106832 0.117576 0.111044 0.084308 0.065673 0.052009 0.044770 0.106788 0.013939 0.075593 0.040109 0.079129 0.123057 0.145839 0.124247
 2697000.128101 1.416380 0.134318 0.113771 0.108721 0.124889 0.106416 0.124880 0.144855 0.142451 0.132797 0.130786 0.117432 0.130362 0.132877 0.108013 0.107050 0.114903 0.111533 0.085480 0.065966 0.054670 0.042464 0.107697 0.019424 0.073470 0.037397 0.077404 0.120209 0.145275 0.125864
 2698000.128148 4.100408 0.117221 0.107821 0.120123 0.142749 0.102882 0.110792 0.153945 0.134762 0.150231 0.120271 0.122241 0.114577 0.108885 0.074757 0.083450 0.115803 0.082820 0.070015 0.070608 0.013916 0.080379 0.083233 0.033050 0.096505 0.066865 0.094876 0.121059 0.127514 0.112391
 2699000.128196 0.800569 0.126591 0.108865 0.111115 0.133059 0.103140 0.118780 0.152419 0.141677 0.141380 0.125166 0.117541 0.128732 0.126085 0.095564 0.101053 0.121532 0.102871 0.076794 0.065446 0.039066 0.060058 0.096298 0.014603 0.083856 0.050722 0.086010 0.126971 0.140466 0.119829
 2700000.128243 0.794817 0.128676 0.108269 0.104917 0.124808 0.103153 0.122415 0.147339 0.143324 0.133212 0.124556 0.113855 0.129616 0.128503 0.100951 0.106869 0.119696 0.108164 0.077239 0.059095 0.048641 0.049941 0.100747 0.014551 0.073078 0.038724 0.075345 0.122260 0.142693 0.121778
 2701000.128291 2.586569 0.134061 0.112987 0.105527 0.122098 0.111846 0.131518 0.145531 0.148004 0.128576 0.131157 0.118157 0.124619 0.125687 0.100510 0.107418 0.116070 0.106483 0.073377 0.051185 0.052172 0.049893 0.099222 0.026249 0.062447 0.030685 0.066133 0.114833 0.139845 0.130736
 2702000.128338 6.213673 0.114344 0.108516 0.124976 0.147022 0.102569 0.105716 0.150366 0.128761 0.153474 0.119974 0.125341 0.109750 0.104576 0.070943 0.075679 0.111057 0.076606 0.074487 0.078931 0.011701 0.086371 0.082432 0.040684 0.104453 0.076136 0.103755 0.119662 0.122412 0.109568
 2703000.128386 3.036251 0.119904 0.106380 0.113822 0.136811 0.105792 0.117552 0.155489 0.141218 0.144253 0.122074 0.120435 0.116781 0.111232 0.078063 0.091208 0.118898 0.087760 0.062839 0.058587 0.021936 0.074755 0.081134 0.028439 0.085110 0.057838 0.085516 0.120663 0.129731 0.118263
 2704000.128433 1.110722 0.122246 0.107106 0.112507 0.133394 0.101349 0.114422 0.150215 0.137029 0.141700 0.122647 0.117668 0.122176 0.119228 0.089214 0.094152 0.117757 0.095504 0.073502 0.064741 0.031346 0.063346 0.091041 0.017201 0.084780 0.052925 0.086375 0.122479 0.134226 0.116048
 2705000.128481 0.750400 0.131191 0.111630 0.108171 0.125541 0.105423 0.121479 0.144002 0.139559 0.132313 0.128682 0.118051 0.126866 0.129281 0.104029 0.102498 0.112737 0.107272 0.083363 0.064361 0.050721 0.042418 0.104454 0.014138 0.072912 0.040060 0.078688 0.118714 0.141550 0.123836
 2706000.128528 5.136683 0.144215 0.121257 0.107830 0.119649 0.114221 0.133580 0.140338 0.146934 0.125097 0.137600 0.121418 0.133856 0.142387 0.122744 0.116221 0.109426 0.123752 0.098119 0.070314 0.074879 0.025076 0.122354 0.036991 0.064004 0.033667 0.072204 0.115955 0.152135 0.135016
 2707000.128576 2.217140 0.131882 0.112073 0.107163 0.121712 0.101516 0.122094 0.143841 0.140630 0.133051 0.125794 0.111473 0.132848 0.134223 0.109819 0.110785 0.116542 0.115205 0.086671 0.066252 0.059219 0.044063 0.109580 0.024302 0.074095 0.033869 0.073552 0.120549 0.147467 0.120497
 2708000.128623 1.238128 0.131381 0.112072 0.107900 0.124489 0.106398 0.124992 0.146696 0.143615 0.132858 0.127934 0.116232 0.126523 0.127227 0.101172 0.105232 0.115950 0.106861 0.077449 0.057461 0.049569 0.048157 0.101387 0.018161 0.069153 0.032948 0.070721 0.117258 0.141838 0.124391
 2709000.128671 4.806152 0.141336 0.119422 0.105332 0.115836 0.115471 0.136156 0.139218 0.147442 0.122173 0.137026 0.119143 0.127226 0.133030 0.112951 0.114269 0.111290 0.115954 0.085936 0.057668 0.068178 0.038379 0.111793 0.035781 0.055233 0.019994 0.059909 0.110016 0.144707 0.135649
 2710000.128718 1.538497 0.123253 0.107256 0.110004 0.130298 0.101963 0.119012 0.151971 0.141933 0.139913 0.121226 0.114474 0.123508 0.118959 0.088140 0.099618 0.121131 0.097671 0.068775 0.057731 0.034356 0.064760 0.090717 0.020244 0.079748 0.045303 0.076969 0.120857 0.136585 0.116931
 2711000.128766 6.246668 0.114934 0.099551 0.105671 0.129734 0.104990 0.120879 0.154520 0.145353 0.138433 0.116557 0.113888 0.114233 0.104620 0.070909 0.097986 0.123996 0.086236 0.047429 0.046594 0.029156 0.083176 0.070428 0.040792 0.079837 0.057542 0.077822 0.118345 0.125314 0.118206
 2712000.128813 6.752356 0.127158 0.107641 0.101902 0.118527 0.112290 0.133492 0.148017 0.151124 0.127468 0.125098 0.113625 0.119856 0.114833 0.088717 0.111184 0.124163 0.100834 0.055175 0.033801 0.050775 0.070203 0.085276 0.042411 0.058516 0.034322 0.055100 0.112312 0.133692 0.128948
 2713000.128861 5.463383 0.114066 0.103319 0.114445 0.137439 0.105535 0.111618 0.151694 0.134540 0.143269 0.120153 0.122257 0.107933 0.102414 0.069635 0.082074 0.113219 0.077546 0.061378 0.062908 0.017173 0.081529 0.072946 0.038149 0.089708 0.067949 0.092945 0.117080 0.119787 0.115707
 2714000.128908 2.183286 0.121346 0.107879 0.114466 0.136167 0.104353 0.116259 0.153361 0.139460 0.143623 0.122830 0.119858 0.118375 0.114232 0.082321 0.090788 0.117344 0.090098 0.068426 0.062387 0.025241 0.069976 0.086293 0.024116 0.085828 0.055839 0.085671 0.120278 0.131741 0.116758
 2715000.128956 1.247615 0.123440 0.107785 0.112586 0.135404 0.104366 0.117349 0.153925 0.140773 0.142938 0.124015 0.119536 0.123514 0.119852 0.088146 0.096020 0.120196 0.096127 0.071469 0.062794 0.031171 0.065914 0.090103 0.018230 0.084554 0.054242 0.086558 0.124545 0.135902 0.118901
 2716000.129003 5.469627 0.116999 0.104535 0.113159 0.135982 0.103076 0.118664 0.157148 0.143634 0.146096 0.117787 0.115379 0.116804 0.107659 0.072684 0.095325 0.123369 0.086811 0.057025 0.057726 0.023324 0.083858 0.076795 0.038171 0.088576 0.059019 0.082958 0.120568 0.128929 0.115015
 2717000.129051 0.417038 0.123962 0.107340 0.111522 0.132979 0.098052 0.113411 0.150624 0.137342 0.142655 0.121449 0.114762 0.130508 0.127774 0.098006 0.100795 0.121476 0.104798 0.080812 0.069620 0.040948 0.057783 0.099473 0.010540 0.087048 0.051679 0.087613 0.128198 0.141445 0.114135
 2718000.129098 1.544972 0.122858 0.108399 0.113491 0.135287 0.105556 0.114718 0.150846 0.137045 0.140424 0.124840 0.122578 0.119649 0.117612 0.087467 0.090384 0.115732 0.092528 0.074868 0.065761 0.031217 0.063488 0.091410 0.020287 0.084338 0.057251 0.088670 0.121039 0.132802 0.118515
 2719000.129146 5.197460 0.140375 0.117230 0.104803 0.116801 0.106239 0.128306 0.136966 0.141536 0.125990 0.132711 0.114421 0.137023 0.144443 0.124905 0.116988 0.109883 0.126010 0.100940 0.075609 0.076263 0.025118 0.123373 0.037209 0.071577 0.036639 0.077061 0.119316 0.153179 0.128685
 2720000.129193 2.409119 0.137189 0.117068 0.109019 0.121741 0.108269 0.126772 0.141096 0.141289 0.129436 0.133382 0.117989 0.129160 0.134125 0.111682 0.107567 0.110388 0.113405 0.089970 0.067789 0.060961 0.036298 0.112105 0.025333 0.070000 0.032505 0.073522 0.115477 0.145600 0.127810
 2721000.129241 1.942453 0.131809 0.111517 0.106967 0.124700 0.108978 0.128611 0.149044 0.147630 0.133008 0.128763 0.116564 0.126614 0.125676 0.098385 0.107640 0.119496 0.106140 0.071776 0.052375 0.047977 0.054633 0.097286 0.022747 0.067693 0.033406 0.068994 0.118575 0.141348 0.127260
 2722000.129288 1.383359 0.136299 0.115559 0.108894 0.125413 0.109838 0.126141 0.145327 0.143907 0.130777 0.133322 0.121097 0.130743 0.134527 0.109903 0.107106 0.114380 0.112547 0.087709 0.066154 0.056984 0.038127 0.109815 0.019196 0.070601 0.038909 0.077559 0.119971 0.146112 0.128834
 2723000.129336 0.495003 0.126302 0.110791 0.114016 0.133719 0.103397 0.114667 0.148119 0.135506 0.140389 0.125850 0.121043 0.124976 0.125176 0.097453 0.094922 0.114554 0.100850 0.082706 0.069016 0.040701 0.052529 0.100304 0.011483 0.082767 0.051524 0.087365 0.122289 0.138426 0.118292
 2724000.129383 1.189572 0.127519 0.109627 0.109165 0.128781 0.107690 0.121698 0.149047 0.141947 0.135084 0.127965 0.119725 0.122672 0.122018 0.093734 0.098918 0.116449 0.099573 0.072801 0.058104 0.040780 0.056620 0.093247 0.017801 0.074359 0.045676 0.079346 0.119460 0.136338 0.123926
 2725000.129431 13.435983 0.125926 0.104851 0.095148 0.109032 0.114824 0.139300 0.144676 0.153619 0.120419 0.121873 0.107637 0.121375 0.114062 0.091861 0.123562 0.130542 0.107721 0.048740 0.020276 0.067202 0.080932 0.084347 0.059826 0.050390 0.037581 0.040554 0.110745 0.133421 0.131859
 2726000.129478 3.651380 0.140051 0.117905 0.106213 0.119145 0.115886 0.134558 0.141895 0.148596 0.123875 0.136093 0.121269 0.126735 0.131784 0.110023 0.111335 0.112135 0.113431 0.082917 0.055651 0.063189 0.038629 0.108622 0.031188 0.056359 0.026439 0.063974 0.112209 0.143847 0.135233
 2727000.129526 1.451015 0.135279 0.115478 0.110364 0.125738 0.107708 0.124669 0.144928 0.141836 0.132917 0.132283 0.119398 0.129873 0.133146 0.108479 0.105730 0.113707 0.111099 0.087408 0.067593 0.055142 0.041344 0.108930 0.019660 0.073605 0.038240 0.077967 0.119325 0.145282 0.126598
 2728000.129573 0.990947 0.131514 0.112165 0.108836 0.126348 0.106677 0.124457 0.148373 0.143987 0.134439 0.128727 0.117440 0.128103 0.128303 0.101402 0.105430 0.117969 0.107177 0.078338 0.059573 0.048067 0.049614 0.101289 0.016247 0.071800 0.036682 0.074210 0.120080 0.142698 0.124643
 2729000.129621 2.411791 0.136934 0.116574 0.108464 0.121634 0.111795 0.129231 0.142382 0.143752 0.127988 0.134400 0.120357 0.125491 0.130095 0.107631 0.106738 0.110756 0.109952 0.083876 0.060244 0.058006 0.039502 0.107186 0.025347 0.063496 0.030278 0.069739 0.112921 0.142521 0.130810
 2730000.129668 1.217856 0.132663 0.112810 0.107095 0.123255 0.107447 0.124818 0.144484 0.142491 0.130343 0.130074 0.117599 0.127254 0.129354 0.104317 0.105729 0.114552 0.108502 0.081350 0.060589 0.052839 0.043748 0.104087 0.018012 0.068621 0.034611 0.072981 0.117294 0.142353 0.125951
 2731000.129716 0.918664 0.130696 0.110817 0.106647 0.124236 0.102203 0.120998 0.144510 0.140311 0.132905 0.126534 0.113919 0.131416 0.132664 0.106974 0.107274 0.116211 0.111789 0.085408 0.066644 0.054561 0.043246 0.107474 0.015643 0.075681 0.038629 0.077583 0.121536 0.145425 0.120976
 2732000.129763 0.753342 0.124562 0.107833 0.111766 0.132430 0.095590 0.113039 0.148185 0.135978 0.143006 0.121038 0.112926 0.131453 0.129031 0.100080 0.101157 0.120654 0.106026 0.084468 0.073843 0.043096 0.057206 0.102520 0.014166 0.090312 0.052280 0.089647 0.128312 0.141992 0.112689
 2733000.129811 1.359197 0.131520 0.110330 0.104633 0.121209 0.101982 0.121308 0.141598 0.139345 0.129922 0.126495 0.113293 0.131621 0.134198 0.110351 0.108540 0.114181 0.114069 0.087539 0.066570 0.058602 0.036845 0.109454 0.019028 0.072467 0.036889 0.076705 0.120452 0.145450 0.122134
 2734000.129858 1.047731 0.131962 0.111971 0.107460 0.125947 0.107716 0.126159 0.148647 0.145698 0.133453 0.129435 0.117779 0.128271 0.128285 0.101119 0.106140 0.119128 0.107116 0.076985 0.057759 0.048219 0.050100 0.100231 0.016706 0.070437 0.036827 0.073724 0.120580 0.142218 0.126294
 2735000.129906 6.475479 0.126005 0.105188 0.097786 0.113762 0.110578 0.132138 0.143888 0.148519 0.123031 0.123800 0.110660 0.119534 0.115227 0.090410 0.112440 0.122594 0.102279 0.054954 0.030853 0.053809 0.067345 0.085022 0.041533 0.054309 0.031430 0.053224 0.111262 0.132596 0.128371
 2736000.129953 0.300840 0.129645 0.111327 0.110560 0.130132 0.103537 0.119063 0.147852 0.139564 0.137571 0.127688 0.118522 0.129790 0.130529 0.103471 0.102363 0.117076 0.107413 0.084566 0.068380 0.047675 0.047466 0.104487 0.008952 0.079907 0.045925 0.084055 0.123818 0.143093 0.121172
 2737000.130001 8.166289 0.123878 0.106520 0.104013 0.120157 0.107118 0.130762 0.151781 0.150940 0.133534 0.119650 0.107431 0.123408 0.115215 0.087181 0.114647 0.128693 0.103175 0.054243 0.039613 0.052747 0.078100 0.085019 0.046641 0.068362 0.037426 0.055091 0.115872 0.136720 0.122179
 2738000.130048 2.703642 0.131130 0.110327 0.105210 0.122726 0.109878 0.129266 0.147929 0.148012 0.130695 0.128399 0.116180 0.125591 0.124184 0.097260 0.108479 0.120064 0.105522 0.069144 0.049532 0.048591 0.056615 0.095078 0.026837 0.065506 0.034399 0.067819 0.117793 0.139904 0.128081
 2739000.130096 1.473592 0.124178 0.106487 0.107977 0.128044 0.102496 0.120472 0.150792 0.142902 0.137854 0.121412 0.113650 0.124432 0.120620 0.090989 0.102250 0.120630 0.100484 0.067968 0.054467 0.038350 0.061464 0.091348 0.019813 0.075791 0.042095 0.074777 0.120756 0.137612 0.118641
 2740000.130143 4.577846 0.116476 0.106228 0.117044 0.140502 0.105102 0.112299 0.153961 0.135887 0.146650 0.122162 0.123346 0.111341 0.105971 0.072475 0.082931 0.115551 0.079663 0.066772 0.067684 0.013573 0.081126 0.078421 0.034921 0.093409 0.067880 0.094805 0.119397 0.123663 0.115389
 2741000.130191 3.059749 0.117627 0.105634 0.115444 0.136686 0.099703 0.112211 0.151626 0.135979 0.145970 0.117996 0.116892 0.117415 0.111625 0.079364 0.090022 0.117695 0.088375 0.068308 0.065212 0.022248 0.074440 0.085060 0.028549 0.090253 0.058608 0.087991 0.120622 0.129752 0.111660
 2742000.130238 1.759633 0.118361 0.105680 0.113681 0.135095 0.100066 0.112096 0.151644 0.136170 0.144163 0.118492 0.116701 0.119592 0.114511 0.082724 0.092305 0.118282 0.091786 0.069231 0.062495 0.026656 0.069242 0.087224 0.021650 0.086272 0.054742 0.085115 0.121247 0.132230 0.112069
 2743000.130286 0.587522 0.123142 0.107627 0.112036 0.132523 0.099887 0.113719 0.149041 0.136193 0.141170 0.122602 0.116691 0.124978 0.122592 0.093283 0.096633 0.118360 0.099132 0.077907 0.067420 0.035835 0.059422 0.095882 0.012510 0.085129 0.051116 0.086292 0.123568 0.137076 0.115107
 2744000.130333 0.651117 0.126847 0.107925 0.108125 0.127794 0.099999 0.117987 0.147342 0.139403 0.137480 0.123241 0.113555 0.129397 0.128129 0.100262 0.103285 0.118631 0.106630 0.079263 0.064270 0.045423 0.051993 0.099705 0.013170 0.079495 0.044030 0.081763 0.124380 0.141247 0.118105
 2745000.130381 6.078244 0.113885 0.107010 0.121726 0.143756 0.103262 0.108723 0.152870 0.132647 0.150859 0.119144 0.123037 0.108991 0.102435 0.067707 0.079105 0.113175 0.076087 0.067781 0.072384 0.008339 0.086655 0.078400 0.040239 0.099468 0.071746 0.097310 0.117590 0.122345 0.110562
 2746000.130428 3.172174 0.121841 0.107199 0.112239 0.133526 0.103246 0.120737 0.155882 0.144658 0.143940 0.120432 0.115015 0.121915 0.115085 0.082303 0.099490 0.123609 0.094439 0.063051 0.056210 0.030239 0.073989 0.085428 0.029069 0.083081 0.049777 0.077838 0.121476 0.135013 0.116986
 2747000.130475 0.646870 0.125610 0.109150 0.112036 0.132156 0.100378 0.115098 0.149916 0.137688 0.141077 0.123113 0.116832 0.128999 0.127026 0.098165 0.100146 0.120068 0.104127 0.081390 0.068092 0.041408 0.055345 0.100068 0.013127 0.083712 0.049219 0.085408 0.125905 0.140735 0.116336
 2748000.130523 1.031865 0.129450 0.109979 0.106766 0.124776 0.105881 0.122585 0.146357 0.142293 0.131983 0.126456 0.116850 0.126028 0.126293 0.099893 0.103577 0.116103 0.105610 0.076859 0.057388 0.047749 0.047873 0.099605 0.016579 0.069600 0.037664 0.073899 0.118591 0.140329 0.123369
 2749000.130570 0.347254 0.125224 0.109268 0.113421 0.135791 0.101722 0.113958 0.151005 0.136866 0.142996 0.124541 0.119929 0.128584 0.127074 0.097469 0.097373 0.119443 0.102499 0.082828 0.071325 0.039919 0.056830 0.100300 0.009618 0.087299 0.055435 0.091081 0.127648 0.140176 0.117146
 2750000.130618 0.505601 0.127213 0.109371 0.109607 0.128654 0.098528 0.115587 0.146287 0.136846 0.138142 0.123444 0.114012 0.131233 0.130587 0.103121 0.102750 0.118316 0.108221 0.085431 0.070426 0.047814 0.049360 0.104518 0.011605 0.083061 0.046026 0.084497 0.125394 0.142796 0.116192
 2751000.130665 6.491615 0.143179 0.120698 0.105857 0.114610 0.115250 0.137752 0.139085 0.147877 0.122973 0.136348 0.117326 0.129421 0.135498 0.116672 0.117842 0.111146 0.120104 0.089076 0.060139 0.073336 0.039215 0.116420 0.041584 0.056281 0.017335 0.058247 0.110246 0.148116 0.135684
 2752000.130713 12.515648 0.135347 0.114289 0.098918 0.104975 0.118720 0.141816 0.137109 0.149905 0.114701 0.130142 0.112326 0.120754 0.120675 0.103928 0.122431 0.119792 0.113201 0.067804 0.034360 0.074654 0.065525 0.099366 0.057740 0.039360 0.020931 0.032871 0.102781 0.136548 0.136334
 2753000.130760 1.396860 0.127738 0.108372 0.105242 0.124060 0.106259 0.124290 0.147624 0.144262 0.132057 0.125625 0.115145 0.124340 0.123072 0.095708 0.104647 0.118007 0.103388 0.070348 0.051951 0.045658 0.054180 0.094602 0.019290 0.068363 0.036440 0.070444 0.117629 0.138471 0.123649
 2754000.130808 0.434502 0.126758 0.107990 0.107849 0.127587 0.097198 0.116228 0.146642 0.138075 0.137941 0.122170 0.111711 0.132929 0.131812 0.104295 0.105798 0.119847 0.110339 0.084760 0.069538 0.049608 0.049289 0.105276 0.010758 0.082761 0.044607 0.083039 0.126239 0.144631 0.115632
 2755000.130855 2.020265 0.133905 0.112709 0.106004 0.123423 0.104628 0.122078 0.142472 0.140503 0.130057 0.128716 0.116875 0.134424 0.137920 0.114113 0.109929 0.114615 0.117195 0.092789 0.070968 0.062704 0.033765 0.113970 0.023198 0.074303 0.042544 0.081097 0.123014 0.148209 0.124126
 2756000.130903 6.319613 0.134770 0.113756 0.102907 0.114654 0.112052 0.135737 0.144137 0.149859 0.125466 0.129593 0.111985 0.127290 0.126097 0.102830 0.118008 0.121787 0.112326 0.071521 0.046402 0.062620 0.059475 0.100946 0.041030 0.057515 0.019392 0.051276 0.112733 0.142796 0.130814
 2757000.130950 0.629751 0.130163 0.110689 0.107842 0.126616 0.103290 0.121873 0.148364 0.142789 0.135238 0.126329 0.115319 0.130906 0.130451 0.103058 0.105992 0.119764 0.109034 0.080853 0.062856 0.048894 0.048238 0.102942 0.012952 0.075251 0.039150 0.076876 0.123239 0.143910 0.121546
 2758000.130998 1.069770 0.126147 0.107902 0.107486 0.127716 0.102502 0.121719 0.150575 0.143554 0.137738 0.123257 0.113561 0.127297 0.124126 0.094981 0.104919 0.121736 0.103895 0.071935 0.056654 0.042234 0.058285 0.094835 0.016881 0.075747 0.040204 0.075125 0.122432 0.140020 0.119771
 2759000.131045 4.212943 0.136262 0.113539 0.105254 0.119878 0.101004 0.121456 0.137198 0.136990 0.129464 0.129501 0.112997 0.139304 0.145353 0.124432 0.114531 0.111354 0.125311 0.102903 0.081476 0.073397 0.028199 0.122824 0.033500 0.080729 0.046144 0.086712 0.124726 0.152963 0.123489
 2760000.131093 0.634068 0.131294 0.112405 0.110487 0.128793 0.105268 0.120618 0.146491 0.139865 0.135525 0.128905 0.119453 0.128541 0.130121 0.103738 0.101475 0.114972 0.106979 0.084760 0.067475 0.048271 0.045023 0.104744 0.012996 0.077309 0.044121 0.082431 0.121793 0.142316 0.123214
 2761000.131140 2.390706 0.136360 0.116384 0.110609 0.125649 0.107567 0.122402 0.142463 0.138804 0.131731 0.133929 0.120869 0.133030 0.138463 0.115500 0.107505 0.111609 0.116091 0.096028 0.075696 0.063159 0.035246 0.115421 0.025236 0.077052 0.045147 0.084406 0.121398 0.148037 0.126922
 2762000.131188 2.697525 0.126739 0.107234 0.103763 0.123472 0.109156 0.126782 0.148570 0.146698 0.130649 0.126357 0.116262 0.121972 0.118961 0.090627 0.104844 0.120881 0.099904 0.063685 0.046585 0.043243 0.061897 0.088149 0.026806 0.066730 0.040011 0.069787 0.117568 0.135084 0.126212
 2763000.131235 0.548084 0.126302 0.109672 0.112151 0.133463 0.104774 0.117259 0.150794 0.139348 0.139596 0.125806 0.120625 0.124959 0.123809 0.094232 0.095993 0.117345 0.099493 0.078027 0.065618 0.037609 0.056892 0.097047 0.012083 0.081976 0.051561 0.085770 0.123092 0.138207 0.119934
 2764000.131283 3.356191 0.115188 0.104652 0.115843 0.138707 0.101244 0.110217 0.152541 0.134445 0.146592 0.118697 0.119598 0.114026 0.107982 0.074694 0.085934 0.116839 0.083421 0.066479 0.065661 0.016037 0.077880 0.080378 0.029900 0.091865 0.063555 0.091516 0.120335 0.125942 0.111837
 2765000.131330 4.769833 0.117307 0.103254 0.110145 0.133787 0.106967 0.118019 0.152353 0.140478 0.139597 0.121327 0.120149 0.110792 0.104990 0.072090 0.088321 0.116033 0.081722 0.057729 0.055981 0.022176 0.078228 0.074188 0.035645 0.083295 0.061178 0.086078 0.116618 0.122809 0.119795
 2766000.131378 1.857440 0.125830 0.107535 0.106112 0.126058 0.107549 0.123538 0.150112 0.144782 0.133318 0.125285 0.116915 0.122323 0.119401 0.090198 0.102311 0.120169 0.099192 0.066295 0.050399 0.040649 0.061196 0.089574 0.022244 0.070173 0.041930 0.072384 0.118480 0.135943 0.123502
 2767000.131425 4.237028 0.116179 0.101286 0.106561 0.129471 0.105273 0.118250 0.151744 0.141327 0.136633 0.119349 0.116453 0.112522 0.105957 0.073871 0.092777 0.118940 0.085007 0.053975 0.049757 0.026404 0.076354 0.073573 0.033596 0.078393 0.055939 0.079659 0.116547 0.124271 0.118535
 2768000.131473 1.059980 0.128131 0.109707 0.109173 0.128501 0.105581 0.122421 0.149005 0.142647 0.136465 0.126925 0.117405 0.124489 0.123239 0.094900 0.100868 0.117631 0.101218 0.073164 0.058674 0.040395 0.056440 0.094742 0.016804 0.075500 0.042648 0.078247 0.120231 0.137968 0.122900
 2769000.131520 2.777767 0.125103 0.107965 0.108536 0.127918 0.108219 0.123933 0.150260 0.144346 0.134934 0.124972 0.118351 0.117991 0.114794 0.085581 0.097788 0.117809 0.093793 0.063448 0.050488 0.034841 0.064856 0.086389 0.027202 0.071960 0.044247 0.073270 0.115590 0.132113 0.123589
 2770000.131568 1.244050 0.132183 0.111842 0.107059 0.123846 0.101798 0.120358 0.143364 0.139238 0.132702 0.127294 0.114371 0.133924 0.136466 0.111915 0.108956 0.115352 0.115516 0.090488 0.070395 0.059092 0.037645 0.111776 0.018204 0.076321 0.039808 0.079941 0.122803 0.147726 0.121342
 2771000.131615 0.571535 0.123141 0.106145 0.108420 0.128337 0.097612 0.115008 0.147702 0.137381 0.138830 0.119640 0.111980 0.127268 0.124550 0.095941 0.101441 0.119023 0.103616 0.076573 0.062741 0.041925 0.055745 0.097030 0.012339 0.080415 0.044351 0.080279 0.123164 0.139192 0.114160
 2772000.131663 3.052667 0.136756 0.115123 0.104617 0.117390 0.109612 0.129788 0.140238 0.144007 0.125088 0.132097 0.116146 0.128230 0.132684 0.111101 0.111694 0.111961 0.114554 0.085311 0.059675 0.063432 0.036692 0.110166 0.028516 0.061199 0.024893 0.065490 0.113327 0.145001 0.129575
 2773000.131710 1.972710 0.124265 0.108204 0.112363 0.133457 0.105242 0.118357 0.153270 0.141440 0.141282 0.124448 0.118900 0.123519 0.120062 0.089109 0.097523 0.119961 0.097276 0.070557 0.061464 0.034530 0.066279 0.089972 0.022924 0.082773 0.052831 0.084384 0.123393 0.136359 0.119602
 2774000.131758 2.066362 0.127830 0.109653 0.108237 0.127443 0.110569 0.124610 0.148335 0.143852 0.132417 0.128642 0.121167 0.118732 0.118067 0.090293 0.097298 0.115142 0.096000 0.068278 0.052710 0.038898 0.058301 0.089811 0.023462 0.069726 0.044431 0.075718 0.115625 0.133074 0.126631
 2775000.131805 3.750645 0.119571 0.104589 0.110061 0.131063 0.101191 0.119864 0.154475 0.143884 0.142868 0.117979 0.111575 0.121502 0.113869 0.081528 0.101453 0.124142 0.094915 0.059457 0.053621 0.032832 0.075575 0.082521 0.031609 0.082315 0.049257 0.076401 0.121236 0.133727 0.115237
 2776000.131853 8.035644 0.109276 0.102999 0.117975 0.140444 0.103561 0.109415 0.152453 0.133139 0.147713 0.116503 0.120927 0.102712 0.094343 0.059168 0.078451 0.112270 0.070049 0.057990 0.065987 0.010991 0.091279 0.067414 0.046266 0.096141 0.072518 0.094075 0.113479 0.115251 0.110524
 2777000.131900 0.716525 0.122953 0.107108 0.112240 0.134225 0.101600 0.113086 0.148231 0.134812 0.141094 0.123691 0.119424 0.123172 0.121740 0.092540 0.093300 0.115671 0.097206 0.078232 0.068376 0.035259 0.059141 0.094403 0.013816 0.085855 0.055811 0.090814 0.123990 0.134709 0.117071
 2778000.131948 1.339642 0.126545 0.108886 0.110072 0.131804 0.104579 0.121438 0.152766 0.144136 0.139798 0.123954 0.117005 0.126322 0.122933 0.091868 0.100926 0.121183 0.100717 0.072557 0.060411 0.037987 0.061965 0.094703 0.018891 0.080368 0.047470 0.080172 0.123398 0.139488 0.120506
 2779000.131995 1.643244 0.133131 0.113274 0.107874 0.126084 0.111350 0.128544 0.149691 0.147947 0.132078 0.131588 0.120339 0.127283 0.127286 0.099941 0.106516 0.120036 0.106192 0.075675 0.055892 0.048600 0.052770 0.099611 0.020922 0.068221 0.037639 0.071800 0.119400 0.142086 0.129077
 2780000.132043 16.313823 0.118890 0.098155 0.090056 0.106621 0.113548 0.136633 0.142995 0.151640 0.117709 0.117051 0.105222 0.117591 0.107029 0.084586 0.122949 0.133382 0.103140 0.037616 0.010576 0.067644 0.089740 0.073057 0.065922 0.053013 0.049758 0.047552 0.111728 0.126358 0.129828
 2781000.132090 1.001542 0.123585 0.105614 0.107843 0.129870 0.101050 0.118050 0.150727 0.141260 0.138799 0.120837 0.114404 0.126156 0.122297 0.092024 0.100904 0.121270 0.100822 0.071747 0.059455 0.037497 0.060316 0.092846 0.016334 0.079837 0.047457 0.080987 0.124202 0.137745 0.117588
 2782000.132138 0.412541 0.128904 0.110916 0.111200 0.130336 0.100282 0.116890 0.147406 0.137862 0.139162 0.125961 0.116399 0.132130 0.132465 0.105584 0.103304 0.118333 0.109390 0.087712 0.072368 0.049347 0.047497 0.107008 0.010483 0.083626 0.047185 0.085692 0.125697 0.144493 0.118222
 2783000.132185 3.010270 0.119152 0.105041 0.112035 0.134405 0.103550 0.117313 0.154024 0.140957 0.143078 0.120587 0.117092 0.117697 0.111693 0.078840 0.093893 0.119716 0.089357 0.061751 0.057835 0.024663 0.074736 0.081231 0.028318 0.084690 0.055357 0.083415 0.120325 0.130292 0.116837
 2784000.132233 5.953218 0.136650 0.113837 0.100358 0.115279 0.118789 0.139197 0.141678 0.152435 0.119672 0.134363 0.119178 0.124253 0.125007 0.101835 0.114764 0.119932 0.109492 0.069689 0.041717 0.061647 0.056181 0.097951 0.039823 0.050291 0.029633 0.056260 0.112245 0.138433 0.138009
 2785000.132280 2.193000 0.131857 0.111746 0.106372 0.122641 0.107983 0.127953 0.146707 0.146250 0.130964 0.127822 0.115649 0.126086 0.125892 0.099933 0.107331 0.117868 0.106727 0.074106 0.053488 0.050082 0.051502 0.099867 0.024170 0.066269 0.030768 0.066643 0.116331 0.141345 0.126145
 2786000.132328 1.249465 0.122956 0.107631 0.112276 0.134305 0.104454 0.114568 0.150668 0.137322 0.140057 0.123567 0.120968 0.121838 0.119499 0.089126 0.093025 0.116827 0.095265 0.075225 0.065124 0.033522 0.061980 0.092737 0.018244 0.083643 0.055810 0.087910 0.122486 0.134669 0.118022
 2787000.132375 1.639664 0.131138 0.111350 0.106639 0.122663 0.101519 0.121935 0.143861 0.140207 0.133060 0.126321 0.112876 0.131821 0.132990 0.108644 0.109189 0.117039 0.113280 0.085915 0.065605 0.056815 0.043032 0.107864 0.020899 0.073707 0.035132 0.075195 0.121111 0.145242 0.121270
 2788000.132423 3.153747 0.135344 0.114363 0.105715 0.120927 0.115266 0.132198 0.144415 0.148453 0.125478 0.133401 0.121044 0.123615 0.125649 0.101384 0.107590 0.115068 0.106813 0.074259 0.050006 0.054701 0.048922 0.099622 0.028985 0.058292 0.032185 0.065326 0.113143 0.139509 0.133057
 2789000.132470 3.578612 0.117358 0.107214 0.117535 0.138977 0.104587 0.110662 0.149430 0.132258 0.144505 0.122830 0.123434 0.109961 0.106987 0.075742 0.079676 0.110066 0.080161 0.069910 0.068438 0.017687 0.074929 0.081851 0.030875 0.091352 0.065004 0.093469 0.116122 0.123392 0.114725
 2790000.132518 3.071864 0.127087 0.108462 0.105822 0.125606 0.111084 0.127445 0.149398 0.147126 0.131292 0.127456 0.119026 0.119315 0.116561 0.087853 0.101136 0.119367 0.096229 0.063484 0.048078 0.039874 0.063725 0.087502 0.028606 0.068200 0.042877 0.070807 0.115588 0.133294 0.127237
 2791000.132565 0.941314 0.124106 0.109381 0.114218 0.134647 0.099322 0.114309 0.151621 0.137773 0.144430 0.121560 0.116491 0.127939 0.124663 0.094688 0.098564 0.121095 0.101732 0.079762 0.068551 0.037697 0.060663 0.098392 0.015835 0.086941 0.051025 0.085929 0.125942 0.139923 0.113807
 2792000.132613 2.261631 0.128664 0.109931 0.107382 0.125737 0.106966 0.126535 0.150614 0.146968 0.135012 0.125766 0.115238 0.125357 0.122366 0.093933 0.106229 0.121663 0.103192 0.068428 0.051007 0.043734 0.059976 0.093572 0.024545 0.069942 0.035579 0.068681 0.118984 0.139430 0.123960
 2793000.132660 1.079480 0.130865 0.110435 0.106784 0.125770 0.106558 0.124315 0.147563 0.144017 0.133236 0.127531 0.116578 0.128358 0.128433 0.101068 0.106143 0.117257 0.107710 0.077555 0.059135 0.049508 0.049880 0.101160 0.016957 0.071881 0.038969 0.075570 0.120709 0.142735 0.124899
 2794000.132708 5.351068 0.122917 0.105086 0.104697 0.123409 0.105409 0.127222 0.151440 0.148510 0.134995 0.119501 0.110033 0.121676 0.114725 0.085688 0.108439 0.124906 0.099529 0.055196 0.041343 0.044056 0.072387 0.083938 0.037755 0.069562 0.039089 0.063188 0.116831 0.134713 0.121096
 2795000.132755 1.919852 0.123847 0.106788 0.110505 0.132577 0.105612 0.119771 0.153461 0.143258 0.140042 0.123361 0.118235 0.122949 0.119054 0.087707 0.098237 0.120293 0.096829 0.067269 0.057848 0.033819 0.066169 0.088706 0.022614 0.080446 0.051642 0.082180 0.122700 0.136038 0.120250
 2796000.132803 4.672938 0.116569 0.104843 0.114631 0.137018 0.104207 0.115580 0.155875 0.140362 0.145476 0.118848 0.118599 0.114454 0.106953 0.072809 0.090156 0.119544 0.084479 0.059264 0.059046 0.019393 0.080956 0.076985 0.035282 0.088194 0.060877 0.085624 0.119486 0.127325 0.114732
 2797000.132850 2.376680 0.121514 0.104646 0.107611 0.130076 0.105882 0.119682 0.151187 0.142013 0.136985 0.121915 0.117832 0.118864 0.114490 0.083698 0.096766 0.118711 0.093306 0.063243 0.052517 0.033092 0.066770 0.084028 0.025162 0.076137 0.050894 0.079813 0.119552 0.131257 0.120774
 2798000.132898 3.703557 0.132260 0.110746 0.102588 0.119415 0.111087 0.132263 0.146435 0.150133 0.127065 0.128054 0.114471 0.126624 0.125001 0.098561 0.111998 0.121087 0.107999 0.068591 0.046597 0.053648 0.057044 0.097068 0.031410 0.061719 0.029864 0.061101 0.116135 0.141196 0.129392
 2799000.132945 0.644806 0.132180 0.112695 0.110556 0.130438 0.107827 0.124300 0.151434 0.145332 0.137405 0.129811 0.120036 0.130057 0.130104 0.101695 0.104750 0.119608 0.107506 0.079679 0.062510 0.046569 0.051056 0.101926 0.013106 0.075850 0.043117 0.079855 0.123912 0.144211 0.125471
 2800000.132993 1.609658 0.133301 0.112588 0.106429 0.124147 0.110919 0.126915 0.144125 0.143793 0.128628 0.132320 0.121123 0.124820 0.127474 0.102701 0.103829 0.113787 0.105939 0.079694 0.059136 0.051636 0.044826 0.101805 0.020707 0.067063 0.039560 0.075697 0.116829 0.139522 0.129723
