120000.005700	63.2996 122.776
121000.005747	52.7526 129.14
122000.005795	54.9446 121.894
123000.005842	59.0218 126.448
124000.005890	68.8932 130.862
125000.005937	72.0007 124.77
126000.005985	58.9742 122.87
127000.006032	67.2059 118.998
128000.006080	60.0941 125.055
129000.006127	71.0713 134.525
130000.006175	68.8325 124.215
131000.006222	66.1503 121.611
132000.006270	57.3577 116.457
133000.006317	53.2706 132.482
134000.006365	68.5892 132.932
135000.006412	68.2347 111.465
136000.006460	72.7816 128.823
137000.006507	52.1162 120.129
138000.006555	56.5576 134.851
139000.006602	67.4985 128.553
140000.006650	62.9643 131.356
141000.006697	51.8207 132.455
142000.006745	66.2795 120.651
143000.006792	51.5599 143.518
144000.006840	61.9568 113.436
145000.006887	62.0547 124.802
146000.006935	67.0845 119.192
147000.006982	56.5439 124.375
148000.007030	58.5465 128.24
149000.007077	63.7991 123.05
150000.007125	60.6054 130.588
151000.007172	62.1361 124.935
152000.007220	59.6553 125.074
153000.007267	58.2468 131.029
154000.007315	58.1236 121.629
155000.007362	69.8791 117.904
156000.007410	55.6809 119.474
157000.007457	49.8839 132.084
158000.007505	61.0277 121.561
159000.007552	62.8305 131.877
160000.007600	73.4511 121.916
161000.007647	79.1361 120.976
162000.007695	59.8041 130.861
163000.007742	60.8672 125.69
164000.007790	60.6647 136.072
165000.007837	62.4649 131.964
166000.007885	62.6714 121.588
167000.007932	70.9907 114
168000.007980	57.4952 137.871
169000.008027	66.6929 127.377
170000.008075	66.1938 121.412
171000.008122	70.3555 130.543
172000.008170	55.9255 125.216
173000.008217	59.5264 130.82
174000.008265	55.2123 127.741
175000.008312	57.5824 125.726
176000.008360	70.211 124.542
177000.008407	53.7607 118.369
178000.008455	63.1156 125.676
179000.008502	63.1959 127.471
180000.008550	63.4665 127.361
181000.008597	61.4295 122.056
182000.008645	65.6114 121.362
183000.008692	55.9111 134.811
184000.008740	64.8211 120.764
185000.008787	64.9837 131.556
186000.008835	61.1684 133.333
187000.008882	53.9626 132.513
188000.008930	64.7007 120.852
189000.008977	57.5006 127.281
190000.009025	69.8767 139.146
191000.009072	65.7593 128.318
192000.009120	71.6271 125.088
193000.009167	60.3845 128.94
194000.009215	56.5434 120.152
195000.009262	51.9197 139.362
196000.009310	67.337 118.943
197000.009357	49.4961 112.999
198000.009404	68.5033 130.016
199000.009452	60.6684 136.631
200000.009499	64.0807 134.883
201000.009547	70.722 133.387
202000.009594	75.8297 113.755
203000.009642	56.3167 123.473
204000.009689	57.9895 140.817
205000.009737	67.3347 133.423
206000.009784	59.2304 125.773
207000.009832	68.3689 125.219
208000.009879	59.769 135.868
209000.009927	71.4159 123.544
210000.009974	53.6576 125.604
211000.010022	55.598 134.413
212000.010069	60.5078 130.41
213000.010117	71.588 118.629
214000.010164	57.2213 136.171
215000.010212	62.7188 113.603
216000.010259	62.8386 127.706
217000.010307	56.9056 126.862
218000.010354	63.9847 129.11
219000.010402	65.5005 119.361
220000.010449	57.9276 132.436
221000.010497	61.0375 136
222000.010544	69.3372 120.043
223000.010592	58.6467 137.353
224000.010639	62.7328 128.67
225000.010687	72.6539 110.141
226000.010734	60.5257 118.801
227000.010782	67.368 125.031
228000.010829	58.7063 128.224
229000.010877	54.3636 135.245
230000.010924	51.5658 132.16
231000.010972	63.2577 126.961
232000.011019	54.9487 131.098
233000.011067	72.9777 124.435
234000.011114	64.3273 107.257
235000.011162	56.4794 135.209
236000.011209	60.7698 119.906
237000.011257	51.5011 131.519
238000.011304	50.2905 123.486
239000.011352	58.5177 133.393
240000.011399	57.5252 120.162
