360000.017099	73.84 65.2683
361000.017147	58.3688 69.4175
362000.017194	58.9093 57.7753
363000.017242	74.7191 60.3133
364000.017289	63.6797 75.4884
365000.017337	61.2651 83.371
366000.017384	62.4127 98.8805
367000.017432	55.746 82.546
368000.017479	55.0589 64.6268
369000.017527	64.1897 63.1458
370000.017574	56.62 75.0626
371000.017622	58.4787 66.1319
372000.017669	48.2218 70.267
373000.017717	51.1777 74.3839
374000.017764	48.8196 57.9115
375000.017812	56.0647 68.8523
376000.017859	63.1577 86.444
377000.017907	64.5553 74.4089
378000.017954	59.9034 97.2304
379000.018002	54.5247 72.8036
380000.018049	64.4569 70.3446
381000.018097	74.6554 51.316
382000.018144	57.932 74.8502
383000.018192	58.8127 74.6118
384000.018239	58.4556 84.3096
385000.018287	58.0514 81.9236
386000.018334	62.3064 69.3678
387000.018382	66.1464 67.4499
388000.018429	64.1864 71.5133
389000.018477	69.3895 65.5077
390000.018524	51.4977 75.5627
391000.018572	44.2193 73.1068
392000.018619	57.3994 78.2708
393000.018666	62.6643 72.0302
394000.018714	49.0381 66.108
395000.018761	49.8002 80.5838
396000.018809	56.9854 101.248
397000.018856	50.8122 63.7918
398000.018904	44.6897 77.7413
399000.018951	49.0527 81.6763
400000.018999	62.2064 64.2582
401000.019046	53.0177 75.5321
402000.019094	54.3655 74.3445
403000.019141	58.8341 80.0257
404000.019189	58.1434 69.4849
405000.019236	47.5139 86.9994
406000.019284	50.7733 85.132
407000.019331	51.3384 90.8044
408000.019379	40.746 85.3508
409000.019426	59.4446 77.2704
410000.019474	67.049 78.5701
411000.019521	59.8222 75.239
412000.019569	54.6034 80.7867
413000.019616	60.2258 69.8566
414000.019664	59.5683 82.4161
415000.019711	69.3574 65.035
416000.019759	62.6261 75.1888
417000.019806	57.074 62.5006
418000.019854	60.1477 88.3027
419000.019901	62.0487 83.1177
420000.019949	63.3483 56.3045
421000.019996	46.9745 74.4729
422000.020044	55.5692 69.8152
423000.020091	43.0096 84.645
424000.020139	58.0561 56.1224
425000.020186	61.0371 71.6016
426000.020234	69.4072 74.0282
427000.020281	70.0697 56.2802
428000.020329	56.5001 72.2122
429000.020376	53.9901 67.7408
430000.020424	68.2517 85.4211
431000.020471	65.0047 76.0008
432000.020519	55.6688 71.7459
433000.020566	59.557 87.7662
434000.020614	60.1002 92.1128
435000.020661	50.1376 73.9217
436000.020709	53.7746 81.6025
437000.020756	54.5856 74.7509
438000.020804	58.9564 73.999
439000.020851	72.3156 64.459
440000.020899	54.2633 78.3478
441000.020946	67.0305 69.0415
442000.020994	50.7179 79.8469
443000.021041	54.7543 65.2113
444000.021089	54.5786 79.9682
445000.021136	61.2167 83.3016
446000.021184	57.2089 84.5899
447000.021231	58.8188 63.8625
448000.021279	66.0616 59.399
449000.021326	54.9665 68.6845
450000.021374	67.7293 73.7559
451000.021421	72.5162 61.6333
452000.021469	49.9013 90.1838
453000.021516	63.7116 80.0165
454000.021564	66.0395 81.8008
455000.021611	55.8346 71.8151
456000.021659	68.3886 61.8418
457000.021706	43.9945 87.9099
458000.021754	60.3348 71.9645
459000.021801	63.9571 65.3515
460000.021849	61.0009 85.7409
461000.021896	57.867 73.1346
462000.021944	64.045 65.5882
463000.021991	46.7975 97.4877
464000.022039	65.8738 64.5588
465000.022086	63.5066 66.5754
466000.022134	55.794 74.973
467000.022181	62.8459 79.273
468000.022229	47.9088 73.5916
469000.022276	52.6237 77.7664
470000.022324	60.1313 71.833
471000.022371	61.9919 65.2554
472000.022419	53.8067 69.0103
473000.022466	50.4622 74.3209
474000.022514	59.852 78.2135
475000.022561	51.6725 69.8845
476000.022609	57.8932 77.6043
477000.022656	54.1285 83.9091
478000.022704	60.9787 75.2928
479000.022751	62.4629 52.9779
480000.022799	73.0589 75.5587
