240000.011399	-67.3629 138.316
241000.011447	-64.6592 143.451
242000.011494	-73.8467 146.805
243000.011542	-57.7982 139.637
244000.011589	-69.1213 149.174
245000.011637	-75.3026 154.721
246000.011684	-70.1069 154.906
247000.011732	-63.3467 148.922
248000.011779	-63.9322 144.088
249000.011827	-65.8078 144.362
250000.011874	-56.0859 140.388
251000.011922	-66.3936 145.286
252000.011969	-61.5483 158.675
253000.012017	-76.2247 149.281
254000.012064	-62.594 149.618
255000.012112	-60.7922 146.799
256000.012159	-78.6146 142.884
257000.012207	-57.8812 147.476
258000.012254	-76.0059 158.337
259000.012302	-77.5965 146.599
260000.012349	-63.4398 138.499
261000.012397	-69.1935 153.635
262000.012444	-56.2177 147.315
263000.012492	-83.2534 150.496
264000.012539	-55.738 142.164
265000.012587	-56.5999 142.872
266000.012634	-61.578 143.907
267000.012682	-68.0878 145.099
268000.012729	-63.6832 153.145
269000.012777	-58.2592 142.416
270000.012824	-62.5322 158.981
271000.012872	-59.0566 141.723
272000.012919	-63.5765 139.46
273000.012967	-61.1654 143.088
274000.013014	-75.6439 144.44
275000.013062	-56.6569 140.866
276000.013109	-66.8111 142.202
277000.013157	-73.3753 138.252
278000.013204	-77.2967 146.856
279000.013252	-63.3078 156.3
280000.013299	-61.249 137.129
281000.013347	-72.3614 144.259
282000.013394	-69.4674 146.483
283000.013442	-77.4247 147.928
284000.013489	-62.2285 148.23
285000.013537	-70.4441 143.547
286000.013584	-61.076 139.126
287000.013632	-77.5496 144.101
288000.013679	-65.8238 146.13
289000.013727	-53.9226 159.025
290000.013774	-80.3256 155.626
291000.013822	-62.8676 142.226
292000.013869	-61.2766 146.719
293000.013917	-69.9073 138.665
294000.013964	-71.4325 142.844
295000.014012	-55.512 135.184
296000.014059	-58.0556 127.268
297000.014107	-68.5348 154.673
298000.014154	-64.7749 141.23
299000.014202	-63.9585 149.41
300000.014249	-72.8295 126.961
301000.014297	-74.5984 151.388
302000.014344	-62.2129 154.753
303000.014392	-58.3393 146.472
304000.014439	-72.3912 142.662
305000.014487	-63.4219 137.363
306000.014534	-62.9945 131.437
307000.014582	-66.1714 143.957
308000.014629	-78.932 158.046
309000.014677	-64.3358 148.44
310000.014724	-64.083 151.047
311000.014772	-70.6837 148.135
312000.014819	-70.8195 135.401
313000.014867	-66.1531 146.18
314000.014914	-60.7493 145.64
315000.014962	-59.8918 142.534
316000.015009	-75.1871 141.586
317000.015057	-79.8923 148.941
318000.015104	-88.6829 147.074
319000.015152	-70.5281 160.299
320000.015199	-66.0733 144.902
321000.015247	-66.6037 152.288
322000.015294	-73.0684 152.801
323000.015342	-66.3329 150.525
324000.015389	-53.7545 139.716
325000.015437	-55.1374 151.146
326000.015484	-70.4565 133.435
327000.015532	-65.3735 153.308
328000.015579	-78.8545 149.938
329000.015627	-76.1975 140.79
330000.015674	-73.9425 145.552
331000.015722	-68.2789 142.926
332000.015769	-62.4678 150.844
333000.015817	-56.6342 144.731
334000.015864	-76.1333 149.326
335000.015912	-63.4506 139.703
336000.015959	-68.7833 150.392
337000.016007	-67.4287 142.108
338000.016054	-63.4492 151.554
339000.016102	-63.4643 135.951
340000.016149	-72.3604 143.836
341000.016197	-48.7528 134.742
342000.016244	-47.847 146.557
343000.016292	-72.0551 144.58
344000.016339	-74.9903 138.946
345000.016387	-59.727 141.119
346000.016434	-80.6162 156.535
347000.016482	-65.4065 160.62
348000.016529	-76.8118 138.337
349000.016577	-56.7246 148.524
350000.016624	-53.6963 143.069
351000.016672	-57.4707 142.861
352000.016719	-65.4936 143.699
353000.016767	-59.072 157.778
354000.016814	-82.4149 148.097
355000.016862	-71.8601 150.533
356000.016909	-64.2684 145.814
357000.016957	-52.4639 148.543
358000.017004	-65.6332 147.644
359000.017052	-53.0434 143.584
360000.017099	-65.8388 149.396
