#! FIELDS time restraint.bias r0 r1 r2 r3 r4 r5 r6 r7 r8 r9 r10 r11 r12 r13 r14 r15 r16 r17 r18 r19 r20 r21 r22 r23 r24 r25 r26 r27 r28 r29 r30 r31 r32 r33 r34 r35 r36 r37 r38 r39 r40 r41 r42 r43 r44 r45 r46 r47 r48 r49 r50 r51 r52 r53 r54 r55 r56 r57 r58 r59
240000.011399 14.313793 0.128998 0.109447 0.119941 0.106253 0.121242 0.112010 0.130110 0.129988 0.111473 0.117898 0.107087 0.151780 0.139116 0.153683 0.124584 0.106884 0.143361 0.133847 0.133765 0.128240 0.119409 0.122889 0.119510 0.089738 0.117497 0.104994 0.127243 0.120332 0.122627 0.099444 0.125683 0.063768 0.049295 0.042435 0.066248 0.038222 0.018668 0.098961 0.104489 0.077811 0.079066 0.114202 0.068820 0.029396 0.048227 0.055236 0.032273 0.073757 0.063198 0.080065 0.117367 0.112697 0.059419 0.061848 0.022560 0.103017 0.151134 0.131023 0.079635 0.085393
241000.011447 10.612348 0.122686 0.106707 0.112321 0.110319 0.126521 0.112752 0.123112 0.120816 0.107565 0.124769 0.099082 0.153380 0.144899 0.149965 0.119196 0.106296 0.134821 0.125737 0.139868 0.119940 0.128387 0.119642 0.114877 0.083088 0.114350 0.096057 0.123228 0.113867 0.120017 0.092491 0.126610 0.064392 0.056234 0.029456 0.069328 0.039210 0.027063 0.090954 0.098800 0.074508 0.067384 0.113158 0.079538 0.019373 0.057458 0.060424 0.029564 0.082315 0.066692 0.089070 0.122340 0.106963 0.066642 0.071751 0.019425 0.096502 0.147769 0.125206 0.089420 0.079666
242000.011494 7.195043 0.123947 0.108159 0.107928 0.112280 0.128055 0.114241 0.121363 0.113532 0.105277 0.126294 0.093190 0.149629 0.145878 0.144115 0.120239 0.103960 0.127563 0.123261 0.141512 0.116123 0.132763 0.125748 0.124176 0.094810 0.117856 0.095664 0.129612 0.112733 0.117715 0.099894 0.132237 0.080023 0.068591 0.037727 0.057011 0.030942 0.038141 0.093173 0.109220 0.089422 0.065459 0.114678 0.088961 0.033091 0.063922 0.075477 0.045793 0.094679 0.058051 0.089162 0.124020 0.114699 0.062685 0.078901 0.015994 0.106274 0.141653 0.127478 0.098366 0.092698
243000.011542 7.225064 0.128574 0.110087 0.114793 0.108985 0.122555 0.112556 0.128443 0.123535 0.108391 0.120943 0.100369 0.150724 0.141550 0.150354 0.123459 0.105869 0.137192 0.129356 0.135789 0.124085 0.125001 0.125394 0.123820 0.095344 0.119449 0.102937 0.130794 0.118774 0.119045 0.102925 0.128769 0.072295 0.055091 0.042513 0.055657 0.026660 0.024272 0.100173 0.109723 0.086307 0.075555 0.113020 0.074487 0.027470 0.049299 0.062701 0.038538 0.081993 0.054024 0.078970 0.118047 0.116496 0.053284 0.066470 0.016028 0.106716 0.146893 0.131785 0.085885 0.091679
244000.011589 3.660152 0.127112 0.110269 0.112225 0.112244 0.128040 0.115956 0.124709 0.118086 0.108688 0.125078 0.098137 0.151293 0.145061 0.147387 0.123836 0.105848 0.131872 0.127829 0.141073 0.120289 0.130457 0.125935 0.124971 0.095627 0.117691 0.097568 0.130645 0.113812 0.118187 0.100798 0.131516 0.079076 0.066133 0.039643 0.056658 0.031482 0.034786 0.093923 0.110344 0.089574 0.068318 0.114572 0.085912 0.034574 0.061548 0.074205 0.044607 0.092058 0.058318 0.086266 0.121846 0.115587 0.060980 0.075195 0.011408 0.107616 0.144868 0.130265 0.095471 0.093223
245000.011637 3.465783 0.132400 0.113678 0.119050 0.110298 0.124343 0.117174 0.129621 0.125440 0.114120 0.119265 0.106088 0.148675 0.139049 0.149190 0.129588 0.108372 0.137097 0.135428 0.136014 0.126871 0.122925 0.124016 0.125593 0.098813 0.115612 0.100156 0.130396 0.114107 0.115324 0.102475 0.126620 0.078590 0.060757 0.046538 0.051280 0.031069 0.029625 0.095978 0.112290 0.091543 0.074370 0.110730 0.077783 0.039349 0.053290 0.071932 0.045734 0.086626 0.055921 0.076387 0.113359 0.115935 0.053225 0.065582 0.011101 0.109456 0.146707 0.133576 0.087749 0.095890
246000.011684 11.236108 0.122979 0.107390 0.106875 0.113121 0.129131 0.113219 0.121802 0.113334 0.103847 0.128882 0.091590 0.152238 0.148915 0.146027 0.118153 0.104300 0.129022 0.120930 0.143236 0.116336 0.135131 0.127466 0.124059 0.092984 0.120539 0.097102 0.130510 0.115431 0.120724 0.100445 0.134548 0.078159 0.068217 0.035771 0.061677 0.032851 0.039588 0.095271 0.108660 0.087637 0.065961 0.117204 0.089765 0.028972 0.064929 0.073076 0.043935 0.094337 0.060295 0.092612 0.127993 0.115751 0.065829 0.081124 0.019988 0.105538 0.143559 0.127512 0.099364 0.090989
247000.011732 5.537698 0.128010 0.110262 0.112105 0.111018 0.126482 0.115071 0.125417 0.118239 0.108304 0.123548 0.098285 0.151369 0.144462 0.147914 0.123941 0.104923 0.132216 0.128153 0.139737 0.120969 0.129225 0.128586 0.127833 0.098875 0.120594 0.100328 0.132835 0.116168 0.119702 0.104153 0.133324 0.080801 0.065873 0.043327 0.053422 0.029589 0.035478 0.096747 0.113321 0.092462 0.070946 0.116328 0.085052 0.037228 0.059945 0.075180 0.046910 0.091855 0.056298 0.084610 0.121851 0.118560 0.058709 0.073742 0.014032 0.110883 0.145620 0.131398 0.093977 0.096193
248000.011779 9.004820 0.125747 0.107993 0.114896 0.107632 0.122669 0.111760 0.126367 0.123945 0.108448 0.120464 0.101594 0.152547 0.141572 0.151734 0.121445 0.105481 0.137984 0.128667 0.135950 0.122990 0.123454 0.122599 0.118707 0.087985 0.117261 0.100629 0.126573 0.117160 0.121634 0.097413 0.127613 0.065226 0.052232 0.036676 0.064722 0.035103 0.021872 0.095234 0.103378 0.078281 0.072542 0.114609 0.073901 0.024147 0.051307 0.058253 0.031239 0.078239 0.062296 0.083555 0.119935 0.111230 0.060830 0.065707 0.017893 0.101211 0.149079 0.128632 0.083811 0.083965
249000.011827 12.689825 0.135083 0.114469 0.123194 0.106699 0.118150 0.115098 0.133579 0.131593 0.115554 0.113060 0.111018 0.144961 0.132638 0.149628 0.131440 0.108483 0.142174 0.139384 0.129008 0.131519 0.114789 0.122461 0.125097 0.101046 0.115505 0.106108 0.129825 0.117667 0.114339 0.105548 0.121901 0.074892 0.051391 0.054312 0.049311 0.031442 0.022459 0.102098 0.113328 0.091303 0.083327 0.107849 0.065792 0.042268 0.041384 0.064639 0.045128 0.076901 0.052890 0.065992 0.105875 0.117266 0.044189 0.054462 0.021241 0.110748 0.146735 0.135421 0.076826 0.097026
250000.011874 10.286508 0.128614 0.109075 0.112086 0.106863 0.120292 0.110789 0.127159 0.120413 0.105402 0.118439 0.096592 0.146634 0.139261 0.146766 0.122977 0.101778 0.133580 0.128234 0.133969 0.121583 0.124987 0.128478 0.128781 0.102098 0.120826 0.104520 0.133715 0.118635 0.116958 0.107560 0.130760 0.079779 0.061728 0.048798 0.047031 0.021099 0.030678 0.102442 0.114968 0.093094 0.077641 0.113199 0.078598 0.035872 0.053046 0.070445 0.047435 0.087076 0.046651 0.077660 0.117127 0.120601 0.049350 0.069707 0.019124 0.112601 0.142676 0.132563 0.089439 0.098559
251000.011922 6.255995 0.130308 0.112925 0.118688 0.113021 0.128855 0.119799 0.126499 0.123730 0.115708 0.122764 0.108221 0.150877 0.142430 0.148626 0.128986 0.109904 0.134717 0.135478 0.140250 0.125118 0.126883 0.120213 0.121211 0.093014 0.111008 0.093701 0.125108 0.107332 0.114398 0.095803 0.126100 0.075999 0.063560 0.039880 0.060080 0.041486 0.033516 0.085987 0.106870 0.086288 0.066857 0.110643 0.084150 0.040388 0.061310 0.075654 0.042858 0.089027 0.066188 0.083772 0.115477 0.109832 0.062961 0.069621 0.014914 0.105637 0.147620 0.129696 0.091320 0.089754
252000.011969 4.037749 0.126098 0.108446 0.114635 0.108479 0.123881 0.113162 0.125225 0.122751 0.109716 0.120863 0.102001 0.151618 0.141504 0.149969 0.122678 0.106277 0.136076 0.129365 0.136776 0.122842 0.124159 0.121874 0.119144 0.089321 0.116097 0.098766 0.126232 0.115557 0.119926 0.096842 0.126800 0.068752 0.055238 0.036834 0.062023 0.034622 0.025380 0.094015 0.104068 0.081267 0.070826 0.113272 0.076438 0.027927 0.052927 0.062943 0.035005 0.081963 0.062414 0.083151 0.119153 0.110693 0.060749 0.066554 0.011982 0.101613 0.148023 0.128057 0.085990 0.086006
253000.012017 12.514671 0.123368 0.105468 0.112618 0.106546 0.121542 0.109529 0.124145 0.122589 0.106835 0.120039 0.100478 0.150688 0.140995 0.149476 0.118786 0.104530 0.135943 0.126741 0.134945 0.121579 0.123743 0.120462 0.116145 0.086455 0.116331 0.100534 0.123731 0.116996 0.120244 0.096253 0.125528 0.062604 0.049605 0.036030 0.065204 0.036761 0.021900 0.095474 0.100699 0.076092 0.072945 0.112633 0.073268 0.022210 0.050370 0.057261 0.028940 0.076786 0.063029 0.083345 0.119074 0.108947 0.060750 0.064896 0.021094 0.099461 0.147507 0.125515 0.082701 0.081900
254000.012064 6.963988 0.125962 0.107331 0.116588 0.105939 0.121501 0.112553 0.124695 0.125300 0.112174 0.117178 0.107364 0.149394 0.137786 0.149230 0.123726 0.106313 0.137174 0.132357 0.133707 0.124823 0.119627 0.118565 0.116014 0.087329 0.113075 0.099185 0.122336 0.113919 0.118874 0.095030 0.123132 0.064533 0.049998 0.039856 0.064529 0.041733 0.023912 0.091762 0.101430 0.079009 0.072866 0.111631 0.073326 0.034696 0.051673 0.062673 0.032428 0.077050 0.066869 0.080946 0.114974 0.107452 0.061710 0.059927 0.015736 0.100971 0.148979 0.126208 0.080395 0.083192
255000.012112 15.104308 0.128618 0.109715 0.116192 0.107243 0.120324 0.111150 0.129575 0.125983 0.107511 0.118784 0.100672 0.149789 0.139346 0.151127 0.122741 0.105274 0.139590 0.129780 0.133083 0.125052 0.122152 0.124866 0.122410 0.094113 0.119454 0.105386 0.130148 0.121244 0.120373 0.102756 0.127315 0.069056 0.052266 0.043626 0.058902 0.027427 0.019401 0.102574 0.108435 0.082983 0.078954 0.112704 0.070053 0.024283 0.046320 0.057002 0.036521 0.077843 0.053430 0.077724 0.117448 0.116545 0.052630 0.065354 0.023174 0.105321 0.146459 0.131835 0.082813 0.090098
256000.012159 13.246348 0.123025 0.104823 0.113264 0.106721 0.124061 0.109601 0.124686 0.123658 0.107040 0.122680 0.101001 0.154789 0.144501 0.152862 0.118703 0.104114 0.138855 0.127030 0.138489 0.122515 0.125937 0.123376 0.117278 0.084644 0.118266 0.102407 0.125718 0.119012 0.124656 0.096752 0.129128 0.061935 0.053157 0.035797 0.071511 0.041807 0.027053 0.095720 0.100667 0.074497 0.073885 0.117502 0.077359 0.026765 0.057123 0.058320 0.029347 0.077877 0.067741 0.089702 0.124375 0.110180 0.067841 0.068959 0.021702 0.100312 0.151399 0.126851 0.086098 0.080680
257000.012207 9.674722 0.125371 0.109719 0.114417 0.112570 0.128185 0.116968 0.123482 0.120342 0.110572 0.124030 0.102394 0.150787 0.143216 0.147408 0.123190 0.107683 0.132401 0.129326 0.139931 0.120073 0.128092 0.117738 0.116340 0.086982 0.110366 0.092306 0.122434 0.107897 0.114853 0.092017 0.124894 0.069932 0.060222 0.032098 0.064199 0.039506 0.028232 0.085727 0.101281 0.078759 0.064198 0.109711 0.081824 0.029072 0.059415 0.068280 0.035032 0.085915 0.065537 0.085757 0.117289 0.106550 0.063661 0.071686 0.018547 0.099485 0.144972 0.126031 0.090782 0.083243
258000.012254 3.303723 0.130690 0.112363 0.115312 0.110585 0.124580 0.115317 0.127961 0.122001 0.111047 0.121442 0.100689 0.148827 0.141342 0.147573 0.126923 0.106804 0.134284 0.131442 0.137557 0.124258 0.126669 0.126200 0.127088 0.099534 0.117923 0.099647 0.131898 0.114930 0.115910 0.103603 0.129430 0.080961 0.064231 0.045738 0.050019 0.026441 0.033876 0.097579 0.113407 0.093591 0.073019 0.112375 0.081869 0.037151 0.055958 0.073416 0.048123 0.090544 0.053247 0.080013 0.117452 0.117389 0.054528 0.070502 0.010838 0.109699 0.145043 0.132837 0.092128 0.097391
259000.012302 3.668704 0.129979 0.111482 0.116934 0.109169 0.122671 0.114350 0.128591 0.124550 0.111067 0.119399 0.103013 0.149016 0.139345 0.149133 0.126094 0.107111 0.136901 0.132148 0.135090 0.125177 0.122801 0.122757 0.122824 0.095039 0.115748 0.099670 0.128734 0.114763 0.115902 0.100519 0.125801 0.073516 0.056418 0.042558 0.053818 0.027966 0.024760 0.096473 0.108999 0.086867 0.073549 0.110346 0.074647 0.030980 0.049366 0.064995 0.040309 0.082987 0.055049 0.076856 0.114511 0.114108 0.052676 0.064834 0.011421 0.105620 0.146148 0.131596 0.085524 0.091856
260000.012349 5.713479 0.124203 0.107544 0.110328 0.110631 0.126237 0.113250 0.122723 0.117279 0.106595 0.124172 0.096904 0.150553 0.144226 0.146607 0.120315 0.104701 0.131059 0.125271 0.139509 0.118534 0.129364 0.122831 0.120593 0.090701 0.115952 0.095959 0.126750 0.112682 0.117656 0.097251 0.129152 0.072870 0.061321 0.034450 0.059930 0.032823 0.030993 0.091937 0.105400 0.083620 0.066477 0.113113 0.083263 0.027767 0.059034 0.068854 0.037984 0.088024 0.060099 0.086667 0.121345 0.111645 0.061535 0.073430 0.014253 0.103282 0.144291 0.126854 0.092414 0.087640
261000.012397 6.637295 0.128602 0.111154 0.116996 0.110598 0.124999 0.114569 0.128276 0.125085 0.111254 0.122376 0.102837 0.152058 0.142566 0.151220 0.124602 0.108501 0.138068 0.130948 0.137655 0.125151 0.125526 0.121921 0.119856 0.089921 0.115577 0.098392 0.127095 0.115039 0.118200 0.097279 0.126521 0.069373 0.055718 0.036430 0.061461 0.032398 0.024363 0.094526 0.105262 0.081626 0.071195 0.111694 0.076000 0.023948 0.051900 0.061934 0.035006 0.082238 0.059946 0.082063 0.118412 0.111736 0.058672 0.067582 0.015362 0.101706 0.148368 0.130346 0.086985 0.086870
262000.012444 4.656684 0.126591 0.108853 0.115654 0.108892 0.124614 0.114712 0.124870 0.122734 0.111261 0.120167 0.104858 0.150712 0.140744 0.149084 0.124127 0.106441 0.135191 0.131448 0.136867 0.122819 0.123571 0.120180 0.118778 0.089857 0.113486 0.097041 0.124567 0.111944 0.117592 0.095859 0.125518 0.069208 0.055828 0.037531 0.061377 0.038132 0.025676 0.090115 0.103737 0.081301 0.069379 0.111848 0.077576 0.033563 0.054861 0.066788 0.035336 0.082099 0.064254 0.082175 0.116402 0.109200 0.060806 0.065306 0.012867 0.102767 0.147632 0.127566 0.085450 0.085715
263000.012492 5.043386 0.124544 0.109631 0.112845 0.112943 0.128560 0.117059 0.122147 0.118158 0.110777 0.124841 0.101058 0.151440 0.144146 0.146418 0.122922 0.108157 0.130557 0.127657 0.140603 0.119384 0.128821 0.118089 0.116345 0.086372 0.111181 0.090511 0.122687 0.107485 0.115308 0.091541 0.125777 0.071757 0.061405 0.030910 0.063655 0.038735 0.031516 0.085292 0.101648 0.081131 0.061548 0.110503 0.083442 0.028951 0.059840 0.069823 0.036660 0.088095 0.066243 0.087028 0.119034 0.106455 0.065056 0.071966 0.013391 0.098469 0.145035 0.125353 0.091902 0.083775
264000.012539 6.568628 0.131256 0.111751 0.118577 0.107028 0.119980 0.114672 0.128208 0.125459 0.113301 0.114481 0.106911 0.143794 0.133885 0.145636 0.128433 0.106462 0.135635 0.135554 0.131024 0.126449 0.118055 0.119983 0.122537 0.097601 0.112203 0.099119 0.126166 0.111719 0.111625 0.100537 0.121725 0.075981 0.056689 0.048031 0.049257 0.031399 0.026231 0.094808 0.109957 0.089854 0.075137 0.106683 0.073416 0.040344 0.048882 0.069951 0.044476 0.082585 0.054789 0.071390 0.107930 0.112891 0.049328 0.060367 0.015282 0.107608 0.143526 0.130689 0.082391 0.094263
265000.012587 4.523251 0.125956 0.108989 0.115206 0.110635 0.126822 0.115134 0.124883 0.122534 0.110968 0.123255 0.103332 0.152565 0.143582 0.149910 0.123358 0.107401 0.135513 0.130219 0.139538 0.122486 0.126701 0.119912 0.117572 0.087205 0.113222 0.095721 0.124271 0.111633 0.117873 0.094161 0.126107 0.068044 0.056957 0.033454 0.064420 0.038361 0.026415 0.089369 0.102111 0.079053 0.067558 0.112121 0.079487 0.028811 0.056783 0.065457 0.033321 0.083193 0.065383 0.085440 0.118976 0.108230 0.063485 0.068570 0.012682 0.100380 0.148305 0.127357 0.088270 0.083657
266000.012634 8.967707 0.125163 0.105767 0.114456 0.103553 0.118310 0.108069 0.126110 0.125056 0.107459 0.116447 0.102219 0.149633 0.138017 0.150399 0.120523 0.103196 0.138490 0.129041 0.132142 0.123697 0.119460 0.122531 0.118835 0.089646 0.117856 0.103945 0.126206 0.119173 0.121223 0.099650 0.125837 0.063252 0.046979 0.041581 0.062043 0.034568 0.019195 0.098499 0.103621 0.078895 0.077184 0.113848 0.069421 0.028163 0.046632 0.055833 0.031188 0.073709 0.060060 0.079723 0.117185 0.111561 0.057134 0.060060 0.017856 0.102763 0.148449 0.128075 0.078939 0.085045
267000.012682 5.562151 0.124467 0.107759 0.111872 0.110667 0.126274 0.113145 0.123956 0.119556 0.107285 0.124411 0.098036 0.151856 0.144487 0.148481 0.120595 0.105800 0.133536 0.126138 0.139621 0.120039 0.128719 0.121941 0.119033 0.088522 0.115718 0.096458 0.126190 0.113663 0.118311 0.096123 0.127993 0.069856 0.058846 0.033114 0.062531 0.033740 0.028476 0.092648 0.103507 0.080680 0.067765 0.112790 0.080819 0.023567 0.056982 0.064744 0.034939 0.085473 0.061498 0.086386 0.121275 0.110533 0.062149 0.072152 0.014063 0.100996 0.146015 0.127209 0.090888 0.085334
268000.012729 2.748526 0.129827 0.111035 0.116466 0.109077 0.123514 0.114809 0.127694 0.123705 0.111930 0.119649 0.104413 0.149668 0.140050 0.149138 0.126439 0.107011 0.136311 0.132528 0.135864 0.125388 0.123268 0.123967 0.123941 0.096189 0.116757 0.100438 0.129368 0.115084 0.117004 0.101676 0.127244 0.074996 0.057431 0.043990 0.053744 0.031886 0.028448 0.096119 0.110163 0.088900 0.073546 0.111917 0.076984 0.036250 0.052177 0.069009 0.041846 0.084420 0.057523 0.078175 0.115284 0.114944 0.054724 0.064633 0.009886 0.107937 0.147329 0.131451 0.086144 0.093013
269000.012777 4.625775 0.129290 0.111491 0.117652 0.110610 0.125147 0.116413 0.127294 0.124791 0.113062 0.120772 0.105689 0.150733 0.140955 0.149880 0.126379 0.108663 0.136383 0.133349 0.137165 0.124939 0.124469 0.120676 0.120188 0.091882 0.113904 0.097176 0.125753 0.112460 0.116756 0.096929 0.125522 0.071180 0.056285 0.038432 0.058924 0.034887 0.024598 0.091528 0.105730 0.083466 0.070153 0.110862 0.076913 0.031255 0.052717 0.066717 0.037290 0.083195 0.061980 0.080278 0.115623 0.110570 0.058194 0.065207 0.012825 0.103451 0.147899 0.129555 0.085929 0.088018
270000.012824 3.548266 0.129122 0.110879 0.115102 0.109489 0.123794 0.115283 0.126200 0.121413 0.111043 0.119582 0.102803 0.148182 0.139742 0.146957 0.126069 0.106022 0.133293 0.131670 0.136046 0.123128 0.124277 0.123225 0.124036 0.096713 0.115330 0.098089 0.128443 0.112303 0.115199 0.100763 0.127251 0.077082 0.060589 0.043412 0.052117 0.030957 0.029898 0.093453 0.110296 0.089700 0.070985 0.111143 0.079611 0.037305 0.054695 0.072183 0.043732 0.086857 0.056694 0.078820 0.114901 0.114223 0.054896 0.066821 0.011232 0.107958 0.144919 0.130354 0.088178 0.093508
271000.012872 12.872427 0.127018 0.109392 0.109136 0.110843 0.125534 0.113334 0.124785 0.115540 0.104532 0.124058 0.093440 0.149076 0.144505 0.145702 0.121704 0.102458 0.129963 0.124968 0.139150 0.118465 0.131205 0.130639 0.130066 0.101842 0.122353 0.101960 0.134917 0.117531 0.118807 0.107137 0.135018 0.083900 0.068894 0.046041 0.050742 0.025171 0.038197 0.100197 0.115950 0.095107 0.072670 0.116243 0.086921 0.037316 0.061458 0.076701 0.050190 0.094288 0.050662 0.084960 0.122916 0.121670 0.056492 0.077703 0.021394 0.113191 0.142123 0.131649 0.096861 0.099203
272000.012919 2.965387 0.130543 0.112213 0.117564 0.110254 0.124251 0.116220 0.128200 0.124269 0.112798 0.119860 0.104905 0.149662 0.139985 0.149210 0.127405 0.108205 0.136155 0.133501 0.136240 0.125434 0.123473 0.122651 0.123251 0.095741 0.115470 0.098485 0.128445 0.113504 0.116004 0.100090 0.126215 0.075193 0.058324 0.042497 0.053851 0.031239 0.027212 0.094332 0.109344 0.088041 0.071951 0.110786 0.076888 0.034402 0.051714 0.068830 0.041841 0.085031 0.058049 0.077707 0.114565 0.113654 0.054714 0.065180 0.010268 0.106394 0.146984 0.131402 0.086529 0.092384
273000.012967 6.324886 0.132496 0.112597 0.118624 0.108138 0.121500 0.113581 0.131310 0.127317 0.112024 0.118501 0.104039 0.148732 0.139276 0.150395 0.127773 0.106873 0.139391 0.134520 0.134537 0.128166 0.122829 0.125987 0.126524 0.099289 0.118627 0.104138 0.131752 0.118338 0.117110 0.105014 0.127623 0.076341 0.057208 0.047842 0.051195 0.025277 0.026290 0.101251 0.113024 0.090762 0.078557 0.111938 0.074283 0.035210 0.048711 0.066797 0.044518 0.082932 0.051681 0.075590 0.115223 0.117957 0.050539 0.064026 0.014996 0.109702 0.147480 0.134372 0.085314 0.096298
274000.013014 11.853567 0.122312 0.106735 0.112426 0.110969 0.127204 0.113359 0.122693 0.120642 0.108147 0.125239 0.100180 0.153606 0.145238 0.149834 0.119049 0.107032 0.134577 0.125803 0.140049 0.119899 0.128397 0.118456 0.113703 0.082095 0.113735 0.095680 0.122232 0.113481 0.119713 0.091482 0.125670 0.063259 0.055057 0.028319 0.070103 0.040412 0.026159 0.090355 0.097742 0.073475 0.066780 0.112427 0.078898 0.020166 0.056966 0.060229 0.027716 0.081561 0.068014 0.088732 0.121792 0.106042 0.066877 0.071188 0.020529 0.095528 0.147830 0.124363 0.088496 0.078478
275000.013062 5.254909 0.130596 0.111942 0.116817 0.109645 0.123804 0.115031 0.128626 0.124234 0.111259 0.120104 0.102665 0.148979 0.140476 0.148969 0.126596 0.106730 0.136240 0.132841 0.136272 0.125128 0.124818 0.124356 0.124742 0.097234 0.116643 0.100526 0.129876 0.115259 0.116323 0.101963 0.127498 0.076477 0.059645 0.043573 0.052623 0.027414 0.026975 0.096846 0.110857 0.088944 0.073799 0.111339 0.077587 0.033739 0.052413 0.069198 0.043287 0.085541 0.054229 0.078250 0.115979 0.115602 0.053467 0.067114 0.013669 0.107813 0.145964 0.132143 0.087990 0.094123
276000.013109 8.757514 0.124415 0.107993 0.114328 0.110518 0.126030 0.113973 0.124497 0.122415 0.109542 0.123514 0.102462 0.153596 0.143859 0.150808 0.121196 0.107531 0.135945 0.128085 0.138928 0.121615 0.126492 0.119283 0.115477 0.084510 0.114088 0.096190 0.123373 0.113069 0.119364 0.093201 0.126034 0.063837 0.053473 0.031072 0.067457 0.039650 0.024461 0.090206 0.099716 0.075264 0.067852 0.112533 0.077102 0.022015 0.054649 0.060074 0.028115 0.080410 0.066935 0.086089 0.119786 0.107148 0.064211 0.068065 0.017646 0.097987 0.148827 0.126245 0.086441 0.080204
277000.013157 4.267302 0.129391 0.112610 0.113693 0.114046 0.129053 0.117908 0.126042 0.118445 0.110597 0.125680 0.099219 0.150312 0.145033 0.146287 0.126282 0.107566 0.131323 0.129592 0.141695 0.121506 0.131072 0.125708 0.126605 0.098078 0.116565 0.095641 0.131293 0.111442 0.115272 0.101302 0.130876 0.082759 0.069082 0.041691 0.053265 0.030388 0.037614 0.093182 0.112481 0.092957 0.067445 0.112739 0.087543 0.037353 0.062246 0.077362 0.048502 0.095084 0.056924 0.084830 0.120066 0.116282 0.059318 0.076354 0.012318 0.108834 0.143702 0.131614 0.097303 0.096228
278000.013204 6.313735 0.135337 0.114194 0.121919 0.107125 0.120001 0.115011 0.132869 0.130204 0.115882 0.115131 0.109408 0.146557 0.135612 0.150150 0.131666 0.108445 0.141108 0.138991 0.132179 0.131639 0.118659 0.125751 0.128004 0.102483 0.118046 0.105347 0.131848 0.118145 0.116192 0.106732 0.125896 0.078810 0.057215 0.053335 0.048313 0.030516 0.029771 0.101668 0.115305 0.094672 0.081437 0.111213 0.073133 0.043362 0.047786 0.070377 0.048595 0.083023 0.053940 0.071610 0.110994 0.118627 0.049222 0.059247 0.014983 0.112659 0.148571 0.135834 0.082700 0.099372
279000.013252 6.644124 0.125319 0.109058 0.112987 0.111294 0.127002 0.115481 0.123259 0.119113 0.108790 0.123240 0.099449 0.149509 0.142540 0.146448 0.122545 0.106057 0.131744 0.128046 0.138985 0.119704 0.127890 0.120025 0.118624 0.089437 0.112421 0.094029 0.124650 0.110452 0.115655 0.094441 0.126145 0.073046 0.062396 0.033932 0.061119 0.034681 0.029374 0.089285 0.103882 0.082023 0.065731 0.110460 0.082432 0.028729 0.059320 0.069404 0.038425 0.087847 0.061377 0.085237 0.118654 0.109391 0.061985 0.073099 0.015370 0.101215 0.143579 0.126713 0.092250 0.086569
280000.013299 4.067985 0.125214 0.108205 0.113469 0.109752 0.125169 0.113392 0.124180 0.121376 0.109499 0.122579 0.101107 0.151571 0.142976 0.148836 0.121926 0.106652 0.134291 0.128332 0.138274 0.121678 0.126578 0.120782 0.118183 0.088399 0.115084 0.096803 0.124970 0.113710 0.118423 0.095544 0.126509 0.068799 0.056214 0.034655 0.062240 0.035063 0.026872 0.092236 0.102897 0.080763 0.068567 0.112312 0.078553 0.026781 0.054527 0.064373 0.034734 0.083383 0.063125 0.084499 0.119566 0.109180 0.061727 0.068181 0.012027 0.100480 0.147236 0.126800 0.087831 0.085081
281000.013347 4.628833 0.128119 0.112017 0.115941 0.114195 0.129820 0.118622 0.126020 0.121539 0.112434 0.125930 0.103412 0.153122 0.145615 0.149365 0.125756 0.109394 0.134224 0.131146 0.142046 0.122551 0.129743 0.121139 0.120379 0.090604 0.113317 0.094097 0.126452 0.109804 0.116201 0.095554 0.127687 0.073518 0.061735 0.034599 0.061444 0.036737 0.030155 0.088556 0.105499 0.083540 0.065510 0.111688 0.082930 0.031365 0.059145 0.070409 0.038351 0.088034 0.063890 0.085428 0.118957 0.110425 0.062474 0.071758 0.012829 0.102848 0.147207 0.129422 0.092086 0.087452
282000.013394 6.652595 0.128342 0.109689 0.111909 0.109390 0.123544 0.113094 0.125797 0.119004 0.107117 0.121118 0.097213 0.147581 0.141385 0.145962 0.123519 0.103940 0.131881 0.128127 0.136709 0.121339 0.127661 0.126984 0.127155 0.099656 0.118922 0.100260 0.131686 0.115548 0.116277 0.104277 0.130714 0.080266 0.064386 0.044312 0.049548 0.024907 0.033405 0.097967 0.113231 0.092442 0.072542 0.112762 0.082864 0.034478 0.057047 0.073434 0.046822 0.090674 0.051192 0.081119 0.118691 0.118215 0.053941 0.072527 0.015380 0.110618 0.142876 0.131029 0.092781 0.096753
283000.013442 7.996454 0.124702 0.107758 0.109966 0.110403 0.125233 0.112487 0.123784 0.117264 0.104691 0.123784 0.094703 0.149837 0.143532 0.146672 0.119912 0.103872 0.131642 0.124331 0.138496 0.118237 0.128993 0.124631 0.122581 0.093290 0.117778 0.098277 0.129321 0.115080 0.117832 0.099958 0.129840 0.074526 0.061995 0.037528 0.057412 0.028652 0.030658 0.095897 0.107609 0.085162 0.069534 0.113097 0.081840 0.026234 0.057356 0.067272 0.040033 0.088171 0.055811 0.084858 0.121071 0.114488 0.058332 0.074544 0.016862 0.104902 0.142968 0.128496 0.092864 0.090198
284000.013489 9.550044 0.132994 0.113046 0.118976 0.107182 0.119256 0.113785 0.131376 0.126827 0.111489 0.115277 0.104483 0.145402 0.135096 0.148429 0.128427 0.105990 0.138545 0.134690 0.130982 0.127502 0.118987 0.124926 0.126814 0.101173 0.117013 0.104059 0.131729 0.117198 0.114539 0.105721 0.125556 0.077675 0.057295 0.050680 0.047251 0.024463 0.025436 0.101300 0.114373 0.092274 0.079589 0.109434 0.071908 0.037715 0.046999 0.067175 0.045961 0.082510 0.048134 0.070832 0.110479 0.118874 0.045472 0.062641 0.018427 0.111209 0.144317 0.134841 0.083477 0.097829
285000.013537 10.141700 0.123993 0.108884 0.109344 0.113220 0.128751 0.115537 0.121807 0.114858 0.106485 0.126397 0.095209 0.150677 0.146205 0.145243 0.120451 0.105315 0.128213 0.124354 0.141643 0.116454 0.132506 0.123493 0.121646 0.092160 0.116455 0.094376 0.127281 0.111610 0.117667 0.097295 0.130771 0.077022 0.066109 0.034491 0.059859 0.032898 0.034517 0.090770 0.106564 0.085617 0.063897 0.113811 0.086736 0.029453 0.062058 0.073049 0.042202 0.092007 0.060795 0.088697 0.123134 0.112114 0.063354 0.077272 0.018989 0.103489 0.142648 0.126560 0.096037 0.089321
286000.013584 5.451542 0.128213 0.110688 0.113461 0.111059 0.125488 0.114579 0.126444 0.120460 0.108709 0.122985 0.098623 0.150154 0.143278 0.147986 0.123799 0.106092 0.133428 0.128819 0.138491 0.121954 0.128396 0.125042 0.124407 0.095830 0.117851 0.098673 0.130019 0.115029 0.117286 0.101065 0.129619 0.076931 0.062184 0.039914 0.054463 0.026553 0.029909 0.096006 0.110023 0.088375 0.070369 0.112736 0.081143 0.029834 0.055555 0.069859 0.042790 0.088512 0.055075 0.082357 0.119679 0.115406 0.056541 0.071793 0.013922 0.106521 0.144895 0.130545 0.091632 0.092976
287000.013632 5.156071 0.128981 0.109926 0.116681 0.108302 0.123289 0.114177 0.127474 0.124577 0.111553 0.119355 0.105293 0.150900 0.140678 0.150593 0.125363 0.106341 0.137185 0.132867 0.136041 0.125152 0.123334 0.123569 0.122590 0.094003 0.116924 0.100845 0.127828 0.115281 0.119036 0.100400 0.127759 0.071360 0.055123 0.041832 0.057930 0.034690 0.025168 0.094507 0.107965 0.085033 0.073288 0.113540 0.076222 0.034734 0.052387 0.067080 0.038031 0.081502 0.060859 0.080069 0.116703 0.113402 0.057471 0.063557 0.013540 0.106808 0.148984 0.130320 0.084137 0.089772
288000.013679 4.494933 0.124716 0.108559 0.111122 0.111779 0.127802 0.114885 0.123013 0.117441 0.107648 0.125312 0.097528 0.151886 0.145384 0.147381 0.121433 0.105608 0.131368 0.126045 0.140977 0.118801 0.130247 0.123122 0.120848 0.090483 0.115823 0.095280 0.127189 0.112198 0.118302 0.096780 0.129854 0.073960 0.062967 0.033775 0.061075 0.033845 0.032067 0.090876 0.105625 0.083924 0.065387 0.113876 0.084526 0.028714 0.060493 0.070111 0.038818 0.089227 0.061535 0.087889 0.122302 0.111623 0.063267 0.074310 0.012642 0.103066 0.145093 0.127485 0.093687 0.087691
289000.013727 11.103412 0.121059 0.105288 0.112466 0.109179 0.126276 0.113862 0.119994 0.119252 0.109837 0.122455 0.104313 0.152725 0.142856 0.148136 0.119841 0.105933 0.132703 0.127137 0.138624 0.119237 0.125140 0.115996 0.111808 0.080350 0.110218 0.092592 0.118859 0.108092 0.118273 0.088924 0.124390 0.062484 0.055045 0.030624 0.071754 0.047795 0.030178 0.083432 0.096046 0.073331 0.063754 0.112406 0.080687 0.032826 0.060527 0.065317 0.028254 0.080957 0.073563 0.089321 0.119109 0.102748 0.070130 0.067967 0.019869 0.096241 0.148081 0.121981 0.086312 0.076210
290000.013774 12.798538 0.126960 0.110123 0.111770 0.111337 0.125012 0.113398 0.126804 0.119390 0.105577 0.124156 0.095527 0.151352 0.144195 0.149123 0.121380 0.105167 0.134178 0.125278 0.138049 0.120518 0.128936 0.127173 0.125017 0.095744 0.120729 0.101779 0.132495 0.118687 0.119791 0.103289 0.131647 0.075779 0.061070 0.040970 0.056846 0.025507 0.029660 0.100187 0.110949 0.087565 0.073003 0.114378 0.079471 0.025771 0.054646 0.065702 0.041397 0.087030 0.052970 0.083084 0.121587 0.118395 0.055790 0.073678 0.021332 0.107018 0.144459 0.131495 0.091483 0.092766
291000.013822 3.245749 0.128931 0.110423 0.114819 0.109119 0.123713 0.113659 0.127189 0.122494 0.110639 0.121071 0.101826 0.150575 0.141810 0.149137 0.125096 0.106476 0.135666 0.130571 0.136953 0.124591 0.125297 0.125595 0.124769 0.096282 0.118784 0.101046 0.130499 0.116656 0.118503 0.102570 0.129124 0.075989 0.058968 0.043861 0.054480 0.030303 0.031209 0.097901 0.110681 0.089888 0.073647 0.113623 0.078842 0.035138 0.053383 0.069243 0.043244 0.085997 0.057050 0.080667 0.118420 0.115952 0.056416 0.066903 0.010743 0.107756 0.147524 0.131315 0.088122 0.093653
292000.013869 6.236381 0.123349 0.107315 0.111638 0.111737 0.128248 0.114135 0.122527 0.118640 0.108083 0.126167 0.099252 0.152599 0.145882 0.148028 0.120321 0.106402 0.132824 0.125910 0.141425 0.119547 0.130018 0.120168 0.116917 0.085486 0.113348 0.094031 0.124066 0.110818 0.117461 0.093322 0.127359 0.068456 0.059780 0.030165 0.066118 0.038684 0.031085 0.088889 0.101234 0.078606 0.064737 0.112353 0.083320 0.026233 0.060505 0.066317 0.033351 0.086196 0.065490 0.089102 0.121650 0.108141 0.065869 0.073463 0.014891 0.099403 0.146263 0.125682 0.092247 0.082553
293000.013917 11.647270 0.126353 0.108082 0.109995 0.108190 0.121789 0.110580 0.125657 0.118286 0.103713 0.121098 0.094068 0.148827 0.141734 0.147281 0.120315 0.102125 0.132663 0.124711 0.135670 0.119529 0.127153 0.128224 0.126567 0.098091 0.121389 0.102738 0.132634 0.118687 0.119158 0.105180 0.132095 0.076923 0.061273 0.043876 0.052897 0.023275 0.030926 0.100837 0.112359 0.089729 0.074320 0.114825 0.079954 0.029454 0.054607 0.067651 0.043623 0.087230 0.050055 0.081992 0.120688 0.119187 0.053763 0.072390 0.020350 0.109550 0.143151 0.130868 0.090749 0.094734
294000.013964 7.589297 0.126367 0.109048 0.117800 0.108978 0.124464 0.114284 0.125466 0.125966 0.114640 0.120862 0.108785 0.152128 0.140976 0.150507 0.124921 0.109545 0.138047 0.132625 0.137006 0.126235 0.122445 0.117353 0.114620 0.084677 0.111949 0.096315 0.121623 0.111720 0.117692 0.092911 0.122749 0.064536 0.051701 0.038278 0.067791 0.044899 0.029695 0.089915 0.099874 0.078578 0.070591 0.110970 0.075729 0.034769 0.053857 0.062882 0.033008 0.078821 0.070446 0.083625 0.116198 0.105474 0.065168 0.062053 0.016427 0.098207 0.151070 0.126445 0.083046 0.081606
295000.014012 6.380134 0.129944 0.111956 0.118492 0.108886 0.122354 0.115738 0.128057 0.125359 0.113082 0.117432 0.106456 0.147634 0.136939 0.148405 0.127347 0.107652 0.136706 0.134031 0.133440 0.125521 0.120096 0.119961 0.120508 0.093631 0.112834 0.098634 0.126100 0.112548 0.114690 0.098414 0.123209 0.072213 0.054858 0.043521 0.055621 0.033365 0.022929 0.093477 0.107358 0.085477 0.073088 0.108730 0.072938 0.035352 0.049426 0.065964 0.039476 0.080771 0.058300 0.075077 0.111127 0.111785 0.053439 0.061736 0.015062 0.104621 0.145784 0.130497 0.082694 0.090101
296000.014059 7.512268 0.127465 0.108126 0.114473 0.106361 0.120744 0.110501 0.127236 0.124073 0.108216 0.118872 0.101255 0.150578 0.140525 0.150673 0.122286 0.104688 0.137544 0.129495 0.134418 0.124365 0.123125 0.125274 0.122749 0.093761 0.119731 0.103581 0.129144 0.119357 0.120978 0.102106 0.128727 0.069586 0.052816 0.041781 0.057926 0.030262 0.024189 0.099300 0.107978 0.084227 0.075868 0.114426 0.073909 0.028318 0.049081 0.061848 0.036828 0.079789 0.057189 0.080275 0.118905 0.115071 0.055796 0.064028 0.016343 0.106090 0.148312 0.130092 0.083463 0.089745
297000.014107 6.297590 0.122926 0.107036 0.112720 0.111014 0.128225 0.115610 0.120648 0.118797 0.110305 0.124038 0.102535 0.151904 0.143987 0.146980 0.121629 0.106627 0.131361 0.128293 0.140818 0.118988 0.127985 0.116918 0.114473 0.083918 0.109913 0.090682 0.120359 0.106728 0.116278 0.089643 0.124944 0.068231 0.060458 0.029752 0.067600 0.043784 0.031944 0.083030 0.098396 0.077073 0.061971 0.111414 0.084188 0.032037 0.062139 0.069481 0.034026 0.086369 0.070562 0.089440 0.119635 0.103638 0.068713 0.071594 0.014964 0.097546 0.146442 0.123349 0.091094 0.080431
298000.014154 4.297040 0.127494 0.110524 0.112975 0.112481 0.127827 0.116396 0.124945 0.118393 0.109717 0.124805 0.100328 0.151444 0.144456 0.147243 0.124464 0.106809 0.132288 0.128395 0.140576 0.121166 0.129019 0.124755 0.124131 0.094822 0.116363 0.096333 0.129754 0.111784 0.116712 0.100102 0.130319 0.077608 0.064297 0.040117 0.057002 0.034712 0.035612 0.092348 0.109798 0.089226 0.067744 0.113397 0.084997 0.035900 0.060642 0.073459 0.043341 0.090999 0.059956 0.085046 0.119583 0.114791 0.060472 0.073207 0.012361 0.107622 0.145285 0.130293 0.093804 0.092160
299000.014202 7.163182 0.123474 0.107988 0.111158 0.111846 0.127710 0.115008 0.121700 0.117240 0.107971 0.124717 0.098359 0.150810 0.144203 0.146247 0.120614 0.106275 0.130479 0.125717 0.140019 0.118158 0.129127 0.119444 0.117036 0.086928 0.112794 0.092500 0.123579 0.109810 0.116408 0.092872 0.126659 0.071016 0.061289 0.030184 0.063317 0.036400 0.030380 0.087893 0.101907 0.080285 0.063079 0.111222 0.083248 0.025875 0.059662 0.068357 0.035671 0.087866 0.063867 0.087448 0.120377 0.107973 0.064149 0.073662 0.015959 0.099266 0.144062 0.125054 0.092340 0.083970
300000.014249 7.478633 0.126208 0.109498 0.112423 0.110175 0.124520 0.113751 0.124854 0.119218 0.107184 0.121976 0.097370 0.149443 0.141711 0.147199 0.121986 0.105193 0.132691 0.126701 0.136893 0.120134 0.126458 0.123324 0.121787 0.092876 0.116497 0.097685 0.128394 0.114697 0.117463 0.098788 0.128121 0.074587 0.061012 0.037932 0.057134 0.028051 0.028450 0.095070 0.107518 0.085396 0.069379 0.111968 0.079463 0.027117 0.055054 0.066807 0.040242 0.086915 0.055923 0.082476 0.119105 0.113691 0.057322 0.071902 0.016307 0.103807 0.143387 0.128884 0.090479 0.090189
301000.014297 13.002425 0.130783 0.110964 0.121567 0.106308 0.120112 0.114114 0.129518 0.130453 0.114963 0.114712 0.111364 0.147854 0.135383 0.150723 0.127579 0.108524 0.141133 0.137306 0.131160 0.129534 0.116696 0.119278 0.118562 0.091632 0.113446 0.101792 0.123802 0.115235 0.117784 0.097898 0.121798 0.066083 0.048349 0.044425 0.061247 0.039797 0.019589 0.094518 0.104839 0.080923 0.077146 0.109845 0.068396 0.035534 0.045894 0.061353 0.035423 0.074473 0.063855 0.074887 0.110909 0.110222 0.056059 0.055979 0.021501 0.103779 0.149452 0.129725 0.076663 0.086844
302000.014344 6.519654 0.127746 0.108997 0.115236 0.106707 0.120502 0.111552 0.127351 0.123932 0.108666 0.117695 0.101576 0.148411 0.138397 0.149005 0.123326 0.104673 0.136628 0.130200 0.133265 0.123728 0.121587 0.122703 0.121406 0.093254 0.116547 0.101372 0.127675 0.116416 0.117602 0.100387 0.125987 0.070011 0.053172 0.041652 0.056118 0.028757 0.020599 0.097122 0.107248 0.083713 0.074680 0.111380 0.072518 0.028457 0.048295 0.061971 0.036586 0.079312 0.055218 0.077455 0.115352 0.113532 0.053202 0.063422 0.015225 0.104827 0.145890 0.129948 0.082944 0.089384
303000.014392 7.878779 0.126352 0.111681 0.111004 0.114443 0.128454 0.118002 0.122456 0.114518 0.109214 0.125006 0.097319 0.146963 0.143029 0.141754 0.124243 0.106989 0.126266 0.126573 0.140002 0.117428 0.130323 0.121526 0.122826 0.095744 0.113167 0.091766 0.127700 0.107725 0.111770 0.097812 0.127505 0.082239 0.068543 0.040194 0.052797 0.031070 0.037217 0.090064 0.109437 0.091409 0.063763 0.109001 0.086527 0.036571 0.061122 0.077090 0.047874 0.094772 0.057225 0.083193 0.117073 0.112626 0.058293 0.076015 0.016737 0.104996 0.139025 0.127948 0.096491 0.093916
304000.014439 3.370894 0.124240 0.107147 0.110290 0.108799 0.124098 0.111987 0.122833 0.117209 0.106134 0.121826 0.096674 0.149163 0.141884 0.145854 0.120570 0.103567 0.131190 0.125275 0.137262 0.118732 0.126337 0.123047 0.121288 0.092035 0.116180 0.096932 0.127574 0.113276 0.116946 0.098518 0.128132 0.073782 0.060527 0.037946 0.056961 0.030689 0.030683 0.093744 0.106497 0.085381 0.068476 0.112480 0.080954 0.030404 0.056616 0.068193 0.039719 0.086921 0.057571 0.083702 0.119332 0.112532 0.058804 0.071174 0.010948 0.103964 0.143479 0.127419 0.090588 0.089312
305000.014487 4.036751 0.129254 0.110634 0.115685 0.109168 0.123357 0.114077 0.127395 0.123340 0.110410 0.119957 0.102012 0.148556 0.140250 0.148164 0.125289 0.106303 0.135332 0.131567 0.135930 0.124368 0.124810 0.123031 0.122914 0.095039 0.115644 0.099099 0.128058 0.114095 0.115742 0.100255 0.126755 0.074391 0.058388 0.041414 0.053925 0.028506 0.026278 0.095234 0.108976 0.086953 0.072383 0.110691 0.077541 0.031037 0.052376 0.067971 0.040960 0.084703 0.055402 0.078901 0.115868 0.113927 0.054453 0.066798 0.011980 0.106164 0.145573 0.130539 0.087597 0.091817
306000.014534 5.813067 0.130503 0.113657 0.117672 0.114165 0.129441 0.119765 0.127432 0.122981 0.114310 0.124442 0.105490 0.152369 0.144487 0.149601 0.128149 0.109972 0.134624 0.133873 0.141270 0.124293 0.128942 0.122636 0.123184 0.094746 0.114432 0.095654 0.127997 0.110661 0.116262 0.098147 0.128356 0.077178 0.063421 0.039226 0.057975 0.036131 0.031380 0.089825 0.108715 0.087494 0.067634 0.112107 0.083196 0.036338 0.058999 0.074019 0.042889 0.089408 0.062827 0.083395 0.117775 0.112487 0.060686 0.070838 0.014377 0.106216 0.147629 0.131046 0.091920 0.091473
307000.014582 6.406867 0.128740 0.108854 0.115634 0.105193 0.118980 0.110103 0.128531 0.125271 0.108324 0.116693 0.101104 0.148306 0.137746 0.149780 0.123589 0.104128 0.138372 0.130628 0.132378 0.125142 0.120601 0.125371 0.123785 0.095710 0.119310 0.104500 0.130235 0.119985 0.119624 0.103339 0.127437 0.071424 0.053610 0.044848 0.054918 0.026605 0.022867 0.101261 0.109538 0.086188 0.078122 0.113229 0.072016 0.029994 0.047444 0.061379 0.039300 0.079804 0.053133 0.077285 0.116751 0.116210 0.052411 0.063508 0.015093 0.107045 0.146642 0.131584 0.083098 0.092160
308000.014629 1.720349 0.128321 0.110100 0.116247 0.109727 0.125120 0.114840 0.126687 0.123577 0.111778 0.121479 0.104469 0.151569 0.142077 0.149984 0.125336 0.107290 0.136453 0.131949 0.138025 0.124492 0.124946 0.122542 0.121560 0.092458 0.115398 0.098404 0.127361 0.113406 0.117651 0.098619 0.127096 0.071754 0.057073 0.039691 0.058720 0.035397 0.028225 0.092961 0.106615 0.084569 0.071033 0.112483 0.078314 0.033840 0.054377 0.067328 0.038243 0.083691 0.061782 0.081734 0.117175 0.111866 0.059091 0.065960 0.007821 0.104983 0.148520 0.129912 0.087061 0.088968
309000.014677 2.636145 0.125750 0.108317 0.112292 0.109300 0.124458 0.113119 0.124317 0.119645 0.108063 0.121878 0.099045 0.150528 0.142314 0.147866 0.122147 0.105163 0.133111 0.127443 0.137636 0.120736 0.126374 0.123285 0.121437 0.092100 0.116704 0.097821 0.127710 0.114281 0.118283 0.098652 0.128454 0.072779 0.058978 0.037581 0.057918 0.031411 0.028776 0.093874 0.106572 0.084906 0.069311 0.113141 0.079991 0.029314 0.055450 0.067363 0.038524 0.085852 0.059010 0.083499 0.119581 0.112591 0.059111 0.069482 0.009681 0.104096 0.145717 0.128307 0.089343 0.088972
310000.014724 3.563002 0.128111 0.110684 0.115663 0.110422 0.125581 0.116089 0.125477 0.121966 0.111715 0.121028 0.103512 0.149819 0.141194 0.147957 0.125538 0.107154 0.133801 0.131715 0.137636 0.122883 0.125353 0.121247 0.121048 0.092715 0.113635 0.096012 0.126113 0.111103 0.115953 0.097100 0.126354 0.074052 0.059993 0.038624 0.057328 0.034233 0.028396 0.090447 0.106615 0.085308 0.068481 0.111069 0.080019 0.033993 0.055906 0.070413 0.040193 0.086103 0.060926 0.081590 0.116366 0.111038 0.058950 0.067855 0.011255 0.104319 0.146041 0.128872 0.088679 0.089405
311000.014772 7.953718 0.127096 0.108289 0.114723 0.107325 0.121917 0.111446 0.127442 0.123688 0.107447 0.119767 0.100713 0.150635 0.140524 0.150500 0.122273 0.104217 0.137744 0.129194 0.135290 0.123161 0.123363 0.124216 0.121833 0.092395 0.117787 0.102206 0.128831 0.117345 0.119512 0.100830 0.128033 0.068757 0.054004 0.041053 0.059475 0.031457 0.022644 0.097517 0.106950 0.082206 0.074978 0.113645 0.074272 0.027884 0.051249 0.060842 0.035271 0.079686 0.057114 0.080714 0.117833 0.114293 0.056245 0.066159 0.016817 0.105391 0.147185 0.130527 0.084808 0.088266
312000.014819 14.524228 0.123287 0.104013 0.114381 0.102616 0.118165 0.107034 0.124431 0.125523 0.107863 0.116166 0.103629 0.149585 0.137907 0.149988 0.118911 0.103274 0.138457 0.128782 0.131764 0.123822 0.118820 0.119667 0.114632 0.084543 0.115631 0.102564 0.122005 0.118011 0.121713 0.095702 0.123787 0.058244 0.044917 0.038823 0.068130 0.040356 0.019750 0.095866 0.099107 0.073723 0.075968 0.113364 0.069425 0.027559 0.048358 0.053978 0.026950 0.071232 0.065477 0.082419 0.117836 0.107645 0.062054 0.059650 0.022725 0.098778 0.149136 0.124836 0.077374 0.079972
313000.014867 4.323706 0.129169 0.109659 0.118110 0.107357 0.122513 0.113796 0.127538 0.126210 0.113427 0.118328 0.107954 0.149716 0.138509 0.149919 0.126686 0.107443 0.138727 0.134150 0.135114 0.126991 0.120445 0.121901 0.121153 0.093221 0.115030 0.100814 0.126876 0.114679 0.117610 0.099826 0.124985 0.070568 0.054151 0.045089 0.059274 0.039725 0.029770 0.095057 0.106825 0.085588 0.075403 0.111950 0.075440 0.039354 0.052731 0.066428 0.039274 0.081113 0.063282 0.079183 0.114202 0.111875 0.058443 0.061684 0.012399 0.106247 0.149440 0.130363 0.083569 0.089618
314000.014914 4.001561 0.128058 0.110484 0.116097 0.109647 0.124357 0.115541 0.125923 0.122559 0.111484 0.119873 0.103907 0.149189 0.139548 0.148007 0.125442 0.106972 0.134810 0.131556 0.136061 0.123264 0.123084 0.120461 0.120076 0.091718 0.112893 0.096197 0.125782 0.111051 0.115354 0.096811 0.125024 0.072304 0.057770 0.039272 0.057670 0.034710 0.026753 0.090880 0.105995 0.084252 0.069376 0.110122 0.077556 0.033122 0.053988 0.067659 0.038459 0.084016 0.060354 0.079907 0.114515 0.110797 0.057521 0.066115 0.011928 0.103719 0.145783 0.129097 0.086659 0.088482
315000.014962 13.305302 0.132326 0.111484 0.116661 0.105263 0.117153 0.110712 0.131583 0.125932 0.108397 0.115032 0.101194 0.146323 0.136053 0.149424 0.126081 0.103632 0.139015 0.132204 0.130139 0.126965 0.119540 0.129226 0.130046 0.104053 0.122277 0.108744 0.135477 0.122498 0.117885 0.110280 0.129034 0.078850 0.056855 0.053584 0.045631 0.019049 0.027224 0.107332 0.117380 0.094805 0.083374 0.112734 0.071274 0.037654 0.045297 0.066005 0.047886 0.082240 0.044027 0.071465 0.113861 0.123197 0.043814 0.063354 0.021750 0.114113 0.144990 0.135888 0.083097 0.100669
316000.015009 9.909559 0.121329 0.105831 0.113379 0.108789 0.124729 0.113303 0.120015 0.120708 0.111127 0.120987 0.105028 0.150166 0.140461 0.146491 0.120357 0.107321 0.132406 0.127959 0.136585 0.120281 0.123199 0.112426 0.109016 0.079005 0.107612 0.091010 0.116142 0.107076 0.115001 0.086582 0.119822 0.061032 0.051892 0.030336 0.069843 0.045918 0.027724 0.083765 0.093789 0.072534 0.064114 0.108041 0.077058 0.029919 0.055680 0.062297 0.027530 0.079124 0.072107 0.085504 0.115395 0.099718 0.067144 0.064697 0.018771 0.092519 0.146695 0.120687 0.083922 0.075419
317000.015057 17.784388 0.122143 0.104891 0.114065 0.106027 0.121341 0.109200 0.123896 0.124567 0.107745 0.119642 0.102650 0.151691 0.140748 0.150674 0.118217 0.104988 0.137510 0.127518 0.134738 0.121950 0.122349 0.117511 0.112129 0.081407 0.114104 0.099743 0.120359 0.115925 0.120868 0.092514 0.123196 0.056695 0.046381 0.034481 0.071138 0.041683 0.019150 0.093238 0.095979 0.069698 0.072975 0.112394 0.070768 0.021766 0.049891 0.052326 0.024070 0.072072 0.068082 0.084648 0.118704 0.104876 0.064473 0.063126 0.025146 0.094764 0.149045 0.123730 0.079844 0.076414
318000.015104 9.248735 0.128832 0.109179 0.116824 0.106080 0.119881 0.112580 0.127171 0.124947 0.110406 0.115402 0.105305 0.145854 0.135649 0.147303 0.125168 0.104701 0.136328 0.133175 0.131721 0.124695 0.119129 0.120726 0.121173 0.095011 0.113638 0.100875 0.125836 0.113492 0.114562 0.100224 0.123357 0.070852 0.053234 0.045324 0.054070 0.033668 0.022473 0.095000 0.107482 0.084741 0.075654 0.108949 0.072392 0.036299 0.048993 0.065587 0.038982 0.079029 0.056718 0.074503 0.110604 0.112390 0.051735 0.060802 0.018134 0.106748 0.144784 0.129533 0.081356 0.090432
319000.015152 8.197590 0.127485 0.109705 0.111360 0.110213 0.124938 0.113641 0.125172 0.118207 0.106677 0.122708 0.095724 0.149459 0.143096 0.146971 0.122518 0.104371 0.131867 0.126725 0.138060 0.120463 0.128970 0.127633 0.126469 0.097711 0.119965 0.099776 0.131685 0.116812 0.119163 0.102975 0.132216 0.079946 0.065902 0.041315 0.053874 0.025694 0.034256 0.097618 0.112207 0.091107 0.070684 0.114882 0.084451 0.031655 0.059030 0.072901 0.046106 0.092007 0.053542 0.084708 0.122303 0.117976 0.057890 0.075268 0.017072 0.108875 0.143601 0.130413 0.094412 0.095323
320000.015199 6.051111 0.129175 0.109088 0.117466 0.105651 0.119822 0.111087 0.128876 0.127177 0.110444 0.116997 0.104606 0.148854 0.137904 0.150349 0.124667 0.105608 0.139757 0.132775 0.132855 0.126904 0.119993 0.123261 0.121812 0.093833 0.117288 0.103980 0.128136 0.118687 0.118875 0.101544 0.125402 0.068701 0.050859 0.044327 0.057368 0.031221 0.021140 0.099672 0.107542 0.083939 0.078220 0.111948 0.070592 0.031571 0.046662 0.060294 0.036853 0.077393 0.056809 0.076647 0.115132 0.114047 0.053585 0.060812 0.014668 0.105737 0.148076 0.130933 0.080999 0.089998
321000.015247 9.155294 0.127595 0.109622 0.113794 0.108640 0.122551 0.113307 0.125935 0.121339 0.108345 0.119332 0.099987 0.147832 0.139804 0.147142 0.123335 0.104735 0.133404 0.129543 0.134890 0.121851 0.124667 0.123150 0.122665 0.095405 0.116574 0.099922 0.127967 0.115143 0.116602 0.100627 0.127072 0.074587 0.058399 0.041801 0.053988 0.027613 0.025334 0.096158 0.108716 0.086522 0.072503 0.111104 0.076878 0.030993 0.051903 0.067792 0.041205 0.084215 0.054651 0.078824 0.116385 0.114134 0.053960 0.067437 0.018042 0.105864 0.143849 0.129235 0.086912 0.091746
322000.015294 4.556572 0.132218 0.114385 0.117921 0.112945 0.127339 0.119366 0.128130 0.122818 0.114594 0.122056 0.105441 0.149062 0.141371 0.147431 0.130000 0.109235 0.133956 0.134893 0.138948 0.125264 0.126622 0.123668 0.126062 0.099280 0.114163 0.096532 0.129836 0.110118 0.113344 0.101320 0.127612 0.081692 0.065522 0.045386 0.050951 0.033605 0.034995 0.092066 0.112675 0.093236 0.070305 0.110310 0.083496 0.041541 0.058476 0.077295 0.048424 0.091603 0.057942 0.079492 0.114221 0.115202 0.056059 0.069747 0.012728 0.109941 0.145491 0.132826 0.092355 0.096621
323000.015342 7.503454 0.128283 0.109682 0.112891 0.108358 0.122247 0.111625 0.127835 0.121488 0.106405 0.121072 0.096895 0.150803 0.142148 0.149999 0.122658 0.104080 0.135910 0.127501 0.136168 0.122607 0.126087 0.128881 0.127117 0.098192 0.122252 0.104201 0.133737 0.120500 0.120824 0.105670 0.132041 0.076474 0.059705 0.044528 0.053479 0.023239 0.029412 0.102165 0.112755 0.089879 0.076076 0.115705 0.077815 0.029671 0.052261 0.065928 0.043416 0.085733 0.051380 0.081029 0.120815 0.119597 0.053917 0.069866 0.016334 0.109388 0.146247 0.132731 0.089156 0.095134
324000.015389 6.030472 0.131432 0.111305 0.119125 0.106548 0.119823 0.113141 0.129659 0.127909 0.113152 0.115670 0.106841 0.146622 0.136243 0.148749 0.127632 0.107023 0.138574 0.135666 0.132147 0.128154 0.119509 0.122143 0.122987 0.096985 0.115737 0.102567 0.127622 0.116362 0.115727 0.101962 0.123781 0.073090 0.053384 0.047278 0.052402 0.030194 0.023378 0.098511 0.109543 0.087997 0.077961 0.109637 0.071422 0.036497 0.046166 0.065602 0.041998 0.079845 0.055692 0.073317 0.111835 0.113847 0.050879 0.059367 0.014643 0.107121 0.146877 0.131504 0.081244 0.093307
325000.015437 8.866897 0.124568 0.107904 0.109229 0.112090 0.128540 0.113645 0.123494 0.116032 0.105104 0.127396 0.094181 0.153138 0.147826 0.148218 0.119929 0.104292 0.131748 0.123589 0.142598 0.118297 0.133214 0.127783 0.124486 0.093121 0.119994 0.098320 0.131023 0.115714 0.121255 0.100823 0.134476 0.076768 0.066747 0.036174 0.061912 0.033666 0.037099 0.094764 0.109054 0.086753 0.067533 0.117542 0.088375 0.029500 0.064550 0.072192 0.042074 0.092530 0.060025 0.091581 0.126778 0.116226 0.065119 0.079226 0.017756 0.106937 0.145466 0.129208 0.097798 0.090634
326000.015484 3.220005 0.128206 0.110191 0.115107 0.109897 0.125290 0.115001 0.126182 0.121919 0.110313 0.121544 0.101800 0.150104 0.141656 0.148468 0.124843 0.106316 0.134994 0.130697 0.137632 0.123267 0.125546 0.123258 0.122489 0.093584 0.115512 0.098200 0.128245 0.113819 0.117214 0.099071 0.127608 0.074654 0.060543 0.039534 0.057136 0.031867 0.028918 0.093891 0.108139 0.086352 0.070506 0.112080 0.080055 0.032925 0.056121 0.069369 0.040623 0.086598 0.058424 0.082004 0.117952 0.113582 0.058265 0.069435 0.010700 0.105612 0.145996 0.130015 0.089577 0.090819
327000.015532 2.472050 0.129432 0.110465 0.114967 0.108859 0.123315 0.113811 0.127244 0.122151 0.109783 0.120017 0.101026 0.148442 0.140140 0.147716 0.125422 0.105483 0.134982 0.130925 0.136148 0.123859 0.124588 0.124873 0.125106 0.097154 0.116821 0.099689 0.130187 0.114698 0.116093 0.102127 0.128115 0.077094 0.061049 0.043524 0.052076 0.027935 0.030229 0.096532 0.111096 0.089953 0.072836 0.111842 0.079570 0.034786 0.054598 0.070222 0.043866 0.087331 0.054078 0.079498 0.116579 0.115911 0.054350 0.068691 0.009375 0.108483 0.145068 0.131528 0.089507 0.094414
328000.015579 4.453848 0.127570 0.108683 0.114118 0.107246 0.122192 0.111940 0.126639 0.122253 0.107982 0.119284 0.100240 0.149416 0.140163 0.148923 0.123237 0.103805 0.135788 0.129586 0.135432 0.122709 0.123623 0.124936 0.123716 0.094995 0.117734 0.101461 0.129658 0.116390 0.118389 0.101771 0.128435 0.073161 0.057578 0.042426 0.055386 0.029154 0.026136 0.097128 0.109061 0.086161 0.074018 0.113394 0.076872 0.032480 0.052960 0.066150 0.039989 0.083179 0.055348 0.080210 0.117583 0.115192 0.055354 0.067055 0.012584 0.107168 0.146034 0.130653 0.086815 0.091529
329000.015627 9.634675 0.127152 0.108797 0.117510 0.108696 0.124182 0.113241 0.127784 0.126734 0.110912 0.121408 0.105528 0.153751 0.142309 0.153316 0.123170 0.107627 0.140592 0.131403 0.137067 0.125724 0.123467 0.121606 0.117818 0.086903 0.116073 0.100843 0.125714 0.116741 0.121375 0.096578 0.126515 0.062883 0.050529 0.036443 0.067106 0.039308 0.021435 0.094425 0.102359 0.076393 0.073511 0.113893 0.073397 0.025584 0.051711 0.057466 0.028578 0.076948 0.065465 0.083533 0.118918 0.110394 0.062070 0.064645 0.018509 0.101214 0.151242 0.129172 0.083035 0.082473
330000.015674 11.471836 0.123435 0.106240 0.108381 0.108533 0.123390 0.110241 0.123311 0.116578 0.102683 0.123023 0.092850 0.150532 0.143466 0.147404 0.117777 0.101974 0.132053 0.122225 0.137307 0.117594 0.128274 0.126662 0.123116 0.093017 0.120542 0.100984 0.130293 0.118378 0.121203 0.101530 0.131919 0.073491 0.060965 0.038860 0.059644 0.028405 0.031257 0.098623 0.108202 0.085263 0.071293 0.116029 0.081281 0.026258 0.057291 0.065539 0.039691 0.086846 0.055647 0.086468 0.123736 0.116128 0.059695 0.074437 0.020196 0.105519 0.143652 0.128168 0.091609 0.090054
331000.015722 9.971409 0.132481 0.111204 0.121010 0.104271 0.117189 0.111753 0.131688 0.130643 0.112858 0.113055 0.108373 0.146087 0.133711 0.150155 0.127885 0.106422 0.142308 0.136637 0.129145 0.130320 0.115090 0.123573 0.123684 0.097291 0.117114 0.106194 0.129061 0.119526 0.117950 0.103920 0.123740 0.070475 0.049664 0.049703 0.054258 0.031320 0.020315 0.101695 0.110532 0.087003 0.081960 0.110783 0.066665 0.036696 0.042718 0.060700 0.040322 0.075597 0.054698 0.071220 0.110843 0.116205 0.049051 0.056305 0.018829 0.108639 0.147784 0.133314 0.077081 0.093323
332000.015769 5.615121 0.125539 0.109598 0.111718 0.112579 0.128051 0.115524 0.123623 0.117814 0.108084 0.125437 0.097352 0.151054 0.145095 0.146932 0.122067 0.106462 0.131221 0.126457 0.140721 0.119308 0.130538 0.122765 0.121085 0.091302 0.115518 0.094919 0.127315 0.112302 0.117270 0.096768 0.129096 0.075291 0.063916 0.033966 0.059757 0.031693 0.031858 0.091648 0.106200 0.084820 0.065514 0.112518 0.084298 0.027445 0.059790 0.070412 0.040301 0.090184 0.059990 0.086721 0.121624 0.112032 0.061934 0.075100 0.014130 0.102763 0.144111 0.127800 0.094280 0.088813
333000.015817 7.445895 0.125863 0.108744 0.115081 0.110151 0.126144 0.115007 0.124797 0.122382 0.110569 0.122371 0.103883 0.152386 0.143091 0.149965 0.123137 0.106512 0.135137 0.130470 0.138944 0.121850 0.126321 0.120384 0.118201 0.088266 0.113634 0.096522 0.124286 0.111355 0.118250 0.095116 0.126880 0.067720 0.056257 0.035213 0.064227 0.039608 0.025852 0.088764 0.102583 0.078960 0.068164 0.112959 0.079232 0.031152 0.056941 0.066137 0.033310 0.082091 0.065810 0.085133 0.118370 0.108551 0.063170 0.067508 0.016271 0.101981 0.148314 0.127351 0.087029 0.083736
334000.015864 7.552793 0.123578 0.108932 0.111384 0.114298 0.130825 0.116642 0.121826 0.116839 0.109007 0.128067 0.098496 0.152589 0.147286 0.146814 0.121182 0.107737 0.130424 0.125591 0.143464 0.118120 0.132582 0.119593 0.117045 0.085791 0.112241 0.090643 0.123763 0.108300 0.116309 0.091787 0.127881 0.072100 0.064509 0.027549 0.066246 0.039252 0.034201 0.085798 0.101514 0.080165 0.060465 0.111935 0.087193 0.026942 0.064064 0.070709 0.036544 0.090708 0.066607 0.091215 0.122703 0.107380 0.067875 0.077331 0.016387 0.098763 0.144843 0.125383 0.096183 0.083391
335000.015912 2.932627 0.128017 0.110278 0.114897 0.110137 0.124867 0.114647 0.126412 0.122000 0.109897 0.121628 0.101377 0.150349 0.141713 0.148772 0.124489 0.106435 0.134865 0.130140 0.137658 0.122646 0.125798 0.123041 0.122313 0.093523 0.115629 0.098007 0.128283 0.113514 0.116877 0.099153 0.127650 0.073491 0.059144 0.039193 0.056605 0.031142 0.027594 0.093699 0.107668 0.085484 0.070444 0.111946 0.079019 0.030838 0.054712 0.067456 0.039363 0.085518 0.057993 0.081491 0.117415 0.113064 0.057139 0.068763 0.010211 0.105253 0.146028 0.130174 0.089057 0.090188
336000.015959 15.637285 0.130619 0.110114 0.118241 0.105282 0.118391 0.109812 0.132063 0.129235 0.108862 0.117064 0.103150 0.150770 0.138797 0.153600 0.123979 0.105394 0.143250 0.132042 0.131811 0.128432 0.119914 0.127840 0.125031 0.096430 0.122840 0.109589 0.132660 0.125248 0.123453 0.106251 0.128999 0.068730 0.049450 0.047368 0.058790 0.027870 0.019449 0.106399 0.110933 0.084918 0.083169 0.115522 0.067301 0.028012 0.043349 0.055329 0.037488 0.075204 0.053462 0.076692 0.118350 0.119340 0.051897 0.061863 0.023579 0.108328 0.149665 0.134154 0.079606 0.092286
337000.016007 3.324038 0.125206 0.107465 0.113025 0.108458 0.124051 0.112425 0.124095 0.121061 0.109117 0.121456 0.101244 0.151032 0.142102 0.148592 0.121864 0.105719 0.134398 0.128223 0.137332 0.121972 0.125332 0.121753 0.119217 0.089559 0.115816 0.097893 0.125739 0.114185 0.118620 0.097065 0.127060 0.069319 0.055835 0.036762 0.060996 0.035503 0.028140 0.093064 0.104172 0.082273 0.069757 0.112878 0.078509 0.029433 0.054569 0.065305 0.035384 0.083225 0.062369 0.083917 0.119185 0.110433 0.060953 0.067125 0.010871 0.102414 0.147415 0.127205 0.087169 0.086193
338000.016054 7.008947 0.124865 0.107367 0.113009 0.106492 0.120368 0.111591 0.124116 0.120721 0.107948 0.117507 0.101494 0.147923 0.137243 0.146910 0.121773 0.104113 0.133991 0.127712 0.132504 0.120977 0.119923 0.120521 0.118757 0.090974 0.114991 0.099642 0.125890 0.114640 0.116996 0.098408 0.124403 0.068910 0.052090 0.042075 0.057926 0.033951 0.024241 0.095328 0.105026 0.083179 0.072935 0.110650 0.072450 0.032676 0.049251 0.062176 0.035717 0.079079 0.058746 0.077682 0.113892 0.111322 0.055105 0.062450 0.015786 0.103014 0.144485 0.127481 0.081898 0.087234
339000.016102 10.114517 0.125704 0.109821 0.111584 0.113620 0.129136 0.116572 0.123514 0.117111 0.107829 0.126298 0.098041 0.151509 0.145907 0.146880 0.122145 0.106409 0.130655 0.126496 0.141681 0.118437 0.131500 0.123577 0.122195 0.092696 0.115794 0.095161 0.128025 0.111402 0.117317 0.097813 0.130400 0.075950 0.065041 0.035345 0.060091 0.034847 0.033637 0.090639 0.107130 0.085143 0.065399 0.113310 0.085856 0.030756 0.061873 0.072233 0.040920 0.091071 0.061176 0.087579 0.121497 0.112891 0.062384 0.076424 0.018964 0.105011 0.143908 0.128235 0.095237 0.089364
340000.016149 8.309043 0.132601 0.112349 0.116451 0.108247 0.121960 0.114614 0.129261 0.123562 0.111476 0.117910 0.103405 0.147507 0.138999 0.148278 0.128206 0.105262 0.135502 0.134011 0.134756 0.126122 0.123843 0.128970 0.130836 0.104583 0.120453 0.104257 0.134060 0.117512 0.116958 0.108309 0.130747 0.083011 0.063530 0.051777 0.045480 0.027346 0.034368 0.100624 0.117542 0.097215 0.077764 0.113746 0.080420 0.043642 0.054600 0.076248 0.051286 0.089240 0.051352 0.076473 0.115286 0.121230 0.050939 0.066962 0.017188 0.115426 0.145997 0.134479 0.088864 0.101409
341000.016197 8.635212 0.122523 0.105078 0.111007 0.107028 0.122797 0.110080 0.122655 0.119993 0.105506 0.120942 0.098153 0.150459 0.141807 0.148244 0.118304 0.103065 0.133703 0.125509 0.136377 0.119233 0.125416 0.120793 0.116879 0.086458 0.115212 0.098194 0.123875 0.114342 0.119280 0.095393 0.126705 0.064949 0.053870 0.033608 0.064098 0.035233 0.023566 0.092491 0.101107 0.076729 0.069662 0.113014 0.077076 0.023056 0.054274 0.060924 0.030572 0.079959 0.062065 0.085279 0.119956 0.108877 0.061760 0.068036 0.017522 0.099946 0.145985 0.125177 0.086050 0.082263
342000.016244 11.193485 0.129309 0.108389 0.116135 0.102481 0.115416 0.108280 0.129073 0.125989 0.107625 0.112745 0.101766 0.144704 0.133819 0.147786 0.123683 0.102137 0.138502 0.131559 0.128374 0.125714 0.116549 0.124807 0.124352 0.097840 0.118436 0.106074 0.129886 0.119916 0.117425 0.104886 0.125297 0.071975 0.052149 0.049103 0.051625 0.025150 0.021361 0.102938 0.110858 0.087543 0.080972 0.111273 0.068608 0.034281 0.044351 0.061198 0.041351 0.077273 0.049206 0.072702 0.112905 0.117098 0.047591 0.060365 0.019950 0.108749 0.144268 0.131742 0.079545 0.094087
343000.016292 5.412058 0.127556 0.109255 0.112428 0.108851 0.123198 0.112218 0.126128 0.120217 0.106946 0.121215 0.097005 0.148944 0.141749 0.147429 0.122704 0.104167 0.133518 0.127847 0.136731 0.121482 0.126726 0.125971 0.125197 0.096911 0.118870 0.100478 0.130827 0.116561 0.117648 0.102636 0.129612 0.077043 0.061639 0.042259 0.052823 0.024478 0.030269 0.098426 0.110631 0.089061 0.072765 0.113086 0.080013 0.030782 0.054362 0.068732 0.043882 0.087634 0.052739 0.081415 0.119509 0.116366 0.054966 0.071045 0.013872 0.107332 0.144185 0.130548 0.090754 0.094119
344000.016339 7.067886 0.128604 0.110434 0.114461 0.109565 0.123361 0.114358 0.126419 0.121310 0.109240 0.119782 0.100964 0.147246 0.139673 0.146408 0.124732 0.105301 0.133144 0.130570 0.135607 0.122293 0.124962 0.122620 0.123345 0.096407 0.114964 0.098293 0.128072 0.112526 0.113995 0.100645 0.126441 0.076126 0.059984 0.042701 0.051830 0.028534 0.027602 0.094520 0.109545 0.087949 0.071695 0.109669 0.078339 0.033498 0.053340 0.069904 0.042570 0.085847 0.054213 0.077976 0.114413 0.114039 0.052926 0.067967 0.015853 0.107054 0.143271 0.130064 0.088318 0.092831
345000.016387 11.151593 0.131229 0.111658 0.112992 0.109060 0.122740 0.112988 0.128728 0.120597 0.107387 0.120778 0.096226 0.148118 0.141796 0.147619 0.125497 0.103557 0.133759 0.129605 0.136739 0.123213 0.128221 0.132539 0.133401 0.106470 0.124108 0.105494 0.137561 0.120607 0.118675 0.110824 0.134545 0.086638 0.068622 0.051726 0.044530 0.019136 0.037941 0.104793 0.119652 0.099390 0.078241 0.116071 0.084247 0.040200 0.057682 0.076912 0.054323 0.093925 0.045927 0.080545 0.120784 0.124376 0.051800 0.074469 0.019912 0.116127 0.143951 0.135142 0.095011 0.104062
346000.016434 8.830283 0.126044 0.109775 0.114120 0.111515 0.126534 0.115100 0.125197 0.121145 0.109054 0.123553 0.100189 0.151304 0.143380 0.148844 0.122434 0.106979 0.134129 0.128340 0.138838 0.121020 0.127651 0.120625 0.118541 0.088786 0.114000 0.095760 0.125418 0.112344 0.117072 0.095217 0.126620 0.070140 0.058630 0.033331 0.062160 0.033725 0.025548 0.091135 0.103608 0.080150 0.067408 0.111210 0.079215 0.023918 0.055724 0.064908 0.034984 0.084555 0.061104 0.084329 0.118952 0.109986 0.060648 0.071043 0.017719 0.100649 0.145613 0.127871 0.089624 0.085348
347000.016482 7.261873 0.123915 0.107493 0.112354 0.109926 0.125476 0.113341 0.123063 0.119858 0.108184 0.122888 0.100077 0.151544 0.143131 0.148365 0.120473 0.106054 0.133336 0.126634 0.138075 0.120227 0.126653 0.120064 0.116868 0.086532 0.114264 0.095849 0.123991 0.112748 0.118345 0.094202 0.126465 0.067431 0.056153 0.031994 0.063921 0.036160 0.026285 0.090714 0.101755 0.078663 0.066906 0.112026 0.078798 0.024294 0.055430 0.063717 0.032270 0.083028 0.063611 0.085408 0.119730 0.108708 0.062504 0.069365 0.016069 0.099512 0.146280 0.125739 0.087918 0.083038
348000.016529 8.179122 0.121273 0.105475 0.110454 0.109360 0.125172 0.112548 0.120530 0.117550 0.106855 0.122544 0.099625 0.150180 0.142313 0.146097 0.118673 0.104622 0.130953 0.124962 0.137695 0.117591 0.126112 0.117426 0.114235 0.084252 0.111850 0.093940 0.121271 0.109886 0.116337 0.092004 0.124501 0.065277 0.055039 0.031331 0.065042 0.039294 0.026491 0.087870 0.098830 0.076142 0.065208 0.110506 0.078813 0.026753 0.056404 0.063683 0.030048 0.081690 0.065549 0.085501 0.117921 0.105696 0.063370 0.068686 0.017053 0.097725 0.144472 0.123113 0.087048 0.080190
349000.016577 9.528920 0.126968 0.107359 0.116557 0.103339 0.117473 0.109667 0.126878 0.126107 0.109490 0.113877 0.104960 0.146815 0.135085 0.148783 0.123045 0.103507 0.138182 0.131952 0.129968 0.124986 0.116808 0.120701 0.118862 0.091153 0.115124 0.102839 0.124865 0.116599 0.118264 0.099156 0.123340 0.065442 0.047761 0.043827 0.059240 0.034298 0.016728 0.096568 0.104698 0.080586 0.077058 0.111175 0.068057 0.032983 0.045598 0.059105 0.033957 0.073238 0.058780 0.075692 0.112867 0.111133 0.054264 0.057279 0.018407 0.103611 0.146758 0.128333 0.076898 0.086649
350000.016624 9.044962 0.123286 0.106920 0.111708 0.109792 0.125712 0.112683 0.123425 0.119601 0.106766 0.123769 0.098747 0.153435 0.144379 0.150016 0.119369 0.105344 0.134476 0.125209 0.138830 0.119569 0.127122 0.122148 0.117799 0.086437 0.116582 0.097772 0.125935 0.115067 0.121033 0.095675 0.128653 0.066679 0.056145 0.032187 0.065909 0.036922 0.026914 0.092617 0.102171 0.077898 0.068165 0.114585 0.078922 0.022925 0.056315 0.061842 0.031130 0.082612 0.064062 0.087341 0.122159 0.110283 0.063830 0.070781 0.017933 0.100245 0.147459 0.126658 0.088447 0.082766
351000.016672 8.568413 0.134941 0.114937 0.119138 0.110534 0.123641 0.117072 0.131671 0.125661 0.113173 0.119020 0.104747 0.147267 0.138964 0.148692 0.130637 0.107584 0.137213 0.136187 0.135524 0.127843 0.124087 0.127532 0.130748 0.105169 0.118264 0.103134 0.134387 0.116178 0.114231 0.107666 0.128686 0.084134 0.064708 0.051682 0.044018 0.025153 0.033000 0.100697 0.117969 0.097339 0.078016 0.110785 0.079507 0.042363 0.053758 0.075640 0.051669 0.090161 0.049105 0.074110 0.113044 0.121266 0.048170 0.068344 0.017454 0.114862 0.145112 0.136412 0.090120 0.102250
352000.016719 11.742346 0.132206 0.112386 0.117521 0.108286 0.120657 0.113276 0.130781 0.126224 0.110664 0.117898 0.102881 0.147806 0.138751 0.149616 0.126603 0.106523 0.137907 0.133330 0.133320 0.126977 0.123031 0.126027 0.126789 0.100410 0.119323 0.104188 0.131662 0.118648 0.116776 0.105534 0.127735 0.076621 0.056954 0.047743 0.049398 0.023345 0.025575 0.101718 0.113489 0.090908 0.078375 0.111259 0.073783 0.033089 0.047144 0.066699 0.044638 0.083256 0.050027 0.074477 0.114707 0.118612 0.048230 0.064605 0.020433 0.110170 0.145932 0.133675 0.084812 0.096722
353000.016767 8.023340 0.127630 0.108750 0.115960 0.106829 0.120787 0.112051 0.127160 0.124798 0.109570 0.117682 0.103703 0.149052 0.138454 0.149652 0.123468 0.105437 0.137296 0.131094 0.133337 0.124348 0.121140 0.121661 0.120017 0.091885 0.115791 0.101173 0.126231 0.115773 0.117970 0.099277 0.125354 0.067461 0.050865 0.041010 0.058440 0.032907 0.019751 0.095683 0.105749 0.081736 0.074459 0.111336 0.071840 0.028915 0.048014 0.061097 0.034204 0.077641 0.058481 0.077775 0.114738 0.112179 0.054727 0.061626 0.016890 0.104214 0.147116 0.129230 0.081330 0.087302
354000.016814 3.502724 0.126531 0.109492 0.111773 0.110591 0.125591 0.114139 0.124366 0.118310 0.107974 0.123079 0.097381 0.149933 0.143212 0.146578 0.122863 0.105119 0.131445 0.127340 0.138979 0.119874 0.128443 0.124635 0.123818 0.095025 0.117271 0.097139 0.129348 0.113552 0.117258 0.100085 0.129720 0.077533 0.063605 0.039671 0.054994 0.029072 0.032843 0.094264 0.108987 0.088507 0.068701 0.113353 0.083100 0.032428 0.057777 0.071353 0.043629 0.089891 0.057041 0.084160 0.120279 0.113982 0.058719 0.072622 0.011160 0.105820 0.144147 0.129207 0.092846 0.092466
355000.016862 6.932534 0.132281 0.112252 0.118233 0.107043 0.119694 0.112861 0.131089 0.127053 0.111489 0.116628 0.104015 0.147926 0.137612 0.150234 0.127395 0.106305 0.139042 0.134097 0.132551 0.127790 0.120901 0.126174 0.126740 0.100023 0.119427 0.104940 0.131941 0.119167 0.117506 0.105809 0.127433 0.075928 0.055253 0.048835 0.049445 0.024142 0.024700 0.102000 0.113461 0.091162 0.079332 0.111977 0.072035 0.034986 0.045792 0.065688 0.044257 0.081448 0.050737 0.073444 0.113943 0.118485 0.048312 0.061556 0.015700 0.110206 0.147193 0.134250 0.082886 0.096556
356000.016909 6.126896 0.134496 0.115414 0.119372 0.111620 0.124609 0.118201 0.130298 0.125212 0.115408 0.119475 0.106252 0.147043 0.138936 0.147457 0.131334 0.109695 0.135534 0.136575 0.136172 0.127922 0.124319 0.124761 0.128264 0.103014 0.116009 0.099382 0.131500 0.113206 0.112772 0.104410 0.126655 0.083830 0.064835 0.049782 0.045279 0.028839 0.034967 0.097098 0.115500 0.096774 0.074675 0.109251 0.080643 0.042578 0.054102 0.076814 0.051696 0.091296 0.053604 0.074906 0.112293 0.117552 0.050946 0.067547 0.014760 0.111814 0.145269 0.134412 0.090507 0.100543
357000.016957 5.825316 0.123349 0.106769 0.111883 0.109723 0.125745 0.112707 0.122569 0.119610 0.107756 0.123538 0.099052 0.151371 0.143324 0.147899 0.120171 0.105793 0.133329 0.126082 0.138869 0.119882 0.127171 0.119833 0.116458 0.085692 0.113576 0.094985 0.123799 0.112205 0.117830 0.093511 0.126092 0.067691 0.057907 0.031736 0.064962 0.037257 0.029342 0.090539 0.100875 0.078451 0.066749 0.111843 0.080605 0.024578 0.057557 0.063880 0.033291 0.084593 0.064214 0.087079 0.120470 0.107864 0.064143 0.071270 0.014392 0.098696 0.146025 0.125495 0.090076 0.082757
358000.017004 6.134181 0.127005 0.108301 0.111042 0.108325 0.123782 0.111813 0.124999 0.118236 0.105934 0.121523 0.095557 0.148373 0.142038 0.146216 0.122301 0.102527 0.132302 0.126971 0.137481 0.120531 0.127584 0.127796 0.127021 0.098395 0.119596 0.100626 0.132010 0.116522 0.118126 0.103894 0.131480 0.080395 0.066301 0.044121 0.052911 0.026999 0.035702 0.098489 0.112388 0.091708 0.072646 0.114736 0.084430 0.036042 0.059793 0.073516 0.047534 0.091422 0.053072 0.084213 0.121401 0.117944 0.057762 0.074711 0.014768 0.109765 0.143280 0.130581 0.094305 0.096246
359000.017052 11.915687 0.120593 0.107886 0.108545 0.116201 0.133180 0.117642 0.118411 0.112774 0.107848 0.130775 0.096682 0.152331 0.149267 0.144234 0.119114 0.107727 0.126523 0.122479 0.145701 0.114451 0.135611 0.117958 0.114790 0.083162 0.110740 0.087352 0.121590 0.105356 0.115716 0.088999 0.128124 0.072399 0.067211 0.023923 0.069708 0.043560 0.038431 0.081945 0.099042 0.078712 0.055645 0.111968 0.091094 0.028424 0.068294 0.073264 0.036926 0.093302 0.070617 0.095211 0.124405 0.104867 0.072198 0.080756 0.020583 0.096535 0.142795 0.122461 0.099209 0.080809
360000.017099 8.115921 0.122794 0.107363 0.111663 0.111306 0.127850 0.116117 0.120015 0.116797 0.110003 0.123410 0.102465 0.150494 0.143166 0.145035 0.121954 0.105957 0.129012 0.127726 0.140058 0.117626 0.127714 0.117604 0.116057 0.086843 0.110300 0.091140 0.121280 0.105691 0.115066 0.091902 0.125652 0.070826 0.061002 0.034144 0.064487 0.043902 0.033351 0.082990 0.100719 0.080360 0.062368 0.111229 0.084558 0.036542 0.062361 0.072554 0.036861 0.086940 0.069112 0.087656 0.117811 0.105216 0.066569 0.070655 0.016987 0.100474 0.144668 0.123666 0.090728 0.082904
