#! FIELDS time restraint.bias r0 r1 r2 r3 r4 r5 r6 r7 r8 r9 r10 r11 r12 r13 r14 r15 r16 r17 r18 r19 r20 r21 r22 r23 r24 r25 r26 r27 r28 r29 r30 r31 r32 r33 r34 r35 r36 r37 r38 r39 r40 r41 r42 r43 r44 r45 r46 r47 r48 r49 r50 r51 r52 r53 r54 r55 r56 r57 r58 r59
480000.022799 3.096762 0.130054 0.143149 0.135200 0.162696 0.164730 0.164516 0.114672 0.115819 0.152886 0.152499 0.139040 0.118711 0.135374 0.111327 0.148903 0.153263 0.107086 0.142723 0.150778 0.123611 0.147795 0.057891 0.080974 0.077946 0.038631 0.013991 0.080211 0.022966 0.043554 0.043254 0.077859 0.118514 0.126551 0.081513 0.116890 0.117334 0.110538 0.030164 0.086002 0.104155 0.047087 0.051558 0.135681 0.104286 0.123614 0.133244 0.102330 0.144158 0.123956 0.110402 0.083778 0.064194 0.115532 0.129338 0.102344 0.068663 0.110641 0.108398 0.143554 0.090117
481000.022846 4.886754 0.127447 0.138930 0.133308 0.158962 0.168089 0.161443 0.112670 0.116224 0.150795 0.155813 0.138508 0.124759 0.140370 0.115779 0.145947 0.149708 0.109254 0.141875 0.155553 0.123110 0.149399 0.058144 0.078532 0.072427 0.038639 0.017575 0.077757 0.024799 0.049471 0.038925 0.079487 0.112991 0.122710 0.077273 0.118747 0.116608 0.107319 0.021939 0.081890 0.098776 0.044940 0.056424 0.134443 0.101408 0.122526 0.130043 0.097547 0.140164 0.126055 0.112592 0.086317 0.060923 0.117261 0.126275 0.098820 0.066758 0.116662 0.106184 0.140671 0.084236
482000.022894 2.051368 0.124129 0.136648 0.127843 0.156677 0.161966 0.157405 0.109681 0.109133 0.145521 0.150806 0.130653 0.118840 0.135132 0.109621 0.141926 0.146780 0.103614 0.134829 0.148948 0.118605 0.145400 0.060086 0.078443 0.071137 0.043105 0.011387 0.080064 0.032696 0.050071 0.039842 0.079191 0.112541 0.120851 0.073215 0.114737 0.110598 0.104415 0.032406 0.082470 0.099170 0.038434 0.054428 0.131345 0.096473 0.118913 0.126596 0.095315 0.138901 0.119546 0.110062 0.087684 0.064450 0.113050 0.125458 0.095010 0.063636 0.108689 0.104568 0.139193 0.084905
483000.022941 2.024823 0.127208 0.140304 0.130801 0.158865 0.160282 0.159571 0.113031 0.111748 0.147892 0.149470 0.132531 0.116806 0.133433 0.109180 0.144879 0.149736 0.104688 0.137209 0.147008 0.120885 0.145093 0.059325 0.079669 0.074151 0.043250 0.011313 0.081543 0.031668 0.046441 0.042172 0.078227 0.114699 0.121559 0.075666 0.112843 0.110323 0.105107 0.036137 0.084674 0.101467 0.041374 0.051054 0.130524 0.097390 0.117835 0.127113 0.097319 0.139607 0.117765 0.107541 0.085758 0.065772 0.110820 0.125549 0.096792 0.063820 0.107191 0.107145 0.139406 0.087634
484000.022989 3.943182 0.129753 0.140214 0.130721 0.160745 0.168236 0.161419 0.115875 0.112239 0.146968 0.157763 0.131117 0.121990 0.142263 0.114121 0.145423 0.148905 0.107293 0.138710 0.157102 0.120960 0.156655 0.073026 0.089557 0.077873 0.056794 0.015787 0.090094 0.035408 0.059453 0.049580 0.093758 0.114668 0.123244 0.069699 0.115677 0.109781 0.104039 0.028747 0.089200 0.100834 0.032700 0.068282 0.137738 0.094151 0.122356 0.129118 0.094578 0.142981 0.122500 0.119298 0.100027 0.072749 0.117542 0.129302 0.092845 0.073082 0.112603 0.112157 0.144433 0.088258
485000.023036 4.838757 0.121121 0.132156 0.124351 0.153209 0.163492 0.154260 0.107428 0.107437 0.141269 0.153035 0.127553 0.122567 0.139532 0.112074 0.137815 0.142316 0.103068 0.132515 0.153415 0.114659 0.149032 0.063734 0.078740 0.068456 0.049391 0.017489 0.079926 0.035334 0.058800 0.039485 0.085450 0.106682 0.116511 0.066667 0.115180 0.108529 0.099887 0.023379 0.079084 0.092904 0.032398 0.063813 0.131252 0.091421 0.117668 0.123155 0.088980 0.135470 0.121513 0.114838 0.093610 0.062554 0.115057 0.122818 0.090544 0.064585 0.112733 0.102787 0.136874 0.079096
486000.023084 4.815158 0.125031 0.137642 0.131184 0.157486 0.164627 0.159033 0.111034 0.114449 0.148490 0.153087 0.135426 0.123871 0.138545 0.114435 0.143218 0.148834 0.107202 0.138634 0.152252 0.120745 0.146453 0.053743 0.073806 0.069237 0.038661 0.017446 0.074637 0.032025 0.049869 0.034543 0.075320 0.110378 0.119438 0.075148 0.117363 0.113775 0.104595 0.029379 0.078152 0.095884 0.044090 0.052238 0.129834 0.097791 0.118124 0.125783 0.095322 0.136850 0.123452 0.109237 0.084425 0.057452 0.114298 0.123480 0.097938 0.059579 0.115162 0.103310 0.137107 0.081712
487000.023131 6.810163 0.121956 0.135940 0.128984 0.155466 0.160171 0.156505 0.108648 0.111685 0.145946 0.148938 0.133033 0.120666 0.133832 0.111353 0.140402 0.147288 0.105078 0.134893 0.146805 0.118368 0.141264 0.048912 0.068901 0.065929 0.035924 0.020748 0.071885 0.035883 0.048751 0.031290 0.069822 0.108437 0.117122 0.075336 0.116194 0.112313 0.103163 0.036289 0.075172 0.093857 0.045927 0.047095 0.125333 0.096666 0.114943 0.122275 0.094226 0.133614 0.120533 0.105035 0.080213 0.055914 0.111003 0.121457 0.098442 0.054027 0.110794 0.100347 0.133568 0.079755
488000.023179 1.640483 0.125992 0.137877 0.130019 0.157516 0.163568 0.158790 0.111798 0.112004 0.146921 0.152279 0.132501 0.121523 0.137398 0.112482 0.143551 0.148034 0.106066 0.137364 0.151190 0.120232 0.146756 0.059326 0.078535 0.071483 0.042766 0.010183 0.080130 0.032288 0.050131 0.038825 0.079282 0.111725 0.119868 0.072377 0.114114 0.110152 0.103102 0.030317 0.082078 0.098010 0.038599 0.054035 0.130454 0.095355 0.117709 0.125675 0.094290 0.138205 0.119824 0.109369 0.087387 0.063324 0.112395 0.124361 0.094389 0.063178 0.111563 0.105912 0.138515 0.084238
489000.023226 3.197209 0.128063 0.139906 0.128187 0.159912 0.164653 0.159954 0.113352 0.108044 0.145551 0.153858 0.128362 0.118441 0.138043 0.109790 0.144027 0.148101 0.103197 0.135158 0.152302 0.119524 0.152041 0.071341 0.088193 0.077851 0.054127 0.014216 0.089368 0.037831 0.056679 0.049340 0.090266 0.116928 0.124310 0.070922 0.114015 0.108244 0.104890 0.035638 0.090709 0.103991 0.031392 0.063313 0.136566 0.094939 0.121840 0.129970 0.096480 0.143773 0.118891 0.115955 0.097182 0.074815 0.115163 0.129781 0.093340 0.071844 0.107291 0.110221 0.144454 0.090740
490000.023274 6.785509 0.138307 0.149848 0.140448 0.166866 0.161771 0.169634 0.121257 0.119055 0.158098 0.149143 0.143060 0.113787 0.132686 0.109174 0.156878 0.157448 0.108747 0.149294 0.148824 0.129646 0.149608 0.069896 0.094449 0.090354 0.046871 0.020710 0.091099 0.017825 0.042199 0.057744 0.086965 0.128079 0.133856 0.087842 0.114392 0.118953 0.115864 0.034421 0.099035 0.115679 0.051064 0.058097 0.142853 0.110656 0.129327 0.142073 0.109598 0.152181 0.123096 0.113218 0.088255 0.076887 0.116886 0.134675 0.104314 0.083373 0.107480 0.117385 0.150632 0.101823
491000.023321 5.969642 0.136103 0.147486 0.139311 0.165674 0.164545 0.167936 0.119617 0.119245 0.156806 0.151519 0.142659 0.116869 0.135358 0.111575 0.154130 0.156286 0.109458 0.148026 0.151321 0.129199 0.150529 0.066033 0.090020 0.085791 0.043457 0.019425 0.085991 0.017820 0.042828 0.052574 0.084324 0.124355 0.131289 0.085278 0.116065 0.118765 0.113985 0.031721 0.094607 0.111060 0.049890 0.056096 0.140722 0.108334 0.127608 0.139371 0.107032 0.148954 0.124115 0.112693 0.086689 0.072819 0.116968 0.132749 0.104302 0.078784 0.110676 0.113936 0.147849 0.097476
492000.023369 6.963547 0.135721 0.150151 0.138829 0.163979 0.155281 0.166699 0.119669 0.116140 0.156039 0.142772 0.140429 0.107186 0.125428 0.103902 0.154168 0.157098 0.105164 0.144672 0.140634 0.127565 0.142972 0.062820 0.088713 0.088515 0.042637 0.020980 0.086630 0.024037 0.034293 0.055258 0.078619 0.129229 0.134107 0.091216 0.114052 0.119035 0.117348 0.045626 0.096963 0.115869 0.054877 0.047007 0.138160 0.111451 0.126621 0.140242 0.112257 0.150415 0.119312 0.106927 0.080741 0.075484 0.112782 0.134570 0.109829 0.076542 0.099669 0.113790 0.147567 0.102276
493000.023416 3.132097 0.128501 0.143169 0.133817 0.163215 0.165316 0.164019 0.114365 0.114206 0.151505 0.153780 0.136424 0.119462 0.136219 0.111757 0.147053 0.153377 0.106663 0.139577 0.150939 0.122491 0.148661 0.056990 0.078295 0.074482 0.040844 0.014070 0.080031 0.030969 0.046937 0.040454 0.077474 0.117742 0.126229 0.080001 0.119252 0.116619 0.110022 0.035978 0.084456 0.102579 0.045576 0.051377 0.134574 0.102187 0.122931 0.131173 0.101619 0.143312 0.124159 0.111346 0.085836 0.064522 0.116401 0.130218 0.102973 0.062799 0.109506 0.107588 0.143290 0.088287
494000.023464 2.707498 0.131226 0.144544 0.135559 0.162669 0.163258 0.164712 0.115327 0.115349 0.153440 0.150827 0.138616 0.117042 0.133567 0.109642 0.150052 0.154003 0.106156 0.142743 0.148662 0.124590 0.145805 0.058241 0.082111 0.079832 0.038546 0.013082 0.081589 0.026088 0.041610 0.044968 0.076560 0.120671 0.127169 0.082593 0.115082 0.115798 0.110659 0.035623 0.088594 0.107203 0.047485 0.048528 0.134575 0.104548 0.122539 0.133748 0.103814 0.144826 0.121517 0.107976 0.082569 0.066934 0.113596 0.129083 0.102174 0.069079 0.108265 0.109313 0.143305 0.093075
495000.023511 11.894782 0.144013 0.157329 0.147069 0.167102 0.155361 0.173000 0.126364 0.124294 0.164567 0.142436 0.149338 0.108421 0.126474 0.106965 0.163396 0.163712 0.110631 0.154646 0.141969 0.135453 0.144311 0.067197 0.096295 0.097674 0.043769 0.027420 0.091521 0.016770 0.028863 0.063016 0.081645 0.136675 0.140091 0.099117 0.112667 0.123492 0.123275 0.046699 0.104587 0.124224 0.062879 0.048765 0.143133 0.119191 0.130952 0.148015 0.119553 0.156966 0.120781 0.107121 0.080157 0.080127 0.113969 0.137775 0.114179 0.086250 0.103896 0.120768 0.152599 0.110277
496000.023559 1.655937 0.129587 0.141571 0.131500 0.161582 0.164773 0.162108 0.114926 0.111962 0.148534 0.153523 0.132736 0.118164 0.137250 0.110712 0.146190 0.150560 0.105266 0.138716 0.152092 0.121378 0.151779 0.066775 0.086016 0.078240 0.049385 0.010231 0.085885 0.030521 0.051323 0.047207 0.086773 0.117276 0.125286 0.074739 0.115544 0.112202 0.107152 0.031722 0.088785 0.103352 0.037734 0.059545 0.136965 0.098008 0.122879 0.131199 0.098493 0.144195 0.121555 0.114708 0.092554 0.070601 0.115784 0.130158 0.097435 0.070923 0.108851 0.110083 0.144548 0.090080
497000.023606 1.224399 0.129149 0.141696 0.130599 0.161101 0.163557 0.161466 0.114602 0.110127 0.147582 0.152419 0.130812 0.117323 0.136060 0.109657 0.145838 0.150048 0.104433 0.136968 0.150412 0.120858 0.150042 0.067298 0.086162 0.078009 0.049528 0.008797 0.087646 0.034128 0.051068 0.047489 0.085918 0.118174 0.125428 0.074300 0.114167 0.110248 0.106512 0.036209 0.089941 0.104587 0.036348 0.057819 0.135617 0.097253 0.121861 0.130527 0.098633 0.144196 0.118885 0.112972 0.092367 0.072808 0.114006 0.130250 0.096371 0.069967 0.106326 0.110572 0.144424 0.091326
498000.023654 3.592071 0.122573 0.134413 0.123886 0.155032 0.162372 0.154871 0.109183 0.105377 0.140794 0.152445 0.124372 0.120410 0.138255 0.110528 0.138548 0.143437 0.102219 0.130594 0.151366 0.115287 0.149131 0.067614 0.082155 0.070336 0.052856 0.015068 0.085161 0.040551 0.059024 0.042983 0.087271 0.109906 0.118221 0.065491 0.112829 0.104988 0.099694 0.033599 0.083655 0.096672 0.028155 0.062867 0.131183 0.089619 0.117046 0.123307 0.090183 0.137466 0.117049 0.113717 0.095971 0.069239 0.112736 0.124835 0.089240 0.064843 0.108600 0.105650 0.138847 0.083315
499000.023701 2.721185 0.132500 0.145600 0.135532 0.163966 0.161482 0.165338 0.116830 0.114821 0.153153 0.149512 0.137784 0.113637 0.132372 0.107816 0.150670 0.154335 0.105192 0.142976 0.147782 0.124134 0.148349 0.063279 0.086599 0.083201 0.044666 0.013115 0.085021 0.023115 0.042849 0.049874 0.082057 0.122541 0.129291 0.082825 0.115218 0.116438 0.112130 0.034632 0.091326 0.108744 0.046466 0.053702 0.138270 0.105098 0.125105 0.136058 0.104875 0.147416 0.122153 0.111583 0.086630 0.070128 0.115307 0.131942 0.103000 0.073400 0.106122 0.111415 0.146378 0.095087
500000.023749 3.999417 0.136569 0.148994 0.138516 0.164889 0.158570 0.166989 0.120225 0.117178 0.155920 0.146724 0.140114 0.111177 0.130334 0.106850 0.154664 0.156580 0.106572 0.146215 0.145339 0.127536 0.147381 0.067313 0.091839 0.088747 0.047005 0.015900 0.089548 0.021251 0.039408 0.055889 0.084331 0.126842 0.132042 0.086548 0.112629 0.116789 0.114556 0.038058 0.096883 0.114206 0.049920 0.053834 0.140015 0.108065 0.126369 0.139315 0.108473 0.150525 0.120187 0.110488 0.086503 0.075081 0.114017 0.133424 0.104142 0.079281 0.104755 0.115649 0.148654 0.100638
501000.023796 2.401062 0.130442 0.143589 0.134682 0.161377 0.160673 0.162819 0.115441 0.115096 0.151862 0.149258 0.136950 0.116565 0.132707 0.109745 0.148803 0.153140 0.106682 0.141319 0.146777 0.123984 0.144573 0.058209 0.081261 0.078082 0.039726 0.012319 0.082021 0.027677 0.041065 0.044385 0.076263 0.118459 0.124765 0.080655 0.112835 0.113429 0.108626 0.037023 0.087174 0.105205 0.046932 0.047293 0.132171 0.101876 0.119921 0.130662 0.101517 0.142668 0.118576 0.105981 0.082291 0.066505 0.110761 0.127423 0.100391 0.067286 0.107803 0.109344 0.141547 0.091370
502000.023844 3.079425 0.130172 0.144124 0.134242 0.161048 0.158723 0.162469 0.115197 0.113893 0.151328 0.147262 0.135996 0.113743 0.130163 0.107328 0.148411 0.153078 0.104849 0.140086 0.144168 0.123156 0.143068 0.057187 0.080875 0.079273 0.040244 0.013952 0.081648 0.029942 0.040011 0.045391 0.074863 0.119870 0.125513 0.082287 0.112831 0.113529 0.109437 0.041340 0.087969 0.106534 0.048246 0.045155 0.131553 0.102545 0.119615 0.130966 0.103043 0.142954 0.117986 0.104951 0.080936 0.067350 0.110224 0.127814 0.102216 0.066367 0.104501 0.108751 0.141161 0.092884
503000.023891 5.125563 0.134599 0.148718 0.139335 0.166075 0.161279 0.168127 0.118601 0.118026 0.156898 0.148541 0.142247 0.113821 0.130926 0.108767 0.153469 0.157908 0.107657 0.145696 0.146398 0.127629 0.145858 0.058758 0.084716 0.084516 0.037803 0.018000 0.082660 0.022328 0.036034 0.049386 0.076355 0.125851 0.132280 0.088929 0.116267 0.120168 0.115982 0.040243 0.092377 0.111527 0.054020 0.046041 0.137621 0.109955 0.126197 0.138442 0.109752 0.148921 0.122512 0.107708 0.079887 0.070278 0.114372 0.133348 0.108930 0.072901 0.106059 0.111805 0.146727 0.097813
504000.023939 2.463835 0.129301 0.140982 0.131649 0.160095 0.163007 0.161474 0.114121 0.112270 0.149134 0.151763 0.134148 0.116866 0.135346 0.109231 0.146915 0.149930 0.104841 0.139711 0.150206 0.121486 0.149057 0.065533 0.085583 0.078579 0.047928 0.012479 0.085580 0.027271 0.049650 0.047768 0.085100 0.116403 0.123321 0.075690 0.113198 0.111672 0.106247 0.029562 0.088409 0.103914 0.039320 0.058829 0.135271 0.099056 0.121254 0.130684 0.097825 0.142548 0.120622 0.112574 0.090471 0.068949 0.114096 0.127113 0.095540 0.071867 0.108548 0.109842 0.142348 0.089976
505000.023986 5.617911 0.135468 0.148250 0.140177 0.165007 0.162280 0.167681 0.118992 0.119878 0.157784 0.149395 0.143501 0.115980 0.132627 0.110600 0.154478 0.157197 0.109228 0.147899 0.147978 0.129383 0.145773 0.059495 0.085861 0.084716 0.036638 0.018844 0.082831 0.019905 0.036063 0.049535 0.076422 0.124952 0.130749 0.088225 0.114432 0.118546 0.114299 0.037587 0.092827 0.111687 0.053958 0.047033 0.136517 0.109630 0.124758 0.137899 0.108738 0.147506 0.121553 0.106628 0.079825 0.069756 0.113289 0.130898 0.106163 0.074121 0.109009 0.112440 0.145276 0.097906
506000.024034 2.960637 0.130250 0.142398 0.133885 0.162225 0.164662 0.163622 0.115027 0.114552 0.151425 0.152678 0.137134 0.117478 0.135914 0.110583 0.148160 0.151968 0.106430 0.141878 0.151431 0.123335 0.150347 0.063257 0.084470 0.078726 0.044644 0.013680 0.082921 0.022819 0.047494 0.046365 0.083443 0.118155 0.126390 0.079057 0.116947 0.115960 0.109652 0.028127 0.087920 0.104181 0.043422 0.057536 0.137633 0.102553 0.124428 0.133488 0.100996 0.144443 0.124135 0.113906 0.088767 0.067499 0.117016 0.129950 0.100337 0.071455 0.109927 0.109405 0.144416 0.090314
507000.024081 9.456815 0.127968 0.142211 0.135179 0.159134 0.158698 0.162041 0.111917 0.115542 0.153136 0.145224 0.140831 0.114882 0.127923 0.107269 0.148048 0.152748 0.104884 0.142015 0.142885 0.123801 0.137374 0.046876 0.074130 0.077290 0.026199 0.024449 0.072458 0.026852 0.035313 0.041034 0.064434 0.118408 0.124317 0.087234 0.114047 0.117575 0.110607 0.040201 0.083774 0.105097 0.056400 0.037633 0.128340 0.107414 0.118961 0.131530 0.104638 0.139871 0.120301 0.099994 0.070425 0.060593 0.109618 0.124235 0.105627 0.064998 0.107426 0.103665 0.137024 0.090949
508000.024129 6.692330 0.135135 0.149116 0.140400 0.164852 0.158163 0.167323 0.119691 0.119696 0.157547 0.146034 0.143660 0.112728 0.129035 0.108594 0.154158 0.158156 0.109104 0.146563 0.143709 0.129314 0.143344 0.056937 0.083431 0.083753 0.037209 0.020567 0.082084 0.020910 0.033398 0.049687 0.074658 0.124371 0.129764 0.089571 0.113958 0.118959 0.114807 0.041728 0.091957 0.111297 0.055738 0.043918 0.134695 0.109736 0.123439 0.136448 0.108760 0.146277 0.120230 0.104691 0.077291 0.069401 0.111584 0.130329 0.108191 0.071886 0.105912 0.112156 0.143777 0.097066
509000.024176 4.822511 0.132741 0.145484 0.137759 0.164873 0.166025 0.167032 0.116730 0.117826 0.155620 0.152948 0.141964 0.118772 0.135588 0.112162 0.151572 0.155331 0.108958 0.145406 0.151685 0.126988 0.148812 0.059979 0.083873 0.080922 0.037323 0.017459 0.081466 0.019785 0.041751 0.046401 0.078990 0.122278 0.130483 0.085361 0.118533 0.120232 0.114055 0.031968 0.089941 0.107954 0.050492 0.051950 0.138620 0.108246 0.127007 0.137285 0.106370 0.147293 0.125431 0.111321 0.083196 0.068098 0.117311 0.132364 0.105766 0.072685 0.110889 0.110432 0.146389 0.093781
510000.024224 7.208914 0.136640 0.149788 0.141431 0.166274 0.159868 0.169404 0.119707 0.120417 0.159478 0.147014 0.145663 0.113070 0.129950 0.108483 0.156317 0.158869 0.108715 0.149391 0.145757 0.129779 0.144856 0.060312 0.087547 0.087807 0.037671 0.021346 0.083866 0.013586 0.033635 0.052936 0.077328 0.127424 0.133134 0.091652 0.114612 0.121433 0.117424 0.037394 0.094605 0.114304 0.056759 0.048111 0.139088 0.113134 0.127346 0.141056 0.111415 0.150174 0.122792 0.107488 0.079150 0.070620 0.114434 0.132828 0.108750 0.077856 0.107435 0.113476 0.147457 0.100062
511000.024271 2.697989 0.127984 0.140192 0.131013 0.161311 0.168141 0.161612 0.114742 0.112500 0.147567 0.157474 0.131977 0.122955 0.141649 0.114962 0.144541 0.149766 0.107782 0.137717 0.156166 0.120646 0.154529 0.066805 0.083799 0.073741 0.050614 0.013059 0.085644 0.034385 0.055910 0.043693 0.087941 0.114139 0.123803 0.071605 0.118351 0.112335 0.105611 0.029697 0.085334 0.098941 0.035609 0.062495 0.136463 0.095686 0.122727 0.128586 0.095682 0.142364 0.123547 0.117238 0.095510 0.068383 0.117747 0.130061 0.096371 0.067043 0.112720 0.109730 0.144096 0.085793
512000.024319 5.100896 0.131497 0.143286 0.133995 0.161134 0.162640 0.163651 0.114760 0.112937 0.151792 0.149520 0.137187 0.115290 0.132531 0.107780 0.149839 0.151638 0.104920 0.142101 0.148365 0.124335 0.145730 0.064894 0.087322 0.082549 0.042692 0.017956 0.085695 0.025491 0.045073 0.050446 0.082023 0.121652 0.127882 0.081677 0.113555 0.114516 0.110281 0.034399 0.092771 0.109459 0.045330 0.054598 0.136771 0.104794 0.124219 0.135529 0.103410 0.145931 0.120429 0.110124 0.085824 0.072910 0.113989 0.129736 0.099710 0.076160 0.106253 0.110736 0.144424 0.095405
513000.024366 2.265328 0.128608 0.140576 0.130964 0.160416 0.166355 0.161274 0.114071 0.111923 0.148170 0.155047 0.132180 0.121176 0.139638 0.112652 0.145549 0.149744 0.105847 0.138429 0.153938 0.121386 0.151706 0.065882 0.084456 0.075930 0.049019 0.011966 0.085195 0.034295 0.053836 0.044590 0.085631 0.115762 0.123673 0.072600 0.115598 0.110650 0.105177 0.031682 0.087156 0.101784 0.035895 0.059620 0.135176 0.096431 0.121264 0.129590 0.096852 0.142386 0.121376 0.114319 0.093506 0.069181 0.115669 0.128341 0.095142 0.067970 0.111126 0.109194 0.142951 0.088527
514000.024414 4.598450 0.125854 0.137569 0.126692 0.158518 0.166606 0.158424 0.112861 0.108110 0.143153 0.156896 0.126367 0.122593 0.142147 0.113315 0.141398 0.146231 0.104760 0.133438 0.155916 0.117329 0.154715 0.071744 0.086066 0.073238 0.057616 0.017049 0.089088 0.041614 0.062502 0.046464 0.092517 0.111705 0.120108 0.065503 0.114709 0.106182 0.100698 0.033142 0.086415 0.097853 0.027433 0.067799 0.134173 0.089891 0.119074 0.125026 0.091100 0.139799 0.119841 0.117884 0.100794 0.072018 0.115621 0.127121 0.090056 0.067626 0.110957 0.109425 0.141607 0.084925
515000.024461 2.608206 0.130180 0.142720 0.132229 0.161782 0.163540 0.163191 0.114080 0.111477 0.150296 0.151332 0.134513 0.114859 0.134184 0.107323 0.148073 0.151160 0.102817 0.140364 0.149855 0.121506 0.149500 0.065827 0.087196 0.081876 0.047434 0.012840 0.085652 0.027431 0.048629 0.049455 0.084656 0.120777 0.127659 0.078835 0.115193 0.113956 0.109603 0.032188 0.090810 0.107352 0.040915 0.058040 0.138300 0.102375 0.124547 0.134876 0.102090 0.146287 0.122308 0.113978 0.090551 0.070630 0.116400 0.130765 0.099016 0.073577 0.106335 0.109830 0.145594 0.093716
516000.024509 3.447787 0.131412 0.143720 0.135954 0.163296 0.166775 0.165405 0.115976 0.116812 0.153706 0.154455 0.139978 0.119998 0.137402 0.112742 0.149908 0.153636 0.108417 0.143902 0.153149 0.125155 0.150353 0.061149 0.083403 0.078655 0.041070 0.014763 0.082178 0.021046 0.045764 0.045239 0.081698 0.118664 0.126858 0.080836 0.117594 0.117593 0.110606 0.027141 0.087960 0.104910 0.045844 0.055415 0.137520 0.104288 0.124887 0.134281 0.101962 0.144831 0.125164 0.112838 0.086510 0.066709 0.117162 0.129755 0.101574 0.071457 0.112277 0.110084 0.144472 0.090466
517000.024556 2.104591 0.129008 0.141177 0.132591 0.159027 0.161553 0.160620 0.113903 0.113818 0.149688 0.149847 0.134592 0.118258 0.134301 0.110440 0.146696 0.150481 0.105746 0.139929 0.148231 0.122721 0.144874 0.058718 0.080814 0.076484 0.040473 0.011534 0.080758 0.030222 0.044222 0.042717 0.076833 0.116323 0.122664 0.077463 0.112318 0.110940 0.105808 0.035699 0.086119 0.103235 0.043830 0.049070 0.130770 0.098919 0.118128 0.128763 0.099034 0.140577 0.118087 0.106183 0.083641 0.065725 0.110524 0.125340 0.097520 0.065871 0.109135 0.107708 0.139601 0.089754
518000.024604 2.061957 0.126999 0.138590 0.130129 0.158939 0.164761 0.159848 0.112847 0.111627 0.146993 0.153606 0.132528 0.120274 0.137999 0.112080 0.144055 0.148242 0.106059 0.137698 0.152626 0.120363 0.150139 0.064142 0.082405 0.073475 0.046468 0.011416 0.083117 0.029068 0.052032 0.042921 0.084756 0.112851 0.121638 0.072164 0.115182 0.111199 0.104365 0.026419 0.084667 0.099076 0.036557 0.059365 0.134130 0.096251 0.120679 0.127940 0.094772 0.140232 0.121225 0.113391 0.091102 0.066799 0.114748 0.126794 0.094820 0.068030 0.110879 0.107810 0.141176 0.085334
519000.024651 5.883999 0.131243 0.141588 0.133087 0.160756 0.167944 0.163239 0.115203 0.113547 0.150723 0.155396 0.136075 0.120861 0.139512 0.112440 0.148861 0.150092 0.106932 0.142565 0.155422 0.123864 0.152254 0.069918 0.089647 0.080859 0.049544 0.019285 0.088163 0.028965 0.054080 0.050523 0.088990 0.118343 0.125620 0.075888 0.115141 0.112804 0.107080 0.026512 0.091746 0.105968 0.039212 0.063930 0.138496 0.100988 0.124449 0.134030 0.098927 0.144634 0.123179 0.116047 0.094117 0.072793 0.117351 0.128731 0.094908 0.077062 0.112185 0.111844 0.144555 0.092196
520000.024699 5.795452 0.135354 0.149502 0.138724 0.164999 0.158287 0.167095 0.119754 0.116742 0.155600 0.145991 0.140214 0.110586 0.128636 0.106556 0.153394 0.157284 0.106423 0.144395 0.143641 0.127194 0.145250 0.061955 0.087149 0.086499 0.042849 0.019140 0.085847 0.026158 0.037133 0.052862 0.079037 0.126792 0.132151 0.088531 0.114470 0.118180 0.115389 0.044099 0.094893 0.113014 0.052896 0.047356 0.137280 0.108723 0.125307 0.137998 0.109713 0.149064 0.120142 0.107598 0.081656 0.073807 0.112934 0.133521 0.108376 0.074360 0.102472 0.113390 0.146696 0.099703
521000.024746 2.294817 0.131096 0.144335 0.135506 0.163570 0.163704 0.164937 0.116234 0.115586 0.152956 0.152003 0.138498 0.117039 0.134739 0.110615 0.149458 0.153956 0.107448 0.142204 0.149850 0.124548 0.148784 0.060713 0.082906 0.078360 0.042164 0.012044 0.083015 0.023374 0.044255 0.045459 0.080842 0.119092 0.126762 0.080952 0.116557 0.116513 0.110559 0.032167 0.088148 0.105289 0.045535 0.053297 0.136257 0.103540 0.123750 0.133154 0.102185 0.144603 0.123071 0.111400 0.085845 0.067665 0.115466 0.130044 0.102002 0.069605 0.108726 0.110293 0.144121 0.090954
522000.024794 3.422161 0.124071 0.135312 0.126213 0.155698 0.163750 0.156143 0.110816 0.108394 0.142822 0.153366 0.127440 0.122208 0.139474 0.112838 0.140335 0.144581 0.104866 0.133500 0.152982 0.117622 0.149616 0.066163 0.081612 0.069804 0.049953 0.014708 0.084056 0.036671 0.057102 0.041782 0.086428 0.109253 0.117874 0.066267 0.113295 0.106286 0.099727 0.029063 0.083142 0.095895 0.030227 0.061836 0.131058 0.090637 0.117244 0.123594 0.090013 0.136774 0.118077 0.113049 0.094184 0.067672 0.112799 0.124011 0.089759 0.065248 0.111306 0.106509 0.138386 0.082390
523000.024841 4.451393 0.124521 0.136785 0.129593 0.157062 0.164302 0.158544 0.109895 0.111641 0.147309 0.152317 0.134255 0.121241 0.136923 0.111884 0.142614 0.147510 0.105382 0.137242 0.151432 0.120163 0.146418 0.057437 0.076584 0.070212 0.039254 0.016774 0.076586 0.028688 0.050126 0.037746 0.078303 0.111548 0.120853 0.074833 0.117258 0.113746 0.105354 0.026828 0.080914 0.097675 0.041507 0.054900 0.132098 0.098748 0.120328 0.127799 0.095657 0.138215 0.123037 0.110988 0.085804 0.061805 0.115160 0.125014 0.097324 0.064262 0.112162 0.103513 0.138584 0.083051
524000.024889 8.028822 0.141553 0.153263 0.142757 0.168288 0.160299 0.171548 0.123880 0.120417 0.160552 0.147229 0.144912 0.111062 0.131147 0.107654 0.159816 0.160106 0.108793 0.151521 0.147230 0.132227 0.149878 0.072655 0.098210 0.094873 0.049870 0.022528 0.093792 0.018535 0.041139 0.061854 0.089153 0.132405 0.137455 0.091094 0.114886 0.120736 0.119180 0.038590 0.103280 0.120183 0.053331 0.058771 0.145804 0.113644 0.131876 0.145935 0.113551 0.155921 0.123631 0.114430 0.089535 0.080790 0.118086 0.137747 0.107380 0.087066 0.105782 0.119943 0.153658 0.106423
525000.024936 2.693212 0.126737 0.138049 0.127477 0.158081 0.163909 0.158364 0.113033 0.108435 0.144172 0.153772 0.127601 0.119137 0.138351 0.110767 0.142963 0.146321 0.104202 0.134889 0.152521 0.118360 0.151710 0.070578 0.086818 0.075163 0.054480 0.013047 0.089035 0.036248 0.057285 0.047652 0.090172 0.113130 0.120603 0.068100 0.112329 0.106263 0.101614 0.031758 0.087793 0.100353 0.029744 0.064497 0.133917 0.092156 0.118959 0.126314 0.092658 0.140260 0.117939 0.115057 0.097275 0.071868 0.113558 0.126366 0.089925 0.069611 0.108485 0.109991 0.141528 0.087088
526000.024984 3.462112 0.123609 0.134753 0.127368 0.154850 0.162497 0.155784 0.110105 0.110281 0.144066 0.151869 0.130314 0.122202 0.138070 0.112803 0.140592 0.145110 0.105919 0.134967 0.151264 0.118666 0.146655 0.061386 0.077829 0.067920 0.045486 0.014793 0.080123 0.033583 0.054014 0.038306 0.081803 0.107422 0.116102 0.068175 0.113216 0.107849 0.099922 0.027394 0.079963 0.094372 0.034844 0.058108 0.128864 0.092151 0.115791 0.122503 0.089840 0.134757 0.118703 0.110235 0.089705 0.063035 0.111685 0.121695 0.090839 0.062945 0.112401 0.104615 0.135887 0.080361
527000.025031 2.268860 0.130108 0.140804 0.131740 0.160907 0.167701 0.162224 0.115209 0.112605 0.148662 0.156203 0.133276 0.121474 0.140399 0.113254 0.146735 0.149706 0.107199 0.139926 0.155590 0.122397 0.153473 0.069482 0.087815 0.077676 0.050508 0.011976 0.087874 0.030728 0.054581 0.047534 0.089419 0.116129 0.124386 0.072440 0.115455 0.111178 0.105559 0.027222 0.089487 0.102786 0.034885 0.063306 0.137425 0.097118 0.123043 0.130909 0.096605 0.143647 0.122094 0.116376 0.095290 0.071864 0.116648 0.129216 0.094236 0.072980 0.111724 0.111315 0.144378 0.089424
528000.025079 10.136945 0.117929 0.131796 0.125943 0.154434 0.164089 0.154920 0.105700 0.109973 0.143050 0.153284 0.131559 0.126529 0.139201 0.115375 0.136235 0.144613 0.106227 0.131872 0.152413 0.115498 0.145311 0.051207 0.066003 0.059158 0.038799 0.025313 0.070431 0.038697 0.057061 0.026344 0.074688 0.103700 0.116293 0.071580 0.121835 0.115048 0.102935 0.029512 0.069993 0.087350 0.043538 0.055911 0.128136 0.095176 0.118231 0.121070 0.090451 0.132731 0.125866 0.111855 0.085913 0.053324 0.116656 0.123204 0.098027 0.053087 0.115889 0.097839 0.134870 0.072344
529000.025126 2.247526 0.130148 0.143642 0.133615 0.162533 0.163039 0.163634 0.115236 0.112733 0.150629 0.151042 0.135202 0.116531 0.133957 0.109524 0.147978 0.152603 0.105724 0.139680 0.148769 0.122929 0.147509 0.061747 0.083217 0.078264 0.042853 0.011919 0.084216 0.029859 0.045583 0.045372 0.080307 0.119684 0.127001 0.079253 0.115488 0.114064 0.109288 0.036773 0.088889 0.105385 0.043410 0.051798 0.135052 0.101626 0.122776 0.132265 0.101769 0.144635 0.120487 0.110146 0.086342 0.070206 0.113846 0.130720 0.101020 0.068815 0.106118 0.109881 0.144147 0.091873
530000.025174 2.120956 0.129664 0.140889 0.131082 0.160908 0.166951 0.161948 0.114975 0.111743 0.147999 0.155785 0.131979 0.120655 0.140067 0.112364 0.146371 0.149548 0.105882 0.139133 0.154961 0.121098 0.153583 0.069690 0.087917 0.078300 0.052522 0.011579 0.088511 0.033313 0.055496 0.048013 0.089608 0.116247 0.123977 0.071706 0.114519 0.110036 0.104796 0.029078 0.089201 0.102641 0.033798 0.063513 0.136807 0.096000 0.122053 0.130279 0.096255 0.143490 0.121400 0.116227 0.096251 0.071472 0.116100 0.128891 0.093471 0.071988 0.110866 0.111248 0.144231 0.089613
531000.025221 2.672267 0.134130 0.146802 0.137579 0.165323 0.163169 0.166861 0.118351 0.117411 0.155269 0.151221 0.140021 0.115825 0.134397 0.110276 0.152463 0.155847 0.107727 0.145297 0.149676 0.126582 0.149717 0.063657 0.087312 0.083594 0.043689 0.012997 0.085371 0.021253 0.042039 0.049910 0.082269 0.123263 0.130180 0.083846 0.115890 0.117509 0.113113 0.033637 0.092067 0.109523 0.047898 0.053679 0.139087 0.106211 0.125878 0.137006 0.105916 0.148175 0.123080 0.111907 0.086703 0.070159 0.116070 0.132361 0.103555 0.073925 0.108784 0.112769 0.147263 0.095741
532000.025269 3.058203 0.128406 0.140162 0.129250 0.160806 0.166534 0.161313 0.114010 0.109004 0.146361 0.155596 0.129871 0.119293 0.139107 0.110919 0.145005 0.148500 0.104623 0.136557 0.154196 0.119592 0.153739 0.071886 0.088765 0.077599 0.054506 0.013903 0.090434 0.035313 0.057555 0.049338 0.091609 0.116415 0.124411 0.070840 0.115123 0.109596 0.104961 0.031373 0.090192 0.103037 0.031541 0.065680 0.137637 0.095664 0.122974 0.130237 0.095826 0.143944 0.120991 0.117821 0.098311 0.074144 0.116739 0.130107 0.092985 0.072822 0.108371 0.111389 0.145061 0.089630
533000.025316 5.189486 0.136239 0.147962 0.137419 0.166850 0.164817 0.168412 0.119970 0.116277 0.155080 0.152628 0.139336 0.114639 0.135539 0.109114 0.153759 0.155909 0.106905 0.145872 0.151801 0.126674 0.154304 0.072496 0.094258 0.087770 0.053422 0.018111 0.092071 0.025108 0.050648 0.056502 0.091777 0.124819 0.131439 0.082129 0.116701 0.117041 0.113111 0.032657 0.096963 0.111933 0.044154 0.064015 0.143501 0.105732 0.128611 0.139229 0.105459 0.150793 0.125313 0.118491 0.095158 0.076729 0.119668 0.134408 0.101404 0.080937 0.107800 0.116254 0.150166 0.098355
534000.025364 2.198847 0.128001 0.139071 0.130036 0.158097 0.162878 0.159381 0.112905 0.110903 0.146987 0.151245 0.131651 0.118717 0.136134 0.110497 0.145046 0.147820 0.105001 0.138092 0.150524 0.120975 0.147752 0.065582 0.084702 0.076411 0.046081 0.011789 0.084888 0.030633 0.050180 0.045544 0.083792 0.115239 0.122502 0.073063 0.112160 0.109151 0.104216 0.030618 0.087607 0.102249 0.036810 0.057238 0.133408 0.096640 0.119801 0.128954 0.096321 0.141142 0.118040 0.110809 0.090010 0.069431 0.112331 0.126483 0.093601 0.070190 0.109016 0.108748 0.141393 0.089070
535000.025411 2.090406 0.131618 0.143861 0.132326 0.163877 0.166126 0.164047 0.117020 0.112185 0.149532 0.155236 0.132243 0.117886 0.138484 0.110829 0.147965 0.152063 0.105306 0.139430 0.153526 0.121959 0.155062 0.071313 0.090085 0.081483 0.054582 0.011495 0.090378 0.033746 0.054075 0.051322 0.091068 0.120134 0.127594 0.075114 0.116110 0.112087 0.108319 0.034504 0.092310 0.106244 0.036449 0.063366 0.139656 0.098288 0.124628 0.133180 0.100150 0.147049 0.122250 0.117762 0.097080 0.074333 0.117612 0.132604 0.097444 0.073432 0.108443 0.113147 0.147615 0.093197
536000.025459 1.778347 0.133275 0.146031 0.134936 0.164941 0.163026 0.165820 0.117628 0.113705 0.152472 0.151285 0.136228 0.113951 0.133946 0.107905 0.150702 0.154399 0.105107 0.142000 0.149319 0.124158 0.151136 0.068044 0.089645 0.084071 0.049846 0.010602 0.088830 0.027143 0.047265 0.052112 0.086953 0.123172 0.130008 0.080711 0.115763 0.115384 0.111900 0.035500 0.093647 0.109596 0.042642 0.058088 0.140217 0.103420 0.126124 0.136287 0.104228 0.148906 0.122537 0.114863 0.091586 0.073962 0.116863 0.133570 0.101403 0.075250 0.105524 0.113210 0.148272 0.096068
537000.025506 2.962387 0.124923 0.137208 0.129575 0.158037 0.165431 0.158987 0.111002 0.111682 0.146567 0.154078 0.132652 0.122485 0.138864 0.113378 0.142396 0.147691 0.106255 0.136785 0.153106 0.119421 0.148899 0.059524 0.077763 0.070028 0.042839 0.013684 0.078889 0.031625 0.052383 0.037509 0.080563 0.111350 0.121147 0.072633 0.117586 0.112666 0.104550 0.027685 0.080670 0.096369 0.038894 0.056850 0.132645 0.096560 0.120287 0.126692 0.094749 0.138845 0.122993 0.112731 0.089027 0.062328 0.115610 0.126461 0.096532 0.062926 0.112523 0.104860 0.139915 0.082657
538000.025554 4.431606 0.136756 0.150385 0.139947 0.167872 0.161110 0.169417 0.121129 0.118358 0.157388 0.148917 0.141844 0.113112 0.132003 0.109162 0.154906 0.158883 0.108447 0.146427 0.147452 0.128628 0.149454 0.065250 0.089562 0.086858 0.044686 0.016737 0.087778 0.021608 0.039422 0.053670 0.083408 0.127319 0.134027 0.087819 0.116801 0.120145 0.116869 0.038955 0.095738 0.113260 0.051048 0.052493 0.141412 0.109547 0.128705 0.140267 0.109912 0.151574 0.123066 0.112056 0.085922 0.074382 0.116478 0.136114 0.108176 0.076887 0.105942 0.115300 0.150292 0.099521
539000.025601 2.246802 0.127364 0.141460 0.132100 0.161819 0.164947 0.162250 0.113720 0.112911 0.149285 0.153853 0.134012 0.120252 0.137030 0.112241 0.145315 0.151697 0.106388 0.137750 0.151268 0.121051 0.148970 0.058602 0.078419 0.073063 0.043107 0.011917 0.080864 0.033096 0.048987 0.039976 0.079149 0.115601 0.124345 0.076724 0.118005 0.114295 0.107715 0.035204 0.083495 0.100462 0.042469 0.052841 0.133536 0.098921 0.121398 0.128847 0.098866 0.141940 0.122651 0.111486 0.087554 0.064797 0.115358 0.129178 0.100326 0.062163 0.109815 0.107323 0.142419 0.086507
540000.025649 2.973726 0.128040 0.140288 0.132791 0.161016 0.168824 0.162548 0.113451 0.114664 0.150083 0.156948 0.135760 0.125006 0.141455 0.115810 0.145994 0.150873 0.108535 0.140465 0.156150 0.122216 0.151294 0.060634 0.080133 0.073151 0.042802 0.013710 0.081001 0.031884 0.052192 0.039135 0.081193 0.114631 0.124185 0.074996 0.118966 0.114832 0.106994 0.028094 0.083109 0.099348 0.041343 0.056842 0.135216 0.099088 0.122660 0.129845 0.097694 0.142224 0.125109 0.113981 0.089995 0.063804 0.117513 0.128849 0.098265 0.065206 0.115147 0.107611 0.142963 0.085709
541000.025696 4.491842 0.126111 0.136444 0.128132 0.157021 0.166843 0.158244 0.111784 0.110420 0.145021 0.155808 0.130487 0.122567 0.141276 0.113408 0.142334 0.145766 0.105478 0.136751 0.156089 0.118981 0.153121 0.068615 0.084941 0.073960 0.051473 0.016850 0.084499 0.032653 0.058083 0.045115 0.089683 0.111656 0.120920 0.069177 0.115946 0.110122 0.102926 0.023081 0.085276 0.098004 0.033034 0.065887 0.135686 0.094312 0.121313 0.127931 0.092871 0.139992 0.122672 0.117395 0.096180 0.068342 0.117053 0.126500 0.092406 0.070712 0.113430 0.107550 0.141269 0.084720
542000.025744 8.223298 0.130155 0.142055 0.136216 0.159282 0.162684 0.162193 0.114239 0.118564 0.153801 0.149412 0.141085 0.120671 0.134212 0.112719 0.149127 0.152380 0.108540 0.144703 0.148770 0.126363 0.142214 0.052713 0.078004 0.077255 0.030971 0.022799 0.075111 0.026869 0.039725 0.041630 0.070186 0.117122 0.123443 0.083659 0.113709 0.115452 0.108415 0.035681 0.084976 0.104108 0.053471 0.044103 0.129701 0.104641 0.118793 0.131022 0.102428 0.139742 0.120603 0.102667 0.076203 0.061772 0.110628 0.123709 0.101861 0.066811 0.113764 0.106222 0.137940 0.090432
543000.025791 3.557596 0.135969 0.147807 0.137533 0.165340 0.162030 0.167167 0.119716 0.115999 0.154869 0.150023 0.138923 0.114257 0.133274 0.108905 0.154019 0.155528 0.107715 0.145348 0.148628 0.127386 0.149508 0.070015 0.092711 0.086821 0.048313 0.014996 0.091733 0.024135 0.044409 0.055178 0.087005 0.125513 0.131510 0.083352 0.113670 0.115601 0.113052 0.035817 0.097021 0.113001 0.045804 0.057473 0.140678 0.106231 0.126913 0.138362 0.106216 0.150275 0.120748 0.112953 0.090240 0.076742 0.115384 0.133789 0.101038 0.079556 0.106024 0.116326 0.149379 0.099275
544000.025839 8.661552 0.127362 0.140668 0.134746 0.159566 0.163966 0.162122 0.111817 0.116867 0.152911 0.150699 0.140911 0.121175 0.134493 0.112428 0.147087 0.151846 0.107320 0.142626 0.149569 0.123957 0.142665 0.049218 0.073957 0.073986 0.028143 0.023398 0.072094 0.026267 0.041762 0.037687 0.068870 0.115650 0.123655 0.083683 0.117320 0.118281 0.109597 0.032946 0.081332 0.101529 0.053142 0.044885 0.130690 0.105591 0.120639 0.130996 0.102003 0.139553 0.123987 0.105086 0.076216 0.057986 0.113536 0.124837 0.103656 0.063837 0.113724 0.103535 0.138411 0.087090
545000.025886 5.787948 0.136472 0.149855 0.141496 0.167329 0.163091 0.169953 0.119658 0.120731 0.159532 0.150182 0.145240 0.115813 0.132743 0.110533 0.155928 0.159330 0.109440 0.149181 0.148475 0.129786 0.146877 0.059432 0.086412 0.086476 0.036940 0.019127 0.083155 0.018759 0.035458 0.050455 0.076578 0.127148 0.133422 0.090553 0.116442 0.121484 0.117223 0.038010 0.093429 0.113199 0.055790 0.047247 0.139087 0.112131 0.127362 0.140435 0.111223 0.150341 0.123968 0.108311 0.080238 0.069583 0.115488 0.133582 0.108963 0.075194 0.109134 0.113067 0.147942 0.099270
546000.025934 1.774548 0.130986 0.143628 0.134214 0.163323 0.165666 0.164473 0.116134 0.114558 0.151644 0.153972 0.136220 0.118638 0.137076 0.111742 0.148705 0.152743 0.107001 0.141493 0.152441 0.123546 0.151399 0.064078 0.085020 0.078743 0.044988 0.010591 0.084801 0.025791 0.047515 0.046350 0.084023 0.119110 0.127115 0.078446 0.116867 0.115051 0.109521 0.030497 0.089024 0.104967 0.041873 0.056723 0.137628 0.101655 0.124356 0.133306 0.101217 0.145284 0.123107 0.113741 0.089609 0.069097 0.116572 0.130872 0.100141 0.070545 0.109853 0.110913 0.145460 0.091155
547000.025981 5.364324 0.131309 0.144068 0.136188 0.164456 0.167306 0.166392 0.115782 0.116712 0.154112 0.154728 0.140700 0.118771 0.137060 0.111931 0.149869 0.154046 0.107723 0.144196 0.153491 0.124514 0.152086 0.061877 0.084155 0.080294 0.042952 0.018414 0.081646 0.020578 0.047260 0.046810 0.082974 0.120417 0.129612 0.083237 0.120930 0.120991 0.113556 0.027533 0.088165 0.105580 0.048044 0.058081 0.140702 0.106986 0.128231 0.136908 0.104428 0.147090 0.128771 0.116165 0.087895 0.066437 0.120718 0.132800 0.105003 0.072817 0.111779 0.109571 0.146886 0.091412
548000.026029 2.507167 0.132390 0.144780 0.136572 0.163094 0.164494 0.165104 0.116843 0.117168 0.153941 0.152233 0.139427 0.118610 0.135681 0.111916 0.150641 0.154125 0.108185 0.144168 0.150748 0.125843 0.148157 0.060038 0.083661 0.080040 0.039559 0.012589 0.082318 0.022965 0.042100 0.045612 0.079056 0.119994 0.126891 0.081679 0.114964 0.115693 0.110124 0.032576 0.089075 0.106423 0.047055 0.050807 0.135392 0.103876 0.122786 0.133706 0.103052 0.144647 0.121929 0.109161 0.083861 0.067447 0.113946 0.129027 0.101705 0.070454 0.110568 0.110625 0.143597 0.092609
549000.026076 6.092946 0.128152 0.139766 0.133831 0.158591 0.164963 0.161185 0.112970 0.116867 0.151504 0.152474 0.138763 0.122216 0.137350 0.113715 0.146887 0.150133 0.107782 0.142889 0.152309 0.123407 0.146493 0.055709 0.078517 0.075089 0.037113 0.019625 0.076189 0.024889 0.045648 0.040647 0.075912 0.114429 0.122397 0.079684 0.115934 0.115531 0.107166 0.027330 0.082764 0.100826 0.048380 0.052382 0.132385 0.102253 0.120437 0.130331 0.099223 0.139609 0.123706 0.108608 0.082634 0.060001 0.114402 0.124430 0.099402 0.066566 0.115323 0.105735 0.139093 0.086718
550000.026124 4.589383 0.132072 0.144481 0.135952 0.161408 0.161669 0.164086 0.115661 0.115734 0.153789 0.148741 0.139374 0.115628 0.132016 0.108745 0.150913 0.153192 0.106198 0.143894 0.147274 0.125797 0.144126 0.059803 0.084160 0.081799 0.037840 0.017032 0.082327 0.023093 0.039700 0.047918 0.076897 0.121474 0.127058 0.083842 0.112932 0.115095 0.110499 0.035504 0.090847 0.109104 0.048803 0.048732 0.134192 0.105765 0.122176 0.134709 0.104464 0.144440 0.119790 0.106404 0.081059 0.068860 0.112079 0.127825 0.101511 0.072513 0.107720 0.110045 0.142481 0.095023
551000.026171 6.121547 0.125765 0.136407 0.129687 0.156818 0.167769 0.158618 0.111967 0.112473 0.146558 0.156488 0.133580 0.124046 0.141637 0.115104 0.142740 0.146509 0.107944 0.137951 0.156525 0.120677 0.152134 0.065426 0.081757 0.070997 0.048081 0.019671 0.082000 0.030376 0.057067 0.042300 0.087188 0.110179 0.120241 0.071191 0.118262 0.112811 0.103854 0.021429 0.082994 0.096462 0.037379 0.064626 0.134801 0.096412 0.121641 0.127480 0.092958 0.138440 0.124803 0.116814 0.093654 0.065875 0.117983 0.125701 0.094416 0.068712 0.115158 0.106800 0.139837 0.082271
552000.026219 7.016299 0.121380 0.132916 0.127790 0.154071 0.164307 0.155461 0.108313 0.112570 0.144433 0.153413 0.132734 0.125938 0.140228 0.115801 0.139064 0.144593 0.107204 0.135834 0.153850 0.117405 0.147222 0.055607 0.072399 0.064939 0.041484 0.021059 0.073623 0.032785 0.054887 0.032655 0.078274 0.105033 0.116121 0.070884 0.118078 0.112943 0.101806 0.022749 0.073836 0.089918 0.041729 0.058009 0.129344 0.094635 0.117502 0.122448 0.090444 0.133675 0.124360 0.111862 0.087419 0.054750 0.115271 0.121884 0.095077 0.059166 0.117245 0.101038 0.135340 0.075878
553000.026266 8.696912 0.130713 0.143567 0.137266 0.160450 0.160194 0.163549 0.114407 0.118269 0.154828 0.146801 0.142581 0.116750 0.130294 0.109801 0.150354 0.153887 0.107578 0.145178 0.145451 0.126357 0.139902 0.051141 0.078098 0.079463 0.027893 0.023446 0.075172 0.022325 0.034882 0.043483 0.068171 0.119306 0.125310 0.086994 0.112930 0.117316 0.110872 0.037066 0.086028 0.106133 0.056035 0.040787 0.130281 0.107625 0.119935 0.132828 0.105009 0.141351 0.120064 0.101183 0.072728 0.062355 0.109764 0.125090 0.104658 0.068747 0.110085 0.106525 0.138954 0.092346
554000.026314 5.587286 0.134817 0.148428 0.137577 0.162246 0.153981 0.164704 0.119459 0.115636 0.153996 0.142454 0.138779 0.108327 0.125666 0.104766 0.152813 0.155666 0.106244 0.143130 0.139945 0.126939 0.142034 0.063476 0.087829 0.086224 0.044000 0.018793 0.087602 0.025511 0.035450 0.054322 0.079429 0.125953 0.130837 0.088030 0.111611 0.116215 0.114547 0.045028 0.095348 0.113311 0.052729 0.047167 0.135846 0.107783 0.123820 0.136492 0.108617 0.148092 0.116632 0.105681 0.081375 0.075097 0.110239 0.132404 0.106393 0.075441 0.100229 0.113972 0.145719 0.099600
555000.026361 6.068954 0.124295 0.135757 0.130095 0.156721 0.168221 0.158542 0.110680 0.113898 0.147195 0.156891 0.135017 0.126624 0.142552 0.116890 0.141995 0.146906 0.108702 0.138212 0.157143 0.120295 0.150997 0.059561 0.076569 0.067745 0.042808 0.019586 0.077117 0.029961 0.055465 0.036171 0.082292 0.108716 0.119940 0.072577 0.120479 0.115155 0.104706 0.019731 0.078414 0.093808 0.040776 0.060985 0.133697 0.097470 0.121564 0.126663 0.093382 0.137475 0.126874 0.115595 0.090423 0.059738 0.118691 0.125384 0.096708 0.063637 0.117767 0.104162 0.139113 0.079274
556000.026409 13.628294 0.142292 0.155609 0.144531 0.160694 0.148494 0.166451 0.125889 0.122086 0.159869 0.136670 0.144609 0.103659 0.121063 0.103437 0.160329 0.159248 0.108721 0.150471 0.134620 0.133604 0.138459 0.065226 0.094087 0.096760 0.045637 0.029350 0.091316 0.027339 0.025347 0.063338 0.077719 0.134538 0.135394 0.098223 0.107525 0.117846 0.119466 0.054849 0.103598 0.123095 0.064015 0.041982 0.135789 0.115237 0.123923 0.142173 0.117468 0.151643 0.113487 0.100244 0.076248 0.080542 0.106721 0.132861 0.112649 0.082378 0.098316 0.119602 0.146170 0.110085
557000.026456 3.410182 0.129350 0.142507 0.132189 0.162873 0.164823 0.162983 0.115950 0.112341 0.148971 0.153940 0.133386 0.118189 0.137037 0.111537 0.146260 0.151535 0.106783 0.138028 0.151912 0.121948 0.152325 0.066419 0.084557 0.075987 0.049632 0.014682 0.086550 0.031337 0.052097 0.046781 0.087123 0.116648 0.125176 0.075380 0.117403 0.113406 0.107694 0.033611 0.088283 0.102504 0.038855 0.060073 0.136656 0.098501 0.123294 0.130428 0.098292 0.143454 0.122207 0.115328 0.092688 0.071313 0.116470 0.130734 0.098940 0.069100 0.108265 0.110941 0.144478 0.088595
558000.026504 3.877715 0.127716 0.141162 0.133124 0.160916 0.161989 0.162353 0.112951 0.113786 0.150835 0.150237 0.137364 0.116612 0.132841 0.109429 0.146678 0.151343 0.106049 0.140025 0.148073 0.122239 0.145560 0.057308 0.079066 0.075068 0.038340 0.015656 0.079237 0.022257 0.043736 0.042454 0.077269 0.116530 0.124900 0.080977 0.116660 0.116661 0.109721 0.031046 0.084609 0.102709 0.046947 0.052009 0.134197 0.103614 0.122666 0.131378 0.100910 0.142002 0.122784 0.109734 0.082989 0.064080 0.114707 0.128144 0.101701 0.067073 0.108227 0.106840 0.141732 0.087956
559000.026551 4.838916 0.132344 0.142342 0.134235 0.161893 0.167373 0.163999 0.116552 0.115445 0.151512 0.155529 0.136937 0.120712 0.139562 0.113201 0.149663 0.151180 0.108315 0.143847 0.155360 0.124505 0.153420 0.070572 0.090384 0.081596 0.050119 0.017489 0.088626 0.025801 0.052774 0.051106 0.089923 0.118197 0.126007 0.076416 0.115085 0.113678 0.107903 0.024239 0.091473 0.105519 0.040382 0.064311 0.139498 0.101029 0.124960 0.134021 0.099282 0.145367 0.123557 0.116606 0.094378 0.071840 0.117496 0.129535 0.095671 0.077661 0.113124 0.112986 0.145778 0.092026
560000.026599 2.080426 0.135068 0.146358 0.137325 0.164397 0.165155 0.166495 0.118614 0.116912 0.154910 0.152813 0.139391 0.117343 0.136220 0.110931 0.152994 0.154895 0.108265 0.145712 0.151427 0.127418 0.150489 0.067232 0.090197 0.084691 0.046361 0.011467 0.088344 0.024593 0.045053 0.051576 0.084899 0.123450 0.129644 0.081822 0.114542 0.115264 0.111555 0.033571 0.094316 0.110777 0.045004 0.056403 0.139195 0.104903 0.125371 0.136898 0.104737 0.148377 0.122181 0.112633 0.089382 0.073208 0.115825 0.131643 0.100162 0.076533 0.109413 0.114152 0.147119 0.097142
561000.026646 2.986339 0.129835 0.142950 0.134895 0.162397 0.164828 0.163918 0.114668 0.115773 0.152605 0.152847 0.138201 0.119765 0.136071 0.112280 0.148550 0.153055 0.107728 0.142115 0.151022 0.124107 0.147626 0.058434 0.080895 0.076770 0.038114 0.013739 0.080678 0.025459 0.043724 0.042506 0.077532 0.118396 0.126494 0.080888 0.116750 0.116383 0.110193 0.032108 0.086103 0.104129 0.046955 0.050747 0.135044 0.103561 0.123134 0.132535 0.102169 0.143840 0.122747 0.109729 0.084131 0.065109 0.114870 0.129348 0.101738 0.067535 0.111087 0.108632 0.143506 0.090030
562000.026694 4.928228 0.130050 0.141240 0.129261 0.161760 0.165077 0.161715 0.115295 0.108782 0.146480 0.154000 0.129506 0.116067 0.137432 0.108733 0.145822 0.148700 0.103231 0.137170 0.153119 0.120036 0.155466 0.076376 0.093252 0.081895 0.058792 0.017650 0.092866 0.034780 0.058613 0.054840 0.095991 0.118869 0.126437 0.072355 0.114957 0.109980 0.106602 0.032579 0.094011 0.105987 0.032132 0.069493 0.140685 0.096805 0.124993 0.132902 0.097818 0.146201 0.121327 0.120392 0.101126 0.077716 0.118083 0.131932 0.093925 0.077826 0.106697 0.112973 0.147357 0.092926
563000.026741 6.908744 0.121110 0.132800 0.121877 0.154636 0.164967 0.154148 0.108773 0.104022 0.138507 0.155945 0.121980 0.123505 0.142399 0.112774 0.136294 0.141815 0.102369 0.128424 0.155614 0.113006 0.153435 0.071714 0.083406 0.069014 0.059068 0.020897 0.087080 0.045243 0.066343 0.044568 0.093061 0.107698 0.117145 0.061764 0.114984 0.104355 0.098152 0.033080 0.083045 0.093926 0.023388 0.070450 0.132456 0.086669 0.117607 0.121777 0.087316 0.136781 0.119311 0.118873 0.102306 0.070326 0.115735 0.125272 0.087581 0.065263 0.111054 0.105735 0.139148 0.080659
564000.026789 2.531755 0.128530 0.140817 0.133018 0.160391 0.165472 0.162148 0.113840 0.114571 0.150380 0.153869 0.136311 0.121116 0.137813 0.112815 0.146790 0.150864 0.107160 0.140826 0.152587 0.122205 0.148791 0.059765 0.080632 0.074959 0.042353 0.012650 0.081227 0.027503 0.048520 0.041743 0.080393 0.114615 0.122628 0.076173 0.115611 0.113576 0.106272 0.027787 0.084235 0.100908 0.041903 0.055023 0.133580 0.099501 0.120753 0.129437 0.097465 0.141035 0.122611 0.111142 0.087293 0.063786 0.114642 0.126374 0.097318 0.066805 0.112381 0.108007 0.141063 0.086766
565000.026836 4.765873 0.125335 0.135385 0.127098 0.155064 0.163827 0.156748 0.110130 0.108937 0.144561 0.152516 0.130082 0.120696 0.138332 0.110912 0.142327 0.144503 0.103865 0.136325 0.152732 0.118540 0.148697 0.067756 0.084742 0.074619 0.049846 0.017356 0.084707 0.032998 0.056155 0.045815 0.087016 0.111673 0.119412 0.069680 0.112383 0.108030 0.101727 0.025642 0.085802 0.099738 0.033431 0.063500 0.133318 0.094743 0.119153 0.127363 0.092565 0.138837 0.119498 0.113695 0.093644 0.068338 0.113889 0.123868 0.089779 0.071440 0.111448 0.106889 0.139311 0.086016
566000.026884 9.450192 0.141184 0.154166 0.143235 0.163908 0.154476 0.168458 0.124069 0.120637 0.159737 0.141568 0.144008 0.107333 0.125090 0.105032 0.159311 0.159635 0.107963 0.149858 0.139867 0.132682 0.141663 0.065067 0.093441 0.094621 0.043044 0.024441 0.089888 0.025069 0.028518 0.060281 0.078517 0.133352 0.135611 0.095011 0.109762 0.117875 0.118403 0.050238 0.102528 0.121441 0.059544 0.043393 0.137508 0.113672 0.125429 0.142498 0.115701 0.152236 0.116019 0.102836 0.078312 0.079692 0.109340 0.133747 0.110525 0.081582 0.100704 0.118047 0.147665 0.108245
567000.026931 3.021686 0.131432 0.144495 0.135715 0.164509 0.165555 0.165991 0.116257 0.115642 0.153611 0.153442 0.139296 0.117693 0.135858 0.111090 0.150003 0.154233 0.107655 0.143011 0.151696 0.124909 0.150680 0.062544 0.084214 0.078978 0.043004 0.013820 0.083690 0.021511 0.046111 0.046464 0.082897 0.119940 0.128323 0.081340 0.118609 0.118168 0.111858 0.029320 0.088979 0.105922 0.045000 0.056414 0.138846 0.104960 0.126241 0.135179 0.102987 0.146110 0.125381 0.114259 0.088036 0.068379 0.118173 0.131705 0.102536 0.071567 0.109638 0.110689 0.146065 0.091348
568000.026979 2.941035 0.133045 0.145534 0.136641 0.163701 0.161508 0.165444 0.117454 0.116591 0.154039 0.149635 0.139462 0.114975 0.132925 0.109280 0.151398 0.154616 0.107157 0.144326 0.148053 0.125569 0.147725 0.062361 0.085903 0.082430 0.042914 0.013635 0.084455 0.020420 0.041439 0.049238 0.081165 0.121336 0.127908 0.082896 0.114136 0.116296 0.111422 0.032970 0.090695 0.108038 0.047547 0.052728 0.137002 0.105023 0.123944 0.135086 0.104027 0.146093 0.121639 0.110106 0.084981 0.069009 0.114118 0.130205 0.102219 0.073414 0.107976 0.111774 0.145007 0.094206
569000.027026 7.813265 0.140863 0.153349 0.143173 0.165679 0.156199 0.169805 0.124006 0.120965 0.160058 0.143633 0.145009 0.109201 0.127743 0.106840 0.159401 0.159799 0.109382 0.150852 0.143041 0.132372 0.145493 0.067658 0.094411 0.092952 0.045050 0.022223 0.091172 0.015941 0.033906 0.059674 0.083479 0.131258 0.135448 0.092312 0.111987 0.119572 0.118269 0.041752 0.101107 0.118962 0.055967 0.051322 0.141236 0.113331 0.128326 0.143257 0.113255 0.153107 0.119723 0.108510 0.083228 0.078411 0.113283 0.135225 0.108527 0.083413 0.103711 0.118875 0.150199 0.105237
570000.027074 1.886315 0.131438 0.143139 0.133228 0.162525 0.163938 0.163466 0.116282 0.113262 0.150633 0.152329 0.134795 0.116190 0.135796 0.109651 0.148658 0.151660 0.105776 0.141195 0.151058 0.123379 0.151545 0.067982 0.088478 0.080870 0.049533 0.010919 0.087398 0.026605 0.049335 0.049924 0.087184 0.119717 0.127056 0.077460 0.115309 0.113317 0.108880 0.031384 0.091302 0.106443 0.040018 0.060162 0.138523 0.100933 0.124344 0.133770 0.100863 0.145764 0.122009 0.114987 0.092558 0.071943 0.116446 0.130857 0.098022 0.073663 0.107988 0.111794 0.145799 0.092865
571000.027121 2.168538 0.133255 0.146441 0.135455 0.163824 0.159512 0.164966 0.117683 0.114253 0.152868 0.147860 0.136771 0.112169 0.130807 0.106785 0.150909 0.154742 0.105069 0.141889 0.145605 0.124765 0.147023 0.064912 0.087777 0.084288 0.045788 0.011708 0.086872 0.026201 0.041249 0.051833 0.082542 0.123999 0.130133 0.083595 0.114031 0.115603 0.112915 0.039443 0.093491 0.110797 0.046778 0.051923 0.137984 0.104839 0.124816 0.136071 0.105983 0.148335 0.119803 0.110202 0.086257 0.073110 0.113744 0.132704 0.103498 0.074119 0.103850 0.112556 0.146951 0.097078
572000.027169 2.203051 0.128035 0.138437 0.128879 0.158448 0.165477 0.159354 0.113349 0.110281 0.145690 0.155033 0.129567 0.120435 0.139737 0.111732 0.144339 0.147010 0.105051 0.137335 0.154244 0.119291 0.152722 0.071153 0.088322 0.077526 0.054199 0.011801 0.088922 0.034615 0.056972 0.048379 0.090549 0.114407 0.122202 0.069796 0.113047 0.108058 0.103201 0.028985 0.088349 0.101510 0.032242 0.065379 0.135919 0.094107 0.120716 0.128346 0.094365 0.142152 0.120037 0.116295 0.097450 0.071019 0.115191 0.127412 0.090751 0.072130 0.110661 0.110418 0.143049 0.088576
573000.027216 3.899864 0.133947 0.148149 0.137224 0.165561 0.160637 0.167436 0.117732 0.114943 0.155385 0.148233 0.139688 0.111391 0.130133 0.106026 0.153043 0.156373 0.104977 0.144052 0.145871 0.125671 0.146930 0.063522 0.087809 0.085528 0.043755 0.015701 0.086827 0.022893 0.040626 0.052129 0.081157 0.126364 0.132494 0.086702 0.116187 0.118670 0.115330 0.038222 0.094251 0.112782 0.049177 0.052183 0.139789 0.109021 0.127367 0.139211 0.108613 0.150120 0.122693 0.111399 0.085596 0.072745 0.116190 0.134287 0.105724 0.075176 0.103362 0.112947 0.148500 0.098565
574000.027264 3.131353 0.132162 0.145903 0.134128 0.165450 0.165954 0.165973 0.117558 0.112336 0.151277 0.154301 0.134336 0.116853 0.136508 0.110163 0.149444 0.153959 0.106047 0.139824 0.151824 0.123558 0.152826 0.068739 0.088470 0.081110 0.050973 0.014069 0.090073 0.034082 0.051713 0.050345 0.087689 0.122496 0.129874 0.078700 0.117870 0.114425 0.110779 0.038847 0.093193 0.108205 0.040389 0.059459 0.139379 0.101715 0.125959 0.134744 0.103049 0.148140 0.122667 0.116047 0.093878 0.075791 0.117771 0.134392 0.100946 0.072223 0.105642 0.113470 0.148226 0.094630
575000.027311 3.171229 0.128622 0.142861 0.132765 0.163657 0.164655 0.164173 0.114281 0.111918 0.150378 0.153041 0.135315 0.117062 0.134972 0.109898 0.146869 0.152507 0.105858 0.138449 0.150439 0.121800 0.149833 0.062809 0.082439 0.076078 0.044540 0.014158 0.084244 0.028605 0.048853 0.044888 0.082890 0.118805 0.127847 0.079288 0.119337 0.116862 0.110934 0.033768 0.087558 0.104076 0.042718 0.056591 0.137773 0.102774 0.125713 0.133008 0.101555 0.145378 0.124146 0.114552 0.089195 0.069531 0.117795 0.132675 0.102187 0.068646 0.106722 0.109363 0.145885 0.089640
576000.027359 4.353303 0.135033 0.147633 0.137303 0.165096 0.162281 0.167231 0.118404 0.115483 0.155152 0.149295 0.139623 0.112770 0.132040 0.107336 0.153353 0.155374 0.105773 0.145241 0.148180 0.126716 0.148772 0.066707 0.090655 0.086684 0.045445 0.016588 0.088077 0.021571 0.042909 0.053728 0.084327 0.126036 0.132096 0.085106 0.115355 0.117361 0.114022 0.035596 0.095986 0.112992 0.047400 0.055603 0.140661 0.108045 0.127535 0.139641 0.107619 0.150011 0.122540 0.112667 0.087636 0.074907 0.116456 0.133726 0.103739 0.078301 0.105176 0.113888 0.148463 0.099200
577000.027406 5.303830 0.135346 0.148599 0.140092 0.166385 0.162149 0.168791 0.119014 0.119352 0.158115 0.149430 0.144260 0.114672 0.132120 0.109453 0.154621 0.158056 0.108567 0.147724 0.147887 0.128765 0.147082 0.060283 0.085998 0.084866 0.039218 0.018310 0.083296 0.016154 0.037799 0.050389 0.078930 0.124911 0.131440 0.088356 0.116334 0.120665 0.115690 0.034826 0.092599 0.111532 0.053023 0.050301 0.139008 0.110491 0.126959 0.139185 0.108681 0.148793 0.124155 0.109764 0.081892 0.069502 0.115923 0.132398 0.107062 0.075379 0.108385 0.112536 0.146913 0.097040
578000.027454 3.705990 0.135983 0.149526 0.139125 0.166029 0.160049 0.168166 0.120030 0.117278 0.156553 0.147668 0.141233 0.112003 0.130322 0.107468 0.154485 0.157637 0.107193 0.145732 0.145751 0.128034 0.146883 0.063463 0.088406 0.086276 0.042993 0.015305 0.087014 0.021259 0.037860 0.052815 0.081168 0.126504 0.132215 0.087344 0.114718 0.118281 0.115171 0.039292 0.095341 0.113246 0.050661 0.050209 0.138963 0.108772 0.126454 0.138880 0.108836 0.149827 0.121267 0.109486 0.083800 0.073856 0.114396 0.133695 0.106326 0.075972 0.104299 0.114369 0.147922 0.099195
579000.027501 7.854357 0.140515 0.153311 0.142458 0.165856 0.155710 0.169918 0.123354 0.120068 0.159744 0.143161 0.144159 0.107916 0.127007 0.105512 0.158845 0.159848 0.107681 0.150011 0.142546 0.131059 0.145625 0.068322 0.095108 0.094273 0.046266 0.022282 0.091099 0.017662 0.034435 0.060609 0.084121 0.132484 0.136862 0.093241 0.112799 0.120485 0.119574 0.042998 0.101720 0.119877 0.056406 0.052110 0.142575 0.113985 0.129481 0.144393 0.114631 0.154544 0.120597 0.109557 0.083775 0.078736 0.114348 0.136526 0.109946 0.083914 0.102520 0.118390 0.151340 0.106322
580000.027549 4.888096 0.124231 0.136755 0.130487 0.156445 0.161959 0.158112 0.109737 0.113372 0.148097 0.150351 0.135405 0.120958 0.134999 0.111737 0.143074 0.148028 0.106126 0.138225 0.148947 0.120296 0.143062 0.052900 0.073608 0.069485 0.036082 0.017578 0.074408 0.029046 0.046632 0.035566 0.072899 0.110629 0.119151 0.076666 0.115360 0.113444 0.104889 0.030179 0.078310 0.096974 0.045858 0.050107 0.128827 0.099146 0.117535 0.125773 0.095843 0.136420 0.121443 0.106747 0.081622 0.057383 0.112263 0.122646 0.097483 0.060818 0.112595 0.102697 0.136316 0.082485
581000.027596 2.465172 0.130173 0.143582 0.132538 0.163157 0.162868 0.163776 0.115248 0.111533 0.149986 0.151225 0.133988 0.114449 0.133746 0.107933 0.147673 0.151953 0.104085 0.139084 0.149284 0.121725 0.150279 0.066098 0.086383 0.080077 0.047759 0.012483 0.086444 0.027739 0.048465 0.048932 0.085465 0.120515 0.128186 0.078913 0.116590 0.114630 0.110219 0.034196 0.090708 0.106431 0.041047 0.057992 0.138412 0.101958 0.125092 0.134055 0.102120 0.146279 0.122174 0.114499 0.090700 0.072027 0.116618 0.132328 0.100756 0.071946 0.105036 0.110761 0.146331 0.092728
582000.027644 4.810756 0.132098 0.145225 0.137454 0.164276 0.164973 0.166640 0.115815 0.117535 0.155849 0.152004 0.142205 0.117705 0.134481 0.110834 0.151670 0.155233 0.107716 0.145442 0.150392 0.126322 0.147419 0.058519 0.083070 0.081133 0.036733 0.017438 0.080664 0.018921 0.040755 0.046307 0.077351 0.122167 0.129756 0.085786 0.117720 0.120093 0.113939 0.031515 0.089111 0.108244 0.051080 0.050747 0.137959 0.108659 0.126263 0.137245 0.106359 0.146819 0.125235 0.110433 0.082349 0.066269 0.116851 0.131097 0.105109 0.072149 0.110564 0.109631 0.145568 0.093738
583000.027691 7.083264 0.123019 0.136574 0.129921 0.155583 0.160525 0.157124 0.108895 0.112656 0.147432 0.148675 0.134520 0.120879 0.133545 0.111272 0.141847 0.147893 0.105234 0.136475 0.146852 0.119898 0.140304 0.048440 0.069731 0.067616 0.033119 0.021160 0.071421 0.034830 0.046520 0.032457 0.068249 0.110202 0.118330 0.077465 0.115879 0.112989 0.104303 0.036714 0.076922 0.096283 0.047953 0.045213 0.125651 0.098596 0.115509 0.124017 0.096177 0.134566 0.120518 0.103783 0.078420 0.056432 0.110866 0.121436 0.098967 0.055867 0.111560 0.100658 0.134040 0.081948
584000.027739 6.642538 0.136322 0.149558 0.136814 0.164439 0.156044 0.166780 0.119795 0.113721 0.154308 0.143436 0.137886 0.105714 0.126356 0.102193 0.153829 0.155569 0.102779 0.143962 0.142602 0.125772 0.147005 0.071256 0.094962 0.091550 0.051525 0.020491 0.091818 0.023922 0.042730 0.060064 0.088217 0.130136 0.135738 0.088381 0.115095 0.118510 0.117337 0.041787 0.100398 0.117015 0.049672 0.058243 0.143730 0.110098 0.130213 0.142623 0.111278 0.153589 0.121670 0.114255 0.089700 0.079945 0.117031 0.137664 0.107121 0.082595 0.098811 0.115836 0.151859 0.103561
585000.027786 2.800031 0.134695 0.147962 0.136484 0.165362 0.160218 0.166660 0.118700 0.114863 0.154042 0.148430 0.137360 0.111327 0.131065 0.106311 0.152440 0.155644 0.104652 0.143502 0.146500 0.124973 0.148938 0.066870 0.090489 0.087149 0.048255 0.013304 0.088646 0.025781 0.042715 0.054046 0.084523 0.126449 0.132480 0.085114 0.115170 0.116788 0.114385 0.039469 0.095518 0.112804 0.047614 0.054969 0.140512 0.106622 0.126905 0.138564 0.108078 0.150720 0.121777 0.112652 0.088507 0.074440 0.115961 0.134800 0.104632 0.076195 0.103439 0.113975 0.149222 0.099442
586000.027834 5.225170 0.136718 0.147674 0.139667 0.165962 0.164129 0.168331 0.120710 0.120116 0.157205 0.152264 0.142714 0.116908 0.136378 0.112057 0.154737 0.156469 0.110386 0.148590 0.151848 0.129158 0.152856 0.068463 0.091556 0.086249 0.048503 0.018174 0.088601 0.019180 0.045786 0.054060 0.087614 0.123486 0.130253 0.084233 0.116320 0.118439 0.113406 0.030599 0.094735 0.110901 0.048566 0.060267 0.141520 0.107300 0.127400 0.138522 0.105798 0.148928 0.125280 0.115294 0.090432 0.072607 0.118260 0.132197 0.102501 0.079116 0.111553 0.115647 0.148017 0.097035
587000.027881 4.402725 0.128036 0.140905 0.133822 0.160444 0.164640 0.162401 0.112977 0.115324 0.151530 0.152130 0.138444 0.120019 0.135776 0.112004 0.146950 0.151441 0.106917 0.141625 0.150929 0.123024 0.146490 0.055394 0.077933 0.074671 0.036256 0.016682 0.076988 0.023852 0.044690 0.040060 0.075863 0.115543 0.123923 0.079847 0.116916 0.116406 0.108483 0.028392 0.083148 0.101240 0.046729 0.050899 0.133343 0.102780 0.121732 0.131045 0.100043 0.141000 0.123725 0.109265 0.082537 0.061500 0.114885 0.126677 0.100994 0.065940 0.112120 0.105947 0.140695 0.086994
588000.027929 2.516133 0.126086 0.138564 0.129971 0.159365 0.163968 0.159800 0.112228 0.111703 0.146986 0.153166 0.132635 0.120031 0.137170 0.111713 0.143309 0.148965 0.105594 0.136797 0.151415 0.119428 0.149164 0.061206 0.079666 0.072715 0.045407 0.012611 0.080880 0.030857 0.050932 0.041325 0.082221 0.112664 0.121808 0.073766 0.116354 0.112761 0.105595 0.029924 0.082655 0.098364 0.039528 0.056874 0.133593 0.096820 0.120587 0.127464 0.095644 0.140296 0.122050 0.112609 0.089196 0.064304 0.114859 0.127265 0.097260 0.065344 0.110712 0.106365 0.141077 0.084499
589000.027976 2.465562 0.130846 0.143504 0.131151 0.161540 0.161027 0.162187 0.115461 0.109331 0.148126 0.149441 0.130876 0.113119 0.132575 0.106310 0.147401 0.150725 0.102568 0.137504 0.147337 0.121372 0.148607 0.069553 0.089567 0.082803 0.050945 0.012484 0.090025 0.034017 0.049172 0.052243 0.086819 0.122113 0.128287 0.077516 0.112913 0.110716 0.108869 0.040278 0.094092 0.108965 0.038718 0.057203 0.137298 0.099791 0.123382 0.133549 0.102059 0.146994 0.117608 0.112479 0.091991 0.076710 0.113481 0.132309 0.098322 0.074171 0.102166 0.112057 0.146456 0.095995
590000.028023 5.381395 0.127561 0.141190 0.133455 0.160301 0.163709 0.162295 0.112643 0.113988 0.151447 0.151350 0.138071 0.118831 0.134088 0.110689 0.146934 0.151407 0.106774 0.140146 0.149062 0.123265 0.144525 0.055859 0.077592 0.073885 0.036443 0.018443 0.078714 0.026942 0.044841 0.041042 0.075306 0.116419 0.124278 0.081043 0.117157 0.116346 0.109155 0.033503 0.084545 0.103066 0.047280 0.050373 0.132585 0.103797 0.121764 0.130881 0.100739 0.141005 0.122750 0.108509 0.082009 0.064209 0.114447 0.126925 0.101220 0.065566 0.109511 0.106451 0.140369 0.087984
591000.028071 3.107192 0.133828 0.146165 0.136791 0.163486 0.161208 0.165372 0.117697 0.116466 0.154521 0.149367 0.139108 0.115061 0.132706 0.109051 0.152289 0.154852 0.107028 0.144478 0.147504 0.126396 0.146634 0.063954 0.087628 0.084034 0.043097 0.014014 0.086282 0.023667 0.040531 0.050996 0.081087 0.123238 0.129055 0.083873 0.112999 0.115452 0.112121 0.036126 0.092979 0.110706 0.048155 0.051658 0.137061 0.105682 0.124007 0.135977 0.105474 0.147311 0.119941 0.108946 0.085084 0.071240 0.113206 0.130600 0.101646 0.074771 0.107503 0.112855 0.145871 0.096737
592000.028118 10.473702 0.133715 0.147171 0.140895 0.166821 0.165847 0.169186 0.118008 0.122305 0.159099 0.153107 0.146708 0.120473 0.135995 0.114530 0.153642 0.157854 0.111287 0.149089 0.152003 0.128536 0.148448 0.055506 0.081841 0.082701 0.033896 0.025730 0.078044 0.018462 0.038103 0.047096 0.074777 0.123515 0.131808 0.090920 0.119305 0.124502 0.117243 0.033981 0.088206 0.108382 0.058833 0.048971 0.138691 0.112673 0.127778 0.139099 0.109765 0.147832 0.127494 0.109344 0.078900 0.063149 0.117458 0.132381 0.110532 0.072343 0.115032 0.110115 0.146729 0.094365
593000.028166 4.956194 0.128992 0.141924 0.134415 0.161062 0.161774 0.162526 0.114277 0.115379 0.151846 0.149769 0.138799 0.116964 0.133115 0.110397 0.147553 0.152134 0.107485 0.141373 0.147998 0.124288 0.145444 0.057465 0.079561 0.075690 0.037717 0.017700 0.078934 0.021564 0.042549 0.043346 0.077267 0.116594 0.124615 0.081470 0.115984 0.116586 0.109729 0.031861 0.085478 0.103160 0.047996 0.050934 0.133672 0.103875 0.122151 0.131515 0.101132 0.141505 0.122013 0.108616 0.081873 0.064879 0.113741 0.127463 0.102191 0.068115 0.109282 0.107439 0.141068 0.088565
594000.028213 3.153951 0.132188 0.144846 0.136641 0.163349 0.164688 0.165213 0.116706 0.117292 0.154000 0.152347 0.139499 0.118465 0.135755 0.111771 0.150470 0.154405 0.107841 0.144225 0.150773 0.125543 0.148496 0.059179 0.083098 0.080319 0.040388 0.014119 0.081373 0.024810 0.042793 0.045325 0.078429 0.120290 0.127375 0.082255 0.116019 0.116523 0.110721 0.033748 0.088386 0.106108 0.048025 0.050764 0.135676 0.104231 0.123119 0.134001 0.103679 0.144910 0.123089 0.109731 0.084092 0.066380 0.114862 0.129551 0.102821 0.069456 0.110718 0.109934 0.143814 0.092632
595000.028261 4.388810 0.134382 0.148234 0.137182 0.164050 0.158479 0.166157 0.118284 0.115043 0.154827 0.145978 0.138932 0.110217 0.128633 0.105517 0.152879 0.155751 0.104854 0.143769 0.143997 0.126254 0.145123 0.063491 0.088200 0.086264 0.042809 0.016656 0.086624 0.023524 0.037719 0.053070 0.080175 0.126679 0.132026 0.087164 0.113917 0.117124 0.114696 0.040777 0.095296 0.113510 0.050194 0.049408 0.138067 0.108454 0.125799 0.138621 0.108942 0.149261 0.119714 0.108501 0.083317 0.074094 0.113441 0.133220 0.105876 0.075601 0.102314 0.113132 0.147202 0.099687
596000.028308 4.715633 0.122564 0.133322 0.123752 0.153922 0.163195 0.154187 0.109596 0.106150 0.140024 0.153505 0.123943 0.123976 0.140856 0.113396 0.138220 0.142490 0.104313 0.130892 0.153464 0.115554 0.149475 0.068955 0.082358 0.068753 0.054489 0.017265 0.086446 0.043310 0.061971 0.042358 0.088605 0.107356 0.115721 0.062094 0.111644 0.102752 0.096767 0.032930 0.082787 0.094477 0.025478 0.064932 0.129421 0.086660 0.115021 0.120648 0.086952 0.135504 0.116107 0.113413 0.097626 0.069225 0.111675 0.122784 0.085747 0.064450 0.111524 0.106389 0.137241 0.081338
597000.028356 5.166952 0.140655 0.151957 0.141060 0.166402 0.159954 0.169103 0.123789 0.119189 0.157766 0.147551 0.141382 0.111807 0.131787 0.108337 0.157956 0.158268 0.108700 0.149239 0.146995 0.130888 0.149675 0.072256 0.097170 0.092988 0.050133 0.018072 0.094199 0.022922 0.040579 0.060147 0.088294 0.130170 0.134595 0.087268 0.111681 0.116249 0.115529 0.040317 0.101928 0.117792 0.049947 0.055985 0.142322 0.108869 0.127888 0.141896 0.110440 0.153396 0.119445 0.111689 0.089370 0.080520 0.114195 0.135614 0.104213 0.083994 0.105162 0.119733 0.151379 0.104903
598000.028403 5.463815 0.129381 0.139803 0.134207 0.158700 0.166368 0.161647 0.113637 0.116791 0.151866 0.153794 0.139456 0.122179 0.138310 0.113899 0.147879 0.150024 0.108872 0.143679 0.153539 0.124695 0.148040 0.060776 0.082211 0.076665 0.039948 0.018584 0.079851 0.022006 0.047330 0.043979 0.080351 0.115201 0.123396 0.079015 0.116005 0.115802 0.107943 0.023989 0.085543 0.102464 0.046107 0.056355 0.134915 0.102821 0.122356 0.131824 0.099172 0.141245 0.124190 0.111291 0.085711 0.063796 0.115760 0.125631 0.098052 0.071215 0.115209 0.107741 0.140869 0.088142
599000.028451 4.375217 0.131370 0.144250 0.136148 0.162499 0.164143 0.164820 0.115324 0.115969 0.153684 0.150961 0.139884 0.117624 0.134066 0.110400 0.149985 0.153803 0.106955 0.143526 0.149426 0.125393 0.146076 0.057774 0.081915 0.079711 0.036937 0.016630 0.080233 0.024479 0.042088 0.044628 0.076501 0.120323 0.127320 0.082969 0.116010 0.116924 0.110859 0.034148 0.088427 0.106460 0.048420 0.048954 0.134882 0.105417 0.123243 0.134337 0.103891 0.144388 0.122703 0.108389 0.081629 0.067010 0.114288 0.129109 0.103259 0.070146 0.109151 0.108696 0.142853 0.092724
600000.028498 2.613592 0.130987 0.144050 0.135046 0.163263 0.162749 0.164502 0.116172 0.115428 0.152438 0.151320 0.137756 0.116346 0.134279 0.110026 0.149285 0.153534 0.106661 0.142241 0.149318 0.123551 0.148810 0.061138 0.083480 0.079517 0.043795 0.012853 0.083183 0.023942 0.044367 0.046566 0.081103 0.119133 0.126565 0.080895 0.115788 0.116043 0.110251 0.032344 0.087933 0.105184 0.045715 0.053939 0.136292 0.103130 0.123351 0.133056 0.102101 0.144661 0.122767 0.111410 0.086382 0.066732 0.115157 0.129831 0.101619 0.069874 0.108667 0.110230 0.144244 0.091268
