#! FIELDS time restraint.bias r0 r1 r2 r3 r4 r5 r6 r7 r8 r9 r10 r11 r12 r13 r14 r15 r16 r17 r18 r19 r20 r21 r22 r23 r24 r25 r26 r27 r28 r29 r30 r31 r32 r33
0.000000 0.000473 0.048890 0.073192 0.110728 0.115856 0.061901 0.000097 0.092801 0.054927 0.114439 0.068599 0.098325 0.109917 0.094957 0.101481 0.113199 0.133592 0.104703 0.120092 0.136649 0.109821 0.134008 0.101926 0.113638 0.152436 0.140702 0.152124 0.126726 0.082456 0.042448 0.119139 0.063183 0.034573 0.052287 0.035663
1000.000047 14.057993 0.039847 0.064094 0.103206 0.111922 0.060992 0.016768 0.093457 0.059122 0.110264 0.064109 0.094889 0.105679 0.089042 0.098471 0.117169 0.135375 0.102894 0.114429 0.132358 0.112974 0.136280 0.094062 0.117312 0.148159 0.142171 0.150167 0.124306 0.074423 0.045922 0.113124 0.052818 0.025989 0.041381 0.022020
2000.000095 12.127442 0.036219 0.065700 0.106718 0.114503 0.058150 0.015574 0.098088 0.062568 0.116168 0.059695 0.092676 0.108422 0.089278 0.097942 0.119456 0.139401 0.104376 0.114417 0.133586 0.112983 0.139441 0.094668 0.118294 0.151500 0.142613 0.150215 0.126859 0.077784 0.036637 0.115718 0.053194 0.031147 0.043538 0.026858
3000.000142 16.437098 0.043017 0.071699 0.109181 0.112150 0.061130 0.018131 0.092055 0.056319 0.112829 0.065109 0.095444 0.107041 0.089762 0.100662 0.117666 0.136552 0.104819 0.118149 0.135648 0.114650 0.139111 0.098155 0.119708 0.150829 0.142665 0.150302 0.124461 0.075919 0.040027 0.115622 0.058691 0.030851 0.043716 0.031590
4000.000190 5.577816 0.043958 0.069913 0.110008 0.117956 0.056941 0.010562 0.099357 0.062193 0.119873 0.063066 0.094067 0.112678 0.094964 0.100352 0.117357 0.138911 0.106216 0.117316 0.135173 0.109676 0.136042 0.098691 0.113975 0.153562 0.140421 0.151812 0.130545 0.084070 0.034801 0.119676 0.059050 0.036677 0.052251 0.035649
5000.000237 10.284873 0.046200 0.072609 0.108617 0.111391 0.061571 0.014342 0.089726 0.052597 0.111144 0.067788 0.096454 0.104908 0.089099 0.098782 0.113204 0.132215 0.101688 0.117691 0.134311 0.111048 0.135367 0.098197 0.116072 0.148556 0.139566 0.148401 0.121687 0.075403 0.042953 0.115249 0.060116 0.030195 0.044716 0.032127
6000.000285 6.711074 0.043629 0.068054 0.105628 0.111443 0.057685 0.011585 0.092952 0.057684 0.112378 0.063247 0.093068 0.110026 0.093154 0.100629 0.116191 0.135890 0.105468 0.116251 0.132607 0.110401 0.133472 0.098446 0.113865 0.148683 0.138492 0.148265 0.126799 0.081369 0.038605 0.113793 0.057633 0.034124 0.048341 0.032109
7000.000332 3.092318 0.044672 0.069681 0.107515 0.112530 0.059094 0.007864 0.092936 0.056445 0.113131 0.064609 0.094491 0.109142 0.092616 0.099735 0.114779 0.134823 0.104207 0.116725 0.133518 0.109674 0.134157 0.098971 0.113837 0.149627 0.138890 0.148647 0.125814 0.081369 0.039292 0.115211 0.059175 0.034193 0.048906 0.033039
8000.000380 10.847435 0.044599 0.070287 0.109545 0.117081 0.054508 0.014729 0.099209 0.062377 0.120374 0.061359 0.091774 0.113235 0.095353 0.100710 0.118291 0.139672 0.106956 0.117774 0.135667 0.110422 0.136345 0.099019 0.114371 0.153950 0.140224 0.151388 0.130635 0.083735 0.032941 0.118927 0.058918 0.038324 0.052186 0.038141
9000.000427 6.197893 0.049321 0.072286 0.107943 0.111958 0.058850 0.011134 0.090481 0.054293 0.112061 0.066344 0.094596 0.111930 0.096629 0.104541 0.116681 0.135786 0.108061 0.121144 0.136921 0.113074 0.134061 0.102863 0.115629 0.151592 0.140744 0.151492 0.127856 0.082306 0.040290 0.115635 0.062295 0.034438 0.051609 0.036534
10000.000475 24.350601 0.039373 0.067136 0.105483 0.111290 0.064107 0.022068 0.090923 0.056297 0.108875 0.066992 0.097282 0.099857 0.083164 0.095992 0.115638 0.132721 0.099126 0.114089 0.132703 0.114325 0.140056 0.091790 0.120878 0.146909 0.143717 0.149470 0.119043 0.066568 0.048876 0.113501 0.052556 0.020245 0.033386 0.019115
11000.000522 10.179730 0.039535 0.067224 0.106635 0.113844 0.058417 0.014269 0.095079 0.059185 0.114294 0.062835 0.093815 0.107238 0.089701 0.098833 0.117612 0.137088 0.103806 0.115841 0.133994 0.112608 0.137305 0.095279 0.117165 0.150714 0.141866 0.150655 0.125630 0.075820 0.039247 0.115631 0.054557 0.028251 0.043016 0.026999
12000.000570 9.841149 0.044029 0.069382 0.107680 0.114200 0.060097 0.014029 0.092852 0.056046 0.113304 0.067712 0.096415 0.104618 0.088782 0.098204 0.114069 0.133441 0.100982 0.116401 0.134389 0.110838 0.136278 0.095326 0.116211 0.149733 0.141343 0.150909 0.123290 0.073212 0.043971 0.116569 0.056298 0.026469 0.042398 0.027705
13000.000617 6.127379 0.047888 0.070260 0.107741 0.114229 0.056573 0.011070 0.094003 0.057458 0.115432 0.065338 0.093653 0.111800 0.095930 0.102486 0.116366 0.136599 0.106511 0.118799 0.135598 0.110661 0.133819 0.099999 0.113959 0.151819 0.139893 0.151581 0.129186 0.081749 0.039460 0.116739 0.059775 0.034863 0.050874 0.035631
14000.000665 15.624335 0.034767 0.061540 0.103722 0.115171 0.053582 0.017677 0.101170 0.066027 0.118437 0.057404 0.089453 0.109937 0.090263 0.096932 0.120478 0.141104 0.104434 0.111837 0.131362 0.110871 0.137535 0.091494 0.115689 0.150707 0.140752 0.149892 0.129449 0.078313 0.036146 0.114759 0.048830 0.031942 0.043432 0.026337
15000.000712 5.356522 0.042100 0.067639 0.108006 0.116358 0.057522 0.010350 0.098969 0.062540 0.117947 0.061806 0.093947 0.111794 0.093827 0.099469 0.117370 0.138866 0.105523 0.115996 0.133709 0.109623 0.135143 0.098224 0.113679 0.151989 0.139984 0.150267 0.129420 0.083933 0.036498 0.117445 0.057225 0.036550 0.050374 0.032648
16000.000760 3.356141 0.044995 0.071265 0.109085 0.113706 0.060593 0.008193 0.092162 0.055198 0.113095 0.065566 0.096058 0.108345 0.092091 0.099614 0.114198 0.133774 0.103878 0.117925 0.135050 0.110601 0.136127 0.099326 0.115288 0.150760 0.140758 0.150413 0.125047 0.079912 0.040485 0.116966 0.060100 0.032731 0.048520 0.033246
17000.000807 6.036824 0.042536 0.067040 0.105614 0.112992 0.056286 0.010988 0.095065 0.058889 0.114573 0.062049 0.092195 0.110348 0.093173 0.100217 0.117153 0.137442 0.105528 0.116229 0.133189 0.110575 0.133290 0.097593 0.113566 0.150267 0.138906 0.149207 0.127895 0.080531 0.037797 0.114653 0.056283 0.032889 0.047631 0.031360
18000.000855 5.640232 0.041670 0.067465 0.106394 0.113602 0.058246 0.010621 0.095276 0.058703 0.114563 0.062481 0.093680 0.109260 0.091700 0.098931 0.116878 0.136846 0.104549 0.115821 0.133181 0.110723 0.135180 0.096743 0.114774 0.150143 0.139925 0.149754 0.127168 0.079630 0.039302 0.115557 0.056232 0.031483 0.046525 0.030006
19000.000902 12.450361 0.051251 0.074870 0.110895 0.115493 0.063995 0.015780 0.089577 0.052221 0.112276 0.074478 0.101227 0.105017 0.091870 0.101832 0.111558 0.130875 0.101901 0.120760 0.137109 0.111030 0.133991 0.099915 0.115347 0.150769 0.141650 0.153095 0.123143 0.074426 0.048837 0.119005 0.062632 0.028447 0.046685 0.032420
20000.000950 5.463808 0.052923 0.077203 0.113159 0.116642 0.062790 0.010454 0.091527 0.052862 0.115424 0.071243 0.099626 0.111259 0.097073 0.104216 0.113631 0.133852 0.106618 0.123415 0.139265 0.111348 0.134077 0.104548 0.114547 0.154269 0.141444 0.154077 0.127975 0.082532 0.043720 0.120989 0.066699 0.035668 0.054150 0.039734
21000.000997 5.951098 0.041014 0.066073 0.106053 0.114907 0.056582 0.010910 0.096726 0.060377 0.115929 0.062602 0.093180 0.109469 0.092001 0.098762 0.116962 0.137457 0.104177 0.115133 0.133087 0.109927 0.135123 0.095624 0.114086 0.150702 0.140120 0.150497 0.127931 0.079325 0.039125 0.116021 0.054466 0.031174 0.046073 0.028962
22000.001045 9.135012 0.038882 0.068567 0.108608 0.115023 0.058717 0.013517 0.097204 0.060865 0.116469 0.061120 0.093777 0.109754 0.091024 0.099708 0.119779 0.139662 0.105823 0.117037 0.135633 0.113969 0.140134 0.097358 0.119070 0.152866 0.143400 0.151497 0.127587 0.079389 0.035712 0.117155 0.056078 0.031695 0.045822 0.030007
23000.001092 9.382258 0.046559 0.070316 0.108086 0.115198 0.061662 0.013698 0.092473 0.055737 0.113224 0.070217 0.098250 0.106674 0.092059 0.101223 0.114794 0.134098 0.103320 0.118636 0.135781 0.111786 0.134597 0.097619 0.115569 0.151024 0.141987 0.153115 0.125652 0.075205 0.046646 0.117516 0.058727 0.027259 0.045536 0.028922
24000.001140 4.379999 0.051227 0.074798 0.110873 0.114638 0.059768 0.009359 0.092161 0.054637 0.115059 0.068734 0.096637 0.110793 0.095985 0.101641 0.111700 0.132785 0.104699 0.119707 0.135198 0.107513 0.131055 0.102662 0.110804 0.150952 0.137129 0.149406 0.126673 0.084271 0.040062 0.118282 0.064938 0.038594 0.054474 0.039747
25000.001187 20.190429 0.043015 0.068990 0.106142 0.111590 0.065805 0.020095 0.089179 0.053628 0.107755 0.069936 0.099189 0.100911 0.085692 0.098435 0.115505 0.132089 0.100605 0.116828 0.134608 0.115315 0.138913 0.094447 0.120772 0.147849 0.144459 0.151348 0.119809 0.067778 0.051176 0.114442 0.055639 0.018107 0.036677 0.021299
26000.001235 4.615629 0.048705 0.071414 0.109064 0.116352 0.057885 0.009608 0.095238 0.058615 0.116573 0.066817 0.095519 0.112994 0.097667 0.102772 0.114435 0.135843 0.106744 0.119247 0.134926 0.108221 0.130286 0.101819 0.110085 0.152025 0.137870 0.151017 0.129802 0.085312 0.039327 0.118412 0.062191 0.037925 0.054643 0.037413
27000.001282 9.342625 0.042898 0.071391 0.109946 0.114761 0.062241 0.013669 0.092931 0.055938 0.113457 0.065824 0.097153 0.106042 0.089655 0.100153 0.117015 0.135617 0.103792 0.119367 0.137763 0.115172 0.140116 0.098395 0.120343 0.152925 0.145183 0.153063 0.123795 0.074530 0.042024 0.117947 0.058548 0.027193 0.043591 0.028821
28000.001330 11.332441 0.043446 0.071278 0.108668 0.111930 0.062265 0.015055 0.090301 0.053634 0.111104 0.067500 0.096831 0.103574 0.087370 0.098290 0.114227 0.132863 0.101262 0.116923 0.134633 0.112502 0.137949 0.096606 0.118170 0.149138 0.141736 0.149442 0.121183 0.072975 0.043285 0.115489 0.058220 0.027187 0.041631 0.029070
29000.001377 10.138032 0.045886 0.068508 0.106416 0.113659 0.052759 0.014239 0.097065 0.061725 0.117263 0.060122 0.089724 0.114824 0.097330 0.102612 0.118592 0.139578 0.108613 0.117570 0.134074 0.110232 0.132985 0.100394 0.112798 0.151576 0.138024 0.149238 0.131255 0.085906 0.032431 0.115432 0.058605 0.039747 0.053325 0.038101
30000.001425 5.787960 0.051606 0.074575 0.109622 0.112963 0.062501 0.010759 0.087643 0.050507 0.110291 0.071470 0.098653 0.108387 0.094967 0.104014 0.113276 0.131886 0.105311 0.122160 0.137909 0.112558 0.133892 0.102758 0.115746 0.151219 0.141659 0.152756 0.124776 0.078517 0.045665 0.117248 0.063924 0.030789 0.050127 0.035156
31000.001472 5.915884 0.046447 0.074129 0.112227 0.116683 0.061559 0.010877 0.093961 0.055751 0.116344 0.067762 0.098063 0.108614 0.092615 0.100996 0.115170 0.135541 0.104497 0.120389 0.137743 0.112058 0.136993 0.100532 0.116552 0.153801 0.142395 0.152878 0.126220 0.078921 0.040312 0.120060 0.062002 0.032315 0.048793 0.034418
32000.001520 5.062493 0.046387 0.071701 0.110848 0.117726 0.059453 0.010062 0.097096 0.059783 0.118367 0.066461 0.096360 0.112329 0.095823 0.101968 0.116507 0.137641 0.106688 0.118882 0.136051 0.110279 0.135205 0.100173 0.113976 0.153619 0.140776 0.152685 0.130318 0.083751 0.038435 0.120075 0.061378 0.035799 0.052852 0.036390
33000.001567 7.896823 0.045115 0.071831 0.108988 0.112510 0.060192 0.012567 0.091830 0.055604 0.112846 0.066115 0.095506 0.109084 0.092754 0.101842 0.116298 0.135844 0.105558 0.119026 0.135750 0.112624 0.136123 0.100565 0.116579 0.151048 0.140985 0.150099 0.125565 0.080073 0.039239 0.115820 0.060520 0.033421 0.048158 0.033557
34000.001615 9.173590 0.044236 0.072402 0.109112 0.111660 0.063210 0.013545 0.089867 0.052936 0.110824 0.067187 0.097330 0.105980 0.089457 0.100096 0.115799 0.134051 0.103744 0.118589 0.135623 0.113765 0.138518 0.098823 0.119023 0.149839 0.142361 0.150334 0.123130 0.075921 0.043123 0.115782 0.059928 0.028580 0.044168 0.030718
35000.001662 8.638898 0.045435 0.072722 0.109707 0.113508 0.063464 0.013145 0.091135 0.053714 0.112171 0.067624 0.097902 0.107737 0.091683 0.101911 0.117331 0.135566 0.105630 0.120470 0.137551 0.115287 0.138556 0.099910 0.119535 0.152137 0.144034 0.153063 0.125375 0.076564 0.043906 0.117479 0.060877 0.027436 0.045914 0.031171
36000.001710 9.879088 0.047338 0.070245 0.106112 0.111679 0.061943 0.014056 0.088587 0.052815 0.108999 0.069648 0.097467 0.106102 0.092006 0.101768 0.113920 0.132253 0.103587 0.118855 0.134869 0.112179 0.132793 0.098865 0.115178 0.148745 0.140740 0.151012 0.123645 0.075160 0.047321 0.114638 0.059274 0.027528 0.045234 0.028937
37000.001757 12.573568 0.046228 0.069448 0.106373 0.112290 0.061077 0.015858 0.089655 0.053866 0.110162 0.069599 0.097064 0.103464 0.089070 0.098797 0.112236 0.131055 0.100393 0.116359 0.133467 0.110215 0.133894 0.095824 0.114897 0.147816 0.140219 0.149891 0.121701 0.072403 0.047261 0.114807 0.057110 0.026528 0.042010 0.027449
38000.001805 3.097105 0.046708 0.072754 0.110610 0.115728 0.060523 0.007870 0.093637 0.056069 0.115376 0.067347 0.097066 0.109875 0.094025 0.101268 0.114678 0.135175 0.105041 0.119499 0.136231 0.110520 0.134793 0.100705 0.114285 0.152495 0.140625 0.151727 0.126939 0.081332 0.040069 0.118766 0.061822 0.033559 0.050593 0.034685
39000.001852 4.761272 0.041427 0.066553 0.106218 0.114258 0.057033 0.009758 0.096215 0.060135 0.115329 0.061230 0.092705 0.110751 0.093130 0.099666 0.117647 0.137743 0.105600 0.115855 0.133638 0.110881 0.135682 0.097018 0.114874 0.151131 0.140553 0.150549 0.128533 0.081061 0.037851 0.115806 0.055778 0.032874 0.048053 0.030775
40000.001900 4.335890 0.047995 0.070471 0.108305 0.115902 0.056846 0.009312 0.095932 0.059149 0.116983 0.065510 0.094291 0.113151 0.097282 0.102876 0.116570 0.137381 0.107261 0.119251 0.135761 0.110087 0.132870 0.100798 0.112772 0.152589 0.139547 0.152084 0.130575 0.084020 0.038718 0.118081 0.060765 0.036361 0.053352 0.036649
41000.001947 13.677621 0.036506 0.066995 0.107050 0.112473 0.058753 0.016539 0.096970 0.061487 0.114784 0.058026 0.091886 0.108595 0.088589 0.097228 0.119809 0.139076 0.104656 0.114383 0.133242 0.113501 0.141368 0.095679 0.119756 0.150356 0.142232 0.148293 0.125622 0.079473 0.034767 0.114705 0.054235 0.033484 0.044439 0.030217
42000.001995 4.196597 0.049819 0.073756 0.109952 0.114553 0.060956 0.009161 0.091287 0.053777 0.113593 0.069817 0.097868 0.110069 0.095539 0.103546 0.114650 0.134669 0.105882 0.121522 0.137410 0.111631 0.133166 0.102620 0.114403 0.152285 0.140713 0.152392 0.126872 0.080804 0.043123 0.117899 0.063133 0.033028 0.050859 0.035145
43000.002042 17.041500 0.043833 0.064279 0.103612 0.114788 0.048113 0.018462 0.101069 0.066791 0.119895 0.059105 0.087006 0.116050 0.098043 0.102619 0.120767 0.142605 0.108925 0.115404 0.132505 0.109357 0.131596 0.097606 0.111145 0.151270 0.137054 0.149280 0.133749 0.085825 0.031647 0.114502 0.054386 0.040492 0.052891 0.036512
44000.002090 5.214561 0.046141 0.072008 0.109150 0.113637 0.063914 0.010212 0.090189 0.053034 0.110980 0.068470 0.098944 0.105815 0.090750 0.099262 0.112335 0.131455 0.102307 0.118239 0.134815 0.110644 0.134694 0.098798 0.115137 0.149757 0.140884 0.150778 0.123276 0.076921 0.045534 0.117109 0.060805 0.029541 0.046612 0.030560
45000.002137 12.360639 0.057952 0.081614 0.114980 0.115105 0.065467 0.015723 0.088540 0.050025 0.113817 0.075846 0.102047 0.111675 0.098940 0.106619 0.111742 0.132025 0.107143 0.125986 0.140036 0.111198 0.131793 0.108776 0.113748 0.153279 0.139650 0.152373 0.126657 0.085333 0.046112 0.120590 0.071705 0.040368 0.057734 0.044345
46000.002185 3.870437 0.050364 0.073553 0.109621 0.114271 0.061083 0.008798 0.090413 0.053296 0.112779 0.069818 0.097903 0.109474 0.095331 0.102532 0.112431 0.132542 0.104813 0.120297 0.135875 0.109585 0.131586 0.101711 0.112535 0.150923 0.139219 0.151447 0.126327 0.080814 0.043671 0.117756 0.063382 0.033658 0.051339 0.035460
47000.002232 14.008453 0.055223 0.081374 0.116271 0.117184 0.067748 0.016738 0.087945 0.048979 0.113232 0.077774 0.104592 0.106150 0.093894 0.104661 0.111598 0.130665 0.103942 0.125639 0.141664 0.113798 0.136871 0.104685 0.118271 0.154216 0.144325 0.155761 0.123233 0.076125 0.048856 0.122749 0.069071 0.030921 0.050929 0.038541
48000.002280 7.598791 0.045366 0.069261 0.106486 0.113105 0.057902 0.012328 0.093240 0.056610 0.113680 0.066262 0.094496 0.108352 0.092341 0.100561 0.115901 0.135763 0.104063 0.117603 0.134383 0.110909 0.133608 0.097876 0.114448 0.149990 0.139601 0.150225 0.126140 0.077781 0.041666 0.115344 0.057597 0.030385 0.046288 0.030726
49000.002327 26.459004 0.035613 0.062815 0.102365 0.110631 0.061617 0.023004 0.093516 0.059760 0.109759 0.064409 0.094562 0.099275 0.081431 0.092681 0.114764 0.132759 0.097127 0.109375 0.128323 0.110744 0.137537 0.087340 0.117492 0.144238 0.140246 0.146459 0.119302 0.066840 0.047635 0.111482 0.048312 0.022058 0.032108 0.016208
50000.002375 7.063346 0.045725 0.071312 0.108806 0.113913 0.059525 0.011886 0.092273 0.055204 0.113840 0.067038 0.095768 0.107962 0.092303 0.101003 0.115069 0.134916 0.104243 0.118681 0.135651 0.111480 0.134626 0.098938 0.115140 0.151347 0.140619 0.151047 0.125585 0.077492 0.041119 0.116811 0.059583 0.030755 0.046826 0.032431
51000.002422 7.598339 0.050556 0.074413 0.108299 0.110072 0.063071 0.012327 0.087146 0.050203 0.108828 0.068866 0.097254 0.108434 0.094004 0.102803 0.113679 0.132015 0.105460 0.121103 0.136003 0.112477 0.132942 0.103060 0.115383 0.149225 0.139572 0.149438 0.123861 0.080135 0.044764 0.114866 0.064436 0.033576 0.050381 0.036180
52000.002470 6.575497 0.047784 0.072739 0.109570 0.114207 0.061363 0.011468 0.091058 0.054325 0.112669 0.068726 0.097774 0.108111 0.093252 0.102093 0.114015 0.133731 0.104512 0.120073 0.136352 0.111621 0.133913 0.100683 0.115107 0.151327 0.140980 0.151723 0.125252 0.078419 0.042719 0.117447 0.061478 0.031481 0.048373 0.032748
53000.002517 7.237942 0.048508 0.068925 0.106489 0.114701 0.054037 0.012032 0.095795 0.060175 0.116698 0.064839 0.092421 0.113442 0.097831 0.101935 0.114207 0.136048 0.106251 0.116892 0.132404 0.106060 0.127923 0.100261 0.107655 0.149835 0.135070 0.148446 0.130145 0.085904 0.037796 0.115879 0.059956 0.040100 0.054324 0.037907
54000.002565 6.040795 0.051734 0.074707 0.110569 0.114651 0.063127 0.010992 0.089120 0.051909 0.112061 0.072570 0.099949 0.108865 0.095447 0.103956 0.112840 0.132308 0.105177 0.121700 0.137446 0.111282 0.133035 0.102377 0.114448 0.151672 0.141173 0.153339 0.126252 0.079307 0.046556 0.118457 0.064210 0.031875 0.050645 0.035082
55000.002612 10.654337 0.046050 0.069283 0.107975 0.115937 0.058123 0.014597 0.095124 0.058948 0.115899 0.067598 0.095524 0.109674 0.094028 0.102427 0.117249 0.137215 0.105460 0.118606 0.136331 0.112261 0.135587 0.097972 0.115968 0.152586 0.142318 0.153647 0.128534 0.077777 0.042281 0.117736 0.057685 0.030329 0.047358 0.031067
56000.002660 19.300113 0.037472 0.064563 0.104337 0.112606 0.055723 0.019647 0.096284 0.062132 0.114590 0.060735 0.091086 0.106389 0.088150 0.096879 0.117042 0.136959 0.102352 0.112328 0.130670 0.110426 0.135779 0.092242 0.115214 0.148193 0.139246 0.147609 0.124960 0.075098 0.038011 0.113383 0.051549 0.031572 0.041572 0.027004
57000.002707 7.051482 0.053409 0.073233 0.108888 0.115196 0.058241 0.011876 0.092595 0.055669 0.115105 0.069941 0.096528 0.111817 0.097880 0.102545 0.111367 0.132603 0.105085 0.119557 0.134381 0.106219 0.127990 0.102107 0.108484 0.150054 0.135976 0.150144 0.128452 0.084470 0.043211 0.117918 0.063852 0.038463 0.055113 0.039679
58000.002755 7.832204 0.046010 0.066536 0.104078 0.112860 0.057394 0.012516 0.093946 0.058273 0.113045 0.066246 0.094103 0.109810 0.094308 0.101168 0.115706 0.135918 0.104742 0.116481 0.132609 0.109315 0.130084 0.097662 0.111580 0.148742 0.137899 0.149669 0.127910 0.080022 0.043871 0.113943 0.056534 0.032043 0.047959 0.029899
59000.002802 7.834070 0.054802 0.078879 0.112111 0.112286 0.066378 0.012517 0.084838 0.046575 0.108783 0.075259 0.101687 0.106880 0.094621 0.104016 0.110580 0.129118 0.104155 0.123791 0.138535 0.112135 0.133203 0.104976 0.115530 0.150638 0.140784 0.151714 0.122299 0.079019 0.048252 0.117999 0.068475 0.032279 0.052010 0.038190
60000.002850 7.761061 0.050330 0.071093 0.108049 0.115144 0.054954 0.012459 0.095067 0.058886 0.116974 0.066644 0.093438 0.114074 0.098757 0.103971 0.115580 0.136927 0.107678 0.119317 0.134973 0.108504 0.130121 0.101678 0.110404 0.151644 0.137243 0.150683 0.130994 0.085338 0.038218 0.117172 0.061532 0.038855 0.054676 0.039175
61000.002897 12.146698 0.046535 0.071303 0.108662 0.114321 0.064405 0.015586 0.089755 0.052991 0.110624 0.071290 0.099743 0.103761 0.089682 0.100554 0.114047 0.131875 0.102048 0.118993 0.136546 0.113532 0.136861 0.097052 0.118157 0.150576 0.143988 0.153577 0.122673 0.071308 0.049290 0.117446 0.059003 0.022654 0.042483 0.027006
62000.002945 8.853837 0.045797 0.072084 0.110151 0.115790 0.057509 0.013307 0.095966 0.058928 0.117518 0.065205 0.094448 0.111016 0.094130 0.101834 0.117359 0.137999 0.106167 0.119294 0.136574 0.111880 0.136300 0.099896 0.115904 0.153148 0.140988 0.151705 0.128346 0.081004 0.036091 0.118556 0.060279 0.034528 0.050173 0.035562
63000.002992 4.937425 0.047321 0.073247 0.111092 0.115199 0.062461 0.009937 0.093503 0.055951 0.114542 0.066065 0.097150 0.111486 0.095226 0.103321 0.118229 0.137240 0.107868 0.121649 0.139089 0.115086 0.139450 0.102531 0.119394 0.154563 0.144736 0.154193 0.128275 0.082133 0.040844 0.119081 0.062718 0.033316 0.051418 0.036050
64000.003040 5.945265 0.044023 0.071365 0.109347 0.114295 0.064602 0.010904 0.092088 0.054353 0.112028 0.068247 0.099098 0.106032 0.089964 0.099912 0.116026 0.134540 0.103459 0.119063 0.136637 0.113987 0.138510 0.098555 0.118923 0.151492 0.143940 0.152601 0.124023 0.075850 0.045629 0.117635 0.059456 0.025835 0.044664 0.028165
65000.003087 6.325427 0.046061 0.071429 0.109715 0.116118 0.058189 0.011248 0.096075 0.058902 0.117440 0.065790 0.095280 0.112421 0.095642 0.102785 0.118083 0.138670 0.107337 0.119649 0.136719 0.111982 0.136016 0.100517 0.115595 0.153387 0.141402 0.152807 0.130180 0.082501 0.038376 0.118638 0.060315 0.034547 0.050945 0.035158
66000.003135 7.304005 0.047965 0.073831 0.109789 0.112440 0.065871 0.012086 0.087788 0.049686 0.109291 0.071826 0.100558 0.103802 0.089306 0.099450 0.111926 0.130162 0.101258 0.119212 0.135760 0.111720 0.136195 0.099372 0.116938 0.149032 0.141618 0.150682 0.121000 0.074795 0.048600 0.116697 0.061820 0.026998 0.044868 0.030898
67000.003182 10.941337 0.056184 0.078791 0.113261 0.116271 0.065958 0.014793 0.088277 0.050983 0.112338 0.076775 0.103111 0.109144 0.097411 0.105373 0.109990 0.130086 0.105080 0.123940 0.138452 0.109926 0.130325 0.105378 0.112290 0.152233 0.140028 0.153618 0.125797 0.081486 0.049008 0.120780 0.069099 0.035659 0.054948 0.039237
68000.003230 4.963814 0.053816 0.077403 0.113190 0.116251 0.064035 0.009964 0.090840 0.052490 0.114321 0.073595 0.101244 0.110460 0.096929 0.104487 0.112527 0.133132 0.105618 0.123522 0.139104 0.110817 0.133193 0.105470 0.114055 0.153492 0.141164 0.153397 0.126707 0.083065 0.045735 0.120336 0.067213 0.036247 0.054091 0.038729
69000.003277 7.939682 0.045618 0.069326 0.107273 0.115054 0.059815 0.012601 0.093319 0.056908 0.113690 0.068914 0.096841 0.106016 0.091198 0.099473 0.113014 0.133045 0.101702 0.116947 0.134058 0.109227 0.132563 0.096814 0.113006 0.149829 0.139678 0.150860 0.124416 0.075956 0.044306 0.116871 0.057876 0.029456 0.046134 0.029103
70000.003325 11.894299 0.051689 0.076080 0.111476 0.114306 0.067370 0.015424 0.086119 0.048779 0.108877 0.075423 0.102804 0.103687 0.091567 0.102411 0.110774 0.128588 0.102245 0.121811 0.137952 0.112770 0.134835 0.100738 0.116858 0.150662 0.143080 0.153704 0.121409 0.073179 0.050865 0.118870 0.064622 0.026253 0.047029 0.032655
71000.003372 6.468306 0.051263 0.072067 0.108276 0.114418 0.061208 0.011374 0.090707 0.053801 0.112328 0.070881 0.098253 0.108782 0.095160 0.102687 0.113147 0.132756 0.104311 0.120257 0.136423 0.110429 0.132291 0.100899 0.113668 0.150931 0.140679 0.152744 0.126335 0.079021 0.047309 0.117315 0.061727 0.031809 0.049686 0.033632
72000.003420 9.443657 0.040298 0.066016 0.105292 0.112929 0.054393 0.013743 0.096934 0.061456 0.115899 0.059569 0.090416 0.110974 0.092671 0.099113 0.117902 0.138701 0.105376 0.114635 0.132025 0.109780 0.134164 0.096706 0.113391 0.149832 0.138185 0.147790 0.128160 0.081829 0.034608 0.114067 0.054830 0.035704 0.047660 0.031798
73000.003467 4.518464 0.045976 0.071949 0.109524 0.114264 0.062349 0.009506 0.091485 0.053983 0.112586 0.068669 0.097767 0.106634 0.091273 0.100552 0.114956 0.133693 0.103464 0.119142 0.136685 0.112740 0.137584 0.098716 0.117635 0.151449 0.142920 0.152496 0.124296 0.076351 0.043705 0.117807 0.060307 0.027552 0.046488 0.030892
74000.003515 8.920960 0.045336 0.071091 0.108668 0.114569 0.059640 0.013357 0.093255 0.056638 0.114420 0.067526 0.096018 0.108086 0.092369 0.101208 0.115347 0.135252 0.104357 0.118402 0.135195 0.111327 0.134084 0.098328 0.114797 0.151092 0.140284 0.151187 0.126086 0.077461 0.040983 0.117211 0.059481 0.030620 0.047335 0.031711
75000.003562 9.404486 0.041373 0.068035 0.107168 0.114630 0.061084 0.013715 0.094889 0.058165 0.114018 0.063706 0.095829 0.107424 0.090334 0.098496 0.116549 0.135941 0.103735 0.116403 0.134061 0.111994 0.136137 0.096086 0.116230 0.150858 0.141755 0.151269 0.126064 0.076733 0.043045 0.116611 0.056249 0.028880 0.044458 0.027853
76000.003610 7.411493 0.043520 0.071118 0.111047 0.118210 0.061445 0.012175 0.097336 0.059107 0.118099 0.065286 0.097322 0.109451 0.092241 0.099590 0.117039 0.137374 0.104810 0.118478 0.136767 0.112074 0.138187 0.097912 0.116960 0.154251 0.143274 0.153865 0.128367 0.079036 0.041258 0.120534 0.058997 0.031105 0.047939 0.032185
77000.003657 13.944940 0.044696 0.066234 0.104504 0.113336 0.056305 0.016700 0.094007 0.059217 0.113692 0.065120 0.093039 0.108350 0.092527 0.100614 0.116330 0.135783 0.104210 0.115761 0.133178 0.110846 0.133444 0.095200 0.114363 0.149431 0.140053 0.151043 0.127270 0.076033 0.042705 0.114664 0.054779 0.030115 0.045137 0.029354
78000.003705 4.982667 0.042305 0.068841 0.107760 0.114057 0.058733 0.009983 0.094572 0.058314 0.114471 0.063788 0.094705 0.108274 0.091256 0.099003 0.115381 0.135632 0.103616 0.116288 0.133802 0.110267 0.135451 0.097532 0.114793 0.150423 0.140173 0.149689 0.125726 0.079338 0.038643 0.116204 0.057371 0.032805 0.046789 0.030676
79000.003752 4.951551 0.044910 0.071385 0.108986 0.113203 0.059803 0.009951 0.092534 0.055532 0.113545 0.065371 0.095365 0.108283 0.091778 0.100214 0.115297 0.135068 0.104200 0.118197 0.135308 0.111442 0.136039 0.099292 0.116023 0.150897 0.140666 0.150064 0.125181 0.079123 0.039263 0.116430 0.059698 0.032237 0.047384 0.032759
80000.003800 12.338341 0.040112 0.064369 0.104578 0.115343 0.051104 0.015709 0.101214 0.065564 0.119689 0.058398 0.088572 0.113283 0.094393 0.099424 0.119994 0.141545 0.106585 0.114219 0.132049 0.109348 0.133915 0.095386 0.112480 0.151093 0.138043 0.149165 0.131483 0.083180 0.032511 0.115471 0.053278 0.036557 0.049655 0.033032
81000.003847 13.228672 0.041969 0.066556 0.103361 0.108021 0.056136 0.016266 0.092681 0.058540 0.110949 0.060081 0.089962 0.109917 0.091871 0.099517 0.117659 0.136835 0.105513 0.114451 0.130760 0.110875 0.134091 0.097813 0.114597 0.146580 0.137077 0.144911 0.125544 0.082003 0.036954 0.110292 0.056024 0.036598 0.047202 0.033172
82000.003895 18.188125 0.044786 0.068857 0.108250 0.117531 0.052611 0.019073 0.101627 0.066488 0.121809 0.062172 0.090658 0.115339 0.097600 0.102166 0.118759 0.141191 0.108155 0.116498 0.133602 0.108582 0.132738 0.099320 0.110927 0.152733 0.137415 0.149554 0.132574 0.087036 0.031522 0.118112 0.059062 0.042744 0.055337 0.039590
83000.003942 3.524866 0.050151 0.075901 0.113596 0.117988 0.062185 0.008396 0.094193 0.055657 0.117151 0.069414 0.098978 0.110931 0.095712 0.102930 0.114882 0.135346 0.106116 0.122208 0.139319 0.111880 0.136858 0.102899 0.116188 0.155228 0.142916 0.154536 0.128117 0.082176 0.040729 0.121924 0.065009 0.034616 0.053324 0.038199
84000.003990 6.918318 0.046667 0.071663 0.108790 0.113792 0.060484 0.011763 0.091541 0.054777 0.113048 0.067151 0.096529 0.108832 0.093563 0.101747 0.114859 0.134681 0.105030 0.119421 0.135925 0.111654 0.133947 0.100276 0.114766 0.151527 0.140797 0.151460 0.126080 0.078859 0.042591 0.116778 0.060709 0.032107 0.048029 0.032939
85000.004037 7.855826 0.042751 0.066432 0.105595 0.113909 0.055762 0.012535 0.095597 0.059715 0.115105 0.062515 0.092269 0.109778 0.092835 0.100454 0.117935 0.137831 0.105228 0.116502 0.134374 0.111768 0.135343 0.096591 0.115487 0.151269 0.141039 0.151211 0.128018 0.078412 0.038867 0.115333 0.054978 0.030884 0.046151 0.029711
86000.004085 10.163292 0.046487 0.070907 0.108035 0.113757 0.058846 0.014257 0.091960 0.056102 0.113282 0.067768 0.095643 0.108553 0.093294 0.102357 0.115530 0.135033 0.104976 0.119096 0.135894 0.111939 0.134565 0.099488 0.115402 0.151047 0.141013 0.151573 0.126000 0.077831 0.041575 0.116438 0.059267 0.031706 0.047451 0.032434
87000.004132 9.942126 0.048285 0.075889 0.112153 0.114207 0.068061 0.014101 0.087513 0.049100 0.109893 0.073226 0.102584 0.103120 0.089176 0.100685 0.112855 0.130507 0.101926 0.121238 0.138399 0.114474 0.138916 0.099799 0.119914 0.151349 0.144928 0.153783 0.121122 0.072042 0.049825 0.119125 0.063393 0.023821 0.043943 0.030245
88000.004180 9.295222 0.044666 0.074519 0.111673 0.113319 0.064193 0.013635 0.091125 0.053486 0.112651 0.067629 0.098081 0.106694 0.090016 0.100948 0.116771 0.135232 0.104694 0.120208 0.137691 0.115273 0.140514 0.099933 0.120754 0.152180 0.144011 0.151826 0.123755 0.076523 0.041123 0.117970 0.061961 0.028926 0.045986 0.032867
89000.004227 8.771024 0.052622 0.074792 0.109689 0.114073 0.059541 0.013245 0.090791 0.053756 0.113835 0.070235 0.096967 0.111113 0.097082 0.104251 0.113635 0.133838 0.106327 0.121859 0.136938 0.110349 0.130999 0.103513 0.112586 0.151481 0.138787 0.151468 0.127417 0.082117 0.042973 0.117674 0.064467 0.036245 0.053055 0.038700
90000.004275 15.245176 0.034197 0.064448 0.106352 0.114624 0.059776 0.017461 0.098644 0.063110 0.115791 0.059339 0.093258 0.107894 0.088196 0.097480 0.121136 0.140285 0.104650 0.113996 0.133804 0.114777 0.142019 0.093396 0.120627 0.151784 0.144591 0.151202 0.126987 0.076586 0.039090 0.115653 0.051492 0.028835 0.041427 0.025120
91000.004322 14.589112 0.044247 0.069452 0.105187 0.108995 0.061352 0.017082 0.088288 0.052693 0.108012 0.067106 0.095295 0.103841 0.087936 0.099146 0.115387 0.132830 0.102099 0.116638 0.133390 0.113348 0.136472 0.096191 0.118214 0.146747 0.140811 0.148437 0.121099 0.072285 0.045442 0.112452 0.056695 0.025239 0.040528 0.027360
92000.004370 12.389181 0.046903 0.074471 0.111151 0.113959 0.059608 0.015741 0.093484 0.057143 0.115343 0.065718 0.094994 0.110560 0.093710 0.102430 0.117172 0.136692 0.106704 0.120302 0.137144 0.113365 0.138288 0.101548 0.118005 0.152416 0.141582 0.150821 0.126518 0.081623 0.035531 0.118080 0.062749 0.036202 0.051379 0.038276
93000.004417 8.201083 0.046233 0.074168 0.111110 0.113905 0.062517 0.012807 0.091456 0.053747 0.113329 0.067857 0.097581 0.107167 0.090906 0.101013 0.116094 0.134759 0.104387 0.120293 0.137735 0.114166 0.139591 0.100035 0.119615 0.152058 0.143501 0.152182 0.124202 0.076822 0.041402 0.118248 0.061542 0.029555 0.046648 0.033476
94000.004465 14.536679 0.036610 0.063833 0.102864 0.110473 0.057248 0.017051 0.095585 0.061239 0.112428 0.059710 0.090920 0.108291 0.089523 0.098314 0.119417 0.138690 0.104687 0.113359 0.130847 0.112392 0.135718 0.094306 0.116222 0.147799 0.139432 0.147115 0.125986 0.078094 0.038249 0.111570 0.052274 0.030916 0.043214 0.026041
95000.004512 5.923130 0.041929 0.067776 0.106547 0.113881 0.058348 0.010884 0.094735 0.058395 0.114007 0.063993 0.094170 0.107876 0.090999 0.099246 0.116581 0.136242 0.103741 0.116508 0.134173 0.111589 0.135819 0.096590 0.115821 0.150521 0.140974 0.150482 0.125712 0.077585 0.039551 0.115846 0.056064 0.029151 0.045626 0.028472
96000.004560 8.815952 0.043130 0.069408 0.109708 0.117798 0.058828 0.013279 0.096997 0.060617 0.117707 0.065184 0.095804 0.110662 0.093953 0.101656 0.117821 0.138257 0.106151 0.118263 0.136560 0.112270 0.137310 0.098000 0.116339 0.154222 0.143249 0.154235 0.129536 0.079518 0.039460 0.119439 0.057743 0.031938 0.048258 0.031393
97000.004607 6.608979 0.047257 0.073298 0.111383 0.116318 0.062807 0.011497 0.091749 0.054306 0.113776 0.070281 0.099516 0.106389 0.091667 0.101060 0.113599 0.133115 0.102919 0.120162 0.137888 0.112130 0.137318 0.099620 0.117189 0.152828 0.143661 0.153824 0.124287 0.075908 0.044607 0.119575 0.060924 0.028796 0.046511 0.031200
98000.004655 11.366491 0.040200 0.066823 0.104809 0.110839 0.060323 0.015077 0.092042 0.056517 0.110535 0.064051 0.094557 0.104415 0.087251 0.097127 0.115681 0.134303 0.101615 0.114402 0.131866 0.111744 0.136154 0.094203 0.116756 0.147248 0.140274 0.148111 0.122561 0.073723 0.043001 0.113101 0.054215 0.026414 0.040321 0.024999
99000.004702 11.123571 0.041496 0.066549 0.105517 0.113016 0.056730 0.014915 0.095296 0.059678 0.114476 0.064119 0.092933 0.107398 0.090228 0.098536 0.116302 0.136575 0.102847 0.114542 0.132239 0.109983 0.134483 0.094848 0.114347 0.149000 0.139036 0.148632 0.125685 0.077042 0.039601 0.114277 0.054394 0.030988 0.044215 0.028577
100000.004750 9.151841 0.043615 0.072785 0.110907 0.114964 0.061914 0.013529 0.093373 0.055794 0.114710 0.066781 0.097012 0.106394 0.089611 0.099451 0.115862 0.135114 0.103378 0.118509 0.136359 0.112986 0.138858 0.097715 0.118422 0.151990 0.142695 0.151667 0.124333 0.075796 0.040094 0.118593 0.059882 0.028546 0.045443 0.031564
101000.004797 7.729490 0.054218 0.079278 0.114130 0.115728 0.064300 0.012433 0.090070 0.051127 0.114390 0.072954 0.100893 0.109991 0.096164 0.104145 0.112712 0.132799 0.105705 0.124285 0.139674 0.111716 0.134508 0.105645 0.115460 0.153542 0.141254 0.153053 0.125945 0.082134 0.044555 0.120750 0.068212 0.036309 0.053980 0.040582
102000.004845 8.619309 0.050176 0.075105 0.112420 0.117396 0.064183 0.013130 0.091029 0.053283 0.114176 0.073062 0.101453 0.107002 0.093424 0.102502 0.112453 0.132307 0.103557 0.121418 0.138230 0.111386 0.134768 0.100744 0.115377 0.153225 0.142823 0.154905 0.125531 0.076364 0.047196 0.120861 0.063364 0.029696 0.048348 0.033146
103000.004892 4.429766 0.046868 0.073210 0.110922 0.114584 0.061011 0.009413 0.092455 0.055123 0.114542 0.066950 0.096830 0.109845 0.093813 0.101731 0.114932 0.135025 0.105530 0.119545 0.136385 0.111311 0.135840 0.100993 0.115510 0.152310 0.141032 0.151456 0.126869 0.081089 0.039689 0.118197 0.062231 0.034294 0.050208 0.035629
104000.004940 12.958052 0.042191 0.067870 0.106089 0.112707 0.059830 0.016098 0.092394 0.056239 0.112348 0.066169 0.095234 0.103997 0.087657 0.096995 0.114052 0.133238 0.100587 0.114499 0.132249 0.110146 0.135129 0.093468 0.115237 0.148066 0.139872 0.149217 0.122962 0.072352 0.044370 0.114775 0.054817 0.026264 0.040575 0.026300
105000.004987 9.135495 0.047694 0.074297 0.110404 0.112429 0.064027 0.013517 0.087505 0.050287 0.109817 0.070978 0.099030 0.103286 0.088770 0.099363 0.111438 0.129563 0.100948 0.118676 0.135681 0.111585 0.137256 0.098273 0.117486 0.148922 0.141639 0.150481 0.120427 0.073333 0.045279 0.117131 0.061712 0.027198 0.044685 0.032125
106000.005035 9.082260 0.042212 0.069335 0.107647 0.113580 0.056528 0.013478 0.095951 0.059766 0.116137 0.061211 0.092158 0.111071 0.093097 0.100607 0.118473 0.138737 0.106478 0.117339 0.134614 0.112082 0.136104 0.098807 0.115733 0.151635 0.140150 0.149622 0.128051 0.081448 0.034591 0.115917 0.057975 0.035213 0.048717 0.034109
107000.005082 5.593391 0.046947 0.073769 0.111209 0.115181 0.062770 0.010577 0.091523 0.053580 0.113614 0.069764 0.099050 0.106214 0.091034 0.100547 0.113549 0.133252 0.102807 0.119867 0.137009 0.111768 0.136310 0.099792 0.116506 0.151924 0.142140 0.152183 0.123821 0.076400 0.043391 0.118784 0.061532 0.029482 0.046502 0.031902
108000.005130 4.519426 0.046230 0.070762 0.108289 0.114124 0.058813 0.009507 0.092757 0.055737 0.114106 0.066413 0.095388 0.109187 0.093450 0.101184 0.115324 0.135181 0.104790 0.118634 0.135522 0.111019 0.134515 0.099117 0.114765 0.151303 0.140506 0.151448 0.126744 0.079040 0.040903 0.116893 0.059495 0.031430 0.048183 0.032680
109000.005177 12.810295 0.043565 0.066405 0.105740 0.115592 0.056988 0.016006 0.096050 0.060223 0.115788 0.065835 0.094265 0.108106 0.092026 0.099951 0.116565 0.136618 0.103618 0.115968 0.133958 0.110688 0.134142 0.094837 0.114396 0.150957 0.140917 0.152270 0.127659 0.075708 0.043225 0.116443 0.054329 0.028791 0.044555 0.027814
110000.005225 8.947215 0.038008 0.063769 0.104129 0.112770 0.055904 0.013377 0.096089 0.061004 0.114222 0.059955 0.091313 0.107526 0.089273 0.096515 0.116502 0.136359 0.102583 0.112209 0.130680 0.109467 0.135923 0.092795 0.114640 0.148264 0.139326 0.148175 0.126001 0.077268 0.037951 0.113814 0.051792 0.030837 0.043361 0.026825
111000.005272 9.994295 0.040792 0.069532 0.107637 0.111434 0.062977 0.014138 0.090916 0.054931 0.110300 0.065302 0.096456 0.105527 0.088460 0.099673 0.117340 0.135362 0.103775 0.117315 0.135164 0.114989 0.139633 0.097114 0.120283 0.149938 0.143672 0.150617 0.123202 0.074498 0.043032 0.114722 0.057064 0.026169 0.041596 0.026264
112000.005320 7.317890 0.043032 0.072979 0.112349 0.116106 0.062038 0.012098 0.094986 0.057490 0.116279 0.065528 0.097263 0.107739 0.090199 0.098613 0.115362 0.135545 0.103395 0.117774 0.136188 0.111588 0.140092 0.098537 0.118004 0.152749 0.142727 0.151314 0.125196 0.079316 0.038091 0.119571 0.060400 0.033269 0.047636 0.033805
113000.005367 10.961214 0.037820 0.061474 0.101731 0.112222 0.052778 0.014806 0.098335 0.063834 0.115370 0.057904 0.088617 0.111642 0.092853 0.099296 0.120384 0.140659 0.106144 0.113136 0.131096 0.110838 0.134485 0.094524 0.114128 0.149194 0.138967 0.148474 0.129776 0.081082 0.036363 0.112206 0.050635 0.033584 0.046085 0.027907
114000.005415 16.464000 0.041247 0.065114 0.105584 0.116379 0.049540 0.018146 0.102359 0.067402 0.121527 0.057787 0.087889 0.114975 0.096147 0.100262 0.119610 0.142062 0.107569 0.114078 0.131688 0.108094 0.132694 0.096508 0.110732 0.151535 0.136830 0.148499 0.132856 0.085701 0.029351 0.116151 0.054572 0.041014 0.052279 0.036632
115000.005462 9.638709 0.047433 0.067669 0.105480 0.114007 0.053855 0.013884 0.095767 0.060178 0.116053 0.064405 0.091736 0.112958 0.096835 0.102930 0.117677 0.138245 0.107073 0.117824 0.134621 0.110158 0.132343 0.099242 0.112789 0.151241 0.138991 0.151100 0.130499 0.082598 0.039300 0.115363 0.057435 0.035990 0.050939 0.034822
116000.005510 8.804541 0.051566 0.077115 0.112056 0.113772 0.066114 0.013270 0.087057 0.048439 0.110264 0.074830 0.102013 0.103426 0.090380 0.100178 0.109253 0.128306 0.100386 0.120858 0.136727 0.110218 0.134273 0.101052 0.115175 0.149616 0.140509 0.150833 0.120143 0.075203 0.048543 0.118605 0.065096 0.029267 0.047551 0.034304
117000.005557 5.304049 0.046272 0.069381 0.108177 0.116719 0.056280 0.010300 0.097869 0.060858 0.118413 0.064067 0.093989 0.113145 0.096537 0.102046 0.117235 0.138795 0.106992 0.118426 0.135118 0.109768 0.132345 0.099959 0.112276 0.152802 0.139206 0.151673 0.131071 0.083829 0.037862 0.118121 0.059162 0.036204 0.051987 0.034972
118000.005605 7.121156 0.040950 0.068881 0.108624 0.115335 0.059763 0.011934 0.095377 0.058665 0.115502 0.064400 0.095345 0.107681 0.090282 0.098330 0.116170 0.135995 0.103429 0.115843 0.134185 0.111076 0.137836 0.095708 0.116339 0.151235 0.141675 0.151155 0.126179 0.077545 0.039668 0.117577 0.056735 0.030011 0.045597 0.030068
119000.005652 6.847895 0.051398 0.073277 0.110461 0.116408 0.057507 0.011703 0.094602 0.058365 0.117106 0.067926 0.095657 0.113200 0.098177 0.102744 0.112840 0.134445 0.106116 0.119369 0.135380 0.106974 0.131357 0.102545 0.110212 0.152042 0.137739 0.150918 0.129468 0.086347 0.039009 0.119029 0.063809 0.041004 0.056335 0.040719
120000.005700 6.819962 0.046333 0.071567 0.109212 0.115301 0.060080 0.011679 0.093244 0.055660 0.114844 0.068348 0.096847 0.106955 0.091643 0.100194 0.114342 0.134358 0.102949 0.118610 0.135914 0.110920 0.134667 0.098105 0.115016 0.151610 0.140955 0.151871 0.125224 0.076197 0.042784 0.118018 0.059573 0.029347 0.046412 0.031469
