#! FIELDS time restraint.bias r0 r1 r2 r3 r4 r5 r6 r7 r8 r9 r10 r11 r12 r13 r14 r15 r16 r17 r18 r19 r20 r21 r22 r23 r24 r25 r26 r27 r28 r29 r30 r31 r32 r33 r34 r35 r36 r37 r38 r39 r40 r41 r42 r43 r44 r45 r46 r47 r48 r49 r50 r51 r52 r53 r54 r55 r56 r57 r58 r59
0.000000 0.000000 0.117139 0.091533 0.110460 0.047939 0.030453 0.071780 0.112281 0.118887 0.099018 0.000000 0.113689 0.063472 0.041963 0.084712 0.113056 0.076900 0.107661 0.126096 0.030693 0.118874 0.039371 0.134802 0.132984 0.140419 0.140890 0.153491 0.122880 0.145105 0.129974 0.145161 0.117497 0.110528 0.096474 0.138359 0.109908 0.116344 0.108274 0.156609 0.130544 0.127203 0.153353 0.129016 0.088555 0.128680 0.098393 0.111922 0.119502 0.087011 0.105192 0.098171 0.110854 0.134223 0.103950 0.080774 0.122090 0.142094 0.082396 0.111190 0.069498 0.133428
1000.000047 6.152387 0.118800 0.095596 0.113443 0.052832 0.030659 0.074855 0.113757 0.120020 0.102985 0.011093 0.117147 0.061042 0.037293 0.082253 0.115612 0.082646 0.107144 0.127209 0.024855 0.120562 0.034183 0.133988 0.132895 0.142777 0.141023 0.154177 0.123102 0.145850 0.130733 0.146913 0.115223 0.113443 0.098717 0.142821 0.114558 0.120813 0.112290 0.160964 0.132251 0.130496 0.156860 0.128649 0.088443 0.132575 0.099976 0.113215 0.123369 0.088352 0.109441 0.098878 0.109957 0.135548 0.106779 0.082511 0.126788 0.142570 0.080222 0.111906 0.069660 0.136596
2000.000095 4.090933 0.117240 0.093677 0.110839 0.051672 0.030738 0.073520 0.111978 0.117381 0.100010 0.009045 0.113773 0.060036 0.037949 0.081338 0.113804 0.079596 0.105516 0.125233 0.026379 0.117983 0.037653 0.133262 0.132597 0.142137 0.139370 0.150811 0.122644 0.142295 0.127435 0.145563 0.115145 0.113595 0.099353 0.140858 0.111167 0.118231 0.111321 0.158784 0.131441 0.129807 0.153564 0.126616 0.089883 0.130865 0.099930 0.113719 0.122572 0.090006 0.106140 0.098295 0.109430 0.134543 0.104740 0.083862 0.125136 0.141738 0.078246 0.110843 0.072062 0.135896
3000.000142 9.103225 0.117548 0.089901 0.107084 0.045648 0.027964 0.068108 0.112651 0.116557 0.094626 0.013493 0.107839 0.063987 0.047472 0.085536 0.111150 0.072760 0.107184 0.123519 0.034519 0.117468 0.049147 0.140233 0.138524 0.144381 0.144187 0.150932 0.127802 0.141380 0.127563 0.149145 0.123669 0.114764 0.101561 0.139468 0.107155 0.114577 0.111129 0.159587 0.134976 0.131071 0.152661 0.130509 0.095318 0.129149 0.102409 0.115908 0.122493 0.093403 0.101176 0.102263 0.116631 0.139155 0.104097 0.087624 0.123245 0.146491 0.081398 0.113461 0.077313 0.137452
4000.000190 5.695253 0.114846 0.088307 0.107254 0.044349 0.023896 0.066620 0.111257 0.117647 0.094719 0.010673 0.109866 0.066590 0.045056 0.086844 0.109160 0.073751 0.108329 0.122629 0.030168 0.116506 0.041986 0.137533 0.134235 0.141392 0.144441 0.155206 0.125012 0.147465 0.132689 0.147285 0.120511 0.110758 0.097653 0.139739 0.111556 0.117276 0.110509 0.160026 0.130867 0.127582 0.154691 0.131963 0.090366 0.129393 0.100168 0.111627 0.120839 0.087901 0.105800 0.101849 0.115451 0.135873 0.105940 0.084172 0.124235 0.142967 0.083822 0.110836 0.071170 0.134104
5000.000237 7.608866 0.120062 0.094308 0.113952 0.049385 0.029073 0.072441 0.116057 0.122540 0.101749 0.012336 0.117215 0.066035 0.042294 0.086814 0.115783 0.080348 0.111439 0.128437 0.028556 0.122869 0.034404 0.137385 0.135840 0.143596 0.143726 0.156291 0.127098 0.146857 0.131923 0.149135 0.118609 0.112772 0.097871 0.142213 0.113001 0.119320 0.111318 0.162262 0.134053 0.130514 0.157916 0.130817 0.087983 0.131660 0.099267 0.111951 0.122359 0.087550 0.107750 0.099122 0.112355 0.138378 0.105802 0.082471 0.125188 0.144727 0.085125 0.115147 0.069545 0.136974
6000.000285 2.727850 0.117274 0.092321 0.111264 0.049234 0.031694 0.073034 0.112052 0.118941 0.100594 0.007386 0.115631 0.062716 0.039831 0.083398 0.113950 0.078711 0.107163 0.126457 0.029232 0.119329 0.035942 0.134665 0.132842 0.141097 0.141021 0.154379 0.122955 0.145821 0.130984 0.145868 0.116811 0.111497 0.097511 0.140197 0.112312 0.118892 0.110220 0.158048 0.131036 0.128483 0.154968 0.129544 0.089308 0.130821 0.099914 0.112994 0.120939 0.087932 0.107813 0.099198 0.110666 0.134749 0.105908 0.081676 0.123845 0.142726 0.081928 0.111129 0.069944 0.134406
7000.000332 6.267353 0.120188 0.097406 0.113969 0.055673 0.035925 0.078098 0.113319 0.118375 0.104483 0.011196 0.117494 0.056395 0.035122 0.078487 0.117659 0.083861 0.104451 0.128182 0.026572 0.120817 0.036179 0.132942 0.133544 0.143908 0.138320 0.150407 0.122328 0.141528 0.126713 0.146210 0.114073 0.116140 0.101490 0.142810 0.112744 0.120277 0.112924 0.159391 0.133606 0.132403 0.154839 0.125864 0.091235 0.133204 0.101545 0.116471 0.124709 0.092092 0.108132 0.098070 0.107986 0.135731 0.106079 0.084360 0.126598 0.143344 0.076310 0.111804 0.073350 0.138339
8000.000380 5.728975 0.114668 0.086786 0.106556 0.042200 0.024272 0.065705 0.111230 0.117761 0.093478 0.010704 0.109401 0.068106 0.046843 0.088148 0.108566 0.071671 0.109313 0.122445 0.031927 0.116822 0.042870 0.139169 0.135105 0.141120 0.145833 0.156697 0.125915 0.148716 0.134117 0.147837 0.122622 0.110109 0.097589 0.139214 0.111602 0.117082 0.110072 0.159443 0.131237 0.126952 0.154967 0.133754 0.091202 0.129075 0.100876 0.111731 0.120114 0.087721 0.105706 0.103018 0.117083 0.136724 0.106474 0.084403 0.123503 0.144051 0.085237 0.111251 0.071613 0.133509
9000.000427 4.818999 0.118138 0.094649 0.112442 0.052106 0.031444 0.074541 0.112777 0.118853 0.102231 0.009817 0.116731 0.060407 0.037253 0.081380 0.114947 0.081425 0.106461 0.126400 0.024250 0.120210 0.034461 0.134453 0.133056 0.142641 0.141198 0.153913 0.123036 0.145487 0.130597 0.146968 0.116032 0.113826 0.099768 0.142841 0.114794 0.121290 0.112933 0.160399 0.132476 0.130703 0.156464 0.129032 0.090281 0.133171 0.101614 0.114665 0.123658 0.089464 0.109677 0.100036 0.110551 0.135941 0.107638 0.083798 0.127030 0.143266 0.079727 0.111313 0.071022 0.136472
10000.000475 7.141194 0.120220 0.098054 0.113872 0.056396 0.035372 0.078752 0.113584 0.118174 0.104307 0.011951 0.117265 0.056100 0.034028 0.078543 0.117859 0.083917 0.104653 0.127825 0.024296 0.120444 0.037479 0.134584 0.134944 0.146066 0.140384 0.151402 0.124330 0.142215 0.127477 0.148315 0.115858 0.119058 0.104679 0.145288 0.114154 0.122163 0.115862 0.161854 0.135271 0.134860 0.156321 0.127263 0.094187 0.135608 0.104490 0.119205 0.127551 0.095411 0.109207 0.100619 0.110191 0.137606 0.108113 0.088218 0.129348 0.144899 0.075134 0.112599 0.076645 0.140491
11000.000522 9.475471 0.116475 0.092955 0.112741 0.050762 0.029887 0.072588 0.113369 0.121319 0.101038 0.013766 0.117408 0.066982 0.041429 0.087097 0.112758 0.081134 0.110201 0.125983 0.025968 0.120279 0.032653 0.133468 0.130230 0.139856 0.142087 0.157998 0.121810 0.151787 0.135479 0.145757 0.115180 0.108721 0.094543 0.141542 0.116859 0.121234 0.110038 0.160544 0.129112 0.126028 0.157548 0.130626 0.084260 0.131158 0.097869 0.109121 0.120520 0.082019 0.111054 0.098818 0.110575 0.133956 0.107255 0.079308 0.126318 0.140539 0.085384 0.110576 0.064349 0.132824
12000.000570 12.183141 0.119716 0.097874 0.113126 0.055671 0.031373 0.076278 0.114226 0.117969 0.103417 0.015610 0.116198 0.057339 0.035814 0.079073 0.116665 0.083700 0.105216 0.125904 0.020531 0.120789 0.037064 0.135366 0.135299 0.146098 0.141198 0.150686 0.125402 0.141729 0.127220 0.149307 0.116602 0.118950 0.104345 0.146189 0.115103 0.122340 0.116591 0.163475 0.136096 0.135492 0.156644 0.127449 0.093366 0.135829 0.104284 0.118087 0.128019 0.094001 0.108854 0.101043 0.111274 0.138992 0.108240 0.088500 0.130304 0.144922 0.076136 0.113206 0.075763 0.141024
13000.000617 7.410088 0.120615 0.095696 0.114020 0.051188 0.027428 0.073106 0.116279 0.122218 0.102251 0.012174 0.116568 0.063909 0.041570 0.085685 0.115919 0.081807 0.110180 0.128236 0.026313 0.122461 0.038014 0.137261 0.136031 0.144799 0.143933 0.155433 0.126501 0.146510 0.131301 0.149550 0.118574 0.114240 0.099163 0.143403 0.113513 0.119867 0.112635 0.163183 0.134656 0.131826 0.158099 0.130343 0.089232 0.132465 0.100001 0.113413 0.124025 0.088906 0.107913 0.099765 0.112809 0.138444 0.106342 0.083410 0.126990 0.144867 0.083070 0.114671 0.070450 0.138217
14000.000665 7.345678 0.117064 0.091424 0.108131 0.047842 0.026585 0.069474 0.112804 0.116553 0.095918 0.012121 0.109534 0.062735 0.043580 0.084260 0.111331 0.075218 0.106912 0.122808 0.028524 0.117539 0.045266 0.139822 0.137470 0.145055 0.145244 0.153438 0.127556 0.145040 0.130494 0.150086 0.122727 0.115779 0.102704 0.142385 0.111883 0.118226 0.113517 0.162519 0.135166 0.132013 0.155358 0.131703 0.094779 0.131740 0.104014 0.116257 0.124590 0.093091 0.104859 0.103572 0.116930 0.139711 0.107024 0.088968 0.126817 0.146355 0.079446 0.112974 0.076877 0.138379
15000.000712 6.601879 0.117791 0.094583 0.113538 0.052686 0.034457 0.075781 0.112427 0.120179 0.103589 0.011491 0.118318 0.062414 0.037492 0.082676 0.115764 0.082466 0.107073 0.128114 0.028966 0.120079 0.031029 0.131308 0.130215 0.139914 0.138627 0.153975 0.120679 0.146078 0.130692 0.143884 0.112586 0.110766 0.096000 0.140077 0.113147 0.119451 0.109544 0.157524 0.129198 0.127595 0.154882 0.127391 0.085889 0.130585 0.097539 0.111097 0.120481 0.086191 0.109276 0.096570 0.107326 0.132170 0.105289 0.079370 0.123829 0.139911 0.082012 0.110423 0.067320 0.133591
16000.000760 4.481406 0.118587 0.094610 0.111602 0.052941 0.033895 0.075410 0.112399 0.117630 0.101240 0.009467 0.114474 0.058776 0.038124 0.080731 0.115477 0.080322 0.104874 0.126973 0.030405 0.118398 0.040442 0.133086 0.133611 0.143289 0.138312 0.149381 0.122634 0.140064 0.125575 0.145624 0.115056 0.114982 0.100452 0.140943 0.109659 0.117872 0.111443 0.157958 0.132277 0.130968 0.152950 0.125669 0.091464 0.131230 0.100506 0.115583 0.123251 0.091977 0.105703 0.097820 0.108505 0.134612 0.104232 0.084189 0.124659 0.142717 0.077814 0.111431 0.073773 0.137017
17000.000807 7.611585 0.122697 0.098297 0.115488 0.055281 0.036277 0.078961 0.115476 0.120957 0.105981 0.012338 0.119019 0.057509 0.038414 0.080567 0.119873 0.083681 0.106150 0.131426 0.033025 0.122279 0.042378 0.136177 0.137273 0.146678 0.140947 0.151207 0.125074 0.139923 0.126875 0.149025 0.118037 0.118069 0.103192 0.144062 0.112091 0.121180 0.114458 0.159678 0.136014 0.134707 0.156586 0.128656 0.094986 0.134928 0.103691 0.119572 0.126114 0.095045 0.109097 0.100554 0.110460 0.137394 0.107456 0.085201 0.126806 0.146966 0.078409 0.114462 0.075978 0.140151
18000.000855 6.040921 0.115493 0.093084 0.110948 0.053251 0.036316 0.076035 0.109549 0.116457 0.101457 0.010992 0.116111 0.059918 0.035452 0.079836 0.113770 0.080881 0.104139 0.125176 0.026695 0.117553 0.031649 0.129447 0.128319 0.138779 0.136419 0.151355 0.118519 0.144493 0.128788 0.142125 0.111244 0.111233 0.097432 0.139416 0.112783 0.119197 0.109808 0.155947 0.128091 0.127063 0.152479 0.125265 0.087571 0.130457 0.099115 0.112505 0.120608 0.087631 0.108408 0.096654 0.106123 0.131135 0.105203 0.081461 0.124041 0.138853 0.078416 0.107688 0.069403 0.132841
19000.000902 6.737160 0.117559 0.091094 0.111831 0.045913 0.028964 0.069601 0.114041 0.121839 0.099772 0.011608 0.115560 0.068602 0.045482 0.088626 0.113104 0.077624 0.111303 0.127081 0.032199 0.121335 0.035296 0.136208 0.133336 0.139794 0.142961 0.157021 0.124652 0.149175 0.133731 0.146218 0.118110 0.108324 0.093803 0.138621 0.111848 0.116890 0.107537 0.158992 0.130484 0.126147 0.155609 0.131341 0.084913 0.128438 0.096379 0.108444 0.118408 0.082941 0.106609 0.098023 0.112405 0.135319 0.104459 0.078521 0.121822 0.141926 0.088108 0.112856 0.065664 0.132908
20000.000950 7.735704 0.115152 0.092517 0.110383 0.051234 0.028452 0.072178 0.111386 0.117827 0.099098 0.012438 0.114089 0.063171 0.038358 0.083271 0.111654 0.079685 0.106912 0.123481 0.022829 0.117390 0.034120 0.132371 0.130003 0.140014 0.140432 0.153844 0.121363 0.146984 0.131368 0.144852 0.114350 0.110840 0.097045 0.141077 0.114630 0.119916 0.111030 0.159532 0.129145 0.127267 0.155008 0.128200 0.086913 0.130782 0.098995 0.110759 0.121470 0.086045 0.108745 0.098937 0.109911 0.133352 0.106245 0.082510 0.126319 0.139700 0.080340 0.109364 0.068310 0.133507
21000.000997 9.123598 0.113947 0.087464 0.106975 0.043214 0.021408 0.064774 0.111997 0.118119 0.093169 0.013508 0.109472 0.069437 0.046945 0.089201 0.107295 0.072923 0.110411 0.120722 0.027505 0.117273 0.040729 0.138498 0.133563 0.139925 0.145867 0.157736 0.125480 0.151648 0.135890 0.147635 0.121720 0.108131 0.095413 0.139404 0.113908 0.117504 0.109239 0.160930 0.130596 0.125521 0.155779 0.133622 0.087736 0.128401 0.099333 0.108736 0.119223 0.083585 0.106113 0.102173 0.116669 0.137080 0.106351 0.082923 0.124451 0.142778 0.085629 0.111131 0.068122 0.132534
22000.001045 10.711385 0.120068 0.098636 0.115006 0.057377 0.035086 0.078702 0.114312 0.119253 0.104967 0.014637 0.118581 0.058168 0.033621 0.079693 0.117941 0.085458 0.106146 0.127973 0.022349 0.121054 0.033044 0.132987 0.133378 0.145169 0.139531 0.151953 0.123786 0.143226 0.127998 0.147589 0.113509 0.117742 0.102908 0.145449 0.115260 0.122646 0.115344 0.162368 0.134134 0.133803 0.156970 0.126328 0.090951 0.135302 0.102554 0.116660 0.126937 0.092835 0.110084 0.098917 0.108493 0.136737 0.107549 0.086808 0.129701 0.143207 0.076716 0.112712 0.073983 0.139766
23000.001092 14.222731 0.118787 0.092951 0.113961 0.048792 0.030028 0.071141 0.115687 0.123402 0.101617 0.016866 0.118442 0.069566 0.044893 0.089003 0.114241 0.080543 0.113139 0.128014 0.029601 0.123291 0.031533 0.137141 0.134217 0.142062 0.144866 0.159471 0.126038 0.151520 0.136186 0.148709 0.118146 0.110399 0.096183 0.142640 0.116779 0.121579 0.111432 0.162994 0.132295 0.128275 0.159339 0.132962 0.085906 0.132318 0.099118 0.110033 0.121642 0.083954 0.111167 0.100383 0.113525 0.137471 0.108074 0.081440 0.126514 0.143615 0.088900 0.113969 0.066323 0.135247
24000.001140 5.604047 0.119251 0.094695 0.113674 0.050927 0.028801 0.073261 0.114930 0.121793 0.102256 0.010587 0.117234 0.064135 0.040600 0.085260 0.115308 0.081444 0.109694 0.127972 0.026403 0.121842 0.034795 0.134671 0.133387 0.142415 0.141820 0.155007 0.123963 0.146538 0.131070 0.147177 0.116061 0.112123 0.097055 0.141954 0.113344 0.119499 0.110975 0.160948 0.132187 0.129555 0.156822 0.129030 0.086900 0.131520 0.098383 0.111714 0.122194 0.086320 0.108350 0.098011 0.110347 0.135845 0.105578 0.080942 0.125570 0.142567 0.083647 0.112838 0.067715 0.135874
25000.001187 5.653873 0.117084 0.093900 0.111712 0.051394 0.029119 0.073127 0.112816 0.119080 0.100642 0.010634 0.115186 0.062732 0.038976 0.083557 0.113538 0.080586 0.107662 0.125209 0.022345 0.119727 0.033954 0.133001 0.131278 0.140846 0.140342 0.153536 0.122435 0.146379 0.130152 0.145474 0.114641 0.111877 0.097228 0.140947 0.112910 0.118567 0.110446 0.159950 0.130817 0.128654 0.154914 0.127342 0.086647 0.130590 0.098346 0.111432 0.121631 0.086400 0.106895 0.097425 0.109563 0.134790 0.104807 0.081836 0.125394 0.140639 0.081054 0.110826 0.068204 0.134790
26000.001235 10.000190 0.121395 0.099297 0.115799 0.057977 0.040107 0.081345 0.113285 0.119354 0.108043 0.014142 0.120859 0.054995 0.034238 0.077053 0.120203 0.086433 0.103672 0.130675 0.028946 0.122304 0.035568 0.132581 0.133531 0.144481 0.138247 0.151363 0.121552 0.141778 0.127415 0.146314 0.113572 0.117827 0.103165 0.144150 0.114406 0.122658 0.114657 0.158975 0.134045 0.133955 0.155943 0.126597 0.093213 0.135634 0.103476 0.119302 0.126232 0.094154 0.111061 0.099188 0.107660 0.135248 0.108337 0.084765 0.127669 0.144013 0.076829 0.111622 0.074531 0.139147
27000.001282 10.090102 0.116044 0.089081 0.110927 0.044847 0.028987 0.068404 0.113093 0.121754 0.098362 0.014206 0.115582 0.070876 0.046435 0.090080 0.111563 0.076366 0.112247 0.126359 0.033807 0.119909 0.034840 0.136155 0.132672 0.139346 0.143673 0.158248 0.124562 0.150304 0.135426 0.146210 0.118301 0.107235 0.093357 0.138923 0.113251 0.118561 0.108333 0.158884 0.129137 0.125015 0.156109 0.132635 0.085379 0.129123 0.097140 0.108120 0.118147 0.082598 0.108810 0.099546 0.112960 0.134393 0.105862 0.079018 0.122574 0.141747 0.089673 0.112127 0.065471 0.131799
28000.001330 7.819375 0.117585 0.092882 0.111535 0.048745 0.024967 0.070361 0.114445 0.120631 0.099277 0.012505 0.114774 0.065983 0.042513 0.086773 0.112542 0.079020 0.110348 0.124975 0.023587 0.120674 0.037269 0.138566 0.135116 0.143643 0.146369 0.158567 0.126501 0.150857 0.135435 0.149999 0.120472 0.113173 0.099571 0.144144 0.116889 0.121787 0.113678 0.164187 0.133606 0.130380 0.159344 0.133525 0.089905 0.133378 0.102092 0.113104 0.124195 0.087677 0.110023 0.102989 0.115911 0.138782 0.109261 0.085286 0.128695 0.144683 0.083942 0.113045 0.070509 0.136883
29000.001377 10.970845 0.116219 0.088940 0.107028 0.043511 0.020098 0.064818 0.113863 0.118278 0.092895 0.014813 0.107730 0.068657 0.048561 0.089631 0.108982 0.072311 0.110525 0.121849 0.030908 0.117396 0.046818 0.141975 0.138468 0.144812 0.147809 0.155999 0.129921 0.147774 0.132836 0.151385 0.125136 0.113419 0.100049 0.141558 0.111000 0.116608 0.111995 0.164043 0.134895 0.130479 0.156246 0.133792 0.092603 0.130036 0.101933 0.113058 0.122909 0.090021 0.103331 0.103688 0.119196 0.140746 0.105762 0.087641 0.125691 0.146608 0.084598 0.114375 0.074640 0.137455
30000.001425 5.746071 0.119079 0.093466 0.113324 0.049405 0.031938 0.073086 0.114180 0.121394 0.102301 0.010720 0.117447 0.064520 0.041573 0.085047 0.115485 0.080140 0.109184 0.128698 0.032092 0.121397 0.035040 0.135683 0.134162 0.141915 0.142028 0.155766 0.124218 0.146476 0.132169 0.146939 0.117209 0.111218 0.096780 0.140781 0.113168 0.119438 0.110149 0.159215 0.131852 0.128656 0.156612 0.130774 0.087939 0.131082 0.098970 0.111866 0.120989 0.086749 0.108948 0.099077 0.111247 0.135463 0.106254 0.080598 0.123966 0.143426 0.084525 0.112991 0.068694 0.135092
31000.001472 5.575336 0.117920 0.093423 0.109900 0.050499 0.029874 0.072798 0.112239 0.116765 0.099391 0.010560 0.112749 0.059201 0.039505 0.081006 0.113826 0.078417 0.104892 0.124799 0.027539 0.118298 0.042031 0.137560 0.136371 0.145421 0.142952 0.152094 0.125650 0.143016 0.128996 0.149249 0.119875 0.117076 0.103638 0.143773 0.112973 0.120364 0.114933 0.161868 0.134934 0.133285 0.155619 0.130020 0.095253 0.133883 0.104696 0.118022 0.126066 0.094233 0.107350 0.102932 0.114154 0.138394 0.108110 0.088329 0.127812 0.145910 0.077745 0.112123 0.076837 0.139201
32000.001520 5.933706 0.119730 0.094955 0.114494 0.052323 0.035789 0.076598 0.113711 0.121505 0.104333 0.010894 0.119199 0.062361 0.039554 0.083470 0.117363 0.081948 0.107831 0.130369 0.033810 0.121183 0.036142 0.133182 0.132709 0.141271 0.139392 0.154015 0.122029 0.144215 0.129974 0.145013 0.115046 0.111367 0.096564 0.139778 0.111660 0.119128 0.109449 0.156063 0.130729 0.128482 0.154994 0.128560 0.088359 0.130807 0.098461 0.112949 0.120429 0.087837 0.109040 0.097419 0.108011 0.133080 0.105304 0.079041 0.122669 0.142390 0.082769 0.112165 0.069027 0.134289
33000.001567 5.945853 0.118500 0.090662 0.110054 0.045730 0.029072 0.069258 0.113684 0.119653 0.097956 0.010905 0.112470 0.065470 0.046093 0.086561 0.112956 0.075552 0.108987 0.126647 0.035394 0.119532 0.043576 0.138779 0.137107 0.143445 0.143858 0.154193 0.126473 0.144554 0.130797 0.148485 0.121274 0.112377 0.098587 0.139983 0.110046 0.116935 0.110328 0.159648 0.133412 0.129471 0.155059 0.131695 0.091640 0.129965 0.100502 0.113550 0.121391 0.089527 0.105341 0.101105 0.114820 0.137416 0.105332 0.083558 0.123223 0.145580 0.084591 0.113527 0.072581 0.136247
34000.001615 3.901203 0.117995 0.092550 0.112386 0.049223 0.032179 0.072895 0.113063 0.120530 0.101212 0.008833 0.116741 0.064576 0.041498 0.085120 0.114215 0.079543 0.108914 0.127570 0.029829 0.120784 0.034616 0.134673 0.132718 0.140985 0.141467 0.155790 0.122917 0.147941 0.132553 0.145911 0.116359 0.110596 0.096511 0.140262 0.113274 0.119214 0.109754 0.158793 0.130812 0.127649 0.155736 0.129989 0.087552 0.130706 0.098908 0.111781 0.120593 0.086069 0.108626 0.098740 0.110856 0.134767 0.106064 0.080625 0.124145 0.142408 0.084259 0.111459 0.067981 0.134187
35000.001662 9.675947 0.119780 0.095071 0.114433 0.052140 0.035326 0.076218 0.114096 0.121454 0.104329 0.013911 0.119118 0.062691 0.039839 0.083303 0.117571 0.081650 0.107877 0.130152 0.034661 0.121328 0.036075 0.134405 0.133846 0.142174 0.140406 0.154177 0.123401 0.143489 0.130241 0.146351 0.116214 0.112516 0.097905 0.141132 0.112803 0.120177 0.110826 0.157515 0.131812 0.129628 0.156195 0.129750 0.089357 0.132027 0.099748 0.113504 0.121674 0.088741 0.109898 0.098852 0.109287 0.134303 0.106590 0.080662 0.123654 0.143335 0.083025 0.113053 0.070452 0.135392
36000.001710 5.796660 0.116250 0.090098 0.108769 0.046965 0.030585 0.070271 0.111408 0.117098 0.097291 0.010767 0.112267 0.063630 0.042492 0.084066 0.112131 0.075184 0.106620 0.124714 0.033641 0.117010 0.040942 0.136723 0.135181 0.143004 0.141857 0.152698 0.125102 0.143193 0.129601 0.147551 0.119320 0.113148 0.099748 0.140830 0.111023 0.118402 0.111551 0.159348 0.132256 0.129627 0.154326 0.130251 0.092303 0.131240 0.101876 0.114450 0.122287 0.090546 0.106425 0.101204 0.112893 0.136160 0.106068 0.085031 0.124240 0.144582 0.081756 0.111800 0.074035 0.136053
37000.001757 7.756100 0.122428 0.098209 0.115797 0.053983 0.032731 0.076790 0.116552 0.122243 0.105676 0.012455 0.119053 0.060237 0.039672 0.082659 0.118810 0.084113 0.108425 0.130446 0.027887 0.123931 0.038924 0.138034 0.137292 0.146108 0.144237 0.155333 0.126395 0.145138 0.131199 0.150263 0.119273 0.117037 0.102396 0.144986 0.115244 0.122260 0.114836 0.162234 0.136348 0.134115 0.159208 0.131408 0.092830 0.135080 0.103228 0.117473 0.126206 0.092478 0.110385 0.101783 0.113418 0.139108 0.109084 0.085331 0.128456 0.146644 0.081069 0.115064 0.073606 0.139880
38000.001805 7.191746 0.119417 0.092673 0.113932 0.048641 0.032504 0.072962 0.114715 0.123261 0.102653 0.011993 0.118679 0.066920 0.044320 0.087364 0.115542 0.079861 0.110891 0.130169 0.035437 0.122254 0.036653 0.134739 0.133194 0.140294 0.141393 0.156312 0.122859 0.147043 0.132629 0.145596 0.116813 0.108400 0.093586 0.138920 0.112173 0.118479 0.107847 0.156624 0.130226 0.126369 0.155671 0.130728 0.085955 0.129566 0.096736 0.110071 0.118507 0.083581 0.109108 0.097684 0.109949 0.133624 0.105107 0.076611 0.121806 0.142551 0.087720 0.112714 0.065117 0.132769
39000.001852 7.012298 0.120276 0.097502 0.115557 0.055183 0.035579 0.078128 0.114160 0.120935 0.106163 0.011843 0.120252 0.059696 0.035808 0.080895 0.118310 0.085139 0.106765 0.129707 0.026393 0.122471 0.030868 0.132259 0.132080 0.142418 0.139000 0.153606 0.121829 0.145031 0.129589 0.145784 0.112982 0.113816 0.098596 0.142488 0.114148 0.120938 0.111724 0.159572 0.132185 0.130830 0.156423 0.127014 0.087717 0.132889 0.099393 0.113902 0.123154 0.088517 0.109923 0.096933 0.107337 0.134618 0.106255 0.081058 0.125916 0.142107 0.080389 0.111953 0.069186 0.136630
40000.001900 12.963165 0.114295 0.087541 0.108728 0.043272 0.024577 0.065145 0.112664 0.120258 0.094980 0.016102 0.112522 0.072262 0.047892 0.090997 0.108422 0.074217 0.112848 0.122725 0.029317 0.119036 0.035588 0.137998 0.132976 0.139333 0.146080 0.159467 0.125840 0.152792 0.137352 0.147473 0.120353 0.107457 0.094591 0.139932 0.115263 0.119070 0.109624 0.161399 0.129793 0.124927 0.157038 0.134256 0.085968 0.129442 0.098594 0.107658 0.119125 0.082257 0.108584 0.101854 0.116191 0.136458 0.107264 0.082158 0.124749 0.141924 0.089475 0.111769 0.066306 0.132052
41000.001947 3.253520 0.115572 0.089603 0.108677 0.045466 0.026982 0.068422 0.111818 0.118084 0.096368 0.008067 0.111438 0.065978 0.043655 0.086280 0.110661 0.075062 0.108510 0.123712 0.029229 0.117842 0.038267 0.136238 0.133348 0.140511 0.142681 0.154729 0.124522 0.147363 0.131859 0.146220 0.118640 0.110120 0.096426 0.138735 0.110756 0.116203 0.108748 0.159236 0.130625 0.126959 0.154019 0.130322 0.087951 0.128414 0.098451 0.110422 0.119647 0.086353 0.104657 0.099315 0.113271 0.135554 0.104309 0.082374 0.122851 0.142064 0.083689 0.111286 0.069605 0.133669
42000.001995 10.107294 0.117781 0.094740 0.109835 0.053174 0.030166 0.073795 0.112279 0.115534 0.099083 0.014218 0.111914 0.057656 0.038056 0.079505 0.113564 0.079495 0.104201 0.123406 0.023706 0.117760 0.042382 0.136457 0.135845 0.145849 0.141812 0.149904 0.125437 0.141446 0.127150 0.148959 0.118677 0.118592 0.105217 0.144601 0.113496 0.120739 0.116174 0.162377 0.135373 0.134200 0.154711 0.128080 0.095723 0.134409 0.105398 0.118608 0.127384 0.095471 0.107029 0.102729 0.113337 0.138748 0.107990 0.090497 0.129508 0.145164 0.074722 0.111873 0.078141 0.140134
43000.002042 5.154352 0.116058 0.091035 0.111147 0.048528 0.033481 0.072431 0.111356 0.119435 0.100052 0.010153 0.115576 0.065717 0.041475 0.085255 0.113061 0.078148 0.108416 0.126534 0.031622 0.118937 0.032590 0.132253 0.130117 0.137922 0.139198 0.154251 0.121175 0.146946 0.131504 0.142900 0.114154 0.108129 0.094024 0.137205 0.111016 0.116765 0.106913 0.155751 0.127802 0.124794 0.152975 0.128297 0.085003 0.127904 0.096212 0.108950 0.117630 0.084262 0.106844 0.096517 0.108829 0.131775 0.103763 0.078617 0.121122 0.139202 0.084619 0.110031 0.066315 0.131223
44000.002090 9.801271 0.116404 0.089001 0.106259 0.044566 0.026190 0.066870 0.112173 0.116190 0.093400 0.014001 0.107198 0.064931 0.047680 0.086233 0.109742 0.071639 0.107381 0.122157 0.033725 0.116568 0.049747 0.142554 0.139208 0.145069 0.147356 0.154239 0.128782 0.144913 0.131542 0.150853 0.126228 0.115294 0.103208 0.141487 0.110925 0.117368 0.113349 0.161326 0.135329 0.131316 0.155227 0.134306 0.097165 0.131150 0.105177 0.116885 0.124108 0.094019 0.104068 0.106059 0.120140 0.140212 0.107723 0.089984 0.125860 0.147730 0.081503 0.113262 0.078743 0.137840
45000.002137 5.069980 0.118098 0.094453 0.111452 0.052299 0.032289 0.074614 0.112396 0.117472 0.101091 0.010070 0.114999 0.059318 0.037299 0.080597 0.114916 0.080324 0.105542 0.125902 0.025560 0.119199 0.036676 0.134568 0.134058 0.143952 0.140448 0.151587 0.124004 0.142748 0.127994 0.147297 0.116163 0.116018 0.101951 0.143010 0.112738 0.120166 0.113648 0.160736 0.133439 0.132137 0.154995 0.127573 0.092146 0.133307 0.102533 0.116334 0.124877 0.092326 0.107582 0.099927 0.110667 0.136585 0.106649 0.086381 0.127088 0.143692 0.078084 0.111636 0.074288 0.138063
46000.002185 3.737840 0.120595 0.095537 0.113488 0.052237 0.034853 0.075979 0.114318 0.120399 0.103170 0.008646 0.116276 0.060532 0.041385 0.082924 0.117081 0.080914 0.106891 0.129533 0.033237 0.121438 0.041607 0.134116 0.134268 0.142248 0.139110 0.151244 0.122696 0.141959 0.126991 0.145377 0.116288 0.113049 0.097966 0.139107 0.108668 0.116111 0.108712 0.156452 0.132491 0.129681 0.153233 0.126861 0.089484 0.129492 0.098360 0.114100 0.121006 0.089222 0.104772 0.096513 0.108848 0.134719 0.103103 0.080394 0.122111 0.143026 0.081099 0.112687 0.070831 0.135777
47000.002232 7.041533 0.113769 0.090688 0.108451 0.049528 0.027218 0.070114 0.110203 0.116278 0.097132 0.011867 0.112355 0.063075 0.039375 0.082921 0.109842 0.077628 0.106086 0.121586 0.022385 0.116307 0.035773 0.133829 0.130581 0.140209 0.141812 0.154387 0.121700 0.147580 0.132462 0.145648 0.116127 0.111329 0.098522 0.141754 0.115864 0.120902 0.112377 0.160170 0.129422 0.127434 0.155336 0.129820 0.089050 0.131648 0.101096 0.111982 0.122405 0.086931 0.109510 0.101368 0.112215 0.134090 0.108105 0.084532 0.127372 0.140530 0.080230 0.108560 0.070123 0.133710
48000.002280 4.613575 0.116012 0.090046 0.109163 0.045366 0.024603 0.067924 0.112663 0.119070 0.096867 0.009606 0.112252 0.066437 0.044459 0.087063 0.110791 0.075523 0.109230 0.124061 0.028863 0.118444 0.039753 0.137883 0.134656 0.142172 0.144772 0.156444 0.125614 0.148387 0.133468 0.148288 0.120369 0.111363 0.097797 0.141170 0.113204 0.118711 0.111126 0.161301 0.131884 0.128396 0.156330 0.132419 0.089576 0.130806 0.100427 0.112018 0.121687 0.086932 0.107039 0.101715 0.115220 0.136868 0.106732 0.083572 0.125387 0.143731 0.084607 0.111961 0.070248 0.135071
49000.002327 13.641025 0.119441 0.099877 0.114586 0.060202 0.037666 0.081571 0.112517 0.117067 0.106267 0.016517 0.118765 0.053687 0.029160 0.075513 0.118804 0.086868 0.102435 0.127505 0.022327 0.119258 0.033986 0.129983 0.131456 0.144677 0.136372 0.148482 0.121216 0.139607 0.124701 0.145635 0.111005 0.119124 0.104135 0.145385 0.114478 0.122806 0.115956 0.159812 0.133258 0.134665 0.154683 0.123511 0.092426 0.135849 0.103312 0.118557 0.127584 0.095068 0.110037 0.098140 0.105600 0.134546 0.107239 0.087190 0.129671 0.141809 0.072246 0.110841 0.075735 0.139722
50000.002375 4.266350 0.118682 0.093966 0.111143 0.050203 0.029938 0.072733 0.113592 0.118534 0.100186 0.009237 0.113979 0.061167 0.041218 0.083065 0.114468 0.078609 0.107099 0.126064 0.027474 0.120016 0.041235 0.137909 0.136477 0.144954 0.143539 0.153340 0.126199 0.143839 0.129535 0.149349 0.120012 0.116359 0.102544 0.143365 0.112694 0.119866 0.113959 0.161764 0.134924 0.132618 0.156235 0.130392 0.093697 0.133476 0.103506 0.117135 0.125290 0.092556 0.106991 0.102031 0.114179 0.138546 0.107458 0.087092 0.127331 0.145667 0.080309 0.113121 0.075156 0.138653
51000.002422 4.334798 0.118141 0.091893 0.109725 0.047799 0.030620 0.071325 0.112768 0.117702 0.098258 0.009311 0.112180 0.062015 0.043100 0.083666 0.113413 0.075894 0.106676 0.125663 0.032900 0.118547 0.044030 0.139110 0.137397 0.144571 0.143865 0.153298 0.126592 0.143540 0.130007 0.149108 0.121858 0.115071 0.101913 0.141551 0.111251 0.118462 0.112575 0.159949 0.134503 0.131335 0.155203 0.131661 0.094677 0.131891 0.103569 0.116621 0.123651 0.092847 0.105901 0.102847 0.115308 0.138190 0.107033 0.086780 0.125173 0.146505 0.080443 0.113124 0.076267 0.137665
52000.002470 10.438399 0.121282 0.099827 0.116240 0.058567 0.038938 0.081193 0.113860 0.119531 0.108063 0.014449 0.120754 0.055194 0.033024 0.077130 0.120421 0.086858 0.103801 0.130748 0.029310 0.121644 0.034266 0.130737 0.132694 0.144352 0.136304 0.149303 0.121146 0.139308 0.125135 0.145566 0.111428 0.117378 0.101901 0.143912 0.113154 0.121674 0.113764 0.158709 0.133256 0.133541 0.155089 0.124416 0.090846 0.134777 0.101362 0.117441 0.125714 0.092802 0.109975 0.096775 0.105210 0.134051 0.106325 0.083445 0.127061 0.142648 0.076542 0.111973 0.073227 0.139005
53000.002517 12.581972 0.119605 0.095847 0.115122 0.053649 0.034427 0.076425 0.114333 0.121660 0.104726 0.015863 0.120388 0.063362 0.038009 0.083279 0.117093 0.083814 0.109059 0.129087 0.027390 0.122449 0.029670 0.133546 0.132692 0.142514 0.140708 0.155295 0.123442 0.146363 0.131481 0.146932 0.114461 0.113028 0.098317 0.143096 0.115515 0.122277 0.112672 0.160757 0.132267 0.130524 0.157700 0.128887 0.088199 0.133593 0.100327 0.113267 0.123026 0.088189 0.111506 0.098684 0.108788 0.135631 0.107500 0.082082 0.126598 0.143048 0.082842 0.112638 0.068996 0.136276
54000.002565 10.834256 0.118082 0.095065 0.113746 0.053362 0.032714 0.075072 0.113493 0.120722 0.103265 0.014720 0.118492 0.063724 0.038524 0.083996 0.115482 0.083357 0.108479 0.127487 0.025611 0.120923 0.030828 0.132128 0.131116 0.141924 0.139945 0.154451 0.122326 0.146716 0.130818 0.145956 0.112981 0.112718 0.097707 0.142833 0.114720 0.121207 0.112118 0.161009 0.130886 0.129743 0.156608 0.127344 0.086559 0.132748 0.098940 0.112262 0.123074 0.086973 0.110077 0.097457 0.108313 0.134401 0.106298 0.081830 0.126844 0.141021 0.083040 0.111323 0.068173 0.135892
55000.002612 10.781735 0.117165 0.094685 0.113234 0.053566 0.034949 0.076148 0.111838 0.119154 0.103707 0.014685 0.118920 0.061645 0.035990 0.081192 0.115654 0.082739 0.106185 0.127183 0.027863 0.119715 0.029070 0.131191 0.130214 0.140748 0.138343 0.153474 0.120757 0.144930 0.130289 0.144757 0.112360 0.112200 0.097768 0.142242 0.115227 0.121807 0.111852 0.158850 0.129930 0.128987 0.155910 0.127445 0.087355 0.132965 0.099730 0.112584 0.122389 0.087209 0.111211 0.097912 0.107090 0.132945 0.107098 0.081322 0.125916 0.140741 0.081053 0.110144 0.068749 0.134764
56000.002660 10.371833 0.118339 0.095449 0.112204 0.053433 0.029748 0.074459 0.113730 0.118666 0.101102 0.014403 0.115224 0.060970 0.037493 0.082207 0.115005 0.081337 0.107074 0.125720 0.024349 0.119074 0.037696 0.135336 0.134707 0.145198 0.141902 0.152409 0.125578 0.143022 0.128719 0.148859 0.116949 0.116852 0.102539 0.144899 0.114221 0.121690 0.115347 0.162880 0.134119 0.133198 0.156832 0.128518 0.092315 0.134490 0.103003 0.116141 0.126295 0.092769 0.108939 0.101074 0.111522 0.137487 0.107651 0.087585 0.129064 0.144100 0.078447 0.112947 0.074738 0.139043
57000.002707 23.161755 0.112774 0.082709 0.101897 0.036787 0.017359 0.057426 0.111894 0.116461 0.085284 0.021523 0.101187 0.075270 0.056248 0.094647 0.102912 0.064921 0.112329 0.117483 0.037355 0.114203 0.052798 0.145147 0.139226 0.142915 0.151098 0.158145 0.131368 0.151362 0.136404 0.151340 0.129528 0.110305 0.098656 0.138474 0.109541 0.113578 0.110005 0.163487 0.133320 0.126995 0.154840 0.137345 0.093280 0.126597 0.101548 0.110229 0.120136 0.088761 0.100823 0.106348 0.124317 0.141053 0.105391 0.089129 0.123410 0.146379 0.089070 0.113493 0.075473 0.134800
58000.002755 7.657678 0.119291 0.093930 0.111406 0.049843 0.027646 0.071885 0.114778 0.119618 0.099349 0.012376 0.113570 0.063280 0.042522 0.085069 0.114121 0.078477 0.109078 0.126052 0.027283 0.120219 0.042349 0.139540 0.137911 0.146182 0.145485 0.154599 0.128290 0.144929 0.130642 0.150950 0.121658 0.116632 0.102783 0.144077 0.112978 0.120182 0.114737 0.163464 0.135981 0.133334 0.157489 0.131656 0.094211 0.133670 0.103841 0.116892 0.125716 0.093317 0.107104 0.103062 0.115739 0.140095 0.107699 0.088289 0.128173 0.146901 0.081105 0.114542 0.075688 0.139441
59000.002802 4.692712 0.117588 0.091410 0.110629 0.047033 0.028977 0.070509 0.113231 0.119614 0.098602 0.009688 0.113805 0.065537 0.043033 0.086169 0.113172 0.076866 0.109288 0.126045 0.030334 0.119673 0.037870 0.137173 0.135174 0.142730 0.143187 0.155015 0.126103 0.146173 0.131225 0.147936 0.119137 0.112580 0.098485 0.140763 0.111161 0.117772 0.110761 0.160732 0.132679 0.129542 0.155627 0.130578 0.089759 0.130662 0.100005 0.112740 0.121806 0.088824 0.105966 0.099877 0.113220 0.137103 0.105317 0.083736 0.124086 0.144009 0.083976 0.113036 0.071539 0.136011
60000.002850 6.741272 0.116639 0.090055 0.109042 0.046486 0.031517 0.070233 0.111831 0.117452 0.097186 0.011611 0.112388 0.064647 0.043380 0.084590 0.112216 0.074757 0.107890 0.124733 0.032381 0.118445 0.039053 0.137474 0.135390 0.142104 0.142507 0.153545 0.125832 0.144186 0.130259 0.147389 0.119856 0.112638 0.099526 0.139926 0.110860 0.117608 0.110745 0.159040 0.132599 0.129060 0.154314 0.130680 0.091793 0.130478 0.101573 0.113774 0.121393 0.090128 0.105628 0.101040 0.113606 0.137085 0.105758 0.085269 0.123533 0.144479 0.082667 0.112376 0.073558 0.135471
61000.002897 13.182986 0.117802 0.096770 0.111079 0.057331 0.035465 0.077521 0.111291 0.114471 0.101650 0.016238 0.113945 0.054430 0.033591 0.075924 0.115347 0.082663 0.102008 0.124216 0.022658 0.117561 0.038598 0.132118 0.132933 0.144718 0.137570 0.146969 0.122431 0.138695 0.124154 0.146090 0.113626 0.119325 0.105621 0.144491 0.113486 0.121286 0.116229 0.159817 0.133801 0.134215 0.152810 0.124143 0.094601 0.134843 0.104723 0.118922 0.127768 0.096066 0.107804 0.100168 0.108870 0.136042 0.107307 0.090256 0.129681 0.142411 0.072000 0.110296 0.078128 0.139889
62000.002945 8.252657 0.119719 0.096331 0.113541 0.053405 0.029189 0.074835 0.115076 0.120287 0.102354 0.012847 0.116544 0.061318 0.038215 0.082914 0.116139 0.082138 0.108309 0.127224 0.023278 0.121182 0.036513 0.135003 0.134745 0.144853 0.141539 0.152457 0.125455 0.143068 0.128174 0.148624 0.116394 0.116117 0.101122 0.144229 0.113282 0.120588 0.114022 0.162595 0.134425 0.132948 0.156790 0.127732 0.090522 0.133738 0.101331 0.115215 0.125357 0.091036 0.107949 0.099230 0.110508 0.137633 0.106266 0.085439 0.128009 0.143923 0.079890 0.113653 0.072481 0.138773
63000.002992 12.322062 0.119558 0.099027 0.115442 0.058728 0.036996 0.080363 0.113145 0.119202 0.106596 0.015698 0.120386 0.057209 0.031711 0.078370 0.118480 0.087027 0.105043 0.128470 0.021534 0.121050 0.030221 0.130311 0.130936 0.143749 0.137634 0.151595 0.121136 0.143230 0.127662 0.145738 0.110811 0.117130 0.102104 0.145207 0.115820 0.123440 0.115221 0.160800 0.132465 0.133204 0.156381 0.124885 0.090103 0.135719 0.102089 0.116758 0.126526 0.092096 0.111496 0.097824 0.106058 0.134482 0.107724 0.085188 0.129535 0.141495 0.076637 0.110868 0.072392 0.138591
64000.003040 5.448916 0.119889 0.093021 0.112488 0.047356 0.026892 0.070408 0.115846 0.121953 0.100089 0.010439 0.115311 0.066194 0.044711 0.087525 0.114428 0.078374 0.111315 0.127659 0.029482 0.122381 0.039398 0.139572 0.137476 0.144601 0.145699 0.156828 0.127947 0.147439 0.132717 0.150381 0.121311 0.113445 0.099100 0.142603 0.112986 0.119277 0.112125 0.162837 0.135020 0.131089 0.158119 0.132566 0.090451 0.132100 0.100939 0.113643 0.123166 0.088694 0.107340 0.101307 0.115245 0.139564 0.106784 0.083992 0.125945 0.146336 0.085572 0.115062 0.071111 0.137675
65000.003087 4.278924 0.117163 0.092817 0.111276 0.049273 0.027043 0.071613 0.113165 0.119825 0.099998 0.009251 0.114934 0.063985 0.040961 0.085050 0.113001 0.079223 0.108463 0.125509 0.025310 0.119580 0.037376 0.136285 0.133460 0.142242 0.143982 0.156657 0.124178 0.148663 0.133444 0.147767 0.118475 0.112312 0.098470 0.142334 0.114942 0.120567 0.112190 0.161017 0.131858 0.129271 0.157226 0.131633 0.089492 0.132119 0.100816 0.113044 0.122760 0.087674 0.109201 0.101348 0.113533 0.136113 0.107844 0.083306 0.126815 0.143083 0.082651 0.111596 0.069914 0.135373
66000.003135 8.017578 0.117104 0.093594 0.109518 0.051242 0.028688 0.072607 0.112257 0.116427 0.098547 0.012663 0.111966 0.060183 0.039373 0.081825 0.112672 0.078844 0.105354 0.123117 0.023546 0.117982 0.041403 0.137152 0.135188 0.144704 0.143288 0.153217 0.125434 0.145848 0.130357 0.148983 0.119523 0.116394 0.102857 0.143672 0.113880 0.120049 0.114431 0.162785 0.134519 0.132622 0.155754 0.129832 0.093572 0.133129 0.103925 0.116540 0.125661 0.092720 0.106815 0.102400 0.114279 0.138674 0.107705 0.088299 0.128339 0.144880 0.077214 0.111677 0.075708 0.138695
67000.003182 10.947376 0.120572 0.098313 0.114828 0.057600 0.040326 0.080856 0.112601 0.118000 0.106542 0.014797 0.119551 0.054985 0.033030 0.076251 0.119579 0.085069 0.103143 0.129681 0.030055 0.120887 0.034487 0.131996 0.133411 0.144296 0.137009 0.149454 0.121835 0.139350 0.125717 0.145843 0.112936 0.117764 0.103348 0.143618 0.113319 0.121920 0.114322 0.158493 0.133665 0.133586 0.154840 0.125523 0.093223 0.134951 0.103302 0.118595 0.125842 0.094763 0.110116 0.098690 0.106738 0.134989 0.107448 0.085733 0.126949 0.143638 0.075647 0.111650 0.075591 0.138966
68000.003230 3.732984 0.118074 0.092992 0.111222 0.050111 0.033055 0.073616 0.112374 0.118270 0.100558 0.008641 0.114865 0.061403 0.039845 0.082354 0.114477 0.078952 0.106598 0.126366 0.028988 0.119750 0.037334 0.135742 0.134120 0.142185 0.141540 0.153722 0.123909 0.145096 0.130323 0.146629 0.117706 0.113287 0.099639 0.140654 0.112116 0.118793 0.111188 0.158760 0.132507 0.129811 0.154910 0.129526 0.091130 0.131128 0.101216 0.114488 0.122163 0.090342 0.107159 0.100008 0.111791 0.136130 0.106315 0.084039 0.124494 0.143690 0.080491 0.111736 0.072633 0.135824
69000.003277 7.559394 0.115343 0.088588 0.107400 0.043453 0.020709 0.065171 0.112725 0.118422 0.094171 0.012296 0.109461 0.067978 0.046869 0.088452 0.108891 0.073320 0.109786 0.122196 0.029240 0.117578 0.043045 0.139939 0.135974 0.142743 0.146735 0.156777 0.127191 0.148942 0.134101 0.149529 0.122839 0.111564 0.098463 0.141253 0.112928 0.117966 0.111555 0.162581 0.132674 0.128612 0.156451 0.133782 0.090728 0.130290 0.101069 0.111839 0.122035 0.087536 0.105856 0.103297 0.117846 0.138320 0.106928 0.085359 0.125720 0.144570 0.085127 0.112420 0.071695 0.135478
70000.003325 5.125072 0.117786 0.094152 0.112161 0.051678 0.029898 0.073931 0.112932 0.119428 0.101586 0.010124 0.116094 0.061777 0.038316 0.082993 0.114408 0.081172 0.106973 0.126443 0.025972 0.119393 0.036045 0.133908 0.132546 0.142623 0.141195 0.154271 0.122755 0.146328 0.130956 0.146739 0.115667 0.113105 0.098595 0.142502 0.114093 0.120516 0.112160 0.160624 0.131612 0.129993 0.156220 0.128837 0.088965 0.132370 0.100244 0.113485 0.123141 0.088354 0.109094 0.099283 0.110386 0.135003 0.106716 0.082658 0.126605 0.142461 0.080690 0.111088 0.069965 0.136079
71000.003372 3.766904 0.114872 0.088674 0.108838 0.045293 0.029562 0.068810 0.110820 0.118346 0.096972 0.008680 0.112703 0.066512 0.044060 0.086197 0.110244 0.075314 0.108397 0.124021 0.030592 0.118110 0.036575 0.134957 0.131235 0.137857 0.141928 0.155973 0.121934 0.149456 0.134087 0.144103 0.117633 0.107216 0.094295 0.137221 0.112487 0.116992 0.107324 0.156391 0.128326 0.124033 0.153663 0.131182 0.086549 0.127571 0.097662 0.108886 0.117542 0.083600 0.106904 0.099511 0.112699 0.133261 0.105455 0.079797 0.121865 0.140480 0.084937 0.109558 0.066895 0.130773
72000.003420 14.622552 0.119238 0.096842 0.111239 0.055425 0.031738 0.075557 0.113553 0.116086 0.100815 0.017101 0.113207 0.056811 0.037443 0.078896 0.115336 0.081551 0.104514 0.124275 0.022511 0.119030 0.042501 0.137186 0.137154 0.147666 0.142271 0.149395 0.127025 0.140484 0.126348 0.150380 0.119102 0.121031 0.107357 0.146420 0.114169 0.122000 0.118165 0.163760 0.137364 0.136742 0.155521 0.127894 0.097344 0.136121 0.106964 0.120570 0.129463 0.097901 0.107615 0.103430 0.113704 0.140469 0.108827 0.092588 0.131159 0.146453 0.073856 0.113374 0.080297 0.142357
73000.003467 3.966210 0.117805 0.092822 0.111512 0.049394 0.027089 0.071666 0.113618 0.120084 0.099884 0.008906 0.114823 0.063769 0.041153 0.085117 0.113403 0.079246 0.108454 0.126128 0.027569 0.119534 0.038538 0.135312 0.133589 0.142421 0.142269 0.154577 0.123807 0.146223 0.131118 0.147265 0.117474 0.111754 0.097292 0.141489 0.112864 0.119171 0.110989 0.160310 0.131765 0.129049 0.156101 0.129682 0.088588 0.131021 0.099304 0.112263 0.121929 0.087045 0.107786 0.099363 0.111461 0.135652 0.105799 0.081712 0.125406 0.143055 0.082556 0.111943 0.069092 0.135365
74000.003515 15.034603 0.115606 0.089875 0.111160 0.047207 0.034541 0.070854 0.111905 0.120140 0.099378 0.017340 0.116164 0.069499 0.044857 0.087550 0.112351 0.077005 0.110660 0.126150 0.034670 0.119757 0.031081 0.134117 0.131076 0.137671 0.140830 0.156209 0.123125 0.148667 0.133890 0.144054 0.115957 0.107252 0.093805 0.137594 0.112984 0.117938 0.107398 0.156913 0.128221 0.124228 0.154244 0.130676 0.084832 0.128480 0.097076 0.107828 0.117247 0.083062 0.108299 0.098189 0.110806 0.133191 0.105223 0.079475 0.121372 0.140183 0.087838 0.111275 0.066342 0.130938
75000.003562 4.848419 0.117570 0.091604 0.110196 0.047231 0.026732 0.070092 0.113441 0.119111 0.098053 0.009847 0.113038 0.064672 0.042416 0.085501 0.112735 0.076755 0.108919 0.125133 0.028214 0.119317 0.038741 0.137749 0.135695 0.143417 0.143766 0.154567 0.126576 0.145536 0.130864 0.148778 0.119875 0.113223 0.099207 0.141611 0.111776 0.118353 0.111715 0.161543 0.133469 0.130321 0.156028 0.130784 0.090674 0.131202 0.100858 0.113329 0.122598 0.089460 0.106076 0.100787 0.113824 0.137970 0.105819 0.084741 0.125223 0.144702 0.082695 0.113219 0.072179 0.136661
76000.003610 6.157989 0.116140 0.089473 0.108843 0.044752 0.026189 0.067462 0.112920 0.118981 0.095865 0.011098 0.111552 0.067854 0.046249 0.088182 0.110224 0.074588 0.110449 0.123439 0.028281 0.119372 0.039788 0.138513 0.134753 0.141044 0.145020 0.156702 0.126148 0.149457 0.133709 0.147813 0.121137 0.110267 0.096935 0.139474 0.112046 0.116962 0.109508 0.160417 0.132084 0.127410 0.155383 0.132286 0.088923 0.129063 0.099666 0.111014 0.120098 0.086131 0.105145 0.100992 0.115612 0.137773 0.105476 0.083411 0.123912 0.143692 0.085451 0.112367 0.069751 0.134134
77000.003657 8.987288 0.114784 0.087138 0.107560 0.041276 0.021781 0.063898 0.112684 0.119472 0.093865 0.013407 0.110150 0.071007 0.048679 0.090549 0.108083 0.072606 0.111758 0.122228 0.030172 0.118572 0.040133 0.139947 0.134753 0.140000 0.147221 0.159138 0.126797 0.152365 0.136968 0.148137 0.122881 0.107988 0.095210 0.138947 0.113335 0.117046 0.108950 0.160846 0.130997 0.125605 0.156274 0.135131 0.087819 0.128161 0.098987 0.108513 0.118854 0.083893 0.106053 0.102615 0.118180 0.137552 0.106508 0.082661 0.123533 0.143291 0.088195 0.112260 0.068177 0.132616
78000.003705 14.593181 0.119460 0.095355 0.112404 0.052036 0.026229 0.072545 0.115754 0.120338 0.100032 0.017084 0.114269 0.063951 0.041268 0.085277 0.114842 0.080447 0.109637 0.125939 0.025991 0.120263 0.040424 0.137698 0.137046 0.146558 0.143782 0.152985 0.128429 0.143192 0.128960 0.150866 0.119403 0.117089 0.102355 0.145266 0.113308 0.120611 0.115308 0.164834 0.135902 0.134025 0.157745 0.129573 0.092164 0.134044 0.102445 0.115317 0.126478 0.092496 0.107401 0.101403 0.113457 0.139839 0.106836 0.087976 0.128941 0.145594 0.080891 0.115298 0.074833 0.140197
79000.003752 8.209195 0.120039 0.097708 0.114236 0.055761 0.035759 0.078142 0.113416 0.118500 0.105112 0.012813 0.118230 0.056782 0.034580 0.078303 0.118019 0.084200 0.104576 0.128299 0.026267 0.120874 0.034098 0.133048 0.133572 0.144139 0.138561 0.150633 0.122931 0.141301 0.126857 0.146685 0.113955 0.116580 0.101740 0.143489 0.113390 0.121045 0.113642 0.160069 0.133771 0.132998 0.155362 0.126227 0.091203 0.133975 0.101872 0.116586 0.125143 0.092338 0.108766 0.098394 0.108107 0.135846 0.106563 0.084724 0.127122 0.143450 0.076772 0.112198 0.073541 0.138690
80000.003800 13.095228 0.114694 0.090160 0.110619 0.047499 0.028984 0.069238 0.112337 0.120077 0.098192 0.016183 0.115149 0.069663 0.043953 0.088406 0.110313 0.078159 0.111046 0.123609 0.026776 0.119514 0.030654 0.134627 0.130311 0.138381 0.142922 0.158274 0.123098 0.152842 0.136506 0.145576 0.116414 0.107151 0.093627 0.139944 0.116278 0.119783 0.108943 0.160700 0.128668 0.124633 0.156604 0.131521 0.083481 0.129503 0.097455 0.107040 0.118810 0.080951 0.109531 0.099277 0.112335 0.134719 0.106680 0.080088 0.124825 0.140196 0.086997 0.110532 0.064313 0.131654
81000.003847 8.354128 0.116363 0.088155 0.108348 0.041573 0.021811 0.064925 0.113830 0.120574 0.094733 0.012926 0.110472 0.070479 0.049856 0.091294 0.109344 0.073042 0.111723 0.123772 0.033396 0.119071 0.045192 0.141572 0.136673 0.141774 0.148293 0.159680 0.127645 0.152228 0.137098 0.149510 0.125100 0.108963 0.095913 0.139512 0.112839 0.117123 0.109320 0.160758 0.132440 0.126832 0.156952 0.136249 0.089791 0.128570 0.099901 0.110300 0.119595 0.085225 0.105905 0.103609 0.119214 0.138421 0.106826 0.082382 0.123566 0.145437 0.088089 0.113424 0.069668 0.133823
82000.003895 20.463810 0.119012 0.096416 0.113571 0.054000 0.027836 0.073362 0.115861 0.121159 0.101834 0.020231 0.116735 0.065382 0.041485 0.085803 0.114406 0.083420 0.110805 0.125159 0.017755 0.122375 0.035686 0.137530 0.134891 0.145004 0.145741 0.157347 0.127136 0.149990 0.134010 0.150748 0.118653 0.116039 0.101800 0.146594 0.118607 0.123748 0.116437 0.166763 0.135249 0.133224 0.160240 0.131497 0.090374 0.135448 0.103141 0.114515 0.126856 0.089826 0.111200 0.102686 0.114780 0.140183 0.109897 0.087810 0.131694 0.144496 0.082527 0.114007 0.071918 0.139264
83000.003942 12.085628 0.116884 0.097260 0.112745 0.058004 0.035389 0.078739 0.111314 0.116557 0.103320 0.015547 0.116902 0.057013 0.031441 0.078006 0.115408 0.084743 0.103600 0.124939 0.019096 0.118025 0.032740 0.130236 0.129662 0.142552 0.137862 0.151412 0.120314 0.144325 0.128517 0.144959 0.111372 0.116236 0.102221 0.144530 0.116501 0.122951 0.114845 0.160450 0.131045 0.131473 0.155324 0.125269 0.090166 0.134689 0.102475 0.115797 0.126081 0.091484 0.110730 0.098965 0.107255 0.133882 0.108043 0.086501 0.129988 0.140193 0.074414 0.109122 0.073070 0.137239
84000.003990 9.706341 0.121480 0.098309 0.117052 0.055301 0.035118 0.077858 0.115935 0.123129 0.107331 0.013933 0.121768 0.061693 0.038635 0.082816 0.119044 0.085882 0.108876 0.131159 0.027812 0.124426 0.031679 0.132644 0.132406 0.141922 0.139523 0.154313 0.122091 0.145032 0.129956 0.145966 0.113351 0.112516 0.096802 0.142108 0.114321 0.120842 0.110829 0.158991 0.132259 0.130120 0.157024 0.127600 0.086101 0.132502 0.097963 0.112651 0.122186 0.086089 0.110367 0.096346 0.107187 0.134629 0.105922 0.078747 0.125415 0.142099 0.083268 0.113106 0.066525 0.135923
85000.004037 3.185664 0.118241 0.091970 0.110398 0.047832 0.029388 0.071117 0.113105 0.118608 0.098940 0.007982 0.113308 0.062442 0.042551 0.083949 0.113423 0.077109 0.107237 0.125964 0.031069 0.119361 0.041427 0.137760 0.136071 0.143595 0.143067 0.153794 0.125349 0.144707 0.130562 0.148336 0.120144 0.113342 0.099708 0.141236 0.111890 0.118594 0.111571 0.159961 0.133576 0.130209 0.155469 0.130901 0.092089 0.131300 0.101704 0.114697 0.122596 0.090055 0.106576 0.101332 0.113768 0.137397 0.106463 0.084206 0.124881 0.145412 0.081510 0.112619 0.072990 0.136700
86000.004085 9.284296 0.119932 0.096846 0.115447 0.054510 0.032467 0.076710 0.115043 0.122295 0.104845 0.013627 0.119735 0.062706 0.037767 0.083875 0.117230 0.084348 0.108966 0.129527 0.027110 0.121773 0.033756 0.133353 0.132620 0.143198 0.141109 0.155334 0.123037 0.146308 0.131306 0.147076 0.114447 0.113509 0.098369 0.143663 0.115320 0.122112 0.112752 0.161006 0.131969 0.130593 0.157970 0.128906 0.087874 0.133604 0.099636 0.113353 0.123794 0.088034 0.111315 0.098636 0.108992 0.134791 0.107344 0.081688 0.127444 0.142401 0.082265 0.112656 0.068813 0.136603
87000.004132 6.177882 0.115590 0.089285 0.110460 0.045100 0.026793 0.068363 0.112767 0.121430 0.097959 0.011116 0.114340 0.069764 0.045868 0.089695 0.110746 0.076574 0.111287 0.125569 0.031833 0.119185 0.037327 0.136006 0.131651 0.138388 0.144412 0.159189 0.123090 0.152663 0.137184 0.145369 0.118792 0.106276 0.092882 0.138339 0.114279 0.118380 0.107696 0.157834 0.128147 0.123760 0.155986 0.133611 0.085060 0.128142 0.096830 0.107502 0.117659 0.081712 0.109063 0.100342 0.114124 0.133358 0.106612 0.078405 0.122851 0.140635 0.088357 0.110910 0.064674 0.130549
88000.004180 11.179288 0.122364 0.099553 0.118323 0.057270 0.039592 0.081155 0.115459 0.123236 0.109790 0.014953 0.124099 0.059865 0.036253 0.080938 0.121244 0.087670 0.107555 0.133117 0.030692 0.124833 0.030508 0.132217 0.132498 0.142625 0.138984 0.154991 0.121466 0.145307 0.130585 0.145839 0.112799 0.114067 0.098606 0.142891 0.115372 0.122583 0.112036 0.158337 0.132560 0.131286 0.157643 0.128066 0.088158 0.134105 0.099815 0.114986 0.123303 0.088810 0.112627 0.097177 0.106567 0.134157 0.107637 0.079682 0.125785 0.142863 0.082152 0.112873 0.068754 0.136692
89000.004227 6.403784 0.119579 0.096780 0.113159 0.055240 0.035007 0.077456 0.113013 0.117777 0.103541 0.011317 0.116788 0.056709 0.035237 0.078541 0.117175 0.082802 0.104506 0.127572 0.026015 0.120196 0.036123 0.131926 0.133196 0.143955 0.137044 0.148286 0.122435 0.138936 0.124182 0.145854 0.113219 0.116747 0.101765 0.142739 0.111145 0.119511 0.113093 0.158891 0.133457 0.132833 0.153428 0.124005 0.091350 0.133197 0.101365 0.116768 0.124921 0.092557 0.106758 0.097085 0.106798 0.135434 0.104787 0.084958 0.126414 0.142825 0.076441 0.111719 0.073784 0.138535
90000.004275 12.510188 0.118703 0.097285 0.111483 0.056164 0.031221 0.076006 0.113241 0.116002 0.101384 0.015818 0.113383 0.055693 0.035778 0.078056 0.115412 0.082285 0.103453 0.124308 0.022537 0.118289 0.041857 0.135273 0.135401 0.146453 0.140707 0.148571 0.124950 0.139758 0.125789 0.148891 0.117159 0.119776 0.105865 0.145903 0.114378 0.121801 0.117057 0.162417 0.135683 0.135306 0.154945 0.126876 0.095319 0.135402 0.105308 0.119029 0.128666 0.095849 0.107953 0.102078 0.111833 0.138347 0.108303 0.090405 0.130683 0.144567 0.073264 0.112359 0.078357 0.141078
91000.004322 14.296346 0.116024 0.092033 0.109055 0.049103 0.024026 0.068539 0.113720 0.117851 0.096140 0.016909 0.111172 0.066008 0.043997 0.086461 0.110377 0.077007 0.109473 0.121536 0.022449 0.118633 0.040703 0.138771 0.135651 0.144377 0.145680 0.155327 0.127704 0.147830 0.132451 0.150477 0.120986 0.115013 0.101638 0.144449 0.115525 0.120696 0.114744 0.165261 0.134513 0.131543 0.157450 0.131651 0.091572 0.133237 0.103261 0.114045 0.125413 0.089630 0.107379 0.103267 0.116364 0.140146 0.108165 0.088803 0.129565 0.144727 0.082184 0.113088 0.073740 0.138167
92000.004370 11.710645 0.116973 0.094504 0.112392 0.052783 0.029079 0.073556 0.113165 0.119689 0.101195 0.015304 0.116129 0.063866 0.038831 0.084134 0.113304 0.082346 0.108402 0.124782 0.020142 0.119978 0.032420 0.132989 0.130606 0.140750 0.141321 0.155242 0.122348 0.149025 0.132455 0.145849 0.114503 0.111306 0.096907 0.141925 0.115596 0.120472 0.111428 0.161207 0.130571 0.128449 0.156414 0.128371 0.086045 0.131246 0.098706 0.110628 0.121955 0.085710 0.109179 0.098460 0.110091 0.134996 0.106374 0.082078 0.127000 0.140471 0.081298 0.110703 0.067328 0.134568
93000.004417 7.833861 0.120655 0.094065 0.112725 0.049119 0.029914 0.072199 0.115865 0.121375 0.100836 0.012517 0.115500 0.064913 0.044561 0.086378 0.115354 0.079115 0.110718 0.127811 0.028807 0.123151 0.040332 0.139209 0.137672 0.144704 0.144739 0.155269 0.127890 0.146112 0.130846 0.150012 0.121075 0.114678 0.100208 0.142154 0.111640 0.118379 0.112121 0.162170 0.135925 0.132157 0.156940 0.131009 0.091646 0.131932 0.101512 0.115101 0.123411 0.090485 0.105919 0.100546 0.114461 0.140214 0.105886 0.084937 0.125475 0.146643 0.084201 0.115167 0.072564 0.138277
94000.004465 4.898073 0.115261 0.089409 0.107983 0.045869 0.027514 0.068695 0.111029 0.116785 0.096020 0.009898 0.111396 0.064363 0.042815 0.084579 0.110392 0.074537 0.107324 0.122876 0.028481 0.117280 0.039419 0.137579 0.134605 0.142138 0.143758 0.154793 0.125226 0.146570 0.132110 0.147797 0.120251 0.112475 0.099734 0.141029 0.112972 0.118982 0.111986 0.160341 0.132118 0.128943 0.155189 0.131686 0.091942 0.131315 0.102375 0.113806 0.122215 0.089479 0.106913 0.102517 0.114916 0.136973 0.107263 0.085826 0.125456 0.144147 0.081832 0.111053 0.073017 0.135325
95000.004512 15.035650 0.114843 0.092815 0.112218 0.052251 0.031064 0.072775 0.112053 0.120175 0.100937 0.017341 0.117110 0.067191 0.040256 0.086109 0.111824 0.082152 0.109380 0.124378 0.023600 0.119256 0.028121 0.130546 0.127077 0.137269 0.139941 0.156456 0.119645 0.151465 0.134734 0.143242 0.111957 0.107062 0.092926 0.140166 0.116991 0.120621 0.108950 0.159371 0.126695 0.124188 0.155993 0.128428 0.081438 0.129669 0.095931 0.106530 0.119040 0.080247 0.110876 0.096983 0.108423 0.131672 0.106240 0.078348 0.125611 0.137220 0.084680 0.108796 0.062447 0.130792
96000.004560 6.687957 0.115891 0.089625 0.109579 0.044529 0.024039 0.067164 0.113347 0.120268 0.096640 0.011565 0.112816 0.069120 0.045834 0.089120 0.110373 0.075263 0.111419 0.124010 0.027946 0.119583 0.037608 0.138414 0.134242 0.140983 0.145954 0.158529 0.126211 0.151051 0.135575 0.148224 0.120851 0.109828 0.096328 0.140647 0.113998 0.118538 0.110187 0.161508 0.131479 0.127202 0.157022 0.133647 0.087704 0.130138 0.099442 0.110092 0.120522 0.084752 0.107341 0.101586 0.115989 0.137225 0.106806 0.082741 0.124932 0.143149 0.086949 0.112461 0.068196 0.133915
97000.004607 9.149201 0.116801 0.093479 0.110732 0.051183 0.026895 0.071954 0.112901 0.118431 0.099310 0.013527 0.113966 0.063034 0.039659 0.083923 0.112714 0.079893 0.107675 0.124053 0.022410 0.118555 0.037687 0.135354 0.133459 0.143427 0.142732 0.153968 0.124788 0.146110 0.130664 0.148088 0.117319 0.114365 0.100233 0.143420 0.114212 0.120626 0.113778 0.162514 0.132661 0.131160 0.156414 0.129170 0.090507 0.132857 0.101611 0.114080 0.124402 0.089953 0.108188 0.100755 0.112323 0.136891 0.107051 0.085834 0.128077 0.143040 0.080349 0.111715 0.072138 0.137049
98000.004655 8.153777 0.117282 0.090670 0.109609 0.045529 0.023088 0.067600 0.114007 0.119827 0.096809 0.012770 0.111840 0.066769 0.045439 0.087749 0.111618 0.075637 0.109874 0.124647 0.031272 0.118699 0.042553 0.139220 0.136763 0.143825 0.145241 0.155288 0.127591 0.145953 0.131915 0.149773 0.121784 0.112439 0.098392 0.141654 0.111827 0.118182 0.111679 0.162175 0.133523 0.129974 0.156651 0.132350 0.090735 0.130809 0.100580 0.112447 0.122324 0.088500 0.106081 0.101857 0.115543 0.138290 0.106008 0.084190 0.125100 0.145362 0.084478 0.113866 0.071850 0.136575
99000.004702 9.603341 0.120573 0.098098 0.112946 0.057382 0.038297 0.079766 0.112405 0.116220 0.104729 0.013859 0.116459 0.052283 0.034576 0.075315 0.118445 0.083772 0.101301 0.127963 0.029639 0.119545 0.042062 0.133487 0.135184 0.146201 0.137731 0.147004 0.122562 0.137397 0.123644 0.147063 0.115417 0.120002 0.105764 0.144332 0.112044 0.121159 0.115772 0.158873 0.135457 0.135577 0.153262 0.125151 0.096614 0.135337 0.105357 0.121340 0.127698 0.097424 0.108086 0.100295 0.108738 0.136458 0.107463 0.088182 0.128012 0.145252 0.072693 0.111525 0.078891 0.140856
100000.004750 4.041912 0.114537 0.087283 0.108149 0.043073 0.028174 0.067340 0.110989 0.118925 0.095589 0.008991 0.111730 0.068986 0.046256 0.088560 0.109481 0.073440 0.109873 0.124094 0.032930 0.117651 0.038043 0.135437 0.131629 0.137645 0.142517 0.156130 0.122910 0.149622 0.134048 0.144128 0.118490 0.106321 0.093029 0.136019 0.110390 0.115208 0.105999 0.156121 0.127932 0.123354 0.152823 0.131413 0.085837 0.126253 0.096405 0.107821 0.116254 0.083015 0.105158 0.098849 0.113151 0.133125 0.103866 0.079035 0.120267 0.140393 0.087024 0.110104 0.066252 0.130134
101000.004797 5.110376 0.117577 0.092310 0.110746 0.048329 0.026648 0.070638 0.113676 0.119382 0.098387 0.010110 0.113544 0.064508 0.041921 0.085600 0.112923 0.077354 0.109108 0.125328 0.027577 0.119154 0.039134 0.137569 0.135646 0.144029 0.143881 0.154720 0.126558 0.145482 0.130996 0.149113 0.119644 0.114022 0.100103 0.142690 0.112838 0.119543 0.112834 0.162152 0.133485 0.130717 0.156703 0.130866 0.091097 0.132315 0.101593 0.113987 0.123683 0.089907 0.107210 0.101322 0.113807 0.137823 0.106681 0.085585 0.126593 0.144688 0.082234 0.113226 0.072712 0.137153
102000.004845 5.554156 0.116888 0.093014 0.111503 0.050795 0.031040 0.073318 0.112214 0.118832 0.100415 0.010540 0.115354 0.062738 0.038568 0.083205 0.113830 0.079497 0.107270 0.126006 0.027815 0.118567 0.034852 0.133843 0.132318 0.141711 0.140852 0.153903 0.123054 0.145165 0.130600 0.146062 0.115579 0.112611 0.098643 0.141594 0.113413 0.119997 0.111641 0.159530 0.130788 0.128963 0.155547 0.128961 0.088985 0.131784 0.100127 0.112821 0.122399 0.088583 0.108769 0.099430 0.110362 0.134374 0.106530 0.083342 0.125665 0.141739 0.081095 0.111088 0.070707 0.135162
103000.004892 7.840069 0.119263 0.093976 0.114374 0.050292 0.031857 0.073057 0.115089 0.122971 0.102808 0.012522 0.118384 0.066622 0.043309 0.087052 0.115255 0.081423 0.110947 0.129079 0.031028 0.122774 0.033673 0.133109 0.131698 0.139610 0.139924 0.155056 0.122100 0.147321 0.131456 0.144770 0.114418 0.108117 0.092657 0.138843 0.111999 0.117416 0.107026 0.158011 0.129914 0.126050 0.155257 0.128184 0.082789 0.128639 0.094710 0.108098 0.118391 0.081500 0.107510 0.095102 0.108161 0.133701 0.103310 0.075980 0.122208 0.140764 0.086874 0.112415 0.062981 0.132866
104000.004940 8.634125 0.115804 0.087961 0.108953 0.041974 0.022950 0.065071 0.113410 0.121363 0.095584 0.013141 0.111538 0.071652 0.049473 0.091693 0.109656 0.073725 0.112420 0.124808 0.034209 0.118936 0.041709 0.138540 0.134281 0.139693 0.146038 0.158343 0.125930 0.150638 0.135614 0.147015 0.121539 0.107269 0.093508 0.137889 0.111169 0.115865 0.107545 0.159036 0.129816 0.125013 0.155343 0.134032 0.086406 0.127253 0.096678 0.107742 0.117847 0.083147 0.105637 0.100673 0.116313 0.135354 0.104863 0.079829 0.121787 0.142120 0.089911 0.112551 0.066576 0.131907
105000.004987 4.260191 0.117791 0.093323 0.112828 0.050542 0.033926 0.074407 0.112595 0.120339 0.102047 0.009231 0.117302 0.063905 0.039923 0.084255 0.114867 0.080326 0.108373 0.127842 0.029343 0.120656 0.032797 0.133302 0.131527 0.140108 0.140251 0.155189 0.121994 0.147358 0.131880 0.144698 0.114867 0.110724 0.096581 0.139819 0.113003 0.118999 0.109412 0.157768 0.129966 0.127295 0.155107 0.128960 0.086936 0.130477 0.098403 0.111546 0.120402 0.086311 0.108633 0.097852 0.109512 0.133641 0.105721 0.080488 0.123752 0.141031 0.083461 0.110986 0.067955 0.133615
106000.005035 10.566400 0.115852 0.091204 0.110224 0.048137 0.028342 0.070148 0.112188 0.118581 0.098740 0.014537 0.114617 0.065446 0.041639 0.084740 0.111702 0.077900 0.108667 0.123782 0.025586 0.119350 0.033237 0.135939 0.132808 0.140864 0.142996 0.155881 0.124395 0.148077 0.133235 0.147208 0.117860 0.111019 0.097609 0.141602 0.115330 0.120519 0.111710 0.160916 0.131420 0.128330 0.156507 0.131158 0.088534 0.131675 0.100717 0.111509 0.121544 0.086345 0.109114 0.101046 0.112886 0.136461 0.107583 0.083407 0.125988 0.142754 0.083420 0.111343 0.069234 0.134494
107000.005082 11.213751 0.118902 0.097395 0.113391 0.056852 0.037764 0.079313 0.111858 0.116799 0.104975 0.014976 0.118601 0.055316 0.032385 0.076293 0.117677 0.084076 0.103050 0.127124 0.025123 0.119863 0.033963 0.133596 0.133578 0.144944 0.139423 0.151241 0.122829 0.141714 0.128049 0.147569 0.114845 0.118659 0.104991 0.145824 0.116490 0.124429 0.116871 0.160935 0.134306 0.134440 0.156506 0.127732 0.094886 0.137037 0.105955 0.119776 0.127666 0.095268 0.112005 0.101774 0.109428 0.136526 0.110215 0.088342 0.129899 0.144587 0.074896 0.111131 0.076803 0.139609
108000.005130 5.876921 0.117173 0.091613 0.111180 0.047460 0.026142 0.069439 0.113819 0.120700 0.098904 0.010842 0.114549 0.066635 0.044168 0.087425 0.111914 0.078306 0.110195 0.125358 0.027436 0.120288 0.037792 0.136671 0.133549 0.141512 0.144083 0.157157 0.124391 0.150060 0.134321 0.147601 0.118763 0.110076 0.096101 0.141088 0.114464 0.119375 0.110417 0.161121 0.131411 0.127593 0.156880 0.131733 0.087225 0.130524 0.098990 0.110641 0.121001 0.084555 0.108310 0.100305 0.113633 0.136285 0.106649 0.081233 0.125516 0.142989 0.085324 0.111936 0.067363 0.134432
109000.005177 5.654206 0.117825 0.092266 0.111326 0.048040 0.027226 0.070411 0.113712 0.120189 0.099370 0.010634 0.114497 0.065135 0.042798 0.085947 0.112714 0.078648 0.109441 0.125678 0.026953 0.120448 0.037403 0.137039 0.134469 0.142420 0.143953 0.156350 0.125043 0.148642 0.133304 0.148038 0.118889 0.111691 0.097784 0.141643 0.114097 0.119524 0.111352 0.161510 0.132517 0.129032 0.156947 0.131435 0.088820 0.131239 0.100084 0.112082 0.122030 0.086952 0.108124 0.100726 0.113727 0.137184 0.106879 0.082938 0.125930 0.143793 0.083806 0.112387 0.069268 0.135681
110000.005225 3.779827 0.117625 0.092460 0.110630 0.048431 0.027667 0.071456 0.113276 0.119416 0.098994 0.008695 0.113692 0.063993 0.042241 0.085553 0.113019 0.077846 0.108466 0.125334 0.027045 0.119590 0.040624 0.137866 0.135132 0.143183 0.144542 0.156175 0.125607 0.147976 0.132600 0.148627 0.120415 0.113384 0.099557 0.141984 0.113084 0.119197 0.112039 0.161167 0.133243 0.130260 0.156697 0.131739 0.091273 0.131700 0.101603 0.114273 0.123032 0.089447 0.107169 0.101643 0.114531 0.137662 0.107028 0.084520 0.125987 0.144627 0.082201 0.112462 0.072081 0.136369
111000.005272 6.044079 0.118547 0.093992 0.113458 0.050290 0.029530 0.073210 0.114211 0.121967 0.102305 0.010995 0.117506 0.064998 0.041376 0.085726 0.114631 0.081049 0.109867 0.127863 0.027052 0.121726 0.034569 0.134562 0.132159 0.140385 0.142317 0.156809 0.122765 0.148989 0.133477 0.145920 0.116398 0.109982 0.095445 0.140540 0.114344 0.119544 0.109681 0.158797 0.130640 0.127476 0.156580 0.130577 0.086126 0.130608 0.097891 0.110583 0.120359 0.084522 0.109318 0.098674 0.111044 0.134549 0.106330 0.079301 0.124656 0.141567 0.084612 0.111845 0.065791 0.133592
112000.005320 7.720499 0.120125 0.097073 0.114223 0.055386 0.037729 0.078849 0.113168 0.118796 0.105286 0.012426 0.118853 0.057426 0.035056 0.078633 0.118555 0.083459 0.104813 0.129201 0.029251 0.121231 0.034407 0.133159 0.133725 0.143958 0.138589 0.151108 0.122801 0.141235 0.127068 0.146546 0.114349 0.116756 0.102193 0.143300 0.113072 0.121146 0.113538 0.159323 0.133662 0.132904 0.155384 0.126774 0.092058 0.134263 0.102510 0.117375 0.125100 0.092988 0.109319 0.098700 0.108103 0.135605 0.107059 0.084930 0.126404 0.143772 0.077934 0.112133 0.074287 0.138381
113000.005367 9.809791 0.117883 0.090164 0.110495 0.045517 0.026437 0.068375 0.114292 0.121451 0.097519 0.014007 0.113063 0.068964 0.046952 0.089577 0.112304 0.076103 0.111483 0.126511 0.034808 0.119441 0.042187 0.137946 0.135701 0.142036 0.144328 0.155756 0.126609 0.146410 0.132035 0.147896 0.120532 0.109960 0.095535 0.139060 0.109706 0.116405 0.109034 0.159457 0.131760 0.127867 0.155371 0.131683 0.088627 0.128493 0.097811 0.110338 0.119539 0.086925 0.105506 0.099694 0.113850 0.136306 0.104103 0.081158 0.122189 0.143945 0.087036 0.113830 0.069479 0.134343
114000.005415 15.331996 0.120761 0.097391 0.116919 0.054252 0.033087 0.076041 0.116319 0.123860 0.106298 0.017511 0.121654 0.065001 0.040133 0.085078 0.117783 0.085697 0.110723 0.130211 0.027412 0.124394 0.028710 0.132989 0.132187 0.141761 0.140412 0.155845 0.123041 0.147378 0.131894 0.146630 0.113358 0.111123 0.095246 0.142586 0.115616 0.121323 0.110761 0.161158 0.131922 0.129384 0.158230 0.128368 0.083873 0.132314 0.096997 0.110161 0.121664 0.083770 0.110970 0.096314 0.107738 0.135307 0.105893 0.078279 0.125950 0.141937 0.085385 0.113543 0.064296 0.135682
115000.005462 10.516429 0.117351 0.095709 0.111319 0.055328 0.035980 0.077170 0.110924 0.115242 0.102570 0.014503 0.116021 0.056008 0.033697 0.076663 0.115779 0.081829 0.102616 0.125082 0.024749 0.118252 0.034947 0.132697 0.132791 0.143918 0.138150 0.149085 0.122621 0.139969 0.125868 0.146491 0.114306 0.117918 0.104070 0.144273 0.114002 0.122004 0.115501 0.159757 0.133434 0.133608 0.154024 0.125895 0.093939 0.135272 0.104665 0.118582 0.126507 0.094455 0.108989 0.100313 0.108759 0.135886 0.107888 0.088151 0.128415 0.143295 0.074828 0.110481 0.076571 0.138811
116000.005510 6.246146 0.118258 0.096411 0.113316 0.055742 0.035482 0.078313 0.111889 0.118188 0.104054 0.011177 0.117668 0.057263 0.033857 0.078907 0.116455 0.083648 0.104016 0.127386 0.026481 0.118935 0.035777 0.131404 0.130988 0.141926 0.138287 0.152150 0.120092 0.143699 0.128937 0.144718 0.113163 0.114011 0.099801 0.142213 0.114330 0.121367 0.112354 0.157722 0.130808 0.130077 0.155151 0.126845 0.090214 0.132851 0.100992 0.115187 0.123450 0.090341 0.110291 0.098653 0.107399 0.133013 0.107172 0.082676 0.126541 0.141412 0.076558 0.109838 0.071439 0.135659
117000.005557 16.114614 0.113924 0.087357 0.110006 0.043292 0.025754 0.065188 0.112986 0.122366 0.096452 0.017953 0.114548 0.074873 0.049639 0.093195 0.108271 0.075607 0.114252 0.124008 0.032521 0.119638 0.034349 0.135990 0.130281 0.136334 0.145098 0.160763 0.123332 0.155831 0.139913 0.145098 0.118601 0.102779 0.089597 0.137814 0.116332 0.118788 0.106523 0.159048 0.126552 0.121003 0.156547 0.134668 0.081195 0.127363 0.095075 0.103407 0.115716 0.076257 0.110137 0.100187 0.114737 0.133326 0.106751 0.076656 0.122874 0.139298 0.092861 0.110771 0.060060 0.128445
118000.005605 4.802801 0.118803 0.094844 0.113302 0.052656 0.034500 0.075763 0.112913 0.119472 0.103182 0.009801 0.117617 0.060587 0.037548 0.081469 0.116088 0.081887 0.106555 0.128064 0.028466 0.120595 0.033459 0.132978 0.132370 0.141848 0.139359 0.153117 0.122005 0.144514 0.129593 0.145484 0.114279 0.112897 0.098476 0.141245 0.113104 0.119917 0.111070 0.158585 0.131473 0.129519 0.155198 0.127677 0.088710 0.131790 0.099758 0.113589 0.122190 0.088677 0.108889 0.097956 0.108608 0.134310 0.106015 0.081888 0.124998 0.142183 0.080441 0.111240 0.070125 0.135648
119000.005652 7.355117 0.116213 0.087760 0.109962 0.042131 0.028337 0.067003 0.113004 0.121999 0.097248 0.012129 0.113704 0.071812 0.049288 0.091571 0.110814 0.074577 0.112304 0.126471 0.036796 0.120004 0.039458 0.136764 0.132698 0.137584 0.143781 0.158204 0.123872 0.151703 0.136080 0.144767 0.119797 0.104590 0.090635 0.135531 0.110440 0.114827 0.104616 0.156228 0.128245 0.122781 0.153944 0.133134 0.084095 0.125509 0.094686 0.106113 0.115019 0.080460 0.105733 0.098430 0.113908 0.133595 0.103690 0.075860 0.118829 0.141116 0.091007 0.111842 0.063669 0.129733
120000.005700 9.847426 0.118357 0.090511 0.109803 0.044763 0.023774 0.067205 0.115041 0.120405 0.096384 0.014034 0.111834 0.067916 0.047000 0.088593 0.112032 0.074546 0.111536 0.125259 0.031845 0.120140 0.042921 0.141191 0.138849 0.144973 0.146591 0.155356 0.129771 0.144908 0.131453 0.151289 0.123581 0.113822 0.100071 0.142283 0.111422 0.118212 0.112656 0.163039 0.135378 0.131243 0.157273 0.133171 0.092496 0.131620 0.101952 0.113800 0.123246 0.090304 0.105677 0.102861 0.117046 0.140434 0.106397 0.086415 0.125566 0.147130 0.085678 0.115433 0.073647 0.137783
