#! FIELDS time restraint.bias r0 r1 r2 r3 r4 r5 r6 r7 r8 r9 r10 r11 r12 r13 r14 r15 r16 r17 r18 r19 r20 r21 r22 r23 r24 r25 r26 r27 r28 r29 r30 r31 r32 r33 r34 r35 r36 r37 r38 r39 r40 r41 r42 r43 r44 r45 r46 r47 r48 r49 r50 r51 r52 r53 r54 r55 r56 r57 r58 r59
0.000000 0.000000 0.150207 0.161429 0.154718 0.155593 0.143209 0.166054 0.132693 0.133602 0.166638 0.129974 0.155407 0.105197 0.116673 0.107585 0.169087 0.160470 0.116890 0.161856 0.129860 0.144084 0.128550 0.063344 0.097657 0.106609 0.040777 0.049212 0.090878 0.034935 0.000000 0.072842 0.068810 0.139302 0.133347 0.111100 0.096383 0.115887 0.119645 0.067406 0.110610 0.131217 0.082879 0.030390 0.126400 0.122945 0.116459 0.142803 0.124230 0.147199 0.104640 0.083154 0.058049 0.085060 0.094393 0.123721 0.116704 0.091783 0.103793 0.124142 0.137537 0.119395
1000.000047 4.484400 0.153667 0.164685 0.156812 0.158131 0.145403 0.168517 0.135854 0.135087 0.168520 0.132581 0.155822 0.106604 0.119431 0.109330 0.172142 0.162475 0.118719 0.163846 0.132324 0.146571 0.132377 0.068187 0.102058 0.109386 0.044816 0.047695 0.095949 0.035969 0.009470 0.075127 0.073858 0.143055 0.137268 0.111722 0.097490 0.116450 0.122034 0.068327 0.114547 0.134755 0.081980 0.034267 0.130306 0.123994 0.119497 0.145809 0.126700 0.151792 0.105080 0.086730 0.064274 0.089142 0.096566 0.128159 0.117590 0.094193 0.104069 0.128253 0.142263 0.122744
2000.000095 8.059102 0.149189 0.161691 0.154853 0.160512 0.148213 0.170642 0.131813 0.133460 0.168795 0.135146 0.157181 0.108968 0.121789 0.110600 0.168712 0.164195 0.118191 0.161923 0.135763 0.143490 0.135108 0.063267 0.096295 0.103307 0.038831 0.044437 0.089524 0.027359 0.012696 0.069053 0.072407 0.138852 0.136936 0.109185 0.102324 0.120911 0.122768 0.060541 0.107914 0.128411 0.079106 0.036432 0.132817 0.123928 0.122582 0.145790 0.124139 0.151226 0.111127 0.091306 0.063521 0.082386 0.101314 0.129386 0.118851 0.090273 0.106969 0.123283 0.143339 0.115885
3000.000142 9.963141 0.152523 0.163524 0.158924 0.156877 0.145514 0.168437 0.134257 0.138296 0.170625 0.131161 0.160943 0.109519 0.117842 0.111169 0.172335 0.163147 0.120398 0.166551 0.131761 0.147979 0.126191 0.063296 0.098586 0.109707 0.039181 0.057965 0.090168 0.042012 0.014116 0.076201 0.065240 0.140250 0.132147 0.115574 0.093948 0.115632 0.119072 0.072589 0.112676 0.133425 0.090430 0.029299 0.122666 0.125659 0.113715 0.142357 0.126074 0.145190 0.103469 0.077173 0.050858 0.086692 0.091060 0.120156 0.117322 0.095415 0.109094 0.125077 0.134568 0.122249
4000.000190 8.020326 0.152274 0.162059 0.155122 0.155573 0.143495 0.165530 0.134691 0.134128 0.165711 0.130162 0.153422 0.105531 0.116921 0.108075 0.169856 0.160005 0.117645 0.162153 0.129497 0.145456 0.128142 0.066974 0.100950 0.109284 0.045069 0.051016 0.094906 0.042381 0.012665 0.075576 0.069735 0.140407 0.132646 0.110691 0.094010 0.112084 0.117524 0.072602 0.113931 0.133387 0.083599 0.029249 0.124019 0.120774 0.113652 0.141058 0.124188 0.146620 0.100965 0.080390 0.059839 0.089379 0.091331 0.122840 0.114835 0.092891 0.102727 0.126714 0.136487 0.122691
5000.000237 7.002957 0.147432 0.158836 0.152410 0.157985 0.146838 0.167327 0.129078 0.131734 0.166755 0.133526 0.154908 0.107825 0.119410 0.107714 0.167055 0.161717 0.115114 0.160360 0.132956 0.141771 0.129857 0.061799 0.095442 0.103604 0.038184 0.045706 0.088126 0.032571 0.011835 0.069291 0.067867 0.137146 0.132949 0.108352 0.098728 0.116608 0.119389 0.063131 0.107439 0.128872 0.079723 0.032022 0.127667 0.121823 0.117409 0.142379 0.122334 0.147579 0.107327 0.085765 0.060150 0.081204 0.097091 0.124075 0.114558 0.089446 0.106086 0.121050 0.138454 0.116413
6000.000285 6.386305 0.150738 0.162574 0.155816 0.156874 0.143723 0.166725 0.133768 0.134911 0.167376 0.130811 0.155721 0.106055 0.116641 0.108528 0.169482 0.162332 0.117644 0.162015 0.129312 0.144701 0.127700 0.061688 0.096518 0.107215 0.042151 0.052378 0.090910 0.042542 0.011302 0.073302 0.065314 0.139393 0.132263 0.112395 0.096988 0.115317 0.119073 0.072688 0.110510 0.131463 0.085825 0.024701 0.123262 0.122381 0.113840 0.140720 0.124816 0.145710 0.104067 0.080069 0.056118 0.085284 0.092832 0.122387 0.117829 0.089506 0.103981 0.124485 0.135637 0.120314
7000.000332 8.639521 0.148261 0.161699 0.155463 0.163950 0.152473 0.173095 0.130248 0.134509 0.171309 0.138490 0.159716 0.111821 0.123445 0.111561 0.168897 0.167471 0.117252 0.162907 0.138069 0.143087 0.134338 0.058372 0.093319 0.103372 0.034171 0.047688 0.085505 0.032424 0.013145 0.067771 0.066109 0.138686 0.135960 0.111051 0.103539 0.122080 0.122784 0.062404 0.106128 0.128322 0.082307 0.030383 0.130505 0.125208 0.120924 0.145418 0.125030 0.149949 0.113069 0.088282 0.058596 0.078843 0.101264 0.126944 0.119608 0.088306 0.110366 0.120890 0.141497 0.115922
8000.000380 12.716106 0.152036 0.163153 0.153681 0.156637 0.143856 0.167080 0.134167 0.131182 0.166276 0.131194 0.152954 0.103165 0.118077 0.105991 0.170385 0.160263 0.115537 0.161056 0.131409 0.143691 0.133890 0.071527 0.103465 0.108597 0.047728 0.043329 0.097794 0.029732 0.015947 0.075103 0.079644 0.143653 0.140158 0.109708 0.100697 0.118918 0.124442 0.063219 0.114544 0.134455 0.077033 0.042084 0.135963 0.124408 0.124619 0.148835 0.126586 0.155355 0.108241 0.094016 0.071239 0.089585 0.101790 0.132672 0.117657 0.095485 0.100740 0.128049 0.146771 0.121585
9000.000427 6.320225 0.145274 0.157946 0.150679 0.160313 0.148956 0.168500 0.127909 0.129555 0.165547 0.135713 0.153303 0.107824 0.120900 0.107749 0.164754 0.162187 0.114108 0.157748 0.134861 0.139630 0.133339 0.058671 0.091864 0.099081 0.035403 0.040047 0.085930 0.026972 0.011243 0.064321 0.068265 0.134902 0.133179 0.104940 0.102987 0.118559 0.119302 0.058264 0.103815 0.124874 0.074732 0.031485 0.129788 0.120039 0.119674 0.142016 0.120164 0.147796 0.110963 0.090064 0.062448 0.078197 0.100750 0.126437 0.115176 0.084787 0.105043 0.119278 0.140266 0.112086
10000.000475 11.536672 0.145924 0.158753 0.152312 0.161777 0.150111 0.170528 0.128061 0.132072 0.168480 0.136864 0.156693 0.109695 0.122462 0.109345 0.166043 0.164657 0.114879 0.160464 0.136927 0.140329 0.134529 0.058770 0.092734 0.101310 0.036117 0.044001 0.084176 0.026840 0.015190 0.066113 0.068528 0.136338 0.134880 0.108294 0.103966 0.121496 0.121887 0.058141 0.104022 0.126065 0.078673 0.035757 0.131701 0.123463 0.121485 0.144693 0.122846 0.149287 0.113610 0.091140 0.061997 0.076601 0.102696 0.126768 0.117708 0.087070 0.108933 0.118865 0.141365 0.113215
11000.000522 2.767457 0.152067 0.162638 0.155404 0.156590 0.144446 0.167013 0.134164 0.134067 0.167143 0.131265 0.155272 0.105574 0.118245 0.108168 0.170337 0.161101 0.117503 0.162756 0.131224 0.145076 0.130929 0.066485 0.100474 0.108356 0.043368 0.047640 0.093702 0.034667 0.007440 0.074048 0.072302 0.141001 0.135220 0.110630 0.096733 0.116088 0.120712 0.067115 0.112648 0.132751 0.081587 0.032900 0.129101 0.122950 0.118295 0.144550 0.125046 0.149830 0.105197 0.085771 0.062025 0.087207 0.095806 0.126027 0.116684 0.093644 0.103850 0.126187 0.140110 0.121096
12000.000570 6.683497 0.154666 0.164188 0.156673 0.154019 0.141747 0.165410 0.136575 0.135487 0.167157 0.129080 0.155588 0.104267 0.117443 0.107952 0.172561 0.158813 0.118790 0.164603 0.129734 0.147280 0.130865 0.070949 0.104560 0.111607 0.048053 0.049254 0.097462 0.034450 0.011562 0.077957 0.076901 0.143684 0.137163 0.112660 0.095518 0.116207 0.122587 0.068172 0.116248 0.136289 0.082860 0.038979 0.131367 0.125049 0.120003 0.147077 0.127187 0.152044 0.104206 0.087570 0.065410 0.090547 0.096297 0.127490 0.117202 0.097817 0.103542 0.129287 0.141797 0.124138
13000.000617 6.071450 0.146852 0.159651 0.153492 0.159293 0.147242 0.168222 0.129551 0.132901 0.167515 0.134023 0.156297 0.108236 0.119409 0.108776 0.166573 0.163256 0.116209 0.160275 0.132723 0.141958 0.130081 0.056897 0.091690 0.101735 0.036063 0.047379 0.085170 0.034948 0.011019 0.067146 0.063676 0.135844 0.131749 0.109224 0.100986 0.118241 0.119272 0.065047 0.104864 0.126746 0.081581 0.026844 0.125708 0.122060 0.116418 0.140954 0.122216 0.145482 0.109149 0.084550 0.056401 0.078724 0.097236 0.123098 0.117226 0.085683 0.106544 0.119824 0.136490 0.114669
14000.000665 6.002484 0.149341 0.160726 0.153440 0.158215 0.146810 0.167863 0.131668 0.131796 0.166155 0.133436 0.154118 0.107359 0.119215 0.108314 0.168336 0.161183 0.116644 0.160387 0.132795 0.143258 0.130905 0.063779 0.096936 0.104063 0.039361 0.045081 0.091711 0.033143 0.010957 0.070264 0.070346 0.138302 0.133839 0.107854 0.098506 0.115916 0.119111 0.064372 0.109742 0.129902 0.078470 0.031467 0.128144 0.121223 0.118034 0.142589 0.122309 0.148473 0.106151 0.086226 0.061498 0.085026 0.096626 0.125851 0.114751 0.090212 0.103833 0.124022 0.139764 0.117494
15000.000712 3.563251 0.150374 0.162430 0.154687 0.159989 0.147633 0.169728 0.132457 0.132938 0.168302 0.134295 0.155789 0.106833 0.120088 0.108355 0.169449 0.163600 0.116521 0.161801 0.133732 0.143722 0.133280 0.063559 0.097617 0.105551 0.040500 0.044404 0.091163 0.031641 0.008442 0.070555 0.070980 0.140305 0.136379 0.109541 0.100949 0.118769 0.121930 0.064114 0.110017 0.130983 0.079257 0.032409 0.131070 0.123317 0.120565 0.145381 0.124777 0.151004 0.109136 0.088869 0.063038 0.084175 0.099486 0.128092 0.117878 0.090369 0.104508 0.124191 0.141966 0.118622
16000.000760 4.689572 0.149669 0.162894 0.156118 0.162025 0.149285 0.171770 0.132181 0.134656 0.170249 0.136179 0.158416 0.109529 0.121534 0.110687 0.169909 0.165891 0.118169 0.163046 0.135560 0.143841 0.133813 0.059724 0.094771 0.104047 0.037079 0.046193 0.088600 0.031281 0.009685 0.068717 0.067790 0.139326 0.135997 0.110715 0.102201 0.120668 0.122329 0.063401 0.107550 0.129281 0.081343 0.031094 0.130330 0.124528 0.120454 0.144917 0.124852 0.150299 0.111180 0.088364 0.059954 0.081031 0.100095 0.127638 0.119208 0.088384 0.107277 0.123192 0.141564 0.116776
17000.000807 7.939869 0.147188 0.160815 0.153226 0.163585 0.151431 0.171972 0.129410 0.131585 0.168983 0.138201 0.156167 0.109406 0.122687 0.109189 0.167448 0.165889 0.115312 0.160172 0.136853 0.141132 0.135343 0.058940 0.093097 0.101428 0.036233 0.041448 0.087146 0.029184 0.012601 0.065673 0.068268 0.138140 0.136327 0.107892 0.105101 0.121423 0.122477 0.060024 0.105410 0.127575 0.077174 0.031693 0.132181 0.123110 0.122084 0.145005 0.123446 0.151094 0.113520 0.091563 0.063218 0.078808 0.103046 0.129063 0.118139 0.085841 0.106579 0.120887 0.143023 0.114559
18000.000855 3.838738 0.151715 0.163862 0.156554 0.158823 0.146130 0.169932 0.133478 0.134821 0.170123 0.132966 0.158309 0.106747 0.119661 0.108950 0.171373 0.163755 0.117765 0.164158 0.133497 0.145134 0.133052 0.065323 0.099609 0.107788 0.041351 0.047055 0.091848 0.029462 0.008762 0.072977 0.072840 0.142317 0.138389 0.112507 0.100336 0.120556 0.124289 0.063817 0.111628 0.132930 0.082055 0.036637 0.132942 0.126520 0.122457 0.147999 0.127262 0.152764 0.109624 0.089687 0.062981 0.085077 0.100192 0.129097 0.119747 0.093769 0.105696 0.125349 0.143366 0.120266
19000.000902 11.412283 0.152813 0.162858 0.154121 0.157133 0.145205 0.167274 0.134665 0.132142 0.166378 0.132030 0.152947 0.104632 0.119456 0.107334 0.170650 0.160372 0.116230 0.162206 0.132939 0.144493 0.134376 0.072294 0.104710 0.109598 0.047365 0.044202 0.097887 0.030951 0.015108 0.075685 0.079370 0.143335 0.139104 0.109145 0.098515 0.116771 0.122575 0.063704 0.115367 0.134529 0.077400 0.041436 0.134540 0.123296 0.122859 0.147984 0.125999 0.154170 0.106480 0.092012 0.070406 0.090288 0.099803 0.130964 0.116045 0.096454 0.102391 0.128392 0.145576 0.122471
20000.000950 10.173230 0.143717 0.156592 0.150994 0.159193 0.149184 0.168098 0.125724 0.130351 0.166200 0.134779 0.155629 0.109206 0.118829 0.107610 0.164174 0.162191 0.113674 0.158202 0.133542 0.139139 0.127819 0.053267 0.088262 0.099221 0.029781 0.047426 0.081483 0.034498 0.014264 0.064334 0.059876 0.133222 0.129631 0.107650 0.101031 0.118054 0.117388 0.062799 0.102112 0.124290 0.080593 0.024145 0.123853 0.120999 0.115212 0.139311 0.119915 0.143525 0.110056 0.083050 0.052288 0.075933 0.097008 0.120806 0.115196 0.084228 0.106753 0.116317 0.134518 0.111911
21000.000997 7.922704 0.147349 0.159129 0.152929 0.159975 0.149985 0.169346 0.129028 0.131769 0.167457 0.135217 0.156087 0.108861 0.120341 0.108502 0.167179 0.162582 0.115161 0.160938 0.135240 0.142067 0.131017 0.059536 0.094015 0.102687 0.033892 0.046350 0.086453 0.031272 0.012588 0.067764 0.066382 0.136681 0.133069 0.107992 0.100628 0.118025 0.118902 0.061604 0.106772 0.127696 0.079217 0.030222 0.127883 0.122263 0.118342 0.143004 0.121916 0.147120 0.109756 0.086179 0.058096 0.080710 0.098541 0.124203 0.115250 0.088905 0.106744 0.120405 0.138570 0.115465
22000.001045 4.487352 0.145318 0.157759 0.151610 0.158559 0.147273 0.167402 0.127747 0.131170 0.166150 0.133875 0.154836 0.108116 0.119236 0.107968 0.165136 0.162014 0.114690 0.158854 0.132955 0.140292 0.129668 0.056946 0.091145 0.100521 0.034238 0.045589 0.084297 0.032230 0.009473 0.066079 0.064037 0.134591 0.130998 0.107450 0.100005 0.117271 0.118255 0.062466 0.103888 0.125537 0.079587 0.027221 0.125730 0.120734 0.116102 0.140326 0.120698 0.145089 0.108496 0.084630 0.056606 0.077677 0.096910 0.122498 0.115301 0.085477 0.106280 0.118547 0.136421 0.113245
23000.001092 3.940446 0.153670 0.164064 0.157994 0.154995 0.142137 0.166170 0.136178 0.137380 0.168049 0.129417 0.157069 0.106554 0.117301 0.110191 0.172053 0.160770 0.120287 0.165291 0.129922 0.147262 0.128863 0.066609 0.101193 0.110476 0.044334 0.053385 0.093926 0.039251 0.008877 0.076722 0.070311 0.141498 0.133790 0.113819 0.093452 0.114496 0.119840 0.071717 0.113815 0.133914 0.087001 0.032021 0.125470 0.123848 0.114984 0.142986 0.126263 0.147587 0.102060 0.080870 0.057867 0.088143 0.091698 0.123126 0.117587 0.094867 0.105558 0.127502 0.137119 0.122956
24000.001140 7.602489 0.153034 0.162344 0.154149 0.154436 0.141956 0.164589 0.135507 0.132602 0.164282 0.129131 0.151587 0.103222 0.116577 0.106762 0.169885 0.158202 0.117034 0.161263 0.128958 0.145027 0.130338 0.070959 0.103866 0.110142 0.048028 0.047734 0.098203 0.038056 0.012331 0.076758 0.075630 0.142304 0.135607 0.109994 0.094888 0.113154 0.119690 0.070128 0.115839 0.134708 0.080603 0.035450 0.128664 0.121463 0.117535 0.143930 0.125162 0.150063 0.101636 0.085653 0.065702 0.091751 0.094056 0.126884 0.115502 0.095198 0.100153 0.128620 0.140378 0.123551
25000.001187 3.830153 0.149342 0.160991 0.154622 0.158599 0.147048 0.168759 0.130809 0.133534 0.168628 0.133161 0.157062 0.107558 0.118940 0.108148 0.169044 0.163035 0.116103 0.162503 0.132956 0.143471 0.129787 0.061703 0.096590 0.106020 0.038081 0.048334 0.088550 0.033986 0.008752 0.071122 0.067136 0.139187 0.134069 0.111008 0.098442 0.117593 0.120455 0.065500 0.109284 0.130888 0.082494 0.030689 0.127654 0.123872 0.117692 0.143886 0.124512 0.148272 0.107580 0.084513 0.057786 0.082686 0.096666 0.124169 0.116798 0.091151 0.106220 0.122291 0.138410 0.118735
26000.001235 4.453737 0.154741 0.165755 0.159554 0.159012 0.146992 0.170472 0.136266 0.138458 0.171784 0.133502 0.160431 0.109256 0.120992 0.111822 0.174038 0.164383 0.120841 0.167598 0.134531 0.148544 0.132615 0.066935 0.102014 0.110823 0.042331 0.051598 0.093458 0.034726 0.009438 0.075963 0.072293 0.143260 0.137113 0.114294 0.096644 0.118102 0.122735 0.067847 0.114364 0.135016 0.085798 0.035136 0.130266 0.126578 0.119515 0.147172 0.127947 0.151426 0.106597 0.085438 0.060261 0.087611 0.096415 0.126443 0.118889 0.096465 0.108696 0.127762 0.141309 0.123203
27000.001282 5.501127 0.152284 0.164326 0.157054 0.157376 0.144079 0.168236 0.134498 0.135927 0.169814 0.131697 0.157862 0.106385 0.118735 0.109083 0.171597 0.163253 0.118233 0.164196 0.131407 0.145500 0.131377 0.065522 0.099862 0.109225 0.044385 0.049953 0.092567 0.035943 0.010489 0.074844 0.071548 0.142428 0.136679 0.113777 0.098237 0.118658 0.123411 0.068379 0.112245 0.133813 0.084789 0.034607 0.130028 0.125767 0.119370 0.146131 0.127616 0.151052 0.107023 0.086453 0.061554 0.085645 0.097283 0.126686 0.119701 0.093447 0.105816 0.126022 0.140849 0.121665
28000.001330 15.087996 0.150746 0.163153 0.156092 0.164365 0.152012 0.174496 0.132354 0.134508 0.171894 0.138900 0.159126 0.111025 0.125159 0.111743 0.171009 0.167368 0.118448 0.164363 0.139676 0.144563 0.139008 0.065384 0.098850 0.104841 0.039969 0.042146 0.091223 0.023322 0.017371 0.069451 0.075522 0.141276 0.140463 0.109527 0.105272 0.123445 0.125390 0.057178 0.109591 0.130707 0.077591 0.041584 0.137722 0.126196 0.126731 0.149738 0.125968 0.155621 0.115092 0.096253 0.068541 0.082672 0.106082 0.133032 0.118940 0.092008 0.109069 0.124692 0.148027 0.117312
29000.001377 3.790297 0.146544 0.159239 0.153007 0.159363 0.147674 0.168847 0.128642 0.132070 0.167786 0.134099 0.156457 0.108337 0.119573 0.108493 0.166772 0.163156 0.115461 0.160478 0.133826 0.141352 0.130537 0.058796 0.093087 0.102280 0.034486 0.046564 0.085669 0.030713 0.008707 0.067680 0.065755 0.136888 0.133529 0.109484 0.100397 0.118875 0.120307 0.062137 0.105670 0.127419 0.080875 0.030398 0.127832 0.123202 0.118358 0.142865 0.122967 0.147354 0.109299 0.085915 0.057385 0.079242 0.098106 0.124612 0.116998 0.088020 0.106670 0.119907 0.138650 0.115019
30000.001425 12.239580 0.146073 0.157989 0.151305 0.161323 0.151768 0.169177 0.128057 0.130408 0.166232 0.137581 0.153644 0.110116 0.122331 0.108930 0.165600 0.162632 0.114359 0.159062 0.136648 0.140497 0.132829 0.058722 0.092753 0.100422 0.034667 0.042423 0.086252 0.032869 0.015646 0.064921 0.065932 0.135236 0.132359 0.104930 0.101994 0.116749 0.117584 0.060850 0.104895 0.125772 0.076069 0.028938 0.127657 0.119371 0.117580 0.141134 0.120091 0.146891 0.110189 0.087465 0.061279 0.079035 0.099319 0.124719 0.113521 0.085043 0.106760 0.119558 0.138961 0.113685
31000.001472 4.202866 0.152965 0.163853 0.156443 0.157355 0.144987 0.168214 0.134659 0.135081 0.168955 0.131837 0.156732 0.106009 0.118994 0.108554 0.171823 0.162125 0.117748 0.164448 0.132360 0.145883 0.132022 0.067564 0.101824 0.109625 0.043943 0.048173 0.094110 0.032709 0.009168 0.075099 0.073739 0.142697 0.137192 0.112178 0.097616 0.117597 0.122568 0.066124 0.113693 0.134401 0.082293 0.036471 0.131233 0.125167 0.120265 0.146932 0.126862 0.151796 0.106549 0.087566 0.063601 0.087330 0.097619 0.127462 0.117779 0.095170 0.105083 0.126899 0.141982 0.122217
32000.001520 6.351110 0.146227 0.158687 0.152496 0.160379 0.149258 0.169020 0.128494 0.132007 0.167477 0.135805 0.155861 0.109334 0.121081 0.108975 0.166199 0.163508 0.115300 0.160018 0.134841 0.140911 0.131735 0.057333 0.091865 0.101127 0.035146 0.044585 0.084922 0.031506 0.011270 0.066056 0.065215 0.135367 0.132100 0.107421 0.101283 0.118415 0.119189 0.061458 0.104237 0.126096 0.079005 0.028868 0.127597 0.121284 0.117564 0.141701 0.121230 0.146717 0.110358 0.086676 0.058483 0.077485 0.098784 0.123830 0.115634 0.085858 0.107647 0.119311 0.138093 0.113637
33000.001567 4.524993 0.148801 0.162108 0.155766 0.160763 0.148201 0.170613 0.131333 0.134400 0.169586 0.134917 0.158273 0.109375 0.120101 0.110281 0.169130 0.165009 0.118040 0.162274 0.133974 0.143758 0.131065 0.058446 0.093471 0.103488 0.035553 0.048365 0.087438 0.034472 0.009513 0.068717 0.065003 0.138462 0.134323 0.111274 0.100755 0.119397 0.121116 0.065703 0.107139 0.128938 0.082995 0.027652 0.127283 0.124114 0.118097 0.143002 0.124415 0.148003 0.109258 0.085021 0.056396 0.081000 0.097613 0.125386 0.118813 0.087719 0.106835 0.122157 0.138928 0.116638
34000.001615 14.647848 0.149930 0.163225 0.156537 0.162743 0.150008 0.174029 0.131043 0.135220 0.173554 0.136642 0.161794 0.110018 0.122814 0.110612 0.171051 0.168184 0.117439 0.165167 0.137586 0.144012 0.135634 0.063973 0.098198 0.107069 0.039346 0.048451 0.088638 0.026964 0.017116 0.071820 0.072510 0.142983 0.141352 0.114514 0.105021 0.125917 0.128064 0.060503 0.109537 0.132412 0.083469 0.041307 0.136828 0.130426 0.126790 0.151496 0.129389 0.155511 0.115410 0.093897 0.064255 0.081435 0.105427 0.131862 0.122801 0.094028 0.110082 0.122919 0.146551 0.119006
35000.001662 6.138738 0.147943 0.159443 0.152495 0.158944 0.147980 0.167709 0.130303 0.131340 0.165849 0.134504 0.153466 0.108283 0.120050 0.108505 0.166879 0.161648 0.115881 0.159421 0.133329 0.142250 0.130700 0.061288 0.094894 0.102474 0.037957 0.044287 0.089398 0.035165 0.011080 0.068162 0.067361 0.136503 0.131988 0.106467 0.098645 0.114835 0.117430 0.064701 0.107742 0.128118 0.077918 0.027827 0.126050 0.119424 0.115927 0.140515 0.120878 0.146533 0.106088 0.084686 0.060082 0.082720 0.095795 0.123975 0.113733 0.087282 0.104743 0.122098 0.137820 0.116093
36000.001710 5.220306 0.152916 0.163007 0.156157 0.155183 0.143118 0.165978 0.134812 0.135433 0.167617 0.130194 0.155740 0.105939 0.117950 0.108683 0.171246 0.160415 0.118139 0.163967 0.130524 0.146258 0.129578 0.068257 0.102044 0.110125 0.044941 0.050707 0.094461 0.037085 0.010218 0.076423 0.072714 0.141662 0.134670 0.112182 0.094412 0.114621 0.120406 0.069151 0.114193 0.134440 0.083945 0.034442 0.127730 0.123575 0.116765 0.144345 0.125900 0.149072 0.102785 0.083643 0.061497 0.088340 0.093758 0.124326 0.116137 0.095529 0.105177 0.127010 0.138891 0.122811
37000.001757 5.086486 0.155064 0.164184 0.156739 0.153695 0.140921 0.164684 0.137516 0.135850 0.166382 0.128435 0.154559 0.103978 0.116552 0.108264 0.172325 0.159034 0.118973 0.164245 0.128653 0.147228 0.129727 0.070899 0.104716 0.112476 0.048665 0.051454 0.098313 0.038739 0.010086 0.078977 0.075495 0.143581 0.135810 0.113033 0.093693 0.114239 0.121097 0.071565 0.116849 0.136364 0.084619 0.035444 0.128598 0.123727 0.117357 0.145113 0.127007 0.150390 0.101576 0.084223 0.063787 0.091782 0.093299 0.125894 0.117056 0.097427 0.102826 0.130027 0.140007 0.125070
38000.001805 4.168022 0.151764 0.161674 0.154324 0.155570 0.143764 0.165962 0.134115 0.133017 0.165332 0.130430 0.153441 0.104885 0.117632 0.107710 0.169657 0.159094 0.117221 0.162012 0.130992 0.144687 0.130851 0.067517 0.100974 0.107633 0.043374 0.046727 0.094562 0.032716 0.009130 0.073893 0.073635 0.140286 0.134807 0.109098 0.096075 0.114736 0.119389 0.065812 0.112920 0.132126 0.079676 0.034729 0.128962 0.121787 0.118117 0.143911 0.123794 0.149247 0.104202 0.086220 0.063329 0.088048 0.095501 0.126107 0.115078 0.093675 0.102556 0.126531 0.140176 0.120473
39000.001852 4.377091 0.150615 0.161398 0.154329 0.155258 0.142994 0.165579 0.133449 0.133339 0.165677 0.130393 0.154097 0.105896 0.117999 0.108770 0.168949 0.159561 0.117906 0.161540 0.130989 0.144266 0.130668 0.066671 0.099376 0.105999 0.042281 0.047471 0.093126 0.032236 0.009356 0.072987 0.073118 0.139315 0.134594 0.109556 0.096711 0.115739 0.120066 0.065146 0.111107 0.130677 0.080643 0.035087 0.128737 0.122228 0.118308 0.143320 0.123752 0.148674 0.104236 0.086282 0.062844 0.086344 0.095436 0.126170 0.116178 0.092810 0.104034 0.125602 0.140071 0.118832
40000.001900 3.532015 0.147544 0.160164 0.152885 0.158033 0.145496 0.167359 0.130359 0.131404 0.166035 0.132156 0.154150 0.105475 0.117548 0.107052 0.166720 0.161852 0.114970 0.159312 0.131215 0.141352 0.130073 0.059834 0.094192 0.103455 0.038199 0.046537 0.088108 0.034582 0.008405 0.068971 0.066484 0.137661 0.133337 0.109198 0.099874 0.117427 0.119603 0.065702 0.107260 0.128202 0.080589 0.027797 0.126837 0.121766 0.117250 0.141953 0.123083 0.147020 0.107652 0.085174 0.058379 0.082008 0.096857 0.124795 0.117464 0.087358 0.102930 0.121472 0.138057 0.116464
41000.001947 6.700078 0.147235 0.158892 0.152343 0.159133 0.148057 0.168068 0.129414 0.132005 0.166917 0.134919 0.154954 0.108913 0.121172 0.109102 0.166577 0.162525 0.115627 0.160210 0.134764 0.141625 0.132308 0.061515 0.094684 0.102242 0.037465 0.044279 0.087306 0.030031 0.011576 0.067927 0.069203 0.136236 0.133154 0.107111 0.100037 0.117472 0.119545 0.060746 0.106196 0.127123 0.078262 0.032712 0.129014 0.121123 0.118481 0.142552 0.121618 0.147842 0.108610 0.087675 0.061712 0.079979 0.098447 0.125003 0.114962 0.088494 0.107502 0.120888 0.139672 0.114729
42000.001995 7.488514 0.149519 0.161130 0.154055 0.157880 0.146038 0.168119 0.131128 0.132976 0.168316 0.132960 0.156306 0.106863 0.119396 0.107784 0.169234 0.162349 0.115773 0.162119 0.132928 0.143094 0.131328 0.064527 0.098270 0.106329 0.041245 0.046611 0.090593 0.030938 0.012238 0.072062 0.071643 0.139931 0.135669 0.110428 0.099145 0.118479 0.122039 0.063027 0.110033 0.131506 0.080663 0.036222 0.130907 0.124322 0.120227 0.145706 0.124793 0.150562 0.108421 0.088343 0.062655 0.083368 0.098963 0.126454 0.116517 0.092617 0.105983 0.123410 0.141224 0.118667
43000.002042 8.403085 0.147898 0.160582 0.151888 0.160028 0.147238 0.168554 0.130632 0.129981 0.165781 0.134658 0.152192 0.105797 0.120004 0.107081 0.166756 0.162662 0.114201 0.158421 0.133568 0.140240 0.134391 0.063419 0.096406 0.103314 0.041539 0.040656 0.091153 0.031249 0.012964 0.068384 0.071915 0.138900 0.136246 0.106798 0.102187 0.118285 0.121273 0.062168 0.107834 0.128507 0.075877 0.033586 0.131738 0.120883 0.120922 0.143994 0.123125 0.151160 0.109646 0.091114 0.066159 0.082657 0.100677 0.129377 0.116832 0.087429 0.102317 0.122921 0.143063 0.116379
44000.002090 5.015915 0.149667 0.160717 0.152774 0.155678 0.143153 0.165859 0.131789 0.131015 0.165204 0.129843 0.152910 0.102920 0.116322 0.105277 0.168203 0.159367 0.114597 0.160286 0.129950 0.142515 0.130311 0.065980 0.099476 0.106652 0.042997 0.045254 0.092537 0.031365 0.010016 0.072614 0.072543 0.140484 0.135951 0.109561 0.098566 0.116742 0.121017 0.064756 0.111412 0.131738 0.079040 0.035635 0.130163 0.122932 0.119679 0.144884 0.124685 0.149991 0.106514 0.088117 0.063881 0.085998 0.097937 0.127212 0.116548 0.092014 0.100806 0.124195 0.140844 0.119634
45000.002137 5.936769 0.146674 0.158009 0.150499 0.155005 0.142777 0.163746 0.129726 0.129484 0.162624 0.130119 0.150447 0.103819 0.115840 0.105279 0.164739 0.158542 0.113793 0.156803 0.128343 0.140099 0.127779 0.061268 0.094554 0.102895 0.041282 0.045247 0.089741 0.037600 0.010897 0.069231 0.066928 0.135804 0.130463 0.106596 0.097360 0.113507 0.116714 0.067331 0.107276 0.127635 0.078628 0.026756 0.124111 0.118292 0.114082 0.138706 0.120468 0.144776 0.103994 0.083210 0.059658 0.083037 0.093898 0.122600 0.114019 0.086536 0.100536 0.121404 0.135550 0.116124
46000.002185 7.520981 0.146962 0.158681 0.151703 0.157854 0.146518 0.166482 0.129738 0.130453 0.164387 0.132842 0.152306 0.106383 0.117946 0.107139 0.165574 0.160636 0.114734 0.158282 0.131497 0.140890 0.129255 0.059523 0.093615 0.102211 0.037598 0.045710 0.088272 0.037161 0.012265 0.067692 0.065050 0.135816 0.131163 0.106674 0.099067 0.114756 0.116706 0.066317 0.106651 0.126865 0.078878 0.025081 0.124398 0.118983 0.114853 0.139282 0.120684 0.145014 0.106126 0.083424 0.058380 0.082134 0.095173 0.123188 0.114611 0.085808 0.102615 0.120980 0.136281 0.115624
47000.002232 10.154282 0.149351 0.161146 0.152498 0.159396 0.147107 0.168706 0.131693 0.130822 0.166457 0.134569 0.153153 0.106088 0.121008 0.107663 0.167938 0.162256 0.115197 0.159802 0.134457 0.141720 0.135844 0.066615 0.098829 0.104292 0.043183 0.039817 0.092842 0.026629 0.014251 0.069857 0.076192 0.139441 0.137260 0.106407 0.101925 0.118829 0.122188 0.059444 0.109467 0.129525 0.074611 0.038603 0.134570 0.121611 0.122997 0.145997 0.123219 0.152848 0.110124 0.093784 0.069051 0.084139 0.102070 0.130573 0.116200 0.090628 0.103671 0.124451 0.145014 0.116873
48000.002280 5.414326 0.147455 0.159563 0.153682 0.157075 0.145112 0.166873 0.129436 0.133210 0.167594 0.131665 0.156682 0.106771 0.117297 0.107329 0.167317 0.162207 0.115431 0.161112 0.130642 0.142315 0.127240 0.058404 0.093547 0.104394 0.037539 0.050088 0.085807 0.036741 0.010406 0.070003 0.063326 0.137043 0.131479 0.111120 0.098406 0.117183 0.119361 0.067187 0.106787 0.129034 0.083986 0.027356 0.124561 0.123124 0.115149 0.141348 0.123395 0.145222 0.107196 0.082094 0.054628 0.080042 0.095291 0.121385 0.116774 0.088478 0.106059 0.120098 0.135144 0.116983
49000.002327 6.175779 0.156422 0.166356 0.158318 0.155440 0.142350 0.166963 0.138542 0.136449 0.168263 0.129544 0.156222 0.104003 0.117579 0.108692 0.174100 0.160551 0.119644 0.165766 0.130397 0.148243 0.132369 0.072291 0.106235 0.113385 0.048793 0.050075 0.099466 0.035611 0.011114 0.079190 0.077977 0.146199 0.139728 0.114332 0.096578 0.117417 0.124243 0.069846 0.118113 0.137796 0.084079 0.038813 0.132764 0.126417 0.121602 0.148743 0.129494 0.154080 0.104750 0.088395 0.066526 0.092793 0.097109 0.130012 0.119771 0.098749 0.102550 0.131294 0.143936 0.126150
50000.002375 4.915288 0.154732 0.163763 0.157958 0.155045 0.143538 0.166337 0.136888 0.137453 0.167498 0.129963 0.156666 0.107303 0.118096 0.110647 0.172517 0.159940 0.120823 0.165707 0.130780 0.148590 0.128926 0.068202 0.102579 0.110950 0.044361 0.053327 0.095253 0.039453 0.009915 0.077449 0.071629 0.141159 0.132988 0.112357 0.091970 0.112782 0.118207 0.071604 0.115470 0.134481 0.085739 0.031801 0.125161 0.122606 0.114373 0.142784 0.125014 0.147147 0.100850 0.080236 0.058113 0.090328 0.090772 0.122327 0.115283 0.096425 0.106025 0.128506 0.136783 0.123610
51000.002422 5.632999 0.150833 0.162300 0.154605 0.157443 0.145051 0.167903 0.132782 0.132896 0.167556 0.132080 0.155251 0.105681 0.118705 0.107679 0.170001 0.161397 0.116536 0.162245 0.132351 0.143953 0.132019 0.066358 0.099929 0.106901 0.042170 0.045608 0.093100 0.029997 0.010614 0.072720 0.073530 0.141122 0.136903 0.110286 0.098931 0.117899 0.122118 0.063536 0.111736 0.132376 0.079732 0.036953 0.131579 0.124210 0.120931 0.146115 0.125313 0.151483 0.107406 0.089051 0.064300 0.085922 0.098746 0.128198 0.116944 0.093156 0.103684 0.125410 0.142445 0.119740
52000.002470 6.512606 0.152938 0.164875 0.157555 0.160054 0.147424 0.171145 0.134552 0.135643 0.170983 0.134161 0.158830 0.107631 0.121070 0.110002 0.172584 0.164523 0.118912 0.165352 0.134799 0.146355 0.134768 0.066741 0.100981 0.108565 0.042463 0.046599 0.093443 0.029500 0.011413 0.073523 0.074190 0.143286 0.139487 0.112435 0.100987 0.120890 0.124801 0.063745 0.112725 0.133847 0.081531 0.038039 0.134250 0.126846 0.123456 0.148999 0.127761 0.154099 0.110295 0.091136 0.064886 0.086112 0.101205 0.130471 0.119848 0.094466 0.106356 0.126722 0.144784 0.121232
53000.002517 3.924798 0.151251 0.162509 0.156604 0.157190 0.144887 0.167692 0.133325 0.136108 0.169076 0.131859 0.158134 0.107837 0.118839 0.109730 0.170443 0.162694 0.118812 0.164073 0.131592 0.145818 0.129415 0.062971 0.097699 0.107324 0.041197 0.050778 0.089991 0.036734 0.008860 0.073108 0.067917 0.139592 0.133508 0.112443 0.097088 0.116919 0.120595 0.068465 0.110419 0.131741 0.085078 0.030792 0.126565 0.124089 0.116468 0.143246 0.125197 0.147550 0.105821 0.083073 0.057630 0.084096 0.094896 0.123427 0.117621 0.092117 0.107316 0.124184 0.137410 0.119902
54000.002565 7.065600 0.157322 0.166999 0.160337 0.153035 0.139950 0.165269 0.139294 0.139471 0.169162 0.127700 0.158371 0.105133 0.116862 0.110038 0.175718 0.159199 0.121698 0.168229 0.128762 0.150297 0.129481 0.071726 0.106327 0.115042 0.049397 0.055078 0.098484 0.038756 0.011887 0.081401 0.075827 0.146287 0.137857 0.117341 0.093279 0.116130 0.123775 0.072857 0.118644 0.139203 0.088954 0.038826 0.129631 0.127842 0.118552 0.147724 0.130417 0.151899 0.102262 0.084167 0.062641 0.092211 0.093818 0.126381 0.119650 0.100156 0.105406 0.131456 0.140650 0.127430
55000.002612 3.212873 0.152225 0.163238 0.155508 0.156543 0.144011 0.167208 0.134181 0.133637 0.167395 0.130649 0.155111 0.104520 0.117206 0.107254 0.170819 0.161147 0.116717 0.162765 0.130621 0.144907 0.130353 0.067219 0.101281 0.109469 0.043706 0.048639 0.094579 0.035451 0.008016 0.075165 0.072429 0.142491 0.136414 0.111961 0.096871 0.116424 0.121548 0.068141 0.113850 0.134256 0.082332 0.033508 0.129361 0.124190 0.118857 0.145549 0.126462 0.150644 0.104935 0.085668 0.062081 0.088390 0.095986 0.126735 0.117590 0.094402 0.102499 0.126677 0.140724 0.122480
56000.002660 2.680082 0.152699 0.163563 0.156743 0.154976 0.142455 0.166520 0.134717 0.135204 0.167850 0.129128 0.156763 0.104815 0.116310 0.108035 0.171622 0.160393 0.118065 0.164205 0.129888 0.145877 0.128895 0.066923 0.101262 0.110156 0.042986 0.051533 0.093824 0.035069 0.007321 0.076257 0.071850 0.142451 0.135865 0.113755 0.095244 0.116589 0.121599 0.068691 0.114019 0.134390 0.085020 0.034416 0.128350 0.125444 0.118133 0.145490 0.127026 0.149687 0.104258 0.083986 0.059298 0.088294 0.094653 0.125367 0.118184 0.095840 0.103622 0.126799 0.139488 0.122667
57000.002707 11.984851 0.143268 0.156661 0.149038 0.162215 0.151529 0.169546 0.125713 0.127581 0.165050 0.138029 0.152206 0.108930 0.121982 0.107427 0.163311 0.162391 0.112446 0.155956 0.136651 0.137592 0.134158 0.056995 0.090002 0.097028 0.033056 0.037904 0.084583 0.026919 0.015482 0.061794 0.067137 0.134182 0.133413 0.103682 0.105012 0.119172 0.119101 0.056631 0.102236 0.123718 0.072805 0.031634 0.130232 0.119513 0.120399 0.141749 0.119445 0.148060 0.112828 0.091471 0.063027 0.076694 0.102552 0.127151 0.114627 0.082390 0.104743 0.117547 0.140920 0.110512
58000.002755 5.833552 0.147190 0.158865 0.151205 0.157834 0.146548 0.166838 0.129657 0.129482 0.164292 0.132740 0.152014 0.105446 0.117942 0.106217 0.165685 0.160327 0.113920 0.157781 0.131747 0.140730 0.130337 0.061427 0.094852 0.102643 0.038442 0.043663 0.089191 0.034086 0.010801 0.068293 0.068254 0.136747 0.132602 0.106403 0.099367 0.115534 0.117892 0.064494 0.107821 0.127874 0.077107 0.028306 0.126969 0.119502 0.117020 0.141184 0.121149 0.146875 0.106699 0.085816 0.060310 0.083479 0.096671 0.124771 0.114810 0.087496 0.101652 0.121394 0.138145 0.116021
59000.002802 10.650628 0.150277 0.160906 0.151745 0.155611 0.142779 0.164800 0.133299 0.130071 0.163155 0.130353 0.149708 0.102705 0.116953 0.105667 0.167080 0.158801 0.114644 0.157989 0.129410 0.141993 0.131741 0.068611 0.100738 0.106947 0.047388 0.044428 0.095775 0.037571 0.014595 0.073544 0.075048 0.140261 0.135044 0.107609 0.097731 0.114104 0.119505 0.068393 0.112691 0.131684 0.077648 0.034361 0.129223 0.119552 0.118096 0.142795 0.123502 0.149651 0.103827 0.087806 0.066835 0.089096 0.096110 0.127503 0.115809 0.091192 0.098955 0.125993 0.140678 0.120344
60000.002850 7.651380 0.150185 0.160039 0.151630 0.154667 0.142831 0.164118 0.133215 0.130158 0.162502 0.129813 0.149700 0.103415 0.116797 0.106255 0.167048 0.157581 0.115260 0.158343 0.129537 0.142500 0.130583 0.068607 0.100689 0.106528 0.045672 0.045423 0.095678 0.036668 0.012370 0.073681 0.074569 0.139173 0.133575 0.106846 0.095762 0.112601 0.117733 0.067629 0.112777 0.131156 0.077557 0.033333 0.127722 0.118777 0.116794 0.141830 0.122114 0.148109 0.102039 0.085805 0.065054 0.089502 0.094207 0.125842 0.113950 0.092175 0.099798 0.126081 0.139385 0.119880
61000.002897 1.753045 0.149101 0.161262 0.154815 0.157128 0.144983 0.167839 0.131040 0.133600 0.168437 0.131210 0.157451 0.106124 0.117393 0.107649 0.168908 0.162333 0.116083 0.162245 0.131353 0.143430 0.128865 0.061611 0.096343 0.106244 0.038121 0.050074 0.088164 0.033513 0.005921 0.072032 0.067341 0.139472 0.134269 0.112380 0.098144 0.118368 0.121197 0.066064 0.109371 0.130949 0.083955 0.031012 0.127559 0.124980 0.117994 0.144322 0.125313 0.147853 0.107240 0.084119 0.056443 0.083011 0.096318 0.123998 0.118303 0.091828 0.105434 0.122220 0.138056 0.118780
62000.002945 6.349339 0.150827 0.162712 0.157107 0.158882 0.147191 0.170025 0.132540 0.136446 0.170740 0.133357 0.160062 0.109297 0.120000 0.110745 0.170780 0.164355 0.118583 0.165072 0.134251 0.145340 0.130791 0.062275 0.097388 0.107543 0.038072 0.052001 0.088313 0.033994 0.011269 0.072870 0.068036 0.140000 0.134695 0.113343 0.097512 0.118815 0.121505 0.066089 0.110044 0.131283 0.085767 0.032702 0.128153 0.125704 0.118113 0.145033 0.125968 0.148581 0.108036 0.084171 0.056051 0.083060 0.096439 0.123952 0.118572 0.093254 0.109054 0.123392 0.138723 0.119450
63000.002992 1.825526 0.149170 0.161021 0.153641 0.157456 0.145042 0.167276 0.131843 0.132497 0.166657 0.132173 0.154514 0.106152 0.118733 0.108118 0.168103 0.161553 0.116137 0.160733 0.132153 0.142649 0.131543 0.063379 0.097021 0.104789 0.040163 0.045691 0.090373 0.031537 0.006042 0.070738 0.070630 0.138682 0.134416 0.109122 0.098444 0.116914 0.120231 0.064009 0.109133 0.129616 0.079834 0.032509 0.128898 0.122121 0.118456 0.143409 0.123525 0.148686 0.106569 0.086656 0.061421 0.083558 0.096916 0.125846 0.116634 0.090183 0.104276 0.123494 0.139969 0.117515
64000.003040 5.548894 0.152949 0.161871 0.154498 0.150817 0.138239 0.162074 0.135915 0.133517 0.163361 0.125639 0.152285 0.101865 0.114124 0.106513 0.169828 0.155631 0.117584 0.161664 0.126518 0.145214 0.127906 0.070494 0.103533 0.110678 0.048138 0.051059 0.097332 0.037442 0.010535 0.078202 0.075723 0.141667 0.134243 0.111771 0.092618 0.113149 0.119469 0.070659 0.115785 0.134515 0.083371 0.036535 0.127289 0.122428 0.116537 0.143519 0.125191 0.148256 0.100213 0.083637 0.062536 0.091740 0.092107 0.124612 0.116151 0.096801 0.100217 0.128532 0.138235 0.123266
65000.003087 6.030141 0.150108 0.160890 0.153571 0.157480 0.145986 0.166974 0.132296 0.132148 0.165818 0.132515 0.153252 0.106487 0.118565 0.107910 0.168526 0.161000 0.116151 0.160751 0.131967 0.143326 0.130272 0.065181 0.098675 0.106230 0.041350 0.046569 0.092721 0.036612 0.010982 0.071993 0.070094 0.139269 0.133831 0.108511 0.096943 0.114424 0.118627 0.066968 0.111058 0.130941 0.079835 0.030208 0.127031 0.120702 0.116594 0.142184 0.123175 0.148259 0.104374 0.084451 0.061637 0.086181 0.094960 0.125154 0.114687 0.091017 0.103289 0.124652 0.139157 0.119506
66000.003135 5.285783 0.153669 0.165256 0.159240 0.156192 0.143445 0.168310 0.135691 0.138005 0.170617 0.129850 0.160439 0.106421 0.117416 0.110028 0.173156 0.162521 0.120101 0.166656 0.130945 0.147948 0.129485 0.065491 0.100681 0.110968 0.042491 0.054820 0.091990 0.036534 0.010282 0.076887 0.070286 0.143221 0.136583 0.116478 0.096620 0.119019 0.123308 0.070274 0.113823 0.134815 0.088582 0.034126 0.128601 0.127918 0.118799 0.146750 0.128921 0.149712 0.106358 0.083771 0.057077 0.087393 0.095626 0.125177 0.121032 0.096241 0.106635 0.126543 0.139202 0.123196
67000.003182 4.355382 0.149762 0.161584 0.155005 0.158491 0.146701 0.168250 0.132171 0.133892 0.167725 0.133196 0.155924 0.108052 0.118880 0.109231 0.168990 0.162643 0.117262 0.161892 0.132469 0.143999 0.129487 0.061299 0.095959 0.105186 0.038130 0.049051 0.089773 0.037336 0.009333 0.070829 0.066301 0.138333 0.132590 0.110125 0.097463 0.115597 0.118554 0.067718 0.109367 0.130096 0.082477 0.026977 0.125095 0.121953 0.115442 0.141429 0.123313 0.146512 0.105384 0.082243 0.056952 0.083832 0.094339 0.123217 0.116001 0.089450 0.105418 0.123466 0.137139 0.118409
68000.003230 2.908657 0.150610 0.162134 0.155333 0.157609 0.145538 0.168028 0.132692 0.134004 0.168044 0.132381 0.156458 0.107009 0.119022 0.108848 0.169995 0.161844 0.117637 0.162824 0.132467 0.144622 0.131005 0.064199 0.098222 0.106145 0.039929 0.047297 0.091450 0.031513 0.007627 0.071999 0.070704 0.139866 0.135068 0.110510 0.098037 0.117346 0.120927 0.064451 0.110599 0.131359 0.081243 0.033517 0.129205 0.123832 0.118934 0.144555 0.124520 0.149408 0.106740 0.086378 0.060746 0.084689 0.096990 0.125987 0.116649 0.092250 0.105301 0.124691 0.140216 0.118986
69000.003277 18.949542 0.146819 0.159399 0.153686 0.164929 0.153984 0.174547 0.128143 0.133059 0.171014 0.139892 0.160004 0.113056 0.125325 0.111920 0.167551 0.166887 0.116853 0.162435 0.140998 0.141946 0.136972 0.061036 0.094372 0.102018 0.033518 0.045531 0.085168 0.023004 0.019468 0.066995 0.071212 0.138012 0.137932 0.109736 0.105704 0.124711 0.124341 0.055557 0.105706 0.127411 0.079340 0.040190 0.135428 0.126638 0.125560 0.148224 0.124460 0.152310 0.116443 0.094244 0.062928 0.078562 0.105611 0.129817 0.119260 0.090800 0.111667 0.119809 0.144798 0.113966
70000.003325 6.016357 0.152732 0.163062 0.156271 0.156054 0.144398 0.167137 0.134316 0.134729 0.167835 0.130877 0.156387 0.106316 0.117946 0.108543 0.171582 0.160636 0.118184 0.164056 0.131414 0.146187 0.129625 0.068111 0.101920 0.109676 0.043045 0.050207 0.094717 0.035103 0.010969 0.075868 0.072898 0.142077 0.135793 0.112243 0.095483 0.115866 0.121010 0.067681 0.114382 0.134547 0.083340 0.035397 0.128912 0.124639 0.118496 0.145424 0.126053 0.150128 0.104161 0.084821 0.061191 0.088965 0.095102 0.125804 0.116360 0.096300 0.104532 0.127041 0.140188 0.122540
71000.003372 8.424124 0.148799 0.160275 0.152320 0.159089 0.147321 0.168415 0.130883 0.130611 0.166274 0.134319 0.153454 0.106747 0.120872 0.107916 0.167565 0.161784 0.115482 0.159846 0.134611 0.141954 0.134660 0.066434 0.098627 0.103740 0.041291 0.040644 0.092067 0.026254 0.012980 0.069558 0.075176 0.139046 0.136957 0.106601 0.101278 0.118415 0.121648 0.059145 0.109389 0.129304 0.075264 0.038298 0.133600 0.121912 0.122620 0.145647 0.123034 0.151969 0.109298 0.092448 0.067548 0.084376 0.101157 0.129955 0.115737 0.091254 0.104132 0.123766 0.144204 0.116694
72000.003420 4.028301 0.151641 0.162291 0.156426 0.156651 0.145120 0.167712 0.133517 0.135640 0.168384 0.131214 0.157583 0.107350 0.118576 0.109646 0.170532 0.161551 0.118578 0.164276 0.132220 0.145994 0.129822 0.064806 0.099294 0.108096 0.040345 0.051091 0.090811 0.034756 0.008976 0.074011 0.069810 0.139949 0.133962 0.111961 0.095677 0.116196 0.119884 0.067329 0.111808 0.131953 0.084313 0.032441 0.127195 0.123893 0.116935 0.143962 0.125015 0.147740 0.105046 0.083241 0.057646 0.085950 0.094476 0.123546 0.116941 0.094060 0.106601 0.124758 0.137922 0.120502
73000.003467 4.469678 0.148411 0.159447 0.152589 0.156476 0.144744 0.166369 0.130209 0.131312 0.165726 0.131278 0.153891 0.105208 0.117669 0.106477 0.167542 0.160091 0.114973 0.160554 0.131387 0.142014 0.129922 0.063860 0.097587 0.105134 0.039843 0.045343 0.090191 0.030564 0.009455 0.070825 0.070006 0.138568 0.134230 0.108718 0.098029 0.116429 0.119796 0.063144 0.109222 0.129924 0.079176 0.034046 0.128766 0.122311 0.118356 0.143519 0.123207 0.148504 0.106724 0.086740 0.061457 0.083279 0.097138 0.125373 0.115204 0.091038 0.103340 0.122494 0.139385 0.117877
74000.003515 4.379336 0.151460 0.161832 0.155208 0.155375 0.143673 0.166577 0.133199 0.133960 0.167084 0.130085 0.155827 0.105374 0.117685 0.107992 0.170178 0.159917 0.117284 0.163399 0.131546 0.144712 0.130499 0.067151 0.101048 0.108513 0.042194 0.048653 0.092767 0.030829 0.009359 0.074474 0.073217 0.140900 0.135662 0.111230 0.095979 0.116637 0.120927 0.064778 0.112593 0.132514 0.082028 0.036957 0.129929 0.124205 0.119238 0.145586 0.125297 0.149877 0.105534 0.086429 0.061470 0.086870 0.096210 0.125889 0.116657 0.095445 0.104432 0.125488 0.140269 0.120766
75000.003562 13.929576 0.159054 0.165530 0.158059 0.150242 0.137540 0.162281 0.141358 0.137255 0.164747 0.124948 0.153423 0.101618 0.115055 0.108112 0.174649 0.155261 0.120839 0.166431 0.126870 0.149995 0.130130 0.078311 0.111716 0.117827 0.054853 0.054194 0.104572 0.039982 0.016691 0.084807 0.082242 0.148019 0.139266 0.115702 0.091629 0.113632 0.122992 0.074315 0.123008 0.141183 0.086505 0.043357 0.131523 0.125962 0.119691 0.148409 0.130375 0.153340 0.099526 0.086609 0.068892 0.098391 0.093464 0.128737 0.118338 0.103723 0.100699 0.134923 0.142503 0.130405
76000.003610 7.650505 0.145300 0.157575 0.150922 0.159797 0.149592 0.168436 0.127313 0.129565 0.165666 0.135421 0.153889 0.108337 0.119997 0.107504 0.165255 0.161715 0.113840 0.158445 0.134686 0.139760 0.130919 0.058149 0.092061 0.100177 0.033031 0.043165 0.085910 0.029939 0.012370 0.065258 0.065706 0.135163 0.132417 0.105909 0.101468 0.117683 0.118289 0.059940 0.104546 0.125703 0.076698 0.029218 0.127758 0.120585 0.118212 0.141552 0.120303 0.146826 0.109889 0.087165 0.059274 0.078987 0.098957 0.124749 0.114299 0.086160 0.105170 0.119114 0.138715 0.113232
77000.003657 4.191527 0.146522 0.158729 0.152383 0.157694 0.146158 0.166911 0.128824 0.131587 0.166257 0.132762 0.154915 0.107239 0.117854 0.107312 0.166218 0.161785 0.114937 0.159393 0.131417 0.141191 0.127981 0.057881 0.092359 0.102200 0.035883 0.047171 0.086103 0.035408 0.009156 0.067855 0.063618 0.135812 0.131100 0.108699 0.099077 0.116555 0.118330 0.065363 0.105624 0.127390 0.081122 0.025643 0.124686 0.121211 0.115333 0.140244 0.121620 0.145210 0.107093 0.082909 0.055924 0.079807 0.095565 0.122270 0.115446 0.086716 0.105090 0.119856 0.135897 0.115177
78000.003705 4.846876 0.152316 0.163008 0.155587 0.158109 0.146384 0.168620 0.134096 0.133960 0.168055 0.132861 0.155700 0.106788 0.119966 0.109071 0.170835 0.162061 0.117566 0.163417 0.133784 0.145110 0.133169 0.068198 0.101782 0.108483 0.042640 0.046476 0.094239 0.031449 0.009846 0.073999 0.074687 0.141833 0.137150 0.110316 0.097604 0.117055 0.121628 0.064449 0.113273 0.132988 0.080319 0.036444 0.131651 0.123716 0.120635 0.146406 0.125627 0.151767 0.106398 0.088247 0.064307 0.087771 0.097673 0.128099 0.116834 0.094995 0.104841 0.126642 0.142700 0.121178
79000.003752 8.829425 0.148388 0.160331 0.151692 0.159362 0.147126 0.168262 0.130899 0.129959 0.165697 0.134599 0.152174 0.106328 0.120772 0.107531 0.167161 0.161703 0.114785 0.158869 0.134387 0.141100 0.135131 0.065965 0.097990 0.103036 0.041808 0.039298 0.092393 0.026703 0.013289 0.068915 0.075171 0.138722 0.136639 0.105745 0.101555 0.117836 0.121186 0.059154 0.108887 0.128877 0.074048 0.037707 0.133370 0.120879 0.122181 0.144925 0.122474 0.151883 0.109113 0.092735 0.068423 0.083934 0.101245 0.130063 0.115228 0.089558 0.103191 0.123866 0.144395 0.116112
80000.003800 5.799182 0.147317 0.159599 0.154007 0.160107 0.149135 0.169657 0.129295 0.133462 0.168659 0.135088 0.157702 0.110125 0.120752 0.110052 0.167425 0.163851 0.116680 0.161698 0.135118 0.142719 0.130700 0.058652 0.093219 0.102661 0.033511 0.048236 0.085167 0.032628 0.010770 0.067995 0.064981 0.136556 0.132805 0.109701 0.099754 0.118310 0.119503 0.063203 0.106046 0.127452 0.082047 0.029131 0.126759 0.123002 0.117321 0.142338 0.122767 0.146461 0.108892 0.084450 0.055853 0.079593 0.097155 0.123405 0.116657 0.088435 0.108576 0.120100 0.137721 0.115302
81000.003847 9.369882 0.154922 0.163476 0.155630 0.151693 0.139233 0.163499 0.136772 0.133947 0.164934 0.125972 0.153332 0.100988 0.114415 0.105716 0.172132 0.156328 0.117364 0.163920 0.127513 0.146440 0.129378 0.073795 0.107122 0.113734 0.049872 0.050785 0.099822 0.034908 0.013689 0.080404 0.078741 0.145388 0.138349 0.113541 0.094252 0.115352 0.122584 0.069527 0.118699 0.137876 0.083225 0.041454 0.131553 0.125595 0.120376 0.147924 0.128333 0.152472 0.102681 0.087554 0.066495 0.093653 0.095690 0.128258 0.117598 0.100162 0.099828 0.130381 0.142065 0.126315
82000.003895 28.553873 0.141609 0.154114 0.148680 0.166251 0.158317 0.172534 0.123096 0.128988 0.167010 0.143841 0.156097 0.115089 0.127950 0.111298 0.162263 0.163660 0.113224 0.157888 0.143981 0.136672 0.138743 0.056504 0.088974 0.096192 0.030353 0.040136 0.079893 0.021045 0.023897 0.060347 0.069149 0.132739 0.134892 0.104252 0.109693 0.125021 0.121823 0.049032 0.099184 0.121327 0.073976 0.040067 0.135355 0.122526 0.125352 0.145265 0.119641 0.149997 0.120394 0.097169 0.064896 0.071643 0.108834 0.128672 0.116177 0.085116 0.113250 0.114498 0.143791 0.107685
83000.003942 15.164202 0.144475 0.158193 0.151248 0.164840 0.153540 0.172035 0.126891 0.130659 0.168095 0.140300 0.155648 0.111248 0.124493 0.109785 0.164860 0.165741 0.114182 0.158662 0.138937 0.138791 0.136614 0.055848 0.089803 0.098497 0.034710 0.040406 0.083002 0.028056 0.017415 0.062481 0.066882 0.135255 0.134843 0.106161 0.107287 0.122569 0.121780 0.057082 0.101547 0.124088 0.076032 0.033099 0.132300 0.121899 0.122138 0.143831 0.121533 0.149722 0.116402 0.093194 0.063389 0.074220 0.105080 0.128148 0.117654 0.082811 0.108998 0.117586 0.142314 0.110983
84000.003990 12.829858 0.145256 0.156945 0.149917 0.160817 0.151240 0.168844 0.126717 0.128713 0.165606 0.137139 0.153231 0.108587 0.121918 0.107121 0.164886 0.161803 0.112881 0.158169 0.136386 0.139263 0.133490 0.060068 0.093336 0.100159 0.035718 0.039524 0.086481 0.026969 0.016019 0.064838 0.069049 0.135192 0.133286 0.104049 0.103086 0.118302 0.118961 0.056846 0.104669 0.125866 0.073410 0.033818 0.130860 0.120106 0.120309 0.143041 0.119773 0.148652 0.112037 0.091181 0.063972 0.078552 0.101896 0.126245 0.113184 0.086698 0.105843 0.118916 0.140734 0.112957
85000.004037 4.260197 0.150014 0.162188 0.154935 0.160846 0.149211 0.170638 0.131730 0.133020 0.168936 0.135134 0.156664 0.108025 0.120221 0.108713 0.169592 0.164387 0.116155 0.162210 0.134709 0.143378 0.132279 0.062298 0.097090 0.105979 0.038025 0.046427 0.090115 0.033579 0.009231 0.070558 0.068710 0.140251 0.135882 0.110312 0.100187 0.118572 0.121234 0.064853 0.109962 0.131021 0.080867 0.030318 0.129663 0.123686 0.119607 0.145025 0.124909 0.150302 0.109018 0.086707 0.059981 0.084030 0.098475 0.126833 0.117600 0.090797 0.105300 0.123505 0.141038 0.118923
86000.004085 5.461190 0.149575 0.160301 0.152514 0.157032 0.145348 0.166219 0.131947 0.131172 0.164888 0.132372 0.152291 0.105553 0.118433 0.106965 0.167769 0.160181 0.115568 0.159599 0.131230 0.142740 0.130739 0.064775 0.098000 0.105017 0.042367 0.044016 0.092811 0.034621 0.010451 0.070975 0.071044 0.138452 0.133406 0.107034 0.097838 0.114611 0.118664 0.065520 0.110230 0.130312 0.077662 0.030914 0.127987 0.119938 0.117183 0.142101 0.122084 0.148458 0.105191 0.086297 0.063446 0.085474 0.096126 0.125596 0.114015 0.089948 0.102455 0.124348 0.139431 0.118295
87000.004132 9.301112 0.144862 0.157134 0.149642 0.158797 0.147738 0.166439 0.127604 0.128566 0.163745 0.134834 0.150805 0.107449 0.119615 0.106982 0.163890 0.160900 0.113315 0.156263 0.132927 0.138550 0.130801 0.059134 0.092079 0.099731 0.037301 0.041485 0.087461 0.034777 0.013639 0.065148 0.065993 0.134515 0.131243 0.104378 0.100636 0.115287 0.117100 0.062846 0.104173 0.125157 0.075606 0.027108 0.126110 0.117737 0.116039 0.139010 0.119333 0.146048 0.107437 0.086286 0.061531 0.079355 0.097138 0.124436 0.113397 0.083723 0.103427 0.119500 0.137906 0.113215
88000.004180 9.736280 0.155929 0.165055 0.157691 0.155415 0.143309 0.166689 0.137335 0.136304 0.168351 0.130214 0.156395 0.105197 0.118737 0.108917 0.173809 0.160366 0.119516 0.166147 0.131329 0.148361 0.132165 0.073263 0.106862 0.113321 0.048863 0.049975 0.098986 0.034732 0.013954 0.079271 0.078340 0.145523 0.139290 0.113469 0.096160 0.116958 0.123855 0.068265 0.117873 0.137636 0.083555 0.040778 0.133142 0.126197 0.121615 0.148877 0.128790 0.153984 0.104870 0.088887 0.067645 0.092101 0.097451 0.129468 0.117987 0.099871 0.104644 0.130485 0.143852 0.125913
89000.004227 6.632204 0.152713 0.163918 0.158984 0.155921 0.143962 0.168034 0.134316 0.138395 0.170880 0.130079 0.161293 0.107919 0.117560 0.110390 0.172645 0.162339 0.119978 0.167119 0.131423 0.147645 0.127679 0.063881 0.099563 0.110470 0.040539 0.056391 0.089895 0.037234 0.011517 0.076486 0.067808 0.141484 0.134177 0.116347 0.094759 0.117588 0.121369 0.070053 0.112744 0.134014 0.089726 0.033688 0.126056 0.127436 0.116452 0.145062 0.127534 0.147381 0.105404 0.080841 0.053479 0.085778 0.093666 0.122023 0.118913 0.096326 0.108647 0.125014 0.136579 0.122366
90000.004275 8.956639 0.152147 0.163038 0.157461 0.157563 0.146398 0.169300 0.133396 0.136488 0.170484 0.132415 0.160142 0.108636 0.119974 0.110472 0.171820 0.162686 0.119171 0.166073 0.134256 0.146456 0.131268 0.066110 0.100642 0.109110 0.040320 0.051760 0.091073 0.031193 0.013384 0.074856 0.072274 0.141377 0.136367 0.113528 0.097201 0.119125 0.122500 0.064629 0.112429 0.133099 0.084997 0.038184 0.130742 0.127017 0.120484 0.147221 0.126656 0.150430 0.107917 0.086618 0.059488 0.085850 0.097529 0.125764 0.118199 0.096960 0.108624 0.125120 0.140679 0.120957
91000.004322 9.337738 0.152286 0.163177 0.155746 0.155760 0.143582 0.167099 0.134028 0.134496 0.168343 0.130839 0.156566 0.105573 0.118707 0.108228 0.171400 0.160562 0.117759 0.163980 0.131848 0.145498 0.132121 0.068891 0.101966 0.108834 0.044871 0.047684 0.094343 0.029378 0.013666 0.075202 0.076225 0.142311 0.137877 0.111796 0.098425 0.118828 0.123689 0.063579 0.113228 0.133880 0.081222 0.040727 0.133259 0.125832 0.122161 0.147940 0.126616 0.152716 0.107585 0.090351 0.065917 0.086893 0.099430 0.128705 0.117751 0.096092 0.105240 0.126730 0.143340 0.121084
92000.004370 10.968140 0.155829 0.161936 0.156405 0.148809 0.137582 0.160770 0.138078 0.136765 0.163542 0.124474 0.153765 0.103559 0.114558 0.108439 0.171759 0.154131 0.120492 0.164918 0.126207 0.148930 0.125956 0.073808 0.106948 0.114275 0.050687 0.056094 0.099175 0.041578 0.014811 0.082256 0.076605 0.142169 0.132534 0.113369 0.088475 0.110542 0.118010 0.074243 0.118945 0.136991 0.087201 0.037975 0.125113 0.122645 0.113933 0.142999 0.125490 0.146633 0.096885 0.079983 0.061310 0.094632 0.088534 0.121477 0.114339 0.101397 0.103594 0.130571 0.135621 0.126444
93000.004417 6.547623 0.149357 0.160100 0.152097 0.155465 0.143566 0.165352 0.131874 0.130159 0.163855 0.130274 0.151630 0.103717 0.116546 0.105901 0.167544 0.158491 0.115039 0.159217 0.130211 0.142132 0.130061 0.066633 0.099254 0.105626 0.042399 0.045143 0.093844 0.032381 0.011443 0.072272 0.073064 0.139404 0.134825 0.108005 0.097733 0.115324 0.119452 0.064741 0.111362 0.130820 0.077802 0.034744 0.129092 0.121316 0.118824 0.143368 0.123034 0.149107 0.104902 0.087372 0.063978 0.087165 0.096540 0.126955 0.115066 0.092036 0.100370 0.124861 0.140487 0.118877
94000.004465 9.762807 0.150095 0.163227 0.157387 0.161343 0.148886 0.172034 0.131635 0.136781 0.172973 0.135563 0.162015 0.110581 0.121522 0.111180 0.170905 0.167450 0.118299 0.165323 0.135553 0.144728 0.131985 0.060634 0.096119 0.107196 0.038295 0.052117 0.086859 0.034743 0.013973 0.072033 0.066986 0.140958 0.136641 0.115070 0.101221 0.122247 0.124560 0.065986 0.108691 0.131665 0.087006 0.033691 0.130238 0.128192 0.120537 0.146879 0.127869 0.150560 0.111380 0.086595 0.057508 0.080720 0.099625 0.126033 0.121247 0.092251 0.110888 0.122302 0.140621 0.119134
95000.004512 3.398472 0.153227 0.163626 0.157667 0.156037 0.144092 0.167242 0.135049 0.136815 0.169086 0.130668 0.158397 0.107096 0.117994 0.109603 0.172185 0.161749 0.119428 0.165415 0.130959 0.147222 0.128808 0.065883 0.100602 0.110050 0.042947 0.052511 0.092895 0.037457 0.008244 0.076054 0.070215 0.141542 0.134454 0.113653 0.095226 0.116309 0.120979 0.069664 0.113416 0.134188 0.086149 0.032251 0.127145 0.124994 0.116876 0.144587 0.126301 0.148665 0.104394 0.082467 0.058082 0.087271 0.093994 0.123806 0.117368 0.095631 0.106672 0.126513 0.138181 0.122466
96000.004560 6.528600 0.147309 0.158758 0.152491 0.157855 0.146892 0.166834 0.130013 0.131691 0.165107 0.133028 0.153584 0.107452 0.118803 0.108356 0.166083 0.160700 0.115863 0.159516 0.132451 0.141866 0.129751 0.059520 0.093658 0.102092 0.036351 0.046326 0.087480 0.034964 0.011427 0.067728 0.065457 0.135289 0.130727 0.106723 0.098315 0.114840 0.116424 0.064809 0.106463 0.126434 0.079197 0.026526 0.124507 0.119291 0.114790 0.139508 0.120360 0.144500 0.106243 0.083313 0.057338 0.081529 0.095018 0.122327 0.114239 0.086599 0.104523 0.120997 0.135908 0.115170
97000.004607 8.857254 0.151082 0.163045 0.155577 0.157504 0.144902 0.168801 0.132818 0.133889 0.169401 0.132134 0.157390 0.106225 0.119546 0.108495 0.170867 0.162554 0.117312 0.163543 0.133172 0.144351 0.133412 0.067593 0.100705 0.107618 0.043145 0.046224 0.092904 0.027137 0.013310 0.073507 0.075607 0.142466 0.139452 0.111932 0.100609 0.121022 0.125144 0.061646 0.111752 0.132803 0.080834 0.040917 0.134890 0.126710 0.124092 0.148965 0.127219 0.154055 0.109960 0.092104 0.066120 0.085285 0.101582 0.130633 0.119286 0.094928 0.105533 0.125507 0.145092 0.119885
98000.004655 10.426537 0.147976 0.160176 0.152379 0.158830 0.146633 0.169019 0.129705 0.130679 0.167550 0.133411 0.155271 0.105498 0.119751 0.106559 0.167622 0.162582 0.114210 0.160385 0.133922 0.141067 0.134088 0.064913 0.097727 0.104456 0.041212 0.042098 0.089884 0.023953 0.014441 0.069924 0.074446 0.139693 0.138083 0.108679 0.103172 0.121593 0.124031 0.058183 0.108386 0.129682 0.076879 0.040092 0.135358 0.124590 0.124531 0.147791 0.124619 0.153063 0.112437 0.094114 0.066748 0.081995 0.103686 0.130384 0.118008 0.091720 0.104461 0.122165 0.144748 0.116516
99000.004702 5.147642 0.146851 0.158773 0.153028 0.156025 0.144209 0.165758 0.129262 0.132581 0.166105 0.130459 0.155431 0.105970 0.116002 0.106918 0.166212 0.161081 0.115058 0.160053 0.129521 0.141689 0.125960 0.057357 0.092585 0.103807 0.036681 0.051073 0.085204 0.038633 0.010147 0.069618 0.061643 0.135726 0.129756 0.110418 0.097380 0.115781 0.117476 0.068513 0.106194 0.127715 0.084247 0.023749 0.122163 0.121547 0.113115 0.139329 0.122168 0.143101 0.105704 0.079710 0.052251 0.080333 0.093250 0.119685 0.116270 0.087470 0.104840 0.119566 0.133101 0.116369
100000.004750 5.750108 0.147635 0.159228 0.153405 0.158573 0.147844 0.168392 0.129173 0.132489 0.167593 0.133547 0.156477 0.108305 0.119164 0.108326 0.167528 0.162298 0.115636 0.161463 0.133631 0.142378 0.129385 0.060352 0.094871 0.103933 0.034969 0.048065 0.086786 0.032608 0.010724 0.069280 0.065805 0.137267 0.132896 0.109534 0.098652 0.117332 0.119156 0.063573 0.107393 0.128616 0.081538 0.030156 0.126801 0.122880 0.117181 0.142634 0.122855 0.146806 0.107903 0.084278 0.056668 0.081136 0.096592 0.123370 0.115675 0.089998 0.106670 0.120678 0.137606 0.116616
101000.004797 7.518207 0.149602 0.161769 0.154637 0.160465 0.148322 0.170252 0.132168 0.133279 0.168161 0.135155 0.156130 0.108503 0.121681 0.110299 0.168628 0.163816 0.117618 0.161775 0.135690 0.143168 0.135227 0.063712 0.097070 0.104136 0.039323 0.044447 0.090213 0.028710 0.012262 0.069486 0.072399 0.138889 0.136275 0.108589 0.101200 0.119494 0.121654 0.061428 0.108538 0.128601 0.078807 0.035270 0.132029 0.122866 0.121410 0.145156 0.123758 0.150753 0.110049 0.090352 0.063442 0.083138 0.100145 0.128536 0.118080 0.090337 0.106292 0.123741 0.142647 0.116610
102000.004845 2.796856 0.147949 0.160243 0.153215 0.157366 0.145348 0.167333 0.130333 0.131478 0.166221 0.131585 0.154840 0.105496 0.116779 0.106696 0.167388 0.161255 0.115216 0.159801 0.130717 0.142128 0.128557 0.060274 0.094526 0.103927 0.037223 0.047426 0.088588 0.034438 0.007479 0.069759 0.066305 0.137963 0.133122 0.109748 0.098978 0.117123 0.119469 0.065983 0.108207 0.129256 0.081020 0.027569 0.126329 0.122423 0.117053 0.142180 0.123154 0.146872 0.106898 0.084104 0.056900 0.083058 0.096131 0.124186 0.116837 0.088826 0.102740 0.121801 0.137537 0.117109
103000.004892 8.025029 0.144641 0.157514 0.149159 0.159384 0.147924 0.167090 0.127252 0.127283 0.163760 0.134757 0.150602 0.105803 0.118981 0.105424 0.163833 0.161060 0.111974 0.155520 0.132705 0.138020 0.131592 0.059273 0.092211 0.099699 0.037384 0.039673 0.087641 0.032357 0.012669 0.064941 0.067317 0.135662 0.133067 0.104604 0.102550 0.116995 0.118701 0.061580 0.104661 0.125856 0.074301 0.028537 0.128441 0.118896 0.118507 0.140996 0.120267 0.147775 0.109313 0.088766 0.062977 0.079954 0.099560 0.126536 0.114621 0.083967 0.101534 0.119341 0.139774 0.113373
104000.004940 6.719544 0.153264 0.162514 0.155319 0.155975 0.144559 0.166243 0.135151 0.134167 0.166420 0.131396 0.154176 0.106259 0.118995 0.108693 0.171106 0.159900 0.118183 0.163354 0.131769 0.146060 0.131156 0.069919 0.103328 0.109685 0.045725 0.047634 0.096693 0.035388 0.011593 0.075867 0.075107 0.141661 0.135483 0.109839 0.095079 0.114160 0.119959 0.067152 0.114802 0.134213 0.080713 0.036075 0.129530 0.122248 0.118243 0.144700 0.124711 0.150521 0.103242 0.086046 0.064974 0.089688 0.095055 0.126455 0.114418 0.095972 0.104242 0.128119 0.141025 0.122558
105000.004987 6.623973 0.146766 0.158012 0.150970 0.157367 0.146553 0.167011 0.128423 0.129450 0.165073 0.132684 0.153329 0.105976 0.118554 0.106214 0.165937 0.160143 0.113738 0.158807 0.132928 0.140359 0.130812 0.063240 0.096192 0.103121 0.037866 0.043228 0.088883 0.027937 0.011510 0.068927 0.070819 0.137105 0.133976 0.106892 0.099298 0.117236 0.119531 0.060153 0.107781 0.128214 0.076831 0.034819 0.129942 0.121492 0.119641 0.143567 0.121697 0.148680 0.108167 0.088437 0.061818 0.082519 0.098572 0.125871 0.114538 0.090647 0.103535 0.120967 0.140067 0.115751
106000.005035 6.643310 0.152233 0.162621 0.154792 0.156746 0.144872 0.167385 0.134182 0.133109 0.166706 0.131590 0.154484 0.105099 0.118841 0.107872 0.170335 0.160612 0.117028 0.162474 0.132269 0.144627 0.132920 0.068892 0.102022 0.108549 0.044525 0.045655 0.095185 0.031100 0.011527 0.074339 0.075921 0.141710 0.137076 0.109648 0.097817 0.117078 0.121806 0.064463 0.113384 0.132913 0.079214 0.037277 0.132292 0.123162 0.120969 0.146410 0.125216 0.152060 0.106514 0.089494 0.065752 0.088197 0.098194 0.128568 0.116740 0.094966 0.103228 0.126927 0.142892 0.121052
107000.005082 5.065369 0.151490 0.161138 0.153884 0.154403 0.142422 0.164624 0.133867 0.132467 0.164407 0.129116 0.152719 0.103953 0.116040 0.106739 0.168916 0.158585 0.116778 0.160850 0.128734 0.144464 0.128350 0.067616 0.100940 0.108417 0.044752 0.048717 0.095038 0.038347 0.010065 0.074972 0.071974 0.140284 0.133674 0.109896 0.095006 0.113534 0.118737 0.069892 0.113509 0.132807 0.081653 0.031451 0.126518 0.121212 0.116141 0.142383 0.123950 0.147889 0.102081 0.083313 0.061541 0.089498 0.093139 0.124697 0.115293 0.093796 0.101163 0.126288 0.138072 0.121614
108000.005130 4.602221 0.147876 0.159473 0.154156 0.156612 0.145262 0.166964 0.130401 0.133556 0.166743 0.131392 0.156690 0.107758 0.117730 0.108956 0.167427 0.160905 0.117261 0.161448 0.131749 0.143183 0.128028 0.059391 0.093936 0.103398 0.035509 0.050161 0.086484 0.033647 0.009594 0.069772 0.065335 0.136036 0.131066 0.110014 0.096963 0.116404 0.117903 0.065177 0.107132 0.127621 0.083117 0.029278 0.124535 0.122286 0.115340 0.140842 0.121986 0.144442 0.106235 0.082037 0.053752 0.081632 0.094350 0.121470 0.115814 0.089627 0.106244 0.121064 0.135337 0.115868
109000.005177 5.279212 0.144406 0.157319 0.150482 0.157688 0.145949 0.166559 0.127117 0.129305 0.164586 0.132532 0.153109 0.106019 0.117441 0.106295 0.164091 0.160618 0.113293 0.157273 0.131776 0.138820 0.129158 0.057248 0.091114 0.100009 0.033794 0.044847 0.084814 0.031028 0.010275 0.065681 0.064689 0.134798 0.131789 0.107239 0.100707 0.117532 0.118419 0.061917 0.103809 0.125112 0.078559 0.028562 0.126172 0.120879 0.117073 0.140449 0.120869 0.145328 0.108534 0.085609 0.057337 0.078451 0.097435 0.123770 0.115902 0.085215 0.103196 0.118331 0.137083 0.112939
110000.005225 4.745766 0.149818 0.161027 0.154427 0.156764 0.144778 0.167308 0.132144 0.133428 0.166885 0.131564 0.155591 0.106511 0.118763 0.108742 0.168621 0.161042 0.117309 0.161905 0.132321 0.143603 0.131444 0.064406 0.097957 0.105666 0.040476 0.047037 0.090436 0.030887 0.009742 0.071653 0.071362 0.138838 0.134574 0.109734 0.097761 0.117275 0.120457 0.063990 0.109688 0.129784 0.080858 0.034439 0.129315 0.122773 0.118776 0.143949 0.123814 0.148779 0.106800 0.086844 0.060859 0.084148 0.096851 0.125684 0.116952 0.091925 0.105083 0.123707 0.139741 0.118016
111000.005272 6.098649 0.149336 0.161305 0.153922 0.157747 0.145665 0.168437 0.131199 0.132069 0.167755 0.132203 0.156043 0.105815 0.118705 0.107469 0.168975 0.161858 0.115838 0.161646 0.132990 0.142857 0.132148 0.065261 0.098516 0.105725 0.040133 0.045616 0.091056 0.027134 0.011044 0.071649 0.073177 0.140460 0.137398 0.110353 0.100473 0.119965 0.123071 0.061273 0.110136 0.131011 0.079640 0.037674 0.132765 0.125098 0.122532 0.146982 0.125250 0.151728 0.109403 0.090335 0.063528 0.084356 0.100385 0.128811 0.118060 0.093204 0.104350 0.123681 0.143002 0.118202
112000.005320 6.179732 0.154444 0.165700 0.158560 0.158442 0.146094 0.170111 0.135883 0.136823 0.171131 0.132381 0.159371 0.106785 0.119741 0.109795 0.173746 0.163616 0.119068 0.166741 0.133796 0.147550 0.133205 0.068365 0.103112 0.111305 0.043676 0.050272 0.094404 0.031911 0.011117 0.076444 0.074742 0.144675 0.139459 0.114479 0.098564 0.119840 0.124589 0.066187 0.115142 0.135811 0.084309 0.038502 0.133151 0.127848 0.122430 0.149515 0.129123 0.153564 0.108389 0.088783 0.063384 0.088433 0.099250 0.129044 0.120101 0.097315 0.106346 0.127913 0.143729 0.123646
113000.005367 3.116947 0.150515 0.162071 0.154319 0.157629 0.145121 0.167694 0.132598 0.132725 0.167282 0.132087 0.154823 0.105263 0.118372 0.107253 0.169526 0.161745 0.115994 0.161696 0.131692 0.143544 0.131528 0.064957 0.098894 0.106794 0.042131 0.045559 0.092360 0.032196 0.007896 0.072267 0.071627 0.140669 0.135912 0.110034 0.098806 0.117375 0.121475 0.064931 0.111051 0.131929 0.079956 0.033588 0.130236 0.123275 0.119520 0.145077 0.124967 0.150560 0.107133 0.087719 0.063020 0.085126 0.097969 0.127127 0.116937 0.091692 0.103378 0.124818 0.141219 0.119638
114000.005415 4.315987 0.149404 0.160342 0.152803 0.157695 0.146145 0.167249 0.131622 0.131656 0.165992 0.132917 0.153454 0.106285 0.119683 0.107814 0.167935 0.160728 0.115720 0.160593 0.133235 0.142753 0.132705 0.065309 0.098402 0.104659 0.040955 0.043349 0.091515 0.029165 0.009291 0.070596 0.072898 0.138524 0.134658 0.107207 0.098607 0.116160 0.119639 0.061839 0.109858 0.129777 0.077077 0.035143 0.130314 0.121191 0.119349 0.143957 0.122545 0.149428 0.106823 0.088539 0.064283 0.084433 0.097969 0.126593 0.114746 0.091072 0.104250 0.123877 0.141007 0.117529
115000.005462 16.040855 0.143602 0.156925 0.150022 0.164440 0.154245 0.171779 0.125523 0.129012 0.166982 0.140376 0.154898 0.111036 0.124363 0.109075 0.163994 0.164525 0.113129 0.157896 0.139699 0.137720 0.136664 0.056801 0.090101 0.097754 0.032138 0.038795 0.082978 0.023158 0.017911 0.061615 0.068251 0.134617 0.135193 0.104705 0.107519 0.122837 0.121552 0.053302 0.101164 0.123141 0.073890 0.034871 0.133669 0.121675 0.123559 0.144423 0.120581 0.150275 0.116941 0.094652 0.064187 0.074404 0.105963 0.128994 0.116604 0.084282 0.108404 0.116962 0.143385 0.109958
116000.005510 9.124283 0.146651 0.158620 0.150868 0.159387 0.148606 0.168217 0.128666 0.128674 0.164966 0.134416 0.152375 0.106407 0.119304 0.106489 0.165906 0.161010 0.113474 0.158109 0.134020 0.140117 0.132002 0.062643 0.095566 0.102298 0.037108 0.042332 0.089594 0.030294 0.013509 0.067786 0.069920 0.137638 0.134886 0.106216 0.101341 0.117439 0.119456 0.060980 0.107695 0.127944 0.075642 0.032719 0.129972 0.120959 0.120106 0.143390 0.121835 0.149162 0.109007 0.089102 0.063038 0.083001 0.099615 0.127465 0.114986 0.088620 0.102473 0.121319 0.141195 0.115748
117000.005557 9.049315 0.149860 0.161075 0.152193 0.157512 0.145015 0.166618 0.132334 0.130344 0.164936 0.132477 0.151208 0.104674 0.118760 0.106584 0.168003 0.160499 0.114769 0.159224 0.131959 0.141955 0.132929 0.068011 0.100350 0.106023 0.044734 0.042536 0.094881 0.032873 0.013453 0.072098 0.075045 0.140579 0.136653 0.107505 0.099164 0.115843 0.120833 0.064181 0.111670 0.131425 0.076553 0.036404 0.131415 0.120999 0.120301 0.144473 0.123911 0.151506 0.106054 0.089897 0.067920 0.086985 0.098534 0.129187 0.115359 0.091308 0.101233 0.125551 0.143168 0.119351
118000.005605 5.151469 0.150525 0.161217 0.153657 0.157046 0.145132 0.166636 0.132639 0.132347 0.165941 0.132137 0.153299 0.105810 0.118617 0.107556 0.168949 0.160660 0.116252 0.161053 0.131579 0.143683 0.130928 0.065967 0.099432 0.106495 0.042723 0.045317 0.093375 0.034358 0.010150 0.072286 0.071734 0.139788 0.134600 0.108523 0.097304 0.114987 0.119625 0.065792 0.111384 0.131553 0.079124 0.032577 0.128633 0.121288 0.117765 0.143254 0.123561 0.149360 0.104968 0.086267 0.063572 0.086126 0.096139 0.126088 0.114774 0.091490 0.103209 0.125160 0.140198 0.119665
119000.005652 6.227994 0.146195 0.158567 0.152282 0.159051 0.148117 0.167804 0.128743 0.131397 0.166232 0.134346 0.154580 0.108884 0.119590 0.108833 0.165819 0.162190 0.115411 0.159199 0.133651 0.141136 0.129693 0.058572 0.092473 0.101265 0.034069 0.046905 0.086156 0.035113 0.011161 0.066984 0.064337 0.135454 0.131570 0.107780 0.099449 0.116305 0.117694 0.064215 0.105445 0.126294 0.080307 0.026364 0.124939 0.120582 0.115759 0.140044 0.121193 0.145158 0.107028 0.083363 0.056659 0.080265 0.095735 0.123054 0.115229 0.086410 0.105998 0.119970 0.136855 0.114547
120000.005700 8.020937 0.148662 0.160368 0.155444 0.156801 0.145375 0.167578 0.130515 0.135361 0.169332 0.131855 0.159430 0.108842 0.118847 0.109742 0.168961 0.162506 0.117824 0.163661 0.132483 0.144179 0.128327 0.061132 0.095602 0.105620 0.037716 0.052516 0.086590 0.033867 0.012666 0.072062 0.066624 0.137892 0.132788 0.112723 0.097502 0.118446 0.120731 0.065256 0.107984 0.129803 0.085802 0.033456 0.126636 0.125363 0.117132 0.143484 0.124460 0.146446 0.107469 0.083383 0.055341 0.081020 0.095879 0.122259 0.117292 0.092550 0.109436 0.121388 0.136794 0.117545
