0.000000	-79.0852 -59.2575
1000.000047	-73.2792 -63.2406
2000.000095	-78.9534 -68.7088
3000.000142	-72.7266 -57.5645
4000.000190	-76.7758 -71.4083
5000.000237	-67.7082 -62.1081
6000.000285	-84.4997 -56.9809
7000.000332	-75.0817 -56.3301
8000.000380	-67.9026 -63.9909
9000.000427	-84.9022 -53.561
10000.000475	-85.1001 -60.2934
11000.000522	-73.0922 -57.3204
12000.000570	-82.374 -48.1857
13000.000617	-87.8208 -53.7449
14000.000665	-86.3061 -53.8511
15000.000712	-84.0966 -59.9516
16000.000760	-79.4195 -59.6124
17000.000807	-89.4821 -50.9213
18000.000855	-78.9314 -53.9839
19000.000902	-80.3125 -63.9808
20000.000950	-70.7522 -65.192
21000.000997	-71.5625 -63.7998
22000.001045	-92.8988 -62.0696
23000.001092	-83.2697 -48.4835
24000.001140	-60.7112 -66.1743
25000.001187	-83.3281 -58.0783
26000.001235	-87.0572 -60.8277
27000.001282	-72.691 -55.4473
28000.001330	-82.1625 -53.9833
29000.001377	-79.4097 -57.9551
30000.001425	-80.9594 -59.868
31000.001472	-98.0246 -52.735
32000.001520	-69.2752 -53.5997
33000.001567	-68.4416 -63.3411
34000.001615	-75.8327 -60.7309
35000.001662	-72.8899 -67.5816
36000.001710	-80.8227 -56.4081
37000.001757	-73.7593 -53.3599
38000.001805	-68.2714 -62.7905
39000.001852	-73.3374 -56.3888
40000.001900	-67.3884 -58.4062
41000.001947	-73.4748 -60.674
42000.001995	-75.2284 -54.7299
43000.002042	-87.5609 -56.2041
44000.002090	-80.9802 -49.4279
45000.002137	-80.4691 -58.3419
46000.002185	-77.8582 -42.2909
47000.002232	-92.0279 -44.8989
48000.002280	-77.716 -56.6558
49000.002327	-79.3119 -64.9015
50000.002375	-84.2587 -47.4251
51000.002422	-85.2359 -46.5396
52000.002470	-75.4815 -63.4964
53000.002517	-76.6806 -42.6415
54000.002565	-94.8639 -53.1698
55000.002612	-76.1349 -62.5752
56000.002660	-83.2166 -51.6341
57000.002707	-89.1001 -55.2586
58000.002755	-73.6786 -56.9807
59000.002802	-77.3843 -55.6092
60000.002850	-93.6122 -49.542
61000.002897	-67.154 -60.8663
62000.002945	-88.9081 -51.2133
63000.002992	-68.0976 -60.6474
64000.003040	-72.8819 -71.6409
65000.003087	-73.5842 -56.0711
66000.003135	-75.0154 -63.6921
67000.003182	-73.5805 -56.5568
68000.003230	-77.6073 -62.402
69000.003277	-80.309 -58.1984
70000.003325	-88.0702 -62.3758
71000.003372	-70.6093 -63.5804
72000.003420	-68.0296 -67.7256
73000.003467	-79.1414 -59.0797
74000.003515	-66.5002 -64.981
75000.003562	-70.0068 -63.923
76000.003610	-85.7537 -59.6238
77000.003657	-81.1376 -62.1713
78000.003705	-78.2585 -53.1229
79000.003752	-88.323 -55.6503
80000.003800	-80.0786 -63.6635
81000.003847	-81.0769 -66.2316
82000.003895	-68.6014 -59.7508
83000.003942	-89.446 -45.5775
84000.003990	-85.6785 -73.3232
85000.004037	-72.9705 -56.8762
86000.004085	-85.9834 -57.5091
87000.004132	-75.6048 -67.6157
88000.004180	-82.5169 -56.9206
89000.004227	-74.3939 -73.2266
90000.004275	-78.8633 -62.4794
91000.004322	-76.9401 -57.1343
92000.004370	-75.7373 -57.1883
93000.004417	-96.5207 -58.5354
94000.004465	-91.7008 -59.1582
95000.004512	-72.846 -52.2723
96000.004560	-89.0031 -56.0774
97000.004607	-77.2174 -60.0125
98000.004655	-74.3858 -64.0105
99000.004702	-88.8856 -58.2734
100000.004750	-76.2862 -54.1595
101000.004797	-70.0656 -52.7735
102000.004845	-87.8537 -60.2575
103000.004892	-74.126 -44.6362
104000.004940	-82.8653 -64.001
105000.004987	-80.1507 -56.2783
106000.005035	-88.2172 -61.8138
107000.005082	-63.7283 -59.4873
108000.005130	-85.9194 -67.8626
109000.005177	-74.4001 -47.3994
110000.005225	-82.5891 -54.5671
111000.005272	-72.8439 -57.8767
112000.005320	-81.958 -64.3799
113000.005367	-84.7195 -55.9347
114000.005415	-73.356 -52.2347
115000.005462	-76.2619 -61.4954
116000.005510	-72.8847 -56.5555
117000.005557	-76.5327 -45.9916
118000.005605	-82.1806 -62.5013
119000.005652	-71.4262 -61.2329
120000.005700	-78.173 -45.972
