0.000000	47.1182 -156.434
1000.000047	53.2744 -147.95
2000.000095	37.965 -144.523
3000.000142	39.0478 -160.911
4000.000190	52.0422 -147.904
5000.000237	54.478 -158.454
6000.000285	53.2598 -147.707
7000.000332	56.9001 -164.785
8000.000380	45.1179 -145.38
9000.000427	58.3693 -165.522
10000.000475	51.5065 -157.189
11000.000522	56.4123 -158.868
12000.000570	51.0481 -157.567
13000.000617	43.2321 -151.467
14000.000665	54.0657 -165.391
15000.000712	56.6589 -154.492
16000.000760	46.3676 -159.079
17000.000807	51.6889 -159.063
18000.000855	43.2501 -149.372
19000.000902	49.3966 -156.167
20000.000950	50.4008 -152.335
21000.000997	50.724 -157.308
22000.001045	49.702 -154.837
23000.001092	52.7278 -145.687
24000.001140	45.1012 -162.182
25000.001187	49.7791 -165.61
26000.001235	44.3416 -146.345
27000.001282	52.5222 -147.631
28000.001330	54.9962 -169.649
29000.001377	39.2076 -148.846
30000.001425	49.372 -165.112
31000.001472	56.1094 -151.257
32000.001520	42.1028 -153.065
33000.001567	52.164 -147.077
34000.001615	54.0037 -154.712
35000.001662	54.3065 -164.959
36000.001710	52.2375 -153.73
37000.001757	48.829 -149.059
38000.001805	55.9919 -163.593
39000.001852	51.836 -161.595
40000.001900	49.8561 -155.67
41000.001947	53.4752 -150.82
42000.001995	51.6356 -160.522
43000.002042	48.356 -151.041
44000.002090	66.509 -157.456
45000.002137	52.4725 -162.647
46000.002185	44.8311 -146.108
47000.002232	50.7573 -155.34
48000.002280	56.763 -152.554
49000.002327	40.8692 -148.287
50000.002375	48.5218 -158.704
51000.002422	55.0749 -148.556
52000.002470	47.8103 -157.692
53000.002517	56.0636 -159.54
54000.002565	54.3213 -150.088
55000.002612	51.1978 -159.151
56000.002660	48.1946 -155.856
57000.002707	55.6358 -156.275
58000.002755	47.0984 -150.124
59000.002802	52.1446 -156.828
60000.002850	50.1655 -156.23
61000.002897	47.6648 -163.944
62000.002945	44.4218 -150.018
63000.002992	49.823 -153.355
64000.003040	50.1661 -155.749
65000.003087	49.4523 -150.922
66000.003135	40.6493 -150.16
67000.003182	56.2088 -150.926
68000.003230	54.7833 -162.38
69000.003277	30.3633 -141.783
70000.003325	50.3098 -151.482
71000.003372	49.874 -152.893
72000.003420	38.797 -150.579
73000.003467	43.4704 -154.728
74000.003515	49.4928 -144.312
75000.003562	53.9523 -157.502
76000.003610	47.7369 -155.292
77000.003657	53.1638 -159.113
78000.003705	52.8293 -154.173
79000.003752	50.3602 -161.267
80000.003800	52.2318 -147.31
81000.003847	52.4031 -159.557
82000.003895	59.943 -164.399
83000.003942	47.4793 -162.145
84000.003990	56.7081 -160.093
85000.004037	50.7704 -148.354
86000.004085	41.1095 -153.486
87000.004132	38.6695 -161.232
88000.004180	65.6378 -158.314
89000.004227	50.3457 -153.627
90000.004275	52.5957 -156.747
91000.004322	56.868 -152.786
92000.004370	39.5913 -148.86
93000.004417	44.7842 -146.417
94000.004465	50.9529 -155.992
95000.004512	43.2611 -149.159
96000.004560	53.7515 -150.259
97000.004607	51.764 -155.295
98000.004655	46.4412 -150.763
99000.004702	53.181 -160.531
100000.004750	54.2332 -152.87
101000.004797	60.1225 -159.061
102000.004845	61.4621 -151.249
103000.004892	56.0247 -147.467
104000.004940	53.3935 -146.809
105000.004987	44.0484 -145.746
106000.005035	54.6675 -157.433
107000.005082	42.461 -149.201
108000.005130	46.8526 -153.926
109000.005177	56.1716 -159.595
110000.005225	43.7237 -150.463
111000.005272	39.4889 -148.017
112000.005320	39.133 -149.292
113000.005367	50.0203 -148.401
114000.005415	41.2161 -143.929
115000.005462	52.2025 -143.552
116000.005510	51.3295 -156.403
117000.005557	56.0519 -157.343
118000.005605	40.2477 -149.947
119000.005652	45.1913 -154.674
120000.005700	46.3486 -158.58
