240000.011399	-96.8463 -16.975
241000.011447	-84.9416 -15.4194
242000.011494	-101.893 -3.7835
243000.011542	-99.12 -13.8635
244000.011589	-69.4088 -21.5946
245000.011637	-114.711 -0.122592
246000.011684	-87.8874 -12.0249
247000.011732	-107.262 -12.0508
248000.011779	-97.575 5.94367
249000.011827	-91.8063 -7.09407
250000.011874	-102.841 -14.8657
251000.011922	-85.9281 -13.0199
252000.011969	-95.361 -3.30547
253000.012017	-85.8243 -16.8319
254000.012064	-93.0202 -21.3642
255000.012112	-105.489 -4.37903
256000.012159	-89.7405 -13.7603
257000.012207	-90.2533 4.37741
258000.012254	-102.044 -11.8096
259000.012302	-92.8006 -11.4365
260000.012349	-100.882 2.41338
261000.012397	-84.705 -16.6445
262000.012444	-89.7515 -12.8777
263000.012492	-86.873 4.30572
264000.012539	-97.2645 -6.99081
265000.012587	-84.9378 -8.18863
266000.012634	-94.4419 -9.49451
267000.012682	-90.8797 -13.0735
268000.012729	-93.7245 3.59367
269000.012777	-89.7076 -15.0373
270000.012824	-96.7116 -16.9044
271000.012872	-88.1843 -12.1084
272000.012919	-92.8511 -2.61308
273000.012967	-87.1176 -0.448476
274000.013014	-101.294 -15.2478
275000.013062	-109.684 -3.57847
276000.013109	-89.9077 -9.16484
277000.013157	-95.4433 -7.46053
278000.013204	-91.3604 -4.6077
279000.013252	-100.074 -11.9104
280000.013299	-87.0135 -10.6919
281000.013347	-86.4697 -1.42468
282000.013394	-75.0668 -26.0708
283000.013442	-110.684 -17.2316
284000.013489	-85.6528 -9.59906
285000.013537	-90.3279 -7.673
286000.013584	-112.004 -3.20428
287000.013632	-97.6914 -14.3466
288000.013679	-96.9784 -11.7961
289000.013727	-92.2196 -17.443
290000.013774	-107.84 8.14729
291000.013822	-96.0423 -15.3476
292000.013869	-95.9352 -13.8129
293000.013917	-87.5564 -22.555
294000.013964	-69.4225 -15.7124
295000.014012	-95.4086 -9.70044
296000.014059	-85.1699 -3.27735
297000.014107	-86.6218 2.98812
298000.014154	-85.4948 -1.11486
299000.014202	-95.9541 -6.63214
300000.014249	-101.274 -10.8497
301000.014297	-106.044 -6.02301
302000.014344	-90.7432 -15.8434
303000.014392	-98.5103 -19.3981
304000.014439	-109.605 -6.4855
305000.014487	-97.9129 -13.7006
306000.014534	-73.7721 -9.04506
307000.014582	-97.6728 -8.16992
308000.014629	-92.1279 -6.24446
309000.014677	-96.1132 -1.20171
310000.014724	-104.24 -5.89278
311000.014772	-97.3017 -1.25318
312000.014819	-103.885 -22.188
313000.014867	-95.1776 -10.5718
314000.014914	-91.4542 -16.8543
315000.014962	-98.0334 -10.919
316000.015009	-100.633 0.900043
317000.015057	-90.1598 2.01851
318000.015104	-86.3861 -22.4633
319000.015152	-94.0137 -9.18271
320000.015199	-82.0828 -3.59277
321000.015247	-84.8473 -30.1638
322000.015294	-92.9716 1.56853
323000.015342	-93.3699 -11.6392
324000.015389	-87.1241 -13.0918
325000.015437	-96.2039 -0.782566
326000.015484	-101.846 -2.43583
327000.015532	-88.2324 -23.2955
328000.015579	-96.4372 1.54426
329000.015627	-97.7474 -15.036
330000.015674	-92.5253 -11.9893
331000.015722	-104.214 -11.2649
332000.015769	-88.8921 -13.6856
333000.015817	-109.945 0.836145
334000.015864	-93.7062 -18.3712
335000.015912	-92.14 -15.312
336000.015959	-99.3547 3.22775
337000.016007	-81.0779 -13.7429
338000.016054	-102.962 -4.25689
339000.016102	-106.645 -19.0865
340000.016149	-87.4327 -11.7366
341000.016197	-98.832 2.83218
342000.016244	-86.7917 -7.93021
343000.016292	-84.4342 9.7007
344000.016339	-95.0501 -15.8676
345000.016387	-94.6483 -18.6003
346000.016434	-87.5825 -5.29788
347000.016482	-99.4151 -21.4916
348000.016529	-97.0327 -21.6829
349000.016577	-97.285 7.26819
350000.016624	-106.104 -6.58553
351000.016672	-93.6513 -21.6084
352000.016719	-105.54 -7.60171
353000.016767	-100.983 -18.1201
354000.016814	-95.128 -15.6121
355000.016862	-87.0034 -16.6683
356000.016909	-84.0229 -18.8261
357000.016957	-92.9292 -8.23459
358000.017004	-78.8097 -20.3765
359000.017052	-95.0218 -7.02389
360000.017099	-95.8497 -13.4002
