#! FIELDS time restraint.bias r0 r1 r2 r3 r4 r5 r6 r7 r8 r9 r10 r11 r12 r13 r14 r15 r16 r17 r18 r19 r20 r21 r22 r23 r24 r25 r26 r27 r28 r29 r30 r31 r32 r33
800000.037998 6.510302 0.039140 0.020900 0.066644 0.096804 0.035638 0.067472 0.121752 0.106019 0.118002 0.023424 0.046649 0.130153 0.102428 0.098217 0.145605 0.164258 0.119912 0.084402 0.104210 0.112759 0.135252 0.076267 0.113556 0.131728 0.126110 0.126065 0.145336 0.102102 0.048503 0.083515 0.024628 0.073688 0.064595 0.057007
801000.038045 6.098863 0.033900 0.025630 0.074188 0.102493 0.031330 0.058477 0.122057 0.101552 0.122031 0.022672 0.051918 0.129648 0.102324 0.098005 0.142064 0.162497 0.118527 0.088829 0.109093 0.110367 0.134252 0.079438 0.111005 0.136710 0.127456 0.130406 0.145727 0.101671 0.038787 0.090839 0.026554 0.068475 0.063087 0.052188
802000.038093 5.188647 0.040625 0.032654 0.076496 0.104720 0.027971 0.057772 0.123589 0.102453 0.124926 0.020911 0.051194 0.135925 0.109638 0.104064 0.144377 0.165126 0.124141 0.095773 0.114085 0.112451 0.132215 0.088119 0.110218 0.140896 0.128321 0.133647 0.151130 0.108185 0.035557 0.093560 0.036970 0.072551 0.070126 0.057361
803000.038140 3.739694 0.047872 0.038695 0.077736 0.103768 0.028170 0.066115 0.127782 0.108940 0.127917 0.017753 0.044171 0.142532 0.115061 0.108924 0.150943 0.170682 0.130592 0.096869 0.114311 0.116379 0.135693 0.092236 0.113767 0.141585 0.128268 0.131353 0.155234 0.115813 0.036042 0.092320 0.043762 0.081268 0.077590 0.066929
804000.038188 7.452122 0.050245 0.046682 0.085686 0.111006 0.024988 0.060983 0.128660 0.106016 0.133226 0.025061 0.051586 0.143003 0.116932 0.108971 0.146027 0.167772 0.129295 0.101872 0.118756 0.112137 0.132558 0.096840 0.108786 0.146027 0.127680 0.135169 0.156009 0.117088 0.029963 0.100783 0.049274 0.080499 0.079515 0.067443
805000.038235 2.736219 0.038562 0.028239 0.073345 0.103202 0.038138 0.067620 0.127438 0.109084 0.124632 0.015186 0.049760 0.134484 0.105493 0.100653 0.149415 0.169324 0.123775 0.089517 0.110156 0.116677 0.140206 0.081282 0.117603 0.138699 0.131440 0.131231 0.150260 0.106309 0.045728 0.090298 0.030248 0.075705 0.067924 0.059190
806000.038283 7.672196 0.025372 0.034115 0.083481 0.109917 0.038628 0.053618 0.123706 0.098978 0.126702 0.025428 0.062254 0.126231 0.097957 0.096176 0.141256 0.162758 0.116293 0.093900 0.116294 0.113723 0.141166 0.079567 0.116921 0.144134 0.135402 0.138549 0.145127 0.096314 0.035474 0.100152 0.026809 0.061507 0.057484 0.045680
807000.038330 7.764456 0.037176 0.026292 0.072269 0.101543 0.026779 0.057257 0.119947 0.099852 0.120654 0.025581 0.051170 0.130168 0.104127 0.099843 0.141462 0.161974 0.118950 0.091929 0.111114 0.110487 0.131495 0.082164 0.109657 0.137481 0.127279 0.131924 0.146175 0.101524 0.039276 0.090054 0.027941 0.067877 0.063438 0.051915
808000.038378 8.246711 0.026824 0.039304 0.086822 0.110077 0.037170 0.045838 0.119499 0.092881 0.125128 0.026363 0.065004 0.124882 0.098266 0.096154 0.136063 0.157948 0.114595 0.096874 0.117689 0.110451 0.136816 0.084311 0.112655 0.144219 0.133025 0.137645 0.142198 0.096653 0.028635 0.101829 0.033526 0.059066 0.057479 0.043708
809000.038425 5.176723 0.036936 0.031104 0.075060 0.101144 0.030440 0.061838 0.122517 0.103233 0.122962 0.020887 0.048231 0.132400 0.104701 0.101359 0.145731 0.165382 0.122186 0.090782 0.110531 0.113837 0.136537 0.082195 0.113964 0.137811 0.128407 0.130231 0.147548 0.103957 0.037735 0.089953 0.031530 0.071866 0.065565 0.056614
810000.038473 6.855838 0.035941 0.033742 0.077579 0.102419 0.026779 0.055539 0.119431 0.098132 0.122335 0.024037 0.052208 0.130787 0.104137 0.101542 0.142145 0.162460 0.120540 0.094570 0.113286 0.112161 0.133413 0.084600 0.111535 0.139326 0.128136 0.132425 0.146234 0.101885 0.032201 0.092408 0.031961 0.067242 0.063304 0.052674
811000.038520 2.976399 0.040048 0.040596 0.082752 0.106561 0.029753 0.058319 0.124109 0.101887 0.127598 0.015838 0.052337 0.134998 0.107515 0.103089 0.144565 0.165472 0.123823 0.097060 0.116089 0.114009 0.136976 0.088474 0.113989 0.143227 0.130381 0.134180 0.149795 0.106995 0.029835 0.097057 0.039278 0.072463 0.068745 0.058587
812000.038568 8.874721 0.046732 0.021827 0.063765 0.095946 0.027198 0.064493 0.120331 0.104690 0.117361 0.027349 0.043550 0.137030 0.111963 0.105785 0.146060 0.164306 0.125481 0.091426 0.107348 0.111902 0.126104 0.086022 0.107098 0.132859 0.122780 0.127507 0.150667 0.109679 0.046785 0.082484 0.034461 0.076260 0.072369 0.060376
813000.038615 9.650697 0.033549 0.037783 0.083609 0.107699 0.029317 0.045709 0.117715 0.092271 0.123784 0.028519 0.061559 0.127720 0.102359 0.099744 0.136642 0.158531 0.116877 0.098526 0.117744 0.109591 0.132463 0.086752 0.109771 0.143215 0.130621 0.137527 0.144593 0.098815 0.028658 0.099119 0.033738 0.060633 0.059648 0.045995
814000.038663 8.710972 0.037199 0.034808 0.078560 0.102754 0.027852 0.051495 0.117422 0.095449 0.121091 0.027095 0.055292 0.131007 0.105869 0.102879 0.139564 0.159740 0.120600 0.096359 0.113876 0.110545 0.129930 0.087656 0.108600 0.139097 0.126964 0.132588 0.145843 0.103240 0.031118 0.093151 0.036001 0.066441 0.064656 0.051614
815000.038710 5.670582 0.027686 0.034703 0.083449 0.108842 0.036165 0.056124 0.124237 0.100306 0.127164 0.021861 0.058709 0.126344 0.097433 0.094804 0.141162 0.162592 0.115700 0.091224 0.114398 0.112261 0.142065 0.078242 0.116652 0.142757 0.133617 0.135639 0.144229 0.097077 0.034539 0.098874 0.026306 0.064673 0.058279 0.049152
816000.038758 11.197567 0.044950 0.027591 0.069876 0.100467 0.021639 0.062111 0.120872 0.102869 0.121762 0.030720 0.046378 0.134864 0.109500 0.103999 0.144277 0.164038 0.123003 0.092153 0.109983 0.110569 0.129245 0.083155 0.108024 0.136379 0.124971 0.131654 0.150434 0.105549 0.043119 0.088368 0.031725 0.072635 0.068760 0.058223
817000.038805 9.995852 0.041074 0.027511 0.070614 0.099783 0.021997 0.060317 0.120136 0.101452 0.121070 0.029025 0.046130 0.132739 0.107085 0.102502 0.143204 0.163079 0.121444 0.091520 0.109751 0.110480 0.129616 0.082552 0.108125 0.136145 0.124702 0.130215 0.148052 0.103844 0.039604 0.088051 0.030949 0.070852 0.066920 0.056194
818000.038853 6.090396 0.040857 0.025102 0.070654 0.102047 0.027325 0.064339 0.125173 0.106727 0.123838 0.022656 0.045676 0.134963 0.107775 0.101820 0.146341 0.166866 0.122940 0.089849 0.109343 0.112143 0.133421 0.081665 0.110996 0.137360 0.126888 0.130563 0.150607 0.106645 0.042209 0.088998 0.029754 0.074545 0.069213 0.058687
819000.038900 3.626648 0.035776 0.035073 0.081805 0.108708 0.031645 0.057347 0.125977 0.102944 0.128445 0.017483 0.054905 0.133860 0.105932 0.101776 0.145278 0.166980 0.122521 0.096009 0.116936 0.114708 0.139287 0.085521 0.115775 0.144896 0.133566 0.137378 0.150753 0.104811 0.032808 0.098163 0.033349 0.069651 0.066126 0.054571
820000.038948 9.807665 0.034372 0.018519 0.069145 0.100618 0.037302 0.062843 0.122821 0.104071 0.119504 0.028750 0.054067 0.126472 0.098930 0.093889 0.140764 0.161446 0.114960 0.083172 0.103893 0.107944 0.132586 0.074057 0.109320 0.131913 0.125041 0.126855 0.143249 0.099420 0.048305 0.087184 0.020749 0.069729 0.061054 0.051575
821000.038995 4.922423 0.032638 0.029360 0.076360 0.104345 0.032679 0.057623 0.122291 0.100935 0.123130 0.020368 0.054138 0.128667 0.101065 0.097257 0.141846 0.162604 0.117882 0.091098 0.111786 0.111883 0.136455 0.079973 0.113309 0.139235 0.130161 0.133107 0.145444 0.099904 0.037628 0.093503 0.027235 0.067027 0.061674 0.050995
822000.039043 7.461978 0.036449 0.027657 0.074226 0.102776 0.026361 0.057468 0.120945 0.100315 0.122389 0.025077 0.051073 0.130892 0.104457 0.100407 0.142048 0.162651 0.119709 0.091944 0.111361 0.110680 0.132277 0.081985 0.110005 0.138217 0.127460 0.132272 0.147096 0.101878 0.037503 0.091288 0.027824 0.068125 0.063755 0.052498
823000.039090 5.429173 0.038387 0.030147 0.073883 0.100735 0.027988 0.058802 0.120721 0.101238 0.121186 0.021391 0.049333 0.132495 0.106039 0.102066 0.143332 0.163256 0.121784 0.092663 0.110933 0.112094 0.132109 0.084983 0.110642 0.137273 0.126699 0.129940 0.146999 0.104895 0.036202 0.089484 0.032991 0.071042 0.066433 0.055320
824000.039138 5.186067 0.038550 0.036519 0.081022 0.106414 0.026672 0.054504 0.122139 0.099350 0.125808 0.020906 0.053336 0.132625 0.106074 0.101256 0.141324 0.162543 0.120807 0.095861 0.115449 0.110962 0.134775 0.086457 0.111332 0.142359 0.129410 0.134649 0.148041 0.104680 0.029690 0.096690 0.035555 0.069184 0.066770 0.055042
825000.039185 6.578049 0.045906 0.023772 0.066030 0.097784 0.030926 0.065815 0.122029 0.106017 0.118891 0.023545 0.045892 0.135483 0.109594 0.102751 0.144919 0.163637 0.123642 0.088789 0.105543 0.110594 0.128006 0.083755 0.107633 0.132143 0.122769 0.126389 0.149321 0.108768 0.047720 0.084224 0.033581 0.077319 0.071241 0.060721
826000.039233 5.524824 0.026585 0.030216 0.079355 0.105720 0.038435 0.056569 0.122043 0.099795 0.122959 0.021578 0.058776 0.125550 0.097077 0.094989 0.141200 0.161636 0.115702 0.090297 0.112494 0.112933 0.140520 0.078500 0.116438 0.139977 0.132898 0.133786 0.142677 0.096900 0.038273 0.095262 0.024168 0.064322 0.057508 0.047328
827000.039280 5.081402 0.030960 0.031812 0.079922 0.107210 0.033223 0.056809 0.123890 0.101048 0.126120 0.020694 0.056101 0.129446 0.101364 0.098070 0.142907 0.164134 0.118768 0.092578 0.113951 0.112932 0.138542 0.080564 0.114741 0.141964 0.132213 0.135583 0.147088 0.099916 0.035721 0.096526 0.027346 0.066206 0.061133 0.050482
828000.039328 6.553166 0.041973 0.027979 0.072121 0.101768 0.023722 0.061424 0.123163 0.104145 0.123404 0.023501 0.046582 0.135824 0.109411 0.104151 0.145729 0.166095 0.124124 0.092935 0.111118 0.112188 0.131213 0.084812 0.109826 0.138096 0.126481 0.131573 0.151179 0.107186 0.039068 0.089447 0.032380 0.073372 0.069208 0.057965
829000.039375 3.800711 0.035894 0.041320 0.085263 0.108780 0.033193 0.056805 0.124399 0.100643 0.128530 0.017897 0.056060 0.131855 0.103525 0.099382 0.142790 0.163948 0.120582 0.095756 0.116382 0.112972 0.139861 0.085530 0.115132 0.144041 0.131893 0.135327 0.147445 0.103778 0.029891 0.099830 0.036778 0.069604 0.065605 0.055836
830000.039423 4.253946 0.036319 0.041778 0.085591 0.108810 0.031997 0.054514 0.123580 0.099605 0.128293 0.018934 0.056570 0.133861 0.106401 0.103794 0.144782 0.166056 0.123621 0.100281 0.120126 0.116388 0.139556 0.089494 0.116813 0.146882 0.134426 0.138493 0.149860 0.104753 0.026094 0.100065 0.038790 0.068216 0.066357 0.054857
831000.039470 2.952633 0.044613 0.040211 0.082261 0.108063 0.030532 0.063758 0.128967 0.107844 0.130643 0.015775 0.049280 0.139965 0.111901 0.105193 0.148252 0.169058 0.127406 0.095794 0.115104 0.114268 0.138406 0.090212 0.114047 0.143469 0.129868 0.133103 0.153679 0.113561 0.033822 0.097084 0.041951 0.079176 0.075179 0.064844
832000.039518 7.905112 0.033309 0.043519 0.088609 0.110395 0.032502 0.045866 0.119270 0.092742 0.126674 0.025811 0.062861 0.129117 0.103063 0.100232 0.137154 0.159023 0.118332 0.100242 0.119645 0.110715 0.135494 0.089153 0.111560 0.145709 0.132040 0.138299 0.145186 0.101081 0.022338 0.102890 0.038861 0.062463 0.062356 0.049124
833000.039565 6.401941 0.045480 0.022118 0.064506 0.096185 0.030930 0.068763 0.123077 0.108258 0.118834 0.023228 0.041856 0.136656 0.109944 0.103702 0.148104 0.166293 0.125253 0.087565 0.105034 0.112728 0.131057 0.083168 0.110250 0.132009 0.123513 0.125262 0.149886 0.109947 0.048143 0.082104 0.032597 0.079224 0.072263 0.062748
834000.039613 6.087976 0.028780 0.032028 0.080832 0.107539 0.034657 0.054027 0.122632 0.099147 0.125234 0.022651 0.058312 0.127760 0.100196 0.097339 0.140868 0.162079 0.117365 0.092810 0.114290 0.112215 0.138104 0.080696 0.114164 0.141982 0.132369 0.135748 0.145412 0.098678 0.034244 0.097354 0.028269 0.064239 0.060149 0.048492
835000.039660 2.210806 0.046209 0.036825 0.076145 0.102611 0.031187 0.067320 0.127126 0.108979 0.126304 0.013650 0.044991 0.140179 0.112239 0.106612 0.150511 0.170173 0.128755 0.094819 0.112658 0.116569 0.136469 0.089417 0.114986 0.140017 0.128596 0.130432 0.153499 0.113010 0.039271 0.090773 0.040442 0.080398 0.074696 0.065249
836000.039708 6.913835 0.045142 0.025510 0.067840 0.098784 0.025693 0.065002 0.123659 0.106740 0.121216 0.024139 0.043506 0.136987 0.110739 0.104079 0.145962 0.165608 0.124666 0.090052 0.107031 0.110505 0.128063 0.085104 0.107115 0.133870 0.122467 0.126616 0.150626 0.110341 0.043077 0.085313 0.034290 0.077673 0.072510 0.061379
837000.039755 10.530476 0.033824 0.029776 0.078137 0.106225 0.031634 0.050561 0.119350 0.096173 0.122262 0.029791 0.059218 0.127689 0.102576 0.099103 0.137812 0.159098 0.116710 0.094559 0.114505 0.109724 0.132099 0.082959 0.109698 0.140769 0.130137 0.136177 0.145127 0.098887 0.036392 0.095856 0.029910 0.062659 0.061181 0.046799
838000.039803 8.175064 0.042588 0.028366 0.072677 0.103106 0.022524 0.058632 0.122906 0.102626 0.123733 0.026248 0.049267 0.135771 0.110156 0.104143 0.143894 0.164972 0.123389 0.094511 0.112165 0.110450 0.128339 0.086452 0.107058 0.138728 0.125708 0.132566 0.151439 0.107446 0.039018 0.090864 0.033743 0.072268 0.069425 0.056768
839000.039850 6.664288 0.031191 0.024600 0.074396 0.102867 0.035926 0.058060 0.121134 0.100757 0.120638 0.023699 0.055265 0.127131 0.099838 0.096347 0.140901 0.160897 0.116683 0.088156 0.109146 0.110934 0.135999 0.078205 0.112701 0.136521 0.129199 0.130966 0.143529 0.099198 0.041122 0.091352 0.024403 0.066686 0.060601 0.049551
840000.039898 8.248354 0.027842 0.029172 0.079530 0.106750 0.035018 0.054557 0.121611 0.098432 0.123794 0.026366 0.058930 0.123896 0.096255 0.092897 0.137740 0.158986 0.112818 0.088417 0.111068 0.108649 0.137647 0.075477 0.112543 0.139021 0.130445 0.133599 0.141974 0.094992 0.038097 0.096205 0.021834 0.062652 0.056434 0.046182
841000.039945 6.730840 0.040240 0.032054 0.075580 0.102328 0.022496 0.057936 0.121201 0.100690 0.123320 0.023817 0.048790 0.133181 0.106767 0.102128 0.142683 0.163312 0.121523 0.093361 0.111860 0.110446 0.131484 0.084597 0.109291 0.138456 0.126060 0.131328 0.148255 0.104756 0.034450 0.091405 0.032644 0.070665 0.066692 0.056018
842000.039993 7.095600 0.034604 0.028462 0.076286 0.105045 0.029373 0.056708 0.121944 0.100221 0.123625 0.024454 0.054546 0.128570 0.101629 0.097368 0.140451 0.161806 0.117031 0.091067 0.111778 0.109797 0.134324 0.079692 0.111083 0.139158 0.129059 0.133639 0.145865 0.099405 0.038439 0.093760 0.025274 0.066558 0.061065 0.050440
843000.040040 2.828422 0.041637 0.041348 0.082357 0.106250 0.030766 0.061029 0.125511 0.104086 0.128194 0.015439 0.051033 0.137536 0.109536 0.105392 0.147885 0.168367 0.126658 0.098354 0.117006 0.116587 0.138576 0.090338 0.116006 0.144071 0.131521 0.134645 0.151821 0.109544 0.031221 0.096456 0.040743 0.074753 0.070961 0.060943
844000.040088 1.889623 0.035976 0.036948 0.083000 0.109721 0.037543 0.061072 0.128321 0.105471 0.129707 0.012620 0.056025 0.134420 0.105319 0.100220 0.146603 0.167719 0.123034 0.094209 0.115386 0.115290 0.141765 0.084906 0.117126 0.144225 0.133699 0.135744 0.150639 0.106488 0.036915 0.098904 0.035056 0.072826 0.067672 0.057588
845000.040135 4.100550 0.030165 0.034347 0.081031 0.105203 0.035474 0.055097 0.120573 0.098244 0.123134 0.018590 0.057270 0.128122 0.100289 0.098412 0.141783 0.161880 0.118610 0.093531 0.114282 0.113940 0.139326 0.082726 0.116077 0.141076 0.132500 0.134230 0.144200 0.099381 0.033441 0.095607 0.029915 0.065432 0.060057 0.049925
846000.040183 5.238156 0.040781 0.022666 0.069091 0.100969 0.032026 0.065696 0.125740 0.108066 0.122567 0.021011 0.046476 0.135106 0.107690 0.101521 0.146974 0.167170 0.123245 0.088387 0.107709 0.112560 0.133517 0.081559 0.111439 0.135806 0.126661 0.128957 0.150411 0.107713 0.044839 0.087382 0.030402 0.075972 0.069911 0.059075
847000.040230 4.136024 0.038819 0.028079 0.073972 0.101696 0.031274 0.062562 0.123751 0.104701 0.122904 0.018670 0.048853 0.133569 0.105810 0.101306 0.145952 0.166014 0.122425 0.090326 0.110138 0.113250 0.136051 0.082616 0.113626 0.137657 0.128495 0.130378 0.148709 0.105600 0.040153 0.089602 0.030089 0.073239 0.066720 0.056959
848000.040278 4.349031 0.033588 0.035351 0.082129 0.108129 0.034102 0.054224 0.123576 0.100001 0.126191 0.019145 0.057788 0.131163 0.103738 0.099226 0.141415 0.162722 0.119829 0.094678 0.114864 0.111638 0.136698 0.085556 0.112571 0.142363 0.131058 0.134819 0.147064 0.104005 0.032116 0.098094 0.034238 0.068017 0.064875 0.052467
849000.040325 4.321316 0.030404 0.031810 0.080802 0.108169 0.039114 0.061656 0.127449 0.105213 0.127684 0.019084 0.056122 0.129769 0.100264 0.096330 0.144881 0.165814 0.118923 0.089192 0.112086 0.113860 0.142639 0.078431 0.117353 0.141411 0.133014 0.133540 0.146885 0.101574 0.039377 0.096742 0.027478 0.069860 0.062989 0.053823
850000.040373 4.699083 0.042370 0.038817 0.081507 0.107431 0.025416 0.058099 0.125048 0.102824 0.128508 0.019900 0.051667 0.137163 0.110286 0.104478 0.144556 0.165845 0.124900 0.097289 0.115669 0.112077 0.134095 0.089623 0.110764 0.142979 0.128637 0.134427 0.151889 0.109601 0.030742 0.097026 0.039418 0.073929 0.071144 0.059853
851000.040420 10.366042 0.034428 0.024660 0.072320 0.100883 0.028603 0.055680 0.117857 0.097595 0.119117 0.029557 0.053431 0.127066 0.101491 0.098767 0.139627 0.159951 0.116764 0.090816 0.110309 0.110031 0.131056 0.079295 0.109654 0.136378 0.127320 0.131972 0.144097 0.097393 0.040233 0.089568 0.024300 0.064331 0.059538 0.048247
852000.040468 4.101851 0.039320 0.025668 0.071526 0.103202 0.037872 0.069931 0.129292 0.111574 0.125381 0.018593 0.047441 0.134746 0.105644 0.099753 0.149724 0.169921 0.123362 0.086811 0.108143 0.115497 0.140025 0.079013 0.116571 0.137634 0.130119 0.129803 0.150663 0.107145 0.047256 0.089435 0.029636 0.077620 0.069705 0.061010
853000.040515 4.913826 0.029886 0.030552 0.079334 0.106056 0.035954 0.057790 0.123020 0.101128 0.124435 0.020350 0.056715 0.128270 0.099940 0.097448 0.142894 0.163413 0.118257 0.091134 0.112823 0.113657 0.140026 0.079308 0.116297 0.140666 0.132801 0.134680 0.145585 0.098872 0.037474 0.095381 0.025806 0.066125 0.059887 0.050013
854000.040563 6.300609 0.045973 0.030268 0.070530 0.100430 0.023128 0.065287 0.124818 0.107010 0.123961 0.023043 0.041895 0.139535 0.112756 0.106734 0.149338 0.169132 0.127594 0.094293 0.111556 0.114255 0.131532 0.087391 0.110745 0.138359 0.125989 0.130720 0.153809 0.111288 0.040647 0.087911 0.036300 0.077384 0.073620 0.062744
855000.040610 7.927758 0.042163 0.024254 0.069203 0.100518 0.027439 0.060712 0.122560 0.103744 0.121136 0.025848 0.048752 0.135465 0.109711 0.103870 0.144734 0.165034 0.123609 0.092490 0.109505 0.111057 0.127537 0.085291 0.107266 0.135828 0.124649 0.130052 0.150763 0.107746 0.042658 0.087544 0.032564 0.073077 0.069490 0.056754
856000.040658 7.808285 0.035235 0.032082 0.078356 0.105360 0.028112 0.051495 0.119352 0.096315 0.122736 0.025653 0.056599 0.129021 0.103435 0.098792 0.137586 0.158738 0.117440 0.093914 0.112854 0.107929 0.130419 0.084210 0.107310 0.139249 0.127081 0.133255 0.145024 0.101240 0.033981 0.095110 0.031698 0.065597 0.062836 0.050181
857000.040705 8.047317 0.025112 0.032947 0.081931 0.106368 0.036247 0.050356 0.118252 0.094259 0.121940 0.026042 0.061725 0.123020 0.095740 0.094800 0.137526 0.158100 0.113525 0.092805 0.114673 0.111422 0.138850 0.079511 0.114899 0.141038 0.133022 0.135674 0.140514 0.093544 0.034442 0.097179 0.024495 0.059074 0.053932 0.042975
858000.040753 3.940049 0.031490 0.037843 0.085247 0.110324 0.035920 0.053532 0.124330 0.099553 0.128272 0.018222 0.059729 0.131469 0.103617 0.100585 0.143458 0.164843 0.121081 0.097447 0.118533 0.115083 0.140506 0.085886 0.116666 0.146217 0.135232 0.138852 0.148682 0.102370 0.030931 0.100783 0.034220 0.066043 0.063330 0.051280
859000.040800 9.942209 0.035178 0.045431 0.089029 0.110539 0.032249 0.045598 0.118134 0.091061 0.126619 0.028947 0.063812 0.127834 0.102254 0.100580 0.137405 0.159259 0.117657 0.102724 0.122526 0.112591 0.136536 0.089017 0.113713 0.147784 0.134356 0.141264 0.145003 0.097612 0.026212 0.103676 0.038726 0.059936 0.059829 0.047715
860000.040848 8.319195 0.040017 0.030564 0.075779 0.104981 0.023927 0.056920 0.121983 0.100586 0.124436 0.026479 0.052175 0.132866 0.106917 0.101870 0.142132 0.163444 0.120833 0.094597 0.113552 0.110388 0.131265 0.084323 0.109117 0.140326 0.127990 0.134726 0.149404 0.103548 0.037531 0.093633 0.030726 0.068858 0.065674 0.053770
861000.040895 10.509941 0.054127 0.027228 0.060636 0.093506 0.032148 0.073956 0.122250 0.110426 0.117434 0.029762 0.039625 0.141209 0.115623 0.109209 0.151606 0.168178 0.130121 0.091363 0.105765 0.115670 0.127721 0.087333 0.110366 0.131141 0.122608 0.125843 0.153807 0.113573 0.054692 0.078920 0.038687 0.083642 0.076973 0.067955
862000.040943 5.366071 0.027426 0.041244 0.087950 0.110380 0.037449 0.053453 0.123416 0.098123 0.128432 0.021266 0.061083 0.127221 0.098505 0.096836 0.141300 0.162631 0.117372 0.095442 0.117856 0.114066 0.143225 0.082829 0.117912 0.145580 0.135185 0.137295 0.144398 0.098298 0.028518 0.101867 0.033416 0.064324 0.059500 0.050124
863000.040990 6.010807 0.042296 0.027709 0.072127 0.102898 0.029816 0.065504 0.127032 0.108354 0.125323 0.022507 0.045551 0.136877 0.109673 0.102907 0.147174 0.167504 0.124617 0.089784 0.108859 0.112157 0.133210 0.083260 0.110299 0.137327 0.125992 0.129297 0.151764 0.109614 0.042332 0.089735 0.034553 0.077308 0.072458 0.061596
864000.041038 10.483242 0.052642 0.032455 0.066401 0.096043 0.020202 0.068973 0.122823 0.108099 0.121299 0.029724 0.035350 0.142365 0.117063 0.110085 0.149737 0.167032 0.130369 0.093727 0.108468 0.113102 0.126817 0.090199 0.106977 0.134171 0.120796 0.126167 0.153782 0.115681 0.044069 0.083322 0.042507 0.082433 0.079080 0.068574
865000.041085 3.023445 0.039523 0.035789 0.078797 0.104245 0.030606 0.058528 0.123382 0.102180 0.125039 0.015963 0.051555 0.135321 0.108220 0.103213 0.144430 0.164644 0.124091 0.094913 0.112975 0.112682 0.133703 0.088230 0.111305 0.139910 0.127779 0.131406 0.149560 0.108382 0.033652 0.093639 0.037896 0.073226 0.069329 0.058017
866000.041133 3.136754 0.039045 0.032990 0.076550 0.103601 0.030953 0.062481 0.125620 0.105762 0.125559 0.016259 0.048054 0.136125 0.108142 0.103067 0.147429 0.167497 0.124847 0.092701 0.112082 0.114385 0.136975 0.085818 0.113862 0.139886 0.128951 0.131107 0.150486 0.108890 0.036009 0.092191 0.035814 0.075060 0.070455 0.059685
867000.041180 6.024006 0.031704 0.033279 0.080988 0.107910 0.033718 0.055443 0.125018 0.101532 0.126775 0.022532 0.057647 0.130153 0.102363 0.098256 0.141589 0.163907 0.118613 0.092724 0.113268 0.110770 0.135665 0.082652 0.111769 0.141244 0.129988 0.133728 0.147111 0.102500 0.033596 0.096937 0.031371 0.067735 0.063365 0.051078
868000.041228 5.489814 0.032233 0.029134 0.076917 0.104860 0.038672 0.062740 0.124154 0.103897 0.123965 0.021510 0.054746 0.128652 0.099790 0.097189 0.145460 0.165072 0.118951 0.089448 0.111962 0.115752 0.142919 0.077530 0.119136 0.139999 0.133989 0.134183 0.145928 0.098933 0.043245 0.093631 0.024276 0.068433 0.060728 0.052753
869000.041275 9.578326 0.034001 0.026770 0.074262 0.103015 0.031686 0.053838 0.119349 0.097640 0.120591 0.028412 0.056781 0.128814 0.103031 0.099931 0.140527 0.161437 0.118353 0.093585 0.112285 0.111034 0.130566 0.082152 0.109702 0.138260 0.128519 0.134066 0.146272 0.099446 0.039670 0.091848 0.027674 0.063971 0.060839 0.047475
870000.041323 10.560398 0.028098 0.035160 0.082987 0.107915 0.032564 0.050700 0.120234 0.095759 0.124991 0.029833 0.060164 0.125394 0.098676 0.097042 0.138155 0.159717 0.115191 0.093920 0.115292 0.110643 0.136809 0.080277 0.112750 0.142287 0.131725 0.136528 0.143418 0.095592 0.031149 0.098722 0.028859 0.060536 0.057663 0.045611
871000.041370 4.553043 0.036770 0.024260 0.070582 0.101255 0.038774 0.068153 0.126727 0.109023 0.122805 0.019589 0.048898 0.131549 0.102597 0.097580 0.147366 0.167338 0.120762 0.085374 0.106536 0.114253 0.138700 0.076726 0.115689 0.135502 0.128999 0.128446 0.147751 0.103784 0.047431 0.088007 0.027239 0.074871 0.066233 0.057973
872000.041418 3.969653 0.035916 0.032533 0.076406 0.102621 0.030655 0.057166 0.120962 0.099976 0.122392 0.018291 0.052326 0.131805 0.104798 0.101224 0.143281 0.163439 0.121424 0.094226 0.112785 0.113077 0.133727 0.085055 0.112140 0.139218 0.128693 0.132194 0.147165 0.103410 0.035445 0.092065 0.032856 0.069028 0.064619 0.053438
873000.041465 4.953468 0.035145 0.033431 0.079312 0.106411 0.029661 0.060230 0.125453 0.103697 0.127393 0.020432 0.051188 0.132191 0.103936 0.099781 0.145038 0.166171 0.120942 0.092292 0.113613 0.113296 0.139043 0.081543 0.114782 0.141958 0.131027 0.134120 0.148738 0.103095 0.034923 0.095490 0.030388 0.070402 0.065163 0.055696
874000.041513 6.963624 0.037640 0.035274 0.080926 0.107968 0.025911 0.053963 0.122146 0.098991 0.126515 0.024226 0.055446 0.132045 0.105883 0.101332 0.140817 0.162412 0.120316 0.096302 0.115964 0.110659 0.133908 0.085723 0.110517 0.142991 0.130143 0.136574 0.148571 0.103007 0.032366 0.097741 0.033198 0.067588 0.064870 0.053049
875000.041560 4.156097 0.041994 0.025601 0.070074 0.101158 0.031061 0.066238 0.125400 0.107861 0.123041 0.018715 0.045502 0.136304 0.108850 0.102942 0.148013 0.167707 0.124786 0.090178 0.109106 0.114082 0.134380 0.083490 0.112605 0.136928 0.127516 0.129772 0.151149 0.108492 0.043965 0.087888 0.031891 0.076643 0.070651 0.060426
876000.041608 2.414721 0.038399 0.032228 0.077142 0.105254 0.037678 0.062903 0.125697 0.105441 0.125125 0.014266 0.053153 0.134822 0.106592 0.101895 0.147719 0.167489 0.124173 0.093619 0.113656 0.116662 0.139821 0.085032 0.117243 0.141379 0.132883 0.134314 0.150454 0.106613 0.041748 0.093885 0.033702 0.073160 0.067992 0.057463
877000.041655 6.272066 0.046684 0.031553 0.073707 0.104668 0.026074 0.063804 0.126407 0.107173 0.126418 0.022991 0.046286 0.139287 0.112992 0.105171 0.146703 0.167127 0.126193 0.093953 0.112418 0.112038 0.132339 0.087623 0.109614 0.140135 0.127108 0.132778 0.153935 0.111860 0.041352 0.092319 0.038304 0.077919 0.074828 0.063079
878000.041703 6.061042 0.041506 0.040389 0.081871 0.105706 0.025298 0.055745 0.122724 0.100301 0.126621 0.022601 0.052109 0.135899 0.109503 0.104663 0.143024 0.164063 0.124125 0.098091 0.115586 0.111558 0.132173 0.090787 0.109615 0.141907 0.127192 0.132883 0.149835 0.108915 0.026908 0.096177 0.041080 0.072196 0.070450 0.058331
879000.041750 6.334153 0.042580 0.022162 0.067233 0.098993 0.030411 0.067237 0.124240 0.107716 0.121296 0.023105 0.044114 0.134952 0.107756 0.101603 0.146945 0.166202 0.123353 0.086908 0.105590 0.111820 0.132306 0.080312 0.110388 0.133497 0.124676 0.127247 0.149808 0.107315 0.046540 0.085295 0.029376 0.076568 0.069676 0.060343
880000.041798 5.130763 0.035552 0.035877 0.081343 0.106961 0.028602 0.055302 0.122498 0.099490 0.126359 0.020794 0.054436 0.131309 0.104064 0.100406 0.142308 0.163506 0.120250 0.095366 0.115711 0.112460 0.136850 0.084177 0.113428 0.142953 0.131237 0.135964 0.147902 0.101912 0.031564 0.097131 0.032360 0.067248 0.063648 0.052883
881000.041845 10.311642 0.023402 0.036482 0.085398 0.109657 0.037167 0.046112 0.118778 0.092516 0.124185 0.029480 0.065459 0.122121 0.095367 0.094162 0.135195 0.156811 0.112186 0.094736 0.116616 0.109964 0.137856 0.080204 0.113358 0.143184 0.133531 0.138083 0.140625 0.092691 0.031405 0.101252 0.028171 0.056276 0.053756 0.040526
882000.041893 10.550957 0.034525 0.024928 0.074524 0.104697 0.030747 0.054117 0.120376 0.098415 0.121822 0.029820 0.056624 0.127901 0.102385 0.098014 0.138744 0.159983 0.116421 0.091439 0.111574 0.108752 0.131208 0.079995 0.108659 0.138392 0.128363 0.134259 0.145695 0.098856 0.040640 0.093244 0.025839 0.064319 0.061132 0.047930
883000.041940 6.186413 0.027374 0.033859 0.082931 0.108605 0.037548 0.052354 0.121937 0.097666 0.125068 0.022834 0.061514 0.127326 0.099514 0.097420 0.141048 0.161996 0.117373 0.094589 0.116280 0.113599 0.140289 0.081828 0.116322 0.143518 0.134783 0.137884 0.145102 0.097943 0.034556 0.099072 0.028391 0.062295 0.058553 0.046493
884000.041988 8.397978 0.039217 0.019301 0.066338 0.098680 0.033034 0.066712 0.123459 0.106901 0.120027 0.026604 0.046912 0.131912 0.104574 0.099817 0.146206 0.165980 0.120961 0.086304 0.105799 0.112497 0.133405 0.077376 0.111892 0.133566 0.126268 0.128281 0.148065 0.103379 0.047952 0.084952 0.024983 0.073552 0.066146 0.056736
885000.042035 15.648446 0.031389 0.051341 0.096068 0.114168 0.038193 0.036041 0.115137 0.084457 0.126997 0.036316 0.072253 0.123441 0.098717 0.099134 0.132746 0.155140 0.114168 0.105987 0.126385 0.111863 0.138251 0.090649 0.114469 0.150807 0.137004 0.144543 0.141287 0.093549 0.019847 0.109397 0.042148 0.052780 0.055853 0.042212
886000.042083 7.177515 0.030911 0.023186 0.072571 0.100876 0.040475 0.061000 0.120657 0.101512 0.118564 0.024595 0.056466 0.124532 0.096488 0.093628 0.140667 0.160214 0.114719 0.084964 0.106111 0.110995 0.136741 0.074098 0.113957 0.133508 0.128693 0.128945 0.141471 0.096377 0.045991 0.089132 0.020671 0.066438 0.057712 0.048732
887000.042130 2.206175 0.041658 0.038287 0.080620 0.105589 0.032939 0.060431 0.125195 0.104204 0.126500 0.013636 0.051850 0.137641 0.110170 0.105082 0.146806 0.166919 0.126385 0.096932 0.115406 0.115323 0.136938 0.091038 0.114331 0.142428 0.130431 0.132962 0.151203 0.111075 0.033877 0.094976 0.040827 0.075802 0.072027 0.060774
888000.042178 5.623908 0.039529 0.021074 0.068477 0.100647 0.035381 0.066365 0.124694 0.107320 0.121157 0.021771 0.049093 0.131718 0.104133 0.098301 0.145069 0.165129 0.120230 0.086017 0.105815 0.111719 0.133954 0.077904 0.111902 0.134049 0.126705 0.128201 0.147699 0.104019 0.048032 0.086935 0.026186 0.074158 0.066309 0.056823
889000.042225 5.872209 0.035746 0.039323 0.084469 0.108515 0.031887 0.057642 0.125094 0.102054 0.128979 0.022246 0.054414 0.134210 0.106306 0.102982 0.145621 0.166470 0.123510 0.096406 0.117282 0.115151 0.140779 0.086865 0.116210 0.145065 0.133112 0.136288 0.149827 0.105760 0.029617 0.098870 0.037113 0.070616 0.067394 0.056923
890000.042273 3.108760 0.046504 0.033188 0.073830 0.103150 0.029147 0.067790 0.128594 0.110437 0.126955 0.016186 0.042795 0.140658 0.113067 0.105665 0.149847 0.169922 0.128124 0.092570 0.110925 0.114368 0.134704 0.087981 0.112154 0.139125 0.126847 0.129444 0.154139 0.113994 0.041020 0.090357 0.039831 0.081374 0.076306 0.066032
891000.042320 7.534371 0.046699 0.023399 0.062790 0.093393 0.032507 0.070891 0.121829 0.108538 0.116800 0.025199 0.040763 0.134426 0.107587 0.102115 0.147445 0.165680 0.123476 0.085424 0.102701 0.112516 0.130636 0.080215 0.110808 0.129466 0.122271 0.122988 0.147807 0.107397 0.050079 0.079349 0.031940 0.079163 0.070545 0.062647
892000.042368 8.072438 0.035508 0.038035 0.082605 0.106789 0.027216 0.052013 0.120116 0.096176 0.125626 0.026083 0.056366 0.130844 0.104491 0.101239 0.140495 0.161501 0.120093 0.096890 0.115982 0.111057 0.134096 0.085750 0.110764 0.142468 0.129447 0.135670 0.147060 0.101707 0.029326 0.097623 0.034527 0.065465 0.063281 0.052167
893000.042415 6.796855 0.040602 0.019911 0.066173 0.097652 0.031170 0.063769 0.121481 0.104498 0.118309 0.023934 0.046975 0.132379 0.105811 0.100308 0.144434 0.163880 0.121094 0.087815 0.106018 0.111071 0.130389 0.080444 0.109442 0.132857 0.124543 0.127274 0.147379 0.104890 0.045969 0.084431 0.027964 0.073173 0.067020 0.056527
894000.042463 3.258401 0.039450 0.042505 0.084661 0.108223 0.032016 0.061429 0.126830 0.104541 0.130177 0.016571 0.052167 0.135566 0.106904 0.103417 0.147728 0.168822 0.124789 0.097593 0.118190 0.117090 0.142174 0.087627 0.118510 0.145977 0.133797 0.136277 0.151022 0.106651 0.030683 0.098669 0.039008 0.073650 0.068875 0.060139
895000.042510 8.570348 0.051137 0.025898 0.063464 0.097702 0.032091 0.071437 0.124494 0.110399 0.120206 0.026875 0.042425 0.139393 0.113617 0.105939 0.149008 0.167390 0.127336 0.090361 0.106524 0.113567 0.128712 0.085652 0.109318 0.133225 0.123778 0.127397 0.153104 0.112252 0.052447 0.083302 0.037360 0.081803 0.075902 0.065822
896000.042558 3.716366 0.041788 0.037791 0.081434 0.108887 0.027540 0.059452 0.127445 0.104938 0.130121 0.017698 0.051867 0.138017 0.110705 0.104371 0.145941 0.167750 0.125438 0.097068 0.116174 0.112963 0.135344 0.089257 0.111814 0.144166 0.129975 0.135462 0.153512 0.110190 0.032718 0.097895 0.039011 0.074845 0.071863 0.060139
897000.042605 8.536387 0.046971 0.023733 0.063834 0.094480 0.025334 0.066572 0.120129 0.105394 0.117401 0.026822 0.039970 0.136227 0.110505 0.104726 0.146697 0.164599 0.124920 0.089255 0.105913 0.111893 0.128504 0.084074 0.108459 0.131850 0.122276 0.125674 0.149216 0.108921 0.046271 0.081244 0.033568 0.077256 0.071614 0.061887
898000.042653 5.773747 0.034800 0.034208 0.079495 0.104703 0.028392 0.054979 0.120491 0.098488 0.124033 0.022059 0.053554 0.130893 0.104301 0.101331 0.141831 0.162308 0.120590 0.094725 0.114253 0.112440 0.134987 0.084550 0.112307 0.140968 0.129797 0.134102 0.146883 0.101793 0.031615 0.094802 0.032650 0.067213 0.063510 0.052572
899000.042700 5.347992 0.024840 0.042023 0.088548 0.109898 0.041269 0.051084 0.121052 0.095357 0.126152 0.021230 0.064256 0.124892 0.096466 0.096129 0.139780 0.160552 0.116129 0.096695 0.118664 0.115077 0.143177 0.083233 0.118997 0.145527 0.136440 0.138047 0.142204 0.095683 0.029452 0.102149 0.033626 0.061003 0.056733 0.046462
900000.042748 4.344994 0.043646 0.042650 0.083412 0.107660 0.029873 0.061162 0.127166 0.105470 0.129884 0.019136 0.050333 0.139427 0.112008 0.106440 0.147395 0.168174 0.127538 0.098504 0.117031 0.114939 0.137203 0.092628 0.113638 0.144434 0.129950 0.133605 0.152714 0.113097 0.029405 0.097577 0.044315 0.077537 0.074972 0.063695
901000.042795 5.797081 0.029530 0.038737 0.085420 0.109385 0.034979 0.049717 0.121151 0.095717 0.126137 0.022104 0.061627 0.128181 0.100926 0.098790 0.140034 0.161589 0.118024 0.097827 0.118566 0.113232 0.138492 0.085408 0.115014 0.145224 0.134219 0.138543 0.145462 0.098918 0.029110 0.100771 0.033179 0.062084 0.059699 0.047205
902000.042843 9.144899 0.039951 0.024323 0.069115 0.098705 0.026916 0.062002 0.121549 0.103375 0.120111 0.027762 0.046555 0.131397 0.105235 0.099808 0.142202 0.162360 0.119648 0.087402 0.105773 0.108275 0.128525 0.080421 0.106465 0.132791 0.122139 0.125880 0.146123 0.104452 0.041897 0.085936 0.029781 0.072769 0.066919 0.056555
903000.042890 5.484473 0.029289 0.038002 0.083857 0.106345 0.034331 0.049946 0.118951 0.094562 0.123559 0.021499 0.059939 0.126991 0.099792 0.098400 0.139336 0.160223 0.117432 0.096324 0.116471 0.112698 0.137308 0.084551 0.114376 0.142611 0.132236 0.135665 0.143475 0.098123 0.028398 0.097894 0.032625 0.062082 0.058677 0.047198
904000.042938 2.745251 0.039264 0.042892 0.085009 0.108194 0.033441 0.058718 0.126173 0.103170 0.129359 0.015211 0.054234 0.136902 0.108873 0.104882 0.147000 0.168101 0.126069 0.099417 0.118391 0.116570 0.139000 0.091431 0.116021 0.145598 0.132450 0.135377 0.151379 0.109420 0.028706 0.098694 0.042220 0.073709 0.070595 0.059728
905000.042985 4.883857 0.032599 0.030342 0.077753 0.104770 0.030780 0.056665 0.122553 0.100553 0.124284 0.020288 0.053252 0.130116 0.102594 0.098897 0.142507 0.163359 0.119343 0.091924 0.112449 0.112024 0.136105 0.081393 0.112765 0.140032 0.129810 0.133150 0.146703 0.101289 0.034905 0.094006 0.028766 0.067296 0.062706 0.051900
906000.043033 2.839594 0.041257 0.029701 0.073587 0.103614 0.033923 0.067152 0.128120 0.109655 0.125739 0.015470 0.047541 0.136966 0.108557 0.102018 0.148492 0.168538 0.125061 0.089670 0.108861 0.113615 0.136168 0.084182 0.112931 0.137530 0.127498 0.128910 0.151235 0.110519 0.042727 0.090438 0.034245 0.078690 0.072020 0.062112
907000.043080 8.286026 0.025606 0.037584 0.085016 0.108442 0.036366 0.049933 0.119844 0.094386 0.124789 0.026426 0.062824 0.123945 0.096507 0.096335 0.138940 0.160472 0.114687 0.096312 0.118189 0.113569 0.139817 0.081546 0.116617 0.144633 0.135175 0.138414 0.142327 0.093289 0.032198 0.099686 0.028065 0.058410 0.053881 0.042910
908000.043128 3.934515 0.037010 0.035265 0.080431 0.106395 0.030918 0.056741 0.123021 0.100638 0.125802 0.018210 0.054465 0.132519 0.105114 0.100585 0.142900 0.163660 0.121261 0.094653 0.114470 0.112341 0.136538 0.085350 0.112994 0.141750 0.130464 0.134545 0.148287 0.104310 0.034118 0.096242 0.033752 0.069711 0.065438 0.054878
909000.043175 8.496124 0.031757 0.024798 0.074586 0.104016 0.033595 0.055814 0.120652 0.099168 0.121384 0.026759 0.056661 0.126542 0.100017 0.096757 0.139933 0.160789 0.115965 0.090486 0.111294 0.110764 0.134226 0.078428 0.111736 0.138353 0.130035 0.133883 0.144449 0.097168 0.041229 0.092562 0.023567 0.064033 0.058861 0.047073
910000.043223 4.529629 0.033755 0.028298 0.076132 0.104126 0.033068 0.058351 0.122890 0.101903 0.123272 0.019538 0.053419 0.131009 0.103344 0.099356 0.143621 0.163963 0.120219 0.091409 0.111843 0.112744 0.136738 0.082045 0.113563 0.139317 0.130239 0.132855 0.147131 0.102805 0.037906 0.092872 0.028551 0.068964 0.063868 0.052792
911000.043270 10.722615 0.030271 0.026984 0.075360 0.103210 0.034102 0.051545 0.116966 0.094676 0.118992 0.030061 0.059542 0.124070 0.098426 0.096149 0.136994 0.157503 0.114121 0.091780 0.111597 0.109535 0.131963 0.078751 0.110143 0.137428 0.129150 0.134049 0.141935 0.094467 0.040208 0.092883 0.024111 0.059781 0.055979 0.043226
912000.043318 7.924232 0.042792 0.024693 0.069854 0.101642 0.029580 0.060809 0.123030 0.104044 0.121631 0.025843 0.049917 0.135653 0.109964 0.104251 0.145341 0.165851 0.123918 0.093845 0.111569 0.112728 0.129511 0.085580 0.109526 0.137925 0.127318 0.132718 0.151730 0.107298 0.043637 0.088944 0.032976 0.072526 0.069675 0.056541
913000.043365 7.234023 0.048017 0.026088 0.066308 0.098299 0.025405 0.067166 0.123678 0.107844 0.121369 0.024691 0.041115 0.140108 0.114219 0.107899 0.149377 0.168096 0.128444 0.093082 0.109416 0.114327 0.129058 0.087491 0.109544 0.135806 0.124734 0.129269 0.153975 0.112062 0.045469 0.084692 0.036452 0.079079 0.074789 0.063695
914000.043413 9.392802 0.030582 0.024746 0.074222 0.103575 0.035452 0.058219 0.121024 0.100286 0.121136 0.028135 0.056353 0.125529 0.098189 0.095532 0.140954 0.161372 0.115287 0.088957 0.110556 0.111651 0.137074 0.075739 0.114063 0.137785 0.130932 0.133661 0.143572 0.095763 0.042783 0.092288 0.020004 0.063827 0.057763 0.047251
915000.043460 5.293244 0.041218 0.027827 0.072132 0.101612 0.030432 0.066584 0.125648 0.107681 0.124197 0.021121 0.045426 0.135908 0.107884 0.102454 0.148442 0.167918 0.124523 0.089233 0.108773 0.113735 0.136255 0.082217 0.113234 0.136970 0.127377 0.129367 0.150546 0.108022 0.043147 0.088670 0.031047 0.076588 0.069830 0.061012
916000.043508 10.658546 0.033998 0.027891 0.075837 0.105096 0.029718 0.058832 0.123437 0.101931 0.124890 0.029971 0.053487 0.128455 0.101373 0.097312 0.141539 0.163089 0.117003 0.089247 0.110506 0.109741 0.134845 0.076724 0.110929 0.138623 0.128460 0.133215 0.146579 0.098792 0.039959 0.093560 0.024823 0.066765 0.061538 0.051356
917000.043555 11.997634 0.043061 0.021716 0.066376 0.098991 0.024789 0.060756 0.119758 0.101964 0.118881 0.031798 0.048245 0.132857 0.108210 0.102752 0.142481 0.162518 0.121125 0.091307 0.108573 0.109505 0.125770 0.082732 0.105771 0.134412 0.123644 0.130112 0.148679 0.104270 0.045358 0.085959 0.029675 0.071189 0.067409 0.055281
918000.043603 12.780484 0.053344 0.024033 0.061126 0.096370 0.029260 0.069815 0.123221 0.109499 0.118582 0.032819 0.042246 0.140970 0.116725 0.108853 0.148401 0.166491 0.128513 0.092145 0.107129 0.112455 0.123999 0.088725 0.105759 0.132596 0.121713 0.127072 0.154064 0.114369 0.052913 0.081446 0.040083 0.082385 0.078172 0.066294
919000.043650 8.072131 0.024316 0.034366 0.082776 0.106338 0.037987 0.050260 0.118517 0.093863 0.122061 0.026083 0.063032 0.120922 0.093256 0.092297 0.135729 0.156940 0.111292 0.091557 0.113365 0.109811 0.137769 0.077917 0.113848 0.139909 0.131628 0.134067 0.138852 0.091972 0.034754 0.097262 0.024449 0.058662 0.052062 0.042212
920000.043698 8.283189 0.032023 0.030706 0.077991 0.104944 0.031026 0.050959 0.119206 0.095982 0.122167 0.026421 0.057762 0.127950 0.101995 0.098642 0.138747 0.159817 0.117283 0.093921 0.113307 0.109910 0.132059 0.082766 0.109536 0.139648 0.128923 0.134358 0.144929 0.099242 0.034857 0.094868 0.029894 0.062841 0.060466 0.047192
