220000.010449	-72.6203 -3.28677
221000.010497	-54.8506 -10.2878
222000.010544	-65.1241 -22.6793
223000.010592	-66.3082 4.83758
224000.010639	-54.2659 -12.5324
225000.010687	-64.1724 -8.48775
226000.010734	-59.8685 -10.1062
227000.010782	-60.7362 -9.28343
228000.010829	-67.7552 -16.0647
229000.010877	-56.1587 -20.1239
230000.010924	-64.336 -15.6635
231000.010972	-57.1153 -4.44875
232000.011019	-60.6186 -16.0059
233000.011067	-57.164 -8.51419
234000.011114	-52.7016 -22.3718
235000.011162	-66.7711 -14.3633
236000.011209	-68.0877 -9.86598
237000.011257	-65.1285 -21.8633
238000.011304	-58.9784 -5.45961
239000.011352	-54.0335 -12.182
240000.011399	-69.2801 -13.5953
241000.011447	-58.711 -8.57017
242000.011494	-81.8 -5.73312
243000.011542	-52.0598 -14.7402
244000.011589	-66.0347 -13.1792
245000.011637	-45.9412 -18.197
246000.011684	-66.273 -9.58247
247000.011732	-62.83 -10.7592
248000.011779	-58.9838 -16.5758
249000.011827	-55.9705 -13.7411
250000.011874	-57.7764 -12.004
251000.011922	-48.1131 -29.2203
252000.011969	-50.378 -15.5664
253000.012017	-64.6745 -15.1622
254000.012064	-64.8613 -5.205
255000.012112	-58.9871 -6.26868
256000.012159	-62.7579 1.57445
257000.012207	-56.9049 -6.82137
258000.012254	-51.9754 -0.474344
259000.012302	-60.2456 -8.37786
260000.012349	-61.072 -3.78318
261000.012397	-55.5883 -17.0474
262000.012444	-56.8081 -21.2528
263000.012492	-60.7373 -19.1197
264000.012539	-64.5021 -15.4751
265000.012587	-64.9851 -4.65147
266000.012634	-54.7628 -8.95899
267000.012682	-58.3843 -11.9713
268000.012729	-59.3681 1.63975
269000.012777	-52.9133 -18.9312
270000.012824	-71.5695 3.40013
271000.012872	-67.8566 -11.6368
272000.012919	-63.4257 -13.8697
273000.012967	-68.6833 -5.60218
274000.013014	-60.0326 -17.7428
275000.013062	-65.6486 -5.23535
276000.013109	-48.3198 -17.0722
277000.013157	-60.05 -12.2772
278000.013204	-64.5132 -6.52094
279000.013252	-58.8128 -9.59329
280000.013299	-56.1726 -16.4229
281000.013347	-70.4198 -11.9156
282000.013394	-77.2924 -5.5928
283000.013442	-56.999 -14.6111
284000.013489	-66.3189 -8.71253
285000.013537	-66.8256 -25.2256
286000.013584	-52.6509 -23.2009
287000.013632	-51.6858 -8.33042
288000.013679	-52.5853 -14.1865
289000.013727	-60.8962 -12.9002
290000.013774	-56.2237 -24.0491
291000.013822	-41.1541 -27.8039
292000.013869	-59.2039 -11.2514
293000.013917	-67.5785 -11.1769
294000.013964	-68.4914 -9.71936
295000.014012	-63.4655 -7.49078
296000.014059	-56.893 -13.6819
297000.014107	-59.1426 -10.8485
298000.014154	-53.7266 -9.11618
299000.014202	-57.229 -16.497
300000.014249	-57.5348 -11.8547
301000.014297	-58.8955 -10.9934
302000.014344	-55.7156 -23.0926
303000.014392	-47.2662 -9.57364
304000.014439	-53.3505 -20.3643
305000.014487	-49.8371 -35.6128
306000.014534	-63.5291 -10.2512
307000.014582	-62.3649 0.516102
308000.014629	-68.3826 1.57851
309000.014677	-58.9623 -10.2368
310000.014724	-57.4322 -11.8634
311000.014772	-66.2002 -5.46098
312000.014819	-43.1688 -18.5615
313000.014867	-47.7451 -19.5398
314000.014914	-70.6597 5.09416
315000.014962	-73.2537 -10.9832
316000.015009	-55.8338 -4.27335
317000.015057	-56.2283 -20.5927
318000.015104	-53.9733 -22.2476
319000.015152	-67.0266 -1.40541
320000.015199	-56.9135 -5.89809
321000.015247	-73.685 1.22816
322000.015294	-63.8721 -13.2192
323000.015342	-61.7388 -18.336
324000.015389	-50.3767 -15.2
325000.015437	-60.419 -1.24097
326000.015484	-54.9648 -5.3311
327000.015532	-71.9633 -7.59922
328000.015579	-66.9525 -2.76331
329000.015627	-49.5154 -26.125
330000.015674	-66.3346 -18.8007
331000.015722	-70.6907 -1.54014
332000.015769	-62.3149 -4.73427
333000.015817	-70 -2.8257
334000.015864	-56.9851 -15.7169
335000.015912	-72.7788 -0.415545
336000.015959	-67.65 -16.9067
337000.016007	-66.1841 -7.79324
338000.016054	-56.9435 -17.9118
339000.016102	-55.9914 -11.8176
340000.016149	-48.1927 -8.09471
