#! FIELDS time restraint.bias r0 r1 r2 r3 r4 r5 r6 r7 r8 r9 r10 r11 r12 r13 r14 r15 r16 r17 r18 r19 r20 r21 r22 r23 r24 r25 r26 r27 r28 r29 r30 r31 r32 r33
800000.037998 2.746243 0.120090 0.116088 0.088244 0.049685 0.126725 0.108730 0.032860 0.068166 0.015213 0.131436 0.119712 0.114037 0.120767 0.144366 0.137862 0.116807 0.136802 0.133587 0.119673 0.154871 0.127847 0.135587 0.145369 0.095578 0.125117 0.111777 0.101598 0.101817 0.130178 0.069250 0.119623 0.096837 0.101229 0.105096
801000.038045 1.996202 0.120816 0.114466 0.084424 0.044998 0.124764 0.109518 0.033447 0.070179 0.012971 0.129943 0.115912 0.117212 0.123719 0.146129 0.137693 0.116607 0.139193 0.132743 0.118345 0.154923 0.125978 0.136109 0.144020 0.095139 0.123701 0.110763 0.104089 0.105686 0.129420 0.064915 0.119645 0.099375 0.103818 0.107042
802000.038093 5.569716 0.122568 0.112273 0.080531 0.042986 0.118818 0.107790 0.028722 0.068646 0.021666 0.128304 0.111116 0.124219 0.131241 0.150326 0.133334 0.113020 0.142856 0.136439 0.122744 0.153891 0.121261 0.139464 0.140623 0.101480 0.123998 0.116646 0.111478 0.113125 0.127232 0.062661 0.119250 0.102063 0.107530 0.108707
803000.038140 1.381270 0.124151 0.115822 0.084297 0.047606 0.127203 0.113140 0.034913 0.072847 0.010789 0.133620 0.118622 0.117530 0.125316 0.146592 0.138272 0.115567 0.139334 0.132477 0.117246 0.153320 0.122912 0.136136 0.141672 0.093021 0.121920 0.110274 0.104142 0.106628 0.134049 0.065800 0.121322 0.102096 0.106008 0.109475
804000.038188 4.286180 0.119306 0.116524 0.090612 0.053319 0.124970 0.104191 0.025715 0.061951 0.019006 0.131192 0.120785 0.113387 0.121376 0.144792 0.131529 0.112195 0.135178 0.137014 0.123953 0.154722 0.127293 0.137667 0.145432 0.100007 0.127301 0.116276 0.101873 0.101091 0.127705 0.072774 0.119633 0.093821 0.100087 0.102828
805000.038235 7.788032 0.118642 0.118754 0.096028 0.060412 0.126189 0.100637 0.023433 0.057423 0.025620 0.132103 0.124987 0.110894 0.120026 0.144336 0.127279 0.109673 0.132756 0.139989 0.127427 0.155657 0.129659 0.139242 0.148086 0.102634 0.130560 0.120047 0.101068 0.097759 0.126347 0.079399 0.120400 0.090237 0.097989 0.100468
806000.038283 1.740295 0.119353 0.112078 0.081504 0.041310 0.123646 0.111155 0.038293 0.073491 0.012111 0.127912 0.113239 0.115772 0.121126 0.142909 0.139997 0.117757 0.137603 0.128726 0.114211 0.152121 0.124406 0.132728 0.141387 0.091311 0.120195 0.106183 0.102075 0.105008 0.129439 0.061047 0.117356 0.100263 0.102736 0.106848
807000.038330 4.133232 0.119311 0.111976 0.082886 0.043382 0.119462 0.105012 0.030236 0.066701 0.018664 0.126386 0.112061 0.119279 0.125736 0.146139 0.132623 0.112869 0.138642 0.134526 0.121371 0.152439 0.122956 0.137604 0.141024 0.099817 0.123395 0.113922 0.106306 0.109092 0.125097 0.064160 0.118030 0.098759 0.103911 0.105392
808000.038378 7.504512 0.124731 0.109741 0.074018 0.037505 0.116643 0.113183 0.036935 0.076749 0.025149 0.128321 0.106154 0.128151 0.134459 0.151048 0.137931 0.115425 0.145642 0.131783 0.117047 0.150991 0.116037 0.136569 0.135833 0.096698 0.118274 0.111828 0.113693 0.117398 0.129235 0.055773 0.118401 0.107736 0.111371 0.112772
809000.038425 1.413788 0.119308 0.110349 0.080054 0.043807 0.123129 0.110511 0.040899 0.074526 0.010916 0.128096 0.113286 0.116534 0.122300 0.142561 0.139210 0.117481 0.137132 0.127272 0.113296 0.149990 0.122345 0.132008 0.138974 0.091475 0.119432 0.106370 0.102875 0.106391 0.129727 0.061317 0.116859 0.100284 0.103614 0.106380
810000.038473 7.487022 0.119421 0.106613 0.071944 0.027092 0.116513 0.114600 0.046781 0.081763 0.025120 0.122873 0.101466 0.125357 0.126959 0.145065 0.148357 0.125986 0.143808 0.124412 0.110387 0.150669 0.123187 0.130392 0.138457 0.091406 0.116650 0.103321 0.110508 0.113798 0.126834 0.049168 0.114190 0.106547 0.106960 0.110675
811000.038520 2.561843 0.116601 0.107646 0.076663 0.034972 0.119599 0.110809 0.044374 0.077016 0.014694 0.122930 0.107198 0.116084 0.119566 0.139380 0.140862 0.119067 0.136242 0.123759 0.109752 0.148202 0.122259 0.129300 0.137420 0.088869 0.115881 0.100712 0.101090 0.106713 0.126595 0.055059 0.114034 0.101404 0.102118 0.106108
812000.038568 5.258814 0.116786 0.114212 0.088766 0.050888 0.124345 0.106159 0.033750 0.066471 0.021052 0.128445 0.118436 0.109143 0.115570 0.139191 0.134736 0.114286 0.131680 0.130116 0.116775 0.150973 0.126551 0.131457 0.142896 0.092825 0.122308 0.108868 0.097037 0.096750 0.127353 0.070160 0.116412 0.093898 0.096750 0.101806
813000.038615 4.263665 0.117249 0.115424 0.090611 0.053558 0.125253 0.103691 0.029874 0.062765 0.018956 0.130388 0.120920 0.110670 0.118103 0.142017 0.132702 0.113059 0.132982 0.134578 0.121869 0.153254 0.127428 0.135159 0.144647 0.098044 0.126311 0.114362 0.099407 0.098561 0.127083 0.073094 0.118315 0.092109 0.098092 0.101075
814000.038663 4.462923 0.123048 0.112852 0.080525 0.045788 0.128562 0.119639 0.051561 0.084431 0.019394 0.131784 0.115543 0.112192 0.118095 0.137538 0.143572 0.119080 0.133749 0.118730 0.101661 0.144700 0.118476 0.126238 0.134132 0.077014 0.109993 0.093624 0.096263 0.103839 0.136609 0.061023 0.118554 0.105937 0.105394 0.111554
815000.038710 4.288227 0.118060 0.108605 0.077100 0.038308 0.122072 0.114442 0.046025 0.079572 0.019011 0.126406 0.109619 0.114697 0.118348 0.138671 0.144283 0.121560 0.135585 0.121086 0.106409 0.147494 0.122528 0.126075 0.137341 0.084520 0.114992 0.099672 0.100747 0.103763 0.130201 0.056381 0.114083 0.102074 0.101782 0.107431
816000.038758 2.816138 0.117172 0.108771 0.078321 0.036825 0.118707 0.108698 0.038348 0.073023 0.015406 0.123785 0.108277 0.117956 0.121809 0.141907 0.139965 0.118912 0.137744 0.127398 0.113936 0.149953 0.123394 0.131579 0.139197 0.092954 0.118893 0.105746 0.103920 0.106896 0.125626 0.057599 0.114508 0.099852 0.101781 0.105276
817000.038805 2.294966 0.118651 0.112928 0.084288 0.043420 0.122871 0.108102 0.033702 0.069447 0.013907 0.127689 0.114570 0.115188 0.121011 0.143627 0.137184 0.116251 0.136961 0.131879 0.118178 0.153220 0.125858 0.134494 0.143145 0.095355 0.123171 0.110227 0.102163 0.104078 0.127587 0.063837 0.117506 0.098061 0.101252 0.105012
818000.038853 1.693566 0.121121 0.110199 0.077448 0.040142 0.120797 0.110983 0.035814 0.073698 0.011947 0.127498 0.110518 0.120320 0.126284 0.145544 0.138275 0.116494 0.140182 0.128858 0.114305 0.151210 0.121288 0.133511 0.138951 0.092457 0.119484 0.108287 0.106822 0.108929 0.129422 0.058627 0.117095 0.102181 0.105298 0.108255
819000.038900 3.819915 0.120980 0.115098 0.086912 0.050847 0.128055 0.112878 0.040785 0.074216 0.017943 0.132969 0.120091 0.108011 0.116053 0.138718 0.136894 0.113795 0.130977 0.125883 0.110694 0.147951 0.121531 0.129514 0.138765 0.085045 0.116905 0.103326 0.094159 0.098174 0.133727 0.067872 0.118592 0.099159 0.100481 0.106395
820000.038948 1.969645 0.118810 0.108477 0.076387 0.037591 0.121079 0.113120 0.043296 0.078070 0.012884 0.126420 0.109292 0.115477 0.120346 0.140009 0.141282 0.118399 0.135891 0.122545 0.107609 0.146955 0.119802 0.128181 0.135881 0.085449 0.114186 0.100217 0.100629 0.105762 0.129644 0.055537 0.114782 0.102443 0.103064 0.107548
821000.038995 3.925024 0.116724 0.114040 0.089627 0.052657 0.124244 0.103939 0.030757 0.063576 0.018188 0.129915 0.120113 0.108278 0.116009 0.139729 0.131528 0.111122 0.130368 0.132326 0.119728 0.150285 0.124919 0.133096 0.142075 0.095600 0.123777 0.112643 0.096772 0.097323 0.127262 0.071622 0.116822 0.092267 0.096846 0.100541
822000.039043 5.747313 0.119539 0.113243 0.086065 0.050616 0.119916 0.103056 0.023698 0.061874 0.022008 0.129956 0.116179 0.115803 0.124530 0.145370 0.127868 0.108125 0.135133 0.136150 0.123265 0.150471 0.120360 0.137434 0.139366 0.100541 0.123863 0.117002 0.104062 0.105209 0.125772 0.069340 0.118169 0.095487 0.102283 0.103635
823000.039090 5.677184 0.122439 0.117192 0.089076 0.052282 0.124127 0.105804 0.025141 0.063701 0.021874 0.132090 0.119565 0.118523 0.126975 0.148525 0.130637 0.111357 0.138881 0.139368 0.125855 0.155269 0.125014 0.140860 0.144160 0.102465 0.127203 0.118375 0.106618 0.107068 0.128683 0.071978 0.121700 0.097881 0.104541 0.106263
824000.039138 9.648833 0.117046 0.117882 0.095772 0.057748 0.122823 0.097397 0.019071 0.053902 0.028516 0.129745 0.122136 0.113232 0.121716 0.145367 0.124556 0.108582 0.133556 0.143508 0.132234 0.155215 0.129812 0.141863 0.147504 0.109170 0.133068 0.124171 0.103550 0.101721 0.122429 0.078554 0.120317 0.089966 0.098876 0.099779
825000.039185 5.735496 0.122761 0.112436 0.079712 0.039651 0.118260 0.108457 0.031420 0.070395 0.021986 0.127785 0.109088 0.124717 0.131855 0.150895 0.133226 0.112637 0.143343 0.136360 0.122213 0.153951 0.120273 0.140630 0.139989 0.101018 0.122362 0.114170 0.110315 0.115412 0.126322 0.060524 0.120185 0.103743 0.109432 0.110156
826000.039233 2.849673 0.120689 0.112217 0.081358 0.044990 0.123639 0.111589 0.036571 0.073107 0.015497 0.130158 0.114426 0.115294 0.121709 0.142625 0.139313 0.117011 0.136566 0.126714 0.111787 0.149758 0.121752 0.130582 0.138992 0.088449 0.118190 0.105759 0.102057 0.103190 0.130624 0.063002 0.117267 0.099811 0.102782 0.107152
827000.039280 1.438074 0.121257 0.108239 0.074114 0.038660 0.120870 0.113795 0.041799 0.078543 0.011009 0.127803 0.109401 0.121958 0.126933 0.145268 0.143009 0.120074 0.141331 0.126208 0.111462 0.149824 0.120028 0.131867 0.137135 0.090304 0.117769 0.106103 0.108160 0.110974 0.130864 0.055351 0.116123 0.104168 0.106730 0.109297
828000.039328 2.216874 0.122217 0.111998 0.079566 0.042348 0.121562 0.110498 0.032823 0.071707 0.013669 0.129417 0.112406 0.120701 0.127521 0.147194 0.136846 0.115128 0.140717 0.131478 0.116855 0.152303 0.121266 0.135700 0.139754 0.094435 0.120736 0.110558 0.107219 0.109474 0.129807 0.061156 0.118647 0.102020 0.106188 0.108814
829000.039375 2.088495 0.118650 0.109644 0.078122 0.036790 0.119302 0.109300 0.036626 0.072758 0.013267 0.125418 0.108797 0.118887 0.124105 0.144366 0.138195 0.116507 0.139061 0.129561 0.115560 0.151348 0.122206 0.134128 0.139409 0.093959 0.119464 0.107198 0.104544 0.108905 0.126650 0.057149 0.116181 0.101138 0.104037 0.106892
830000.039423 3.474071 0.117761 0.113777 0.088612 0.053626 0.124019 0.103556 0.030186 0.063519 0.017111 0.129694 0.119745 0.111840 0.119631 0.142159 0.131488 0.111963 0.133054 0.133649 0.121022 0.151994 0.125657 0.135023 0.143012 0.097588 0.125287 0.114299 0.100630 0.099993 0.127410 0.071584 0.117411 0.092914 0.098614 0.101267
831000.039470 8.812562 0.116196 0.115176 0.092103 0.053127 0.119441 0.097534 0.017800 0.054673 0.027253 0.127337 0.117753 0.113673 0.121322 0.144093 0.125529 0.108508 0.133356 0.140397 0.129056 0.152611 0.126819 0.139578 0.144196 0.106540 0.129168 0.120956 0.102982 0.102325 0.120850 0.074340 0.117984 0.090703 0.098456 0.099982
832000.039518 3.855743 0.121849 0.117335 0.089800 0.054805 0.127416 0.107746 0.030495 0.066158 0.018026 0.133491 0.122215 0.113065 0.121884 0.144362 0.132891 0.112002 0.135084 0.134168 0.119738 0.153081 0.124452 0.136387 0.143069 0.094765 0.123645 0.112543 0.100932 0.101202 0.131300 0.072915 0.120876 0.096424 0.101946 0.105249
833000.039565 6.766174 0.122058 0.114794 0.085366 0.046495 0.119808 0.105143 0.023852 0.064273 0.023880 0.129405 0.114055 0.121486 0.129389 0.149929 0.129956 0.110621 0.140463 0.139451 0.126161 0.154430 0.122693 0.141413 0.142299 0.104002 0.126115 0.118946 0.108975 0.110907 0.125887 0.067329 0.120607 0.099490 0.106131 0.107181
834000.039613 5.550977 0.122196 0.105458 0.067718 0.032317 0.120988 0.121626 0.057851 0.091889 0.021629 0.123678 0.102918 0.124740 0.126587 0.140997 0.150814 0.126957 0.142293 0.116262 0.099969 0.145458 0.119181 0.126763 0.132937 0.080760 0.109295 0.092260 0.107987 0.115938 0.133294 0.046038 0.114973 0.112550 0.110486 0.114615
835000.039660 2.378780 0.118642 0.107958 0.075020 0.033420 0.118781 0.111546 0.040821 0.076520 0.014159 0.124053 0.106292 0.119812 0.124249 0.143772 0.140524 0.118307 0.139912 0.126744 0.112307 0.150739 0.121698 0.132148 0.138457 0.091378 0.117730 0.104381 0.105253 0.109799 0.127242 0.053257 0.115185 0.103128 0.104718 0.108075
836000.039708 3.623803 0.120639 0.116490 0.089059 0.050498 0.125143 0.106922 0.027887 0.065027 0.017476 0.131868 0.119714 0.113091 0.121484 0.144527 0.132219 0.111203 0.135011 0.135691 0.121912 0.153216 0.124529 0.137422 0.143216 0.097322 0.124333 0.113558 0.100494 0.102497 0.129313 0.070241 0.120111 0.096705 0.101587 0.104948
837000.039755 6.284497 0.121697 0.112129 0.080283 0.039622 0.117840 0.108012 0.030754 0.069652 0.023014 0.127665 0.109177 0.123120 0.130214 0.149838 0.133125 0.112504 0.142075 0.136039 0.122226 0.153537 0.120693 0.139536 0.140036 0.100978 0.122601 0.114305 0.108919 0.113624 0.125955 0.060449 0.119332 0.102740 0.107867 0.109177
838000.039803 1.671105 0.123772 0.112913 0.080088 0.042808 0.124949 0.114530 0.041740 0.077983 0.011867 0.129522 0.113911 0.121625 0.127798 0.147153 0.140423 0.118288 0.142154 0.131289 0.116539 0.153593 0.123572 0.136587 0.141363 0.094545 0.121644 0.108664 0.107406 0.111932 0.133152 0.060110 0.120094 0.105755 0.107960 0.110778
839000.039850 2.958796 0.124115 0.118759 0.090218 0.054156 0.128348 0.109036 0.029562 0.067054 0.015791 0.135252 0.123128 0.115783 0.125213 0.147801 0.132668 0.111645 0.137669 0.137807 0.123299 0.155178 0.124479 0.140168 0.144293 0.098316 0.125869 0.115650 0.103306 0.105274 0.132721 0.072556 0.123156 0.098920 0.104955 0.107331
840000.039898 1.972012 0.124448 0.116747 0.085189 0.046296 0.126879 0.112570 0.032841 0.072031 0.012892 0.133184 0.118026 0.117735 0.126074 0.148201 0.136324 0.114084 0.139985 0.134339 0.118887 0.155269 0.123854 0.138260 0.143465 0.094313 0.123039 0.111304 0.104115 0.107501 0.133106 0.065405 0.122278 0.102720 0.106518 0.110076
841000.039945 9.798741 0.123100 0.104108 0.065710 0.039075 0.122355 0.125979 0.063348 0.097271 0.028737 0.126447 0.104609 0.123095 0.125381 0.138140 0.152231 0.127856 0.139626 0.110411 0.092818 0.140252 0.114410 0.121412 0.127686 0.073620 0.104966 0.088770 0.107357 0.114431 0.136765 0.047041 0.113925 0.114720 0.111443 0.116125
842000.039993 3.373744 0.121018 0.108465 0.073563 0.031827 0.118098 0.112693 0.042231 0.078508 0.016862 0.123965 0.104762 0.125129 0.129332 0.147070 0.141268 0.119182 0.143918 0.128980 0.114456 0.151930 0.121093 0.135260 0.138343 0.094424 0.118213 0.105931 0.109727 0.115533 0.127690 0.052240 0.116963 0.106426 0.108608 0.110657
843000.040040 0.974595 0.124090 0.115192 0.083683 0.048195 0.127275 0.112950 0.037445 0.073994 0.009063 0.132697 0.118348 0.117909 0.125874 0.146529 0.136961 0.114672 0.139417 0.132311 0.117096 0.153213 0.122581 0.136850 0.141250 0.093324 0.121727 0.109718 0.104341 0.107946 0.134058 0.065336 0.121386 0.102758 0.106631 0.109538
844000.040088 6.733473 0.116071 0.103174 0.068689 0.023778 0.114597 0.113003 0.050391 0.082949 0.023822 0.118221 0.098130 0.125380 0.125392 0.142487 0.148690 0.127073 0.143252 0.121963 0.108548 0.149686 0.123811 0.128402 0.137569 0.091456 0.116197 0.101014 0.110634 0.114122 0.124153 0.045943 0.111632 0.105556 0.105729 0.108732
845000.040135 5.585513 0.119262 0.102201 0.064688 0.025361 0.115235 0.117291 0.054306 0.088341 0.021696 0.120623 0.098690 0.125992 0.127668 0.142249 0.148077 0.124452 0.142760 0.119586 0.104632 0.145821 0.117106 0.127990 0.131990 0.086547 0.111043 0.097408 0.109945 0.117286 0.128685 0.041706 0.112247 0.110398 0.108962 0.111840
846000.040183 2.296968 0.125676 0.113469 0.078063 0.039444 0.123197 0.114998 0.037226 0.076916 0.013913 0.130731 0.111685 0.125625 0.132088 0.150772 0.140420 0.117805 0.145511 0.132821 0.117392 0.154559 0.121643 0.138410 0.140736 0.095238 0.120848 0.109976 0.110783 0.115262 0.132763 0.058385 0.121305 0.107381 0.110985 0.113160
847000.040230 10.618901 0.117597 0.119909 0.099070 0.061687 0.125030 0.097316 0.018127 0.052154 0.029916 0.132407 0.125691 0.109924 0.119783 0.144196 0.122414 0.105908 0.130892 0.144463 0.133221 0.154659 0.129893 0.142032 0.148042 0.108853 0.133501 0.124919 0.100502 0.099084 0.123934 0.081779 0.121348 0.088775 0.098186 0.099568
848000.040278 4.556114 0.124025 0.109165 0.072187 0.033870 0.118161 0.114422 0.040210 0.078902 0.019595 0.127158 0.105271 0.128693 0.133657 0.150062 0.141671 0.118977 0.146723 0.129478 0.114416 0.151668 0.118379 0.135449 0.136839 0.094495 0.117737 0.108401 0.113671 0.117908 0.129658 0.053262 0.118377 0.108262 0.111841 0.113223
849000.040325 4.635562 0.114640 0.109343 0.082152 0.041071 0.117455 0.102804 0.031017 0.065239 0.019766 0.123424 0.109739 0.116632 0.121333 0.143273 0.135036 0.116072 0.136898 0.132062 0.120047 0.152509 0.126107 0.133879 0.142379 0.099509 0.124496 0.112833 0.104584 0.104650 0.121557 0.062639 0.114510 0.094593 0.099529 0.101832
850000.040373 0.970885 0.120767 0.111702 0.080424 0.042897 0.124262 0.111972 0.040775 0.075648 0.009046 0.128710 0.113990 0.118522 0.124502 0.145148 0.139650 0.117631 0.139661 0.130305 0.115962 0.152901 0.123897 0.135151 0.141195 0.093729 0.121627 0.108371 0.104767 0.108889 0.131051 0.060719 0.118520 0.102369 0.105323 0.108053
851000.040420 2.191651 0.121522 0.111039 0.077639 0.036619 0.121329 0.113004 0.038622 0.076278 0.013591 0.127377 0.109688 0.121317 0.126521 0.146244 0.141257 0.118954 0.141628 0.129308 0.114541 0.152426 0.122681 0.134379 0.140188 0.092749 0.119514 0.106806 0.106686 0.110745 0.129854 0.056533 0.117887 0.104399 0.106407 0.109716
852000.040468 1.818420 0.117010 0.110030 0.081141 0.042024 0.122458 0.109183 0.039934 0.073004 0.012380 0.126241 0.112508 0.113399 0.118584 0.140326 0.138731 0.117235 0.134904 0.126589 0.112988 0.150283 0.124341 0.130639 0.140366 0.090748 0.119729 0.105396 0.099973 0.103018 0.127959 0.060890 0.115376 0.098206 0.100399 0.104416
853000.040515 2.454184 0.120701 0.113982 0.085712 0.050871 0.124131 0.107244 0.030907 0.067125 0.014382 0.130925 0.118483 0.114880 0.122741 0.143986 0.133272 0.112217 0.135614 0.133048 0.119222 0.151266 0.122449 0.135510 0.140700 0.095539 0.122582 0.112568 0.102732 0.103632 0.129803 0.068695 0.118562 0.097080 0.102057 0.104761
854000.040563 3.011829 0.118152 0.112061 0.083587 0.044603 0.125495 0.112459 0.044492 0.076424 0.015932 0.127982 0.115316 0.109999 0.115314 0.137655 0.139742 0.117480 0.132477 0.124689 0.110257 0.148703 0.124061 0.129032 0.139690 0.086603 0.117311 0.101144 0.095730 0.100572 0.130715 0.062781 0.116188 0.099700 0.099820 0.105594
855000.040610 1.412012 0.119585 0.108827 0.076242 0.037407 0.119649 0.110715 0.038427 0.074867 0.010909 0.125719 0.108795 0.120634 0.125452 0.144451 0.139995 0.118270 0.140151 0.127982 0.113878 0.150602 0.121672 0.132822 0.138457 0.092920 0.118971 0.106831 0.106564 0.109795 0.128164 0.056399 0.115934 0.102223 0.104832 0.107486
856000.040658 3.730791 0.116069 0.112189 0.085863 0.046899 0.120852 0.102737 0.029227 0.063415 0.017732 0.126213 0.114666 0.115484 0.121232 0.143684 0.133853 0.115120 0.136377 0.134183 0.121918 0.153880 0.127680 0.135578 0.144250 0.100173 0.126226 0.114281 0.103640 0.103254 0.123915 0.067244 0.116500 0.093709 0.099469 0.101779
857000.040705 10.317191 0.121107 0.119631 0.094465 0.055243 0.122982 0.100807 0.017983 0.057087 0.029487 0.131422 0.120675 0.116848 0.126351 0.148877 0.123570 0.106666 0.136349 0.145200 0.132637 0.155912 0.127033 0.145060 0.146605 0.109202 0.131434 0.123864 0.105780 0.107112 0.124305 0.076464 0.123235 0.095408 0.104013 0.104770
858000.040753 3.636818 0.116298 0.110731 0.083314 0.041712 0.119369 0.104544 0.033394 0.067216 0.017507 0.124562 0.111587 0.116841 0.121794 0.143700 0.135670 0.116077 0.137199 0.133190 0.120877 0.152706 0.125779 0.135432 0.142527 0.099839 0.124447 0.112555 0.104092 0.106198 0.123674 0.062993 0.115906 0.096616 0.100788 0.103021
859000.040800 2.439457 0.123803 0.110097 0.075003 0.043026 0.125123 0.118902 0.048020 0.083936 0.014338 0.130748 0.112508 0.119864 0.125200 0.142370 0.145693 0.121571 0.139275 0.121513 0.105250 0.146573 0.118509 0.128796 0.134610 0.082810 0.113324 0.099866 0.105131 0.109487 0.135890 0.057017 0.117577 0.107233 0.107956 0.112046
860000.040848 0.981855 0.121608 0.113795 0.083610 0.047314 0.127347 0.113252 0.041472 0.075843 0.009097 0.131608 0.117897 0.114769 0.121818 0.143730 0.139591 0.116944 0.137124 0.129516 0.114674 0.152209 0.123722 0.134122 0.141404 0.090885 0.120915 0.106819 0.101029 0.105142 0.133286 0.064053 0.119433 0.101476 0.104224 0.107925
861000.040895 2.198340 0.121959 0.111618 0.079091 0.043496 0.121777 0.110059 0.034129 0.071833 0.013611 0.129146 0.112428 0.121472 0.128237 0.147516 0.136235 0.115048 0.141214 0.131682 0.117307 0.152635 0.121315 0.135927 0.139768 0.095619 0.121522 0.111293 0.108318 0.110180 0.129685 0.061558 0.118792 0.101737 0.106805 0.108425
862000.040943 2.713898 0.123144 0.113057 0.080131 0.044004 0.125590 0.115682 0.040828 0.077853 0.015124 0.131223 0.114628 0.117389 0.123571 0.143571 0.142237 0.118952 0.138691 0.125867 0.109892 0.150075 0.121616 0.131029 0.138750 0.086245 0.116967 0.103514 0.103351 0.105867 0.133783 0.061219 0.118742 0.103813 0.105449 0.110310
863000.040990 2.836057 0.121357 0.114238 0.084537 0.045750 0.123982 0.109008 0.035576 0.070946 0.015460 0.128541 0.115558 0.119845 0.126123 0.147336 0.136495 0.116186 0.140615 0.135609 0.121895 0.155599 0.126327 0.139080 0.144326 0.099683 0.125544 0.113330 0.106751 0.109449 0.129080 0.065089 0.120000 0.100835 0.105099 0.107256
864000.041038 3.188948 0.116979 0.107644 0.076457 0.035357 0.119477 0.110027 0.043988 0.076560 0.016394 0.122139 0.106607 0.120856 0.123546 0.143365 0.143227 0.122241 0.140712 0.127046 0.113707 0.152413 0.126057 0.132545 0.141351 0.093977 0.120666 0.105720 0.106933 0.109992 0.125826 0.055552 0.114751 0.101615 0.103823 0.106499
865000.041085 5.798295 0.117228 0.115141 0.091800 0.056583 0.123244 0.100566 0.023841 0.058317 0.022106 0.130335 0.121538 0.110759 0.119129 0.142292 0.128374 0.109877 0.131762 0.136562 0.124623 0.151803 0.125943 0.135978 0.143516 0.100999 0.127383 0.118140 0.100651 0.098168 0.125579 0.075569 0.117653 0.090207 0.097186 0.099493
866000.041133 22.141528 0.113238 0.120735 0.107719 0.074110 0.123071 0.088120 0.017991 0.040780 0.043198 0.130958 0.130953 0.106909 0.116840 0.141015 0.115830 0.104393 0.125991 0.149087 0.141162 0.151508 0.134709 0.141867 0.148986 0.117787 0.140850 0.134400 0.101828 0.093123 0.118606 0.093463 0.119178 0.079974 0.092097 0.092127
867000.041180 2.744677 0.118139 0.109466 0.078883 0.039244 0.120427 0.109515 0.040476 0.074151 0.015209 0.124302 0.109762 0.119113 0.123386 0.143380 0.139557 0.118314 0.139207 0.129562 0.115975 0.151866 0.124286 0.134087 0.140530 0.094976 0.120825 0.107451 0.105449 0.108884 0.127040 0.058618 0.115809 0.100987 0.103341 0.106237
868000.041228 3.111918 0.121135 0.111807 0.079596 0.039894 0.120092 0.108879 0.032376 0.070767 0.016195 0.127084 0.110330 0.123089 0.128837 0.148810 0.137145 0.116778 0.142823 0.133830 0.119901 0.154914 0.124249 0.137815 0.142363 0.098587 0.123537 0.112550 0.109576 0.111482 0.127187 0.060407 0.118650 0.101634 0.106447 0.108319
869000.041275 1.664312 0.121018 0.115232 0.086344 0.047824 0.126408 0.109734 0.034897 0.070413 0.011843 0.130800 0.118485 0.114898 0.122334 0.145015 0.135832 0.114557 0.137210 0.133868 0.119768 0.154598 0.126033 0.136866 0.144142 0.096016 0.124573 0.111689 0.102078 0.104695 0.131068 0.066644 0.120112 0.099324 0.103000 0.106363
870000.041323 3.462127 0.119963 0.105137 0.069226 0.028507 0.116447 0.113807 0.045827 0.081639 0.017082 0.122739 0.102120 0.126018 0.129562 0.146685 0.143828 0.120904 0.144432 0.126259 0.111811 0.150547 0.119392 0.132975 0.136456 0.092712 0.116999 0.105138 0.111074 0.116538 0.127613 0.047558 0.114780 0.107331 0.108852 0.110537
871000.041370 7.597608 0.115985 0.115203 0.091746 0.054427 0.121828 0.098631 0.023990 0.056814 0.025304 0.128367 0.119294 0.114014 0.121203 0.144200 0.128377 0.111167 0.134411 0.139554 0.128135 0.154310 0.128514 0.138804 0.145558 0.105834 0.130196 0.120696 0.103695 0.101982 0.122661 0.075023 0.118485 0.090228 0.098808 0.099751
872000.041418 3.159291 0.120571 0.114196 0.083972 0.041672 0.122638 0.108652 0.032246 0.069496 0.016317 0.128264 0.113423 0.119656 0.125556 0.147614 0.137493 0.117083 0.140827 0.134952 0.121218 0.156101 0.127020 0.138171 0.144948 0.098907 0.125106 0.112535 0.105972 0.108548 0.127648 0.063229 0.119664 0.100327 0.104628 0.107395
873000.041465 1.952574 0.125502 0.113380 0.078388 0.039767 0.123632 0.115130 0.037348 0.076968 0.012828 0.131506 0.112288 0.123883 0.131055 0.150442 0.139675 0.116826 0.144333 0.132330 0.116824 0.154189 0.120965 0.137886 0.140418 0.094292 0.120711 0.109788 0.109080 0.114069 0.133093 0.058428 0.121343 0.107000 0.110578 0.112946
874000.041513 6.246153 0.120817 0.119483 0.094802 0.060342 0.129439 0.105362 0.029932 0.062703 0.022944 0.135538 0.126516 0.110822 0.120246 0.144643 0.132108 0.112126 0.133829 0.137203 0.123546 0.155311 0.127766 0.137659 0.146525 0.098053 0.127786 0.116573 0.099905 0.098188 0.130810 0.078496 0.121832 0.092816 0.100260 0.103187
875000.041560 4.633419 0.120358 0.105484 0.070445 0.034348 0.114782 0.110941 0.041468 0.077721 0.019761 0.124262 0.103463 0.126810 0.131404 0.147488 0.139847 0.117615 0.143831 0.128297 0.114392 0.148851 0.116194 0.133784 0.134120 0.095531 0.117132 0.108782 0.112286 0.116695 0.126447 0.052185 0.115067 0.105406 0.109097 0.109389
876000.041608 2.574460 0.122602 0.109795 0.075740 0.039076 0.119967 0.111958 0.037923 0.075775 0.014730 0.128036 0.109204 0.124362 0.130637 0.149012 0.138451 0.116596 0.143480 0.130825 0.116335 0.152304 0.119826 0.136179 0.138575 0.095545 0.120386 0.110497 0.110281 0.114199 0.129652 0.056890 0.118342 0.105021 0.109047 0.110312
877000.041655 3.033414 0.120169 0.114911 0.087223 0.049682 0.123786 0.105578 0.026978 0.064529 0.015989 0.130175 0.118191 0.116621 0.124064 0.146481 0.133241 0.113448 0.137786 0.136632 0.123387 0.155010 0.126319 0.138168 0.144698 0.100186 0.127001 0.116582 0.105176 0.104648 0.127976 0.069245 0.119378 0.096244 0.102078 0.104450
878000.041703 1.461066 0.119476 0.107381 0.074291 0.037475 0.119048 0.111293 0.039872 0.076083 0.011097 0.125942 0.108227 0.121165 0.125820 0.144053 0.141190 0.118999 0.140057 0.126601 0.112688 0.149219 0.120324 0.131518 0.136894 0.092065 0.118139 0.106912 0.107498 0.110173 0.128801 0.055326 0.114944 0.102521 0.105007 0.107460
879000.041750 2.823104 0.119826 0.105326 0.070500 0.035247 0.118388 0.114597 0.045517 0.081436 0.015425 0.125400 0.105668 0.121504 0.125662 0.142740 0.143964 0.120985 0.139931 0.121718 0.106945 0.146592 0.117902 0.128164 0.134046 0.086844 0.114216 0.102091 0.107242 0.110850 0.129875 0.051057 0.113704 0.105325 0.106144 0.109199
880000.041798 3.635898 0.126295 0.111922 0.077498 0.046889 0.122918 0.114496 0.037763 0.076662 0.017505 0.132796 0.114131 0.122851 0.131188 0.148367 0.136451 0.113150 0.141591 0.130222 0.114710 0.149345 0.115475 0.135451 0.135262 0.092023 0.117870 0.110827 0.109600 0.112651 0.134492 0.061749 0.119958 0.106154 0.110046 0.112080
881000.041845 3.170554 0.120524 0.115348 0.087934 0.053332 0.125554 0.106439 0.029881 0.065693 0.016346 0.132025 0.120670 0.114919 0.122896 0.145003 0.133582 0.113426 0.136269 0.134772 0.121238 0.153345 0.125086 0.136290 0.143194 0.097652 0.125534 0.115152 0.103547 0.102690 0.129919 0.071389 0.119549 0.095763 0.101720 0.104063
882000.041893 2.746096 0.120894 0.115523 0.087048 0.049226 0.124656 0.107114 0.028558 0.065985 0.015213 0.131646 0.118578 0.114905 0.123154 0.145524 0.132638 0.111764 0.136409 0.135174 0.121221 0.153452 0.123888 0.137304 0.142686 0.097306 0.124280 0.113864 0.102267 0.104294 0.129423 0.068684 0.120206 0.097423 0.102891 0.105512
883000.041940 12.158973 0.118950 0.119678 0.098940 0.066649 0.125735 0.097902 0.019611 0.052718 0.032011 0.134356 0.128060 0.111764 0.121923 0.145637 0.124131 0.107813 0.132418 0.143874 0.132428 0.155043 0.129515 0.140853 0.147889 0.107955 0.134174 0.126883 0.104134 0.097734 0.125950 0.084865 0.120953 0.087687 0.098149 0.099191
884000.041988 4.029349 0.117810 0.113819 0.086873 0.047678 0.121934 0.103714 0.027157 0.063383 0.018428 0.128344 0.116011 0.114973 0.121772 0.144472 0.132968 0.113515 0.136112 0.134553 0.121562 0.153508 0.126015 0.136177 0.143676 0.098731 0.125258 0.114317 0.102937 0.103139 0.125166 0.068488 0.118060 0.094633 0.100554 0.103017
885000.042035 1.568520 0.122953 0.110123 0.075905 0.041296 0.122796 0.114992 0.041576 0.078517 0.011497 0.129773 0.111643 0.120299 0.126035 0.143935 0.141991 0.118389 0.139658 0.125203 0.109750 0.148048 0.118362 0.131128 0.135555 0.087352 0.115444 0.104244 0.106140 0.109615 0.132952 0.057985 0.117412 0.104777 0.107022 0.110406
886000.042083 1.510599 0.119384 0.109201 0.078005 0.043236 0.122687 0.111923 0.041923 0.076221 0.011283 0.127230 0.112224 0.117426 0.122038 0.141098 0.142269 0.120375 0.137295 0.124465 0.110364 0.148651 0.122825 0.129391 0.138178 0.088810 0.117917 0.104377 0.104215 0.105563 0.130527 0.059961 0.115253 0.100711 0.102740 0.106510
887000.042130 5.146506 0.119172 0.115953 0.088970 0.049353 0.123123 0.104213 0.026707 0.062967 0.020826 0.130107 0.117802 0.115385 0.123222 0.146348 0.130558 0.111285 0.136624 0.138337 0.125219 0.155011 0.125837 0.139391 0.144627 0.102165 0.127247 0.116814 0.103010 0.104926 0.125966 0.070133 0.120340 0.095785 0.102474 0.104239
888000.042178 2.627521 0.118822 0.106289 0.072614 0.036561 0.118415 0.112386 0.041751 0.077748 0.014881 0.125131 0.106487 0.119680 0.123986 0.141985 0.141861 0.119474 0.138748 0.122581 0.107925 0.147286 0.119158 0.128196 0.135148 0.087269 0.114920 0.102541 0.105836 0.108069 0.128380 0.053771 0.113634 0.102523 0.104205 0.107732
889000.042225 2.814670 0.122725 0.111259 0.077134 0.038046 0.120593 0.112216 0.036718 0.075201 0.015402 0.127337 0.109232 0.123786 0.129738 0.148647 0.138307 0.116674 0.143459 0.131463 0.116574 0.153564 0.121831 0.136857 0.140258 0.095092 0.120465 0.109170 0.109416 0.113233 0.129474 0.057225 0.118849 0.105095 0.108313 0.110677
890000.042273 9.431196 0.119834 0.105864 0.071199 0.029445 0.111868 0.110760 0.040715 0.077250 0.028193 0.122504 0.099721 0.126651 0.130256 0.146821 0.140816 0.118940 0.143432 0.127480 0.113558 0.148467 0.117152 0.132626 0.134373 0.094775 0.115351 0.107003 0.111562 0.115620 0.123942 0.050640 0.114099 0.105632 0.107812 0.109969
891000.042320 9.610479 0.118110 0.116284 0.091473 0.052736 0.120161 0.099113 0.017764 0.056012 0.028460 0.128927 0.117425 0.117627 0.125140 0.147653 0.127886 0.111014 0.137169 0.141802 0.130011 0.155410 0.127879 0.141324 0.145973 0.107752 0.130572 0.122483 0.106826 0.105290 0.121810 0.074251 0.119859 0.092487 0.101549 0.102317
892000.042368 3.787008 0.120341 0.114857 0.085538 0.042071 0.123274 0.108902 0.033821 0.069736 0.017865 0.128498 0.114397 0.117763 0.123622 0.146183 0.137366 0.116471 0.139357 0.135071 0.121368 0.155169 0.126568 0.137767 0.144411 0.098736 0.124487 0.111783 0.103907 0.107654 0.127763 0.064201 0.119774 0.100213 0.103887 0.107146
893000.042415 5.284753 0.119921 0.112491 0.082653 0.041213 0.118847 0.105922 0.028488 0.066553 0.021104 0.127065 0.110904 0.121138 0.127274 0.147933 0.134446 0.114443 0.140621 0.135508 0.122383 0.153801 0.123698 0.138169 0.141947 0.101014 0.124078 0.114767 0.107845 0.110170 0.125032 0.063090 0.118451 0.099596 0.104894 0.106642
894000.042463 4.296026 0.119704 0.105211 0.069416 0.026656 0.116470 0.115062 0.047785 0.083236 0.019028 0.122412 0.101534 0.124234 0.127149 0.144183 0.145302 0.122134 0.142578 0.123581 0.108781 0.148704 0.119317 0.130708 0.135373 0.089216 0.114302 0.101268 0.108606 0.114936 0.128036 0.046312 0.114059 0.107859 0.107659 0.110819
895000.042510 5.792346 0.119184 0.116029 0.089323 0.048144 0.121954 0.103719 0.022786 0.061482 0.022095 0.129344 0.116800 0.115380 0.123006 0.146239 0.130552 0.111458 0.136527 0.138490 0.125564 0.155022 0.126730 0.139313 0.145195 0.102285 0.127243 0.116914 0.103038 0.104241 0.125061 0.069704 0.119735 0.095483 0.101471 0.104215
896000.042558 3.530539 0.120001 0.111037 0.080468 0.044245 0.125886 0.116190 0.049489 0.081560 0.017250 0.128971 0.114108 0.110748 0.116017 0.136223 0.141535 0.118151 0.132060 0.119843 0.104150 0.144805 0.119729 0.126314 0.135078 0.080196 0.111572 0.095398 0.095197 0.102431 0.133359 0.060192 0.116101 0.103155 0.102316 0.108240
897000.042605 3.120799 0.122303 0.112138 0.080082 0.045303 0.127763 0.118479 0.050618 0.083670 0.016218 0.131155 0.115318 0.113339 0.119395 0.139495 0.143139 0.118957 0.135148 0.121331 0.104817 0.146915 0.119687 0.128632 0.135977 0.080662 0.112757 0.096451 0.097529 0.105153 0.135643 0.060005 0.118323 0.105458 0.105479 0.110792
898000.042653 2.677208 0.123938 0.111835 0.078397 0.042707 0.122109 0.113285 0.035719 0.075045 0.015021 0.131372 0.113007 0.121106 0.128658 0.147845 0.137490 0.114309 0.141040 0.131124 0.116029 0.150858 0.117810 0.135264 0.137404 0.093371 0.119359 0.110622 0.107576 0.110957 0.132152 0.060070 0.119135 0.104421 0.107975 0.110379
899000.042700 4.229171 0.118334 0.109565 0.078453 0.035891 0.119972 0.111459 0.041958 0.076427 0.018879 0.123859 0.108235 0.119291 0.122484 0.142830 0.142730 0.121349 0.139540 0.127568 0.113736 0.151578 0.125166 0.131866 0.140920 0.092900 0.119731 0.105405 0.105228 0.108152 0.127132 0.056617 0.115257 0.102380 0.102991 0.107244
900000.042748 1.503811 0.117224 0.109537 0.080266 0.041007 0.121100 0.108393 0.037735 0.071918 0.011258 0.125169 0.111480 0.116655 0.121208 0.142393 0.139397 0.118595 0.137457 0.128980 0.115883 0.151966 0.125672 0.132407 0.141674 0.094496 0.122147 0.108450 0.103863 0.105098 0.127034 0.060231 0.115057 0.098266 0.100892 0.104379
901000.042795 4.173363 0.117635 0.112956 0.086316 0.047876 0.120738 0.103321 0.026778 0.062780 0.018754 0.128470 0.115744 0.115465 0.122358 0.144559 0.132497 0.112848 0.135954 0.135538 0.123079 0.152495 0.124538 0.136537 0.142237 0.100766 0.125392 0.115697 0.103418 0.104187 0.125069 0.067966 0.117360 0.094568 0.100683 0.102633
902000.042843 5.336135 0.120401 0.107658 0.072596 0.027957 0.118628 0.115864 0.049521 0.083922 0.021207 0.122515 0.103009 0.125707 0.127787 0.145574 0.147356 0.124735 0.144591 0.126236 0.111725 0.151961 0.123498 0.133138 0.139233 0.092521 0.117410 0.102408 0.109649 0.116334 0.128453 0.048684 0.116016 0.108854 0.108685 0.111833
903000.042890 3.764276 0.116108 0.111880 0.084523 0.042708 0.121836 0.106153 0.036460 0.069026 0.017811 0.124691 0.112942 0.115555 0.119752 0.142508 0.138179 0.118355 0.137046 0.131946 0.119283 0.154136 0.128918 0.134412 0.144779 0.097667 0.124815 0.110525 0.102850 0.104116 0.124980 0.064025 0.116301 0.096489 0.099863 0.103273
904000.042938 2.586513 0.124084 0.115348 0.083978 0.047794 0.129711 0.117810 0.046185 0.080523 0.014764 0.133769 0.118738 0.112296 0.119669 0.140777 0.141363 0.117097 0.134813 0.124374 0.107807 0.148211 0.120482 0.130666 0.137694 0.082228 0.114522 0.099315 0.096756 0.103623 0.136812 0.064041 0.120490 0.104593 0.105167 0.110835
905000.042985 3.978355 0.118152 0.114634 0.088023 0.048634 0.123371 0.105254 0.029121 0.064608 0.018311 0.128763 0.117322 0.113671 0.120114 0.143240 0.134901 0.115038 0.135427 0.133669 0.120576 0.153596 0.127454 0.135270 0.144484 0.097154 0.124855 0.112474 0.101362 0.101219 0.126605 0.069134 0.117882 0.094784 0.099375 0.103118
906000.043033 6.246616 0.115668 0.113766 0.088462 0.045680 0.120509 0.102737 0.027702 0.062154 0.022945 0.126344 0.114672 0.112286 0.118091 0.141815 0.132952 0.113633 0.133838 0.134292 0.121999 0.152575 0.127315 0.134905 0.143893 0.099377 0.124837 0.112976 0.099701 0.100937 0.122931 0.068151 0.116675 0.093418 0.097884 0.101663
907000.043080 1.395405 0.121451 0.112001 0.079669 0.041443 0.125501 0.115476 0.044266 0.079292 0.010844 0.129326 0.113562 0.115893 0.121408 0.141878 0.142432 0.119067 0.137532 0.125015 0.109304 0.149784 0.122087 0.130870 0.138685 0.085935 0.116368 0.101192 0.100935 0.106209 0.132914 0.059107 0.118052 0.103900 0.104819 0.109559
908000.043128 7.663088 0.123048 0.117726 0.088538 0.048065 0.122375 0.106838 0.023506 0.064435 0.025413 0.131533 0.116560 0.119648 0.127850 0.149788 0.131051 0.111520 0.140031 0.139607 0.125610 0.155756 0.124538 0.141296 0.144290 0.102272 0.126044 0.117119 0.106363 0.108566 0.127301 0.069502 0.122226 0.099791 0.105808 0.108200
909000.043175 3.795737 0.117970 0.112795 0.084729 0.042453 0.121106 0.106374 0.030930 0.067026 0.017886 0.126867 0.113222 0.116522 0.121818 0.144406 0.137199 0.117002 0.137709 0.133304 0.120416 0.153828 0.126971 0.135293 0.143903 0.098233 0.124432 0.112128 0.103698 0.104698 0.125617 0.064155 0.117080 0.097056 0.100907 0.104408
910000.043223 8.084784 0.116097 0.112583 0.086158 0.041160 0.118077 0.103288 0.030640 0.064630 0.026103 0.124580 0.110720 0.116708 0.121873 0.144633 0.133810 0.114797 0.137152 0.135880 0.123872 0.153675 0.126890 0.137207 0.143782 0.102774 0.125605 0.114447 0.103510 0.106512 0.121443 0.064491 0.116986 0.096520 0.100960 0.103665
911000.043270 2.931511 0.123954 0.112941 0.080255 0.044225 0.121669 0.110596 0.032104 0.071570 0.015718 0.131083 0.113546 0.121876 0.130072 0.149237 0.133675 0.111741 0.141329 0.134381 0.119738 0.152350 0.118685 0.138403 0.138646 0.097265 0.121362 0.113389 0.108220 0.112311 0.130716 0.062305 0.120351 0.103448 0.108482 0.109878
912000.043318 1.416540 0.123958 0.112805 0.079590 0.044063 0.124386 0.113130 0.038667 0.075736 0.010926 0.130089 0.114012 0.122604 0.129222 0.148090 0.138887 0.117138 0.142665 0.131692 0.116860 0.153445 0.122589 0.137019 0.140723 0.094846 0.121644 0.110017 0.108859 0.112105 0.132644 0.061384 0.120283 0.104679 0.108414 0.110500
913000.043365 4.193077 0.122221 0.111242 0.077745 0.038182 0.124399 0.118348 0.047515 0.082921 0.018799 0.129244 0.111025 0.116236 0.121113 0.140793 0.144727 0.120826 0.137253 0.121875 0.105805 0.147811 0.120747 0.128063 0.136759 0.082709 0.113406 0.098185 0.100697 0.106773 0.133828 0.055769 0.117289 0.106585 0.105508 0.111469
914000.043413 3.135637 0.115237 0.106153 0.076093 0.036901 0.118787 0.109736 0.044098 0.076102 0.016256 0.122249 0.107078 0.116617 0.118893 0.138464 0.143372 0.122381 0.136118 0.122459 0.109427 0.147876 0.124233 0.127201 0.138112 0.089432 0.117164 0.102122 0.103163 0.104902 0.125807 0.056088 0.111898 0.099094 0.100060 0.104209
915000.043460 12.026207 0.119275 0.122174 0.101432 0.065476 0.128207 0.100030 0.019856 0.053755 0.031836 0.135230 0.129470 0.108505 0.118709 0.144587 0.125869 0.108567 0.131340 0.143308 0.131160 0.156682 0.131787 0.140166 0.150400 0.105320 0.133651 0.124029 0.099737 0.094520 0.127174 0.085063 0.122093 0.088366 0.096846 0.099978
916000.043508 5.902366 0.115764 0.113885 0.089197 0.048924 0.120744 0.101368 0.024725 0.060048 0.022303 0.127197 0.116425 0.112878 0.119013 0.142642 0.132477 0.113663 0.134159 0.135389 0.123358 0.152916 0.127603 0.135436 0.144342 0.100616 0.126340 0.115459 0.101387 0.100315 0.122906 0.070518 0.116602 0.091746 0.097484 0.100616
917000.043555 10.902501 0.116222 0.119005 0.098718 0.061418 0.124576 0.097662 0.018292 0.052394 0.030312 0.131393 0.125036 0.106877 0.116192 0.141557 0.124610 0.107277 0.129015 0.140264 0.128793 0.153647 0.129975 0.137695 0.147757 0.103734 0.130906 0.121141 0.097587 0.093666 0.123483 0.081726 0.119157 0.086836 0.094728 0.098003
918000.043603 5.329435 0.117961 0.115686 0.090964 0.052323 0.122749 0.101602 0.025224 0.060348 0.021193 0.129123 0.119128 0.113474 0.121454 0.144505 0.128630 0.110114 0.134193 0.138669 0.126427 0.153774 0.126796 0.139616 0.144820 0.103099 0.127827 0.117592 0.101679 0.103121 0.124893 0.072304 0.119117 0.093530 0.100004 0.101783
919000.043650 10.848662 0.114073 0.112857 0.089530 0.047490 0.116668 0.097631 0.025859 0.057975 0.030237 0.122764 0.112510 0.116802 0.121590 0.143929 0.130276 0.113805 0.135899 0.138733 0.128110 0.153407 0.129007 0.138459 0.144852 0.107685 0.129063 0.119403 0.105453 0.104874 0.117962 0.070506 0.116168 0.092016 0.098350 0.099889
920000.043698 4.224741 0.121645 0.115141 0.085704 0.045429 0.122006 0.106942 0.027915 0.066592 0.018869 0.129592 0.115108 0.118566 0.126108 0.147604 0.132806 0.112133 0.138846 0.136768 0.122811 0.153899 0.123326 0.139742 0.142577 0.099543 0.123953 0.114389 0.105098 0.108636 0.127377 0.066279 0.120362 0.099748 0.104954 0.107112
