#! FIELDS time restraint.bias r0 r1 r2 r3 r4 r5 r6 r7 r8 r9 r10 r11 r12 r13 r14 r15 r16 r17 r18 r19 r20 r21 r22 r23 r24 r25 r26 r27 r28 r29 r30 r31 r32 r33 r34 r35 r36 r37 r38 r39 r40 r41 r42 r43 r44 r45 r46 r47 r48 r49 r50 r51 r52 r53 r54 r55 r56
 1280000.060797 0.968653 0.110346 0.119454 0.108819 0.108318 0.091532 0.119449 0.090133 0.084355 0.124481 0.072597 0.120042 0.016063 0.039353 0.019815 0.125837 0.116528 0.056572 0.115588 0.062124 0.099906 0.071831 0.106497 0.115053 0.138951 0.110874 0.114594 0.097590 0.111561 0.104668 0.124569 0.092152 0.148508 0.141883 0.149193 0.135140 0.145502 0.145439 0.130390 0.125959 0.149182 0.124985 0.105121 0.129527 0.154419 0.136754 0.154409 0.151888 0.136985 0.133674 0.116503 0.096680 0.116460 0.132128 0.123731 0.150762 0.126943 0.028748
 1281000.060844 1.717427 0.111861 0.115255 0.112394 0.096302 0.076708 0.110135 0.095493 0.094047 0.121624 0.057392 0.123770 0.021389 0.020633 0.035439 0.124610 0.110946 0.070588 0.118723 0.044064 0.105909 0.052994 0.109651 0.115937 0.140978 0.116692 0.126612 0.101123 0.121425 0.111304 0.130656 0.091759 0.140271 0.130619 0.154069 0.133243 0.143719 0.138859 0.141357 0.126818 0.145790 0.138048 0.108782 0.116361 0.153441 0.126885 0.143703 0.147341 0.123203 0.130792 0.109346 0.094484 0.120370 0.126143 0.112099 0.149361 0.130139 0.038978
 1282000.060892 2.456595 0.103922 0.117641 0.104435 0.114364 0.100712 0.123937 0.081939 0.076585 0.123344 0.080882 0.117975 0.025581 0.046579 0.014333 0.122024 0.117999 0.047139 0.110665 0.072193 0.092139 0.078437 0.099383 0.107276 0.132551 0.104263 0.112414 0.088067 0.109980 0.104769 0.117629 0.086715 0.146634 0.143636 0.145602 0.139442 0.148185 0.146063 0.125271 0.118491 0.143603 0.121251 0.102765 0.132777 0.153396 0.139884 0.155890 0.150027 0.139705 0.138732 0.118419 0.092438 0.108563 0.135715 0.126518 0.150932 0.121511 0.027856
 1283000.060939 0.705260 0.111397 0.117177 0.111243 0.101948 0.084817 0.115757 0.092312 0.089522 0.123537 0.063588 0.122895 0.013707 0.028326 0.027091 0.125967 0.113411 0.062530 0.118663 0.055303 0.102620 0.061993 0.104842 0.113618 0.138532 0.109570 0.119022 0.095969 0.113615 0.105004 0.125188 0.088794 0.142384 0.133736 0.150268 0.131466 0.142993 0.139166 0.132985 0.124617 0.145362 0.130297 0.103837 0.120747 0.152498 0.129130 0.147665 0.147424 0.128222 0.130735 0.109010 0.090243 0.115668 0.126131 0.114198 0.147788 0.127599 0.032661
 1284000.060987 0.545994 0.119086 0.118295 0.114840 0.096206 0.078544 0.112013 0.100645 0.096444 0.123795 0.057247 0.123482 0.012060 0.029135 0.036009 0.129796 0.110914 0.070360 0.124177 0.051445 0.110047 0.061487 0.114941 0.124490 0.146394 0.116753 0.121171 0.107057 0.114882 0.105346 0.133342 0.098668 0.144459 0.133143 0.152465 0.126010 0.138969 0.137865 0.137283 0.134031 0.151089 0.133217 0.107909 0.120785 0.152068 0.127780 0.147950 0.148282 0.128094 0.124715 0.108838 0.096964 0.125687 0.122905 0.112885 0.145752 0.136466 0.037717
 1285000.061034 2.178663 0.112490 0.119166 0.115320 0.103187 0.085770 0.117685 0.093329 0.094633 0.128233 0.064132 0.129121 0.024091 0.026556 0.031823 0.128623 0.117472 0.066461 0.122446 0.053674 0.106369 0.055175 0.101920 0.110499 0.137965 0.109388 0.124888 0.093158 0.118915 0.108509 0.125383 0.083075 0.140471 0.130677 0.153474 0.133992 0.145376 0.138406 0.137237 0.122947 0.144746 0.137237 0.103639 0.115752 0.154262 0.125918 0.145027 0.147029 0.124610 0.134149 0.105468 0.085957 0.113621 0.126010 0.110084 0.148563 0.126310 0.043069
 1286000.061082 2.478955 0.114239 0.115358 0.114873 0.093115 0.071784 0.107782 0.099412 0.099242 0.121262 0.052987 0.124772 0.025697 0.016473 0.042889 0.125502 0.109841 0.076580 0.121319 0.037535 0.109407 0.048902 0.110600 0.116898 0.141775 0.118456 0.129304 0.103859 0.123995 0.111649 0.132150 0.091999 0.138400 0.127375 0.153661 0.130011 0.140416 0.135968 0.144688 0.127760 0.145188 0.141196 0.108234 0.112170 0.151167 0.122924 0.140167 0.145324 0.119906 0.127031 0.106151 0.094510 0.122018 0.122440 0.109260 0.147170 0.130186 0.042486
 1287000.061129 2.193263 0.116145 0.118855 0.116444 0.100116 0.084237 0.115979 0.096226 0.096604 0.128204 0.061491 0.129265 0.024171 0.029303 0.033958 0.130969 0.114904 0.068789 0.126138 0.056092 0.109034 0.055622 0.105857 0.116214 0.140850 0.109887 0.122283 0.097812 0.114280 0.105714 0.127471 0.087346 0.141032 0.129911 0.152667 0.129221 0.142257 0.136483 0.134403 0.126738 0.146724 0.134819 0.104683 0.116042 0.153389 0.124615 0.145105 0.146205 0.124671 0.130549 0.104475 0.087464 0.116487 0.123243 0.108517 0.145263 0.130529 0.046465
 1288000.061177 1.984058 0.115769 0.117632 0.115432 0.096052 0.075340 0.110298 0.099529 0.098400 0.123861 0.056706 0.125580 0.022990 0.022819 0.039171 0.127651 0.112318 0.074134 0.122259 0.042074 0.110139 0.052956 0.111891 0.119015 0.143598 0.118835 0.127392 0.104719 0.122148 0.110811 0.132967 0.093507 0.141887 0.130873 0.155021 0.131212 0.142112 0.138814 0.143414 0.129999 0.148600 0.139749 0.108867 0.116016 0.153405 0.125922 0.143958 0.148150 0.123908 0.128683 0.108495 0.096292 0.123070 0.124799 0.112050 0.148765 0.131789 0.042084
 1289000.061224 2.818114 0.118612 0.113376 0.115433 0.085388 0.063138 0.101623 0.105143 0.103779 0.118270 0.044564 0.122670 0.027399 0.017677 0.049610 0.125819 0.104469 0.082636 0.123689 0.030923 0.113976 0.047853 0.119913 0.125803 0.147303 0.125713 0.132795 0.112623 0.126578 0.113684 0.139525 0.101492 0.137741 0.125096 0.154344 0.125335 0.136076 0.133366 0.149771 0.134733 0.147720 0.144645 0.113385 0.111031 0.149277 0.120780 0.138540 0.144180 0.117554 0.121327 0.106190 0.100890 0.130468 0.119413 0.106783 0.144443 0.137735 0.047180
 1290000.061272 1.880326 0.104261 0.116950 0.103626 0.111842 0.096220 0.120712 0.083726 0.076900 0.121361 0.078484 0.115871 0.022380 0.044395 0.013758 0.121357 0.116282 0.049896 0.109257 0.067219 0.092762 0.076887 0.102444 0.109672 0.133552 0.107778 0.110937 0.092894 0.109354 0.104187 0.119371 0.090080 0.147575 0.144142 0.144840 0.137454 0.146088 0.146580 0.126040 0.120403 0.145216 0.119962 0.103802 0.133170 0.152246 0.139934 0.155202 0.150240 0.139968 0.135965 0.120050 0.097041 0.111390 0.135041 0.128269 0.149762 0.121602 0.024166
 1291000.061319 1.362522 0.109227 0.119906 0.108577 0.109951 0.092231 0.120282 0.089785 0.083204 0.123847 0.074306 0.119432 0.019051 0.039470 0.021364 0.125161 0.117519 0.057272 0.113727 0.061723 0.098556 0.072691 0.105717 0.113716 0.137887 0.110842 0.114162 0.098146 0.111904 0.104755 0.123599 0.091709 0.149077 0.143177 0.148881 0.136272 0.146102 0.146464 0.130601 0.124928 0.148681 0.124786 0.104441 0.130466 0.154231 0.137808 0.154383 0.152221 0.138460 0.134155 0.117666 0.097555 0.116255 0.132806 0.126373 0.151598 0.125109 0.024059
 1292000.061367 2.159207 0.120355 0.115193 0.117992 0.087060 0.066786 0.104967 0.105163 0.104963 0.121677 0.044392 0.125889 0.023983 0.014190 0.047457 0.128931 0.106610 0.081194 0.127473 0.036768 0.115138 0.045959 0.116147 0.124040 0.145974 0.120768 0.131031 0.108992 0.123589 0.110763 0.136636 0.096850 0.136304 0.122728 0.152700 0.122907 0.134616 0.130251 0.146497 0.133114 0.146158 0.143468 0.109937 0.108190 0.147993 0.117588 0.137318 0.142046 0.115965 0.120756 0.101349 0.094565 0.127097 0.116577 0.102293 0.141346 0.136458 0.047488
 1293000.061414 0.757590 0.113511 0.118394 0.112113 0.102299 0.084581 0.115741 0.093974 0.090819 0.124688 0.064628 0.123359 0.014206 0.031253 0.027138 0.127589 0.114481 0.063692 0.119926 0.054807 0.104580 0.063200 0.107733 0.116794 0.141067 0.112271 0.118488 0.099506 0.113349 0.105110 0.127365 0.091701 0.145139 0.136089 0.151462 0.131614 0.143523 0.141558 0.133643 0.127542 0.148820 0.130273 0.105267 0.123305 0.153903 0.131039 0.149875 0.149684 0.130929 0.130890 0.111344 0.094096 0.118329 0.127525 0.116724 0.148866 0.129565 0.034541
 1294000.061462 0.888905 0.118767 0.121115 0.116911 0.100056 0.080151 0.114872 0.100677 0.097610 0.126670 0.060219 0.126151 0.015388 0.027343 0.034917 0.131270 0.114782 0.070999 0.124918 0.049895 0.110390 0.060095 0.112002 0.121704 0.145813 0.116528 0.122126 0.105421 0.116138 0.106417 0.132356 0.094710 0.146131 0.134838 0.154898 0.129784 0.142153 0.140602 0.138560 0.132470 0.151872 0.135146 0.107320 0.120536 0.154711 0.128548 0.148513 0.150703 0.129180 0.128461 0.109537 0.096021 0.123445 0.125368 0.114747 0.149166 0.133303 0.037596
 1295000.061509 2.167231 0.103768 0.116193 0.101663 0.111317 0.095829 0.119406 0.084445 0.074490 0.118065 0.079118 0.111540 0.024027 0.046517 0.019716 0.119431 0.114241 0.050255 0.106120 0.067715 0.091240 0.080083 0.105096 0.111470 0.133353 0.109060 0.109832 0.096512 0.109836 0.103917 0.119703 0.093697 0.147562 0.144692 0.142288 0.135015 0.142491 0.144927 0.126530 0.121637 0.144657 0.117853 0.103819 0.134188 0.149048 0.140014 0.154184 0.148731 0.141066 0.131859 0.121078 0.100608 0.114269 0.133316 0.130880 0.147642 0.121666 0.013852
 1296000.061557 2.608819 0.115665 0.112196 0.114947 0.086416 0.066845 0.103268 0.100811 0.101901 0.119941 0.045290 0.125037 0.026362 0.012079 0.045278 0.125287 0.105256 0.078914 0.123852 0.035687 0.111805 0.042594 0.113824 0.119938 0.142606 0.120266 0.132469 0.105134 0.125492 0.113531 0.134682 0.094495 0.133940 0.121717 0.152584 0.126604 0.137191 0.130880 0.146380 0.129185 0.143296 0.143816 0.111224 0.107460 0.148798 0.118369 0.136249 0.141203 0.113811 0.124416 0.102985 0.094067 0.123741 0.119228 0.101978 0.142459 0.133834 0.048852
 1297000.061604 1.395072 0.106674 0.116741 0.105444 0.108063 0.091255 0.117588 0.087096 0.081124 0.121226 0.073818 0.116596 0.019278 0.040760 0.019560 0.122226 0.115015 0.054697 0.111539 0.061738 0.096307 0.072836 0.104425 0.111850 0.135595 0.109945 0.113050 0.095616 0.111230 0.104276 0.121789 0.090719 0.146565 0.141477 0.146186 0.134943 0.144092 0.144692 0.129099 0.122403 0.146030 0.122871 0.103760 0.129701 0.151696 0.136673 0.152665 0.149758 0.136813 0.132953 0.117445 0.097573 0.113754 0.132080 0.125359 0.149087 0.123073 0.026681
 1298000.061652 1.625448 0.114252 0.123330 0.109380 0.114195 0.098342 0.124392 0.093247 0.082834 0.125531 0.080104 0.117429 0.020808 0.050757 0.024453 0.128934 0.119036 0.055086 0.116891 0.072525 0.099899 0.084763 0.108689 0.119655 0.139787 0.109114 0.105047 0.102301 0.103018 0.098194 0.122461 0.098071 0.154043 0.148643 0.143256 0.131294 0.141998 0.147233 0.122534 0.129201 0.152033 0.115050 0.102915 0.138295 0.151221 0.141961 0.160148 0.152623 0.146208 0.130565 0.121027 0.101656 0.118482 0.132564 0.131904 0.147472 0.127373 0.024676
 1299000.061699 5.249027 0.099733 0.114335 0.098067 0.118297 0.109439 0.125513 0.074983 0.068933 0.121191 0.090350 0.113607 0.037393 0.060131 0.015349 0.119055 0.116587 0.036780 0.107127 0.084582 0.086500 0.088795 0.099546 0.106967 0.129459 0.102394 0.107629 0.085499 0.105696 0.104974 0.114351 0.090017 0.147538 0.148477 0.139506 0.140390 0.147371 0.148103 0.117792 0.116126 0.142342 0.113284 0.105074 0.141443 0.151042 0.146565 0.160757 0.148515 0.146247 0.141312 0.125630 0.097046 0.105271 0.141269 0.133294 0.146776 0.120912 0.039163
 1300000.061747 1.109821 0.112480 0.119526 0.108107 0.107112 0.089202 0.117397 0.093794 0.084402 0.121561 0.072422 0.116178 0.017194 0.042499 0.026351 0.125471 0.114582 0.060149 0.114175 0.061173 0.101076 0.075923 0.111000 0.119597 0.140513 0.113627 0.111143 0.104266 0.109376 0.102239 0.126040 0.098515 0.150457 0.143915 0.146529 0.131375 0.141498 0.145347 0.129575 0.129659 0.151087 0.121546 0.105193 0.132329 0.151442 0.137949 0.154891 0.151652 0.139603 0.128563 0.118693 0.102557 0.121355 0.130333 0.127799 0.148608 0.128302 0.023335
 1301000.061794 0.984110 0.117146 0.116361 0.114730 0.092686 0.072061 0.108070 0.101231 0.098432 0.121403 0.052054 0.123139 0.016191 0.019563 0.039892 0.127324 0.108894 0.074514 0.122703 0.041329 0.110238 0.054145 0.113894 0.121956 0.144933 0.118536 0.125171 0.106997 0.119140 0.107826 0.133782 0.096373 0.141333 0.129693 0.153198 0.126757 0.138457 0.136293 0.141635 0.131947 0.148482 0.137440 0.108129 0.115586 0.151077 0.124471 0.143313 0.146696 0.123045 0.124033 0.106849 0.096402 0.125185 0.121451 0.110553 0.146150 0.133972 0.038933
 1302000.061842 2.377600 0.107327 0.119723 0.105786 0.115836 0.102632 0.125569 0.084596 0.077778 0.124783 0.082563 0.117932 0.025166 0.050416 0.016036 0.124822 0.118766 0.047202 0.113463 0.075656 0.094227 0.082661 0.102137 0.111635 0.135083 0.105064 0.109647 0.091520 0.107062 0.102986 0.118832 0.090246 0.149871 0.146636 0.144526 0.137583 0.146812 0.147211 0.123246 0.121922 0.146594 0.118275 0.103404 0.136280 0.153326 0.141986 0.159018 0.151485 0.143332 0.137497 0.120331 0.095341 0.110993 0.136269 0.129093 0.149816 0.123846 0.028918
 1303000.061889 1.181898 0.117113 0.119447 0.116798 0.098821 0.080327 0.114485 0.098775 0.097136 0.126601 0.058314 0.127693 0.017744 0.023548 0.034726 0.130508 0.114093 0.070753 0.125065 0.050675 0.109577 0.055256 0.108188 0.118114 0.142693 0.112412 0.122419 0.100992 0.115100 0.105654 0.129550 0.090015 0.142118 0.130572 0.153730 0.129113 0.141866 0.137240 0.136538 0.128954 0.147957 0.135317 0.105235 0.116033 0.153416 0.124951 0.145046 0.147463 0.124558 0.128889 0.105176 0.089776 0.119713 0.122921 0.109606 0.146922 0.131545 0.040668
 1304000.061937 0.676086 0.115089 0.118655 0.113964 0.099928 0.081267 0.114120 0.096586 0.094216 0.125112 0.060840 0.124668 0.013420 0.027027 0.031008 0.128342 0.113725 0.067066 0.121986 0.050999 0.107069 0.059687 0.109708 0.118470 0.143019 0.114867 0.122360 0.101309 0.116795 0.107457 0.130175 0.092469 0.144281 0.134193 0.153620 0.131520 0.143214 0.140410 0.137642 0.129132 0.149180 0.134328 0.107149 0.120419 0.154387 0.129025 0.148130 0.149617 0.128097 0.130321 0.109968 0.094575 0.120346 0.126619 0.114229 0.149097 0.131363 0.037096
 1305000.061984 0.736327 0.115680 0.117285 0.113009 0.097417 0.079493 0.112275 0.097489 0.093806 0.123073 0.058997 0.123264 0.014005 0.027074 0.032360 0.127982 0.110806 0.068555 0.121545 0.050163 0.107571 0.060031 0.113412 0.121776 0.144846 0.117204 0.121919 0.105434 0.115926 0.107384 0.132497 0.097147 0.145204 0.135178 0.153523 0.129839 0.142086 0.140641 0.137611 0.131897 0.150735 0.133503 0.109220 0.122387 0.154280 0.130446 0.149151 0.149833 0.129361 0.128361 0.111949 0.098006 0.123909 0.126534 0.115970 0.148379 0.134385 0.036514
 1306000.062032 6.641173 0.121622 0.106386 0.115168 0.069950 0.047099 0.089073 0.111851 0.111871 0.110309 0.028435 0.118704 0.042061 0.025738 0.065715 0.122892 0.092636 0.095366 0.126567 0.023736 0.118848 0.043103 0.129188 0.133853 0.149637 0.132897 0.139125 0.122281 0.130466 0.116557 0.146132 0.110626 0.130382 0.115924 0.150314 0.115788 0.126297 0.124311 0.155905 0.138581 0.143841 0.149771 0.118645 0.103146 0.141942 0.112166 0.129435 0.136570 0.107944 0.110586 0.101905 0.105959 0.137524 0.110712 0.098655 0.135946 0.143739 0.060544
 1307000.062079 0.827204 0.113907 0.119833 0.110310 0.104309 0.084976 0.115746 0.096030 0.088193 0.122176 0.067981 0.118089 0.014844 0.036594 0.029449 0.126436 0.114299 0.063471 0.116114 0.055717 0.103191 0.070545 0.112341 0.120535 0.142839 0.115874 0.116094 0.105507 0.113584 0.104786 0.129151 0.097977 0.149096 0.140821 0.150108 0.131192 0.141665 0.143930 0.134510 0.131027 0.151560 0.127154 0.106494 0.127892 0.152535 0.134519 0.152154 0.151891 0.135885 0.127890 0.115765 0.101368 0.123129 0.128535 0.123627 0.149819 0.130151 0.024579
 1308000.062127 2.348067 0.111981 0.121230 0.111324 0.111823 0.097686 0.123958 0.089284 0.086989 0.129712 0.076640 0.125450 0.025010 0.044776 0.022274 0.129067 0.120907 0.054578 0.120163 0.070108 0.101366 0.072924 0.104475 0.114173 0.139886 0.108641 0.118109 0.092601 0.113130 0.107047 0.124655 0.088985 0.148492 0.141353 0.152386 0.138585 0.150287 0.146413 0.130204 0.125216 0.149660 0.128455 0.106113 0.129214 0.158155 0.136654 0.156314 0.153298 0.136870 0.139858 0.114809 0.092028 0.113491 0.134326 0.120275 0.152638 0.129076 0.042154
 1309000.062174 2.072721 0.102788 0.112523 0.103874 0.104559 0.090439 0.115499 0.082782 0.080335 0.119427 0.070572 0.117475 0.023498 0.036113 0.020255 0.119437 0.111639 0.054449 0.110679 0.060053 0.094764 0.066168 0.100673 0.106741 0.131889 0.107202 0.117604 0.090186 0.114876 0.107023 0.119709 0.085401 0.140644 0.135886 0.145893 0.134843 0.143508 0.140077 0.130623 0.117794 0.140714 0.126597 0.103294 0.124027 0.150429 0.132546 0.147956 0.145464 0.130834 0.133122 0.113389 0.092143 0.110019 0.129993 0.119750 0.147021 0.121241 0.031226
 1310000.062222 3.292861 0.100114 0.114988 0.102398 0.113981 0.101290 0.123001 0.078264 0.074999 0.121765 0.081450 0.117407 0.029617 0.046771 0.015976 0.119381 0.116779 0.045651 0.108646 0.072677 0.089602 0.077206 0.095413 0.102428 0.128794 0.101690 0.112907 0.083208 0.110216 0.105176 0.114548 0.082505 0.143449 0.141760 0.144264 0.140439 0.148322 0.144633 0.124097 0.113820 0.139563 0.121442 0.101384 0.131012 0.152232 0.138735 0.153579 0.147745 0.137473 0.139845 0.117596 0.090060 0.104141 0.135825 0.125517 0.149965 0.117792 0.031387
 1311000.062269 0.875577 0.113053 0.119735 0.111466 0.106029 0.089648 0.118992 0.092364 0.088024 0.126191 0.069218 0.123464 0.015272 0.036322 0.022558 0.128357 0.116281 0.059858 0.119606 0.061173 0.103017 0.067777 0.107373 0.117039 0.140966 0.110855 0.115979 0.098631 0.110773 0.104401 0.126306 0.092235 0.147842 0.139696 0.151182 0.133885 0.145912 0.144271 0.130395 0.127665 0.150157 0.127115 0.105764 0.127248 0.155846 0.134709 0.153628 0.151802 0.134736 0.133664 0.113999 0.094596 0.117514 0.130520 0.119969 0.150442 0.129926 0.034154
 1312000.062317 1.626572 0.119753 0.118333 0.118543 0.094844 0.077230 0.111998 0.101473 0.101875 0.126998 0.053992 0.129642 0.020816 0.023677 0.039868 0.131514 0.112375 0.074925 0.128639 0.048062 0.113734 0.052212 0.111390 0.121013 0.144875 0.115825 0.126883 0.103266 0.118954 0.108318 0.132910 0.092609 0.140451 0.128111 0.154266 0.127430 0.140370 0.135321 0.140692 0.131177 0.148312 0.139697 0.107781 0.114311 0.152856 0.123267 0.144010 0.145998 0.121978 0.127621 0.104328 0.091495 0.122384 0.121860 0.106504 0.144961 0.134934 0.047766
 1313000.062364 2.199913 0.103827 0.116174 0.103329 0.112355 0.098617 0.121348 0.081719 0.077137 0.122438 0.079670 0.116892 0.024208 0.046864 0.012125 0.121254 0.116790 0.046909 0.110505 0.070143 0.092917 0.077585 0.100817 0.108280 0.133051 0.106277 0.112493 0.088816 0.110621 0.105317 0.118559 0.087809 0.146455 0.143477 0.145175 0.138604 0.147108 0.146244 0.126061 0.118941 0.144167 0.121227 0.103670 0.132969 0.152760 0.139832 0.155633 0.149970 0.139277 0.137942 0.119469 0.095095 0.109110 0.136059 0.126750 0.149896 0.121634 0.031252
 1314000.062412 2.785046 0.116105 0.112617 0.114318 0.087068 0.067068 0.103133 0.101839 0.101151 0.118325 0.046763 0.122824 0.027238 0.017385 0.046635 0.125048 0.104476 0.080175 0.122660 0.034489 0.112238 0.046281 0.115547 0.121770 0.143674 0.121325 0.130497 0.108617 0.124270 0.111783 0.135326 0.096824 0.136895 0.125231 0.152276 0.125545 0.136089 0.132647 0.146310 0.131147 0.145209 0.141831 0.110444 0.110504 0.148775 0.120707 0.138226 0.143054 0.117466 0.121998 0.105012 0.097488 0.126395 0.119306 0.107238 0.143504 0.133944 0.046268
 1315000.062459 2.735042 0.101183 0.116336 0.101237 0.115116 0.101269 0.123093 0.080175 0.072892 0.120474 0.083010 0.114119 0.026992 0.048929 0.014199 0.119167 0.116852 0.044226 0.106262 0.073067 0.088889 0.081729 0.101031 0.107351 0.131930 0.106620 0.112318 0.089257 0.111376 0.106748 0.117970 0.089562 0.147402 0.146024 0.144320 0.140804 0.147838 0.147485 0.125990 0.118258 0.143253 0.119831 0.104797 0.135759 0.152407 0.142657 0.156839 0.150341 0.141834 0.138927 0.122496 0.097040 0.109632 0.138186 0.130605 0.151064 0.120596 0.023414
 1316000.062507 1.094818 0.108703 0.118327 0.109662 0.106957 0.089789 0.118994 0.089096 0.085731 0.124609 0.069852 0.122542 0.017077 0.033184 0.021854 0.125062 0.116535 0.058095 0.115926 0.059607 0.099281 0.066236 0.103086 0.111238 0.137199 0.108929 0.117847 0.093703 0.113413 0.106017 0.123507 0.087587 0.145166 0.138229 0.150882 0.136660 0.147377 0.143816 0.131645 0.122708 0.146020 0.128678 0.104291 0.125093 0.155166 0.133858 0.151277 0.150462 0.132564 0.135712 0.113218 0.091636 0.113488 0.131072 0.119404 0.151667 0.125546 0.030928
 1317000.062554 1.907203 0.102987 0.116183 0.103213 0.111550 0.096608 0.120711 0.082252 0.076332 0.121421 0.077969 0.116364 0.022540 0.043301 0.012759 0.120669 0.116077 0.048246 0.109047 0.067973 0.091614 0.075471 0.101132 0.108209 0.132927 0.106458 0.112590 0.090326 0.110248 0.105107 0.118991 0.088027 0.146203 0.142745 0.145705 0.138782 0.147443 0.146025 0.126225 0.118994 0.143838 0.121324 0.103816 0.131418 0.153005 0.138927 0.154399 0.149977 0.138067 0.137422 0.118516 0.094364 0.109836 0.135076 0.125920 0.150652 0.121604 0.026461
 1318000.062602 1.232383 0.114630 0.115665 0.112808 0.093930 0.073121 0.108316 0.098884 0.095465 0.120237 0.054670 0.121627 0.018119 0.020224 0.037642 0.125665 0.108829 0.072466 0.119835 0.042619 0.107233 0.054912 0.112724 0.120200 0.143404 0.117823 0.123893 0.105978 0.118306 0.108138 0.132351 0.095701 0.141543 0.130759 0.152945 0.128610 0.139787 0.137595 0.140168 0.130278 0.147857 0.135826 0.108312 0.116735 0.151551 0.125856 0.143500 0.147119 0.124090 0.125609 0.108569 0.096806 0.123739 0.123018 0.112436 0.147220 0.132219 0.036228
 1319000.062649 1.538354 0.119688 0.125712 0.113305 0.111949 0.094648 0.123213 0.099618 0.088403 0.127042 0.076850 0.119337 0.020243 0.049923 0.031722 0.132292 0.119452 0.062324 0.120755 0.069344 0.105639 0.083472 0.112672 0.124670 0.143689 0.111445 0.105300 0.108204 0.102776 0.096397 0.125911 0.101591 0.155477 0.147726 0.145207 0.128292 0.140379 0.146615 0.124307 0.134273 0.155507 0.116876 0.102736 0.136646 0.151532 0.139898 0.159532 0.153798 0.145244 0.126878 0.118744 0.102963 0.123582 0.129330 0.130241 0.147840 0.131057 0.027192
 1320000.062697 1.250891 0.118440 0.118675 0.116101 0.096883 0.079295 0.112960 0.100228 0.096985 0.124900 0.057481 0.126143 0.018254 0.025803 0.036249 0.130632 0.111517 0.072242 0.125077 0.050722 0.110420 0.057592 0.114704 0.123928 0.146798 0.117506 0.123538 0.107596 0.116105 0.107828 0.134182 0.097405 0.145203 0.134094 0.155280 0.129260 0.142288 0.139740 0.138390 0.133740 0.151566 0.135740 0.109931 0.120660 0.155138 0.128971 0.148284 0.149864 0.128309 0.128347 0.110213 0.096995 0.125597 0.125358 0.114185 0.148144 0.136693 0.039817
 1321000.062744 3.648090 0.118971 0.113543 0.118287 0.085685 0.065917 0.103329 0.104291 0.106200 0.121706 0.044073 0.127851 0.031174 0.015058 0.049989 0.127897 0.106377 0.083646 0.127715 0.035247 0.115715 0.039491 0.113977 0.121319 0.143580 0.119859 0.132811 0.107097 0.124900 0.112166 0.135243 0.093713 0.133297 0.119761 0.152339 0.124195 0.135531 0.129220 0.146661 0.130394 0.143686 0.145152 0.109748 0.104830 0.147830 0.115666 0.134468 0.140136 0.112217 0.122499 0.099820 0.092392 0.124750 0.116306 0.099750 0.140916 0.134624 0.053702
 1322000.062792 1.030896 0.118008 0.115258 0.114291 0.091091 0.072547 0.107404 0.101355 0.098397 0.120619 0.050921 0.122339 0.016571 0.022648 0.040312 0.127591 0.106779 0.074602 0.123714 0.043762 0.110959 0.055146 0.115260 0.123710 0.145231 0.118330 0.124443 0.107890 0.117950 0.106893 0.134107 0.097965 0.140624 0.128928 0.151482 0.123774 0.135908 0.134197 0.140764 0.132937 0.148102 0.136327 0.108293 0.115769 0.149392 0.123652 0.143109 0.144987 0.123004 0.121545 0.106072 0.096724 0.126044 0.119746 0.109573 0.143318 0.135467 0.039908
 1323000.062839 0.674817 0.114403 0.121758 0.111687 0.108657 0.092014 0.121211 0.093483 0.087202 0.126914 0.071942 0.122427 0.013407 0.039860 0.022060 0.129468 0.117905 0.058188 0.119604 0.064622 0.102618 0.072706 0.108608 0.118906 0.142160 0.110983 0.113514 0.099927 0.108900 0.103209 0.126469 0.094466 0.150504 0.142514 0.150522 0.134128 0.146194 0.146033 0.128758 0.129326 0.151916 0.124437 0.105808 0.130288 0.156055 0.136855 0.156225 0.153624 0.137969 0.133831 0.115847 0.096305 0.118690 0.131701 0.122451 0.151399 0.130614 0.030980
 1324000.062887 1.354850 0.120488 0.120959 0.119849 0.096695 0.075876 0.113187 0.103413 0.102523 0.127786 0.054861 0.129658 0.018998 0.019965 0.040386 0.132455 0.114472 0.075843 0.127971 0.044815 0.113565 0.053065 0.111900 0.121486 0.146410 0.117452 0.126866 0.105499 0.119614 0.108395 0.134138 0.093411 0.142683 0.129685 0.156340 0.128563 0.141361 0.137347 0.142300 0.132556 0.150518 0.140504 0.107837 0.114858 0.154022 0.123990 0.144600 0.148244 0.123582 0.127784 0.105257 0.092781 0.123954 0.122438 0.108468 0.147493 0.134583 0.043367
 1325000.062934 0.468615 0.113458 0.120946 0.111693 0.106760 0.088393 0.119281 0.094357 0.088003 0.124583 0.069135 0.121197 0.011173 0.035068 0.026406 0.127890 0.116400 0.061191 0.118119 0.059362 0.102091 0.070762 0.107825 0.117325 0.141137 0.111379 0.114783 0.100969 0.110761 0.102959 0.126120 0.093678 0.148831 0.140874 0.149946 0.132343 0.143893 0.144151 0.131200 0.128154 0.149971 0.126138 0.104105 0.128164 0.153776 0.134929 0.153389 0.151800 0.136356 0.130794 0.114520 0.096233 0.118975 0.129184 0.122549 0.150528 0.128575 0.024341
 1326000.062982 0.864025 0.111615 0.118956 0.108900 0.105107 0.085824 0.116072 0.093888 0.086472 0.121377 0.068993 0.117266 0.015171 0.036478 0.027880 0.124831 0.114147 0.061529 0.114400 0.056155 0.100868 0.071346 0.109765 0.117553 0.140525 0.114406 0.115612 0.102736 0.113502 0.104599 0.127012 0.095901 0.147972 0.140461 0.148786 0.131654 0.141631 0.143509 0.133743 0.128265 0.149539 0.126329 0.105347 0.127928 0.151625 0.134575 0.151720 0.150747 0.135724 0.128479 0.115822 0.100111 0.120487 0.128782 0.123908 0.149446 0.127583 0.022738
 1327000.063029 10.001243 0.090137 0.111238 0.088522 0.125124 0.118516 0.126763 0.068239 0.054214 0.112875 0.103040 0.101703 0.051615 0.073690 0.030144 0.109495 0.114543 0.031017 0.092650 0.094924 0.074891 0.103862 0.099912 0.102505 0.121488 0.103600 0.103925 0.085349 0.107339 0.109079 0.109058 0.095529 0.145824 0.152774 0.130718 0.142046 0.142696 0.146808 0.115179 0.110786 0.135704 0.104747 0.107830 0.149826 0.143381 0.152564 0.159906 0.143642 0.152159 0.140453 0.136505 0.106583 0.103874 0.146034 0.145795 0.142197 0.113388 0.036137
 1328000.063077 0.748103 0.110934 0.118148 0.110406 0.103829 0.085541 0.116123 0.092046 0.088325 0.123759 0.066468 0.121617 0.014117 0.031184 0.025181 0.125668 0.115028 0.061248 0.116923 0.054666 0.101870 0.064269 0.106425 0.114431 0.139483 0.112172 0.118957 0.098011 0.115056 0.106189 0.126250 0.090408 0.145099 0.136907 0.151086 0.133516 0.144256 0.142325 0.134472 0.125660 0.147699 0.130168 0.104995 0.123596 0.153630 0.131842 0.149736 0.149911 0.131465 0.131793 0.112329 0.094478 0.117036 0.128717 0.118417 0.149978 0.127253 0.030934
 1329000.063124 2.151366 0.109475 0.119545 0.111309 0.107662 0.089682 0.119480 0.090259 0.087661 0.126356 0.070800 0.124557 0.023939 0.034232 0.025826 0.126667 0.118095 0.060899 0.117530 0.059985 0.100223 0.064694 0.103085 0.111553 0.137677 0.109393 0.118122 0.094963 0.112847 0.106243 0.123942 0.086850 0.145850 0.138092 0.152403 0.137501 0.148782 0.144818 0.131294 0.122815 0.147060 0.129570 0.104918 0.124105 0.156721 0.133184 0.150774 0.151546 0.132336 0.137103 0.112823 0.091539 0.113077 0.131284 0.119004 0.152631 0.125417 0.036686
 1330000.063172 0.703010 0.117346 0.123944 0.114837 0.108959 0.091949 0.122356 0.096239 0.090800 0.129634 0.071353 0.125636 0.013685 0.039631 0.025203 0.132341 0.119667 0.061377 0.123068 0.063843 0.106275 0.071811 0.108835 0.120079 0.143578 0.110840 0.113757 0.101306 0.108418 0.101916 0.127276 0.094222 0.151511 0.142522 0.151791 0.133129 0.146100 0.146067 0.129199 0.130956 0.153628 0.125754 0.104772 0.129848 0.156947 0.136335 0.156753 0.154300 0.138108 0.133209 0.114565 0.095558 0.119742 0.130702 0.122000 0.151528 0.131696 0.034175
 1331000.063219 1.574236 0.123802 0.120429 0.120949 0.095146 0.078490 0.113804 0.105113 0.103805 0.128006 0.053615 0.130084 0.020478 0.026502 0.042791 0.134639 0.112393 0.076819 0.131997 0.052586 0.115664 0.056767 0.114972 0.126034 0.148511 0.116720 0.126050 0.107461 0.117083 0.107102 0.135408 0.096786 0.142100 0.128809 0.154468 0.124137 0.138390 0.134133 0.140204 0.135168 0.150393 0.139200 0.108815 0.115833 0.152230 0.123109 0.145189 0.146161 0.124093 0.125177 0.103962 0.092573 0.126019 0.120085 0.106449 0.143241 0.139103 0.046525
 1332000.063267 1.043839 0.116923 0.121237 0.113282 0.105860 0.090289 0.119750 0.095906 0.089916 0.126454 0.069096 0.123212 0.016675 0.039424 0.027272 0.130916 0.115533 0.062833 0.122561 0.063740 0.105684 0.071244 0.110930 0.121830 0.143826 0.111782 0.113655 0.103235 0.107915 0.102374 0.128042 0.096401 0.149950 0.141203 0.150424 0.130617 0.143574 0.143842 0.128856 0.131555 0.152427 0.124930 0.106289 0.129265 0.155155 0.135230 0.155072 0.152399 0.137072 0.130720 0.114690 0.097035 0.121065 0.129245 0.121377 0.149059 0.132941 0.033678
 1333000.063314 3.900373 0.099789 0.117170 0.098908 0.119035 0.105433 0.125124 0.078950 0.068364 0.119471 0.088880 0.110574 0.032233 0.055646 0.016249 0.117970 0.118047 0.040818 0.102662 0.078137 0.085432 0.088584 0.101341 0.107286 0.130081 0.106272 0.107735 0.090635 0.108860 0.105321 0.115795 0.092158 0.149036 0.149269 0.140423 0.140491 0.146170 0.148461 0.122723 0.117713 0.143199 0.114298 0.104332 0.140389 0.149795 0.145734 0.158607 0.149587 0.146576 0.138292 0.126128 0.100435 0.109334 0.139610 0.135889 0.149022 0.118501 0.020097
 1334000.063362 0.519458 0.112724 0.119180 0.111367 0.105337 0.088615 0.118413 0.092761 0.088626 0.124945 0.067562 0.122257 0.011763 0.034661 0.025222 0.127051 0.115558 0.059860 0.119098 0.060181 0.102514 0.068148 0.106089 0.115463 0.140063 0.110144 0.117850 0.096224 0.113358 0.105114 0.125670 0.090731 0.145206 0.137103 0.150477 0.132981 0.144167 0.141441 0.132553 0.126238 0.147373 0.128821 0.104611 0.124550 0.153596 0.132117 0.151123 0.149703 0.131912 0.132157 0.111596 0.092392 0.116555 0.128528 0.117137 0.149446 0.128692 0.031237
 1335000.063409 1.304898 0.111352 0.121482 0.109309 0.112577 0.097419 0.124010 0.089559 0.082756 0.126536 0.077307 0.120915 0.018644 0.044597 0.017936 0.128048 0.118819 0.053302 0.117120 0.069952 0.098877 0.077591 0.105391 0.115571 0.138723 0.107742 0.110331 0.096858 0.106373 0.101733 0.122494 0.092627 0.151321 0.145554 0.147212 0.135308 0.146537 0.147334 0.124890 0.126057 0.150120 0.120284 0.104021 0.134130 0.154938 0.140128 0.158544 0.153012 0.141850 0.135322 0.118418 0.096119 0.115087 0.133918 0.126956 0.150536 0.127252 0.029104
 1336000.063457 0.757741 0.118813 0.119489 0.116597 0.096314 0.075466 0.111712 0.102470 0.098889 0.123976 0.055197 0.124579 0.014207 0.022511 0.039244 0.129554 0.111654 0.073786 0.124144 0.045286 0.110663 0.058442 0.115215 0.123637 0.147211 0.119835 0.126050 0.107790 0.120196 0.109359 0.135396 0.097887 0.144022 0.132317 0.155505 0.128999 0.140735 0.138455 0.142934 0.133869 0.150718 0.138413 0.109964 0.118174 0.153461 0.126789 0.146174 0.149241 0.125858 0.126465 0.108971 0.097605 0.126493 0.123915 0.112317 0.148607 0.135668 0.036263
 1337000.063504 4.207168 0.101697 0.117271 0.099281 0.119568 0.107843 0.125996 0.078411 0.069349 0.121120 0.090366 0.111419 0.033477 0.059044 0.013588 0.119871 0.118302 0.038047 0.106034 0.081875 0.086872 0.090362 0.101611 0.109049 0.131310 0.105197 0.106283 0.089575 0.106818 0.104483 0.115635 0.092145 0.150064 0.150235 0.139591 0.139106 0.145544 0.148821 0.120309 0.118578 0.144538 0.112672 0.104570 0.142085 0.149956 0.146527 0.160693 0.150016 0.148194 0.138771 0.126472 0.100171 0.108312 0.140409 0.135625 0.147193 0.120056 0.029064
 1338000.063552 1.527430 0.105881 0.117190 0.104262 0.111499 0.097152 0.121254 0.084430 0.077554 0.121878 0.077962 0.116175 0.020171 0.045138 0.013973 0.122385 0.115889 0.048903 0.111180 0.069241 0.093812 0.078031 0.103154 0.111235 0.134664 0.106919 0.110976 0.092850 0.108868 0.103504 0.119795 0.090709 0.147599 0.143861 0.144546 0.136002 0.145060 0.145402 0.125569 0.121601 0.145502 0.119753 0.103492 0.133296 0.151884 0.139593 0.155802 0.149895 0.140005 0.134807 0.119035 0.096229 0.112161 0.134046 0.127269 0.148961 0.123516 0.024608
 1339000.063599 0.782093 0.115482 0.118178 0.112394 0.100747 0.083993 0.115191 0.096624 0.091078 0.122270 0.062864 0.121143 0.014434 0.031998 0.032396 0.127955 0.111477 0.066557 0.120742 0.056126 0.105076 0.066561 0.111459 0.120943 0.143247 0.113540 0.117708 0.104697 0.112332 0.103872 0.129151 0.096435 0.146183 0.137120 0.149948 0.127701 0.140105 0.139980 0.133685 0.130613 0.149427 0.128924 0.105870 0.124979 0.151913 0.131509 0.150361 0.148968 0.132820 0.126371 0.111947 0.096871 0.122362 0.125260 0.118917 0.146932 0.132444 0.029181
 1340000.063647 1.013142 0.117256 0.122542 0.111971 0.107774 0.089567 0.119417 0.098399 0.088588 0.123725 0.071786 0.117870 0.016428 0.043412 0.031806 0.129480 0.115857 0.063521 0.119170 0.063291 0.104032 0.078255 0.111790 0.122747 0.143056 0.112488 0.109334 0.107132 0.106464 0.098701 0.126630 0.099420 0.151883 0.143836 0.146320 0.127351 0.138988 0.143759 0.128259 0.132303 0.152698 0.120891 0.103098 0.132117 0.150551 0.136288 0.155218 0.151737 0.140766 0.125234 0.116247 0.101473 0.122959 0.127037 0.126972 0.147334 0.129991 0.022862
 1341000.063694 0.994334 0.115703 0.119281 0.112064 0.101800 0.082265 0.114195 0.097903 0.091512 0.122278 0.064711 0.119674 0.016275 0.034132 0.032914 0.127287 0.113466 0.067370 0.118656 0.052523 0.105879 0.067162 0.112131 0.120862 0.143232 0.115793 0.117333 0.105974 0.114118 0.104247 0.129568 0.096943 0.147232 0.138041 0.150336 0.128987 0.140076 0.141668 0.135726 0.131196 0.150869 0.129317 0.105476 0.124970 0.151536 0.131633 0.149796 0.150268 0.133305 0.126055 0.112871 0.099738 0.123405 0.125829 0.120781 0.148344 0.130647 0.028795
 1342000.063742 0.699930 0.116344 0.120903 0.113545 0.104595 0.087321 0.117879 0.096182 0.091525 0.126639 0.067100 0.123703 0.013655 0.036459 0.027772 0.129903 0.116349 0.063704 0.121806 0.058365 0.106616 0.067735 0.109555 0.119639 0.142898 0.112514 0.116429 0.101652 0.111700 0.103378 0.128093 0.093927 0.147906 0.138621 0.151231 0.130847 0.143053 0.142673 0.132555 0.130268 0.151383 0.128420 0.104934 0.125924 0.154226 0.132722 0.152518 0.151283 0.133924 0.130055 0.112294 0.095784 0.120327 0.127844 0.118949 0.149102 0.131210 0.034787
 1343000.063789 0.739534 0.110184 0.117969 0.109549 0.105102 0.087848 0.117191 0.090481 0.086423 0.123818 0.068267 0.121307 0.014036 0.033567 0.022162 0.125461 0.115110 0.059073 0.116549 0.058052 0.100674 0.066258 0.105423 0.113911 0.138507 0.110274 0.116678 0.096624 0.112399 0.104891 0.124679 0.089933 0.145672 0.138202 0.150019 0.134110 0.144999 0.143099 0.131494 0.124813 0.147342 0.127603 0.104485 0.125301 0.154014 0.133332 0.151139 0.150187 0.132793 0.132885 0.113217 0.093860 0.115654 0.129744 0.119572 0.150024 0.126805 0.030684
 1344000.063837 0.586137 0.111064 0.119334 0.108384 0.107418 0.089941 0.118620 0.091688 0.084341 0.122613 0.071435 0.117722 0.012495 0.038527 0.022809 0.125240 0.115456 0.057171 0.114627 0.061266 0.099605 0.073201 0.108107 0.116491 0.139696 0.111786 0.114394 0.099527 0.111958 0.104234 0.125339 0.094264 0.148412 0.141681 0.148301 0.133325 0.143301 0.144242 0.131314 0.127187 0.148971 0.124576 0.104884 0.129342 0.152503 0.136011 0.153522 0.151297 0.136962 0.130892 0.116203 0.098072 0.118499 0.130499 0.124051 0.149990 0.127430 0.022411
 1345000.063884 2.179479 0.102868 0.116183 0.101259 0.112318 0.096696 0.120026 0.082626 0.074991 0.119677 0.080340 0.112617 0.024095 0.047306 0.014660 0.119199 0.115975 0.046474 0.106309 0.068650 0.090337 0.079894 0.103907 0.109962 0.133905 0.109853 0.112394 0.092548 0.112439 0.106771 0.120305 0.092010 0.147503 0.144644 0.144628 0.138356 0.145685 0.146953 0.128138 0.120494 0.145074 0.120406 0.105550 0.134237 0.151279 0.140642 0.155280 0.150424 0.140570 0.136119 0.121809 0.099548 0.111985 0.136294 0.129085 0.150144 0.121611 0.023109
 1346000.063932 1.969775 0.119760 0.117877 0.118593 0.093037 0.074811 0.110590 0.102445 0.102078 0.125532 0.052054 0.128834 0.022907 0.020120 0.041731 0.131343 0.110476 0.077006 0.128214 0.045724 0.113599 0.050007 0.112720 0.122179 0.145428 0.116643 0.126664 0.106289 0.118187 0.107902 0.133861 0.094077 0.140275 0.127492 0.154183 0.125766 0.138904 0.134472 0.140807 0.132145 0.148511 0.139649 0.108283 0.113400 0.152080 0.122360 0.142605 0.145328 0.121586 0.125474 0.104009 0.092401 0.123997 0.120347 0.106721 0.144048 0.135474 0.046280
 1347000.063979 1.408597 0.111869 0.117827 0.109898 0.102330 0.082699 0.114020 0.094832 0.088972 0.120800 0.066060 0.118887 0.019371 0.032725 0.031855 0.124770 0.112877 0.065743 0.115410 0.051774 0.102569 0.066679 0.111219 0.118253 0.141713 0.116701 0.119311 0.104876 0.116445 0.107096 0.129186 0.096424 0.147246 0.139310 0.150939 0.132119 0.142443 0.143547 0.136951 0.128910 0.149755 0.130246 0.107147 0.126258 0.152808 0.133811 0.150350 0.150873 0.134117 0.128859 0.115693 0.101128 0.122067 0.128673 0.123318 0.150098 0.129027 0.027136
 1348000.064027 0.869642 0.124115 0.122058 0.120727 0.097168 0.078947 0.115096 0.105654 0.102503 0.128236 0.055607 0.129413 0.015220 0.026725 0.040712 0.135002 0.113691 0.075498 0.130667 0.052570 0.114921 0.060144 0.116398 0.127492 0.150440 0.118040 0.124058 0.109246 0.115685 0.106530 0.136559 0.099365 0.145758 0.132779 0.156651 0.126535 0.140982 0.138147 0.139412 0.137213 0.153525 0.137478 0.109634 0.119813 0.155006 0.127028 0.148733 0.149943 0.127724 0.126834 0.107605 0.095404 0.127976 0.123030 0.110621 0.146941 0.140168 0.041947
 1349000.064074 2.228934 0.118449 0.117641 0.118474 0.094352 0.076695 0.111447 0.100715 0.101608 0.126416 0.053373 0.129517 0.024367 0.021625 0.040807 0.131006 0.111757 0.075455 0.128192 0.047913 0.112791 0.048898 0.107946 0.118024 0.141884 0.112399 0.125331 0.100988 0.116821 0.106199 0.129942 0.088549 0.137536 0.124753 0.152075 0.125176 0.138066 0.132052 0.138305 0.128222 0.145203 0.138455 0.104857 0.110108 0.150169 0.119246 0.140022 0.142945 0.118736 0.125779 0.100274 0.087121 0.119193 0.118481 0.103205 0.142157 0.131597 0.048507
 1350000.064122 2.075908 0.114755 0.121085 0.115148 0.106935 0.092236 0.121655 0.092968 0.092234 0.130093 0.069430 0.128828 0.023516 0.036289 0.027582 0.131434 0.118510 0.062307 0.124601 0.064176 0.105821 0.064277 0.104088 0.114992 0.140477 0.107807 0.119573 0.095078 0.112388 0.105376 0.125399 0.086946 0.145563 0.136334 0.152977 0.133549 0.146538 0.141502 0.131333 0.125991 0.148505 0.131367 0.104529 0.122971 0.156590 0.130889 0.151331 0.150182 0.131729 0.135354 0.109226 0.088376 0.114540 0.128545 0.114979 0.149049 0.129685 0.042757
 1351000.064169 0.248606 0.115283 0.121831 0.112265 0.106850 0.088647 0.119321 0.095682 0.088823 0.125900 0.069406 0.121736 0.008138 0.037341 0.025408 0.129007 0.117070 0.061039 0.119337 0.060383 0.103909 0.071789 0.110238 0.120003 0.143129 0.113011 0.114771 0.102315 0.110770 0.103430 0.127988 0.096018 0.150259 0.141809 0.151056 0.133081 0.144780 0.145387 0.131444 0.130625 0.152282 0.126121 0.105825 0.129271 0.155171 0.136046 0.155083 0.153372 0.136866 0.131555 0.115484 0.097892 0.120955 0.130340 0.122465 0.151470 0.131101 0.028070
 1352000.064217 1.046617 0.120188 0.119955 0.117188 0.096742 0.077536 0.112517 0.102437 0.098475 0.125399 0.056914 0.126136 0.016697 0.026393 0.037597 0.131580 0.112300 0.073738 0.125857 0.049077 0.111948 0.058258 0.114790 0.124862 0.147356 0.117034 0.121104 0.108840 0.113720 0.105135 0.133972 0.097749 0.145968 0.134116 0.154994 0.127889 0.141251 0.139869 0.136814 0.134792 0.152707 0.134248 0.108147 0.120315 0.154650 0.128251 0.148117 0.150369 0.128237 0.126591 0.109217 0.096940 0.126253 0.123927 0.114046 0.148217 0.136421 0.039967
 1353000.064264 1.530083 0.104579 0.114852 0.104472 0.107152 0.092430 0.117591 0.083939 0.079998 0.121335 0.073003 0.117661 0.020189 0.039061 0.015715 0.121202 0.114110 0.051860 0.111278 0.062736 0.095290 0.069752 0.101740 0.108779 0.133630 0.107415 0.115535 0.090963 0.112990 0.105686 0.120441 0.087107 0.143581 0.138640 0.146485 0.135642 0.144686 0.142489 0.129412 0.119916 0.143513 0.124854 0.103314 0.126900 0.151746 0.134764 0.151017 0.147865 0.133798 0.134137 0.114790 0.093183 0.111140 0.131503 0.121555 0.148418 0.122600 0.030054
 1354000.064312 1.085875 0.112515 0.120448 0.112296 0.105764 0.086278 0.117567 0.093941 0.090593 0.126171 0.068199 0.123460 0.017008 0.033540 0.027261 0.127223 0.117702 0.062481 0.118249 0.055095 0.103855 0.065255 0.106966 0.115068 0.140792 0.113659 0.120398 0.098155 0.116866 0.107685 0.127569 0.090662 0.146455 0.137848 0.153322 0.135917 0.146308 0.144134 0.136422 0.126839 0.149398 0.132072 0.106059 0.123830 0.155600 0.132539 0.150724 0.151935 0.131703 0.133987 0.113040 0.095207 0.117759 0.130396 0.118552 0.152307 0.127691 0.034285
 1355000.064359 0.816496 0.110240 0.120488 0.109472 0.109633 0.091511 0.120423 0.091057 0.084745 0.124483 0.072988 0.119922 0.014748 0.038364 0.022558 0.125841 0.117744 0.056998 0.115298 0.062120 0.098803 0.073219 0.105807 0.114383 0.139059 0.110922 0.114960 0.097499 0.111978 0.104736 0.124388 0.091683 0.149004 0.142541 0.149652 0.136223 0.146406 0.146170 0.130870 0.125324 0.148687 0.125498 0.104674 0.129766 0.154599 0.137121 0.154526 0.152592 0.137502 0.134429 0.116830 0.096601 0.116047 0.132559 0.124613 0.152265 0.126007 0.025229
 1356000.064407 2.366765 0.106841 0.117387 0.105061 0.111635 0.098895 0.122227 0.084184 0.078853 0.124198 0.078752 0.118943 0.025109 0.047356 0.015320 0.124168 0.116609 0.048661 0.113475 0.072541 0.095449 0.076855 0.103341 0.112125 0.135354 0.105951 0.111667 0.091717 0.107727 0.103960 0.120532 0.090585 0.147719 0.143293 0.145863 0.137072 0.147273 0.146034 0.123972 0.122431 0.146651 0.120150 0.104881 0.132787 0.154141 0.139419 0.156884 0.150684 0.139192 0.137330 0.117948 0.094043 0.111687 0.134855 0.124543 0.149418 0.125887 0.035417
 1357000.064454 2.602333 0.105824 0.119347 0.103330 0.115473 0.099286 0.122909 0.086327 0.075016 0.120536 0.083214 0.112555 0.026329 0.050819 0.020993 0.121725 0.117745 0.050800 0.107362 0.071348 0.092336 0.084715 0.105024 0.112365 0.133571 0.108685 0.106416 0.097695 0.107074 0.102040 0.118747 0.094907 0.150535 0.148199 0.141398 0.136041 0.143528 0.147406 0.124120 0.122533 0.146466 0.114973 0.103065 0.138003 0.149439 0.142946 0.157166 0.150252 0.145255 0.133344 0.123507 0.102160 0.114418 0.135210 0.134734 0.148164 0.121021 0.015098
 1358000.064502 2.031085 0.108954 0.120162 0.108124 0.113645 0.099844 0.124949 0.086309 0.081432 0.126631 0.078994 0.121512 0.023260 0.045806 0.016888 0.126658 0.119194 0.050447 0.116342 0.072763 0.096754 0.077335 0.102726 0.112445 0.137007 0.105854 0.112625 0.091892 0.108138 0.103990 0.121094 0.089389 0.149409 0.144436 0.147985 0.138178 0.149037 0.147264 0.125065 0.123010 0.147720 0.122000 0.104451 0.133104 0.156002 0.139793 0.158021 0.152595 0.140436 0.138864 0.117745 0.092988 0.111681 0.135400 0.125079 0.151685 0.126194 0.033624
 1359000.064549 1.253403 0.115883 0.120030 0.114147 0.101656 0.082336 0.114953 0.097778 0.094736 0.125942 0.063711 0.124665 0.018273 0.031644 0.032901 0.128602 0.115498 0.067920 0.121106 0.050706 0.108240 0.062725 0.113315 0.120584 0.145306 0.119577 0.125450 0.104069 0.121437 0.111357 0.133486 0.096453 0.146781 0.136978 0.156037 0.134455 0.145344 0.143508 0.142104 0.131879 0.152116 0.136984 0.110624 0.123451 0.156325 0.132141 0.150661 0.152263 0.130749 0.132254 0.113900 0.099557 0.123870 0.129942 0.117598 0.151985 0.133513 0.038246
 1360000.064597 2.096116 0.110629 0.120323 0.108889 0.112833 0.099359 0.124166 0.087383 0.083011 0.127422 0.078766 0.122144 0.023630 0.047122 0.017310 0.127842 0.119263 0.051954 0.117905 0.071835 0.099306 0.076818 0.103573 0.113752 0.137541 0.106368 0.111670 0.093572 0.107586 0.102765 0.121364 0.089992 0.149752 0.144412 0.147284 0.136016 0.147109 0.146701 0.125020 0.124282 0.148983 0.121627 0.103664 0.133345 0.155154 0.139469 0.158031 0.152127 0.140913 0.136831 0.117576 0.094434 0.112750 0.134356 0.125592 0.149812 0.126572 0.036127
 1361000.064644 0.887623 0.112286 0.120902 0.109941 0.109440 0.092817 0.121360 0.091948 0.084243 0.124908 0.073298 0.120692 0.015377 0.040081 0.021653 0.127630 0.117068 0.057647 0.116723 0.065020 0.100192 0.074301 0.108366 0.117826 0.140508 0.110561 0.112235 0.100550 0.108154 0.102976 0.125199 0.095303 0.150945 0.144317 0.148944 0.134952 0.146407 0.147022 0.127676 0.128206 0.150926 0.122628 0.105639 0.132509 0.155415 0.139142 0.156997 0.153372 0.139872 0.133889 0.118112 0.097745 0.118673 0.132736 0.125923 0.151583 0.129418 0.025360
 1362000.064692 0.811849 0.111122 0.118527 0.109155 0.106655 0.091056 0.119035 0.090646 0.084600 0.123474 0.070402 0.120133 0.014706 0.037644 0.021723 0.126093 0.114679 0.057798 0.116609 0.062662 0.100320 0.070957 0.107069 0.116054 0.139317 0.109953 0.114737 0.098099 0.110704 0.104058 0.124789 0.092818 0.147373 0.140523 0.148694 0.133207 0.144265 0.143421 0.129756 0.126521 0.148243 0.124936 0.105002 0.128585 0.153594 0.135566 0.153537 0.150519 0.135917 0.132130 0.114985 0.095262 0.117231 0.130315 0.122061 0.149357 0.128544 0.027052
 1363000.064739 2.774972 0.106220 0.119235 0.102749 0.116577 0.102429 0.124196 0.084549 0.074220 0.122470 0.085461 0.113835 0.027188 0.054208 0.016314 0.122922 0.118751 0.046003 0.109093 0.075739 0.091932 0.086495 0.106352 0.114220 0.135493 0.109163 0.106921 0.097123 0.106739 0.103179 0.120019 0.096215 0.152315 0.150210 0.141986 0.137120 0.145425 0.149567 0.122790 0.123672 0.148547 0.114585 0.105250 0.141189 0.151373 0.145733 0.160837 0.151812 0.147832 0.136085 0.125729 0.103277 0.114207 0.138058 0.135521 0.148423 0.124103 0.025971
 1364000.064787 0.488140 0.119502 0.121046 0.115967 0.100438 0.082141 0.115468 0.100359 0.095944 0.126884 0.061585 0.125637 0.011403 0.031618 0.032593 0.131481 0.114690 0.068703 0.124674 0.054055 0.110170 0.063728 0.114313 0.124234 0.147200 0.116914 0.120351 0.106239 0.114289 0.105985 0.133313 0.098192 0.147720 0.136725 0.154908 0.130323 0.143319 0.142082 0.136459 0.134503 0.153664 0.132791 0.108784 0.123957 0.155890 0.131381 0.151570 0.151971 0.131290 0.129420 0.111805 0.097698 0.125195 0.127037 0.115957 0.149761 0.136398 0.037751
 1365000.064834 2.022039 0.109444 0.117978 0.107396 0.109600 0.096164 0.120783 0.086783 0.082563 0.125194 0.076054 0.120436 0.023209 0.045466 0.018286 0.125957 0.116718 0.052611 0.116463 0.069173 0.098602 0.074164 0.103933 0.113466 0.136632 0.106635 0.111751 0.093715 0.107764 0.102578 0.121284 0.090077 0.147305 0.141615 0.146272 0.134136 0.145159 0.144502 0.125087 0.123523 0.147469 0.121597 0.103497 0.130747 0.153337 0.136982 0.155193 0.150080 0.137948 0.134638 0.115871 0.094141 0.112561 0.132200 0.123016 0.147934 0.126215 0.036676
 1366000.064882 0.666254 0.112010 0.116863 0.110661 0.100060 0.081371 0.113275 0.094200 0.089743 0.121627 0.061975 0.120833 0.013322 0.027015 0.029408 0.125043 0.112084 0.065044 0.117120 0.050937 0.103256 0.061630 0.109391 0.116903 0.140845 0.114071 0.120459 0.101067 0.116009 0.106940 0.128521 0.093252 0.143698 0.134790 0.151520 0.131820 0.142695 0.140419 0.136245 0.127603 0.147441 0.131590 0.106495 0.121511 0.152752 0.130097 0.147663 0.148792 0.128780 0.129385 0.111231 0.095289 0.120170 0.126658 0.116372 0.149153 0.129755 0.030307
 1367000.064929 3.155413 0.106906 0.120656 0.103234 0.118932 0.104951 0.126530 0.084993 0.073390 0.122891 0.087743 0.113336 0.028992 0.056535 0.018110 0.123918 0.119641 0.045844 0.109410 0.079042 0.091560 0.089578 0.104586 0.113544 0.133454 0.105879 0.102013 0.096723 0.101790 0.099514 0.116916 0.095821 0.152680 0.151234 0.138611 0.135547 0.143684 0.148703 0.118024 0.122824 0.147507 0.109756 0.102729 0.142543 0.149168 0.146107 0.161227 0.150364 0.149644 0.134916 0.125535 0.102052 0.112724 0.137183 0.136863 0.146037 0.122026 0.023412
 1368000.064977 6.013089 0.091944 0.109541 0.089891 0.116505 0.105515 0.119213 0.071119 0.060813 0.112152 0.091836 0.101724 0.040022 0.062147 0.019710 0.109774 0.112799 0.033830 0.094581 0.080431 0.077768 0.091798 0.099211 0.102335 0.123571 0.105685 0.104868 0.086506 0.108909 0.106044 0.110914 0.091291 0.143097 0.145940 0.133066 0.137035 0.140233 0.143930 0.119726 0.110821 0.136539 0.109149 0.103748 0.140180 0.142379 0.143668 0.153506 0.143086 0.144746 0.135059 0.128230 0.104156 0.103748 0.138559 0.136993 0.141862 0.111862 0.029166
 1369000.065024 0.452170 0.120464 0.124280 0.116925 0.105474 0.087114 0.120244 0.101258 0.094123 0.127863 0.066318 0.125141 0.010975 0.035643 0.033109 0.133386 0.117001 0.067327 0.124933 0.060891 0.108256 0.071394 0.113730 0.125179 0.147585 0.114423 0.115532 0.107494 0.109265 0.102691 0.131475 0.099498 0.151932 0.141608 0.153615 0.130737 0.144499 0.144909 0.131708 0.135204 0.155122 0.127752 0.107289 0.129014 0.156833 0.135222 0.155721 0.154679 0.137045 0.130187 0.114461 0.098196 0.125142 0.128620 0.121021 0.151729 0.135884 0.030416
 1370000.065072 0.697193 0.118490 0.119306 0.116316 0.097436 0.077946 0.112986 0.100665 0.097817 0.124968 0.057026 0.125596 0.013628 0.023508 0.036037 0.130008 0.112876 0.071953 0.124408 0.047510 0.110439 0.057721 0.113612 0.122403 0.146360 0.118067 0.124961 0.105840 0.118901 0.108743 0.133905 0.096000 0.144432 0.133141 0.155347 0.129845 0.142015 0.139370 0.141095 0.132872 0.150793 0.137445 0.108990 0.119160 0.154206 0.127672 0.147154 0.149642 0.127095 0.128268 0.109175 0.096332 0.124875 0.124955 0.112995 0.148765 0.135041 0.037302
 1371000.065119 1.570563 0.110809 0.122949 0.109925 0.115480 0.099354 0.126128 0.089184 0.082298 0.127897 0.079765 0.121855 0.020454 0.045719 0.017448 0.128363 0.121552 0.052927 0.116658 0.071131 0.098231 0.078696 0.102735 0.113194 0.136987 0.105794 0.108766 0.094836 0.105072 0.100566 0.120263 0.090174 0.151833 0.146654 0.146950 0.137531 0.148454 0.148776 0.123355 0.124141 0.149414 0.119373 0.102205 0.134651 0.155509 0.141004 0.159098 0.153641 0.142786 0.137451 0.118492 0.094575 0.112864 0.135002 0.128145 0.151988 0.124752 0.028743
 1372000.065167 0.562726 0.121255 0.122719 0.118766 0.100614 0.080630 0.115935 0.102905 0.099509 0.128263 0.059841 0.127345 0.012243 0.028565 0.036598 0.133039 0.116302 0.071723 0.127022 0.051281 0.112210 0.061710 0.113007 0.123463 0.147456 0.116675 0.122615 0.105942 0.116529 0.106044 0.133428 0.095569 0.146449 0.134375 0.155467 0.128982 0.141813 0.139993 0.139244 0.134116 0.152741 0.135997 0.107024 0.120195 0.154613 0.127808 0.148869 0.150915 0.128937 0.127928 0.108171 0.095268 0.124749 0.124398 0.113161 0.148989 0.135159 0.038230
 1373000.065214 1.474275 0.113849 0.123992 0.111907 0.114651 0.099122 0.126318 0.091980 0.085085 0.129017 0.078548 0.123147 0.019817 0.046151 0.021572 0.130613 0.121204 0.055013 0.119972 0.072114 0.100774 0.079327 0.106036 0.117244 0.140560 0.107967 0.110615 0.097875 0.106063 0.101648 0.123433 0.093066 0.153306 0.147114 0.148706 0.136464 0.148191 0.148835 0.124954 0.127600 0.151793 0.121037 0.104409 0.135192 0.156784 0.141157 0.160337 0.154996 0.143293 0.136864 0.118780 0.096231 0.115923 0.134907 0.127671 0.152286 0.128631 0.031149
 1374000.065261 0.783757 0.113022 0.121714 0.112951 0.108136 0.089847 0.120707 0.093221 0.089473 0.127590 0.070003 0.124547 0.014449 0.034527 0.024038 0.128643 0.118885 0.060228 0.119551 0.059879 0.102868 0.068037 0.106171 0.115356 0.141381 0.111910 0.119136 0.096920 0.114720 0.106992 0.126904 0.090448 0.148009 0.139641 0.153697 0.136795 0.148118 0.145268 0.134083 0.126922 0.149980 0.130639 0.106169 0.126135 0.157172 0.134388 0.153310 0.153142 0.134095 0.136135 0.113829 0.093572 0.116855 0.131802 0.119369 0.153290 0.128711 0.032286
 1375000.065309 1.820446 0.114870 0.116716 0.113614 0.095199 0.073936 0.109514 0.100068 0.096275 0.119904 0.055811 0.121469 0.022021 0.021313 0.041288 0.125776 0.109150 0.074399 0.119723 0.042767 0.107237 0.057259 0.113828 0.120712 0.144266 0.119523 0.126008 0.107859 0.121059 0.109913 0.133479 0.097146 0.142710 0.132256 0.153600 0.129241 0.139942 0.138301 0.142894 0.131007 0.148187 0.137535 0.109314 0.117801 0.151803 0.126991 0.144138 0.147972 0.125651 0.125476 0.109967 0.098685 0.125269 0.123646 0.114934 0.148357 0.132437 0.033785
 1376000.065356 3.547848 0.118979 0.115056 0.118536 0.087239 0.065633 0.104201 0.105048 0.106387 0.122625 0.045685 0.128326 0.030742 0.013484 0.049758 0.127962 0.108140 0.083581 0.126519 0.031858 0.116051 0.040682 0.117231 0.122826 0.146021 0.124755 0.136952 0.109124 0.130166 0.117149 0.138925 0.097126 0.135888 0.122745 0.156342 0.129244 0.139500 0.133128 0.151875 0.132747 0.146445 0.148977 0.114183 0.107372 0.151279 0.119189 0.136935 0.143735 0.114184 0.126314 0.104336 0.097068 0.127887 0.120976 0.102942 0.145377 0.136745 0.052493
 1377000.065404 0.957913 0.117262 0.117718 0.114951 0.096089 0.076264 0.111212 0.100241 0.096913 0.122361 0.056105 0.123437 0.015974 0.023245 0.037765 0.128022 0.110853 0.072850 0.122525 0.045661 0.109175 0.058074 0.113764 0.121988 0.145428 0.118376 0.124751 0.106479 0.119313 0.108701 0.133416 0.096694 0.143260 0.132470 0.153839 0.128770 0.140482 0.138389 0.141413 0.132105 0.149379 0.136978 0.108697 0.118900 0.152485 0.127272 0.145879 0.148314 0.126560 0.126481 0.109323 0.097151 0.125075 0.123912 0.113504 0.147896 0.134212 0.034945
 1378000.065451 1.722796 0.105933 0.118647 0.106186 0.112569 0.097436 0.122849 0.084669 0.079283 0.124399 0.077906 0.119846 0.021422 0.042531 0.013773 0.123591 0.118331 0.050266 0.112127 0.068264 0.094893 0.074803 0.102838 0.110446 0.135793 0.107812 0.114860 0.091877 0.111763 0.106454 0.121512 0.089255 0.148347 0.144041 0.148883 0.140378 0.149924 0.147856 0.128319 0.121822 0.146672 0.124072 0.105294 0.132164 0.156065 0.140116 0.156539 0.152523 0.139057 0.139355 0.118808 0.094442 0.112300 0.136309 0.125974 0.153207 0.124749 0.028344
 1379000.065499 0.620720 0.114458 0.120471 0.112594 0.105611 0.089185 0.119274 0.093824 0.089412 0.126705 0.068138 0.124168 0.012859 0.035383 0.024190 0.129363 0.116300 0.060882 0.120907 0.060836 0.104282 0.067770 0.108357 0.118304 0.142203 0.111267 0.116603 0.099632 0.111108 0.104354 0.127387 0.093108 0.148130 0.139488 0.151787 0.133069 0.145462 0.143827 0.131247 0.128940 0.150783 0.127883 0.105912 0.127031 0.155945 0.134305 0.153766 0.151993 0.134586 0.132889 0.113483 0.094515 0.118793 0.129839 0.119321 0.150387 0.131227 0.033645
 1380000.065546 0.627576 0.112600 0.119646 0.111839 0.105588 0.088581 0.118742 0.092794 0.088399 0.125226 0.067674 0.122992 0.012930 0.032827 0.024617 0.127740 0.115794 0.061165 0.119117 0.058795 0.102841 0.066582 0.106443 0.115776 0.140298 0.110520 0.117307 0.098436 0.112439 0.104625 0.125891 0.090795 0.146893 0.138847 0.151035 0.133306 0.144858 0.142954 0.132206 0.126785 0.148614 0.128529 0.104560 0.125585 0.154660 0.133419 0.151973 0.150882 0.133679 0.132338 0.112715 0.093643 0.117424 0.129180 0.119823 0.150206 0.128570 0.029860
 1381000.065594 1.034669 0.113835 0.118585 0.113794 0.101455 0.083891 0.115891 0.094674 0.093025 0.125995 0.062580 0.125925 0.016602 0.027033 0.029072 0.128428 0.114806 0.065744 0.121692 0.052861 0.106246 0.058747 0.107007 0.115734 0.141090 0.112523 0.122274 0.098579 0.116536 0.107232 0.128179 0.089598 0.143528 0.133841 0.153196 0.132324 0.144113 0.140095 0.136543 0.127075 0.147969 0.134186 0.105829 0.120056 0.154492 0.128954 0.148026 0.148881 0.128117 0.131694 0.109091 0.091761 0.118074 0.126830 0.113917 0.148855 0.129829 0.038078
 1382000.065641 1.545271 0.119448 0.118036 0.117551 0.094273 0.076470 0.111205 0.101342 0.100886 0.126391 0.054242 0.128579 0.020289 0.024335 0.038930 0.130964 0.111770 0.073998 0.127300 0.047990 0.113182 0.052601 0.113785 0.122684 0.146015 0.117874 0.127388 0.104844 0.119713 0.109926 0.134742 0.095286 0.141102 0.128784 0.155461 0.128616 0.141188 0.136253 0.141593 0.132696 0.149458 0.139839 0.110137 0.115196 0.153731 0.124246 0.144442 0.146879 0.122306 0.128289 0.106103 0.093972 0.124283 0.123152 0.107090 0.145738 0.136597 0.047078
 1383000.065689 0.616470 0.118785 0.120098 0.116417 0.099145 0.080490 0.115050 0.100691 0.096677 0.124921 0.058799 0.125328 0.012815 0.026329 0.036097 0.130795 0.112629 0.071121 0.124910 0.052361 0.109142 0.062418 0.112977 0.122954 0.146439 0.115945 0.121519 0.106137 0.114641 0.105909 0.132621 0.096932 0.146053 0.135181 0.154211 0.128714 0.141918 0.140054 0.137216 0.133007 0.151148 0.133909 0.107962 0.122190 0.154464 0.129678 0.149543 0.150248 0.129910 0.127944 0.110370 0.095848 0.124367 0.125128 0.115082 0.148700 0.135237 0.034098
 1384000.065736 1.555673 0.108006 0.117739 0.107845 0.108081 0.092135 0.119108 0.087207 0.084217 0.124742 0.073125 0.121026 0.020357 0.039586 0.018786 0.124802 0.116589 0.054659 0.115378 0.062887 0.098393 0.069896 0.102638 0.111047 0.136241 0.108529 0.115178 0.092883 0.111550 0.104783 0.122116 0.087999 0.145932 0.139684 0.148509 0.135542 0.145984 0.144353 0.129180 0.122145 0.146620 0.125565 0.103842 0.127738 0.153935 0.135217 0.152862 0.150085 0.135046 0.135242 0.114988 0.093576 0.111924 0.132054 0.121355 0.149647 0.124277 0.034836
 1385000.065784 0.713606 0.111019 0.116660 0.107813 0.102660 0.085616 0.114321 0.092136 0.085734 0.120645 0.067071 0.117093 0.013787 0.036366 0.025469 0.124165 0.111800 0.060103 0.114943 0.056856 0.101121 0.068933 0.109115 0.117204 0.139433 0.112650 0.115274 0.100890 0.112525 0.103908 0.126090 0.094716 0.145577 0.138071 0.147323 0.129667 0.139914 0.140927 0.132288 0.127409 0.147932 0.125600 0.104847 0.126078 0.150391 0.132728 0.150282 0.148461 0.133362 0.127111 0.113752 0.098072 0.119272 0.127137 0.120848 0.146674 0.128031 0.026850
 1386000.065831 1.910812 0.105207 0.116737 0.102637 0.111013 0.095925 0.119474 0.084892 0.076266 0.120261 0.078814 0.113504 0.022561 0.047141 0.016848 0.121129 0.115249 0.049627 0.108419 0.067643 0.093501 0.079152 0.104809 0.111945 0.134039 0.108721 0.109325 0.095941 0.108824 0.102727 0.119946 0.093082 0.148001 0.144363 0.142622 0.134101 0.142508 0.145127 0.125727 0.122357 0.146106 0.117788 0.103185 0.134088 0.149607 0.139676 0.155087 0.149038 0.140991 0.131934 0.120215 0.099871 0.113830 0.133094 0.129615 0.147047 0.122425 0.023286
 1387000.065879 1.063620 0.114411 0.116296 0.112425 0.096415 0.077642 0.110641 0.097051 0.093679 0.122061 0.058102 0.122799 0.016832 0.025030 0.033402 0.126479 0.110303 0.069539 0.120280 0.047766 0.107029 0.057184 0.112969 0.120619 0.143845 0.117431 0.123222 0.104889 0.117408 0.108765 0.132274 0.095896 0.143838 0.133907 0.153923 0.131398 0.142773 0.140414 0.138685 0.130662 0.149368 0.134663 0.109568 0.120239 0.154319 0.129399 0.147121 0.149429 0.127041 0.129097 0.111401 0.097769 0.123317 0.126550 0.115074 0.149140 0.133295 0.037569
 1388000.065926 0.561813 0.118448 0.120405 0.115722 0.099943 0.081482 0.115000 0.099811 0.095505 0.125787 0.060551 0.125021 0.012233 0.028771 0.033062 0.130873 0.113696 0.069364 0.124122 0.052359 0.109307 0.062120 0.112991 0.122824 0.146004 0.115920 0.120350 0.106083 0.114153 0.105331 0.132232 0.096459 0.146876 0.135992 0.153949 0.129105 0.141999 0.140878 0.136447 0.133135 0.152224 0.132813 0.107469 0.122625 0.154598 0.130115 0.150033 0.150785 0.130762 0.128015 0.110593 0.096633 0.124140 0.125634 0.116018 0.148705 0.134655 0.035434
 1389000.065974 1.148431 0.116888 0.120489 0.117173 0.099877 0.079585 0.114806 0.099457 0.097775 0.126830 0.059181 0.127640 0.017491 0.022095 0.035821 0.130294 0.115385 0.071215 0.124365 0.048536 0.109077 0.056202 0.109740 0.118773 0.144411 0.115666 0.125186 0.102765 0.118787 0.108684 0.131634 0.091520 0.144062 0.132804 0.156048 0.132099 0.144200 0.140161 0.140134 0.129809 0.149599 0.138007 0.107430 0.117762 0.155439 0.127271 0.146575 0.150072 0.126384 0.130929 0.108148 0.093106 0.121291 0.125670 0.112474 0.150208 0.132047 0.038874
 1390000.066021 1.999120 0.120907 0.115034 0.116983 0.087233 0.068013 0.104666 0.105051 0.103513 0.121517 0.046406 0.125127 0.023077 0.021846 0.045823 0.129245 0.105863 0.080172 0.127230 0.040242 0.115227 0.050186 0.118474 0.126939 0.147818 0.121569 0.127676 0.111197 0.119514 0.108906 0.137838 0.100266 0.139206 0.126165 0.153743 0.123290 0.135974 0.133186 0.143356 0.135542 0.149042 0.140492 0.111155 0.112954 0.150119 0.121392 0.141093 0.144455 0.119575 0.121583 0.105023 0.097798 0.128947 0.118912 0.105956 0.142747 0.138868 0.048121
 1391000.066069 1.282220 0.116715 0.118101 0.114306 0.097054 0.076051 0.110722 0.100349 0.096920 0.122583 0.058055 0.122373 0.018481 0.026919 0.038258 0.127625 0.111777 0.072353 0.121771 0.045425 0.108700 0.059666 0.113302 0.121440 0.145011 0.119076 0.123991 0.106598 0.119329 0.108257 0.133000 0.096237 0.144098 0.133344 0.153442 0.129000 0.140153 0.139395 0.141341 0.131553 0.149949 0.136219 0.108246 0.119308 0.152211 0.127476 0.146034 0.149026 0.127399 0.126250 0.110050 0.098849 0.124192 0.124366 0.115011 0.148321 0.132365 0.037116
 1392000.066116 1.063205 0.114231 0.120215 0.111644 0.103799 0.083471 0.115597 0.097225 0.090149 0.122570 0.066685 0.119546 0.016829 0.034217 0.032035 0.126785 0.114317 0.066093 0.117078 0.053439 0.103993 0.068971 0.112118 0.120192 0.143296 0.116867 0.118077 0.105965 0.115221 0.105932 0.129961 0.097647 0.148763 0.140109 0.151591 0.131806 0.142363 0.143923 0.136439 0.130972 0.151534 0.129531 0.107134 0.126833 0.153358 0.134040 0.151512 0.152013 0.134916 0.128468 0.115468 0.101082 0.123309 0.128475 0.123083 0.150734 0.130205 0.025578
 1393000.066164 1.743213 0.108411 0.119531 0.106003 0.112601 0.097357 0.122130 0.086905 0.080302 0.124615 0.079205 0.117875 0.021549 0.047288 0.015663 0.124650 0.118316 0.049617 0.113043 0.069612 0.096363 0.078797 0.106227 0.114361 0.138123 0.110548 0.113167 0.095189 0.111436 0.105886 0.123335 0.093369 0.150339 0.145553 0.147624 0.137816 0.147128 0.148213 0.128464 0.125003 0.149509 0.122149 0.106386 0.134573 0.154595 0.140988 0.158105 0.153121 0.141341 0.136803 0.120638 0.098894 0.114844 0.136266 0.127583 0.151366 0.126373 0.030508
 1394000.066211 2.355502 0.103517 0.116482 0.102205 0.112009 0.096403 0.119945 0.083630 0.075331 0.119799 0.079842 0.113436 0.025049 0.046813 0.016484 0.120353 0.115368 0.049855 0.107401 0.067879 0.091762 0.079067 0.103732 0.110492 0.133104 0.108865 0.109512 0.095112 0.108971 0.103929 0.119215 0.092107 0.148136 0.145299 0.143023 0.136165 0.144136 0.146438 0.125540 0.120765 0.145338 0.117993 0.104123 0.134665 0.150563 0.140742 0.155175 0.149623 0.141534 0.134193 0.121729 0.100105 0.112378 0.134960 0.130923 0.148012 0.120861 0.022494
 1395000.066259 1.045782 0.108842 0.118701 0.107836 0.108966 0.092544 0.120134 0.088231 0.083003 0.124169 0.073577 0.120186 0.016691 0.038979 0.017508 0.124990 0.116854 0.054255 0.114581 0.063646 0.097473 0.072141 0.106508 0.114466 0.139345 0.111581 0.116512 0.096426 0.113165 0.107105 0.125150 0.092413 0.148667 0.142621 0.150461 0.137610 0.148081 0.147011 0.131130 0.125154 0.149001 0.126375 0.107052 0.130886 0.156020 0.138386 0.155563 0.152844 0.137887 0.136673 0.118265 0.097001 0.115804 0.134439 0.124245 0.152531 0.127789 0.028378
 1396000.066306 2.754832 0.114217 0.124849 0.113783 0.115982 0.101617 0.128423 0.090674 0.087691 0.132883 0.080298 0.127594 0.027089 0.047595 0.022585 0.132437 0.124371 0.054496 0.122562 0.074186 0.102189 0.076120 0.103219 0.114757 0.140499 0.106355 0.114854 0.093227 0.109352 0.104156 0.123391 0.088300 0.151567 0.144079 0.152168 0.138357 0.151113 0.148118 0.127016 0.126045 0.151663 0.125930 0.104254 0.131568 0.159319 0.138097 0.158927 0.155110 0.140663 0.140581 0.114932 0.090877 0.112888 0.134599 0.122500 0.153347 0.128814 0.041509
 1397000.066354 0.674780 0.118908 0.125215 0.116412 0.109372 0.091158 0.122855 0.098402 0.093055 0.130193 0.071021 0.126050 0.013407 0.038822 0.028618 0.133493 0.120750 0.063401 0.124396 0.062540 0.107232 0.072535 0.109722 0.121102 0.145350 0.112711 0.115582 0.103030 0.110571 0.102756 0.128789 0.094806 0.152348 0.142868 0.153047 0.132617 0.145691 0.146286 0.131916 0.132060 0.154577 0.128104 0.104966 0.129870 0.156856 0.135961 0.156713 0.155013 0.138936 0.132599 0.114619 0.096779 0.121028 0.130365 0.122666 0.152122 0.132078 0.033054
 1398000.066401 3.394830 0.104668 0.119214 0.101843 0.118680 0.105435 0.126042 0.083152 0.071615 0.121048 0.087760 0.112024 0.030072 0.056247 0.019225 0.121624 0.118117 0.044836 0.107235 0.078997 0.090011 0.089730 0.103527 0.111431 0.132159 0.105600 0.104540 0.094440 0.104879 0.101694 0.116472 0.094571 0.150838 0.150084 0.139003 0.136554 0.143459 0.147394 0.120369 0.121280 0.145350 0.111550 0.103030 0.141324 0.148848 0.145449 0.159763 0.149509 0.147943 0.134868 0.125257 0.101141 0.112110 0.137200 0.136360 0.146706 0.120929 0.019170
 1399000.066449 1.616829 0.108554 0.120094 0.107421 0.113393 0.098604 0.123941 0.086754 0.080124 0.124959 0.078576 0.119110 0.020753 0.044950 0.015980 0.125550 0.118540 0.051034 0.114251 0.070261 0.096337 0.077739 0.102579 0.111918 0.135845 0.105848 0.110833 0.093199 0.108042 0.102470 0.120017 0.089467 0.149050 0.144311 0.146158 0.136322 0.146248 0.145962 0.125441 0.122823 0.147034 0.120596 0.102487 0.132678 0.153456 0.139062 0.156517 0.151318 0.140557 0.135642 0.117381 0.094041 0.112438 0.133629 0.126469 0.150188 0.124130 0.025806
 1400000.066496 0.551023 0.116379 0.120792 0.114632 0.103088 0.085294 0.117676 0.097015 0.092413 0.126361 0.064076 0.125270 0.012115 0.030196 0.029137 0.130229 0.115445 0.065961 0.122423 0.056373 0.106735 0.064099 0.110124 0.120004 0.143834 0.112941 0.118411 0.102596 0.112205 0.104755 0.129463 0.094184 0.147601 0.137830 0.153507 0.132104 0.144917 0.142810 0.133467 0.130710 0.151241 0.130413 0.106457 0.124507 0.156061 0.132392 0.151814 0.151900 0.132351 0.131412 0.111889 0.094579 0.121362 0.127995 0.117712 0.150689 0.132769 0.033530
