600000.028498	-61.9372 -45.4156
601000.028546	-62.0029 -48.148
602000.028593	-64.9861 -43.0625
603000.028641	-61.5824 -49.5946
604000.028688	-71.8146 -51.2115
605000.028736	-57.6223 -53.0168
606000.028783	-58.5376 -51.4256
607000.028831	-78.4191 -29.6778
608000.028878	-83.5047 -35.5058
609000.028926	-63.8302 -38.3453
610000.028973	-68.991 -38.2727
611000.029021	-58.1225 -44.217
612000.029068	-58.7074 -33.0398
613000.029116	-66.6482 -44.0614
614000.029163	-64.4436 -30.1818
615000.029211	-85.3629 -41.2171
616000.029258	-71.0473 -39.4291
617000.029306	-65.3979 -42.1705
618000.029353	-55.4004 -40.6777
619000.029401	-79.4629 -39.8158
620000.029448	-68.2916 -33.9186
621000.029496	-72.0683 -36.0933
622000.029543	-76.3241 -28.8007
623000.029591	-63.0551 -56.5211
624000.029638	-60.4641 -50.3441
625000.029686	-77.5456 -47.6824
626000.029733	-62.5567 -45.8622
627000.029781	-66.7651 -37.5292
628000.029828	-82.3132 -31.8913
629000.029876	-64.689 -39.5238
630000.029923	-61.8121 -42.5406
631000.029971	-69.7583 -37.07
632000.030018	-88.1331 -36.7062
633000.030066	-73.0443 -30.4979
634000.030113	-59.0665 -62.065
635000.030161	-63.2053 -43.9597
636000.030208	-66.3674 -42.1776
637000.030256	-67.3655 -39.1523
638000.030303	-63.5394 -27.3041
639000.030351	-57.3083 -46.7851
640000.030398	-82.4551 -23.3505
641000.030446	-69.1933 -52.8524
642000.030493	-58.9082 -47.0725
643000.030541	-65.0825 -44.9287
644000.030588	-69.6423 -47.9647
645000.030636	-59.8123 -34.8289
646000.030683	-71.7066 -44.7231
647000.030731	-81.8187 -37.4671
648000.030778	-77.7133 -46.3726
649000.030826	-65.8676 -44.1728
650000.030873	-58.4472 -55.0961
651000.030921	-69.0083 -42.938
652000.030968	-70.8377 -45.5658
653000.031016	-55.139 -43.6074
654000.031063	-66.5605 -32.1738
655000.031111	-56.55 -40.3901
656000.031158	-70.0142 -44.4089
657000.031206	-59.3208 -30.2302
658000.031253	-82.0591 -29.4627
659000.031301	-62.0452 -51.2863
660000.031348	-57.2752 -39.9217
661000.031396	-58.5954 -57.9275
662000.031443	-61.592 -51.5129
663000.031491	-70.2539 -48.8273
664000.031538	-92.0842 -40.2629
665000.031586	-68.6283 -24.4315
666000.031633	-82.3296 -38.1264
667000.031681	-64.7297 -41.8134
668000.031728	-40.3064 -53.1994
669000.031776	-82.8747 -41.0204
670000.031823	-71.4856 -34.7692
671000.031871	-67.9661 -38.3243
672000.031918	-64.9858 -42.6645
673000.031966	-72.0037 -62.0751
674000.032013	-57.3097 -40.2899
675000.032061	-64.0352 -34.0057
676000.032108	-69.6219 -42.9542
677000.032156	-72.7321 -25.6946
678000.032203	-60.8584 -46.0585
679000.032251	-81.229 -43.3466
680000.032298	-74.6046 -26.4395
681000.032346	-62.3842 -48.0225
682000.032393	-62.3257 -56.0756
683000.032441	-68.8279 -46.3878
684000.032488	-69.7335 -31.3899
685000.032536	-64.0677 -42.6041
686000.032583	-68.3513 -32.9967
687000.032631	-73.4553 -41.1808
688000.032678	-73.9392 -30.3575
689000.032726	-73.3028 -42.622
690000.032773	-57.9253 -46.4905
691000.032821	-59.4739 -31.9872
692000.032868	-59.0334 -29.2849
693000.032916	-65.9364 -41.6192
694000.032963	-64.4218 -46.5401
695000.033011	-65.5518 -54.5017
696000.033058	-61.4905 -36.9498
697000.033106	-76.1287 -37.5347
698000.033153	-74.4221 -27.7772
699000.033201	-79.504 -40.0116
700000.033248	-62.8572 -53.8326
701000.033296	-68.0321 -40.0448
702000.033343	-58.767 -49.658
703000.033391	-59.096 -29.6029
704000.033438	-79.1626 -44.9619
705000.033486	-72.2347 -21.7362
706000.033533	-67.9148 -43.4043
707000.033581	-72.6892 -23.8009
708000.033628	-65.4493 -39.2032
709000.033676	-75.708 -50.3302
710000.033723	-55.7708 -41.3034
711000.033771	-60.5619 -54.4725
712000.033818	-71.8018 -53.5447
713000.033866	-70.0778 -28.7783
714000.033913	-61.9805 -51.1128
715000.033961	-58.2387 -43.2633
716000.034008	-60.6914 -49.6639
717000.034056	-77.4878 -49.3703
718000.034103	-77.6458 -36.3771
719000.034151	-89.808 -33.7051
720000.034198	-77.057 -40.2325
