240000.011399	-62.8954 28.0348
241000.011447	-65.0413 14.8501
242000.011494	-65.1846 11.0534
243000.011542	-87.2796 40.389
244000.011589	-66.5185 33.3195
245000.011637	-85.6852 25.918
246000.011684	-59.7994 11.3527
247000.011732	-73.922 29.0578
248000.011779	-72.0482 24.8533
249000.011827	-66.1218 16.0351
250000.011874	-78.643 21.9357
251000.011922	-78.6286 21.2397
252000.011969	-74.4789 19.8918
253000.012017	-63.0321 27.4634
254000.012064	-82.1883 40.2121
255000.012112	-85.7665 17.9914
256000.012159	-90.3468 40.2389
257000.012207	-83.9674 39.5524
258000.012254	-82.9894 24.7432
259000.012302	-88.3786 35.0278
260000.012349	-79.3234 34.0206
261000.012397	-68.9293 27.8896
262000.012444	-61.1154 25.4891
263000.012492	-72.0744 26.4563
264000.012539	-67.5026 2.45137
265000.012587	-85.7067 29.7739
266000.012634	-75.3395 26.8235
267000.012682	-81.5974 36.9497
268000.012729	-76.6716 20.1164
269000.012777	-66.5936 12.3042
270000.012824	-75.681 37.4124
271000.012872	-67.5263 10.6838
272000.012919	-83.6761 29.9569
273000.012967	-77.4762 26.6406
274000.013014	-84.707 38.1974
275000.013062	-84.1379 38.4957
276000.013109	-69.0126 26.5277
277000.013157	-87.8582 33.1273
278000.013204	-80.0971 12.3043
279000.013252	-77.6114 39.035
280000.013299	-78.4734 30.5298
281000.013347	-88.5447 35.9285
282000.013394	-67.5522 8.93229
283000.013442	-61.1656 25.3626
284000.013489	-67.2137 17.9631
285000.013537	-75.0343 31.7155
286000.013584	-70.2278 20.3208
287000.013632	-66.6287 28.4923
288000.013679	-80.6682 25.5008
289000.013727	-65.0533 25.2724
290000.013774	-65.4756 6.5948
291000.013822	-69.5021 23.74
292000.013869	-75.4456 14.2166
293000.013917	-66.3902 19.43
294000.013964	-77.333 27.2103
295000.014012	-73.6738 42.8681
296000.014059	-81.697 21.4504
297000.014107	-75.5122 45.018
298000.014154	-81.6105 32.1198
299000.014202	-78.5241 30.8231
300000.014249	-63.9 13.6729
301000.014297	-83.4672 42.5542
302000.014344	-79.0411 21.3806
303000.014392	-79.5075 33.4118
304000.014439	-84.1586 22.8276
305000.014487	-73.9026 30.2567
306000.014534	-77.7496 23.0803
307000.014582	-71.3869 21.6057
308000.014629	-90.7163 43.8976
309000.014677	-78.3405 30.0387
310000.014724	-84.0693 25.5124
311000.014772	-69.1001 21.2033
312000.014819	-73.5595 36.3148
313000.014867	-63.4695 21.9245
314000.014914	-71.1548 22.2259
315000.014962	-63.7943 19.0643
316000.015009	-81.2595 25.9251
317000.015057	-74.5583 26.4947
318000.015104	-78.5737 30.8972
319000.015152	-86.4429 33.9802
320000.015199	-71.4711 35.3711
321000.015247	-67.8431 19.7377
322000.015294	-67.296 28.381
323000.015342	-65.3745 32.9174
324000.015389	-64.566 30.2815
325000.015437	-82.0849 21.3587
326000.015484	-82.5816 33.4997
327000.015532	-77.3253 18.9785
328000.015579	-71.6092 23.0673
329000.015627	-73.2457 23.1721
330000.015674	-92.1278 38.7516
331000.015722	-74.6155 32.9005
332000.015769	-78.2673 18.8837
333000.015817	-85.8123 14.1284
334000.015864	-85.0877 25.075
335000.015912	-64.1 17.7386
336000.015959	-75.6967 17.6294
337000.016007	-64.8913 25.9168
338000.016054	-70.6563 23.0824
339000.016102	-90.8739 21.0723
340000.016149	-64.6458 19.6484
341000.016197	-63.6943 22.6492
342000.016244	-83.2825 23.8897
343000.016292	-79.1797 16.572
344000.016339	-79.5337 29.2668
345000.016387	-80.1201 10.6742
346000.016434	-66.2136 25.0212
347000.016482	-63.7185 20.363
348000.016529	-79.0943 28.5277
349000.016577	-77.3114 30.089
350000.016624	-80.3874 22.5529
351000.016672	-76.3787 22.624
352000.016719	-81.1907 35.164
353000.016767	-72.795 28.1651
354000.016814	-78.3003 10.1628
355000.016862	-75.3816 31.0125
356000.016909	-89.3714 33.3395
357000.016957	-71.3467 25.7269
358000.017004	-79.0173 43.1273
359000.017052	-77.7626 20.8142
360000.017099	-67.9734 24.0003
