#! FIELDS time restraint.bias r0 r1 r2 r3 r4 r5 r6 r7 r8 r9 r10 r11 r12 r13 r14 r15 r16 r17 r18 r19 r20 r21 r22 r23 r24 r25 r26 r27 r28 r29 r30 r31 r32 r33 r34 r35 r36 r37 r38 r39 r40 r41 r42 r43 r44 r45 r46 r47 r48 r49 r50 r51 r52 r53 r54 r55 r56 r57 r58 r59
960000.045598 5.947379 0.127633 0.104911 0.125046 0.090833 0.098357 0.099255 0.131708 0.140977 0.112872 0.096798 0.119070 0.136947 0.117786 0.145234 0.122303 0.104514 0.147284 0.138100 0.109559 0.134772 0.093207 0.118455 0.113882 0.095608 0.121510 0.123756 0.120738 0.134249 0.126976 0.108472 0.113048 0.053021 0.016791 0.072399 0.077140 0.059810 0.031085 0.118278 0.102743 0.078454 0.106068 0.112621 0.033333 0.055196 0.023343 0.036610 0.045059 0.040592 0.073427 0.065130 0.104176 0.112150 0.057488 0.029488 0.055123 0.104565 0.145554 0.126347 0.042610 0.088086
961000.045645 4.309678 0.124156 0.101314 0.122468 0.087824 0.096040 0.094666 0.130693 0.139872 0.108304 0.096520 0.116320 0.139103 0.118880 0.147165 0.117277 0.100874 0.148721 0.133931 0.108341 0.132739 0.092484 0.121817 0.113937 0.093888 0.125977 0.127735 0.122473 0.138935 0.132883 0.110362 0.116888 0.048113 0.014294 0.073882 0.083761 0.063575 0.033992 0.121439 0.101731 0.074371 0.108703 0.118062 0.031900 0.055977 0.028666 0.028154 0.044325 0.032870 0.076831 0.071439 0.109804 0.114076 0.063330 0.034983 0.060135 0.104556 0.147024 0.125581 0.040274 0.085604
962000.045693 4.607929 0.117774 0.096059 0.116425 0.090537 0.103629 0.094728 0.124766 0.134087 0.104756 0.104801 0.111584 0.146142 0.127609 0.150629 0.111494 0.099351 0.145841 0.127975 0.117938 0.126566 0.102650 0.120360 0.109096 0.083777 0.123752 0.121533 0.119167 0.134328 0.134167 0.103220 0.120268 0.036477 0.014780 0.062650 0.087568 0.064084 0.031334 0.112859 0.093393 0.063430 0.099920 0.120325 0.047502 0.047565 0.040672 0.026835 0.030596 0.040027 0.081289 0.082246 0.116563 0.107866 0.070810 0.044828 0.053601 0.099154 0.151255 0.120830 0.052552 0.074420
963000.045740 5.997167 0.110579 0.087999 0.113682 0.080230 0.092613 0.085471 0.119502 0.134030 0.100896 0.094742 0.114501 0.139320 0.118109 0.144892 0.104255 0.093092 0.143199 0.124867 0.106961 0.123435 0.091593 0.119850 0.104853 0.085089 0.127116 0.131462 0.114068 0.141676 0.141760 0.107009 0.118229 0.030717 0.016861 0.078337 0.101934 0.081991 0.048137 0.119948 0.089616 0.060890 0.112703 0.125937 0.045079 0.066359 0.051089 0.031628 0.045046 0.022316 0.095420 0.088481 0.117125 0.106185 0.083590 0.043308 0.072049 0.100733 0.147230 0.113574 0.040088 0.073055
964000.045788 6.564830 0.121688 0.100226 0.122593 0.088633 0.096617 0.093746 0.129818 0.141061 0.108419 0.098547 0.117413 0.140941 0.120045 0.148149 0.115120 0.102432 0.149176 0.132655 0.109425 0.131957 0.093497 0.121485 0.111135 0.092166 0.127742 0.130687 0.121054 0.142355 0.136723 0.110450 0.116725 0.044541 0.017641 0.077786 0.092401 0.071545 0.041872 0.124642 0.098153 0.070800 0.113035 0.120585 0.033123 0.059447 0.035182 0.021438 0.047548 0.030458 0.084528 0.077454 0.113050 0.112185 0.071201 0.040844 0.067609 0.102066 0.148352 0.123663 0.042106 0.083147
965000.045835 15.456441 0.132977 0.111013 0.129676 0.095196 0.100919 0.103085 0.137611 0.144853 0.115740 0.099713 0.119940 0.139018 0.119855 0.147987 0.126789 0.108616 0.151611 0.141174 0.111115 0.139203 0.094879 0.121702 0.118253 0.099885 0.124161 0.126139 0.126189 0.137642 0.127495 0.112103 0.114589 0.059950 0.027069 0.074857 0.075944 0.056290 0.031956 0.123522 0.108218 0.083211 0.108882 0.112708 0.029561 0.054079 0.017803 0.034134 0.050006 0.045058 0.068892 0.062618 0.105466 0.117613 0.053798 0.037084 0.057541 0.106478 0.146521 0.132315 0.047237 0.093950
966000.045883 4.491815 0.115936 0.093708 0.118130 0.081941 0.091336 0.089700 0.122967 0.136263 0.104597 0.090961 0.116715 0.134777 0.113152 0.142050 0.110487 0.095874 0.143504 0.129713 0.103175 0.126542 0.086653 0.117008 0.106144 0.088491 0.123538 0.128330 0.114253 0.138174 0.135738 0.106305 0.113346 0.039176 0.014593 0.077536 0.094213 0.076017 0.042183 0.118508 0.092936 0.065870 0.110798 0.119784 0.035569 0.064004 0.041207 0.031417 0.045920 0.023338 0.088933 0.078371 0.109319 0.106608 0.074661 0.035779 0.068306 0.100467 0.143327 0.116535 0.034323 0.077833
967000.045930 3.439224 0.121203 0.100425 0.121450 0.090396 0.099200 0.095968 0.128427 0.138677 0.108442 0.099941 0.116206 0.141406 0.120990 0.147855 0.115462 0.102491 0.147516 0.132013 0.111312 0.130253 0.095034 0.118575 0.109201 0.089116 0.124053 0.125638 0.119322 0.137554 0.133018 0.106500 0.115058 0.042999 0.012769 0.072210 0.088250 0.067197 0.035578 0.119400 0.096206 0.068982 0.107312 0.117405 0.034167 0.054815 0.032571 0.022615 0.041688 0.033357 0.081594 0.075027 0.110594 0.109514 0.067704 0.039277 0.061722 0.099569 0.147845 0.122720 0.043454 0.080365
968000.045978 7.546958 0.114552 0.093651 0.117028 0.085585 0.096182 0.089407 0.124495 0.136624 0.102888 0.099214 0.113896 0.143037 0.121648 0.148653 0.107764 0.097432 0.147111 0.126365 0.109928 0.126422 0.094455 0.121623 0.107384 0.086646 0.129026 0.131697 0.118839 0.143752 0.141426 0.108503 0.119029 0.036170 0.018915 0.077180 0.099618 0.077072 0.045168 0.123557 0.092771 0.063135 0.112757 0.124938 0.039423 0.061349 0.044947 0.018839 0.045122 0.025252 0.090850 0.085737 0.118193 0.109676 0.079455 0.046664 0.070853 0.099408 0.149145 0.118744 0.043273 0.076396
969000.046025 3.442220 0.116380 0.094243 0.116115 0.086594 0.099323 0.093034 0.122505 0.133450 0.104375 0.098761 0.112970 0.140506 0.121744 0.145957 0.111029 0.096481 0.143000 0.128928 0.112635 0.125372 0.097012 0.116807 0.106618 0.083900 0.120360 0.121129 0.114712 0.131868 0.131889 0.101693 0.116092 0.036327 0.012774 0.065519 0.087514 0.066431 0.030911 0.110690 0.091693 0.062434 0.100851 0.117949 0.044149 0.052695 0.040225 0.032271 0.033743 0.033865 0.082499 0.079201 0.111664 0.104865 0.070488 0.038736 0.055992 0.098439 0.147288 0.117543 0.045875 0.073857
970000.046073 5.877026 0.114938 0.092725 0.116519 0.084136 0.095685 0.088560 0.123907 0.136195 0.102831 0.098028 0.113325 0.142227 0.121255 0.148095 0.108233 0.096522 0.146441 0.127058 0.110155 0.126406 0.094249 0.121479 0.108097 0.086518 0.128131 0.129526 0.118493 0.141750 0.140057 0.107483 0.118964 0.036015 0.016692 0.074436 0.096392 0.074369 0.042708 0.121083 0.092686 0.063479 0.110250 0.124246 0.040713 0.058930 0.043000 0.021386 0.042880 0.028367 0.089032 0.084617 0.117640 0.108722 0.077629 0.044122 0.066777 0.099581 0.149306 0.118579 0.043647 0.076310
971000.046120 5.295457 0.116344 0.093627 0.118302 0.082855 0.093418 0.088486 0.125319 0.138299 0.103866 0.095360 0.116138 0.140639 0.119130 0.147767 0.109096 0.096615 0.147361 0.129026 0.107214 0.128174 0.092123 0.122870 0.109541 0.089994 0.129901 0.133654 0.119037 0.144639 0.142176 0.110610 0.119717 0.037511 0.015844 0.079087 0.098550 0.077925 0.045030 0.123822 0.095153 0.065653 0.114585 0.125834 0.038933 0.064024 0.044697 0.027652 0.046750 0.021979 0.091077 0.084439 0.117098 0.111165 0.078938 0.041652 0.071323 0.103294 0.148688 0.119340 0.038538 0.078771
972000.046168 8.141866 0.107919 0.087274 0.111069 0.084980 0.099179 0.087596 0.117138 0.130839 0.099509 0.101510 0.111025 0.143602 0.124537 0.146909 0.101987 0.093870 0.141474 0.122032 0.114117 0.120051 0.099794 0.116910 0.101417 0.078796 0.123418 0.125423 0.111135 0.136286 0.138510 0.101272 0.117834 0.024013 0.019646 0.070607 0.101109 0.078983 0.044738 0.113813 0.084087 0.053052 0.105908 0.123561 0.051094 0.059477 0.052521 0.029279 0.037855 0.029958 0.094562 0.091061 0.118509 0.101268 0.083816 0.049099 0.067956 0.095230 0.149167 0.111206 0.049269 0.066319
973000.046215 4.819324 0.113101 0.093063 0.114394 0.088660 0.100796 0.092488 0.121021 0.132386 0.102752 0.102312 0.111337 0.144047 0.124302 0.147990 0.107545 0.098091 0.143253 0.125005 0.114287 0.122944 0.099031 0.116608 0.103651 0.081012 0.123004 0.122506 0.114684 0.135376 0.135580 0.101001 0.116569 0.032099 0.015115 0.066765 0.093948 0.071185 0.037720 0.113940 0.087839 0.058731 0.102510 0.120004 0.044997 0.052737 0.043015 0.023014 0.034930 0.035350 0.087810 0.084356 0.115815 0.103521 0.076087 0.046131 0.061721 0.094340 0.148682 0.115726 0.048596 0.070491
974000.046263 8.068236 0.115996 0.096143 0.114946 0.092383 0.105459 0.097082 0.122232 0.130696 0.103649 0.105052 0.109492 0.144542 0.126833 0.148149 0.110854 0.098711 0.142228 0.126518 0.118168 0.123072 0.103250 0.115391 0.105078 0.079927 0.118241 0.115796 0.115027 0.128407 0.129469 0.097642 0.116614 0.036022 0.019557 0.057614 0.085694 0.061628 0.025318 0.106672 0.089628 0.058916 0.094282 0.115775 0.048176 0.043383 0.040679 0.028762 0.025965 0.042046 0.079676 0.080396 0.113012 0.103345 0.069018 0.046649 0.051228 0.094416 0.147753 0.118002 0.054467 0.070433
975000.046310 2.173267 0.122210 0.099484 0.121623 0.088029 0.098275 0.095941 0.127470 0.138648 0.109445 0.097070 0.117698 0.138762 0.119157 0.145938 0.116879 0.101028 0.146124 0.134390 0.110427 0.131087 0.093883 0.118146 0.109958 0.089539 0.121830 0.123992 0.117649 0.134791 0.131521 0.105484 0.114914 0.042990 0.010150 0.070001 0.085078 0.065646 0.031859 0.115347 0.096853 0.069714 0.105081 0.116694 0.037740 0.055049 0.033687 0.032617 0.039421 0.034491 0.080534 0.073573 0.108696 0.108680 0.066432 0.032831 0.057022 0.101851 0.147106 0.121935 0.042038 0.080403
976000.046358 9.721500 0.118680 0.094892 0.120921 0.079155 0.087159 0.086974 0.126744 0.140575 0.105724 0.088181 0.119451 0.134262 0.111616 0.143046 0.111832 0.096262 0.146992 0.132262 0.099837 0.130788 0.083283 0.122697 0.111624 0.095968 0.130429 0.137078 0.119338 0.146631 0.141101 0.114341 0.116303 0.046041 0.021468 0.086665 0.097991 0.080618 0.049828 0.128354 0.099117 0.072906 0.120163 0.124565 0.031884 0.071651 0.042650 0.033950 0.055599 0.017848 0.091462 0.079606 0.112542 0.113310 0.077518 0.036615 0.075864 0.106448 0.144659 0.120116 0.029248 0.085612
977000.046405 5.327236 0.123487 0.101183 0.122962 0.087561 0.095673 0.094545 0.130012 0.140336 0.109073 0.095831 0.117076 0.137671 0.117512 0.145551 0.117348 0.101184 0.147578 0.134467 0.107936 0.132296 0.091601 0.120083 0.112214 0.093418 0.124555 0.127892 0.120578 0.138703 0.132169 0.109522 0.114705 0.047743 0.015892 0.075382 0.085392 0.065553 0.035363 0.121757 0.099948 0.073318 0.110115 0.117081 0.030668 0.057564 0.029776 0.027517 0.045822 0.031694 0.078322 0.071458 0.108727 0.111976 0.064514 0.035106 0.061913 0.103131 0.145660 0.124289 0.040426 0.085201
978000.046453 8.245113 0.107206 0.084383 0.110323 0.076053 0.088609 0.082507 0.115071 0.130393 0.098037 0.089704 0.111935 0.134669 0.113551 0.140315 0.101464 0.088968 0.138491 0.122676 0.102754 0.119434 0.088045 0.116415 0.101859 0.083586 0.124365 0.128908 0.109681 0.138808 0.139854 0.103981 0.115120 0.031363 0.019771 0.077776 0.100941 0.082020 0.048124 0.116751 0.086432 0.059390 0.110692 0.124053 0.045778 0.067295 0.051558 0.036167 0.045925 0.023149 0.095681 0.087791 0.114897 0.102021 0.083869 0.041848 0.071996 0.098018 0.142858 0.108851 0.037491 0.071262
979000.046500 4.869481 0.123904 0.100436 0.123466 0.084150 0.091584 0.094596 0.127873 0.139915 0.110942 0.089021 0.120367 0.130843 0.109960 0.139705 0.119231 0.100416 0.144286 0.136751 0.102225 0.132418 0.084259 0.117001 0.111240 0.095211 0.121292 0.126614 0.117260 0.135969 0.129365 0.108654 0.110612 0.050262 0.015194 0.077556 0.082936 0.067962 0.037381 0.119164 0.100256 0.076951 0.110031 0.114336 0.030725 0.062893 0.030574 0.038369 0.048344 0.033897 0.079816 0.067034 0.102389 0.110099 0.063397 0.024713 0.061113 0.104983 0.141094 0.122044 0.033987 0.086706
980000.046548 4.738933 0.122280 0.101491 0.122704 0.092348 0.102288 0.097998 0.129745 0.139758 0.109270 0.102607 0.117199 0.143917 0.123913 0.150238 0.116511 0.103339 0.149337 0.133154 0.114386 0.131435 0.098021 0.119901 0.110010 0.088282 0.124046 0.125686 0.120330 0.137319 0.133927 0.106436 0.117245 0.041434 0.014989 0.070397 0.089175 0.067084 0.033616 0.118081 0.096649 0.066977 0.106543 0.118631 0.037280 0.053251 0.035752 0.022822 0.038972 0.033491 0.081829 0.076872 0.112111 0.110411 0.068709 0.041346 0.060367 0.100651 0.149989 0.124259 0.046817 0.079162
981000.046595 2.196693 0.120594 0.097662 0.121638 0.084757 0.094333 0.093004 0.126808 0.139505 0.108794 0.093494 0.119674 0.136577 0.115929 0.144276 0.115129 0.099275 0.146168 0.134040 0.106303 0.131137 0.089458 0.118625 0.109375 0.090926 0.123677 0.128542 0.116734 0.138038 0.134380 0.108003 0.114473 0.042298 0.010205 0.076590 0.090562 0.072529 0.038806 0.118963 0.096828 0.069920 0.110544 0.119032 0.034932 0.062714 0.037760 0.034041 0.045061 0.025455 0.085610 0.075367 0.108684 0.109289 0.070926 0.031220 0.064566 0.103358 0.146160 0.120412 0.035195 0.081153
982000.046642 2.202912 0.117688 0.095542 0.117687 0.086344 0.097743 0.093923 0.123421 0.134642 0.105754 0.096615 0.114834 0.138809 0.118762 0.144991 0.112853 0.097503 0.143568 0.130404 0.110270 0.126229 0.093478 0.116450 0.107136 0.085989 0.120531 0.121804 0.115441 0.132518 0.131631 0.102762 0.114683 0.038842 0.010219 0.067964 0.086596 0.067233 0.032258 0.112061 0.092866 0.065276 0.102369 0.117260 0.040684 0.054959 0.037756 0.031940 0.036323 0.033833 0.082718 0.076497 0.109249 0.105428 0.069004 0.035723 0.056726 0.099343 0.146081 0.118540 0.042822 0.075977
983000.046690 3.282657 0.117607 0.095519 0.117769 0.084939 0.094894 0.091922 0.123716 0.134859 0.104723 0.094244 0.113928 0.136065 0.116100 0.142684 0.111873 0.097201 0.142848 0.129615 0.106618 0.126695 0.090612 0.116011 0.106737 0.087534 0.121004 0.123990 0.114905 0.134844 0.131113 0.104090 0.112480 0.040625 0.012475 0.071312 0.087340 0.067642 0.034183 0.116009 0.093614 0.066286 0.105752 0.115694 0.035245 0.056079 0.034940 0.028830 0.040619 0.030644 0.081363 0.074205 0.107944 0.106600 0.067800 0.036285 0.061175 0.098996 0.143186 0.117883 0.039705 0.078178
984000.046737 11.577910 0.119494 0.097790 0.122632 0.085751 0.093169 0.090159 0.130113 0.142978 0.107012 0.097063 0.120913 0.142220 0.119333 0.149824 0.111639 0.100900 0.152028 0.130993 0.105786 0.133001 0.090504 0.126588 0.112613 0.095246 0.135017 0.140964 0.123451 0.151446 0.146233 0.117225 0.121470 0.044003 0.023428 0.088658 0.104674 0.084791 0.054333 0.132854 0.100509 0.072163 0.123191 0.128982 0.035848 0.072346 0.047911 0.027802 0.056129 0.017737 0.095479 0.085921 0.118640 0.117290 0.082539 0.045673 0.080564 0.107542 0.150417 0.123412 0.036814 0.084904
985000.046785 14.775727 0.125541 0.104114 0.127867 0.086459 0.089368 0.093310 0.133861 0.146135 0.112287 0.091662 0.124325 0.134632 0.111610 0.143969 0.119067 0.104490 0.150834 0.136951 0.099855 0.137090 0.083107 0.123442 0.114713 0.101988 0.131363 0.140053 0.123537 0.149041 0.138555 0.119067 0.114337 0.055452 0.026466 0.092838 0.097013 0.080792 0.053884 0.135327 0.105545 0.081824 0.125422 0.121516 0.021979 0.074666 0.037686 0.032617 0.062420 0.023762 0.088624 0.073714 0.108849 0.118427 0.072911 0.038043 0.080217 0.109129 0.144321 0.126483 0.030789 0.093627
986000.046832 3.769376 0.115496 0.093755 0.117060 0.085460 0.097540 0.091281 0.122841 0.135220 0.104926 0.098076 0.114479 0.140732 0.120394 0.146090 0.110300 0.097449 0.144544 0.128607 0.110965 0.126262 0.093882 0.117549 0.105872 0.084129 0.123016 0.124719 0.115522 0.136379 0.135260 0.103433 0.115467 0.035431 0.013368 0.070480 0.092787 0.071452 0.037933 0.115820 0.090886 0.062793 0.105739 0.119971 0.040746 0.056846 0.041083 0.025655 0.038696 0.030871 0.086840 0.081091 0.113317 0.105376 0.074423 0.040488 0.061687 0.097539 0.147980 0.117445 0.043649 0.074424
987000.046880 6.132417 0.122254 0.099946 0.122315 0.086740 0.094283 0.092491 0.130586 0.141048 0.107470 0.096390 0.117796 0.140447 0.119015 0.148459 0.114708 0.100796 0.150014 0.132446 0.106572 0.132846 0.091518 0.123913 0.113548 0.095145 0.130591 0.134214 0.123339 0.145394 0.138804 0.113880 0.118662 0.047240 0.017050 0.080925 0.092564 0.072506 0.043076 0.127731 0.101756 0.074266 0.115617 0.122539 0.031071 0.063410 0.036150 0.027621 0.050138 0.026036 0.084293 0.076917 0.113724 0.116113 0.071129 0.039239 0.069886 0.105732 0.148210 0.124687 0.036925 0.086229
988000.046927 2.410935 0.120323 0.099183 0.120407 0.087463 0.095855 0.094710 0.126585 0.137027 0.107550 0.095580 0.116206 0.137010 0.116595 0.144040 0.115086 0.099994 0.144955 0.131629 0.106934 0.129322 0.090709 0.116796 0.108162 0.089214 0.121594 0.124875 0.117157 0.135518 0.130822 0.105795 0.112876 0.043912 0.010691 0.072900 0.086312 0.066830 0.034420 0.117653 0.096463 0.069968 0.106731 0.115351 0.032005 0.057098 0.032080 0.028469 0.042204 0.030077 0.080039 0.071895 0.106869 0.108853 0.065739 0.034004 0.061057 0.100160 0.144165 0.120908 0.038703 0.080640
989000.046975 18.847525 0.124210 0.101918 0.126309 0.082555 0.084465 0.090347 0.132494 0.144748 0.110115 0.086789 0.124161 0.131287 0.107210 0.141304 0.117274 0.101578 0.149533 0.135474 0.094076 0.136139 0.077613 0.124241 0.115392 0.104558 0.133078 0.142965 0.123801 0.151211 0.139844 0.121595 0.114179 0.058187 0.029891 0.097167 0.098851 0.084571 0.058148 0.138015 0.107310 0.084689 0.128532 0.122665 0.022703 0.080068 0.041828 0.039266 0.066538 0.022100 0.090742 0.074228 0.108243 0.120404 0.075078 0.038359 0.084346 0.111738 0.141566 0.125278 0.024638 0.096012
990000.047022 3.351426 0.123508 0.101135 0.121905 0.088645 0.096577 0.094858 0.130051 0.139414 0.108201 0.097479 0.115855 0.139178 0.119220 0.146845 0.116714 0.101518 0.147633 0.133304 0.109109 0.131725 0.093826 0.120772 0.112891 0.093849 0.125477 0.127644 0.121655 0.138888 0.132121 0.110008 0.115985 0.047542 0.012605 0.074203 0.083902 0.064078 0.034555 0.121950 0.100630 0.074045 0.109199 0.117135 0.032294 0.055757 0.028758 0.027466 0.044264 0.034117 0.076984 0.071502 0.109440 0.112975 0.063183 0.035945 0.060808 0.103905 0.146299 0.124760 0.041687 0.085312
991000.047070 3.888646 0.122110 0.100237 0.119811 0.090962 0.102056 0.096994 0.128166 0.136816 0.107920 0.102283 0.113764 0.144333 0.125301 0.150590 0.116012 0.101297 0.147262 0.132085 0.115617 0.129711 0.100300 0.120926 0.112039 0.088537 0.124491 0.122272 0.121341 0.135011 0.133045 0.105444 0.119460 0.043856 0.013577 0.064709 0.082829 0.060259 0.027986 0.114569 0.097709 0.069487 0.100922 0.118976 0.041964 0.048342 0.032760 0.029800 0.035079 0.039847 0.077635 0.076548 0.113802 0.110226 0.065659 0.038896 0.052410 0.100930 0.150718 0.124042 0.048429 0.079826
992000.047117 2.568246 0.116734 0.094456 0.117990 0.085546 0.097085 0.091354 0.124499 0.136600 0.104960 0.097978 0.115469 0.141526 0.120767 0.147510 0.110661 0.097819 0.146305 0.129276 0.110350 0.127691 0.093821 0.119784 0.107871 0.086647 0.125531 0.127830 0.117578 0.139220 0.137337 0.106340 0.117270 0.036368 0.011034 0.072904 0.093567 0.072543 0.038979 0.118730 0.093360 0.064411 0.108477 0.121689 0.039240 0.058609 0.040968 0.025840 0.040493 0.027857 0.087217 0.081131 0.114252 0.108350 0.074555 0.039993 0.063897 0.100317 0.148828 0.119029 0.041553 0.076498
993000.047165 4.168321 0.113350 0.091477 0.114854 0.084728 0.096733 0.088974 0.122189 0.133990 0.101278 0.098691 0.112330 0.142105 0.121569 0.147353 0.106671 0.095465 0.144855 0.125417 0.110655 0.124322 0.095138 0.119796 0.106449 0.084764 0.125956 0.127769 0.116649 0.139267 0.138212 0.105718 0.118144 0.032785 0.014057 0.072442 0.095678 0.073992 0.040749 0.118448 0.091023 0.060781 0.108222 0.122738 0.042080 0.057943 0.044179 0.023004 0.039504 0.027648 0.088432 0.084237 0.116102 0.107312 0.076779 0.044441 0.065764 0.099157 0.148153 0.116917 0.044045 0.073756
994000.047212 2.254195 0.120620 0.098946 0.119839 0.089790 0.100380 0.095721 0.127848 0.137517 0.107149 0.101222 0.115094 0.144085 0.123984 0.150430 0.114459 0.100670 0.148054 0.131295 0.113614 0.129568 0.098032 0.121043 0.110687 0.088069 0.125760 0.125384 0.120685 0.137494 0.135628 0.106594 0.119383 0.040814 0.010338 0.068920 0.088163 0.066035 0.032828 0.117012 0.096741 0.067672 0.104678 0.120785 0.039645 0.052899 0.035927 0.026604 0.037405 0.033732 0.082038 0.078514 0.114268 0.110496 0.069589 0.039164 0.058362 0.101072 0.150704 0.123056 0.044803 0.078542
995000.047260 3.130952 0.119415 0.097662 0.118247 0.089742 0.101410 0.095680 0.125977 0.135222 0.105717 0.101470 0.113181 0.143016 0.123777 0.148682 0.113440 0.099368 0.145906 0.130064 0.114364 0.127525 0.098506 0.119125 0.109341 0.086329 0.122643 0.122304 0.118901 0.134124 0.132469 0.104100 0.117713 0.039597 0.012183 0.065432 0.085607 0.063610 0.029221 0.113753 0.094966 0.065495 0.101606 0.118186 0.041677 0.049893 0.036386 0.027590 0.033484 0.036635 0.079495 0.077468 0.112419 0.108490 0.067367 0.040507 0.055095 0.100027 0.148734 0.121582 0.047611 0.076883
996000.047307 2.933627 0.121433 0.098540 0.121104 0.085585 0.094838 0.092937 0.128235 0.138735 0.107013 0.094775 0.116802 0.137916 0.117234 0.145659 0.114919 0.098861 0.147322 0.132587 0.106787 0.131004 0.090374 0.120694 0.111588 0.091976 0.125220 0.128628 0.120106 0.139102 0.134117 0.109408 0.116120 0.044316 0.011793 0.075026 0.087518 0.068028 0.035873 0.120692 0.099211 0.071225 0.109790 0.118939 0.032664 0.058981 0.034134 0.029271 0.043756 0.027941 0.080681 0.073791 0.109720 0.112348 0.067117 0.034853 0.062680 0.104128 0.146024 0.122860 0.037784 0.082945
997000.047355 3.067972 0.118579 0.095305 0.118555 0.083236 0.093426 0.090535 0.125022 0.137024 0.105534 0.093618 0.115092 0.137450 0.116593 0.144747 0.112413 0.097417 0.144985 0.130762 0.106555 0.128398 0.090341 0.119753 0.109470 0.089852 0.125568 0.127678 0.117961 0.139410 0.135927 0.107385 0.115933 0.041682 0.012060 0.073822 0.089534 0.069762 0.037911 0.119551 0.095701 0.068960 0.108817 0.120207 0.036403 0.058367 0.036305 0.029188 0.043264 0.031034 0.084020 0.077295 0.112068 0.109106 0.071026 0.035708 0.062544 0.101453 0.145810 0.119617 0.038941 0.080295
998000.047402 5.869086 0.125011 0.101869 0.125488 0.085622 0.092441 0.093428 0.132146 0.143794 0.110735 0.093017 0.121124 0.136746 0.115154 0.145784 0.118445 0.101836 0.150168 0.136736 0.104519 0.135391 0.087562 0.122823 0.114506 0.097363 0.128544 0.133824 0.122547 0.143829 0.136416 0.114209 0.116070 0.049711 0.016680 0.082423 0.090106 0.071959 0.042355 0.127066 0.103032 0.076777 0.116570 0.120667 0.026855 0.065169 0.032659 0.030241 0.051979 0.025342 0.083277 0.072715 0.109643 0.115460 0.068478 0.032636 0.068554 0.107081 0.146628 0.125826 0.033483 0.088626
999000.047450 5.805769 0.125114 0.103002 0.122690 0.091538 0.100988 0.098539 0.130790 0.138807 0.109539 0.100318 0.115396 0.141126 0.121972 0.148323 0.119230 0.102397 0.148245 0.134742 0.113184 0.132058 0.096724 0.119964 0.113263 0.091447 0.122394 0.122356 0.121863 0.133826 0.129260 0.106731 0.116403 0.048117 0.016590 0.067473 0.079346 0.058112 0.026472 0.115934 0.100449 0.072663 0.102756 0.115456 0.036345 0.049592 0.027388 0.029159 0.038604 0.039172 0.073402 0.070329 0.108654 0.111777 0.059987 0.036651 0.052743 0.102455 0.147969 0.126317 0.046771 0.083575
1000000.047497 3.196056 0.116591 0.094802 0.118144 0.083483 0.092325 0.089849 0.124088 0.136529 0.104632 0.093150 0.115656 0.136234 0.115120 0.143276 0.110507 0.097342 0.144006 0.129056 0.104397 0.127239 0.088883 0.118022 0.106866 0.089365 0.124785 0.129505 0.115786 0.140046 0.135663 0.107640 0.113859 0.040079 0.012309 0.077680 0.093430 0.074263 0.041848 0.121361 0.094140 0.067205 0.111875 0.119286 0.033656 0.062209 0.038667 0.027864 0.046170 0.024006 0.086627 0.077615 0.110353 0.108322 0.072988 0.037045 0.068525 0.100592 0.143894 0.117693 0.036120 0.079295
1001000.047545 1.927576 0.121223 0.099521 0.121764 0.087561 0.095578 0.094639 0.127874 0.139247 0.108452 0.095690 0.118141 0.137863 0.116954 0.145356 0.115448 0.101136 0.146662 0.132931 0.107059 0.130685 0.090948 0.118430 0.109275 0.091122 0.123964 0.127831 0.118068 0.138272 0.133473 0.108016 0.114211 0.043371 0.009559 0.075808 0.089180 0.070403 0.037993 0.120153 0.097208 0.070385 0.109984 0.117619 0.032419 0.059623 0.033972 0.028508 0.044608 0.028692 0.083281 0.073925 0.108373 0.110040 0.068393 0.034330 0.064579 0.102072 0.145634 0.121696 0.037677 0.081631
1002000.047592 2.265212 0.119574 0.097445 0.120401 0.087070 0.097274 0.094090 0.126058 0.138045 0.107628 0.096789 0.116932 0.139101 0.118718 0.145880 0.114208 0.099865 0.145882 0.132335 0.109774 0.129094 0.093014 0.117589 0.107939 0.087801 0.122613 0.125011 0.116464 0.135979 0.133435 0.104994 0.114615 0.039500 0.010363 0.071671 0.089420 0.069527 0.035319 0.116250 0.094075 0.066209 0.106657 0.118188 0.036997 0.056544 0.036281 0.027769 0.040256 0.030803 0.084365 0.076567 0.110034 0.107029 0.070267 0.036012 0.061044 0.099860 0.147018 0.120092 0.041249 0.077945
1003000.047640 7.081604 0.118712 0.098360 0.120657 0.088099 0.096206 0.092954 0.127665 0.138791 0.106288 0.098161 0.116446 0.140635 0.119177 0.147214 0.112514 0.100774 0.147780 0.129946 0.108100 0.129388 0.092089 0.119976 0.108663 0.090533 0.127098 0.131204 0.119604 0.142484 0.137014 0.109670 0.115489 0.042942 0.018323 0.079049 0.094970 0.074307 0.043389 0.124909 0.096135 0.068493 0.113683 0.120319 0.031915 0.061766 0.038246 0.020939 0.047870 0.026351 0.086507 0.078360 0.112479 0.111188 0.073068 0.042846 0.070401 0.100628 0.146920 0.121451 0.040539 0.081242
1004000.047687 4.402938 0.118882 0.096878 0.119882 0.084532 0.092666 0.091211 0.125917 0.137714 0.106017 0.093216 0.116186 0.135694 0.114513 0.142954 0.113051 0.098459 0.144984 0.131007 0.104719 0.128696 0.087927 0.117848 0.108512 0.091186 0.123957 0.128375 0.117135 0.138776 0.133228 0.108106 0.112598 0.043809 0.014447 0.077675 0.089909 0.071297 0.040425 0.121635 0.095951 0.069967 0.111399 0.117459 0.030487 0.061362 0.034152 0.026183 0.047132 0.027167 0.083551 0.074010 0.108124 0.108968 0.069097 0.035853 0.066363 0.100988 0.143574 0.119805 0.036684 0.082009
1005000.047735 3.637567 0.117544 0.095136 0.118061 0.085265 0.096552 0.091712 0.124976 0.136290 0.104702 0.097183 0.114405 0.140716 0.119832 0.147045 0.111500 0.097442 0.146269 0.129340 0.109643 0.127709 0.092924 0.120260 0.108732 0.086933 0.125307 0.126770 0.118620 0.138570 0.136734 0.106221 0.117603 0.038225 0.013132 0.071520 0.091417 0.069952 0.036910 0.118028 0.094474 0.065493 0.107097 0.121312 0.038697 0.056444 0.039208 0.024829 0.039677 0.030401 0.084688 0.079903 0.113887 0.109115 0.072609 0.039907 0.061725 0.100416 0.147917 0.120134 0.042520 0.077243
1006000.047782 6.092055 0.124437 0.102254 0.122568 0.091037 0.100315 0.097144 0.130521 0.139516 0.109263 0.100518 0.115416 0.141661 0.122243 0.148711 0.117935 0.103084 0.148430 0.134001 0.112802 0.132280 0.096927 0.120858 0.112925 0.091743 0.124603 0.124901 0.122082 0.137432 0.131991 0.107748 0.116871 0.047057 0.016994 0.069469 0.083016 0.061170 0.031079 0.119287 0.099782 0.072244 0.105687 0.116947 0.036212 0.050629 0.029211 0.025988 0.040685 0.039299 0.076145 0.072849 0.111198 0.112194 0.063256 0.039352 0.056647 0.102195 0.148183 0.125568 0.047035 0.083716
1007000.047830 4.356116 0.117642 0.095461 0.118561 0.087342 0.098991 0.091560 0.126511 0.138032 0.104851 0.101091 0.115048 0.144573 0.124581 0.150559 0.110269 0.098737 0.148372 0.129235 0.113175 0.128785 0.098299 0.122629 0.109763 0.087505 0.128265 0.130152 0.119642 0.141619 0.139760 0.108458 0.120724 0.035817 0.014370 0.073515 0.095709 0.073172 0.039994 0.120787 0.094822 0.063823 0.110156 0.124396 0.042044 0.057901 0.043309 0.024700 0.040987 0.027562 0.087758 0.084381 0.117972 0.110690 0.076401 0.044034 0.066138 0.101893 0.151397 0.120815 0.044876 0.077001
1008000.047877 3.129805 0.115153 0.093781 0.116483 0.085255 0.096089 0.091006 0.122195 0.134813 0.104569 0.096883 0.113949 0.139527 0.119251 0.145277 0.109750 0.097713 0.143264 0.128003 0.109269 0.125545 0.093723 0.116723 0.104950 0.084517 0.123147 0.124721 0.114316 0.136633 0.135367 0.103162 0.114882 0.035933 0.012181 0.071031 0.092925 0.071973 0.038850 0.115940 0.090408 0.063086 0.105870 0.119432 0.040391 0.056762 0.040067 0.026971 0.040066 0.031107 0.087379 0.080906 0.112982 0.104643 0.074652 0.039388 0.063241 0.096670 0.146659 0.116222 0.042195 0.074383
1009000.047925 3.361665 0.117940 0.095625 0.119610 0.084997 0.095630 0.091808 0.125486 0.138130 0.106605 0.095972 0.117345 0.139900 0.118706 0.146645 0.112298 0.098548 0.146744 0.131088 0.108354 0.129160 0.091532 0.119460 0.107979 0.087742 0.125679 0.128493 0.117333 0.139648 0.137546 0.106894 0.116400 0.038642 0.012624 0.075003 0.094164 0.073874 0.040206 0.119285 0.094220 0.066139 0.109791 0.121675 0.037214 0.060740 0.040307 0.028244 0.043124 0.026233 0.088321 0.080129 0.113158 0.108494 0.075008 0.037651 0.065423 0.100516 0.148381 0.119475 0.038695 0.077797
1010000.047972 3.731757 0.122506 0.100565 0.123695 0.086864 0.095014 0.095746 0.128131 0.140410 0.110992 0.093405 0.120870 0.135160 0.114169 0.143003 0.117938 0.101877 0.146066 0.135560 0.105392 0.132473 0.087661 0.116944 0.108977 0.091888 0.121946 0.127693 0.116830 0.137382 0.131905 0.107674 0.111666 0.045857 0.013301 0.077278 0.088588 0.071143 0.038177 0.119751 0.097841 0.072325 0.110838 0.115880 0.030452 0.062295 0.034064 0.033234 0.046592 0.028626 0.083488 0.071168 0.105351 0.109572 0.067750 0.030388 0.064183 0.102580 0.144288 0.121622 0.035457 0.083124
1011000.048020 6.487951 0.121890 0.100984 0.121448 0.090455 0.098617 0.095997 0.129276 0.138363 0.107034 0.099582 0.114930 0.140714 0.120260 0.147518 0.115365 0.101936 0.147834 0.131245 0.110035 0.130356 0.094345 0.120010 0.110725 0.090929 0.124825 0.127055 0.121156 0.138929 0.133090 0.108267 0.115792 0.045254 0.017538 0.073281 0.087490 0.066093 0.035627 0.121482 0.098474 0.070289 0.108644 0.117201 0.032875 0.054478 0.032544 0.021050 0.043039 0.034286 0.078971 0.073903 0.110401 0.112342 0.065837 0.041885 0.062814 0.101420 0.146052 0.124047 0.044563 0.082437
1012000.048067 4.365961 0.122165 0.099886 0.121736 0.087631 0.096527 0.094463 0.128934 0.139128 0.107742 0.096570 0.116528 0.139211 0.118599 0.146730 0.115797 0.100710 0.147695 0.132989 0.108298 0.131244 0.092002 0.120358 0.111474 0.092308 0.125323 0.128112 0.120652 0.139434 0.133738 0.109083 0.115546 0.045768 0.014387 0.074375 0.086909 0.066929 0.035719 0.121469 0.098960 0.071473 0.109541 0.117945 0.031997 0.057142 0.031747 0.027244 0.044177 0.031614 0.080018 0.073180 0.110029 0.112079 0.066275 0.036843 0.062554 0.102816 0.146538 0.123488 0.040417 0.083453
1013000.048115 5.872478 0.110833 0.088497 0.114117 0.080188 0.092684 0.086973 0.118459 0.133641 0.102323 0.093251 0.115169 0.137734 0.116591 0.143500 0.105798 0.093410 0.141778 0.126291 0.106501 0.123079 0.090604 0.116868 0.102930 0.083113 0.124031 0.127538 0.111512 0.137841 0.139424 0.103474 0.115922 0.030960 0.016685 0.075480 0.100037 0.080619 0.045771 0.115389 0.087542 0.059865 0.109059 0.123715 0.045401 0.064763 0.049706 0.034170 0.043106 0.025693 0.095328 0.086973 0.114884 0.102732 0.082767 0.040451 0.069015 0.098009 0.146376 0.112277 0.039505 0.071162
1014000.048162 3.617741 0.120539 0.098798 0.121642 0.085522 0.092428 0.092325 0.127984 0.139698 0.107775 0.093500 0.118488 0.136624 0.114820 0.144467 0.114573 0.100238 0.146972 0.132330 0.104050 0.130863 0.087702 0.119374 0.109889 0.093208 0.126241 0.130987 0.118999 0.141231 0.135131 0.110613 0.113926 0.045726 0.013096 0.080557 0.091426 0.073416 0.042939 0.124222 0.098357 0.072817 0.113879 0.118966 0.028821 0.064231 0.034470 0.028414 0.049544 0.024881 0.085117 0.074154 0.108721 0.111472 0.070087 0.034450 0.068948 0.102954 0.144991 0.121642 0.033698 0.084002
1015000.048210 4.286977 0.120493 0.099846 0.121326 0.089564 0.098361 0.094927 0.128591 0.138802 0.107593 0.099506 0.116693 0.141398 0.120893 0.147998 0.114326 0.101464 0.148150 0.131150 0.110002 0.130697 0.094284 0.119819 0.109332 0.089184 0.125258 0.128316 0.119705 0.139476 0.134841 0.108119 0.116253 0.042276 0.014256 0.074743 0.091304 0.069985 0.037883 0.121221 0.097130 0.068548 0.109747 0.119013 0.033705 0.057883 0.036337 0.023676 0.043255 0.027886 0.083050 0.076580 0.111561 0.111405 0.069921 0.040319 0.065158 0.101034 0.147871 0.122665 0.041622 0.080413
1016000.048257 5.033214 0.118109 0.097240 0.119965 0.086277 0.094584 0.092160 0.126044 0.137573 0.105786 0.095347 0.116314 0.137523 0.116300 0.144347 0.112244 0.099202 0.145682 0.129987 0.105965 0.128369 0.089579 0.117846 0.107433 0.089737 0.124141 0.128966 0.117140 0.139422 0.134223 0.107797 0.113174 0.041911 0.015447 0.077650 0.092544 0.073084 0.041101 0.121892 0.095018 0.067652 0.111822 0.117953 0.031198 0.061358 0.036977 0.024095 0.046273 0.025232 0.085011 0.075845 0.109159 0.109191 0.070891 0.039308 0.068360 0.100319 0.144360 0.119751 0.038225 0.080315
1017000.048305 4.916346 0.122995 0.101161 0.123585 0.087217 0.093557 0.095193 0.129544 0.140557 0.109576 0.093332 0.120438 0.135549 0.113881 0.143829 0.117255 0.101707 0.147370 0.134448 0.103636 0.132603 0.087093 0.118912 0.110969 0.095153 0.124753 0.130809 0.119453 0.140127 0.132976 0.111264 0.113011 0.048545 0.015267 0.081119 0.089161 0.072601 0.041728 0.123889 0.100752 0.075294 0.114017 0.116894 0.028188 0.065133 0.034277 0.033285 0.050051 0.027341 0.083130 0.070715 0.105544 0.113122 0.067107 0.033001 0.068310 0.105313 0.143765 0.123228 0.033560 0.086101
1018000.048352 3.869185 0.115276 0.091757 0.116175 0.081903 0.094504 0.089124 0.121680 0.134825 0.103659 0.094073 0.114609 0.137738 0.117729 0.144132 0.109398 0.094711 0.143042 0.128979 0.107974 0.125979 0.092047 0.118419 0.106856 0.086026 0.123248 0.126250 0.114468 0.136882 0.136089 0.104583 0.116218 0.035635 0.013543 0.071795 0.092488 0.072516 0.038121 0.115378 0.091975 0.063391 0.106948 0.120926 0.042418 0.059213 0.043195 0.032914 0.040184 0.028827 0.087192 0.081201 0.112909 0.105995 0.075034 0.037458 0.062428 0.100542 0.146076 0.116147 0.041007 0.075386
1019000.048400 3.100344 0.121681 0.098425 0.121854 0.084498 0.093777 0.094248 0.126327 0.138906 0.109704 0.091505 0.119607 0.134279 0.113756 0.142450 0.116783 0.099492 0.144744 0.135172 0.105040 0.131096 0.088024 0.117129 0.109210 0.090934 0.121673 0.125539 0.115770 0.135451 0.132213 0.106131 0.113016 0.044634 0.012123 0.074172 0.086968 0.069744 0.036109 0.115957 0.096989 0.071365 0.107497 0.116950 0.035565 0.060804 0.035214 0.037271 0.044072 0.031144 0.083635 0.072736 0.106488 0.108018 0.068462 0.027920 0.060974 0.102645 0.144316 0.120156 0.035426 0.081516
1020000.048447 5.798809 0.122021 0.099531 0.122747 0.087158 0.096489 0.093677 0.129662 0.140865 0.108163 0.097090 0.118015 0.140331 0.119213 0.147815 0.115496 0.100868 0.149579 0.133296 0.108699 0.132516 0.091753 0.122178 0.111938 0.091625 0.127099 0.130399 0.121406 0.141610 0.136946 0.110194 0.117467 0.043532 0.016580 0.076331 0.091457 0.070612 0.039091 0.122894 0.098983 0.070175 0.111964 0.121110 0.033529 0.059409 0.036476 0.024254 0.045323 0.028483 0.083730 0.076916 0.112588 0.113167 0.070651 0.039190 0.065191 0.103643 0.148302 0.124054 0.040662 0.082682
1021000.048495 18.017859 0.119399 0.096037 0.121934 0.077253 0.081019 0.084952 0.127987 0.141435 0.105801 0.083883 0.121356 0.129704 0.105457 0.139291 0.112058 0.096833 0.146524 0.131425 0.091963 0.132285 0.075710 0.124734 0.113652 0.102349 0.133857 0.143882 0.121726 0.152343 0.142536 0.120876 0.115368 0.053893 0.029226 0.096995 0.101937 0.087130 0.059636 0.137415 0.104315 0.081219 0.128882 0.125324 0.028210 0.080937 0.046588 0.039082 0.065635 0.017535 0.093668 0.078872 0.110988 0.118654 0.079449 0.039448 0.085119 0.111376 0.140047 0.121186 0.023935 0.092928
1022000.048542 7.679041 0.122657 0.100533 0.123654 0.087608 0.096330 0.093695 0.131328 0.142113 0.108562 0.097895 0.119051 0.141442 0.119960 0.149101 0.115700 0.101377 0.151257 0.133368 0.108470 0.133832 0.091984 0.124553 0.113567 0.093749 0.129923 0.134256 0.123796 0.145146 0.139396 0.113527 0.119474 0.045460 0.019080 0.080282 0.094195 0.073311 0.042604 0.126906 0.101471 0.072537 0.115709 0.123445 0.032850 0.063104 0.039372 0.025437 0.048571 0.025642 0.084968 0.078407 0.114308 0.116355 0.072495 0.041189 0.069060 0.106197 0.149237 0.125780 0.040187 0.084974
1023000.048590 5.729868 0.119034 0.097874 0.119711 0.088558 0.096973 0.092450 0.127994 0.138393 0.105002 0.099782 0.114747 0.142100 0.121184 0.148550 0.111678 0.100502 0.148232 0.129016 0.109878 0.129044 0.094856 0.121730 0.110220 0.090854 0.128279 0.130962 0.121002 0.142661 0.137434 0.110315 0.117811 0.041582 0.016481 0.077209 0.093603 0.072316 0.042120 0.124743 0.096933 0.068398 0.112680 0.121369 0.035210 0.058978 0.038162 0.018541 0.045676 0.029567 0.084837 0.079501 0.114276 0.112367 0.072168 0.044319 0.068597 0.102012 0.147805 0.122290 0.043340 0.081192
1024000.048637 2.162864 0.118858 0.096987 0.119310 0.086552 0.097188 0.094039 0.124514 0.136228 0.107438 0.096035 0.116086 0.137476 0.117994 0.143974 0.114020 0.098803 0.143734 0.131825 0.109341 0.128096 0.092812 0.115507 0.106567 0.086041 0.119561 0.122001 0.114320 0.132452 0.130507 0.102549 0.113018 0.039556 0.010126 0.068997 0.086994 0.067202 0.032329 0.112710 0.093064 0.065713 0.103416 0.115806 0.038258 0.055236 0.035863 0.031362 0.038015 0.031629 0.082229 0.075020 0.108039 0.105108 0.068395 0.033911 0.058132 0.098534 0.145515 0.118590 0.041247 0.076709
1025000.048685 2.331679 0.122805 0.100365 0.120951 0.089097 0.098802 0.095927 0.128248 0.138197 0.109348 0.098828 0.116167 0.140333 0.121090 0.147326 0.117111 0.101592 0.146443 0.133632 0.111853 0.131109 0.096217 0.119581 0.111658 0.090720 0.123458 0.123834 0.119802 0.135288 0.131362 0.106753 0.116513 0.045640 0.010514 0.069526 0.082639 0.062808 0.032085 0.116582 0.098577 0.072611 0.104362 0.117136 0.038804 0.053593 0.031264 0.032664 0.040096 0.037580 0.078138 0.073423 0.110115 0.110095 0.064622 0.033703 0.055381 0.102286 0.148247 0.123368 0.044116 0.082265
1026000.048732 2.472721 0.119172 0.097569 0.119535 0.087762 0.097786 0.093353 0.127047 0.137649 0.106229 0.099169 0.115314 0.141837 0.121122 0.148256 0.113106 0.099710 0.147525 0.130156 0.110853 0.129115 0.094630 0.120713 0.109713 0.088387 0.125878 0.127440 0.120047 0.139053 0.135867 0.107686 0.117828 0.040077 0.010827 0.072737 0.090457 0.069254 0.037247 0.119654 0.096153 0.067746 0.108110 0.120688 0.037084 0.056434 0.037246 0.023195 0.040653 0.030348 0.083372 0.078479 0.113167 0.110495 0.070778 0.039565 0.062010 0.101302 0.148658 0.122097 0.043136 0.079052
1027000.048780 3.813610 0.113670 0.091266 0.115811 0.082257 0.094574 0.088755 0.121279 0.134985 0.103663 0.095235 0.114956 0.139351 0.118618 0.145259 0.108257 0.095114 0.143727 0.127820 0.108345 0.125414 0.092212 0.118261 0.105244 0.084188 0.124473 0.127194 0.114271 0.138119 0.138276 0.104401 0.116644 0.033489 0.013446 0.073424 0.096452 0.075808 0.041431 0.116412 0.090286 0.061901 0.108104 0.122740 0.042444 0.061050 0.045145 0.030356 0.041221 0.025963 0.090816 0.084115 0.114830 0.105202 0.078663 0.039318 0.065497 0.098577 0.147671 0.115484 0.040296 0.073470
1028000.048827 2.279526 0.118437 0.096952 0.119778 0.085655 0.093772 0.091559 0.125810 0.138281 0.107035 0.095105 0.117087 0.137531 0.116768 0.144611 0.112655 0.099732 0.145252 0.130920 0.106580 0.128769 0.091099 0.118007 0.107697 0.089889 0.124809 0.128418 0.116363 0.138918 0.134796 0.107696 0.114174 0.041285 0.010395 0.077273 0.092266 0.073458 0.041977 0.120657 0.094751 0.068902 0.111073 0.119101 0.034882 0.061560 0.036914 0.028305 0.046145 0.027082 0.086562 0.077311 0.110251 0.107956 0.072195 0.035659 0.067300 0.100501 0.145816 0.119202 0.037453 0.080002
1029000.048875 10.445166 0.106875 0.087044 0.111563 0.083587 0.096095 0.086782 0.117079 0.131410 0.099008 0.098777 0.112428 0.142307 0.121138 0.146139 0.101020 0.093763 0.142206 0.121131 0.109660 0.119923 0.094919 0.117270 0.100478 0.080263 0.125973 0.129271 0.111661 0.140329 0.141961 0.103442 0.117288 0.026486 0.022252 0.076615 0.105736 0.084338 0.050155 0.118195 0.084450 0.054476 0.110591 0.125480 0.047908 0.065151 0.054129 0.028185 0.043887 0.025583 0.098745 0.092071 0.118734 0.102700 0.087120 0.050284 0.074672 0.095367 0.147827 0.110667 0.044789 0.067622
1030000.048922 2.197942 0.115775 0.093869 0.116764 0.085301 0.096779 0.091099 0.123108 0.135136 0.104132 0.097528 0.113885 0.140268 0.119991 0.146056 0.109947 0.097107 0.144317 0.128281 0.110117 0.126007 0.094184 0.118265 0.106515 0.085446 0.123701 0.125774 0.115995 0.137232 0.135475 0.104563 0.116114 0.035615 0.010208 0.071058 0.092000 0.070892 0.037193 0.116734 0.091893 0.063341 0.106578 0.120083 0.039920 0.056545 0.040135 0.025793 0.038862 0.029645 0.085696 0.080404 0.113102 0.106461 0.073349 0.039642 0.062207 0.098849 0.147111 0.117757 0.042865 0.075225
1031000.048970 4.844882 0.121266 0.100248 0.122583 0.087011 0.094273 0.094754 0.128191 0.139493 0.108722 0.093935 0.118796 0.136158 0.114691 0.143943 0.115931 0.100809 0.146597 0.133160 0.104690 0.130963 0.088090 0.117990 0.108917 0.091516 0.123663 0.128676 0.118027 0.138803 0.133478 0.108402 0.113108 0.045270 0.015155 0.077964 0.090380 0.071630 0.039213 0.121124 0.097794 0.071156 0.111372 0.117344 0.029258 0.062014 0.034782 0.029028 0.047003 0.026152 0.083584 0.072961 0.107142 0.110614 0.068769 0.034848 0.066767 0.101916 0.144008 0.121866 0.035647 0.082517
1032000.049017 5.904298 0.124414 0.102991 0.124880 0.087043 0.091683 0.095458 0.130444 0.141569 0.111114 0.091314 0.120909 0.133101 0.111439 0.142066 0.119028 0.102762 0.146751 0.135914 0.101520 0.133412 0.085089 0.117882 0.111137 0.096818 0.124052 0.130317 0.119129 0.139650 0.131188 0.111473 0.110873 0.051922 0.016730 0.082326 0.087144 0.071355 0.042154 0.124581 0.101521 0.077830 0.114423 0.114984 0.023701 0.065418 0.029318 0.033824 0.052704 0.028782 0.081460 0.067578 0.103377 0.112538 0.064677 0.029866 0.068789 0.104535 0.141995 0.123692 0.031628 0.088379
1033000.049065 10.701615 0.125338 0.105231 0.123713 0.094083 0.101658 0.099551 0.132117 0.139618 0.109562 0.102139 0.114829 0.142278 0.122762 0.149305 0.118848 0.104680 0.149097 0.133585 0.112796 0.132274 0.097671 0.120308 0.112717 0.092121 0.124220 0.124617 0.123071 0.137215 0.130888 0.107804 0.116189 0.050062 0.022524 0.070567 0.083243 0.060392 0.031548 0.120295 0.100755 0.072904 0.105827 0.115525 0.033499 0.050368 0.027675 0.023317 0.043055 0.039878 0.074473 0.071456 0.110193 0.113291 0.061721 0.043242 0.059540 0.100830 0.147104 0.127069 0.048477 0.084757
1034000.049112 6.655566 0.123138 0.098870 0.123553 0.080085 0.085772 0.089773 0.128926 0.141711 0.109229 0.085337 0.121195 0.129552 0.107503 0.139363 0.116883 0.098473 0.145924 0.135814 0.097094 0.133560 0.080002 0.120738 0.113184 0.098661 0.126923 0.133949 0.119258 0.142755 0.134729 0.114192 0.112797 0.051283 0.017763 0.085521 0.089697 0.074744 0.045715 0.126568 0.102672 0.078945 0.117805 0.119137 0.026506 0.069974 0.034458 0.037650 0.055328 0.024159 0.084495 0.070625 0.105657 0.113941 0.068818 0.026462 0.070745 0.108107 0.141007 0.122275 0.025188 0.089703
1035000.049160 4.789970 0.123101 0.100715 0.123414 0.085925 0.093651 0.094590 0.129180 0.140536 0.109466 0.092560 0.118969 0.135565 0.114317 0.144077 0.117457 0.100685 0.147061 0.135211 0.104688 0.132221 0.087757 0.119084 0.111195 0.093811 0.124348 0.128843 0.119262 0.139226 0.133234 0.109385 0.113472 0.047649 0.015069 0.077357 0.087244 0.068919 0.037019 0.121510 0.099532 0.073243 0.111286 0.117310 0.028328 0.061014 0.031127 0.031037 0.047419 0.028689 0.081424 0.071004 0.107126 0.111486 0.066410 0.031918 0.064385 0.103384 0.144369 0.123109 0.035161 0.084896
1036000.049207 1.557937 0.118422 0.096354 0.118002 0.086344 0.096973 0.092318 0.125206 0.136044 0.105646 0.097768 0.113809 0.140131 0.120545 0.146538 0.112401 0.098321 0.144919 0.129965 0.110546 0.127731 0.095258 0.118931 0.108776 0.087546 0.123835 0.124848 0.117665 0.136432 0.133715 0.105477 0.116527 0.039914 0.008594 0.069825 0.087636 0.066491 0.033927 0.116622 0.094710 0.067038 0.105248 0.118882 0.038816 0.054254 0.035616 0.027819 0.038720 0.032122 0.081566 0.077452 0.112274 0.108023 0.069190 0.036957 0.059107 0.099897 0.147383 0.119994 0.042800 0.078143
1037000.049255 7.788000 0.127503 0.105604 0.125766 0.090580 0.096412 0.098009 0.133639 0.141955 0.111141 0.096328 0.118519 0.137357 0.116743 0.145981 0.121098 0.104108 0.149590 0.136421 0.106776 0.135261 0.090519 0.120927 0.114946 0.097278 0.124963 0.128622 0.123822 0.139354 0.130138 0.112096 0.114243 0.053704 0.019215 0.077352 0.081653 0.062825 0.035181 0.124433 0.104856 0.079016 0.111239 0.114791 0.025399 0.058000 0.024161 0.029181 0.048659 0.035338 0.073853 0.065797 0.105692 0.116243 0.058812 0.035091 0.062105 0.105834 0.144625 0.128253 0.040240 0.089997
1038000.049302 2.292426 0.120862 0.098768 0.121820 0.088061 0.097969 0.094545 0.128084 0.139770 0.108594 0.098250 0.118479 0.141088 0.120330 0.147938 0.115015 0.101209 0.148342 0.133092 0.110290 0.131315 0.093362 0.119840 0.109738 0.089652 0.125117 0.128243 0.118984 0.139122 0.135497 0.107860 0.116163 0.041014 0.010425 0.074401 0.091109 0.070983 0.037905 0.120028 0.096478 0.068303 0.109678 0.119774 0.035244 0.058949 0.036565 0.026819 0.042718 0.028307 0.085030 0.076983 0.111522 0.110173 0.070949 0.036869 0.063671 0.101901 0.149022 0.122118 0.040181 0.080132
1039000.049350 4.793958 0.124970 0.102978 0.123543 0.090090 0.097829 0.097689 0.129952 0.140224 0.111391 0.097021 0.118044 0.138132 0.118405 0.146085 0.119499 0.103807 0.146823 0.135904 0.109579 0.132704 0.093887 0.118376 0.111652 0.092914 0.123025 0.124253 0.119505 0.135856 0.130389 0.107189 0.114136 0.049022 0.015075 0.072023 0.082349 0.063549 0.033439 0.118000 0.099560 0.074532 0.106103 0.115259 0.034607 0.054798 0.027444 0.032899 0.043955 0.038473 0.078232 0.070311 0.107523 0.110160 0.063219 0.032657 0.058108 0.101951 0.146313 0.124182 0.042460 0.084594
1040000.049397 4.297990 0.113987 0.090410 0.115598 0.080726 0.092940 0.086432 0.122421 0.135641 0.102019 0.094584 0.114477 0.139803 0.118756 0.146200 0.107002 0.094031 0.145250 0.127133 0.107219 0.126130 0.091569 0.121623 0.108083 0.087378 0.128070 0.131163 0.117031 0.142045 0.140889 0.108343 0.119048 0.034741 0.014274 0.076449 0.097477 0.077059 0.043996 0.120720 0.093027 0.063796 0.111723 0.125191 0.041779 0.063010 0.045897 0.029531 0.043901 0.023508 0.090821 0.085028 0.116848 0.108931 0.079099 0.040976 0.068491 0.102140 0.148120 0.116847 0.039104 0.076318
1041000.049445 3.453587 0.114691 0.092559 0.116911 0.083604 0.095158 0.090098 0.121976 0.135357 0.104430 0.095315 0.115950 0.138476 0.117847 0.144408 0.109248 0.096435 0.143764 0.128607 0.107790 0.126187 0.091265 0.117091 0.104976 0.085199 0.123140 0.127022 0.113744 0.137437 0.136183 0.104467 0.114641 0.034765 0.012795 0.074094 0.095364 0.075577 0.041127 0.116840 0.090802 0.062508 0.108590 0.120354 0.039910 0.061268 0.043296 0.030018 0.041772 0.025548 0.089650 0.081373 0.112086 0.105381 0.076454 0.038599 0.066186 0.098943 0.146454 0.115750 0.039349 0.074541
1042000.049492 6.751563 0.119286 0.097766 0.121608 0.086899 0.096288 0.092561 0.128218 0.140073 0.106927 0.097632 0.118485 0.140962 0.119413 0.147825 0.112950 0.099893 0.149227 0.131353 0.108459 0.130858 0.091596 0.121633 0.109969 0.090521 0.127662 0.132362 0.120096 0.142752 0.138621 0.110559 0.117416 0.041103 0.017891 0.079493 0.096398 0.076030 0.043618 0.124066 0.097062 0.067931 0.114348 0.122632 0.034530 0.063775 0.041821 0.024630 0.047133 0.022694 0.088286 0.080103 0.113349 0.112250 0.075021 0.041729 0.070072 0.103242 0.148501 0.122142 0.039602 0.080877
1043000.049540 4.807764 0.119107 0.096135 0.120642 0.082238 0.091151 0.090253 0.126302 0.138896 0.106629 0.091178 0.118531 0.135399 0.113481 0.143225 0.113231 0.097548 0.146305 0.131981 0.102772 0.130464 0.085330 0.119977 0.109654 0.091958 0.126119 0.131525 0.118142 0.141520 0.136698 0.110146 0.114557 0.043700 0.015097 0.080194 0.093161 0.074927 0.042980 0.123126 0.097594 0.070948 0.113948 0.120566 0.031248 0.065455 0.038553 0.030890 0.048715 0.022153 0.086767 0.076126 0.109773 0.111250 0.072657 0.034287 0.068661 0.103682 0.144739 0.120230 0.032496 0.082590
1044000.049587 2.853750 0.117917 0.095790 0.117818 0.086846 0.098720 0.093085 0.124727 0.135439 0.105068 0.098711 0.113536 0.141199 0.121471 0.147160 0.112050 0.097800 0.145265 0.129714 0.111920 0.127116 0.095680 0.118685 0.108211 0.085771 0.122878 0.123654 0.117435 0.135328 0.133792 0.104008 0.116760 0.037835 0.011631 0.067607 0.088189 0.066318 0.031905 0.114708 0.093553 0.064218 0.103631 0.119048 0.040145 0.052710 0.037465 0.026483 0.035862 0.032735 0.081976 0.078446 0.112672 0.107366 0.069898 0.039388 0.057744 0.099220 0.147894 0.119843 0.044803 0.076154
1045000.049635 3.994769 0.125250 0.103021 0.124998 0.088579 0.095233 0.096225 0.131750 0.142464 0.111028 0.095363 0.119953 0.137818 0.116753 0.146386 0.119066 0.103245 0.149238 0.136349 0.106661 0.134291 0.090453 0.120569 0.112874 0.095452 0.126094 0.130051 0.121339 0.140596 0.133715 0.111310 0.114897 0.049043 0.013762 0.078451 0.087130 0.068583 0.038094 0.123674 0.101588 0.075455 0.112502 0.117904 0.027981 0.060717 0.029259 0.029567 0.048407 0.029951 0.080950 0.070921 0.108083 0.113507 0.065620 0.032546 0.065111 0.104654 0.146427 0.125452 0.036363 0.086727
1046000.049682 2.839703 0.117793 0.094895 0.118366 0.084007 0.095305 0.091872 0.124253 0.136460 0.105761 0.094938 0.116265 0.138473 0.117888 0.145394 0.112082 0.096908 0.145058 0.130623 0.108068 0.127966 0.091922 0.119430 0.108378 0.087324 0.124070 0.126580 0.116786 0.137225 0.136312 0.105865 0.117334 0.037961 0.011603 0.072200 0.091578 0.071723 0.037215 0.115828 0.094604 0.066190 0.106909 0.121277 0.040943 0.059110 0.041814 0.032814 0.039867 0.029639 0.086109 0.079899 0.112354 0.108296 0.073494 0.036284 0.061893 0.102033 0.146826 0.119055 0.040232 0.076975
1047000.049730 9.000901 0.125425 0.103367 0.126033 0.086808 0.091482 0.094034 0.132921 0.143815 0.110810 0.092936 0.121383 0.135748 0.113390 0.144779 0.118787 0.103332 0.150088 0.135741 0.102060 0.135751 0.085428 0.122951 0.114587 0.099481 0.129356 0.136007 0.123823 0.145970 0.136179 0.116354 0.114939 0.052928 0.020657 0.086306 0.091306 0.074008 0.046617 0.131159 0.104877 0.079978 0.119808 0.119570 0.023120 0.067938 0.033141 0.029812 0.055912 0.027354 0.082912 0.071277 0.108343 0.117788 0.067902 0.035978 0.072740 0.108082 0.144363 0.126694 0.033690 0.091362
1048000.049777 5.557241 0.124779 0.103442 0.122148 0.092915 0.101993 0.099297 0.130021 0.138080 0.110297 0.101570 0.115088 0.141436 0.122983 0.148183 0.119362 0.103476 0.146827 0.134567 0.114552 0.131236 0.098890 0.118214 0.112061 0.090698 0.121027 0.120058 0.120336 0.131631 0.127387 0.105082 0.115343 0.048480 0.016231 0.066095 0.078064 0.057335 0.026731 0.114050 0.099034 0.072786 0.100718 0.113896 0.038556 0.048513 0.026319 0.031404 0.038378 0.041678 0.073489 0.070230 0.107999 0.109482 0.059566 0.036084 0.051632 0.100635 0.148092 0.125268 0.048207 0.082836
1049000.049825 6.131040 0.122530 0.101281 0.121498 0.092235 0.101936 0.096929 0.130518 0.139040 0.107178 0.103525 0.114543 0.145178 0.125350 0.151572 0.115408 0.102510 0.149947 0.131452 0.114689 0.131128 0.099563 0.122781 0.112556 0.090233 0.127028 0.127583 0.123392 0.140016 0.135630 0.108952 0.119997 0.043301 0.017049 0.070617 0.088283 0.064929 0.033595 0.121044 0.099153 0.068897 0.107494 0.120314 0.037794 0.051554 0.035205 0.020124 0.039610 0.035455 0.079329 0.077643 0.114761 0.113773 0.067643 0.044305 0.060564 0.102532 0.150202 0.125772 0.048406 0.081344
1050000.049872 4.393093 0.122391 0.099329 0.122843 0.084271 0.090915 0.092360 0.128639 0.140770 0.108999 0.090980 0.119883 0.134111 0.112269 0.142712 0.116426 0.100566 0.146674 0.134438 0.102244 0.132333 0.085240 0.119733 0.111501 0.095899 0.126012 0.131526 0.119324 0.141364 0.134138 0.111879 0.113064 0.048407 0.014431 0.081750 0.089221 0.073014 0.043402 0.124888 0.100277 0.075815 0.114981 0.118075 0.028523 0.065426 0.033127 0.032631 0.051303 0.028290 0.083975 0.071677 0.106791 0.112404 0.068217 0.031174 0.068291 0.105380 0.143540 0.122385 0.032647 0.086731
1051000.049920 2.727984 0.116248 0.094667 0.116734 0.086347 0.097075 0.092385 0.122861 0.134326 0.104326 0.096973 0.113933 0.138705 0.119322 0.144786 0.110433 0.097283 0.142804 0.128633 0.109678 0.125345 0.094960 0.116299 0.105936 0.085726 0.121338 0.123584 0.114014 0.134033 0.132617 0.103250 0.114847 0.036573 0.011372 0.069837 0.089901 0.070008 0.035227 0.113665 0.091764 0.063179 0.104495 0.117728 0.041447 0.055932 0.040167 0.031424 0.038054 0.031136 0.084522 0.078683 0.110426 0.105304 0.071355 0.038630 0.061796 0.098952 0.145412 0.116905 0.042656 0.074942
1052000.049967 2.953558 0.114306 0.091522 0.116263 0.081900 0.092949 0.088918 0.121585 0.135116 0.103690 0.093329 0.116370 0.137451 0.116209 0.143924 0.108808 0.094982 0.143529 0.128442 0.106131 0.125438 0.089819 0.118083 0.106248 0.087307 0.124468 0.128317 0.114416 0.138009 0.137115 0.106330 0.115727 0.036163 0.011833 0.076358 0.095210 0.077219 0.043361 0.117424 0.091959 0.064749 0.109836 0.121854 0.041037 0.064364 0.044746 0.033815 0.043704 0.024935 0.090816 0.081725 0.111878 0.106143 0.076985 0.036749 0.067148 0.101379 0.145978 0.115732 0.037034 0.075877
1053000.050015 3.732845 0.117979 0.096533 0.119058 0.087165 0.096934 0.092333 0.126275 0.137437 0.105024 0.098417 0.115238 0.141242 0.120446 0.147644 0.111354 0.099176 0.146926 0.129293 0.109511 0.128338 0.093985 0.120271 0.108720 0.088946 0.126397 0.129594 0.118926 0.140923 0.136966 0.108252 0.116976 0.039198 0.013303 0.075229 0.093333 0.072227 0.039621 0.121772 0.095252 0.066191 0.110790 0.120819 0.035845 0.058829 0.039070 0.022952 0.043154 0.027094 0.085497 0.079354 0.113383 0.110444 0.072692 0.041505 0.066539 0.101159 0.147531 0.120534 0.041525 0.078957
1054000.050062 11.592988 0.129909 0.106792 0.128401 0.086788 0.090495 0.097220 0.133672 0.144292 0.114842 0.088242 0.123055 0.129071 0.108739 0.139607 0.124555 0.104284 0.146838 0.141256 0.100048 0.137736 0.083478 0.118686 0.115735 0.102394 0.122820 0.129791 0.120797 0.138118 0.126820 0.113750 0.109533 0.059989 0.023443 0.083461 0.079182 0.065827 0.040380 0.125228 0.107095 0.085234 0.114806 0.111906 0.023042 0.066202 0.022262 0.042075 0.056663 0.035994 0.074940 0.059888 0.099359 0.115167 0.057309 0.022892 0.065190 0.108545 0.140091 0.127025 0.032514 0.095255
1055000.050110 7.825437 0.126505 0.103244 0.126676 0.084044 0.088083 0.094093 0.131821 0.143913 0.112969 0.087234 0.124005 0.130068 0.108013 0.140148 0.121115 0.102280 0.147665 0.138794 0.098176 0.136409 0.080652 0.119971 0.114180 0.100407 0.125859 0.133013 0.120387 0.141282 0.132279 0.114766 0.111596 0.055357 0.019261 0.086312 0.087131 0.073574 0.045887 0.126564 0.105096 0.082686 0.117429 0.116899 0.024370 0.070627 0.031074 0.040132 0.056897 0.028087 0.082976 0.066775 0.102571 0.115027 0.065696 0.023399 0.069974 0.108730 0.141841 0.125066 0.025872 0.092188
1056000.050157 8.853447 0.115548 0.095999 0.116378 0.091825 0.105573 0.097958 0.120865 0.131846 0.106301 0.103579 0.112830 0.142949 0.125009 0.146567 0.111860 0.099737 0.141407 0.128682 0.117437 0.123712 0.101353 0.112087 0.101808 0.077638 0.115194 0.114575 0.111080 0.126603 0.128750 0.094562 0.113361 0.034092 0.020487 0.058356 0.088697 0.065998 0.028022 0.104017 0.086281 0.056500 0.094334 0.114363 0.048855 0.047126 0.043182 0.032940 0.027425 0.041540 0.084191 0.081028 0.111082 0.099340 0.072314 0.044833 0.053182 0.092037 0.147615 0.115581 0.053167 0.067932
1057000.050205 3.306867 0.120099 0.097464 0.120925 0.084671 0.093375 0.091443 0.127545 0.139350 0.106970 0.094390 0.117354 0.137761 0.116429 0.145254 0.113822 0.099107 0.147259 0.132030 0.105999 0.130653 0.089158 0.120459 0.110358 0.091666 0.126394 0.130237 0.119316 0.140979 0.136019 0.109812 0.115557 0.043147 0.012521 0.077843 0.091367 0.071925 0.040709 0.122798 0.097631 0.070639 0.112323 0.120272 0.031853 0.061539 0.035653 0.025987 0.046475 0.025979 0.084576 0.076095 0.110892 0.111220 0.070772 0.035740 0.066283 0.102890 0.146283 0.121635 0.036560 0.082390
1058000.050252 2.567288 0.123080 0.099345 0.121590 0.086379 0.096730 0.095094 0.128378 0.138795 0.108704 0.095341 0.117281 0.138438 0.118214 0.146360 0.117270 0.099604 0.147160 0.134729 0.109125 0.131492 0.092136 0.120560 0.112716 0.092100 0.124070 0.125679 0.120408 0.136529 0.132867 0.107979 0.116721 0.045558 0.011032 0.071090 0.083262 0.064350 0.031337 0.117017 0.099623 0.072386 0.105980 0.118413 0.036593 0.056083 0.032517 0.033945 0.040672 0.034477 0.078925 0.072731 0.109354 0.111414 0.065046 0.031670 0.056291 0.104494 0.147268 0.123720 0.040517 0.083016
1059000.050300 7.676967 0.123000 0.101003 0.122701 0.087714 0.095006 0.093131 0.131282 0.140903 0.107512 0.097252 0.116508 0.140127 0.118845 0.147879 0.115821 0.101250 0.150001 0.132610 0.107622 0.132588 0.091468 0.123410 0.114101 0.095530 0.129148 0.132356 0.124226 0.143658 0.136068 0.113463 0.117392 0.048990 0.019077 0.079661 0.089255 0.069025 0.041450 0.127446 0.101987 0.075099 0.114442 0.120449 0.029296 0.060762 0.032381 0.022663 0.049543 0.030462 0.080423 0.074336 0.112064 0.115779 0.067336 0.040382 0.067253 0.105064 0.147268 0.126057 0.040643 0.087241
1060000.050347 3.922119 0.113939 0.091973 0.115975 0.083850 0.095909 0.089325 0.122305 0.135324 0.103068 0.097281 0.114288 0.141569 0.120809 0.147400 0.107666 0.095872 0.145036 0.127141 0.109811 0.125452 0.094576 0.119616 0.105996 0.084353 0.126128 0.128135 0.115704 0.139590 0.139785 0.105209 0.118534 0.032283 0.013636 0.072991 0.097483 0.075814 0.041337 0.117452 0.090724 0.060812 0.108428 0.124007 0.042939 0.059660 0.045620 0.027410 0.040293 0.026176 0.090973 0.085544 0.116780 0.106549 0.079216 0.042243 0.066531 0.098984 0.148880 0.116497 0.041880 0.073106
1061000.050395 2.977696 0.116314 0.094299 0.117488 0.086292 0.098223 0.091318 0.124090 0.136151 0.104822 0.099383 0.114613 0.142167 0.122145 0.147711 0.110210 0.098036 0.145789 0.128759 0.111936 0.127209 0.095828 0.119295 0.107289 0.085397 0.124700 0.126577 0.116880 0.138116 0.136480 0.105217 0.117209 0.035150 0.011881 0.071210 0.093267 0.071565 0.038204 0.117594 0.092303 0.063103 0.107208 0.121129 0.041073 0.056763 0.041275 0.024994 0.039034 0.029552 0.086650 0.081830 0.114744 0.107283 0.074504 0.041301 0.062799 0.099230 0.149141 0.118551 0.044076 0.075388
1062000.050442 3.741856 0.115817 0.095036 0.116082 0.089148 0.102030 0.094481 0.122464 0.133225 0.104785 0.102002 0.112315 0.143184 0.124411 0.147721 0.110690 0.098350 0.143429 0.127941 0.115302 0.124869 0.099721 0.116225 0.105071 0.081217 0.120259 0.119852 0.114696 0.131903 0.132427 0.099866 0.116325 0.033897 0.013319 0.062978 0.089188 0.066293 0.030563 0.110167 0.089669 0.059869 0.099299 0.117934 0.045180 0.049485 0.040689 0.027741 0.030801 0.036120 0.083450 0.081121 0.113471 0.103698 0.071924 0.042386 0.055618 0.095641 0.148670 0.117487 0.049105 0.071319
1063000.050490 5.775623 0.125261 0.103460 0.123158 0.092514 0.102598 0.099829 0.130507 0.138977 0.110675 0.101366 0.116214 0.141990 0.122834 0.148848 0.119813 0.103556 0.148139 0.135245 0.114396 0.132391 0.097715 0.119562 0.112528 0.090364 0.121935 0.121829 0.121528 0.133956 0.129774 0.105608 0.116418 0.047304 0.016547 0.066018 0.080136 0.058353 0.025400 0.115168 0.099683 0.071983 0.101936 0.115418 0.037659 0.048735 0.028965 0.029855 0.037065 0.040751 0.074378 0.071135 0.109287 0.111170 0.061164 0.037279 0.051503 0.101790 0.148512 0.126090 0.048184 0.082601
1064000.050537 4.088519 0.123628 0.100855 0.123503 0.086256 0.094442 0.094584 0.129580 0.140548 0.109509 0.093441 0.118914 0.135875 0.115131 0.144180 0.117651 0.100747 0.147304 0.135277 0.105553 0.132771 0.088509 0.119635 0.111960 0.094060 0.123965 0.128801 0.119818 0.138839 0.132337 0.109816 0.113790 0.047455 0.013922 0.076750 0.086014 0.067676 0.035982 0.121587 0.100344 0.073697 0.111120 0.116832 0.029285 0.060386 0.031193 0.031148 0.046417 0.029304 0.079602 0.070386 0.106898 0.112360 0.064851 0.032180 0.063189 0.104592 0.144509 0.123746 0.036543 0.085452
1065000.050585 7.159346 0.110229 0.088079 0.111965 0.082174 0.096245 0.088669 0.116272 0.130557 0.101628 0.095818 0.111792 0.138533 0.119144 0.143102 0.105631 0.093404 0.138989 0.125189 0.110114 0.120965 0.094846 0.114167 0.101079 0.079280 0.119991 0.121152 0.109139 0.132577 0.135281 0.098288 0.114591 0.030234 0.018423 0.067367 0.095328 0.074727 0.039891 0.109337 0.084796 0.056997 0.101872 0.120128 0.049270 0.057174 0.048028 0.035264 0.036547 0.034839 0.091408 0.086074 0.114382 0.099114 0.079917 0.042073 0.061817 0.094223 0.145921 0.110578 0.046075 0.067954
1066000.050632 4.164546 0.120538 0.098756 0.121805 0.086974 0.095124 0.092588 0.128658 0.140253 0.107693 0.096694 0.118210 0.139134 0.118242 0.146399 0.114013 0.100843 0.148035 0.132135 0.107424 0.131382 0.091392 0.120604 0.110255 0.092376 0.126767 0.131804 0.119528 0.141996 0.136016 0.110919 0.115606 0.043395 0.014051 0.079714 0.093055 0.073628 0.042495 0.124735 0.098037 0.070612 0.114399 0.120041 0.031774 0.062740 0.037027 0.025738 0.048019 0.024460 0.085253 0.076596 0.111071 0.112043 0.071301 0.038184 0.069188 0.103428 0.146958 0.122196 0.038149 0.083028
1067000.050680 6.141965 0.121372 0.100729 0.121222 0.092054 0.101159 0.096040 0.129911 0.138845 0.106916 0.103265 0.115020 0.144940 0.124678 0.151025 0.114323 0.102687 0.149834 0.130539 0.113565 0.130686 0.098099 0.121861 0.111281 0.089972 0.127201 0.128290 0.122590 0.140571 0.135782 0.109031 0.118574 0.043030 0.017064 0.072910 0.090402 0.067790 0.037388 0.122405 0.098088 0.068726 0.108950 0.120035 0.036139 0.054450 0.035579 0.018335 0.041949 0.033611 0.081532 0.077966 0.114298 0.113069 0.069095 0.044923 0.063968 0.101441 0.149962 0.124687 0.046617 0.081164
1068000.050727 4.963832 0.121002 0.099049 0.121824 0.087272 0.096073 0.092688 0.129694 0.140575 0.107028 0.098024 0.117030 0.141453 0.120381 0.148817 0.114003 0.100322 0.149763 0.131986 0.109188 0.131494 0.093333 0.122872 0.111942 0.091958 0.128599 0.131744 0.121854 0.142801 0.138036 0.111307 0.118622 0.042895 0.015340 0.077684 0.092906 0.071761 0.040641 0.124319 0.098779 0.069794 0.113150 0.122429 0.033558 0.060207 0.037198 0.022292 0.046052 0.025691 0.084554 0.078542 0.114031 0.113359 0.071795 0.040316 0.067388 0.103671 0.148975 0.123939 0.040440 0.082458
1069000.050775 5.157021 0.115970 0.095244 0.116514 0.088305 0.099316 0.093186 0.123213 0.133822 0.103714 0.099980 0.111924 0.141229 0.121534 0.146306 0.110256 0.098416 0.143818 0.127298 0.111878 0.125123 0.096147 0.116557 0.105483 0.083952 0.121843 0.122582 0.115679 0.134924 0.132834 0.102263 0.114669 0.037120 0.015636 0.067784 0.089895 0.067601 0.034557 0.115120 0.090939 0.062042 0.103451 0.117276 0.039711 0.051893 0.037650 0.021702 0.036924 0.034222 0.083085 0.078882 0.112184 0.105402 0.070843 0.043177 0.060238 0.095894 0.146327 0.117850 0.046604 0.074452
1070000.050822 4.523147 0.110729 0.089845 0.112967 0.085288 0.098440 0.089364 0.119103 0.131842 0.101157 0.099998 0.111462 0.142572 0.122639 0.146675 0.105205 0.095274 0.142423 0.123937 0.112544 0.121833 0.097064 0.116698 0.102626 0.079959 0.123005 0.123880 0.112991 0.135688 0.136942 0.101168 0.116755 0.027926 0.014643 0.068738 0.096801 0.074700 0.040338 0.113628 0.086299 0.056383 0.104195 0.121654 0.046311 0.056118 0.046685 0.025149 0.035863 0.030998 0.090621 0.086628 0.116295 0.102529 0.079205 0.045451 0.063955 0.095005 0.148342 0.113658 0.046823 0.068672
1071000.050870 9.826036 0.121348 0.100761 0.119149 0.094516 0.105323 0.096906 0.130197 0.136921 0.105198 0.108393 0.110819 0.149664 0.130762 0.154607 0.113335 0.102472 0.150255 0.128428 0.119280 0.129478 0.105135 0.124800 0.113498 0.088582 0.129122 0.126448 0.125522 0.140377 0.137070 0.108676 0.123376 0.043252 0.021583 0.067044 0.088551 0.062556 0.033718 0.120915 0.098908 0.067958 0.104808 0.122403 0.043663 0.047073 0.037672 0.017460 0.037060 0.040908 0.078562 0.081849 0.119654 0.114590 0.069119 0.050685 0.058987 0.101387 0.152889 0.126316 0.054468 0.080217
1072000.050917 8.648980 0.117726 0.096685 0.120523 0.084609 0.092815 0.090249 0.127117 0.139493 0.105760 0.094897 0.117728 0.139346 0.116930 0.146582 0.111194 0.098760 0.148217 0.129783 0.104850 0.129727 0.088840 0.121864 0.109189 0.091083 0.129629 0.134397 0.119837 0.145406 0.141070 0.111465 0.117323 0.042391 0.020249 0.082448 0.099249 0.078806 0.047338 0.126522 0.096747 0.068881 0.116615 0.124179 0.033122 0.066639 0.042909 0.025285 0.050817 0.020401 0.090787 0.081761 0.114736 0.112361 0.077876 0.042576 0.074206 0.102335 0.147037 0.120749 0.036397 0.081431
1073000.050965 11.370369 0.128439 0.107602 0.129085 0.091274 0.095733 0.099899 0.134712 0.144844 0.114378 0.094652 0.123469 0.135921 0.114011 0.144992 0.123140 0.106609 0.150732 0.139087 0.104036 0.137576 0.086500 0.119715 0.113509 0.098338 0.125086 0.131528 0.122542 0.141417 0.132008 0.112998 0.111979 0.055363 0.023217 0.082939 0.087598 0.070474 0.041753 0.126732 0.104827 0.079827 0.115618 0.115156 0.020576 0.064944 0.028646 0.032442 0.054094 0.031609 0.080412 0.066313 0.104011 0.116155 0.063731 0.034483 0.069209 0.105742 0.144292 0.128015 0.035562 0.090960
1074000.051012 2.843988 0.120458 0.098831 0.120264 0.089057 0.099795 0.095880 0.126411 0.137051 0.108156 0.099078 0.115659 0.140313 0.120786 0.146521 0.115348 0.100550 0.145644 0.132307 0.112201 0.129174 0.095457 0.117162 0.108253 0.086525 0.120846 0.121917 0.117031 0.133318 0.130963 0.103303 0.114758 0.040662 0.011611 0.067518 0.085756 0.064627 0.030419 0.113726 0.094544 0.066698 0.102752 0.116425 0.038483 0.052301 0.034233 0.027920 0.036810 0.034842 0.080353 0.075081 0.109628 0.106925 0.067069 0.036750 0.055977 0.098909 0.147463 0.121126 0.044811 0.077697
1075000.051060 5.147306 0.123240 0.101483 0.122096 0.089132 0.097658 0.095430 0.129732 0.139591 0.109680 0.098557 0.116335 0.140217 0.120587 0.147471 0.117284 0.102223 0.147644 0.133821 0.110626 0.132007 0.094996 0.120285 0.111897 0.091783 0.125209 0.126173 0.120825 0.137981 0.132877 0.108355 0.116297 0.047539 0.015621 0.072771 0.085432 0.064616 0.035342 0.120093 0.099291 0.073394 0.107331 0.118003 0.035354 0.055438 0.030571 0.029348 0.043909 0.035518 0.079043 0.073955 0.111234 0.111176 0.065969 0.036146 0.060076 0.101595 0.148142 0.124203 0.043006 0.083816
1076000.051107 2.638644 0.121820 0.098823 0.121546 0.085665 0.094517 0.092664 0.128782 0.139793 0.107452 0.095159 0.116789 0.138463 0.117572 0.146373 0.115266 0.099709 0.147800 0.133040 0.107401 0.131295 0.091136 0.121485 0.112158 0.092728 0.126534 0.129442 0.120878 0.140542 0.135328 0.110128 0.116770 0.044310 0.011184 0.075602 0.088013 0.068171 0.036991 0.122083 0.099171 0.071699 0.110881 0.119940 0.032627 0.058469 0.033077 0.026438 0.044623 0.029393 0.081314 0.074679 0.111059 0.112374 0.067845 0.035071 0.062870 0.103991 0.146672 0.123419 0.038909 0.083458
1077000.051155 7.149254 0.113847 0.094082 0.116604 0.088512 0.099590 0.091732 0.123735 0.135392 0.102866 0.102109 0.113455 0.144626 0.123879 0.149387 0.107496 0.098501 0.146462 0.125696 0.112868 0.124993 0.097520 0.119558 0.105517 0.084227 0.126551 0.128712 0.117263 0.140591 0.139163 0.105799 0.118134 0.033297 0.018410 0.073948 0.098878 0.076238 0.043088 0.120190 0.090376 0.059682 0.109647 0.122991 0.041671 0.058603 0.045498 0.018141 0.041377 0.028111 0.090553 0.085755 0.117058 0.107430 0.078725 0.048358 0.069173 0.097536 0.149470 0.117946 0.046495 0.073329
1078000.051202 6.159294 0.126499 0.104254 0.124881 0.092072 0.101894 0.100343 0.131238 0.140532 0.112361 0.099764 0.119048 0.140211 0.121332 0.147681 0.121205 0.103972 0.148419 0.137425 0.112903 0.134342 0.096237 0.119065 0.112732 0.091596 0.120951 0.122928 0.120386 0.133598 0.129055 0.106302 0.115445 0.048184 0.017088 0.068540 0.080771 0.060634 0.026932 0.115123 0.100779 0.073096 0.103671 0.114757 0.037104 0.052729 0.030684 0.034803 0.039526 0.038350 0.075470 0.069733 0.107158 0.111637 0.061390 0.034074 0.053574 0.103601 0.147991 0.126050 0.045477 0.083742
1079000.051250 1.526944 0.122361 0.098682 0.121579 0.085071 0.093918 0.093068 0.128125 0.139822 0.109224 0.094036 0.119193 0.137130 0.116803 0.145329 0.116350 0.099828 0.146865 0.134524 0.106947 0.131993 0.091070 0.120929 0.112420 0.093610 0.125625 0.128677 0.119465 0.138423 0.134305 0.110229 0.116827 0.045542 0.008508 0.076361 0.087064 0.070005 0.039184 0.119706 0.099894 0.074360 0.109948 0.119881 0.037603 0.062018 0.035930 0.036884 0.045516 0.031213 0.083040 0.074740 0.109540 0.111585 0.068562 0.029401 0.062242 0.106051 0.147075 0.122615 0.036975 0.083977
1080000.051297 8.199052 0.116495 0.093917 0.119047 0.082740 0.092972 0.089436 0.125109 0.138380 0.104464 0.093981 0.117591 0.139133 0.117080 0.146317 0.109815 0.096664 0.147177 0.129569 0.105324 0.128701 0.089461 0.121923 0.108713 0.089678 0.128863 0.133752 0.118125 0.144268 0.142057 0.110158 0.118458 0.038630 0.019715 0.080549 0.099993 0.079840 0.046317 0.123539 0.095283 0.065894 0.115265 0.125366 0.038451 0.066406 0.046554 0.030205 0.048345 0.021004 0.092595 0.084002 0.115609 0.111201 0.080007 0.041996 0.072795 0.103278 0.147354 0.118858 0.036992 0.078790
