0.000000	-68.6848 115.138
1000.000047	-67.0364 107.714
2000.000095	-74.6528 117.053
3000.000142	-70.1413 104.868
4000.000190	-64.7794 115.341
5000.000237	-73.2089 122.449
6000.000285	-73.6091 109.129
7000.000332	-78.5586 109.766
8000.000380	-75.5079 118.263
9000.000427	-78.8834 114.935
10000.000475	-81.0249 118.096
11000.000522	-76.3105 110.306
12000.000570	-59.2115 115.691
13000.000617	-76.3907 114.619
14000.000665	-78.9572 108.151
15000.000712	-80.9692 112.361
16000.000760	-75.6838 111.068
17000.000807	-68.6651 112.303
18000.000855	-72.9834 121.604
19000.000902	-56.6887 114.203
20000.000950	-64.5202 110.606
21000.000997	-67.2978 117.703
22000.001045	-66.7537 118.097
23000.001092	-66.1343 105.471
24000.001140	-71.6839 118.637
25000.001187	-66.2005 120.257
26000.001235	-63.5924 110.642
27000.001282	-60.4327 112.143
28000.001330	-74.6449 110.501
29000.001377	-74.5797 120.267
30000.001425	-74.0814 114.739
31000.001472	-72.6776 110.105
32000.001520	-70.6615 130.152
33000.001567	-85.451 115.86
34000.001615	-63.9349 121.214
35000.001662	-79.7362 118.377
36000.001710	-71.4615 117.633
37000.001757	-64.0663 117.134
38000.001805	-69.3377 114.028
39000.001852	-65.0128 104.675
40000.001900	-68.4129 105.727
41000.001947	-71.7267 109.753
42000.001995	-72.9304 110.318
43000.002042	-64.9528 113.909
44000.002090	-66.0094 117.554
45000.002137	-61.3546 117.882
46000.002185	-67.532 119.151
47000.002232	-73.2912 124.061
48000.002280	-75.5935 121.279
49000.002327	-73.0786 112.003
50000.002375	-78.1222 111.905
51000.002422	-67.8483 116.351
52000.002470	-62.0849 124.925
53000.002517	-78.8295 128.248
54000.002565	-66.8182 111.525
55000.002612	-62.7037 125.657
56000.002660	-77.7499 105.347
57000.002707	-67.8089 112.811
58000.002755	-70.4131 112.496
59000.002802	-61.5086 102.274
60000.002850	-59.41 105.427
61000.002897	-69.8588 102.187
62000.002945	-71.3563 110.462
63000.002992	-78.3912 109.262
64000.003040	-73.0638 105.631
65000.003087	-76.5104 120.3
66000.003135	-77.4424 126.099
67000.003182	-62.5116 101.461
68000.003230	-69.3829 114.387
69000.003277	-61.0578 114.148
70000.003325	-76.4872 108.419
71000.003372	-58.88 109.719
72000.003420	-78.4083 99.4628
73000.003467	-71.2834 106.881
74000.003515	-72.5705 124.461
75000.003562	-44.8358 109.254
76000.003610	-62.3213 115.979
77000.003657	-66.1648 102.872
78000.003705	-62.1072 109.652
79000.003752	-75.6965 104.657
80000.003800	-71.1076 117.683
81000.003847	-73.0623 112.355
82000.003895	-65.2302 120.747
83000.003942	-73.7775 114.768
84000.003990	-67.8629 104.54
85000.004037	-65.0535 115.179
86000.004085	-59.4235 116.341
87000.004132	-80.3633 123.354
88000.004180	-72.2428 108.965
89000.004227	-76.5452 128.775
90000.004275	-51.3961 119.317
91000.004322	-61.0502 117.422
92000.004370	-74.4944 111.375
93000.004417	-69.6332 111.889
94000.004465	-71.6915 116.922
95000.004512	-63.5274 114.25
96000.004560	-66.9158 112.47
97000.004607	-74.8558 111.818
98000.004655	-60.7494 115.962
99000.004702	-74.6664 115.752
100000.004750	-67.4774 120.337
101000.004797	-72.8813 114.099
102000.004845	-69.7445 108.611
103000.004892	-80.8996 111.447
104000.004940	-61.6102 113.519
105000.004987	-60.3544 110.445
106000.005035	-65.0171 109.272
107000.005082	-64.1251 122.617
108000.005130	-74.4603 129.433
109000.005177	-65.3125 102.171
110000.005225	-67.8222 111.511
111000.005272	-76.6092 111.502
112000.005320	-65.8614 103.881
113000.005367	-72.7174 109.23
114000.005415	-75.7824 98.5927
115000.005462	-75.785 114.952
116000.005510	-72.9278 114.028
117000.005557	-56.9438 108.305
118000.005605	-78.8721 117.433
119000.005652	-73.8003 121.418
120000.005700	-68.3005 115.312
