240000.011399	38.9503 86.2865
241000.011447	46.0214 75.7308
242000.011494	45.4357 65.5093
243000.011542	43.097 76.8278
244000.011589	37.076 82.8181
245000.011637	58.9468 86.1624
246000.011684	30.943 67.8548
247000.011732	51.8647 55.857
248000.011779	60.5469 77.6927
249000.011827	58.9223 88.0861
250000.011874	51.7384 91.1864
251000.011922	45.9994 83.1954
252000.011969	36.7409 71.2121
253000.012017	30.3434 80.2322
254000.012064	44.3679 67.8392
255000.012112	50.6182 65.5471
256000.012159	46.7395 75.049
257000.012207	37.513 81.0002
258000.012254	38.825 81.235
259000.012302	42.0649 74.873
260000.012349	45.2768 76.5209
261000.012397	57.4177 65.8768
262000.012444	41.0513 77.8049
263000.012492	44.2372 74.4366
264000.012539	37.3132 80.35
265000.012587	44.0267 69.0216
266000.012634	42.0859 84.6578
267000.012682	38.23 73.7426
268000.012729	49.2683 70.8848
269000.012777	54.0273 68.9143
270000.012824	37.425 93.2366
271000.012872	35.3261 67.8413
272000.012919	51.4768 82.1452
273000.012967	55.3667 73.6281
274000.013014	35.4527 68.7695
275000.013062	42.826 72.0007
276000.013109	53.5095 75.5052
277000.013157	24.7619 76.2483
278000.013204	48.8099 65.2078
279000.013252	50.2821 65.2842
280000.013299	45.8957 67.567
281000.013347	62.1167 61.217
282000.013394	41.5368 87.5201
283000.013442	55.1131 73.1795
284000.013489	41.7873 65.1992
285000.013537	59.2126 55.4757
286000.013584	53.835 72.365
287000.013632	47.357 81.0409
288000.013679	42.9637 67.8008
289000.013727	35.551 80.5334
290000.013774	34.7878 85.9296
291000.013822	39.3529 78.3819
292000.013869	30.2095 75.675
293000.013917	37.2494 65.1184
294000.013964	64.4515 65.6032
295000.014012	38.1252 77.0506
296000.014059	51.6889 60.5597
297000.014107	39.9597 87.9895
298000.014154	51.7708 77.2883
299000.014202	45.1423 95.8167
300000.014249	50.6259 64.1056
301000.014297	58.1585 60.5548
302000.014344	52.3827 88.54
303000.014392	52.1888 71.418
304000.014439	43.3526 75.1878
305000.014487	49.8167 75.3625
306000.014534	54.2501 70.4143
307000.014582	33.0814 85.7813
308000.014629	40.8048 76.9873
309000.014677	42.7376 84.074
310000.014724	50.6669 68.9476
311000.014772	43.462 77.4925
312000.014819	54.3285 70.4915
313000.014867	47.2686 69.0155
314000.014914	54.0015 71.4855
315000.014962	55.4301 67.3988
316000.015009	47.0869 66.3109
317000.015057	45.5805 78.2652
318000.015104	58.6308 71.7356
319000.015152	55.9524 65.6685
320000.015199	40.3942 80.3904
321000.015247	50.6128 76.3499
322000.015294	48.6117 51.4734
323000.015342	42.2823 87.7538
324000.015389	51.6912 69.9617
325000.015437	41.8374 72.307
326000.015484	45.6558 74.1117
327000.015532	47.7028 60.1045
328000.015579	24.5185 86.4192
329000.015627	57.1747 57.2776
330000.015674	34.9682 78.4326
331000.015722	48.3969 71.9051
332000.015769	56.0327 77.9867
333000.015817	46.9222 80.7365
334000.015864	39.8432 76.8507
335000.015912	54.0666 65.1425
336000.015959	52.1874 73.1106
337000.016007	29.4982 83.0342
338000.016054	58.6301 73.4934
339000.016102	50.7618 75.8926
340000.016149	60.9576 66.0044
341000.016197	32.1427 88.2071
342000.016244	36.4168 67.3631
343000.016292	32.4569 81.2017
344000.016339	45.7883 74.5603
345000.016387	50.734 57.8084
346000.016434	46.2554 71.3393
347000.016482	56.6 63.7364
348000.016529	34.5537 77.8493
349000.016577	38.317 73.908
350000.016624	36.6979 85.372
351000.016672	46.3128 70.7114
352000.016719	49.4071 61.6047
353000.016767	48.7037 53.0081
354000.016814	37.1433 79.7622
355000.016862	54.3854 74.7412
356000.016909	44.6752 76.311
357000.016957	40.3234 74.9267
358000.017004	35.9677 88.4064
359000.017052	64.5679 71.1612
360000.017099	45.6336 72.2776
