#! FIELDS time restraint.bias r0 r1 r2 r3 r4 r5 r6 r7 r8 r9 r10 r11 r12 r13 r14 r15 r16 r17 r18 r19 r20 r21 r22 r23 r24 r25 r26 r27 r28 r29 r30 r31 r32 r33 r34 r35 r36 r37 r38 r39 r40 r41 r42 r43 r44 r45 r46 r47 r48 r49 r50 r51 r52 r53 r54 r55 r56
 0.000000 0.000042 0.138774 0.149136 0.151206 0.139929 0.129185 0.153759 0.121768 0.133699 0.162485 0.110858 0.161922 0.098406 0.094006 0.098039 0.159230 0.152916 0.111018 0.157853 0.109376 0.139319 0.093158 0.055857 0.086418 0.110364 0.053412 0.091723 0.074466 0.079363 0.058047 0.085999 0.039162 0.125191 0.110338 0.124789 0.097626 0.116612 0.108833 0.098829 0.105145 0.125607 0.115245 0.042944 0.093203 0.126412 0.094047 0.124595 0.120235 0.116513 0.108003 0.055245 0.000029 0.083612 0.084299 0.090981 0.117504 0.095112 0.104945
 1000.000047 10.132815 0.139236 0.148593 0.151045 0.138731 0.127576 0.151704 0.122897 0.134444 0.160797 0.110457 0.159107 0.098981 0.094210 0.099108 0.158946 0.151915 0.112546 0.157528 0.107728 0.140069 0.091922 0.055132 0.085624 0.108337 0.053837 0.088977 0.076732 0.079838 0.055989 0.083999 0.035838 0.123593 0.108220 0.121501 0.096164 0.112821 0.106208 0.099300 0.104113 0.124298 0.112478 0.037494 0.089509 0.122323 0.090109 0.120557 0.117783 0.114952 0.104162 0.051650 0.014236 0.083081 0.081062 0.090392 0.115093 0.090940 0.104591
 2000.000095 9.962936 0.139104 0.147406 0.150408 0.137129 0.126382 0.150356 0.122721 0.134592 0.159935 0.109177 0.158508 0.098438 0.093559 0.098704 0.158299 0.150596 0.112180 0.157448 0.106883 0.140032 0.090800 0.055555 0.085926 0.108266 0.054676 0.089481 0.076261 0.080362 0.056959 0.084317 0.036709 0.122067 0.106252 0.120399 0.095069 0.111479 0.104470 0.099275 0.104075 0.123674 0.112151 0.038653 0.088126 0.121084 0.088487 0.119409 0.116227 0.113161 0.103425 0.050422 0.014116 0.083090 0.080090 0.087776 0.113256 0.091272 0.104921
 3000.000142 7.806724 0.141491 0.152092 0.153591 0.144374 0.134127 0.157274 0.124630 0.136232 0.164899 0.116630 0.162600 0.103876 0.100823 0.103155 0.161978 0.156039 0.114507 0.160440 0.115674 0.141922 0.099886 0.054778 0.087110 0.108657 0.048683 0.086123 0.076226 0.074203 0.051411 0.082607 0.040160 0.126208 0.112111 0.121803 0.094843 0.113813 0.107981 0.094629 0.105101 0.125216 0.111047 0.036447 0.095115 0.123853 0.093888 0.124603 0.119475 0.119550 0.104909 0.054588 0.012495 0.082442 0.081976 0.094296 0.115613 0.092518 0.108801
 4000.000190 6.579310 0.140280 0.149177 0.151560 0.139389 0.128870 0.152797 0.123420 0.134881 0.161599 0.111055 0.159839 0.099177 0.095398 0.099401 0.159804 0.152126 0.112421 0.158784 0.109714 0.140740 0.094049 0.055809 0.087185 0.109216 0.052145 0.088152 0.076235 0.077470 0.054288 0.084088 0.038446 0.124201 0.108928 0.121195 0.094478 0.112248 0.105804 0.097313 0.105138 0.124709 0.111718 0.037902 0.091198 0.122469 0.090815 0.122100 0.117912 0.115846 0.103814 0.051844 0.011471 0.083307 0.080712 0.090256 0.114231 0.092647 0.105307
 5000.000237 5.503047 0.135352 0.146591 0.148179 0.139927 0.129886 0.153111 0.118118 0.130920 0.161083 0.110874 0.160377 0.096805 0.092981 0.095504 0.155995 0.152195 0.107376 0.155022 0.108969 0.136074 0.092983 0.053064 0.082952 0.108504 0.052942 0.092604 0.069387 0.081113 0.061535 0.084163 0.035488 0.123986 0.111016 0.125026 0.102922 0.120202 0.110414 0.098589 0.101892 0.123351 0.115484 0.044489 0.094481 0.127616 0.096263 0.125417 0.120728 0.116270 0.113105 0.059403 0.010491 0.080222 0.089185 0.091613 0.119879 0.092709 0.103677
 6000.000285 10.515710 0.141483 0.151119 0.152646 0.143646 0.134476 0.156835 0.123984 0.135456 0.164501 0.116138 0.162229 0.102687 0.101018 0.102123 0.161421 0.155104 0.113156 0.160403 0.116256 0.141753 0.100825 0.055799 0.088141 0.108950 0.047492 0.085433 0.075129 0.072291 0.050435 0.082607 0.042769 0.126123 0.112548 0.121160 0.094769 0.114161 0.107974 0.092563 0.105538 0.125299 0.109891 0.037352 0.097190 0.124282 0.095547 0.126499 0.119282 0.120069 0.105440 0.056045 0.014502 0.082617 0.083012 0.094123 0.115030 0.094517 0.108769
 7000.000332 5.594466 0.141174 0.148464 0.152051 0.136891 0.126555 0.151142 0.124475 0.136022 0.160989 0.108214 0.160266 0.097939 0.093257 0.099254 0.159812 0.150760 0.112961 0.159666 0.107760 0.141427 0.091472 0.059455 0.089639 0.111744 0.056238 0.092600 0.077931 0.081613 0.058730 0.087681 0.041480 0.123050 0.106373 0.122017 0.093307 0.111448 0.104071 0.100469 0.106987 0.125069 0.114721 0.042728 0.088627 0.122283 0.088690 0.120870 0.117106 0.113160 0.103266 0.049377 0.010578 0.086119 0.079239 0.086383 0.113108 0.096299 0.105293
 8000.000380 8.920080 0.137975 0.148107 0.150109 0.140635 0.130603 0.153161 0.121506 0.133534 0.161342 0.113175 0.159479 0.100685 0.096804 0.099766 0.158106 0.152819 0.111755 0.156651 0.110543 0.139356 0.094595 0.051674 0.082799 0.105482 0.049882 0.086714 0.073376 0.077293 0.054651 0.080802 0.034608 0.122586 0.108877 0.119989 0.098236 0.114388 0.106692 0.095885 0.101849 0.122546 0.110077 0.035347 0.091825 0.122435 0.092370 0.121775 0.116969 0.115735 0.106451 0.054462 0.013357 0.080382 0.083514 0.091518 0.115100 0.088911 0.106057
 9000.000427 11.315008 0.136021 0.147102 0.148244 0.141569 0.131906 0.153450 0.119547 0.131578 0.160527 0.114623 0.157872 0.100803 0.097895 0.099155 0.156464 0.152479 0.109903 0.154904 0.112169 0.137084 0.096882 0.048523 0.080396 0.103008 0.046421 0.083596 0.070581 0.074085 0.052439 0.077544 0.033098 0.121987 0.109730 0.118506 0.099249 0.114879 0.106951 0.092496 0.099257 0.120695 0.107339 0.033520 0.093604 0.121917 0.093731 0.122221 0.116493 0.116670 0.107477 0.056901 0.015043 0.077059 0.084995 0.093040 0.115185 0.085956 0.105460
 10000.000475 15.315230 0.140220 0.149280 0.151222 0.140743 0.131041 0.153894 0.122717 0.134766 0.162913 0.113027 0.160623 0.099953 0.097117 0.099221 0.159968 0.153436 0.111369 0.158840 0.111252 0.140938 0.095306 0.054992 0.086517 0.108615 0.051691 0.087664 0.074895 0.077691 0.055008 0.083286 0.038345 0.124625 0.110008 0.121074 0.097175 0.113980 0.107183 0.096647 0.104963 0.125485 0.110927 0.037899 0.093326 0.123560 0.092954 0.123984 0.118439 0.117219 0.106226 0.054555 0.017502 0.082585 0.083647 0.091145 0.114682 0.092311 0.106742
 11000.000522 6.632669 0.137602 0.146390 0.148643 0.137937 0.128431 0.151072 0.120619 0.132358 0.159692 0.110454 0.157968 0.098326 0.094844 0.097684 0.156980 0.150287 0.109922 0.156028 0.109083 0.138359 0.093139 0.054452 0.084912 0.106620 0.050839 0.087271 0.073484 0.077044 0.055023 0.082223 0.038087 0.121545 0.107069 0.119088 0.095205 0.112009 0.104407 0.095510 0.102930 0.122503 0.109833 0.038214 0.090788 0.121132 0.090672 0.121068 0.115605 0.114120 0.104239 0.052638 0.011518 0.081590 0.081290 0.088527 0.112680 0.091382 0.104705
 12000.000570 7.874680 0.136978 0.147033 0.149039 0.139399 0.129221 0.152309 0.120211 0.132053 0.160149 0.110821 0.158482 0.097773 0.093908 0.097382 0.156836 0.151637 0.109597 0.155835 0.108920 0.137377 0.093335 0.053149 0.083798 0.107455 0.051897 0.089330 0.072677 0.079746 0.057848 0.082463 0.034471 0.122896 0.109208 0.121483 0.099127 0.115545 0.106993 0.097681 0.102022 0.122254 0.112373 0.038946 0.091693 0.123268 0.092553 0.122170 0.118061 0.115461 0.108134 0.055120 0.012550 0.080849 0.084570 0.091044 0.116588 0.090424 0.103380
 13000.000617 7.149726 0.137489 0.146289 0.149060 0.135925 0.125090 0.149578 0.120615 0.132493 0.159304 0.106932 0.158449 0.095359 0.090361 0.095464 0.156942 0.149549 0.109457 0.156144 0.104903 0.138178 0.088456 0.056678 0.086214 0.109580 0.055723 0.092163 0.075007 0.082231 0.059814 0.085943 0.036523 0.122701 0.107091 0.122719 0.096996 0.113704 0.105829 0.100859 0.104378 0.124187 0.114595 0.042568 0.088564 0.123486 0.090032 0.120680 0.117873 0.112889 0.105642 0.051926 0.011958 0.083650 0.082068 0.087730 0.115313 0.093268 0.102300
 14000.000665 13.481261 0.137858 0.148345 0.149971 0.142318 0.132937 0.154490 0.121191 0.133549 0.162039 0.115615 0.159632 0.102542 0.099132 0.100847 0.158130 0.153935 0.111817 0.156619 0.112891 0.139254 0.096894 0.050170 0.081472 0.103986 0.048038 0.084980 0.072180 0.076073 0.054002 0.078803 0.034264 0.122353 0.109514 0.118918 0.099439 0.114950 0.107055 0.094109 0.100698 0.121821 0.108456 0.033987 0.093255 0.122069 0.093395 0.122253 0.116636 0.116875 0.107616 0.056274 0.016420 0.078804 0.084897 0.092708 0.115013 0.087277 0.107499
 15000.000712 7.049814 0.136380 0.146929 0.148286 0.141202 0.132355 0.154020 0.118694 0.131348 0.161617 0.113848 0.159814 0.099732 0.097042 0.097604 0.156986 0.152612 0.108350 0.155798 0.112524 0.137029 0.096174 0.051462 0.082797 0.105890 0.047751 0.086490 0.069918 0.075047 0.054937 0.080478 0.036630 0.123284 0.110664 0.120816 0.099238 0.116615 0.108321 0.093117 0.101360 0.122755 0.109881 0.038923 0.095540 0.124521 0.095516 0.124951 0.118119 0.117616 0.109385 0.058117 0.011874 0.078571 0.086489 0.092204 0.115709 0.090836 0.105981
 16000.000760 12.887125 0.137194 0.147227 0.148785 0.140149 0.130232 0.152512 0.120514 0.132060 0.160090 0.112881 0.157569 0.099654 0.096223 0.098569 0.157131 0.151912 0.110487 0.155362 0.109947 0.138122 0.094524 0.050685 0.081985 0.104405 0.048896 0.084689 0.073127 0.076299 0.053519 0.079215 0.033660 0.122228 0.108928 0.118532 0.098384 0.113782 0.106259 0.094758 0.100981 0.121914 0.108017 0.033295 0.092139 0.121336 0.092466 0.121472 0.116238 0.116205 0.106078 0.055045 0.016054 0.079618 0.083676 0.092159 0.114478 0.087318 0.104334
 17000.000807 8.972395 0.138617 0.149200 0.150377 0.141276 0.130283 0.153983 0.121408 0.133234 0.162265 0.113033 0.159849 0.099067 0.096222 0.098292 0.158924 0.153655 0.110421 0.157264 0.110589 0.138603 0.095831 0.052361 0.084525 0.107831 0.050413 0.086131 0.073401 0.075704 0.052889 0.081935 0.035969 0.125087 0.110939 0.121880 0.097492 0.115146 0.108699 0.095711 0.103085 0.124770 0.110774 0.036196 0.094239 0.124148 0.093719 0.124188 0.119328 0.118231 0.106812 0.055685 0.013396 0.080200 0.084051 0.092762 0.116573 0.090422 0.104851
 18000.000855 9.201292 0.141193 0.150252 0.151847 0.141269 0.131686 0.154818 0.123406 0.134643 0.163155 0.113417 0.160693 0.100206 0.098090 0.099807 0.161056 0.153303 0.111714 0.159680 0.113083 0.141064 0.097597 0.056506 0.088773 0.109675 0.049178 0.085365 0.076204 0.073297 0.050654 0.083405 0.042010 0.125971 0.111221 0.120592 0.092887 0.112051 0.106751 0.093762 0.106299 0.126150 0.109560 0.037027 0.095188 0.123086 0.093302 0.125141 0.118645 0.119037 0.103478 0.053863 0.013566 0.083286 0.081276 0.092181 0.113270 0.094329 0.106417
 19000.000902 13.773681 0.139705 0.149596 0.151547 0.142183 0.131740 0.154005 0.124585 0.135524 0.161052 0.115599 0.158446 0.104034 0.100378 0.104073 0.158966 0.153475 0.115510 0.157421 0.112984 0.140886 0.098541 0.051159 0.082671 0.103705 0.048673 0.083653 0.075663 0.075063 0.051437 0.078773 0.036973 0.121258 0.107649 0.116956 0.095792 0.111420 0.104280 0.094045 0.101275 0.120590 0.107089 0.031050 0.090914 0.118930 0.090371 0.119386 0.114604 0.115358 0.103257 0.053097 0.016597 0.080448 0.080479 0.092001 0.113240 0.086331 0.107617
 20000.000950 12.664127 0.136087 0.145976 0.148672 0.137766 0.127391 0.150545 0.120340 0.132661 0.159050 0.109692 0.157867 0.098501 0.092732 0.098074 0.155782 0.150656 0.110770 0.154738 0.106304 0.137702 0.090027 0.052486 0.081490 0.105634 0.054866 0.091279 0.073266 0.083797 0.061734 0.082471 0.032410 0.120465 0.106277 0.120595 0.100848 0.115109 0.105498 0.100264 0.100884 0.120939 0.112844 0.040059 0.087797 0.121871 0.090194 0.118943 0.116071 0.112131 0.108337 0.054019 0.015915 0.081104 0.084576 0.088697 0.115819 0.088005 0.103931
 21000.000997 9.077414 0.137541 0.147497 0.149866 0.138184 0.126800 0.150909 0.121724 0.133626 0.159990 0.109829 0.158705 0.098393 0.093356 0.098435 0.157239 0.151313 0.111700 0.155950 0.106590 0.138920 0.091276 0.053785 0.083519 0.107113 0.054533 0.090127 0.074511 0.081020 0.058038 0.083646 0.034854 0.122318 0.107377 0.121807 0.098164 0.114137 0.106392 0.099800 0.102614 0.122941 0.113088 0.039048 0.088867 0.122647 0.090257 0.120034 0.117460 0.113320 0.105977 0.052854 0.013474 0.081931 0.082599 0.089434 0.116107 0.089656 0.104298
 22000.001045 14.637247 0.132592 0.144229 0.145707 0.139413 0.129899 0.150969 0.116546 0.129142 0.157986 0.112795 0.156041 0.099524 0.095172 0.097217 0.153360 0.150406 0.108318 0.151652 0.108997 0.134492 0.092964 0.046580 0.076615 0.100489 0.047932 0.085209 0.068935 0.077359 0.056620 0.076455 0.028463 0.119667 0.108156 0.118215 0.102598 0.116445 0.106975 0.094139 0.096297 0.118385 0.107834 0.035281 0.091580 0.121778 0.093547 0.120107 0.115326 0.114394 0.109552 0.058307 0.017110 0.075518 0.086933 0.092486 0.115985 0.083296 0.103607
 23000.001092 11.190248 0.138397 0.147587 0.149767 0.138426 0.128039 0.151286 0.121806 0.133538 0.160532 0.110681 0.158597 0.098531 0.094816 0.098376 0.157864 0.151422 0.110941 0.156637 0.108324 0.139310 0.092784 0.054528 0.084976 0.107331 0.052694 0.088197 0.074818 0.078898 0.055653 0.083078 0.037013 0.122489 0.107531 0.120290 0.096412 0.112706 0.105578 0.097593 0.103470 0.123651 0.111037 0.037518 0.090250 0.121950 0.090602 0.121087 0.116761 0.114408 0.104522 0.052374 0.014960 0.082206 0.081722 0.089151 0.113992 0.090928 0.104896
 24000.001140 7.217216 0.131274 0.145606 0.145632 0.142454 0.132120 0.154381 0.114118 0.127314 0.160561 0.113797 0.159311 0.097696 0.093812 0.094291 0.153718 0.153051 0.104984 0.151433 0.110330 0.132206 0.094187 0.047527 0.077689 0.104873 0.049453 0.089946 0.065879 0.078823 0.060175 0.080270 0.029570 0.124748 0.114077 0.125773 0.107027 0.123926 0.114019 0.096367 0.097824 0.122007 0.114108 0.042769 0.097452 0.129631 0.100014 0.126817 0.122323 0.119054 0.116474 0.063941 0.012014 0.075700 0.093044 0.096527 0.123163 0.088180 0.102585
 25000.001187 7.138449 0.135691 0.145991 0.147936 0.140128 0.131589 0.153330 0.118388 0.130848 0.160306 0.112249 0.159200 0.098791 0.095484 0.097326 0.156171 0.150981 0.108330 0.155605 0.111983 0.136200 0.095482 0.052725 0.083565 0.106723 0.049043 0.088747 0.070481 0.076592 0.057810 0.081583 0.037535 0.122829 0.110501 0.121335 0.099715 0.117248 0.107730 0.093845 0.101248 0.121554 0.111274 0.042513 0.095122 0.124863 0.095706 0.124715 0.118050 0.116681 0.110478 0.058867 0.011949 0.079325 0.087075 0.091993 0.116236 0.091985 0.104796
 26000.001235 4.869246 0.134937 0.145649 0.148115 0.137124 0.125941 0.150083 0.119062 0.131320 0.158726 0.108246 0.158531 0.096501 0.090821 0.096179 0.155170 0.150051 0.109368 0.154017 0.105328 0.136235 0.089288 0.053386 0.082257 0.107225 0.054679 0.092476 0.072260 0.082347 0.061254 0.084184 0.034082 0.121730 0.107702 0.123418 0.100513 0.116948 0.107696 0.100290 0.101224 0.121854 0.114957 0.042861 0.089594 0.124683 0.092084 0.120744 0.118261 0.112801 0.109003 0.055506 0.009868 0.081036 0.085130 0.089475 0.117936 0.090676 0.102303
 27000.001282 8.947453 0.133934 0.147076 0.147511 0.142900 0.132301 0.154590 0.117145 0.130049 0.161411 0.114974 0.159484 0.099473 0.096407 0.097007 0.155543 0.153983 0.107837 0.153523 0.111198 0.134969 0.096317 0.046064 0.077867 0.103607 0.047587 0.085964 0.067272 0.075579 0.055404 0.078228 0.030080 0.123797 0.112553 0.122631 0.104527 0.120867 0.111953 0.094088 0.097927 0.121752 0.110490 0.036959 0.096843 0.126709 0.098097 0.125596 0.120129 0.118792 0.113299 0.061949 0.013377 0.075270 0.090438 0.095674 0.120531 0.086201 0.104484
 28000.001330 6.617210 0.136287 0.147591 0.148935 0.141885 0.132021 0.154063 0.119902 0.131999 0.161084 0.114351 0.159010 0.100863 0.097222 0.099346 0.156772 0.153245 0.110259 0.155157 0.111854 0.137243 0.096175 0.049679 0.080797 0.104384 0.048346 0.086457 0.070775 0.076934 0.055354 0.079342 0.033306 0.122292 0.109726 0.120195 0.100032 0.116113 0.107523 0.094816 0.099982 0.121041 0.110028 0.035794 0.093057 0.122852 0.093720 0.122282 0.117352 0.116389 0.108726 0.056586 0.011504 0.078355 0.085444 0.092617 0.116458 0.087490 0.105508
 29000.001377 7.260229 0.137082 0.146457 0.148746 0.137583 0.127533 0.151033 0.119974 0.131998 0.159969 0.108962 0.158624 0.096508 0.092172 0.095962 0.156846 0.150524 0.108747 0.155845 0.107201 0.137667 0.090613 0.055276 0.085205 0.108561 0.053802 0.091139 0.073552 0.081426 0.059542 0.084429 0.036119 0.122644 0.107870 0.121888 0.097885 0.114355 0.106019 0.099177 0.103571 0.123483 0.113434 0.041550 0.090007 0.123299 0.091148 0.121519 0.117656 0.113946 0.106944 0.053277 0.012050 0.082472 0.083368 0.088568 0.115120 0.092302 0.103044
 30000.001425 20.457917 0.132466 0.144541 0.145398 0.141381 0.132125 0.152185 0.116445 0.128731 0.158113 0.115224 0.155303 0.100930 0.097531 0.098191 0.153114 0.151573 0.108282 0.151070 0.111095 0.134133 0.095930 0.044361 0.075058 0.098765 0.045860 0.082523 0.067592 0.075976 0.055051 0.073755 0.027185 0.119520 0.109156 0.116686 0.103704 0.116669 0.107256 0.092443 0.094886 0.117179 0.105745 0.031641 0.093080 0.120589 0.094374 0.120252 0.115030 0.115854 0.110322 0.059887 0.020228 0.073865 0.088013 0.094439 0.116216 0.080485 0.104006
 31000.001472 10.036327 0.137615 0.149011 0.150210 0.142277 0.131709 0.154766 0.120723 0.133097 0.162531 0.114264 0.160176 0.100240 0.096714 0.098900 0.158494 0.154285 0.110341 0.156835 0.111471 0.138062 0.095815 0.050252 0.082342 0.106541 0.049679 0.086862 0.072212 0.077119 0.055041 0.080748 0.032808 0.124535 0.111240 0.121983 0.100317 0.116897 0.109316 0.095946 0.101413 0.123610 0.111068 0.036248 0.094115 0.124705 0.094506 0.123952 0.119415 0.118179 0.109189 0.057126 0.014168 0.078775 0.086158 0.093579 0.117601 0.088523 0.105463
 32000.001520 2.638055 0.139499 0.149144 0.151475 0.140310 0.130205 0.153871 0.122550 0.134667 0.162518 0.111970 0.161301 0.099935 0.095748 0.099454 0.159543 0.152992 0.111878 0.158514 0.110694 0.140215 0.094248 0.055156 0.086186 0.109085 0.052266 0.089972 0.074627 0.078730 0.056846 0.084397 0.038463 0.124010 0.109130 0.122298 0.096389 0.114337 0.106721 0.097578 0.104686 0.124530 0.113154 0.040498 0.091915 0.123934 0.092145 0.122993 0.118332 0.115785 0.106472 0.053425 0.007264 0.082897 0.082798 0.089993 0.115130 0.093278 0.106306
 33000.001567 5.769163 0.137902 0.148923 0.150165 0.141919 0.131725 0.154691 0.121044 0.132554 0.161831 0.113627 0.159644 0.099800 0.096373 0.098835 0.158388 0.153544 0.110552 0.156512 0.111412 0.138384 0.095859 0.051843 0.083363 0.106685 0.048858 0.086771 0.073136 0.076772 0.054583 0.081023 0.034952 0.124368 0.111149 0.121321 0.098936 0.115862 0.108188 0.095602 0.102332 0.123216 0.110672 0.035898 0.093877 0.123882 0.094314 0.123700 0.118816 0.117864 0.107840 0.056075 0.010742 0.080642 0.084883 0.093552 0.116842 0.089761 0.104380
 34000.001615 6.503575 0.142056 0.150331 0.153196 0.141027 0.131930 0.154927 0.125172 0.136618 0.163238 0.113167 0.161972 0.102001 0.098346 0.102228 0.161210 0.153407 0.114442 0.160604 0.113122 0.142780 0.096773 0.058193 0.088993 0.110028 0.052189 0.089866 0.077254 0.078272 0.056251 0.085265 0.043135 0.123955 0.108823 0.120822 0.094008 0.112400 0.104887 0.096838 0.106790 0.124654 0.112322 0.040641 0.092309 0.122464 0.091689 0.123120 0.117188 0.115992 0.104497 0.052289 0.011405 0.085583 0.080900 0.089749 0.113206 0.095638 0.108274
 35000.001662 7.509076 0.132317 0.144247 0.145414 0.139454 0.129684 0.151487 0.115938 0.128724 0.158474 0.111888 0.157141 0.097604 0.094157 0.095712 0.153135 0.150372 0.106473 0.151907 0.109371 0.133520 0.094145 0.047419 0.077927 0.102880 0.048309 0.087240 0.066444 0.076396 0.057300 0.078612 0.032100 0.120919 0.109546 0.120925 0.102956 0.118806 0.108829 0.093672 0.097201 0.119423 0.110080 0.039768 0.094200 0.124700 0.095867 0.123223 0.117498 0.115182 0.111877 0.060242 0.012255 0.075435 0.088847 0.092151 0.117923 0.086823 0.103179
 36000.001710 6.851187 0.132789 0.145307 0.145715 0.142603 0.134173 0.154667 0.115165 0.128124 0.160547 0.115247 0.158813 0.099667 0.097218 0.096329 0.154275 0.152414 0.105785 0.152772 0.113795 0.133612 0.097522 0.048795 0.079691 0.104014 0.045679 0.086741 0.066069 0.074611 0.056517 0.078625 0.034358 0.123318 0.112859 0.122007 0.103006 0.120322 0.110722 0.091900 0.098489 0.120814 0.110461 0.040690 0.098009 0.126506 0.098778 0.126449 0.119476 0.118854 0.113403 0.062329 0.011706 0.075917 0.090346 0.095100 0.118873 0.089128 0.105053
 37000.001757 7.463791 0.142240 0.151226 0.153724 0.140888 0.130075 0.154471 0.125736 0.136797 0.162987 0.112447 0.161147 0.101056 0.096526 0.101607 0.161744 0.153836 0.114772 0.160327 0.110668 0.142569 0.094709 0.056658 0.088097 0.110244 0.053367 0.089330 0.078865 0.079552 0.055531 0.085088 0.039159 0.125019 0.109214 0.121712 0.094752 0.112347 0.105926 0.099127 0.106552 0.125723 0.112736 0.037511 0.090709 0.122564 0.090614 0.121928 0.118247 0.116523 0.103715 0.050950 0.012218 0.085358 0.080303 0.090941 0.114580 0.093235 0.106173
 38000.001805 4.974778 0.138450 0.146678 0.150258 0.135714 0.124765 0.149330 0.122416 0.134500 0.159372 0.107302 0.159226 0.097360 0.091681 0.098125 0.157422 0.149676 0.112102 0.157029 0.105271 0.139671 0.088922 0.056920 0.086084 0.109189 0.056380 0.092791 0.075776 0.082589 0.060074 0.086281 0.038068 0.121278 0.105233 0.122087 0.095977 0.112857 0.104680 0.101096 0.104281 0.123340 0.114789 0.042530 0.087132 0.122506 0.088617 0.119205 0.116519 0.111224 0.104605 0.050520 0.009975 0.084073 0.080597 0.086097 0.114340 0.093446 0.104359
 39000.001852 11.111350 0.138577 0.148824 0.149914 0.142847 0.133632 0.155240 0.120958 0.132797 0.162459 0.116040 0.159588 0.101767 0.099998 0.100163 0.158926 0.154022 0.110742 0.157330 0.114654 0.138613 0.099409 0.051549 0.084050 0.105474 0.045311 0.081901 0.072644 0.070933 0.048829 0.078749 0.038048 0.124148 0.111373 0.118651 0.096080 0.113978 0.107686 0.090543 0.101893 0.123184 0.106695 0.032925 0.096644 0.122424 0.094947 0.124796 0.117452 0.119771 0.105860 0.056889 0.014907 0.078691 0.083782 0.094105 0.114052 0.089878 0.106924
 40000.001900 14.060929 0.134927 0.146103 0.146801 0.141710 0.132877 0.153835 0.116843 0.129369 0.160778 0.114477 0.158049 0.099269 0.096875 0.096258 0.155958 0.152545 0.106716 0.154243 0.112502 0.135425 0.095982 0.050460 0.081813 0.104777 0.046803 0.084902 0.069525 0.075087 0.054302 0.078778 0.032930 0.123831 0.112088 0.120485 0.100510 0.116782 0.109058 0.093232 0.100132 0.122285 0.109197 0.036656 0.095810 0.124099 0.095877 0.124514 0.118747 0.118886 0.109513 0.058783 0.016770 0.077504 0.087099 0.094610 0.116611 0.088378 0.104563
 41000.001947 15.780409 0.129441 0.143269 0.143197 0.142911 0.134271 0.153714 0.112008 0.125536 0.158546 0.115912 0.156200 0.098792 0.096552 0.094558 0.151515 0.151717 0.103488 0.149817 0.112821 0.130396 0.097356 0.042495 0.074247 0.100335 0.043797 0.084292 0.061834 0.074487 0.056732 0.074192 0.025336 0.122281 0.113875 0.121009 0.107985 0.122941 0.112462 0.091002 0.093624 0.118056 0.108537 0.037553 0.098897 0.126391 0.100449 0.125941 0.119584 0.119517 0.116897 0.065925 0.017765 0.070704 0.094144 0.097857 0.121220 0.082833 0.102959
 42000.001995 11.193194 0.140620 0.149918 0.151630 0.141638 0.132139 0.154953 0.123049 0.134461 0.162948 0.113670 0.160279 0.100407 0.097685 0.099837 0.160492 0.153713 0.111482 0.159211 0.112925 0.140416 0.096897 0.055694 0.087657 0.109280 0.050129 0.086726 0.075922 0.076432 0.053550 0.083025 0.039234 0.125265 0.110780 0.120558 0.095051 0.112818 0.106502 0.095502 0.105277 0.125090 0.110479 0.036883 0.093751 0.122622 0.092625 0.123895 0.118410 0.118396 0.104934 0.053577 0.014962 0.082805 0.082130 0.092093 0.113987 0.092818 0.106062
 43000.002042 8.552346 0.145096 0.152857 0.155294 0.141055 0.130575 0.155207 0.128010 0.138540 0.164188 0.113182 0.162081 0.101950 0.099117 0.103248 0.164084 0.153922 0.116047 0.163029 0.113443 0.144473 0.098487 0.060022 0.092407 0.112732 0.052437 0.087380 0.080746 0.074550 0.050461 0.086731 0.046086 0.126691 0.109991 0.121449 0.088983 0.109600 0.105364 0.096247 0.109494 0.127949 0.111597 0.038297 0.093574 0.122330 0.090892 0.124159 0.118567 0.118534 0.099932 0.050247 0.013078 0.087003 0.077207 0.090768 0.112323 0.097459 0.108250
 44000.002090 7.679489 0.136916 0.148383 0.149126 0.142661 0.132724 0.155446 0.119359 0.130864 0.161640 0.114057 0.159548 0.098318 0.096198 0.097157 0.157661 0.153438 0.108755 0.155866 0.112053 0.136887 0.097478 0.049809 0.082402 0.106358 0.046441 0.085129 0.070880 0.073738 0.053185 0.079614 0.034995 0.125521 0.113723 0.121898 0.101561 0.119110 0.110804 0.092878 0.101324 0.123246 0.109359 0.036273 0.098202 0.126268 0.098590 0.127248 0.120230 0.120445 0.111259 0.060829 0.012393 0.078851 0.088738 0.096348 0.119005 0.090087 0.102913
 45000.002137 6.123332 0.137071 0.147590 0.149080 0.140848 0.130945 0.153354 0.120389 0.131996 0.160464 0.113465 0.158339 0.100170 0.096825 0.099071 0.157338 0.152113 0.110680 0.155692 0.111358 0.137756 0.095907 0.050477 0.082168 0.104528 0.046879 0.084213 0.072487 0.073912 0.052029 0.079013 0.035043 0.122625 0.109698 0.119058 0.097448 0.114243 0.106757 0.092997 0.100795 0.121655 0.108059 0.034161 0.093474 0.122191 0.093471 0.122419 0.116707 0.116902 0.106200 0.055710 0.011066 0.078969 0.083581 0.092806 0.114785 0.088318 0.104597
 46000.002185 7.931622 0.135882 0.147649 0.148668 0.141921 0.132096 0.154436 0.118701 0.131355 0.161942 0.113889 0.159881 0.099286 0.096070 0.097324 0.157050 0.153452 0.108480 0.155425 0.111277 0.136853 0.095345 0.049390 0.081156 0.105638 0.048800 0.087337 0.070000 0.077011 0.056125 0.080255 0.032409 0.124120 0.111637 0.122171 0.102005 0.118431 0.109813 0.095145 0.100635 0.122993 0.111030 0.037843 0.095107 0.125661 0.096131 0.125028 0.119442 0.117950 0.111077 0.058875 0.012595 0.078199 0.088108 0.093713 0.118243 0.088711 0.105025
 47000.002232 7.703891 0.138805 0.148661 0.150490 0.139693 0.128569 0.152739 0.122070 0.133569 0.161282 0.110946 0.159434 0.097849 0.094159 0.097882 0.158570 0.152531 0.110884 0.157127 0.108351 0.139244 0.093300 0.053380 0.084800 0.108403 0.052512 0.088693 0.074330 0.078899 0.055742 0.083346 0.035346 0.124199 0.109585 0.122213 0.098140 0.114986 0.107613 0.098278 0.103707 0.124407 0.112284 0.037396 0.091808 0.123852 0.092440 0.122802 0.118821 0.116109 0.106698 0.054038 0.012413 0.082086 0.083573 0.091223 0.116658 0.090981 0.103742
 48000.002280 5.621353 0.137781 0.148171 0.149772 0.141357 0.132130 0.154365 0.120635 0.132640 0.161914 0.113570 0.160044 0.100327 0.096907 0.098928 0.158044 0.152978 0.110143 0.156702 0.112262 0.138435 0.095848 0.053360 0.084229 0.106911 0.049368 0.087942 0.072609 0.077391 0.056193 0.081776 0.037347 0.123381 0.109965 0.120870 0.098063 0.115134 0.106948 0.095285 0.102779 0.122953 0.111030 0.038910 0.093408 0.123485 0.093667 0.123413 0.117833 0.116702 0.107724 0.055597 0.010603 0.081030 0.084459 0.091563 0.115259 0.091330 0.105789
 49000.002327 14.039451 0.133114 0.146411 0.146114 0.144041 0.134637 0.155029 0.116265 0.128275 0.160252 0.117274 0.156974 0.100951 0.098988 0.097846 0.154624 0.153398 0.107140 0.152159 0.114260 0.133823 0.099214 0.044751 0.077086 0.100680 0.042080 0.081168 0.067258 0.071652 0.051196 0.074210 0.030073 0.122909 0.113038 0.118930 0.102897 0.118390 0.110088 0.089857 0.096409 0.119523 0.105946 0.031818 0.097454 0.123736 0.097866 0.124474 0.118132 0.119789 0.110898 0.061661 0.016757 0.073764 0.088910 0.097490 0.118069 0.083351 0.104006
 50000.002375 13.388372 0.131506 0.143695 0.144585 0.140178 0.130773 0.151730 0.114179 0.127671 0.158873 0.112718 0.157079 0.097288 0.094348 0.094275 0.152742 0.151163 0.104786 0.151451 0.109606 0.132744 0.093793 0.046793 0.077365 0.102867 0.048317 0.087132 0.064907 0.077496 0.058012 0.078017 0.028178 0.121835 0.111090 0.121678 0.105151 0.120316 0.110549 0.094486 0.096571 0.119983 0.110715 0.039026 0.095248 0.125636 0.096982 0.124097 0.118884 0.116668 0.113678 0.061525 0.016364 0.074253 0.090736 0.093771 0.119343 0.085960 0.103224
 51000.002422 10.144464 0.135612 0.147851 0.148581 0.144013 0.134698 0.155968 0.118010 0.131283 0.162912 0.116689 0.160621 0.101392 0.098871 0.098520 0.157168 0.154962 0.108458 0.155676 0.114308 0.136278 0.098248 0.048113 0.080362 0.104774 0.046224 0.085325 0.068321 0.074572 0.054232 0.078491 0.032157 0.124438 0.112968 0.121841 0.102451 0.119380 0.111101 0.092797 0.099293 0.122505 0.110050 0.036488 0.097521 0.126029 0.097632 0.126167 0.119907 0.119957 0.112129 0.060739 0.014244 0.075774 0.089206 0.095507 0.118644 0.088031 0.106917
 52000.002470 12.786242 0.133552 0.142929 0.146113 0.135056 0.125210 0.147842 0.118094 0.130185 0.155785 0.107005 0.155413 0.096519 0.090300 0.096154 0.152817 0.147265 0.109307 0.152167 0.104076 0.135589 0.087663 0.052788 0.080482 0.104113 0.054728 0.091658 0.072004 0.083950 0.063147 0.081846 0.032709 0.118225 0.104857 0.119371 0.100866 0.114585 0.103891 0.099686 0.099380 0.118279 0.112220 0.042080 0.086462 0.120730 0.089645 0.117235 0.114356 0.109695 0.108100 0.054481 0.015991 0.080720 0.084414 0.087664 0.115060 0.087532 0.101560
 53000.002517 6.989043 0.132489 0.143739 0.145302 0.137970 0.128099 0.150449 0.115970 0.128129 0.157441 0.109425 0.156529 0.095584 0.091648 0.094283 0.152897 0.149080 0.106079 0.151795 0.107302 0.133428 0.091862 0.050618 0.080169 0.104949 0.050782 0.089746 0.068222 0.079209 0.059849 0.080937 0.032958 0.121252 0.109304 0.121845 0.102348 0.118338 0.108114 0.096295 0.098864 0.119800 0.112097 0.042142 0.092777 0.124686 0.094851 0.122608 0.117956 0.114272 0.111377 0.059122 0.011823 0.078072 0.087972 0.091414 0.118237 0.088851 0.101018
 54000.002565 11.907884 0.133798 0.147599 0.146788 0.145631 0.135912 0.156940 0.116727 0.128895 0.161932 0.118390 0.159141 0.101109 0.100065 0.098074 0.155382 0.154927 0.107098 0.152946 0.115702 0.134222 0.101767 0.045010 0.077727 0.102185 0.042508 0.082045 0.065648 0.069835 0.051177 0.075720 0.035021 0.124563 0.114979 0.121230 0.104168 0.121513 0.112869 0.088805 0.097522 0.121234 0.107062 0.035676 0.101422 0.126896 0.101429 0.128443 0.120194 0.121830 0.113833 0.065085 0.015432 0.074032 0.091816 0.098519 0.120380 0.086329 0.105287
 55000.002612 8.425836 0.133783 0.144773 0.146334 0.138848 0.129599 0.151489 0.116715 0.129520 0.159330 0.111031 0.157940 0.097440 0.093397 0.095250 0.154391 0.150462 0.106669 0.153193 0.108816 0.135096 0.092008 0.051059 0.080767 0.104975 0.050699 0.089594 0.068922 0.079751 0.059781 0.081005 0.033052 0.121595 0.109043 0.121536 0.101875 0.117395 0.107695 0.096479 0.099926 0.121205 0.111931 0.041667 0.092219 0.124442 0.094163 0.122505 0.117697 0.114543 0.110682 0.057735 0.012981 0.078596 0.087364 0.090704 0.116799 0.089105 0.103485
 56000.002660 9.398793 0.140365 0.147747 0.151669 0.134621 0.123615 0.149277 0.123909 0.135780 0.160691 0.105693 0.160876 0.096503 0.090282 0.097655 0.159187 0.149864 0.111943 0.158860 0.104858 0.140809 0.087174 0.062770 0.090960 0.113823 0.061187 0.097735 0.079117 0.086767 0.064232 0.091647 0.043449 0.122694 0.104637 0.124643 0.093699 0.111685 0.104161 0.105164 0.108482 0.126452 0.119118 0.048719 0.085661 0.123472 0.086939 0.119257 0.117732 0.110611 0.103301 0.048094 0.013710 0.088415 0.078809 0.083433 0.113423 0.098875 0.104742
 57000.002707 12.944044 0.140912 0.150474 0.152316 0.142305 0.131620 0.154659 0.124645 0.135536 0.162074 0.114594 0.159461 0.101917 0.099308 0.102354 0.160184 0.153871 0.114432 0.158977 0.112900 0.141192 0.098910 0.053376 0.085850 0.107048 0.049082 0.084169 0.076157 0.074192 0.050468 0.080774 0.038389 0.124122 0.110228 0.119181 0.095146 0.112424 0.106177 0.094341 0.103516 0.123090 0.108603 0.032884 0.093467 0.121245 0.092249 0.122463 0.117374 0.117781 0.103926 0.054065 0.016090 0.081622 0.081256 0.093362 0.114749 0.089696 0.106387
 58000.002755 7.112841 0.137112 0.145984 0.148735 0.136764 0.126850 0.150152 0.120391 0.132447 0.159210 0.109004 0.158213 0.097777 0.092760 0.097158 0.156748 0.149854 0.110234 0.155583 0.106737 0.138355 0.089859 0.054993 0.084345 0.107007 0.053266 0.089745 0.074365 0.080279 0.058193 0.083536 0.036567 0.121378 0.106496 0.120352 0.096625 0.112937 0.104995 0.098341 0.102981 0.122770 0.111899 0.039881 0.089020 0.121840 0.090090 0.119986 0.116014 0.113079 0.105059 0.052338 0.011927 0.082428 0.081855 0.088093 0.113576 0.091428 0.103989
 59000.002802 5.152547 0.139728 0.150378 0.151430 0.142612 0.132646 0.156125 0.121829 0.133846 0.164630 0.114225 0.162846 0.100082 0.097536 0.098774 0.160404 0.155171 0.110207 0.158762 0.113180 0.139659 0.097062 0.055612 0.087197 0.110424 0.050937 0.089214 0.073639 0.076519 0.055035 0.084908 0.040677 0.126696 0.112328 0.124300 0.097274 0.116694 0.109905 0.096250 0.105723 0.126959 0.113498 0.041077 0.096404 0.126847 0.095868 0.127072 0.121067 0.119461 0.108140 0.056567 0.010151 0.082761 0.085089 0.092668 0.117092 0.095487 0.107000
 60000.002850 4.396888 0.138812 0.149363 0.150829 0.141671 0.131709 0.155128 0.121139 0.133426 0.163521 0.113058 0.161967 0.099317 0.096206 0.098237 0.159420 0.154238 0.109811 0.158182 0.112119 0.138922 0.095739 0.055172 0.086481 0.110097 0.051421 0.090142 0.072958 0.077939 0.056678 0.084670 0.038529 0.125817 0.111677 0.124207 0.097926 0.116724 0.109344 0.097100 0.104660 0.125610 0.114217 0.041414 0.094945 0.126317 0.094869 0.125738 0.120761 0.118277 0.108649 0.056081 0.009378 0.082088 0.085172 0.092107 0.117327 0.094456 0.106165
 61000.002897 5.447316 0.141846 0.150139 0.153021 0.138899 0.127713 0.152603 0.125398 0.136656 0.161920 0.110237 0.160635 0.099377 0.095095 0.100498 0.160912 0.152226 0.114258 0.160050 0.108736 0.142296 0.093660 0.057323 0.088630 0.110774 0.054626 0.089779 0.078043 0.078944 0.055280 0.086067 0.040314 0.124400 0.108047 0.121899 0.093409 0.111698 0.105418 0.099178 0.106697 0.125683 0.113135 0.039111 0.090258 0.122431 0.089727 0.121764 0.117940 0.115098 0.103047 0.050553 0.010438 0.085190 0.079559 0.088998 0.114188 0.094109 0.105862
 62000.002945 9.560192 0.134689 0.146219 0.147450 0.142509 0.133843 0.154380 0.117970 0.130592 0.160530 0.115700 0.158505 0.101804 0.098777 0.099431 0.155440 0.152651 0.109265 0.154313 0.114298 0.135860 0.098162 0.049323 0.080150 0.103015 0.045881 0.085448 0.068713 0.074570 0.054885 0.077799 0.034185 0.121868 0.110801 0.119709 0.100619 0.116974 0.107871 0.092078 0.098442 0.119441 0.109132 0.037566 0.095058 0.123211 0.095490 0.123185 0.117266 0.117142 0.109923 0.059003 0.013828 0.076602 0.086840 0.094060 0.116626 0.087333 0.106551
 63000.002992 5.706355 0.133688 0.146427 0.146511 0.143169 0.134009 0.155478 0.116158 0.128510 0.160991 0.115321 0.159153 0.099269 0.097073 0.096423 0.155166 0.152973 0.106403 0.153276 0.113630 0.134054 0.098355 0.048382 0.079937 0.104439 0.045214 0.085526 0.066834 0.072834 0.054747 0.078581 0.035628 0.124380 0.113812 0.122300 0.102814 0.120769 0.111605 0.091131 0.099059 0.121684 0.109637 0.039878 0.099422 0.127116 0.099903 0.127677 0.120146 0.120165 0.113432 0.063276 0.010683 0.076223 0.090700 0.096255 0.119548 0.089393 0.104183
 64000.003040 18.699182 0.140545 0.151680 0.151810 0.145828 0.135482 0.157678 0.123265 0.134023 0.164014 0.118870 0.159917 0.103516 0.102767 0.102436 0.161131 0.156449 0.112885 0.158648 0.116920 0.140015 0.103279 0.050846 0.084751 0.105506 0.043403 0.078213 0.074963 0.067494 0.043420 0.077430 0.038834 0.126632 0.114240 0.118535 0.095531 0.113890 0.109365 0.089016 0.102549 0.124355 0.104829 0.027373 0.099196 0.122452 0.096471 0.126242 0.118940 0.123278 0.104717 0.058116 0.019339 0.078752 0.083552 0.098240 0.115333 0.088428 0.107182
 65000.003087 8.269187 0.137657 0.147695 0.149272 0.141280 0.131990 0.153745 0.120967 0.132511 0.160669 0.114115 0.158303 0.100988 0.098232 0.100035 0.157473 0.152194 0.110969 0.156293 0.113042 0.138268 0.097633 0.051897 0.083464 0.104938 0.046791 0.084419 0.072452 0.073791 0.052217 0.079287 0.037226 0.122308 0.109489 0.118405 0.096276 0.113137 0.105568 0.092469 0.101368 0.121113 0.107959 0.035136 0.093408 0.121222 0.092807 0.122193 0.116231 0.116555 0.105498 0.055127 0.012860 0.079498 0.082756 0.092169 0.113852 0.088998 0.105738
 66000.003135 9.525371 0.133019 0.144624 0.145911 0.140484 0.131439 0.152456 0.115744 0.128981 0.159540 0.113155 0.157865 0.098519 0.095311 0.095780 0.154074 0.151430 0.106476 0.152832 0.110400 0.134307 0.094343 0.047043 0.078215 0.102888 0.047320 0.086175 0.066539 0.076478 0.056884 0.077737 0.029897 0.121570 0.110359 0.120344 0.103433 0.118855 0.109140 0.093425 0.097491 0.120118 0.109421 0.037804 0.094914 0.124523 0.096198 0.123789 0.117684 0.116567 0.112383 0.060439 0.013802 0.075214 0.089371 0.093067 0.117588 0.086411 0.104091
 67000.003182 10.353450 0.138222 0.148588 0.150919 0.141355 0.131406 0.154180 0.121534 0.134458 0.162415 0.113381 0.160865 0.100908 0.096524 0.099833 0.158697 0.153565 0.111764 0.157907 0.111108 0.139495 0.094588 0.051500 0.083054 0.106851 0.051367 0.088972 0.072698 0.079364 0.057872 0.081742 0.033253 0.123413 0.109822 0.121693 0.100395 0.116406 0.107868 0.097232 0.101897 0.122925 0.112152 0.038699 0.092302 0.124145 0.093221 0.122772 0.118431 0.116171 0.109515 0.056168 0.014390 0.079828 0.085905 0.091760 0.116728 0.089216 0.106778
 68000.003230 13.897524 0.136646 0.147410 0.148986 0.140643 0.130223 0.152440 0.120754 0.132646 0.160254 0.113724 0.157819 0.101319 0.097171 0.099970 0.156866 0.152440 0.111583 0.154945 0.110258 0.138116 0.094742 0.050423 0.080927 0.103447 0.049934 0.085232 0.073067 0.077145 0.054244 0.079190 0.033250 0.121542 0.108142 0.118764 0.098340 0.113468 0.106102 0.095602 0.100155 0.121176 0.108785 0.033975 0.090735 0.120787 0.091223 0.119841 0.115958 0.115114 0.105633 0.054489 0.016672 0.078946 0.082984 0.091784 0.114675 0.085814 0.105752
 69000.003277 7.689388 0.144079 0.152575 0.154963 0.141787 0.131221 0.155423 0.127280 0.138444 0.164462 0.114070 0.162514 0.102750 0.099498 0.103425 0.163290 0.154709 0.116232 0.162062 0.112911 0.144487 0.097920 0.057740 0.089664 0.110674 0.052347 0.087391 0.079078 0.075898 0.051759 0.085294 0.043360 0.125732 0.109572 0.121264 0.092137 0.111239 0.106031 0.096768 0.107881 0.127020 0.111419 0.036944 0.092983 0.122577 0.091320 0.123649 0.118220 0.117695 0.102039 0.051246 0.012401 0.085715 0.079178 0.090872 0.113444 0.095057 0.108979
 70000.003325 13.437617 0.130907 0.143717 0.143790 0.141864 0.133105 0.152946 0.113678 0.126102 0.158117 0.115464 0.155513 0.099159 0.097090 0.095571 0.152482 0.151107 0.105204 0.150193 0.112261 0.131973 0.097085 0.043343 0.075133 0.098964 0.041175 0.080327 0.065058 0.070566 0.051518 0.072921 0.028867 0.121243 0.112024 0.117698 0.103674 0.118851 0.109805 0.088313 0.094558 0.118107 0.104517 0.032428 0.097748 0.123399 0.098412 0.124289 0.116775 0.118870 0.111803 0.063043 0.016394 0.072132 0.090067 0.096769 0.117309 0.082784 0.102627
 71000.003372 15.692533 0.139470 0.150015 0.150732 0.144443 0.134659 0.156430 0.122033 0.133705 0.163300 0.117650 0.159904 0.102822 0.101750 0.101397 0.159760 0.155251 0.111793 0.158150 0.116155 0.139369 0.101821 0.050392 0.084005 0.105195 0.044327 0.080036 0.072518 0.068851 0.046306 0.077707 0.038147 0.125012 0.112674 0.118654 0.096309 0.114249 0.108555 0.089439 0.101723 0.123346 0.105799 0.031032 0.098030 0.122585 0.095790 0.125550 0.118185 0.121150 0.105993 0.057976 0.017716 0.077817 0.084221 0.095871 0.114890 0.088660 0.107678
 72000.003420 9.904065 0.136813 0.149122 0.149043 0.145723 0.136589 0.157652 0.119304 0.131253 0.163293 0.118500 0.160313 0.102554 0.101447 0.100073 0.158045 0.155333 0.109366 0.156118 0.117313 0.137067 0.102374 0.049106 0.082241 0.104564 0.042544 0.081957 0.069565 0.069250 0.049258 0.077478 0.037541 0.125486 0.114536 0.120490 0.099354 0.117734 0.110487 0.088928 0.100625 0.122634 0.107261 0.034876 0.100049 0.125255 0.098843 0.127650 0.119712 0.121850 0.109810 0.061234 0.014074 0.076999 0.087698 0.097363 0.117503 0.088957 0.107074
 73000.003467 3.892766 0.140657 0.149747 0.152204 0.140970 0.131508 0.154885 0.123110 0.135304 0.163498 0.112757 0.162197 0.100617 0.096945 0.100008 0.160736 0.153620 0.112081 0.160005 0.112448 0.140819 0.095725 0.056467 0.088010 0.110415 0.051868 0.089484 0.075234 0.077546 0.056054 0.084948 0.040525 0.124933 0.109968 0.122201 0.095084 0.114039 0.106897 0.096533 0.105713 0.125443 0.112913 0.041051 0.093616 0.124090 0.092786 0.124356 0.118734 0.117376 0.106375 0.053987 0.008824 0.083217 0.082732 0.090441 0.114459 0.095089 0.107449
 74000.003515 9.163193 0.132654 0.143614 0.145306 0.138068 0.128673 0.150955 0.114946 0.128255 0.158709 0.109497 0.158059 0.094944 0.091238 0.092764 0.153412 0.149779 0.104774 0.152677 0.107255 0.133726 0.090894 0.050675 0.080501 0.106153 0.051545 0.091099 0.066689 0.080205 0.061576 0.081878 0.032035 0.122407 0.110524 0.123551 0.104553 0.120640 0.110156 0.097071 0.099423 0.121575 0.113546 0.044109 0.094510 0.127087 0.096779 0.124847 0.119552 0.115516 0.114137 0.061009 0.013537 0.077702 0.090632 0.091714 0.119514 0.090426 0.101894
 75000.003562 8.480939 0.136009 0.146573 0.147771 0.141059 0.131677 0.153375 0.118769 0.130663 0.160173 0.113721 0.157920 0.099129 0.096911 0.097667 0.156258 0.151994 0.108708 0.154888 0.111777 0.136420 0.096891 0.049044 0.081183 0.104043 0.045634 0.083311 0.069863 0.072751 0.051828 0.077877 0.034473 0.122536 0.110575 0.118878 0.099356 0.116017 0.107860 0.091405 0.099623 0.121159 0.107172 0.034197 0.095719 0.122988 0.095508 0.124158 0.117092 0.117889 0.108531 0.058422 0.013024 0.077215 0.086097 0.093542 0.115691 0.088090 0.104186
 76000.003610 6.464420 0.134108 0.144091 0.146706 0.136326 0.126158 0.149090 0.117907 0.130533 0.157970 0.108046 0.157557 0.096237 0.091270 0.095492 0.153860 0.149027 0.108164 0.153322 0.105686 0.135792 0.089337 0.053273 0.081831 0.106014 0.053888 0.092110 0.070417 0.082192 0.061431 0.083243 0.033823 0.120100 0.106429 0.121894 0.100425 0.116007 0.106099 0.099295 0.100439 0.120532 0.113951 0.042938 0.088839 0.123445 0.091269 0.119977 0.116757 0.111318 0.108725 0.054877 0.011371 0.080245 0.084837 0.087868 0.116533 0.090220 0.102935
 77000.003657 13.319149 0.136948 0.146001 0.148559 0.137476 0.127436 0.150260 0.120347 0.132415 0.159146 0.109922 0.157464 0.098289 0.093567 0.097507 0.156507 0.150271 0.110361 0.155416 0.107183 0.138198 0.090585 0.053622 0.083506 0.106016 0.052910 0.088610 0.074217 0.080453 0.057746 0.082107 0.034006 0.121189 0.106708 0.119550 0.097690 0.112794 0.104878 0.098286 0.102002 0.122118 0.110975 0.037976 0.088698 0.121135 0.089822 0.119349 0.115788 0.113285 0.105255 0.052530 0.016321 0.081359 0.082182 0.089003 0.113825 0.089149 0.104017
 78000.003705 8.781441 0.133467 0.143180 0.145888 0.135995 0.126346 0.148785 0.116991 0.130219 0.157642 0.108375 0.157148 0.096605 0.091593 0.095211 0.153317 0.148647 0.107471 0.152804 0.105772 0.135191 0.089258 0.051616 0.080400 0.104689 0.053521 0.090865 0.069021 0.081540 0.061609 0.081849 0.033555 0.119102 0.105732 0.120534 0.100962 0.116028 0.105804 0.097840 0.099313 0.119990 0.112331 0.042827 0.089396 0.122711 0.091480 0.119927 0.115600 0.111374 0.109656 0.056170 0.013253 0.078718 0.085953 0.087221 0.115310 0.088936 0.103559
 79000.003752 11.956055 0.139659 0.149890 0.151934 0.142040 0.131574 0.154519 0.123722 0.135408 0.162321 0.114331 0.160199 0.102305 0.097962 0.101925 0.159476 0.154149 0.114055 0.158041 0.111463 0.141002 0.095877 0.052411 0.083443 0.106107 0.051069 0.087588 0.075198 0.078961 0.055771 0.081310 0.034853 0.123171 0.109174 0.120350 0.098707 0.114273 0.106541 0.097467 0.102675 0.122727 0.110910 0.035213 0.091059 0.122193 0.091767 0.121221 0.117413 0.115875 0.106516 0.053949 0.015464 0.081656 0.083265 0.092219 0.115867 0.088431 0.106837
 80000.003800 7.105706 0.139294 0.150986 0.151084 0.144946 0.134811 0.157860 0.121395 0.132794 0.164436 0.116727 0.161720 0.101101 0.099792 0.099619 0.160411 0.155764 0.110370 0.158274 0.115814 0.138907 0.100974 0.052209 0.085633 0.108072 0.045106 0.083479 0.072722 0.069916 0.048766 0.080745 0.039753 0.127768 0.115248 0.122619 0.097220 0.117078 0.111142 0.091118 0.103880 0.125745 0.109227 0.036100 0.099940 0.126594 0.098492 0.128695 0.121468 0.122725 0.108117 0.059515 0.011921 0.080074 0.086097 0.097149 0.117804 0.092407 0.106126
 81000.003847 4.545014 0.133998 0.145694 0.147369 0.139700 0.129209 0.152201 0.117373 0.130286 0.159991 0.111261 0.159328 0.097740 0.093179 0.095983 0.154881 0.151839 0.107911 0.153476 0.108273 0.135178 0.092097 0.050454 0.080288 0.105893 0.052028 0.090864 0.068853 0.080386 0.060251 0.082065 0.032410 0.122361 0.109749 0.123642 0.102867 0.119466 0.109734 0.097973 0.099722 0.121647 0.114049 0.041961 0.092976 0.126052 0.095117 0.123152 0.119181 0.115207 0.112042 0.058692 0.009534 0.078512 0.088180 0.091672 0.119238 0.089595 0.103588
 82000.003895 14.517457 0.138354 0.149076 0.150180 0.144849 0.136629 0.157017 0.120854 0.133365 0.163553 0.118779 0.160860 0.104539 0.102675 0.102044 0.159058 0.155209 0.111690 0.157688 0.117530 0.139394 0.101523 0.049934 0.082442 0.103669 0.043171 0.081612 0.070971 0.070141 0.049727 0.077114 0.038008 0.123788 0.112342 0.118373 0.098566 0.115783 0.108467 0.089010 0.100798 0.122183 0.106144 0.033660 0.098199 0.123187 0.096916 0.125696 0.117424 0.120386 0.108344 0.059502 0.017040 0.077580 0.086294 0.095624 0.114801 0.088806 0.109518
 83000.003942 3.947170 0.135179 0.146399 0.147957 0.140689 0.131427 0.153630 0.117981 0.130820 0.161042 0.112602 0.160067 0.098843 0.095150 0.096880 0.156015 0.152069 0.108074 0.154977 0.111143 0.136224 0.094552 0.051347 0.081990 0.106288 0.049607 0.089597 0.069109 0.077780 0.058548 0.081663 0.035462 0.123095 0.110703 0.122769 0.101367 0.118652 0.109123 0.095317 0.100892 0.122146 0.112585 0.042280 0.094755 0.126082 0.096024 0.124787 0.119046 0.116466 0.111626 0.059062 0.008885 0.078886 0.088033 0.092100 0.117812 0.091125 0.104997
 84000.003990 8.874028 0.132165 0.146150 0.145691 0.143732 0.133862 0.155067 0.115243 0.127707 0.160429 0.116163 0.157907 0.099448 0.097170 0.096249 0.154049 0.153341 0.105801 0.151616 0.112968 0.132813 0.098134 0.044573 0.076615 0.101994 0.044086 0.083938 0.065447 0.073161 0.054041 0.076052 0.030378 0.123610 0.113663 0.121535 0.104797 0.121140 0.112016 0.091283 0.096543 0.120391 0.108470 0.036199 0.098471 0.126398 0.099496 0.126228 0.119855 0.119833 0.113771 0.063518 0.013322 0.073672 0.091278 0.097146 0.120367 0.084973 0.103343
 85000.004037 8.800827 0.136498 0.147295 0.148606 0.140653 0.130909 0.153973 0.118392 0.131176 0.162406 0.111606 0.161519 0.096646 0.094249 0.095178 0.157154 0.153066 0.106803 0.156260 0.110450 0.136655 0.094697 0.054796 0.085395 0.110361 0.052926 0.092043 0.069685 0.079263 0.059929 0.085349 0.038798 0.125719 0.112542 0.125871 0.101869 0.120531 0.111668 0.097530 0.103693 0.125506 0.115484 0.045445 0.097240 0.129005 0.097906 0.128091 0.122059 0.118340 0.113122 0.060533 0.013267 0.080921 0.089625 0.092279 0.119840 0.095455 0.104688
 86000.004085 5.019867 0.135962 0.146128 0.148957 0.137200 0.126606 0.150754 0.119590 0.132477 0.160161 0.108175 0.160177 0.096844 0.090772 0.096167 0.156146 0.150714 0.109450 0.155407 0.105773 0.137565 0.088409 0.055448 0.083847 0.108844 0.056840 0.095473 0.072587 0.085205 0.064373 0.086326 0.035260 0.122078 0.107344 0.124716 0.101053 0.117301 0.107421 0.102374 0.102968 0.123117 0.117373 0.046200 0.088710 0.125566 0.091681 0.121077 0.118753 0.112087 0.110032 0.054661 0.010020 0.082841 0.085586 0.087889 0.117802 0.092887 0.103960
 87000.004132 17.446861 0.136217 0.147398 0.149375 0.141669 0.131956 0.153519 0.120897 0.132879 0.160025 0.114725 0.157972 0.103024 0.097799 0.101588 0.156535 0.152618 0.112674 0.154963 0.111744 0.137889 0.095398 0.050517 0.080192 0.103010 0.050363 0.087277 0.073308 0.079834 0.058315 0.078871 0.032586 0.120895 0.108503 0.118790 0.100663 0.114771 0.105794 0.096601 0.099214 0.119170 0.109943 0.036580 0.090188 0.120685 0.091616 0.118963 0.115794 0.114714 0.107985 0.055997 0.018680 0.079106 0.084677 0.092829 0.115715 0.084875 0.106104
 88000.004180 4.534590 0.138803 0.147956 0.150928 0.138741 0.128489 0.152114 0.122289 0.134814 0.161429 0.110840 0.160650 0.099925 0.094915 0.099537 0.158567 0.151975 0.112224 0.157946 0.109314 0.139963 0.092267 0.055329 0.085510 0.108440 0.053690 0.091057 0.074544 0.080353 0.058292 0.084629 0.037467 0.122344 0.107225 0.122037 0.096424 0.113634 0.105714 0.098859 0.103792 0.123476 0.113884 0.041320 0.089476 0.123075 0.090309 0.120737 0.117274 0.113615 0.105691 0.051993 0.009523 0.082589 0.081771 0.088353 0.114583 0.092649 0.106619
 89000.004227 8.695807 0.135072 0.146023 0.147578 0.140685 0.131494 0.152976 0.117851 0.130519 0.160282 0.113448 0.158474 0.099754 0.096204 0.097450 0.155944 0.151852 0.108647 0.154578 0.111316 0.136308 0.094559 0.049991 0.081010 0.104062 0.047143 0.085813 0.070109 0.075624 0.054911 0.078915 0.032354 0.122387 0.110306 0.120158 0.100082 0.116245 0.107918 0.093768 0.099559 0.121175 0.109531 0.036820 0.093772 0.123585 0.094566 0.122804 0.117546 0.116733 0.108754 0.057437 0.013188 0.077664 0.085944 0.093158 0.116077 0.088024 0.104868
 90000.004275 5.906956 0.131778 0.143234 0.144643 0.137574 0.127770 0.150017 0.114934 0.127555 0.157498 0.109339 0.156438 0.095216 0.091164 0.093298 0.152464 0.149041 0.105102 0.151162 0.106620 0.132905 0.090695 0.049472 0.078971 0.104129 0.050413 0.089346 0.067294 0.079258 0.059644 0.080338 0.031063 0.120987 0.108930 0.121737 0.102941 0.118555 0.108393 0.096201 0.098225 0.120081 0.111741 0.041401 0.092493 0.124866 0.094881 0.122514 0.117725 0.114113 0.111576 0.058919 0.010869 0.077161 0.088286 0.090998 0.117998 0.088180 0.100999
 91000.004322 10.555182 0.131364 0.145387 0.145047 0.142934 0.132815 0.154260 0.113988 0.126932 0.160311 0.114740 0.158204 0.097440 0.095508 0.094320 0.153424 0.153039 0.104241 0.151500 0.111842 0.131962 0.096783 0.045958 0.077595 0.103773 0.046012 0.086367 0.064394 0.074757 0.055784 0.077997 0.029336 0.124634 0.114747 0.124046 0.106209 0.123097 0.113859 0.093076 0.096809 0.121271 0.111158 0.039092 0.099053 0.128766 0.100622 0.127540 0.121929 0.120045 0.115318 0.064254 0.014529 0.073666 0.092608 0.097496 0.122557 0.086998 0.102687
 92000.004370 9.424194 0.133134 0.144398 0.146215 0.138227 0.128051 0.150385 0.116757 0.129528 0.158274 0.110245 0.157002 0.097011 0.092495 0.095428 0.153811 0.150069 0.107420 0.152551 0.107007 0.134733 0.090929 0.049341 0.079171 0.103936 0.050844 0.088740 0.069127 0.079671 0.058891 0.080014 0.029302 0.121008 0.108588 0.121135 0.102302 0.117260 0.107822 0.097002 0.098359 0.120134 0.111497 0.039012 0.091073 0.123740 0.093286 0.121071 0.117438 0.113917 0.110115 0.057370 0.013729 0.077407 0.086941 0.091227 0.117490 0.086596 0.102512
 93000.004417 19.673747 0.129774 0.142849 0.143012 0.140801 0.131831 0.151463 0.113110 0.125913 0.157316 0.114494 0.154503 0.099066 0.095795 0.095086 0.151193 0.150497 0.104724 0.148861 0.110374 0.131377 0.094578 0.044104 0.074183 0.098742 0.045818 0.083703 0.065083 0.076493 0.056745 0.074083 0.025741 0.120084 0.110331 0.118376 0.105402 0.118562 0.108848 0.092679 0.094221 0.117545 0.107037 0.035310 0.094139 0.122608 0.096009 0.121519 0.116481 0.116260 0.112320 0.061718 0.019836 0.072841 0.090068 0.094952 0.117682 0.080890 0.102519
 94000.004465 13.131723 0.134260 0.145696 0.147013 0.141290 0.131864 0.152920 0.117371 0.130400 0.160165 0.114141 0.157979 0.099968 0.096895 0.097621 0.155023 0.152240 0.108041 0.154011 0.111840 0.135320 0.095865 0.048416 0.079787 0.103538 0.047883 0.085956 0.068178 0.076437 0.055832 0.078167 0.030800 0.121882 0.110261 0.120238 0.101597 0.117098 0.108308 0.093970 0.098147 0.120159 0.109797 0.037093 0.093843 0.123444 0.094524 0.122565 0.117737 0.116463 0.110294 0.058543 0.016206 0.075707 0.087187 0.093106 0.117048 0.086176 0.105330
 95000.004512 11.273779 0.133815 0.146143 0.146471 0.143649 0.134890 0.155217 0.116266 0.129260 0.161080 0.117137 0.158439 0.101204 0.099452 0.097951 0.155290 0.153492 0.107061 0.153634 0.115029 0.134268 0.099558 0.045416 0.078271 0.101967 0.042504 0.081652 0.066229 0.070435 0.051255 0.075272 0.032595 0.122898 0.112659 0.119243 0.101977 0.118783 0.110314 0.088625 0.096986 0.120317 0.106355 0.034360 0.098823 0.124491 0.098386 0.125955 0.118074 0.120162 0.111776 0.062290 0.015016 0.073232 0.089459 0.096064 0.117188 0.085882 0.106001
 96000.004560 16.692703 0.131953 0.141552 0.144675 0.134551 0.124319 0.146131 0.117518 0.129619 0.154107 0.107733 0.153464 0.097843 0.091621 0.097315 0.150913 0.146526 0.109818 0.150239 0.104056 0.134482 0.088264 0.050728 0.077829 0.100860 0.053758 0.089451 0.070862 0.082561 0.061281 0.079396 0.030901 0.115597 0.102696 0.117195 0.100187 0.112845 0.102415 0.098508 0.096538 0.115640 0.110278 0.039419 0.084534 0.118233 0.087591 0.114098 0.112142 0.107702 0.106075 0.053433 0.018272 0.078380 0.082612 0.086973 0.113836 0.083883 0.102307
 97000.004607 7.716340 0.140153 0.146911 0.150881 0.135744 0.125810 0.149586 0.123905 0.135605 0.159354 0.107997 0.158561 0.098880 0.093467 0.099703 0.158408 0.149432 0.113419 0.158222 0.106729 0.141173 0.090118 0.058254 0.087744 0.108956 0.056196 0.091169 0.077718 0.082082 0.059027 0.085742 0.040352 0.120304 0.103663 0.118957 0.092760 0.109266 0.101496 0.099857 0.105418 0.122979 0.112388 0.041081 0.086028 0.119188 0.086244 0.117794 0.113955 0.110848 0.101758 0.047816 0.012423 0.085361 0.077777 0.084540 0.110555 0.093528 0.105706
 98000.004655 20.011420 0.132361 0.145903 0.145577 0.144749 0.135929 0.155458 0.115069 0.127642 0.160336 0.118180 0.156879 0.101210 0.099328 0.097265 0.154217 0.153679 0.106445 0.151761 0.114543 0.133432 0.099322 0.042707 0.075443 0.099624 0.041796 0.080667 0.065826 0.072416 0.052486 0.072710 0.026543 0.123150 0.114140 0.118795 0.105888 0.120186 0.111247 0.089806 0.095246 0.119224 0.105521 0.031379 0.098642 0.124325 0.099454 0.125322 0.118564 0.120785 0.113634 0.063990 0.020006 0.072424 0.091736 0.099051 0.119135 0.081491 0.104130
 99000.004702 8.368031 0.135239 0.147704 0.147833 0.144086 0.134523 0.156008 0.117909 0.129617 0.161282 0.116476 0.158697 0.100315 0.098648 0.098095 0.156459 0.153724 0.108392 0.154346 0.114489 0.135600 0.099766 0.047111 0.080027 0.103229 0.042264 0.081784 0.068725 0.069998 0.050075 0.076269 0.034085 0.124572 0.114178 0.120234 0.101334 0.118762 0.110744 0.089408 0.098877 0.121253 0.106793 0.033740 0.099181 0.125237 0.099126 0.126695 0.119326 0.121007 0.110794 0.061887 0.012937 0.075995 0.088696 0.097839 0.118447 0.087184 0.104009
 100000.004750 12.754421 0.133553 0.142517 0.146240 0.133542 0.123020 0.146408 0.118697 0.131197 0.155598 0.105484 0.155763 0.096279 0.089099 0.096339 0.152499 0.146820 0.109800 0.152288 0.102397 0.135802 0.085629 0.054258 0.080922 0.105041 0.057894 0.094510 0.072377 0.086635 0.065549 0.084064 0.033615 0.117084 0.102555 0.120461 0.100436 0.114123 0.103112 0.102268 0.099774 0.118423 0.114630 0.044954 0.083632 0.120659 0.087363 0.115425 0.113994 0.107076 0.107553 0.052564 0.015971 0.081427 0.083212 0.084659 0.114895 0.088523 0.102433
 101000.004797 13.655450 0.131035 0.142693 0.143660 0.140081 0.131649 0.151328 0.113784 0.126900 0.157633 0.113893 0.155551 0.098986 0.096207 0.095433 0.151948 0.150166 0.105405 0.150448 0.110940 0.132519 0.094993 0.045241 0.075990 0.099658 0.044506 0.083024 0.064827 0.073969 0.054903 0.074565 0.029262 0.119685 0.109678 0.117755 0.103196 0.117780 0.108121 0.090691 0.095069 0.117777 0.106385 0.035513 0.095083 0.122499 0.096084 0.122375 0.115749 0.116226 0.111401 0.061167 0.016526 0.073166 0.088991 0.093658 0.116171 0.083744 0.103617
 102000.004845 10.466608 0.130207 0.141552 0.143391 0.136625 0.127254 0.148689 0.113541 0.127069 0.156594 0.109012 0.156064 0.095519 0.091011 0.092991 0.150814 0.148138 0.104588 0.150006 0.105938 0.132227 0.089504 0.048857 0.077254 0.102697 0.051312 0.090499 0.065165 0.080833 0.062155 0.079883 0.029883 0.119251 0.107770 0.121527 0.104779 0.119342 0.108232 0.096795 0.096633 0.118632 0.112276 0.043317 0.091600 0.124794 0.094658 0.121418 0.116989 0.112340 0.113050 0.060013 0.014468 0.075905 0.089562 0.089960 0.118168 0.087051 0.101854
 103000.004892 9.753405 0.140190 0.146807 0.151425 0.134122 0.124076 0.149005 0.123237 0.135882 0.160806 0.105014 0.161644 0.095983 0.090335 0.097123 0.158892 0.149294 0.111534 0.159631 0.105234 0.141141 0.087321 0.063137 0.091487 0.114158 0.061134 0.098281 0.077599 0.086406 0.064982 0.091824 0.043790 0.122516 0.105002 0.124745 0.094511 0.112771 0.104418 0.104289 0.108334 0.126066 0.119377 0.050416 0.086958 0.124349 0.088137 0.120682 0.117950 0.110461 0.105231 0.049824 0.013967 0.087796 0.080591 0.083041 0.113578 0.100038 0.105839
 104000.004940 14.383971 0.131019 0.143532 0.144711 0.141880 0.133885 0.153068 0.114649 0.127798 0.158170 0.116028 0.156469 0.101637 0.098116 0.098184 0.152327 0.151113 0.107532 0.150871 0.113007 0.132970 0.096931 0.042873 0.073728 0.097931 0.042763 0.082940 0.064827 0.073875 0.055941 0.072833 0.028391 0.119074 0.110100 0.117147 0.105354 0.119382 0.108411 0.089615 0.093412 0.115942 0.105686 0.035145 0.095802 0.122622 0.097414 0.122405 0.115217 0.116548 0.113485 0.063266 0.016961 0.072034 0.090796 0.095287 0.117097 0.081931 0.104911
 105000.004987 4.958375 0.139468 0.149901 0.151786 0.140507 0.128985 0.153841 0.122825 0.134591 0.162626 0.111421 0.161377 0.098399 0.094503 0.098641 0.159846 0.153607 0.111805 0.158287 0.108822 0.140011 0.093900 0.053476 0.085246 0.109599 0.052836 0.089537 0.074686 0.078310 0.055677 0.084511 0.036493 0.125700 0.110993 0.124120 0.098712 0.116851 0.109663 0.098416 0.104388 0.125788 0.113615 0.038686 0.093673 0.126071 0.094275 0.124805 0.120534 0.117501 0.108074 0.055723 0.009958 0.082328 0.084927 0.092361 0.118273 0.092495 0.104710
 106000.005035 4.797373 0.141287 0.150258 0.152756 0.140036 0.129380 0.153817 0.124221 0.135847 0.162890 0.111314 0.161400 0.099423 0.095310 0.099691 0.160971 0.153228 0.112995 0.159881 0.109906 0.141698 0.093829 0.056683 0.088075 0.110652 0.053396 0.089964 0.076974 0.079072 0.055838 0.085584 0.038918 0.125246 0.109567 0.122796 0.095303 0.113428 0.106779 0.098873 0.106363 0.126081 0.113580 0.039382 0.091561 0.123911 0.091581 0.123101 0.119070 0.116437 0.104902 0.051921 0.009795 0.084663 0.081479 0.090442 0.115234 0.094279 0.105846
 107000.005082 9.880784 0.136151 0.148733 0.148893 0.145534 0.136617 0.157468 0.118760 0.130881 0.162936 0.118466 0.160186 0.102812 0.100732 0.099879 0.157706 0.155126 0.109624 0.155529 0.116477 0.137059 0.100685 0.047668 0.080367 0.103136 0.042144 0.082252 0.069550 0.070780 0.050773 0.076449 0.034552 0.124883 0.114322 0.120251 0.101467 0.118585 0.110606 0.089728 0.099616 0.121958 0.107156 0.034073 0.099091 0.125322 0.099033 0.126790 0.119304 0.121345 0.110846 0.061539 0.014058 0.076709 0.088680 0.097971 0.117973 0.087414 0.106573
 108000.005130 12.658794 0.135879 0.145866 0.148441 0.138285 0.127820 0.150567 0.120762 0.132425 0.157875 0.110836 0.156469 0.099904 0.094369 0.099631 0.155471 0.149948 0.112214 0.154276 0.107557 0.137449 0.092126 0.050425 0.080285 0.103325 0.051833 0.087350 0.073603 0.079533 0.057694 0.079648 0.032456 0.119754 0.106333 0.118274 0.099159 0.113594 0.104559 0.096932 0.099328 0.119111 0.109401 0.036601 0.088445 0.120055 0.090074 0.118040 0.114607 0.112580 0.106511 0.054498 0.015912 0.079427 0.083229 0.090313 0.114670 0.085394 0.103816
 109000.005177 4.098957 0.139529 0.150400 0.152036 0.143074 0.133016 0.156374 0.122253 0.134527 0.164092 0.114803 0.162693 0.101197 0.097797 0.100108 0.160337 0.155044 0.111983 0.158891 0.113108 0.140261 0.096956 0.052424 0.084724 0.108289 0.049033 0.087960 0.073259 0.075908 0.054772 0.082496 0.037347 0.125777 0.112401 0.123234 0.099385 0.117715 0.109985 0.095351 0.103756 0.125098 0.112083 0.038592 0.096113 0.126515 0.096435 0.126244 0.120318 0.119211 0.109485 0.057769 0.009054 0.081243 0.086336 0.094091 0.117821 0.092524 0.106854
 110000.005225 7.057690 0.132188 0.144697 0.145516 0.140048 0.130159 0.152496 0.114879 0.128211 0.159872 0.111671 0.158842 0.096728 0.092888 0.093896 0.153737 0.151437 0.104730 0.152376 0.109395 0.132853 0.092800 0.049970 0.079939 0.106122 0.050959 0.090868 0.066305 0.079409 0.060783 0.081783 0.032353 0.123295 0.111509 0.124737 0.104221 0.121170 0.111389 0.096711 0.098973 0.122020 0.114279 0.044343 0.095256 0.127934 0.097187 0.125207 0.120719 0.116724 0.114212 0.061285 0.011881 0.076612 0.090575 0.092776 0.120296 0.089995 0.103104
 111000.005272 4.191958 0.139668 0.148584 0.151682 0.138222 0.127639 0.151947 0.123273 0.135560 0.161700 0.109745 0.161111 0.099004 0.093971 0.099423 0.159139 0.151923 0.112645 0.158541 0.108045 0.140836 0.091678 0.056702 0.086626 0.109811 0.055389 0.092529 0.075683 0.081783 0.059456 0.086238 0.038865 0.122933 0.107096 0.122779 0.096454 0.113851 0.105878 0.100284 0.105186 0.124518 0.114902 0.042279 0.089282 0.123659 0.090247 0.121348 0.117782 0.113304 0.105877 0.051723 0.009156 0.084225 0.081899 0.087564 0.114992 0.094022 0.106144
 112000.005320 10.690486 0.137925 0.148160 0.149682 0.141575 0.132048 0.154276 0.120486 0.132691 0.161956 0.113952 0.159474 0.100256 0.097135 0.098643 0.158387 0.153285 0.110028 0.157051 0.112190 0.138337 0.095948 0.051861 0.083777 0.106492 0.048884 0.085861 0.072585 0.076105 0.054046 0.080553 0.034675 0.123990 0.110690 0.120409 0.098244 0.114903 0.107568 0.094696 0.102082 0.123278 0.109868 0.036170 0.093879 0.123127 0.093653 0.123476 0.118134 0.117906 0.107491 0.055794 0.014622 0.079500 0.084630 0.092840 0.115370 0.089548 0.105782
 113000.005367 19.077549 0.127333 0.140002 0.141486 0.137963 0.129366 0.148808 0.111217 0.125182 0.155177 0.111757 0.154041 0.097863 0.093074 0.094086 0.148587 0.148242 0.104098 0.147333 0.107716 0.129895 0.090898 0.043837 0.071982 0.098026 0.048563 0.087916 0.062602 0.080476 0.062179 0.075067 0.023152 0.117228 0.107994 0.119184 0.107942 0.120331 0.108368 0.094940 0.091964 0.114965 0.109744 0.040153 0.091778 0.123129 0.095439 0.119635 0.115497 0.112719 0.114737 0.062388 0.019533 0.071929 0.091627 0.092578 0.118506 0.081086 0.102204
 114000.005415 9.039006 0.138723 0.146278 0.149633 0.135286 0.124937 0.149176 0.121847 0.133934 0.159553 0.106858 0.158788 0.096250 0.091384 0.096613 0.157557 0.149311 0.110508 0.157222 0.105279 0.139593 0.088692 0.058105 0.087491 0.109946 0.056868 0.092559 0.075848 0.082695 0.060207 0.086754 0.039072 0.121669 0.105275 0.121498 0.095177 0.111839 0.103975 0.100912 0.105398 0.124322 0.114212 0.043273 0.087504 0.122025 0.088325 0.119840 0.116317 0.111617 0.104158 0.050205 0.013445 0.084706 0.080456 0.085266 0.113066 0.094313 0.104153
 115000.005462 8.069224 0.137777 0.147723 0.149583 0.139749 0.129122 0.152389 0.121529 0.132696 0.159914 0.111704 0.158106 0.099080 0.095148 0.098845 0.157336 0.151794 0.111552 0.155708 0.108772 0.138667 0.094007 0.051991 0.082782 0.105685 0.050613 0.086608 0.073866 0.077623 0.054800 0.080904 0.035024 0.122437 0.108724 0.119829 0.098194 0.114266 0.106414 0.096457 0.101873 0.122066 0.109892 0.035074 0.091538 0.121897 0.092211 0.121359 0.116809 0.115506 0.106174 0.054578 0.012704 0.081121 0.083247 0.091773 0.115699 0.088759 0.103683
 116000.005510 4.353046 0.134715 0.146850 0.148291 0.142078 0.132468 0.154620 0.117694 0.130929 0.161666 0.113793 0.160757 0.099641 0.095746 0.097471 0.156055 0.153324 0.108391 0.154983 0.111856 0.135783 0.095322 0.050028 0.080787 0.106159 0.049663 0.090091 0.068334 0.078485 0.059213 0.081287 0.032983 0.123684 0.111862 0.123961 0.103383 0.120611 0.110789 0.095955 0.099810 0.121863 0.113678 0.042074 0.095520 0.127244 0.097123 0.125332 0.120283 0.117419 0.113530 0.060425 0.009331 0.077679 0.089640 0.093723 0.119915 0.090131 0.105473
 117000.005557 10.137453 0.143109 0.151378 0.153581 0.140676 0.130606 0.154541 0.125800 0.137103 0.163901 0.113193 0.161796 0.101598 0.098579 0.101763 0.162533 0.153707 0.114047 0.161292 0.112831 0.143069 0.096974 0.058939 0.090528 0.111216 0.052456 0.087772 0.078575 0.075674 0.052250 0.085967 0.044366 0.125668 0.109402 0.121315 0.090864 0.110331 0.105587 0.096418 0.108106 0.127302 0.111638 0.039006 0.092935 0.122470 0.090903 0.123569 0.118176 0.117559 0.101214 0.050852 0.014239 0.085596 0.078629 0.089957 0.112193 0.096137 0.108402
 118000.005605 11.556287 0.132230 0.144086 0.145446 0.138349 0.128167 0.150809 0.115295 0.128277 0.158532 0.109487 0.157478 0.095017 0.090626 0.092963 0.153197 0.150163 0.105137 0.151811 0.105913 0.133628 0.090018 0.049383 0.078869 0.105253 0.052665 0.091261 0.067246 0.082203 0.062498 0.081366 0.029097 0.122278 0.110261 0.123488 0.105851 0.120667 0.110184 0.098723 0.098802 0.121284 0.113638 0.042714 0.092945 0.126487 0.095937 0.123539 0.119557 0.114915 0.114252 0.060606 0.015203 0.077631 0.090845 0.092048 0.120208 0.087837 0.101029
 119000.005652 9.855652 0.146045 0.152493 0.156396 0.139197 0.128881 0.154047 0.129269 0.140453 0.164238 0.110631 0.163165 0.101362 0.096913 0.103338 0.164352 0.153250 0.117024 0.164379 0.111362 0.145896 0.095133 0.063437 0.094486 0.115287 0.058061 0.093476 0.082295 0.081626 0.058052 0.090633 0.047023 0.125618 0.107427 0.122693 0.089384 0.109134 0.103546 0.101429 0.111329 0.128155 0.115845 0.044159 0.089491 0.122060 0.087823 0.121999 0.118090 0.115038 0.100775 0.047383 0.014040 0.089742 0.076613 0.086615 0.111688 0.099816 0.108926
 120000.005700 7.996343 0.137430 0.146967 0.148800 0.139244 0.129837 0.152557 0.119534 0.131905 0.161280 0.111546 0.159678 0.098236 0.094986 0.096702 0.157630 0.151858 0.108598 0.156430 0.110223 0.137713 0.093467 0.054590 0.085252 0.108024 0.050945 0.088242 0.072544 0.077230 0.055895 0.083097 0.037970 0.123641 0.109574 0.121624 0.097187 0.114897 0.107522 0.095837 0.103362 0.124335 0.111647 0.040239 0.093518 0.124148 0.093517 0.123793 0.118209 0.116691 0.107016 0.055275 0.012646 0.081099 0.084092 0.090568 0.114796 0.093072 0.105049
