#! FIELDS time restraint.bias r0 r1 r2 r3 r4 r5 r6 r7 r8 r9 r10 r11 r12 r13 r14 r15 r16 r17 r18 r19 r20 r21 r22 r23 r24 r25 r26 r27 r28 r29 r30 r31 r32 r33 r34 r35 r36 r37 r38 r39 r40 r41 r42 r43 r44 r45 r46 r47 r48 r49 r50 r51 r52 r53 r54 r55 r56
 820000.038948 1.791367 0.111531 0.120871 0.109504 0.108974 0.090851 0.119963 0.092247 0.084580 0.124280 0.072801 0.119404 0.014188 0.039393 0.022353 0.126641 0.117043 0.057902 0.115353 0.061951 0.099988 0.073697 0.107555 0.116581 0.139661 0.111116 0.112238 0.100368 0.109266 0.102639 0.124759 0.094271 0.150167 0.143313 0.148468 0.134168 0.144840 0.146218 0.128958 0.127403 0.150361 0.122948 0.104433 0.130926 0.153945 0.137594 0.155237 0.152600 0.138660 0.132253 0.117231 0.098095 0.118058 0.131579 0.125527 0.150922 0.127146 0.023814
 821000.038995 1.099298 0.112853 0.120370 0.111271 0.106171 0.088134 0.118821 0.093704 0.087887 0.124781 0.068395 0.121512 0.011114 0.033932 0.024973 0.127159 0.116264 0.060178 0.117506 0.058920 0.102196 0.068871 0.108915 0.117415 0.141919 0.113169 0.118769 0.099546 0.115013 0.106942 0.128063 0.093808 0.147600 0.139387 0.152365 0.134835 0.145663 0.143884 0.134698 0.128550 0.149824 0.129577 0.106898 0.126336 0.155221 0.134174 0.152557 0.152135 0.133900 0.132979 0.114131 0.095727 0.119708 0.130393 0.119810 0.151887 0.130181 0.026952
 822000.039043 3.757032 0.118855 0.115970 0.117138 0.090422 0.070626 0.107659 0.102784 0.102705 0.122863 0.048295 0.126371 0.020547 0.016305 0.043690 0.128679 0.108603 0.077838 0.126310 0.039664 0.113387 0.049554 0.113951 0.121802 0.145103 0.119454 0.129862 0.105855 0.122883 0.110676 0.135048 0.095344 0.138166 0.125606 0.153625 0.125980 0.137817 0.133217 0.145015 0.131698 0.146702 0.142060 0.109459 0.111578 0.150322 0.120977 0.140685 0.144203 0.118781 0.124419 0.103947 0.094079 0.124934 0.119975 0.105041 0.144066 0.135126 0.045418
 823000.039090 1.739444 0.118674 0.125367 0.114305 0.110395 0.092123 0.122729 0.098529 0.089779 0.128386 0.073510 0.122609 0.013981 0.043612 0.028015 0.132401 0.119830 0.062118 0.121680 0.065491 0.105703 0.077753 0.111605 0.123119 0.144498 0.112225 0.109349 0.105630 0.105257 0.099606 0.127408 0.099106 0.154587 0.146076 0.149391 0.132202 0.144858 0.148110 0.126668 0.133297 0.155581 0.121257 0.104844 0.134119 0.155574 0.139322 0.159187 0.155667 0.142098 0.131357 0.118065 0.100282 0.122451 0.131405 0.126633 0.151692 0.131948 0.029230
 824000.039138 2.716439 0.111817 0.117196 0.111185 0.101189 0.083288 0.114205 0.093158 0.090311 0.123616 0.063846 0.122816 0.017471 0.029682 0.028175 0.126132 0.113540 0.064481 0.118379 0.052220 0.104233 0.060520 0.107076 0.115162 0.139545 0.112362 0.119437 0.099271 0.114670 0.105722 0.126877 0.090512 0.143891 0.135074 0.151071 0.131913 0.143106 0.140900 0.134602 0.126252 0.147556 0.130938 0.104935 0.121593 0.153197 0.130126 0.148140 0.148722 0.129330 0.130344 0.110739 0.094051 0.117794 0.127030 0.116606 0.148511 0.128057 0.035770
 825000.039185 8.011810 0.097381 0.113720 0.098617 0.113210 0.098495 0.119689 0.077955 0.072490 0.117907 0.082351 0.111491 0.030005 0.048715 0.018030 0.115102 0.115254 0.043889 0.102555 0.069654 0.086484 0.080355 0.099026 0.103153 0.129207 0.107746 0.114824 0.085852 0.115487 0.109348 0.116889 0.087194 0.143785 0.142814 0.143941 0.141405 0.146724 0.145720 0.128848 0.114527 0.140021 0.122019 0.104870 0.132553 0.150431 0.140041 0.152911 0.148290 0.138011 0.138521 0.121958 0.097267 0.106819 0.137759 0.128576 0.150652 0.116521 0.026807
 826000.039233 1.926422 0.119563 0.121631 0.115005 0.103761 0.088432 0.119135 0.098858 0.092940 0.126920 0.066168 0.124242 0.014713 0.038343 0.031541 0.132175 0.114941 0.065046 0.124735 0.063360 0.108177 0.070669 0.112992 0.124180 0.145901 0.112867 0.115872 0.104487 0.109641 0.102913 0.130390 0.098492 0.148674 0.138716 0.151508 0.128503 0.142063 0.141372 0.131195 0.133844 0.152721 0.127306 0.106994 0.127234 0.154420 0.132959 0.153829 0.151275 0.134718 0.128716 0.112270 0.096140 0.123572 0.126838 0.117677 0.147798 0.136030 0.035406
 827000.039280 1.102432 0.113720 0.120016 0.110919 0.104619 0.085560 0.116745 0.095470 0.088586 0.123045 0.067487 0.119735 0.011130 0.034723 0.028194 0.126798 0.114706 0.062911 0.117023 0.055798 0.103122 0.070036 0.111464 0.119758 0.143012 0.115476 0.117303 0.104103 0.114169 0.105509 0.129227 0.097109 0.149088 0.140904 0.151106 0.132331 0.143188 0.144439 0.134989 0.130500 0.151373 0.128313 0.106797 0.128251 0.153839 0.135214 0.153106 0.152313 0.135849 0.129593 0.116018 0.100153 0.122422 0.129479 0.123205 0.150903 0.130582 0.024409
 828000.039328 1.655694 0.112545 0.119785 0.109009 0.107627 0.090941 0.119227 0.092417 0.084503 0.123076 0.072040 0.118231 0.013640 0.040355 0.023125 0.126506 0.115397 0.058081 0.116045 0.062910 0.100507 0.074607 0.109436 0.118555 0.140751 0.111765 0.112630 0.101668 0.109762 0.102852 0.125668 0.096072 0.149854 0.143064 0.147704 0.132054 0.142905 0.144851 0.129575 0.128689 0.150402 0.122981 0.104960 0.131442 0.152705 0.137329 0.155152 0.151706 0.139120 0.130266 0.117194 0.099274 0.119701 0.130472 0.125668 0.149298 0.129047 0.022834
 829000.039375 8.315361 0.105160 0.120907 0.102785 0.121139 0.106977 0.127741 0.083412 0.073149 0.123591 0.089919 0.113545 0.030568 0.057947 0.017784 0.122713 0.121303 0.042805 0.108382 0.080272 0.090167 0.091142 0.103226 0.111301 0.133646 0.107210 0.106180 0.092829 0.106840 0.103663 0.117528 0.093903 0.152709 0.152013 0.141340 0.139979 0.146738 0.150611 0.121895 0.121287 0.147040 0.113599 0.104458 0.142916 0.151289 0.147418 0.162118 0.152281 0.149486 0.139006 0.127043 0.101817 0.111099 0.140648 0.137130 0.149571 0.120999 0.026297
 830000.039423 1.569352 0.111817 0.118951 0.111020 0.105460 0.088665 0.118586 0.092258 0.087817 0.124188 0.067693 0.121919 0.013280 0.033159 0.025585 0.126801 0.114923 0.060308 0.118510 0.059957 0.101343 0.068043 0.106230 0.115347 0.139961 0.110393 0.117601 0.097583 0.112692 0.105095 0.125623 0.091038 0.146217 0.138512 0.150452 0.133214 0.144540 0.142424 0.132072 0.125996 0.147493 0.128292 0.104978 0.125718 0.154038 0.133364 0.151743 0.150318 0.133410 0.132326 0.113025 0.093601 0.116678 0.129254 0.119528 0.149931 0.128307 0.028847
 831000.039470 1.515092 0.113486 0.119011 0.112403 0.102474 0.083547 0.115743 0.095015 0.090806 0.123950 0.064129 0.122616 0.013048 0.028959 0.028607 0.127283 0.114317 0.064800 0.119265 0.053461 0.103934 0.063606 0.108837 0.117538 0.141993 0.113726 0.119384 0.101342 0.114613 0.106122 0.128414 0.092899 0.146006 0.136996 0.152402 0.132449 0.143963 0.142326 0.135215 0.128248 0.149241 0.131139 0.106267 0.123611 0.154382 0.131708 0.149928 0.150678 0.131522 0.130875 0.112369 0.095566 0.119701 0.127988 0.118211 0.150292 0.129858 0.030222
 832000.039518 4.864693 0.113518 0.115933 0.113521 0.095190 0.073602 0.109179 0.099090 0.097429 0.120225 0.055096 0.121929 0.023381 0.021822 0.042761 0.123902 0.110145 0.073838 0.119015 0.041545 0.107158 0.056353 0.110559 0.116226 0.141048 0.118431 0.129431 0.101393 0.125707 0.112809 0.131539 0.093406 0.137447 0.127046 0.152449 0.130625 0.139724 0.134783 0.145096 0.127137 0.143442 0.140310 0.108663 0.112717 0.149440 0.122886 0.140117 0.144504 0.119503 0.126832 0.106612 0.094423 0.121562 0.122663 0.108335 0.147239 0.129616 0.037706
 833000.039565 1.380996 0.118812 0.124884 0.115272 0.109164 0.091461 0.122481 0.098185 0.091733 0.129372 0.071468 0.124406 0.012457 0.040864 0.027756 0.132635 0.119836 0.061921 0.123239 0.064472 0.106659 0.074365 0.111064 0.122214 0.145408 0.112896 0.114393 0.102945 0.109836 0.102960 0.129012 0.096845 0.152270 0.142948 0.152350 0.132973 0.145588 0.146183 0.130903 0.132842 0.154591 0.126205 0.106111 0.130366 0.156630 0.136428 0.157031 0.155037 0.138541 0.132578 0.115249 0.097458 0.121776 0.130801 0.122047 0.152101 0.133037 0.032234
 834000.039613 2.755571 0.111112 0.121420 0.108756 0.112323 0.096101 0.123186 0.090281 0.082138 0.125608 0.076964 0.119964 0.017597 0.044083 0.019412 0.127223 0.119016 0.054008 0.115399 0.068455 0.098322 0.077712 0.106991 0.116382 0.139257 0.109406 0.110755 0.098503 0.107343 0.102484 0.123608 0.094507 0.151748 0.146001 0.147656 0.136386 0.147372 0.148380 0.125957 0.126842 0.150599 0.120627 0.104866 0.134608 0.155135 0.140843 0.158666 0.153717 0.141943 0.135560 0.119417 0.097808 0.116778 0.134460 0.127690 0.151890 0.127923 0.026882
 835000.039660 3.198734 0.115560 0.124968 0.111839 0.113316 0.094427 0.123546 0.096316 0.085992 0.126347 0.077420 0.118812 0.018959 0.046298 0.028254 0.129647 0.120837 0.059626 0.117255 0.067135 0.101693 0.080891 0.108530 0.119203 0.140649 0.110262 0.107746 0.103485 0.106016 0.098989 0.123759 0.096429 0.153448 0.146546 0.146432 0.132728 0.143385 0.147212 0.126382 0.129575 0.152303 0.119242 0.101989 0.134139 0.152337 0.139057 0.157321 0.153687 0.143207 0.130454 0.117999 0.100076 0.119580 0.130903 0.129352 0.150544 0.126792 0.021924
 836000.039708 1.279610 0.120145 0.123784 0.115691 0.105169 0.086096 0.118752 0.101328 0.093338 0.126464 0.066982 0.122580 0.011991 0.037626 0.033126 0.132501 0.116331 0.067445 0.123508 0.059404 0.108074 0.072334 0.112829 0.124594 0.145877 0.113342 0.112024 0.108430 0.106735 0.099256 0.129411 0.098998 0.151909 0.141805 0.150513 0.127766 0.141071 0.143925 0.129612 0.134558 0.154752 0.124813 0.104326 0.128997 0.153792 0.134369 0.154627 0.153302 0.137774 0.126447 0.113773 0.099221 0.124525 0.126407 0.122751 0.149235 0.133142 0.029011
 837000.039755 4.216211 0.119133 0.116984 0.117662 0.092024 0.072948 0.109085 0.102595 0.101524 0.123669 0.050612 0.127008 0.021767 0.017001 0.042354 0.129798 0.109605 0.077373 0.126583 0.042987 0.112820 0.049574 0.114715 0.123104 0.146302 0.119094 0.128844 0.107609 0.121302 0.110421 0.135439 0.095700 0.140263 0.127902 0.154992 0.127213 0.139459 0.135092 0.143686 0.132709 0.148345 0.141389 0.110040 0.113349 0.152116 0.122876 0.142072 0.146041 0.121326 0.125753 0.105313 0.094833 0.125781 0.121259 0.107801 0.145469 0.136232 0.044078
 838000.039803 1.514169 0.121164 0.120422 0.117552 0.096996 0.077667 0.113233 0.103204 0.099625 0.125463 0.056736 0.125590 0.013044 0.027155 0.038547 0.131949 0.112281 0.073351 0.126806 0.049622 0.111969 0.061330 0.115711 0.125844 0.148685 0.118501 0.122623 0.109133 0.115815 0.105998 0.135153 0.099122 0.146186 0.134226 0.154706 0.126438 0.139870 0.139232 0.139347 0.135564 0.152938 0.135612 0.108673 0.121232 0.153705 0.128173 0.148839 0.150044 0.129263 0.125405 0.109497 0.097952 0.126935 0.123481 0.113869 0.147441 0.137242 0.037666
 839000.039850 2.126164 0.116917 0.124293 0.113869 0.111491 0.095230 0.124325 0.095199 0.088697 0.129341 0.074433 0.124078 0.015457 0.043165 0.023924 0.132048 0.120399 0.058921 0.122321 0.067987 0.104401 0.076137 0.108598 0.120092 0.143332 0.110274 0.112447 0.100380 0.107785 0.102086 0.126343 0.094615 0.152566 0.144504 0.150654 0.134116 0.146653 0.147028 0.127970 0.130510 0.153335 0.123784 0.104994 0.132334 0.156699 0.138142 0.158428 0.154867 0.140622 0.134418 0.116332 0.096229 0.119033 0.132268 0.124097 0.151993 0.131233 0.032051
 840000.039898 1.951403 0.116041 0.124679 0.113112 0.111581 0.093706 0.123593 0.095701 0.087617 0.128273 0.074774 0.122748 0.014808 0.042591 0.024426 0.131207 0.120051 0.059439 0.120126 0.066322 0.103196 0.076968 0.109594 0.120483 0.142927 0.111321 0.110530 0.103063 0.106352 0.101146 0.126285 0.096848 0.154124 0.146409 0.149763 0.134422 0.146580 0.148775 0.126875 0.130991 0.154271 0.121847 0.105293 0.134172 0.156541 0.140112 0.159333 0.155699 0.142230 0.133739 0.118687 0.099107 0.120158 0.133062 0.127150 0.152474 0.130475 0.027694
 841000.039945 6.939918 0.103443 0.117463 0.101404 0.115805 0.101567 0.122910 0.082496 0.073483 0.120496 0.084761 0.112048 0.027926 0.053018 0.016937 0.120433 0.117202 0.045224 0.107066 0.074004 0.090356 0.085454 0.101791 0.109212 0.131625 0.106657 0.106907 0.092508 0.107684 0.102579 0.116553 0.091533 0.148565 0.146950 0.140193 0.135638 0.142659 0.145917 0.123172 0.119449 0.144339 0.114776 0.102234 0.137579 0.148430 0.142198 0.156709 0.148635 0.144503 0.134041 0.122986 0.100373 0.110307 0.135624 0.133437 0.146437 0.118857 0.022781
 842000.039993 2.338339 0.112446 0.119623 0.109830 0.105575 0.087037 0.117307 0.094650 0.086324 0.121745 0.069026 0.118009 0.016210 0.036179 0.028791 0.125961 0.114028 0.062567 0.115395 0.057921 0.101299 0.071423 0.109637 0.118169 0.140546 0.112983 0.114522 0.103744 0.111695 0.103241 0.126576 0.095966 0.148386 0.140759 0.148460 0.130910 0.141361 0.142941 0.132272 0.128873 0.149611 0.125292 0.104661 0.128030 0.151712 0.134662 0.151989 0.150521 0.136275 0.127769 0.115117 0.098985 0.121056 0.127906 0.124218 0.149036 0.128233 0.020471
 843000.040040 2.719632 0.110914 0.121016 0.108798 0.112190 0.096023 0.122935 0.089975 0.082442 0.124747 0.076782 0.118915 0.017482 0.043908 0.020293 0.126671 0.118375 0.054162 0.115522 0.067884 0.097892 0.078186 0.105530 0.115135 0.138520 0.108741 0.111045 0.097394 0.108480 0.102277 0.122455 0.092724 0.150392 0.144812 0.146782 0.134538 0.145029 0.146266 0.127038 0.125559 0.149023 0.121288 0.103339 0.133402 0.153201 0.139110 0.156858 0.152107 0.141413 0.133623 0.118154 0.097045 0.115554 0.132756 0.127317 0.150241 0.126069 0.022815
 844000.040088 4.737965 0.117785 0.113333 0.115422 0.087323 0.067837 0.104248 0.102303 0.101728 0.119900 0.046069 0.124097 0.023074 0.016341 0.044658 0.126845 0.105376 0.078706 0.125032 0.038626 0.112395 0.047233 0.114419 0.122331 0.144343 0.119002 0.128186 0.107103 0.120802 0.109299 0.134518 0.095793 0.136582 0.124216 0.151945 0.123939 0.135707 0.131689 0.143245 0.131190 0.145358 0.140345 0.109084 0.110242 0.148545 0.119592 0.138444 0.142541 0.117246 0.121983 0.103162 0.094636 0.124938 0.118083 0.104597 0.142168 0.134790 0.046090
 845000.040135 0.776072 0.115198 0.119870 0.111963 0.102812 0.083973 0.115928 0.097084 0.090402 0.123091 0.064885 0.120351 0.009339 0.032661 0.030094 0.127667 0.113691 0.064890 0.118716 0.054390 0.104939 0.068271 0.112430 0.121049 0.144015 0.115915 0.118364 0.105161 0.114630 0.105363 0.130394 0.097594 0.148299 0.139308 0.151523 0.130563 0.141835 0.142695 0.136026 0.131711 0.151476 0.129580 0.106877 0.126449 0.153277 0.133420 0.151943 0.151468 0.134244 0.127866 0.114123 0.099432 0.123711 0.127628 0.121148 0.149813 0.132021 0.026126
 846000.040183 1.845729 0.117731 0.123938 0.114294 0.108324 0.090742 0.121273 0.097509 0.090219 0.128217 0.070991 0.123377 0.014402 0.040807 0.027877 0.132071 0.118578 0.062343 0.122280 0.064025 0.105763 0.073547 0.109376 0.121108 0.142952 0.110004 0.110134 0.103372 0.104848 0.098803 0.126249 0.095622 0.151720 0.142504 0.149284 0.130505 0.143595 0.145111 0.126118 0.131393 0.153409 0.122125 0.103292 0.129883 0.154710 0.135582 0.155987 0.153422 0.138385 0.130149 0.114074 0.096402 0.120215 0.128715 0.122537 0.149817 0.130854 0.032364
 847000.040230 2.908074 0.116940 0.120755 0.115521 0.101759 0.083482 0.116765 0.097847 0.094152 0.126878 0.063322 0.126609 0.018077 0.029291 0.031636 0.130774 0.115441 0.068008 0.123190 0.054889 0.107533 0.061333 0.111280 0.120833 0.144950 0.114707 0.120433 0.104126 0.113873 0.106561 0.131125 0.095078 0.146931 0.136348 0.155167 0.132199 0.145244 0.142545 0.135149 0.131539 0.152044 0.132747 0.108190 0.123142 0.156758 0.131282 0.150573 0.151683 0.131122 0.131729 0.111601 0.095192 0.122318 0.127689 0.116109 0.150555 0.134052 0.036791
 848000.040278 4.688036 0.115623 0.122932 0.114837 0.109723 0.094870 0.123958 0.093681 0.090062 0.130442 0.072765 0.127933 0.022952 0.040097 0.026691 0.132437 0.119924 0.060742 0.123814 0.068129 0.104432 0.070060 0.107030 0.118203 0.142604 0.108994 0.116283 0.098654 0.109062 0.104240 0.126540 0.091825 0.150211 0.141486 0.153103 0.135092 0.148906 0.145884 0.128321 0.128680 0.151871 0.127442 0.106192 0.128912 0.158861 0.135988 0.156292 0.153886 0.137396 0.136902 0.113879 0.092509 0.117046 0.131726 0.120388 0.151875 0.132181 0.039403
 849000.040325 2.278436 0.114718 0.122391 0.110310 0.109738 0.091437 0.120416 0.095230 0.085867 0.124621 0.074300 0.118135 0.016001 0.043729 0.025848 0.128003 0.117906 0.059321 0.116537 0.063994 0.101840 0.077722 0.111188 0.120657 0.142320 0.113435 0.111276 0.104002 0.109387 0.102452 0.126719 0.098346 0.152271 0.145058 0.148236 0.133025 0.143604 0.146934 0.129621 0.130784 0.152850 0.122139 0.105422 0.133125 0.153288 0.138654 0.156664 0.153773 0.141024 0.130685 0.118640 0.101667 0.121435 0.131511 0.127400 0.150810 0.129533 0.024027
 850000.040373 0.453970 0.116020 0.121468 0.113514 0.105011 0.086288 0.118284 0.096909 0.091176 0.125641 0.066644 0.122837 0.007142 0.034092 0.028580 0.129363 0.116255 0.063797 0.120705 0.057433 0.105188 0.069450 0.110047 0.119891 0.143610 0.113417 0.116478 0.102706 0.111955 0.103649 0.128652 0.095486 0.149016 0.140020 0.151706 0.131694 0.143849 0.143974 0.133134 0.130588 0.151653 0.128359 0.105416 0.127405 0.154660 0.134244 0.153512 0.152388 0.135170 0.130378 0.113899 0.096917 0.121195 0.128699 0.120735 0.150782 0.131329 0.028545
 851000.040420 2.646782 0.107242 0.117177 0.105467 0.109147 0.093726 0.119562 0.086624 0.079804 0.121597 0.074720 0.116926 0.017246 0.041368 0.016831 0.123091 0.115058 0.052333 0.112168 0.065496 0.095424 0.074938 0.105738 0.113631 0.137078 0.109752 0.113323 0.096062 0.110707 0.104911 0.122721 0.092631 0.148010 0.143220 0.146753 0.135610 0.145338 0.145626 0.128314 0.123842 0.147036 0.122514 0.105272 0.132107 0.153009 0.138812 0.155166 0.150869 0.138937 0.134210 0.118761 0.097671 0.115002 0.133451 0.126310 0.149908 0.125852 0.023546
 852000.040468 1.695540 0.121274 0.119412 0.117289 0.095356 0.076185 0.111696 0.103863 0.099869 0.124124 0.054602 0.124868 0.013803 0.026017 0.040022 0.131333 0.110696 0.075078 0.126688 0.047826 0.112835 0.059958 0.115859 0.126019 0.148122 0.118067 0.122166 0.109808 0.115111 0.104867 0.134860 0.099058 0.145393 0.133437 0.153763 0.125145 0.138493 0.138026 0.138977 0.135637 0.152112 0.135178 0.107782 0.120030 0.152583 0.127224 0.147696 0.149138 0.127962 0.123603 0.108330 0.097632 0.127550 0.122002 0.113606 0.146542 0.137054 0.038570
 853000.040515 3.835063 0.118695 0.116051 0.117291 0.090702 0.071150 0.107765 0.102423 0.102297 0.123012 0.048626 0.126478 0.020759 0.016082 0.043091 0.128902 0.108779 0.077560 0.126524 0.040763 0.113039 0.048791 0.113075 0.121482 0.144699 0.118158 0.128663 0.105535 0.121306 0.109588 0.134127 0.094081 0.138083 0.125536 0.153315 0.125650 0.137668 0.133003 0.143518 0.131122 0.146376 0.141178 0.108543 0.111105 0.150200 0.120517 0.140216 0.144058 0.118751 0.124338 0.103224 0.093061 0.124092 0.119498 0.104998 0.143753 0.134451 0.045364
 854000.040563 0.934176 0.116211 0.121210 0.113402 0.103900 0.084632 0.117236 0.097809 0.091171 0.124397 0.065633 0.121879 0.010246 0.032345 0.030210 0.129034 0.115153 0.065723 0.119920 0.055239 0.105549 0.068037 0.111770 0.121146 0.144275 0.114841 0.117246 0.105453 0.113015 0.104344 0.129846 0.096921 0.149225 0.140034 0.152106 0.131164 0.142945 0.143649 0.134690 0.131876 0.152181 0.129156 0.106168 0.126804 0.154349 0.133868 0.152512 0.152399 0.135060 0.128821 0.113993 0.098560 0.123446 0.127894 0.121603 0.150688 0.131985 0.025520
 855000.040610 1.954603 0.114562 0.123077 0.113579 0.109281 0.091141 0.121821 0.094277 0.089674 0.128877 0.071584 0.125056 0.014820 0.037394 0.023838 0.130316 0.120018 0.059944 0.120668 0.062092 0.103616 0.070279 0.107466 0.117398 0.142564 0.111976 0.116665 0.098994 0.111901 0.105105 0.127271 0.092387 0.150433 0.141816 0.153322 0.136211 0.148305 0.146935 0.131717 0.128673 0.152271 0.128295 0.106123 0.128634 0.157877 0.136155 0.155654 0.154643 0.136778 0.135998 0.115146 0.095229 0.117888 0.132457 0.121405 0.153467 0.129950 0.033452
 856000.040658 2.990317 0.117060 0.116469 0.115370 0.093850 0.075980 0.110335 0.099692 0.097718 0.123067 0.053610 0.125416 0.018331 0.020731 0.038115 0.128608 0.109416 0.073163 0.124318 0.046877 0.109937 0.053518 0.113257 0.121725 0.144826 0.116964 0.125883 0.105542 0.118687 0.108798 0.133367 0.095352 0.141119 0.129747 0.153698 0.127686 0.140022 0.136096 0.140458 0.131430 0.148069 0.137763 0.109097 0.116172 0.152396 0.125126 0.144227 0.146403 0.123566 0.126395 0.106901 0.094510 0.124020 0.122513 0.109776 0.145690 0.135165 0.040612
 857000.040705 8.465666 0.115619 0.114763 0.117162 0.091316 0.073003 0.107774 0.099525 0.102470 0.124517 0.051478 0.129412 0.030843 0.018591 0.044374 0.127935 0.110250 0.077785 0.125976 0.042377 0.112439 0.041326 0.108149 0.115653 0.140024 0.115041 0.130511 0.100477 0.122841 0.111126 0.130712 0.087685 0.134162 0.121757 0.152593 0.127890 0.139056 0.131444 0.142701 0.126017 0.142722 0.142760 0.107198 0.106260 0.149903 0.117623 0.136322 0.141478 0.114171 0.127194 0.100318 0.088344 0.118886 0.119225 0.101265 0.142721 0.130273 0.053252
 858000.040753 1.763881 0.117019 0.123717 0.113976 0.109314 0.091732 0.121970 0.096386 0.089655 0.128288 0.072046 0.123660 0.014079 0.040561 0.025783 0.131671 0.119216 0.061343 0.122060 0.064414 0.104808 0.073760 0.109623 0.120900 0.143700 0.111476 0.112255 0.102817 0.107301 0.101495 0.127057 0.095494 0.152470 0.143952 0.150789 0.133151 0.145822 0.146977 0.128096 0.131054 0.153723 0.124052 0.105122 0.131327 0.156397 0.137421 0.157214 0.154806 0.139692 0.132902 0.116206 0.097726 0.120056 0.131278 0.124226 0.151690 0.131233 0.031433
 859000.040800 1.221371 0.122046 0.123215 0.118588 0.102245 0.084264 0.118341 0.102649 0.097636 0.128134 0.062010 0.127016 0.011715 0.032139 0.035493 0.134188 0.115689 0.070557 0.127899 0.057761 0.111162 0.066719 0.113380 0.125210 0.148062 0.114461 0.118068 0.106898 0.110789 0.102963 0.132309 0.097712 0.148928 0.137569 0.154294 0.128129 0.142381 0.141426 0.133865 0.135104 0.153797 0.131142 0.106768 0.124745 0.155532 0.131112 0.152433 0.152186 0.133052 0.128314 0.110585 0.095622 0.124957 0.125514 0.116401 0.149163 0.136594 0.035634
 860000.040848 3.112894 0.107706 0.117622 0.106264 0.109405 0.094669 0.120426 0.086398 0.080565 0.122811 0.074825 0.118196 0.018703 0.041409 0.016907 0.123728 0.115774 0.052099 0.113156 0.066356 0.096395 0.073730 0.104330 0.112543 0.136472 0.107932 0.114053 0.093966 0.111164 0.104871 0.121985 0.090512 0.146837 0.141594 0.147154 0.135636 0.145421 0.144319 0.128467 0.123272 0.146287 0.123415 0.104237 0.130051 0.153057 0.137038 0.154086 0.150187 0.137272 0.134398 0.116379 0.094678 0.113949 0.132377 0.123723 0.149719 0.125599 0.026094
 861000.040895 2.844089 0.120125 0.126875 0.114771 0.112895 0.095614 0.125199 0.099685 0.088951 0.128609 0.076511 0.121524 0.017877 0.047826 0.030385 0.133645 0.120525 0.061850 0.122217 0.070487 0.105541 0.082593 0.112098 0.124576 0.144507 0.110858 0.106508 0.107165 0.102813 0.097496 0.126361 0.100804 0.156132 0.148092 0.147213 0.130473 0.143108 0.147704 0.124343 0.134430 0.155948 0.118111 0.103802 0.136542 0.154064 0.140559 0.160637 0.155357 0.145176 0.129616 0.118687 0.101038 0.123359 0.130767 0.129120 0.150206 0.132145 0.025750
 862000.040943 4.783168 0.112085 0.119112 0.112385 0.106117 0.091227 0.119723 0.090616 0.089866 0.128178 0.069553 0.126603 0.023184 0.036759 0.024863 0.128643 0.117226 0.060171 0.121333 0.062546 0.103911 0.064046 0.103497 0.113109 0.138574 0.108143 0.119362 0.093202 0.113188 0.106152 0.124575 0.086711 0.144205 0.135658 0.152047 0.134667 0.146640 0.141529 0.131472 0.124412 0.147218 0.130572 0.104848 0.122689 0.155897 0.130968 0.150594 0.149430 0.130459 0.135748 0.110016 0.088962 0.113429 0.129349 0.114697 0.149160 0.128058 0.042607
 863000.040990 1.793687 0.114630 0.120207 0.111262 0.106886 0.091798 0.120219 0.093792 0.087209 0.124888 0.070327 0.121333 0.014197 0.040205 0.025755 0.128667 0.115065 0.059859 0.119821 0.064914 0.103185 0.073759 0.108863 0.119149 0.141372 0.110007 0.113265 0.100353 0.108514 0.102010 0.125884 0.095422 0.148799 0.141286 0.148288 0.130799 0.142868 0.143051 0.128578 0.129290 0.150038 0.123751 0.104721 0.130082 0.153332 0.135988 0.155196 0.150852 0.137261 0.130314 0.114869 0.095900 0.119345 0.129235 0.122201 0.148415 0.130969 0.029155
 864000.041038 1.025893 0.118381 0.119763 0.114616 0.100068 0.082353 0.114810 0.099390 0.094692 0.124573 0.061198 0.122896 0.010737 0.032038 0.033255 0.130078 0.112709 0.068295 0.123701 0.054156 0.108876 0.065251 0.112304 0.122533 0.144812 0.114484 0.118266 0.105120 0.112691 0.103310 0.130581 0.096274 0.146247 0.135873 0.151118 0.126694 0.139258 0.139268 0.135030 0.132428 0.150917 0.130461 0.105617 0.123050 0.152111 0.129546 0.149789 0.149338 0.131085 0.125455 0.109952 0.096480 0.123396 0.124091 0.116275 0.146641 0.133377 0.034255
 865000.041085 2.034104 0.113013 0.119919 0.109682 0.106496 0.088415 0.117836 0.094766 0.086286 0.122132 0.070166 0.117827 0.015119 0.038730 0.029013 0.125649 0.115279 0.061471 0.114943 0.058983 0.102008 0.073420 0.111191 0.118994 0.141668 0.114654 0.116795 0.103171 0.115061 0.105665 0.128017 0.097368 0.148666 0.141416 0.149432 0.132779 0.142579 0.143795 0.134907 0.129880 0.150078 0.127084 0.105961 0.129047 0.152180 0.135770 0.153068 0.151397 0.136634 0.129138 0.116196 0.100204 0.122465 0.129474 0.124447 0.150512 0.129798 0.021373
 866000.041133 1.342325 0.113444 0.119363 0.112717 0.103081 0.084154 0.116201 0.094815 0.091552 0.125174 0.064501 0.123638 0.012282 0.029347 0.028158 0.127358 0.115674 0.064178 0.119563 0.053023 0.104799 0.063094 0.107936 0.116263 0.141540 0.113658 0.120973 0.099346 0.116544 0.107057 0.128337 0.091373 0.145448 0.136371 0.152996 0.133663 0.144773 0.142309 0.136643 0.127589 0.148910 0.132667 0.105915 0.122658 0.154688 0.131273 0.149807 0.150685 0.130427 0.131969 0.111583 0.094490 0.118934 0.128440 0.117077 0.150875 0.129352 0.033466
 867000.041180 2.243757 0.119530 0.119025 0.117065 0.095443 0.075481 0.111328 0.102344 0.099579 0.124599 0.054667 0.125720 0.015879 0.022645 0.038645 0.130571 0.111570 0.074432 0.125693 0.045594 0.111953 0.056065 0.113447 0.123004 0.146192 0.117260 0.123294 0.107221 0.116404 0.106048 0.133564 0.095835 0.143719 0.131668 0.154215 0.126813 0.139572 0.137705 0.139490 0.133194 0.150662 0.136442 0.107370 0.117446 0.152738 0.125667 0.145632 0.148393 0.125720 0.125339 0.107036 0.095523 0.125019 0.122247 0.111693 0.146778 0.134724 0.039876
 868000.041228 3.998633 0.107990 0.119267 0.104615 0.113492 0.098885 0.122688 0.086940 0.077402 0.122424 0.080476 0.115048 0.021198 0.049295 0.017642 0.123511 0.117076 0.048973 0.110972 0.071741 0.094952 0.082786 0.106762 0.114919 0.136962 0.109492 0.110108 0.096661 0.109165 0.103831 0.121923 0.095563 0.150696 0.147047 0.144382 0.136034 0.144642 0.147219 0.126251 0.125236 0.148446 0.118292 0.105160 0.136968 0.151941 0.142421 0.158694 0.151665 0.143444 0.134134 0.121992 0.100398 0.116007 0.135393 0.130714 0.149548 0.125830 0.022597
 869000.041275 2.851126 0.116978 0.123409 0.115515 0.108132 0.091372 0.121851 0.095935 0.091939 0.130349 0.070417 0.127388 0.017899 0.038264 0.026509 0.132763 0.119685 0.062684 0.124206 0.063266 0.106752 0.068594 0.107709 0.119104 0.143150 0.110342 0.115089 0.100491 0.108662 0.102486 0.127125 0.092210 0.150471 0.141110 0.152779 0.133544 0.146925 0.145586 0.129153 0.129903 0.153000 0.127283 0.104889 0.127883 0.157753 0.134991 0.155460 0.153899 0.136436 0.134248 0.113221 0.093974 0.118409 0.130385 0.120358 0.151417 0.131393 0.038761
 870000.041323 1.477328 0.116339 0.122574 0.113268 0.106905 0.087452 0.119124 0.098106 0.090326 0.124561 0.068913 0.120438 0.012885 0.037023 0.031478 0.128799 0.116716 0.064576 0.119176 0.058902 0.104443 0.073259 0.112203 0.121428 0.144498 0.115411 0.117105 0.104940 0.114060 0.105366 0.129693 0.097766 0.150415 0.141948 0.151871 0.132868 0.143706 0.144821 0.135207 0.131887 0.152112 0.128525 0.106786 0.128777 0.154319 0.135469 0.153862 0.153540 0.136897 0.130078 0.115845 0.099940 0.123421 0.129630 0.123556 0.152141 0.131446 0.022607
 871000.041370 2.845636 0.113683 0.122539 0.109555 0.112793 0.096959 0.123487 0.092654 0.083038 0.125373 0.077862 0.118385 0.017882 0.047396 0.022976 0.128239 0.118821 0.055469 0.116547 0.069943 0.100424 0.081096 0.108641 0.118859 0.140131 0.109506 0.108567 0.101013 0.106374 0.100531 0.123585 0.096523 0.152670 0.146956 0.145755 0.133369 0.143899 0.147032 0.125694 0.128921 0.151389 0.118681 0.103540 0.135686 0.152793 0.140703 0.158777 0.153103 0.143529 0.131869 0.119384 0.099784 0.118925 0.132630 0.129475 0.149684 0.128273 0.023755
 872000.041418 3.140371 0.107273 0.116761 0.108150 0.106448 0.090436 0.118248 0.087009 0.085039 0.124090 0.070316 0.121714 0.018785 0.034938 0.020123 0.123885 0.115676 0.055913 0.115273 0.060113 0.098506 0.066400 0.101916 0.109531 0.135886 0.108624 0.118840 0.091137 0.114887 0.107038 0.122647 0.086207 0.143595 0.137043 0.149936 0.136327 0.146474 0.142602 0.132082 0.121139 0.144725 0.129125 0.104263 0.124510 0.154022 0.133052 0.150567 0.149009 0.131671 0.135691 0.112915 0.091168 0.111665 0.131169 0.118260 0.150177 0.124319 0.034168
 873000.041465 1.430859 0.117197 0.117770 0.114971 0.095619 0.075689 0.111085 0.100306 0.096754 0.122787 0.055228 0.124075 0.012680 0.021852 0.036962 0.128270 0.110645 0.071888 0.122825 0.047164 0.108630 0.057981 0.113884 0.122496 0.145973 0.117806 0.123875 0.106017 0.117357 0.108187 0.133727 0.097249 0.143442 0.132359 0.154819 0.129607 0.141929 0.139042 0.139530 0.132353 0.149759 0.136040 0.109469 0.119061 0.153940 0.127743 0.146572 0.149119 0.125827 0.127863 0.109602 0.096359 0.124795 0.124661 0.112275 0.148681 0.135301 0.036087
 874000.041513 2.242238 0.112435 0.116754 0.111740 0.099123 0.080130 0.112553 0.094557 0.092250 0.123030 0.060914 0.122929 0.015873 0.025912 0.030416 0.125670 0.112741 0.066252 0.118657 0.048481 0.105162 0.058149 0.108920 0.116198 0.141063 0.115194 0.123247 0.100070 0.118719 0.108818 0.129373 0.091860 0.142627 0.133218 0.152874 0.132490 0.143210 0.140084 0.138734 0.127332 0.147486 0.134697 0.107205 0.119539 0.153384 0.128707 0.146594 0.148505 0.126840 0.130415 0.110296 0.094861 0.119585 0.126829 0.114236 0.149078 0.129644 0.035931
 875000.041560 1.535370 0.114815 0.120020 0.112860 0.104288 0.087694 0.118177 0.094414 0.090309 0.126535 0.066684 0.124354 0.013135 0.033967 0.025306 0.129289 0.115833 0.061893 0.121289 0.059588 0.104751 0.065994 0.109345 0.119048 0.143000 0.112525 0.118359 0.100330 0.112746 0.105681 0.128605 0.093579 0.147425 0.138324 0.152799 0.133094 0.145467 0.143238 0.132855 0.129491 0.150876 0.129693 0.107004 0.125683 0.156101 0.133302 0.152704 0.151748 0.133251 0.132845 0.112828 0.094790 0.119594 0.129418 0.117956 0.150311 0.132250 0.034902
 876000.041608 3.991728 0.114165 0.116261 0.114906 0.095551 0.075471 0.110464 0.098049 0.097528 0.122717 0.054894 0.125457 0.021179 0.017264 0.038687 0.126380 0.111152 0.073126 0.121953 0.043466 0.108041 0.051682 0.109372 0.116565 0.141941 0.116571 0.128164 0.101201 0.122295 0.111296 0.131214 0.090910 0.139261 0.128673 0.154279 0.131551 0.142353 0.136833 0.142606 0.127259 0.145210 0.140045 0.108348 0.113836 0.152639 0.124367 0.142159 0.146356 0.121258 0.129632 0.106805 0.092713 0.120348 0.124138 0.109264 0.148099 0.130570 0.040263
 877000.041655 1.816981 0.112464 0.116804 0.112170 0.100131 0.083071 0.114363 0.093648 0.091685 0.123816 0.061265 0.123818 0.014289 0.027103 0.029379 0.126449 0.112555 0.064837 0.120433 0.053337 0.104674 0.059851 0.105936 0.114746 0.139417 0.110860 0.120810 0.096982 0.114991 0.105846 0.126522 0.089064 0.141731 0.132563 0.150912 0.130892 0.142400 0.138283 0.134668 0.125458 0.145525 0.132167 0.104692 0.119274 0.152564 0.128018 0.146846 0.147030 0.126549 0.130109 0.108209 0.090698 0.116631 0.125473 0.112830 0.147321 0.128648 0.036585
 878000.041703 3.115483 0.122307 0.117359 0.116423 0.091422 0.073690 0.108564 0.104850 0.100650 0.122529 0.052446 0.123812 0.018711 0.029277 0.042200 0.130923 0.107319 0.076618 0.127061 0.048488 0.114233 0.059390 0.120280 0.129930 0.150045 0.120883 0.122569 0.113063 0.114836 0.106055 0.137865 0.103866 0.144386 0.132188 0.153961 0.123542 0.137068 0.136835 0.139067 0.138452 0.152889 0.135307 0.111160 0.120095 0.152157 0.126851 0.146992 0.148101 0.126663 0.121998 0.109333 0.100815 0.130855 0.121564 0.112047 0.144609 0.140935 0.042977
 879000.041750 1.072054 0.121673 0.125714 0.117902 0.107413 0.088963 0.121675 0.101615 0.095159 0.130109 0.068458 0.126301 0.010976 0.038331 0.031502 0.134887 0.119445 0.066722 0.126441 0.061603 0.109894 0.072160 0.112059 0.124357 0.147164 0.113325 0.114184 0.106318 0.108455 0.100879 0.130208 0.097390 0.152779 0.142332 0.153043 0.130250 0.143995 0.145272 0.131037 0.134835 0.155932 0.127263 0.105068 0.129323 0.156483 0.135116 0.156405 0.154929 0.138224 0.129999 0.113664 0.097567 0.123729 0.128383 0.121777 0.151211 0.134359 0.033393
 880000.041798 3.228874 0.108562 0.120186 0.108042 0.112218 0.096127 0.122680 0.087887 0.081251 0.124482 0.076706 0.119266 0.019048 0.042356 0.018824 0.125198 0.118248 0.053411 0.113906 0.067015 0.096757 0.075938 0.103398 0.112263 0.136513 0.107496 0.112433 0.094664 0.109751 0.103470 0.121244 0.089921 0.148846 0.143666 0.147377 0.136608 0.146472 0.146048 0.127575 0.123302 0.147185 0.122473 0.103093 0.131513 0.153863 0.138406 0.155527 0.151660 0.139374 0.135309 0.117250 0.094816 0.113629 0.133258 0.126049 0.151180 0.124313 0.023425
 881000.041845 6.577238 0.111409 0.122306 0.106133 0.115957 0.100210 0.124371 0.091665 0.078034 0.122218 0.083754 0.112620 0.027186 0.054624 0.027579 0.125897 0.118183 0.053856 0.111664 0.075008 0.096042 0.088657 0.107453 0.117479 0.135681 0.107263 0.101283 0.102781 0.101408 0.096393 0.118955 0.098584 0.152600 0.148792 0.138456 0.129923 0.138686 0.145126 0.120074 0.126910 0.149047 0.110279 0.100703 0.139168 0.146748 0.141871 0.158150 0.149273 0.147440 0.127547 0.121649 0.102936 0.117595 0.130974 0.134981 0.144321 0.123469 0.016836
 882000.041893 4.206688 0.105738 0.117741 0.103644 0.111660 0.096285 0.120620 0.085661 0.076534 0.120417 0.078612 0.113912 0.021742 0.045971 0.018534 0.121629 0.115616 0.050232 0.108756 0.068031 0.093086 0.079658 0.105969 0.113064 0.135644 0.109710 0.111270 0.096867 0.110577 0.104514 0.121436 0.094073 0.148885 0.145130 0.144422 0.135484 0.143945 0.145950 0.127534 0.123427 0.146709 0.119652 0.104640 0.134460 0.151045 0.140373 0.155805 0.150411 0.141516 0.133019 0.120748 0.099873 0.115255 0.133925 0.129768 0.149091 0.124022 0.017804
 883000.041940 3.237049 0.117562 0.114695 0.114754 0.089675 0.070298 0.106273 0.101705 0.099545 0.120438 0.048831 0.123406 0.019072 0.017802 0.041811 0.127148 0.106391 0.076329 0.123717 0.040443 0.111344 0.051261 0.115493 0.123227 0.145314 0.119537 0.127079 0.108066 0.120249 0.109046 0.135129 0.097672 0.139406 0.127443 0.152870 0.125187 0.137025 0.134031 0.142906 0.132645 0.147565 0.139014 0.109686 0.113835 0.150140 0.122824 0.141677 0.144770 0.120779 0.122728 0.105759 0.096437 0.126382 0.120068 0.108076 0.144061 0.135800 0.041862
 884000.041988 3.211248 0.106113 0.114145 0.106548 0.102058 0.084484 0.113505 0.088380 0.085260 0.119194 0.065854 0.117884 0.018996 0.030387 0.026866 0.120219 0.111693 0.059904 0.111830 0.053077 0.098106 0.063743 0.105105 0.110481 0.136061 0.112679 0.122437 0.094369 0.120220 0.110419 0.124874 0.089456 0.140803 0.134394 0.149525 0.135235 0.143573 0.140015 0.137272 0.121844 0.142702 0.131992 0.106308 0.121469 0.151215 0.130777 0.146367 0.146898 0.128072 0.132050 0.112786 0.094583 0.115204 0.129113 0.117360 0.149343 0.124595 0.028041
 885000.042035 2.397907 0.112642 0.119097 0.110855 0.105745 0.090085 0.118825 0.091841 0.087307 0.125366 0.069328 0.122515 0.016415 0.037178 0.023324 0.128105 0.115227 0.059252 0.119551 0.062772 0.102093 0.068669 0.106572 0.116724 0.140016 0.109231 0.114131 0.098376 0.108502 0.102636 0.124941 0.091856 0.147346 0.139439 0.149322 0.132037 0.144292 0.143135 0.128090 0.126874 0.149119 0.125033 0.104634 0.127284 0.154415 0.134173 0.153178 0.150654 0.134957 0.132166 0.113460 0.094002 0.116468 0.129355 0.120013 0.148652 0.129098 0.033756
 886000.042083 2.942343 0.109760 0.118021 0.109589 0.106579 0.091150 0.119287 0.088981 0.085571 0.124768 0.070202 0.122501 0.018183 0.035773 0.021473 0.126045 0.115482 0.057274 0.117463 0.062863 0.099597 0.067732 0.104890 0.113753 0.138654 0.109192 0.117488 0.095010 0.112259 0.106137 0.124458 0.089608 0.145928 0.138885 0.150681 0.135526 0.146892 0.143641 0.130470 0.124319 0.147091 0.127778 0.105813 0.126540 0.155549 0.134512 0.152588 0.150661 0.133817 0.135479 0.113982 0.092607 0.114506 0.131326 0.119465 0.150581 0.127915 0.033056
 887000.042130 2.271032 0.113274 0.117145 0.112495 0.100008 0.083304 0.114748 0.094347 0.091534 0.123524 0.061480 0.123824 0.015975 0.027253 0.029891 0.127235 0.111937 0.065947 0.120652 0.053904 0.105194 0.060228 0.107795 0.116663 0.140631 0.111748 0.120158 0.099732 0.114025 0.105712 0.127618 0.091456 0.143261 0.134122 0.151340 0.130474 0.142430 0.139168 0.134340 0.127281 0.147020 0.131498 0.105711 0.120953 0.153210 0.129379 0.147945 0.147903 0.128424 0.129682 0.109617 0.092470 0.118671 0.125896 0.114800 0.147451 0.130210 0.034888
 888000.042178 1.585456 0.117306 0.118535 0.113824 0.098049 0.078440 0.112530 0.100252 0.094669 0.121493 0.058754 0.120762 0.013348 0.027759 0.036921 0.127991 0.110715 0.070755 0.121508 0.050143 0.107171 0.064084 0.114102 0.123109 0.145566 0.117203 0.120719 0.107576 0.115601 0.105775 0.132328 0.098306 0.145471 0.135143 0.152027 0.127311 0.139205 0.139168 0.138086 0.132691 0.150149 0.132615 0.107532 0.122010 0.151627 0.129072 0.147896 0.149208 0.129960 0.124802 0.110812 0.098561 0.125231 0.123818 0.116735 0.147729 0.133755 0.029580
 889000.042225 3.061697 0.113864 0.114725 0.112979 0.094796 0.077867 0.110200 0.095720 0.095105 0.122502 0.055676 0.124292 0.018549 0.022972 0.034520 0.126278 0.109728 0.069467 0.121901 0.047988 0.107647 0.053022 0.108717 0.116748 0.140402 0.113430 0.124498 0.099654 0.118214 0.107964 0.129097 0.090518 0.138524 0.128129 0.151084 0.128244 0.139659 0.134770 0.138254 0.126890 0.144673 0.135954 0.106325 0.114576 0.150656 0.123807 0.142598 0.144333 0.121765 0.127172 0.105330 0.091214 0.119142 0.122288 0.108201 0.144396 0.130704 0.041609
 890000.042273 3.015224 0.108055 0.113874 0.107955 0.099183 0.081457 0.111670 0.090244 0.087589 0.119588 0.062570 0.119346 0.018407 0.027393 0.028117 0.122122 0.110158 0.063279 0.114689 0.050310 0.100521 0.059869 0.105888 0.112576 0.136983 0.112226 0.120160 0.097550 0.116190 0.107089 0.125368 0.089751 0.141032 0.133321 0.149018 0.131535 0.141569 0.139019 0.135158 0.123255 0.144011 0.130645 0.105162 0.120362 0.150901 0.129138 0.145655 0.146259 0.127459 0.129268 0.111018 0.094243 0.116074 0.126424 0.116236 0.147170 0.125640 0.032044
 891000.042320 1.012886 0.119930 0.120395 0.115878 0.099248 0.081315 0.114785 0.101049 0.096148 0.125219 0.060130 0.124267 0.010669 0.030992 0.034827 0.131516 0.112737 0.069940 0.125241 0.054159 0.110097 0.064512 0.113608 0.124497 0.146542 0.114825 0.117686 0.107437 0.111001 0.102385 0.131811 0.097968 0.147480 0.136539 0.152200 0.126282 0.139901 0.140216 0.134021 0.134218 0.152641 0.130344 0.106063 0.123822 0.153355 0.130247 0.150754 0.150452 0.131824 0.125418 0.110322 0.097022 0.124991 0.124041 0.116644 0.147176 0.135390 0.035448
 892000.042368 6.603899 0.116611 0.115322 0.116999 0.091392 0.073328 0.108628 0.100137 0.101566 0.124013 0.050885 0.128387 0.027241 0.016050 0.042640 0.128636 0.109339 0.077054 0.126058 0.042898 0.112238 0.044181 0.110382 0.118138 0.141980 0.116239 0.129887 0.102912 0.122131 0.110872 0.132237 0.090771 0.136277 0.123947 0.153051 0.127135 0.138744 0.132240 0.142912 0.128400 0.144581 0.141991 0.108408 0.109035 0.150406 0.119563 0.138501 0.142607 0.117046 0.126361 0.102099 0.090423 0.121269 0.119818 0.103609 0.142949 0.132453 0.049048
 893000.042415 2.469490 0.115493 0.117026 0.114785 0.097094 0.079615 0.112970 0.097634 0.096552 0.123687 0.056641 0.125055 0.016658 0.024358 0.037113 0.127557 0.111413 0.070010 0.123295 0.050284 0.108039 0.058192 0.109201 0.117577 0.142029 0.114122 0.125927 0.099560 0.119886 0.109045 0.130073 0.091876 0.139661 0.129252 0.152045 0.128994 0.140583 0.135334 0.139700 0.127849 0.145109 0.137194 0.106942 0.116159 0.151281 0.124913 0.144411 0.145403 0.123135 0.128140 0.106168 0.091094 0.119953 0.123166 0.108598 0.145854 0.131863 0.039193
 894000.042463 3.455132 0.118668 0.117074 0.113562 0.093178 0.071601 0.107236 0.103539 0.097315 0.119186 0.054924 0.119259 0.019704 0.028439 0.042445 0.127164 0.107617 0.075877 0.120981 0.043278 0.110137 0.061288 0.118002 0.126526 0.147155 0.120546 0.120938 0.113063 0.115706 0.105087 0.135243 0.102366 0.144913 0.133449 0.152065 0.124400 0.136251 0.138170 0.139543 0.135845 0.151807 0.133473 0.108477 0.120232 0.150232 0.127250 0.145678 0.148458 0.127700 0.120379 0.110184 0.102132 0.129487 0.121115 0.116030 0.146235 0.135687 0.035326
 895000.042510 3.125524 0.106519 0.116270 0.105908 0.107238 0.092057 0.118292 0.085882 0.081490 0.122460 0.072585 0.119007 0.018741 0.038439 0.016083 0.123081 0.114404 0.053325 0.113118 0.062929 0.096731 0.070074 0.104800 0.112172 0.136736 0.109923 0.116392 0.094252 0.112979 0.106815 0.123382 0.090299 0.146227 0.140738 0.148732 0.136506 0.146316 0.144776 0.130343 0.122987 0.146519 0.125675 0.106117 0.128875 0.154331 0.136732 0.153408 0.150487 0.135572 0.135352 0.116881 0.095559 0.113899 0.133244 0.122892 0.150227 0.125780 0.030339
 896000.042558 2.007888 0.110292 0.115199 0.110144 0.099438 0.082231 0.112959 0.091700 0.089868 0.122012 0.061374 0.121779 0.015021 0.026785 0.027866 0.124435 0.111354 0.063420 0.118019 0.052143 0.102742 0.059248 0.104726 0.112862 0.137483 0.110284 0.119929 0.095633 0.114740 0.105650 0.125054 0.088000 0.140469 0.131812 0.149472 0.130604 0.141488 0.137636 0.133970 0.123595 0.143968 0.131007 0.103995 0.118583 0.151153 0.127313 0.145447 0.145876 0.125793 0.129491 0.108149 0.090665 0.115081 0.125145 0.112751 0.146428 0.126438 0.035349
 897000.042605 2.049770 0.110910 0.118381 0.109493 0.106032 0.089535 0.118015 0.090490 0.086153 0.124484 0.069955 0.121337 0.015177 0.037019 0.021374 0.126225 0.115560 0.058169 0.117261 0.060519 0.100973 0.068682 0.105699 0.114769 0.138769 0.109898 0.114829 0.097059 0.110598 0.103613 0.124312 0.090891 0.146814 0.139562 0.149033 0.133395 0.144628 0.143762 0.129710 0.125397 0.148295 0.125675 0.104185 0.127391 0.153882 0.134642 0.152805 0.150476 0.134801 0.132675 0.114291 0.094830 0.115594 0.130207 0.121044 0.149350 0.127203 0.032178
 898000.042653 2.746601 0.109397 0.114006 0.107497 0.099180 0.081728 0.111429 0.091920 0.086986 0.118077 0.062977 0.117137 0.017568 0.030494 0.030092 0.122287 0.109037 0.064090 0.114543 0.051786 0.100771 0.063945 0.108666 0.115758 0.138600 0.113607 0.118333 0.101362 0.114810 0.105672 0.126441 0.093546 0.143156 0.135775 0.147776 0.129535 0.139719 0.139516 0.134523 0.125691 0.145520 0.128504 0.105390 0.123259 0.149891 0.130937 0.147343 0.146911 0.130469 0.126754 0.112817 0.097813 0.118972 0.126063 0.119865 0.146417 0.127243 0.028458
 899000.042700 4.008306 0.110360 0.119479 0.109854 0.110176 0.096040 0.122588 0.087894 0.084751 0.126967 0.074715 0.123511 0.021223 0.041102 0.018327 0.127455 0.118146 0.054656 0.118308 0.067304 0.100093 0.071364 0.103198 0.112760 0.137851 0.107138 0.115590 0.093118 0.110954 0.104821 0.122606 0.088311 0.147536 0.141273 0.149629 0.136155 0.147436 0.144892 0.128595 0.123882 0.147872 0.125981 0.104146 0.129327 0.155729 0.136577 0.155132 0.151277 0.137130 0.136649 0.114927 0.092144 0.113086 0.132707 0.122011 0.150446 0.126962 0.034958
 900000.042748 2.690513 0.105628 0.115606 0.103765 0.106790 0.090196 0.116440 0.086634 0.079142 0.118784 0.072794 0.114158 0.017388 0.039755 0.019537 0.120480 0.112618 0.053839 0.109350 0.061673 0.094432 0.073787 0.106903 0.113477 0.136440 0.111687 0.114085 0.097281 0.112396 0.106060 0.123373 0.093872 0.146652 0.141886 0.146278 0.135103 0.143806 0.144663 0.130160 0.123599 0.146011 0.122837 0.106183 0.130542 0.151593 0.137613 0.152903 0.149898 0.136846 0.132374 0.119001 0.099448 0.115935 0.132576 0.125891 0.149472 0.124881 0.020507
 901000.042795 2.982578 0.119081 0.117312 0.114223 0.093733 0.073205 0.108717 0.103393 0.097618 0.119559 0.054499 0.119748 0.018307 0.027092 0.042258 0.127835 0.107726 0.075606 0.122289 0.044944 0.110058 0.061724 0.117539 0.126247 0.147349 0.120170 0.122027 0.112113 0.116624 0.105645 0.135181 0.101588 0.144549 0.133189 0.151932 0.123841 0.135879 0.137146 0.140466 0.135447 0.150961 0.134305 0.108409 0.119944 0.149801 0.126718 0.145649 0.147887 0.127914 0.120397 0.109449 0.100963 0.128984 0.120760 0.115469 0.145687 0.135858 0.033885
 902000.042843 1.031031 0.118217 0.120274 0.115154 0.100284 0.082282 0.115275 0.099183 0.094891 0.126038 0.061405 0.125073 0.010764 0.030714 0.031913 0.130810 0.113811 0.068067 0.123955 0.053967 0.109150 0.063405 0.112630 0.122760 0.145687 0.115145 0.118819 0.105307 0.112386 0.104340 0.131620 0.096776 0.147434 0.136863 0.153476 0.129476 0.142632 0.141754 0.134551 0.133053 0.152555 0.131100 0.107238 0.124014 0.155158 0.131331 0.151394 0.151327 0.131460 0.128724 0.111501 0.096708 0.123689 0.126506 0.116581 0.149022 0.134712 0.036839
 903000.042890 5.442549 0.105166 0.117781 0.105740 0.113025 0.098785 0.122704 0.083053 0.079656 0.124903 0.079298 0.120029 0.024730 0.045293 0.013271 0.123379 0.118562 0.049024 0.112891 0.069515 0.094869 0.075397 0.100204 0.108193 0.134070 0.106356 0.114240 0.088766 0.111522 0.105898 0.119407 0.086321 0.147118 0.143313 0.147623 0.139843 0.149050 0.147015 0.127292 0.119493 0.145351 0.123735 0.103844 0.131842 0.154978 0.139390 0.155926 0.151256 0.138810 0.139617 0.118345 0.093458 0.109072 0.136348 0.125617 0.151511 0.122275 0.033960
 904000.042938 3.361109 0.111237 0.120130 0.109593 0.110824 0.096337 0.122860 0.088953 0.084360 0.126792 0.075423 0.122429 0.019434 0.043306 0.019051 0.127667 0.118376 0.053939 0.118259 0.069180 0.099738 0.074727 0.104539 0.114559 0.138617 0.107324 0.113043 0.094128 0.108233 0.103260 0.122822 0.090774 0.148901 0.142728 0.148637 0.135975 0.147571 0.146056 0.126273 0.124962 0.148758 0.123205 0.104423 0.131418 0.155626 0.138048 0.156861 0.152208 0.138529 0.136625 0.116259 0.093471 0.113857 0.133370 0.123031 0.150892 0.127938 0.034721
 905000.042985 2.297761 0.112373 0.118698 0.110537 0.105333 0.089266 0.118203 0.091794 0.087350 0.125038 0.068987 0.122562 0.016069 0.036432 0.022568 0.127569 0.115154 0.059943 0.118776 0.060614 0.102653 0.067788 0.107260 0.116643 0.140216 0.110765 0.115296 0.098804 0.110267 0.103884 0.125793 0.092523 0.147448 0.139722 0.150050 0.132996 0.144909 0.143880 0.129907 0.127229 0.149600 0.126278 0.105391 0.127660 0.154840 0.134886 0.153398 0.151018 0.134959 0.132677 0.114422 0.095224 0.117403 0.130213 0.120742 0.149429 0.129320 0.033755
 906000.043033 1.566616 0.113627 0.116628 0.109597 0.099693 0.082377 0.112793 0.095540 0.088673 0.120104 0.063101 0.118455 0.013268 0.033248 0.030365 0.125438 0.109827 0.065333 0.117123 0.053811 0.104152 0.067019 0.113856 0.121805 0.143274 0.116352 0.117770 0.106085 0.113593 0.105477 0.130526 0.099366 0.146922 0.138597 0.150075 0.129441 0.140714 0.141818 0.134822 0.131585 0.150391 0.128261 0.108122 0.126692 0.152403 0.133665 0.151246 0.150044 0.133231 0.126715 0.115057 0.100900 0.124315 0.127360 0.121195 0.148114 0.132908 0.028349
 907000.043080 2.197717 0.111898 0.117133 0.111957 0.101367 0.084438 0.115488 0.092823 0.090863 0.123764 0.062930 0.123717 0.015715 0.027355 0.028535 0.126323 0.113086 0.064217 0.119657 0.053819 0.103870 0.060765 0.106496 0.114697 0.139889 0.112025 0.122039 0.097584 0.116860 0.107724 0.127070 0.089800 0.142988 0.134435 0.151728 0.132455 0.143617 0.139862 0.136135 0.125685 0.146222 0.133096 0.105914 0.121137 0.153545 0.129920 0.148121 0.148197 0.128696 0.131451 0.110367 0.092454 0.117198 0.127348 0.115338 0.148568 0.128791 0.033804
 908000.043128 2.519939 0.111110 0.121067 0.109654 0.111375 0.095159 0.122455 0.090070 0.084576 0.126284 0.075530 0.120877 0.016828 0.042383 0.020004 0.127025 0.119103 0.054250 0.116731 0.066108 0.099578 0.075422 0.105555 0.114633 0.139512 0.110178 0.115323 0.095772 0.112573 0.105230 0.124216 0.091328 0.149560 0.143305 0.149643 0.136374 0.146682 0.146307 0.130726 0.125743 0.149463 0.125603 0.104757 0.131204 0.154991 0.137958 0.156272 0.152840 0.139021 0.135419 0.117054 0.096042 0.115591 0.133487 0.124662 0.151820 0.126979 0.029363
 909000.043175 4.218102 0.118121 0.119410 0.118250 0.097476 0.079029 0.113775 0.099941 0.100373 0.128060 0.056955 0.129977 0.021771 0.022625 0.038027 0.131242 0.114972 0.072701 0.126932 0.049039 0.111757 0.051772 0.109262 0.118417 0.143648 0.114673 0.127230 0.101016 0.119852 0.109086 0.131631 0.089964 0.140748 0.128502 0.155263 0.129897 0.142326 0.136501 0.140645 0.129386 0.148017 0.140079 0.107029 0.113599 0.153732 0.123304 0.143602 0.146952 0.122156 0.129893 0.103991 0.089863 0.120491 0.122932 0.106841 0.146581 0.132920 0.046563
 910000.043223 0.735408 0.119218 0.121689 0.115775 0.101351 0.082324 0.116180 0.100878 0.094567 0.125746 0.062055 0.124419 0.009091 0.030616 0.033505 0.131176 0.114530 0.068911 0.123425 0.054620 0.108588 0.065876 0.114961 0.124944 0.147633 0.116764 0.119075 0.108119 0.113128 0.105203 0.133247 0.099640 0.149240 0.138583 0.154707 0.130636 0.143740 0.143281 0.135546 0.135056 0.154082 0.131332 0.108649 0.125725 0.156152 0.133016 0.152646 0.153118 0.133242 0.129047 0.113227 0.098721 0.126324 0.127386 0.118543 0.151113 0.136556 0.031791
 911000.043270 2.821883 0.121438 0.125279 0.115814 0.108950 0.092744 0.122785 0.100674 0.091532 0.128280 0.072356 0.123182 0.017807 0.044936 0.032237 0.134437 0.118112 0.065264 0.124745 0.067535 0.108356 0.078196 0.112497 0.125466 0.145188 0.110412 0.107537 0.108316 0.102164 0.096214 0.127232 0.100260 0.154371 0.145311 0.147676 0.126985 0.140991 0.145077 0.124604 0.135159 0.155773 0.119810 0.102918 0.133826 0.153490 0.137785 0.158557 0.153595 0.142665 0.126802 0.115679 0.099493 0.124126 0.127557 0.126456 0.147905 0.133770 0.030728
 912000.043318 2.185659 0.116982 0.124605 0.113413 0.112258 0.096063 0.124754 0.095484 0.087687 0.128744 0.075504 0.122869 0.015672 0.044787 0.024733 0.131873 0.120396 0.058638 0.121472 0.068893 0.103984 0.078466 0.108686 0.120230 0.142717 0.109619 0.110345 0.101264 0.106266 0.100283 0.125443 0.095591 0.153129 0.145493 0.148840 0.132823 0.145226 0.146861 0.126598 0.130671 0.153275 0.121606 0.103727 0.133730 0.155187 0.138897 0.159007 0.154344 0.142122 0.132739 0.116874 0.097006 0.119431 0.131686 0.125890 0.150977 0.130612 0.029434
 913000.043365 1.048875 0.113708 0.116828 0.112099 0.098837 0.081124 0.113179 0.095252 0.092043 0.122503 0.059834 0.121942 0.010857 0.026965 0.030861 0.126348 0.111422 0.065685 0.120134 0.051935 0.104959 0.061027 0.108149 0.116974 0.140689 0.112241 0.120411 0.099494 0.115241 0.105452 0.127760 0.091647 0.141641 0.131954 0.150160 0.128540 0.139981 0.137002 0.135590 0.127249 0.146045 0.131834 0.104867 0.119022 0.150811 0.126952 0.145996 0.146323 0.126487 0.127132 0.107732 0.092243 0.118873 0.123625 0.112337 0.146015 0.129827 0.032930
 914000.043413 0.700892 0.118455 0.122447 0.114521 0.104681 0.086426 0.118623 0.098823 0.092179 0.126519 0.066737 0.123407 0.008875 0.035974 0.029247 0.131387 0.116126 0.064894 0.122554 0.059253 0.106983 0.070291 0.112905 0.123584 0.146017 0.114486 0.114894 0.105995 0.109602 0.102781 0.130434 0.098705 0.150978 0.141313 0.152312 0.130751 0.143790 0.144870 0.131576 0.133783 0.154395 0.127001 0.106884 0.129006 0.155774 0.135240 0.155121 0.153838 0.136717 0.129859 0.114980 0.098901 0.123916 0.128929 0.121367 0.150785 0.134241 0.030471
 915000.043460 3.667027 0.111806 0.118450 0.110076 0.105885 0.090499 0.118178 0.090632 0.087316 0.125869 0.070684 0.122849 0.020300 0.039496 0.022877 0.127382 0.115922 0.058505 0.119007 0.062820 0.102173 0.068269 0.107169 0.116409 0.140095 0.110845 0.116109 0.097578 0.111040 0.105134 0.125773 0.091833 0.147275 0.139662 0.150422 0.134337 0.146020 0.144502 0.129809 0.126528 0.149546 0.126702 0.106267 0.127595 0.155586 0.134956 0.153545 0.151410 0.134739 0.134423 0.114751 0.095430 0.116167 0.131363 0.120209 0.149776 0.129306 0.038747
 916000.043508 2.042888 0.111460 0.120180 0.110970 0.107953 0.091397 0.120309 0.090988 0.086967 0.126426 0.070965 0.123211 0.015151 0.036603 0.021059 0.127505 0.117323 0.057979 0.118210 0.061523 0.101899 0.068949 0.105398 0.114453 0.139491 0.110086 0.116951 0.096163 0.112634 0.105322 0.125100 0.090145 0.147774 0.140387 0.151132 0.135562 0.146619 0.144707 0.131572 0.125918 0.149042 0.127755 0.104976 0.127433 0.155810 0.135324 0.153859 0.151914 0.135091 0.134806 0.114368 0.093795 0.115882 0.131623 0.121001 0.151309 0.127716 0.032030
 917000.043555 1.981609 0.110035 0.117135 0.107040 0.103836 0.085054 0.114537 0.092594 0.085007 0.119303 0.068163 0.115348 0.014922 0.036100 0.027557 0.122565 0.112308 0.060395 0.112279 0.055754 0.099508 0.071089 0.111327 0.117802 0.140765 0.116323 0.118437 0.102116 0.116883 0.108070 0.128406 0.097254 0.146776 0.139892 0.149548 0.133390 0.142292 0.143324 0.136360 0.128263 0.148508 0.128097 0.108073 0.127528 0.151835 0.134838 0.151082 0.150657 0.134259 0.129421 0.117014 0.101382 0.121399 0.130076 0.123197 0.150304 0.128618 0.021377
 918000.043603 1.668178 0.117228 0.124753 0.113213 0.110912 0.093015 0.123000 0.097554 0.087644 0.126781 0.073875 0.121120 0.013691 0.043121 0.028013 0.130862 0.119053 0.061439 0.119474 0.065742 0.104256 0.078523 0.111375 0.122102 0.143433 0.111892 0.110272 0.105122 0.106962 0.100543 0.126983 0.099008 0.153866 0.146136 0.148970 0.132749 0.144516 0.147328 0.128067 0.132636 0.154088 0.121541 0.104688 0.134042 0.154769 0.139541 0.158579 0.154850 0.142008 0.130885 0.118086 0.099947 0.122839 0.131243 0.127458 0.151798 0.131382 0.022556
 919000.043650 1.705411 0.115543 0.116281 0.111826 0.097615 0.081764 0.112523 0.096453 0.092470 0.121875 0.059859 0.121166 0.013843 0.031561 0.032703 0.127092 0.109706 0.067001 0.121272 0.053527 0.107114 0.063351 0.111887 0.120735 0.142626 0.114301 0.120013 0.103272 0.114856 0.105146 0.129793 0.095944 0.143327 0.133846 0.149401 0.126379 0.138213 0.137228 0.135845 0.130422 0.148086 0.130886 0.106304 0.121836 0.150413 0.128736 0.148031 0.146692 0.128931 0.124848 0.109648 0.096145 0.122389 0.123624 0.114928 0.144712 0.132859 0.035356
 920000.043698 2.370524 0.114509 0.116269 0.112779 0.098039 0.082589 0.113593 0.095086 0.092969 0.123741 0.059641 0.124220 0.016321 0.028253 0.031520 0.127609 0.111038 0.066141 0.122305 0.055060 0.106216 0.059493 0.110088 0.118880 0.142338 0.113369 0.123062 0.100156 0.116434 0.108053 0.129815 0.093057 0.141774 0.131995 0.152122 0.129852 0.141994 0.137447 0.136351 0.128574 0.146908 0.133934 0.108008 0.119524 0.152987 0.127780 0.147014 0.146916 0.126404 0.129647 0.108638 0.092696 0.119940 0.125271 0.111458 0.146185 0.133122 0.039215
 921000.043745 3.200873 0.112624 0.119813 0.110690 0.105131 0.084262 0.115699 0.096010 0.089200 0.121805 0.068330 0.118445 0.018965 0.035691 0.032488 0.125048 0.115265 0.065377 0.115166 0.053702 0.102653 0.070106 0.110473 0.117769 0.141484 0.116443 0.118493 0.103413 0.116720 0.107107 0.128453 0.095843 0.147809 0.140151 0.151110 0.134123 0.143477 0.144429 0.137046 0.128640 0.149553 0.129736 0.106624 0.126549 0.152905 0.134229 0.150702 0.151908 0.134321 0.130235 0.116045 0.100806 0.121458 0.129746 0.123624 0.151885 0.127686 0.025360
 922000.043793 3.237851 0.106777 0.115151 0.105106 0.104608 0.087312 0.114726 0.088665 0.082573 0.118402 0.069991 0.114723 0.019075 0.037416 0.025532 0.120577 0.112041 0.057965 0.110629 0.056942 0.097010 0.070881 0.106805 0.112899 0.136636 0.113068 0.117272 0.097800 0.116339 0.107105 0.124228 0.092729 0.144505 0.138855 0.146668 0.132877 0.141254 0.141776 0.134288 0.123563 0.145013 0.126522 0.105171 0.126896 0.149726 0.134034 0.149646 0.148000 0.134030 0.129466 0.116121 0.099166 0.116697 0.129544 0.123642 0.148098 0.124193 0.022635
 923000.043840 3.004131 0.110976 0.119270 0.108337 0.109338 0.094871 0.121421 0.089444 0.082671 0.124418 0.074350 0.119879 0.018373 0.042488 0.019952 0.126847 0.116047 0.054595 0.116532 0.068232 0.098858 0.075011 0.106630 0.116323 0.138791 0.108164 0.111408 0.097677 0.106905 0.102235 0.123322 0.093574 0.149275 0.143174 0.146970 0.133641 0.145116 0.145205 0.125509 0.126347 0.149020 0.121031 0.104671 0.132053 0.153896 0.138186 0.156385 0.151418 0.139322 0.133440 0.116985 0.095816 0.116200 0.132007 0.124599 0.149203 0.128504 0.029494
 924000.043888 2.379560 0.113811 0.121375 0.110971 0.109345 0.092939 0.121025 0.092808 0.086894 0.126790 0.073448 0.121810 0.016352 0.042596 0.023322 0.128822 0.118485 0.057607 0.119071 0.065380 0.102302 0.074362 0.107661 0.117784 0.140908 0.110271 0.112531 0.098956 0.108415 0.102248 0.125143 0.093652 0.150313 0.142956 0.148999 0.133866 0.145614 0.146204 0.127864 0.128043 0.151113 0.123406 0.104429 0.131102 0.154831 0.137286 0.156408 0.153030 0.138652 0.133580 0.116295 0.096812 0.117338 0.131844 0.123702 0.150637 0.129044 0.033657
 925000.043935 1.556754 0.116302 0.118377 0.115370 0.097514 0.078303 0.112986 0.098688 0.096896 0.124668 0.056828 0.125456 0.013226 0.022225 0.035238 0.128636 0.112511 0.070235 0.123446 0.047982 0.108722 0.057213 0.109850 0.118613 0.143248 0.115014 0.124250 0.101571 0.118084 0.107636 0.130938 0.092405 0.142017 0.130990 0.153516 0.129457 0.141409 0.137529 0.139340 0.129336 0.147755 0.136382 0.106759 0.117097 0.152807 0.125931 0.145553 0.147551 0.124717 0.128299 0.107014 0.092515 0.121019 0.123828 0.110475 0.147474 0.132000 0.038142
 926000.043983 9.398834 0.099811 0.114576 0.097017 0.116644 0.104718 0.122710 0.077678 0.067032 0.117743 0.087983 0.108952 0.032499 0.056689 0.012810 0.117467 0.115218 0.040393 0.103191 0.078624 0.085679 0.088020 0.103145 0.109391 0.130166 0.106548 0.105670 0.092295 0.106475 0.104349 0.115785 0.093711 0.148703 0.149235 0.138073 0.137581 0.143779 0.147494 0.120323 0.118317 0.143316 0.111609 0.105086 0.141243 0.148317 0.145823 0.158534 0.148251 0.146975 0.136411 0.126930 0.102507 0.109794 0.138978 0.136505 0.145331 0.119669 0.024726
 927000.044030 2.949969 0.111480 0.117620 0.111391 0.104109 0.088994 0.117819 0.090741 0.089387 0.125492 0.066950 0.124205 0.018207 0.033521 0.025591 0.127131 0.114903 0.060551 0.120219 0.059304 0.103148 0.063998 0.104125 0.113226 0.138429 0.108972 0.119585 0.094675 0.114299 0.105768 0.124560 0.087491 0.143608 0.135644 0.150128 0.132381 0.143818 0.140265 0.132748 0.124195 0.146039 0.130474 0.103931 0.122922 0.153401 0.130854 0.149842 0.148167 0.130763 0.132411 0.110385 0.090873 0.114442 0.128036 0.116211 0.147720 0.127371 0.037207
 928000.044078 1.475631 0.118727 0.121043 0.116825 0.100610 0.082198 0.116196 0.099893 0.096109 0.126624 0.060539 0.126430 0.012877 0.027436 0.033745 0.131644 0.114535 0.069790 0.125202 0.053502 0.109232 0.061646 0.111463 0.121915 0.145652 0.114250 0.120214 0.104904 0.113273 0.104788 0.131302 0.094828 0.146469 0.135402 0.154201 0.129246 0.142665 0.140541 0.135504 0.132258 0.151510 0.132958 0.106590 0.121928 0.154978 0.129521 0.149746 0.150609 0.130305 0.128837 0.109528 0.094294 0.122943 0.125235 0.114956 0.148878 0.134247 0.035484
 929000.044125 2.267928 0.118816 0.116710 0.114331 0.093111 0.074150 0.109199 0.102507 0.097210 0.120039 0.053430 0.121099 0.015964 0.025944 0.041375 0.128156 0.106952 0.074282 0.123292 0.048597 0.109235 0.061634 0.116903 0.126145 0.147177 0.118338 0.121432 0.110448 0.114519 0.105279 0.134649 0.101490 0.143771 0.132467 0.152120 0.124295 0.137226 0.136804 0.137931 0.134875 0.150156 0.133337 0.109025 0.120190 0.150907 0.127212 0.146391 0.147575 0.126953 0.122108 0.109363 0.098796 0.127841 0.121359 0.113440 0.145475 0.137178 0.035130
 930000.044173 3.955011 0.118863 0.114995 0.116997 0.088796 0.069670 0.106448 0.102777 0.102690 0.122105 0.046571 0.125853 0.021082 0.015911 0.044211 0.128411 0.107200 0.077807 0.126780 0.041572 0.112781 0.048539 0.113850 0.122195 0.144731 0.118309 0.129175 0.105526 0.121486 0.110004 0.134540 0.095046 0.136168 0.123279 0.152432 0.124215 0.136240 0.130856 0.143550 0.131086 0.145107 0.141402 0.109295 0.109487 0.148763 0.118682 0.138503 0.142223 0.116604 0.123173 0.102005 0.092557 0.124122 0.118011 0.102142 0.141786 0.135348 0.046130
 931000.044220 2.676508 0.113971 0.118630 0.112572 0.102962 0.086811 0.117114 0.093866 0.090303 0.125459 0.065405 0.124300 0.017343 0.032586 0.027261 0.128778 0.114517 0.063538 0.121278 0.058746 0.104661 0.063530 0.106934 0.116984 0.140596 0.109847 0.116569 0.099215 0.110174 0.103192 0.126191 0.091005 0.145430 0.136389 0.150733 0.130874 0.143569 0.141073 0.130377 0.127351 0.148559 0.128205 0.104424 0.123497 0.154075 0.131077 0.150295 0.149421 0.131506 0.130958 0.110432 0.092271 0.117486 0.126934 0.116729 0.148023 0.129977 0.036617
 932000.044268 3.167848 0.105368 0.115954 0.105616 0.107013 0.090295 0.117105 0.085979 0.081890 0.121488 0.072098 0.117964 0.018867 0.037281 0.019062 0.121538 0.114781 0.054482 0.111479 0.059643 0.096198 0.069393 0.103288 0.109888 0.135288 0.110272 0.117037 0.093206 0.114862 0.107092 0.122398 0.088557 0.144800 0.139522 0.148277 0.136711 0.145595 0.144051 0.132019 0.121155 0.144866 0.126719 0.104701 0.127160 0.152855 0.135349 0.151299 0.149532 0.134092 0.134632 0.116155 0.095512 0.112857 0.132457 0.122697 0.150359 0.122973 0.028697
 933000.044315 1.509801 0.110643 0.118937 0.109362 0.106180 0.088204 0.117782 0.091412 0.085923 0.123716 0.069530 0.120407 0.013025 0.034874 0.022114 0.125547 0.115597 0.058775 0.115862 0.058595 0.100266 0.068932 0.108064 0.116095 0.140498 0.113053 0.117315 0.099115 0.113762 0.106556 0.126765 0.093135 0.148054 0.140828 0.151224 0.135757 0.146253 0.145488 0.133050 0.126837 0.149437 0.127847 0.106848 0.128019 0.155363 0.135945 0.153334 0.152422 0.135269 0.133917 0.116299 0.097437 0.118015 0.131994 0.122498 0.152044 0.128424 0.027875
 934000.044363 2.061314 0.113980 0.123017 0.112808 0.110912 0.094228 0.123528 0.093114 0.088270 0.128537 0.073530 0.124039 0.015220 0.040001 0.023739 0.129581 0.120185 0.057421 0.119851 0.065313 0.102796 0.073478 0.106127 0.115962 0.141317 0.110172 0.117176 0.096414 0.113239 0.105346 0.125892 0.091481 0.149497 0.141769 0.151882 0.135894 0.147188 0.145415 0.132188 0.127658 0.150521 0.128109 0.104890 0.129110 0.156260 0.136232 0.155811 0.153236 0.137176 0.135352 0.114575 0.093691 0.117071 0.132052 0.121479 0.152434 0.129179 0.031019
 935000.044410 0.889644 0.120713 0.124598 0.116229 0.106306 0.088206 0.120665 0.100969 0.093290 0.128284 0.068079 0.124673 0.009999 0.038135 0.031079 0.133558 0.117673 0.066010 0.124358 0.061599 0.108562 0.073018 0.114655 0.125956 0.147945 0.115201 0.114346 0.108340 0.108737 0.102224 0.131703 0.100991 0.153503 0.143482 0.153130 0.130968 0.144654 0.146391 0.131123 0.136228 0.156763 0.126488 0.107487 0.131287 0.157044 0.137135 0.157628 0.155622 0.139173 0.130250 0.116194 0.100211 0.126040 0.129790 0.123235 0.151958 0.136317 0.031027
 936000.044458 4.065618 0.116664 0.115935 0.115952 0.091996 0.071308 0.107927 0.100968 0.100830 0.122706 0.050826 0.125865 0.021374 0.016070 0.041834 0.127167 0.109709 0.076125 0.123734 0.038589 0.111515 0.049190 0.112907 0.119694 0.143897 0.119829 0.130744 0.104420 0.124967 0.112533 0.134373 0.094278 0.138216 0.126353 0.154374 0.129039 0.139759 0.134777 0.146060 0.130251 0.146429 0.142664 0.110037 0.111901 0.151332 0.122228 0.140753 0.145015 0.118994 0.126578 0.105412 0.094682 0.123915 0.122001 0.106428 0.146006 0.133514 0.043768
 937000.044505 1.313075 0.116191 0.120630 0.113487 0.102416 0.082557 0.115516 0.098116 0.092252 0.124685 0.064180 0.122539 0.012147 0.031582 0.030672 0.129099 0.114844 0.066593 0.120375 0.053495 0.106243 0.065576 0.112002 0.121333 0.144433 0.115420 0.117308 0.105395 0.112281 0.104455 0.130381 0.096660 0.148651 0.138881 0.152916 0.131579 0.143681 0.143902 0.133988 0.131835 0.152468 0.129469 0.106934 0.125427 0.155104 0.132919 0.151688 0.152677 0.133219 0.129681 0.113603 0.098501 0.122997 0.128134 0.119775 0.150922 0.132119 0.031593
 938000.044553 6.398308 0.102869 0.118348 0.103494 0.115323 0.099312 0.123002 0.082533 0.076422 0.122550 0.082539 0.115642 0.026814 0.047735 0.016420 0.120850 0.119073 0.047161 0.107981 0.069868 0.090815 0.079980 0.100798 0.107366 0.133047 0.108106 0.113128 0.090384 0.112875 0.106758 0.118825 0.088194 0.148086 0.145344 0.146028 0.140593 0.147930 0.148004 0.128320 0.118722 0.144813 0.121968 0.104038 0.133958 0.153022 0.140929 0.155800 0.151410 0.141258 0.138665 0.121246 0.097255 0.109619 0.137351 0.129663 0.151913 0.119480 0.025522
 939000.044600 1.951502 0.112941 0.116050 0.112310 0.097232 0.079000 0.111663 0.095072 0.093285 0.122735 0.058135 0.123377 0.014809 0.023363 0.031692 0.125940 0.111144 0.067200 0.120113 0.048586 0.105842 0.056218 0.109027 0.116730 0.141172 0.114474 0.123880 0.099757 0.118257 0.108707 0.129573 0.091471 0.141008 0.131140 0.152675 0.131103 0.142180 0.137920 0.138423 0.127287 0.146234 0.135205 0.107396 0.117345 0.152751 0.126672 0.145034 0.147107 0.124412 0.129531 0.108341 0.093068 0.119408 0.125249 0.111306 0.147581 0.130435 0.037559
 940000.044648 2.568675 0.114462 0.123066 0.111471 0.112439 0.096786 0.124238 0.092626 0.085796 0.127959 0.076454 0.121901 0.016990 0.045026 0.021546 0.129816 0.120215 0.055644 0.119325 0.069021 0.102018 0.077725 0.107180 0.117724 0.141108 0.109346 0.112141 0.098172 0.108800 0.102374 0.124574 0.093580 0.151645 0.144761 0.148923 0.134622 0.146045 0.146714 0.127921 0.128450 0.151615 0.122824 0.104037 0.132945 0.155066 0.138710 0.158141 0.153693 0.141098 0.134313 0.116904 0.096277 0.117428 0.132738 0.125359 0.151195 0.129111 0.030264
