#! FIELDS time restraint.bias r0 r1 r2 r3 r4 r5 r6 r7 r8 r9 r10 r11 r12 r13 r14 r15 r16 r17 r18 r19 r20 r21 r22 r23 r24 r25 r26 r27 r28 r29 r30 r31 r32 r33
240000.011399 8.496423 0.145261 0.157392 0.162429 0.142576 0.162353 0.132159 0.111505 0.111798 0.122455 0.171370 0.179954 0.057883 0.092445 0.101932 0.046586 0.017381 0.066277 0.136185 0.134406 0.109259 0.103544 0.121874 0.122672 0.115031 0.120094 0.132629 0.062223 0.087116 0.157955 0.155186 0.146455 0.121156 0.117265 0.126288
241000.011447 5.487378 0.150200 0.162826 0.157340 0.136095 0.162406 0.132482 0.105018 0.108744 0.118808 0.174019 0.176152 0.067046 0.099756 0.106395 0.045187 0.013968 0.072565 0.142068 0.139704 0.111422 0.101659 0.128493 0.123045 0.120043 0.121289 0.135633 0.068836 0.097126 0.157758 0.149624 0.153405 0.126264 0.125017 0.132445
242000.011494 5.410489 0.145224 0.159504 0.162674 0.140298 0.163264 0.132804 0.110476 0.110824 0.121596 0.171644 0.178977 0.052401 0.088397 0.100219 0.048507 0.013870 0.064766 0.135952 0.133205 0.110792 0.104597 0.122383 0.124060 0.112414 0.117962 0.128417 0.053338 0.085901 0.157424 0.153935 0.148166 0.121600 0.117311 0.127591
243000.011542 1.602736 0.152328 0.162409 0.154670 0.133451 0.162165 0.135574 0.105904 0.110705 0.116737 0.174704 0.173408 0.065456 0.099967 0.108857 0.051956 0.007549 0.075245 0.140012 0.132985 0.112049 0.093966 0.130607 0.118836 0.109838 0.112472 0.126500 0.061519 0.097463 0.160233 0.146520 0.154829 0.128471 0.126043 0.134604
244000.011589 3.325956 0.144523 0.157135 0.159752 0.138861 0.158368 0.129460 0.108365 0.108397 0.121494 0.168776 0.174664 0.058092 0.091364 0.098874 0.041573 0.010875 0.064255 0.134205 0.132051 0.105000 0.101533 0.121774 0.118276 0.114012 0.115597 0.128668 0.059290 0.090351 0.153629 0.152216 0.147014 0.121828 0.118593 0.127219
245000.011637 5.836975 0.145538 0.158900 0.163016 0.141425 0.160269 0.130636 0.111157 0.109952 0.124084 0.170364 0.177008 0.056583 0.090427 0.098687 0.042564 0.014406 0.063378 0.135134 0.133091 0.105858 0.103523 0.122907 0.119943 0.114711 0.116236 0.128344 0.055953 0.090813 0.154572 0.155123 0.148368 0.122585 0.119421 0.128315
246000.011684 4.599689 0.147721 0.161046 0.162258 0.140423 0.162876 0.131795 0.108233 0.109544 0.121752 0.173075 0.179417 0.060865 0.094729 0.102820 0.042957 0.012788 0.067397 0.139241 0.138012 0.109435 0.104965 0.125083 0.123452 0.119382 0.122219 0.135519 0.064669 0.092406 0.157466 0.154096 0.150650 0.123870 0.121280 0.129610
247000.011732 3.778678 0.146138 0.158481 0.160456 0.139720 0.161500 0.132071 0.110073 0.110742 0.121210 0.171315 0.177156 0.057862 0.092299 0.101013 0.045768 0.011591 0.066152 0.135593 0.132718 0.108050 0.100856 0.122851 0.120078 0.112959 0.116258 0.128754 0.058577 0.089610 0.156980 0.152707 0.148237 0.122505 0.119254 0.128195
248000.011779 4.908276 0.146642 0.158137 0.158325 0.137539 0.158040 0.128685 0.105626 0.106595 0.119883 0.169696 0.174347 0.063806 0.096188 0.101975 0.039922 0.013210 0.067719 0.136935 0.134780 0.105088 0.101260 0.124647 0.117780 0.117458 0.118051 0.132695 0.066167 0.094849 0.153974 0.150957 0.149138 0.123274 0.121231 0.128622
249000.011827 4.195840 0.148649 0.161246 0.158267 0.136337 0.161211 0.130656 0.103907 0.106758 0.117978 0.172845 0.176380 0.064815 0.098242 0.105808 0.043560 0.012214 0.071006 0.141224 0.138750 0.110215 0.102594 0.127929 0.122263 0.119314 0.121354 0.135335 0.067102 0.095492 0.156579 0.150069 0.152028 0.124459 0.123141 0.130395
250000.011874 7.327723 0.154063 0.162778 0.154084 0.132785 0.159249 0.131999 0.101343 0.105925 0.115552 0.174390 0.172443 0.074169 0.107266 0.113396 0.047989 0.016141 0.079449 0.145449 0.139037 0.111757 0.096219 0.135988 0.118555 0.117497 0.117134 0.133159 0.071298 0.104291 0.157864 0.146373 0.156862 0.129082 0.129488 0.135276
251000.011922 5.613295 0.143947 0.156470 0.160211 0.139947 0.158817 0.129173 0.109692 0.108720 0.121674 0.168750 0.175539 0.056951 0.090269 0.098086 0.042697 0.014127 0.063455 0.133482 0.131364 0.104844 0.101818 0.120830 0.118090 0.113343 0.115699 0.128271 0.058086 0.089143 0.153851 0.153118 0.146373 0.120629 0.117713 0.126220
252000.011969 9.217557 0.150641 0.161741 0.160545 0.140089 0.159830 0.130184 0.105976 0.107316 0.122153 0.173562 0.177081 0.070007 0.102177 0.106326 0.039075 0.018103 0.071561 0.141431 0.139599 0.106228 0.102583 0.128856 0.118703 0.122923 0.121858 0.138388 0.072980 0.100283 0.156174 0.153594 0.153287 0.126486 0.126066 0.132248
253000.012017 4.686440 0.148221 0.159981 0.160072 0.139135 0.159635 0.129981 0.106883 0.107564 0.121398 0.171708 0.176018 0.065066 0.097683 0.103275 0.040810 0.012908 0.068860 0.138814 0.136527 0.106291 0.101710 0.126415 0.118641 0.118756 0.118750 0.133630 0.066597 0.096261 0.155478 0.152669 0.150885 0.124476 0.123068 0.130229
254000.012064 5.140165 0.148451 0.159895 0.158516 0.137368 0.161305 0.132609 0.108491 0.109896 0.119656 0.172565 0.175434 0.061704 0.095811 0.104188 0.048831 0.013519 0.069923 0.137432 0.132845 0.109252 0.098008 0.126792 0.118874 0.111601 0.113929 0.126996 0.058682 0.093586 0.157630 0.150634 0.150899 0.124304 0.122146 0.130496
255000.012112 13.794720 0.153845 0.163245 0.154239 0.131624 0.156492 0.129989 0.099564 0.104100 0.116758 0.172272 0.169998 0.076886 0.108318 0.112884 0.044833 0.022147 0.079699 0.146360 0.140947 0.110193 0.099028 0.137300 0.118619 0.121590 0.118348 0.134497 0.073534 0.108223 0.154185 0.146038 0.157684 0.130349 0.131181 0.136260
256000.012159 1.661292 0.148360 0.161134 0.158984 0.136312 0.161526 0.132643 0.106607 0.108861 0.119159 0.172318 0.175496 0.059526 0.094244 0.104207 0.047646 0.007686 0.069637 0.138372 0.133637 0.110375 0.100064 0.127029 0.121179 0.112099 0.115110 0.127540 0.057435 0.092695 0.156906 0.150216 0.151491 0.124789 0.121821 0.130910
257000.012207 8.411666 0.153782 0.164540 0.158326 0.137091 0.161800 0.132648 0.103888 0.107546 0.119580 0.176109 0.176473 0.072458 0.105321 0.110548 0.043965 0.017294 0.075957 0.145197 0.141850 0.110610 0.101409 0.133258 0.121112 0.122788 0.122141 0.138342 0.073276 0.103103 0.158938 0.150680 0.156814 0.129137 0.129028 0.135192
258000.012254 9.599677 0.143932 0.157350 0.165028 0.145038 0.161609 0.130881 0.113481 0.112099 0.125438 0.170501 0.180514 0.057167 0.090531 0.098513 0.043165 0.018475 0.063134 0.135323 0.135513 0.107285 0.106075 0.119699 0.122730 0.118311 0.121580 0.133990 0.062385 0.087328 0.155778 0.158014 0.145924 0.120431 0.117463 0.125930
259000.012302 6.208545 0.149280 0.162014 0.162247 0.140774 0.163253 0.132863 0.108619 0.110081 0.122943 0.174030 0.179225 0.062988 0.096485 0.103064 0.042733 0.014858 0.068301 0.139443 0.138121 0.108605 0.104761 0.125790 0.122128 0.120494 0.122008 0.136189 0.066978 0.095013 0.158637 0.154363 0.152059 0.125970 0.123246 0.131481
260000.012349 4.691195 0.148109 0.160741 0.161000 0.139552 0.160748 0.130500 0.106734 0.107855 0.121307 0.172357 0.177412 0.064085 0.097097 0.103705 0.041365 0.012915 0.068844 0.139845 0.138007 0.108052 0.103681 0.126342 0.121124 0.119782 0.120779 0.135092 0.066631 0.094797 0.155990 0.153224 0.150949 0.124093 0.122529 0.130029
261000.012397 7.776741 0.145681 0.158712 0.160964 0.139957 0.160092 0.129623 0.108157 0.108938 0.122110 0.170199 0.177008 0.063163 0.094744 0.100252 0.039829 0.016628 0.066320 0.137158 0.136949 0.106133 0.104852 0.122889 0.120672 0.120725 0.121430 0.135341 0.067539 0.093556 0.154695 0.153365 0.148562 0.123142 0.120909 0.128158
262000.012444 12.064941 0.151084 0.162335 0.160739 0.141005 0.162734 0.132008 0.107339 0.109516 0.121870 0.175109 0.179590 0.070571 0.102719 0.107246 0.042245 0.020712 0.072705 0.142418 0.141578 0.108745 0.103964 0.128244 0.121799 0.124634 0.125173 0.141359 0.075812 0.099262 0.158850 0.153913 0.153255 0.126659 0.125924 0.132225
263000.012492 11.290246 0.142260 0.155399 0.163398 0.144395 0.159985 0.129734 0.113653 0.110651 0.125106 0.168700 0.178229 0.053014 0.087131 0.096000 0.044563 0.020036 0.060543 0.132409 0.131852 0.105546 0.105867 0.118238 0.120678 0.114415 0.118178 0.129761 0.056649 0.084833 0.154710 0.157251 0.144064 0.118653 0.114860 0.124297
264000.012539 4.586072 0.146063 0.158649 0.160819 0.139564 0.160884 0.131377 0.109347 0.109632 0.121123 0.171106 0.176976 0.057428 0.092092 0.101299 0.044932 0.012770 0.065911 0.136101 0.132873 0.107845 0.101662 0.123776 0.120011 0.112998 0.116122 0.128204 0.056795 0.089741 0.156189 0.152899 0.148440 0.122264 0.119120 0.127966
265000.012587 3.999578 0.157447 0.165245 0.152379 0.131032 0.163091 0.139698 0.105684 0.113070 0.115449 0.177782 0.171902 0.070474 0.105577 0.114952 0.057370 0.011925 0.081595 0.143534 0.133257 0.115592 0.089611 0.136620 0.118224 0.107559 0.109672 0.124134 0.062351 0.102855 0.163699 0.143882 0.159752 0.133539 0.131362 0.139707
266000.012634 3.495832 0.152427 0.163527 0.158260 0.137134 0.162851 0.135164 0.107063 0.111174 0.120352 0.175557 0.176193 0.067454 0.101393 0.108532 0.047022 0.011149 0.073852 0.142045 0.137675 0.111389 0.098594 0.130666 0.121130 0.116627 0.117589 0.132403 0.066413 0.098388 0.160094 0.150321 0.154647 0.128693 0.126428 0.134460
267000.012682 5.976429 0.148690 0.161331 0.160615 0.138167 0.160656 0.130734 0.105720 0.107286 0.120157 0.172550 0.176858 0.063255 0.097144 0.105110 0.042456 0.014577 0.069674 0.140472 0.137313 0.108726 0.103157 0.128177 0.120943 0.118180 0.119684 0.133080 0.063710 0.095517 0.155877 0.152137 0.152032 0.124881 0.123026 0.130544
268000.012729 7.979151 0.152913 0.164310 0.153478 0.132698 0.161582 0.133965 0.103053 0.109077 0.116726 0.174928 0.172749 0.071772 0.103809 0.109563 0.047002 0.016843 0.076490 0.144128 0.140502 0.112599 0.099476 0.131652 0.122210 0.120314 0.120208 0.135124 0.071681 0.101504 0.158695 0.145860 0.156229 0.129434 0.128557 0.135414
269000.012777 8.907686 0.150433 0.162351 0.160477 0.138442 0.158876 0.129170 0.104303 0.105491 0.121828 0.172553 0.175471 0.069893 0.101563 0.105864 0.038811 0.017797 0.071559 0.142242 0.140442 0.106565 0.103980 0.130422 0.119730 0.123638 0.121453 0.137463 0.071366 0.101782 0.154502 0.152714 0.153940 0.126798 0.126472 0.132822
270000.012824 5.311959 0.150145 0.161868 0.158891 0.138833 0.164948 0.135146 0.109499 0.112743 0.120142 0.174971 0.178664 0.064263 0.098012 0.106080 0.049258 0.013743 0.072058 0.139819 0.136484 0.111997 0.099757 0.126640 0.122543 0.115731 0.119475 0.133430 0.066676 0.093964 0.161065 0.151435 0.152187 0.126122 0.123404 0.131760
271000.012872 5.338247 0.152951 0.164312 0.161279 0.140594 0.163992 0.134971 0.108664 0.111177 0.122546 0.177016 0.179216 0.067865 0.101908 0.108716 0.046277 0.013777 0.073521 0.142919 0.139264 0.111010 0.100099 0.130449 0.121516 0.118987 0.119859 0.135222 0.068046 0.098328 0.160684 0.153809 0.155126 0.128105 0.126847 0.134489
272000.012919 6.948077 0.145221 0.157405 0.156235 0.133499 0.156135 0.128611 0.105314 0.105709 0.117972 0.167719 0.170261 0.058453 0.091757 0.100953 0.047091 0.015718 0.067538 0.134205 0.128760 0.105873 0.098091 0.125354 0.116181 0.108116 0.109325 0.121131 0.051977 0.093092 0.151440 0.147668 0.148771 0.122552 0.120030 0.128705
273000.012967 4.636026 0.147802 0.159056 0.159399 0.139319 0.160775 0.132206 0.108567 0.109956 0.121255 0.172138 0.176396 0.062224 0.095951 0.103273 0.045170 0.012839 0.068543 0.136919 0.133929 0.107575 0.099906 0.124637 0.118959 0.114723 0.116838 0.131140 0.063671 0.092635 0.157592 0.152174 0.149507 0.124048 0.121191 0.129667
274000.013014 13.821748 0.142460 0.155409 0.166493 0.148567 0.160210 0.130095 0.116474 0.113022 0.128824 0.169249 0.180585 0.054920 0.088085 0.095308 0.039629 0.022168 0.058930 0.132564 0.133859 0.103639 0.108431 0.116941 0.120964 0.118995 0.121795 0.134222 0.061828 0.086031 0.154773 0.161104 0.143774 0.119626 0.115716 0.124439
275000.013062 3.579356 0.149736 0.161727 0.160922 0.140040 0.163259 0.133726 0.109569 0.111632 0.121941 0.174063 0.178511 0.063853 0.097594 0.104846 0.044591 0.011281 0.070006 0.139701 0.136711 0.109560 0.100826 0.126839 0.121206 0.117016 0.118858 0.132788 0.064951 0.094630 0.158977 0.153230 0.151888 0.125948 0.123487 0.131455
276000.013109 5.678955 0.144379 0.158587 0.162113 0.139946 0.161040 0.130589 0.109719 0.108977 0.121894 0.170169 0.177137 0.053321 0.088077 0.098279 0.045674 0.014210 0.063203 0.134862 0.132819 0.108060 0.104877 0.121785 0.122020 0.113515 0.117228 0.128255 0.054053 0.087584 0.154998 0.153770 0.147681 0.120999 0.117493 0.127170
277000.013157 3.484268 0.148856 0.159584 0.156581 0.135769 0.159775 0.131397 0.106047 0.108687 0.118364 0.171525 0.173931 0.065228 0.098235 0.104764 0.044179 0.011130 0.070816 0.138299 0.134309 0.107679 0.098145 0.127195 0.117827 0.114840 0.115957 0.130216 0.064974 0.096397 0.156565 0.148868 0.151242 0.125528 0.123411 0.130735
278000.013204 5.810103 0.146705 0.159881 0.163960 0.143204 0.163983 0.133448 0.112319 0.112735 0.123768 0.173096 0.181104 0.057880 0.092663 0.102091 0.046094 0.014373 0.066430 0.137513 0.135603 0.109938 0.103685 0.123097 0.123360 0.115995 0.120177 0.132632 0.061119 0.088757 0.158701 0.156280 0.148787 0.122846 0.119497 0.128380
279000.013252 6.272797 0.150421 0.161373 0.159383 0.138720 0.159770 0.130507 0.105217 0.106966 0.120755 0.173241 0.176215 0.068770 0.101473 0.106725 0.041145 0.014934 0.071925 0.141346 0.138727 0.107357 0.101487 0.129152 0.119160 0.120660 0.120408 0.136480 0.070888 0.098975 0.156467 0.152209 0.152866 0.126012 0.125178 0.131947
280000.013299 1.749540 0.150059 0.161420 0.156766 0.134186 0.161306 0.133641 0.105708 0.109010 0.117341 0.173155 0.173958 0.061770 0.096589 0.106355 0.049937 0.007887 0.072041 0.138923 0.132685 0.111058 0.097045 0.129138 0.119558 0.109975 0.112755 0.125420 0.056763 0.094841 0.158041 0.147860 0.152912 0.126095 0.123491 0.132351
281000.013347 3.252423 0.148936 0.160839 0.159945 0.138745 0.161944 0.132076 0.107127 0.109033 0.119962 0.173250 0.177619 0.063298 0.097393 0.105287 0.044720 0.010754 0.070132 0.139920 0.136690 0.109678 0.101302 0.127132 0.121204 0.116669 0.119157 0.133018 0.064608 0.093899 0.157865 0.152062 0.151285 0.124456 0.122392 0.130295
282000.013394 3.859863 0.147288 0.159307 0.159297 0.138546 0.159609 0.130531 0.107387 0.108195 0.121283 0.171022 0.175269 0.062418 0.095283 0.101800 0.042959 0.011715 0.067865 0.136798 0.134192 0.106411 0.100716 0.124422 0.118542 0.115958 0.116877 0.131308 0.063916 0.093881 0.155428 0.152018 0.149896 0.123899 0.121690 0.129835
283000.013442 11.969382 0.144862 0.157309 0.163673 0.143686 0.156534 0.126570 0.109057 0.107068 0.126002 0.168756 0.176524 0.064144 0.095036 0.098456 0.031922 0.020630 0.063229 0.135605 0.136491 0.100336 0.106409 0.122069 0.116897 0.123329 0.121462 0.137069 0.069605 0.095341 0.151429 0.157179 0.147391 0.122382 0.120636 0.127336
284000.013489 9.390414 0.142909 0.156919 0.161806 0.139586 0.155419 0.125059 0.106369 0.104419 0.123060 0.166393 0.173881 0.059757 0.091044 0.096712 0.034049 0.018272 0.062143 0.134824 0.134555 0.101742 0.106438 0.122073 0.117796 0.119900 0.118904 0.132233 0.062602 0.093217 0.148830 0.154075 0.146885 0.120924 0.118770 0.126183
285000.013537 1.169773 0.150627 0.160995 0.155507 0.134355 0.160492 0.133234 0.105868 0.109285 0.117594 0.172849 0.173159 0.065040 0.098866 0.106662 0.048021 0.006449 0.072946 0.138879 0.132971 0.109493 0.095151 0.129053 0.117697 0.111355 0.112921 0.127101 0.062017 0.096965 0.157823 0.147656 0.153108 0.126918 0.124796 0.132870
286000.013584 1.793793 0.147733 0.159602 0.157781 0.135656 0.160458 0.131926 0.106782 0.108615 0.118389 0.171240 0.174293 0.059594 0.094109 0.103268 0.047009 0.007986 0.068930 0.136962 0.132016 0.108785 0.098642 0.126451 0.118954 0.110782 0.113348 0.125714 0.056535 0.092803 0.156442 0.149264 0.150455 0.124244 0.121243 0.130038
287000.013632 4.635303 0.145680 0.158217 0.159368 0.138252 0.162084 0.131965 0.109251 0.110205 0.119154 0.171146 0.177011 0.056656 0.091428 0.101550 0.048758 0.012838 0.066977 0.135656 0.132060 0.109773 0.100522 0.123181 0.121036 0.111013 0.115853 0.127456 0.056529 0.088300 0.157294 0.151342 0.148060 0.121505 0.118309 0.127396
288000.013679 2.744238 0.144522 0.157709 0.158919 0.137278 0.160575 0.130730 0.107753 0.108870 0.119047 0.169638 0.175656 0.055807 0.090209 0.100398 0.046801 0.009878 0.065941 0.135030 0.131939 0.108950 0.101111 0.122195 0.121215 0.111511 0.115929 0.127658 0.056637 0.087673 0.155344 0.150744 0.147277 0.121050 0.117517 0.126889
289000.013727 2.971903 0.151647 0.163627 0.159382 0.138688 0.164955 0.135761 0.108697 0.112395 0.120558 0.176165 0.178612 0.065322 0.099610 0.107679 0.048183 0.010279 0.072988 0.141670 0.137728 0.112501 0.099506 0.128820 0.122665 0.116404 0.119181 0.133382 0.066227 0.095508 0.161223 0.151691 0.154000 0.127487 0.125171 0.133390
290000.013774 3.485121 0.147510 0.160391 0.161332 0.139627 0.161388 0.131183 0.108228 0.109000 0.121726 0.172251 0.177498 0.061016 0.094746 0.102147 0.042510 0.011132 0.067141 0.138199 0.136033 0.107913 0.102668 0.125207 0.120701 0.117338 0.118943 0.132340 0.062328 0.093276 0.156336 0.153335 0.150510 0.123871 0.121717 0.129707
291000.013822 6.913627 0.150019 0.162968 0.162408 0.141797 0.165914 0.135116 0.111073 0.113333 0.123208 0.175627 0.181261 0.063923 0.097300 0.104975 0.047108 0.015679 0.070391 0.140780 0.139226 0.111808 0.103263 0.126259 0.124740 0.119740 0.122609 0.136462 0.067307 0.094084 0.160843 0.154777 0.152441 0.126199 0.123687 0.131959
292000.013869 4.176024 0.150278 0.162146 0.159722 0.138913 0.163778 0.133486 0.107340 0.109961 0.119760 0.175042 0.178790 0.064797 0.099030 0.107220 0.047464 0.012185 0.072303 0.141397 0.137840 0.111726 0.100822 0.128309 0.122445 0.116988 0.120177 0.134464 0.066672 0.094597 0.159877 0.152096 0.152671 0.125333 0.123594 0.131385
293000.013917 3.801394 0.149902 0.161308 0.157841 0.136551 0.159801 0.130892 0.104554 0.107277 0.119251 0.172596 0.174911 0.066957 0.099952 0.105993 0.041979 0.011626 0.071523 0.140588 0.137438 0.108038 0.100384 0.128605 0.119400 0.118652 0.118963 0.134109 0.068170 0.098137 0.156118 0.150140 0.152816 0.126205 0.124847 0.131932
294000.013964 3.315613 0.155220 0.165309 0.157190 0.135583 0.163064 0.136451 0.106490 0.111264 0.119190 0.177076 0.175046 0.070413 0.104423 0.111669 0.049815 0.010858 0.077343 0.144265 0.137861 0.112851 0.096015 0.134652 0.120165 0.115326 0.115370 0.130327 0.065841 0.102218 0.161235 0.148890 0.157816 0.131101 0.129822 0.137233
295000.014012 9.734737 0.145205 0.157467 0.163073 0.143312 0.159977 0.129716 0.110820 0.110050 0.124827 0.170309 0.178427 0.061924 0.093770 0.098769 0.039090 0.018604 0.064178 0.135315 0.135890 0.104282 0.105226 0.120700 0.119559 0.120790 0.121604 0.136077 0.067716 0.092021 0.155165 0.156320 0.147132 0.122229 0.119705 0.127392
296000.014059 4.775783 0.154002 0.165617 0.157333 0.136101 0.164347 0.135389 0.104788 0.109718 0.118566 0.177332 0.177136 0.068931 0.102931 0.110602 0.048326 0.013031 0.076078 0.144818 0.140517 0.113866 0.100184 0.132290 0.123588 0.119185 0.121083 0.136009 0.069453 0.099534 0.161169 0.149552 0.157025 0.129264 0.127941 0.135734
297000.014107 6.034831 0.144137 0.158609 0.161997 0.139196 0.159436 0.128767 0.108269 0.107424 0.121913 0.169138 0.175903 0.056549 0.089678 0.098284 0.042513 0.014648 0.063602 0.135912 0.134560 0.106939 0.105141 0.122850 0.121485 0.116350 0.117978 0.129525 0.056563 0.090386 0.152817 0.153438 0.147984 0.121146 0.118639 0.127204
298000.014154 11.450378 0.145850 0.158289 0.163277 0.143828 0.163216 0.132970 0.112661 0.113068 0.123532 0.172054 0.181177 0.060369 0.093765 0.102297 0.047154 0.020177 0.067518 0.137152 0.136068 0.109952 0.104522 0.121605 0.123624 0.117444 0.122015 0.134874 0.065886 0.087942 0.158569 0.156289 0.147114 0.121850 0.118440 0.127141
299000.014202 5.076980 0.153354 0.164762 0.158437 0.137817 0.164784 0.136107 0.107415 0.111535 0.120178 0.177408 0.177731 0.068367 0.102395 0.109624 0.049715 0.013436 0.075351 0.143488 0.139346 0.113378 0.099044 0.131057 0.122628 0.117894 0.119515 0.134527 0.068471 0.098439 0.161899 0.150794 0.155805 0.128748 0.127282 0.135213
300000.014249 7.529974 0.153841 0.163971 0.157433 0.137827 0.167349 0.139672 0.111042 0.115811 0.118674 0.178181 0.178493 0.066441 0.101578 0.111553 0.057319 0.016363 0.077692 0.141536 0.133880 0.115694 0.093615 0.130962 0.120996 0.109017 0.113919 0.127487 0.063282 0.095006 0.165467 0.149838 0.155067 0.128638 0.125928 0.134759
301000.014297 4.215914 0.149676 0.161794 0.161372 0.140295 0.163612 0.134291 0.110572 0.111974 0.122171 0.174452 0.178441 0.062147 0.096300 0.104306 0.047325 0.012243 0.069633 0.138968 0.135382 0.109959 0.100318 0.126739 0.120871 0.114927 0.117035 0.130341 0.061277 0.093940 0.159433 0.153428 0.152035 0.125632 0.123301 0.131680
302000.014344 1.933251 0.147810 0.159990 0.159416 0.137657 0.161680 0.132771 0.108606 0.110046 0.120054 0.172073 0.176036 0.058732 0.093453 0.102750 0.046918 0.008291 0.068036 0.136749 0.132344 0.108840 0.099365 0.125571 0.119628 0.111403 0.114352 0.126773 0.056735 0.091880 0.157418 0.151123 0.150381 0.124265 0.121054 0.130023
303000.014392 6.812734 0.150201 0.161303 0.156459 0.136646 0.163677 0.134625 0.107845 0.111804 0.118113 0.174524 0.176493 0.066185 0.099546 0.107174 0.049759 0.015564 0.073602 0.140130 0.136034 0.111896 0.097880 0.127326 0.120895 0.115152 0.118228 0.132176 0.067211 0.095060 0.160512 0.148998 0.152322 0.126112 0.124076 0.131692
304000.014439 1.421077 0.150679 0.162355 0.158042 0.136158 0.162125 0.133478 0.105806 0.109289 0.118533 0.174106 0.175897 0.064328 0.098711 0.107368 0.046963 0.007108 0.072492 0.140949 0.136135 0.111123 0.098975 0.129601 0.121097 0.114587 0.116923 0.130716 0.063076 0.096030 0.158525 0.149688 0.153479 0.126617 0.124445 0.132561
305000.014487 3.033546 0.151104 0.161975 0.158225 0.137848 0.163306 0.134776 0.108954 0.111777 0.119774 0.174623 0.176747 0.064920 0.098784 0.106471 0.048432 0.010386 0.072520 0.139514 0.134591 0.110355 0.097137 0.128108 0.119472 0.113480 0.115818 0.129939 0.064190 0.095912 0.160084 0.150694 0.153217 0.126992 0.124796 0.132846
306000.014534 1.843086 0.150989 0.162047 0.157207 0.135439 0.161809 0.134184 0.106247 0.109930 0.118348 0.173687 0.174851 0.064299 0.098654 0.107188 0.048063 0.008095 0.072862 0.140068 0.134383 0.110782 0.097759 0.129619 0.119759 0.112602 0.114798 0.128413 0.061921 0.096244 0.158862 0.148843 0.153481 0.127360 0.124623 0.133008
307000.014582 6.547659 0.153383 0.164862 0.158769 0.138937 0.166847 0.137444 0.110283 0.114480 0.120744 0.177876 0.179082 0.068350 0.101950 0.109480 0.051044 0.015258 0.075543 0.143082 0.138854 0.114055 0.098116 0.130260 0.123099 0.117130 0.119578 0.134047 0.068659 0.097837 0.163298 0.151382 0.155499 0.128960 0.127215 0.134874
308000.014629 2.656804 0.155223 0.165678 0.154044 0.133186 0.163778 0.136899 0.104419 0.110943 0.116603 0.177425 0.174171 0.070461 0.104582 0.112546 0.051568 0.009719 0.078739 0.145009 0.138528 0.115213 0.095649 0.134100 0.122077 0.115279 0.117017 0.132007 0.068245 0.101017 0.161933 0.146264 0.158117 0.130874 0.129531 0.137288
309000.014677 3.600560 0.149307 0.160956 0.157722 0.137018 0.163259 0.134330 0.108460 0.111931 0.118931 0.173599 0.176484 0.063658 0.097492 0.105836 0.048914 0.011315 0.071721 0.139213 0.135030 0.111473 0.098100 0.127005 0.121263 0.113556 0.116609 0.129908 0.063196 0.093670 0.159532 0.149746 0.151411 0.125497 0.122815 0.131034
310000.014724 7.720442 0.142624 0.155113 0.160746 0.140972 0.156315 0.126271 0.107560 0.105591 0.122546 0.167314 0.175062 0.057893 0.090596 0.097315 0.037642 0.016568 0.062010 0.133247 0.132788 0.102279 0.104958 0.119700 0.117590 0.117205 0.118795 0.132881 0.063535 0.089122 0.151595 0.154311 0.144914 0.119257 0.116394 0.124781
311000.014772 10.366613 0.148835 0.159031 0.152370 0.130645 0.153880 0.126620 0.098742 0.102186 0.115489 0.168188 0.167947 0.072418 0.102736 0.106633 0.040907 0.019199 0.074385 0.140791 0.137262 0.106123 0.099427 0.130534 0.116477 0.120015 0.117362 0.133274 0.072021 0.103028 0.150852 0.144744 0.152586 0.125983 0.126100 0.131717
312000.014819 13.537175 0.149702 0.161692 0.163360 0.142249 0.159782 0.129287 0.107150 0.107491 0.124723 0.172874 0.178377 0.070001 0.101155 0.103957 0.034755 0.021939 0.069090 0.140907 0.141059 0.104265 0.106502 0.127666 0.119238 0.126881 0.124472 0.140835 0.074465 0.100931 0.155110 0.156100 0.152568 0.126470 0.125764 0.131630
313000.014867 5.459538 0.156658 0.165641 0.153020 0.131661 0.162245 0.137334 0.104685 0.111600 0.116033 0.176684 0.171793 0.073396 0.106833 0.114297 0.052991 0.013933 0.081120 0.145630 0.137508 0.115010 0.093271 0.136798 0.120034 0.113810 0.113976 0.128728 0.067705 0.104615 0.161333 0.144758 0.159612 0.132938 0.131989 0.138958
314000.014914 5.537199 0.149322 0.160649 0.159810 0.138882 0.160052 0.131075 0.107102 0.108632 0.121321 0.172371 0.176176 0.065933 0.098876 0.104726 0.040899 0.014031 0.069958 0.139365 0.136352 0.106685 0.100680 0.127358 0.118361 0.118205 0.118363 0.133160 0.066762 0.097015 0.156211 0.152323 0.151722 0.125750 0.123987 0.131075
315000.014962 13.385866 0.143450 0.155526 0.164778 0.146054 0.160203 0.129971 0.113293 0.111727 0.126336 0.169441 0.180305 0.059912 0.091949 0.097935 0.040159 0.021816 0.063073 0.134015 0.135167 0.104588 0.106829 0.117885 0.120663 0.120597 0.123172 0.137042 0.068291 0.088081 0.155407 0.158733 0.144522 0.120442 0.117092 0.125171
316000.015009 3.756983 0.156552 0.165712 0.152992 0.132052 0.162832 0.137092 0.103691 0.110681 0.115917 0.177192 0.172801 0.072833 0.106634 0.114250 0.052237 0.011558 0.080654 0.145859 0.138368 0.115222 0.094440 0.136296 0.121035 0.114874 0.115939 0.131334 0.069339 0.103612 0.162049 0.145209 0.159320 0.132363 0.131121 0.138460
317000.015057 4.880255 0.156653 0.166931 0.159682 0.139076 0.166230 0.138877 0.109380 0.114074 0.121623 0.179692 0.178795 0.070855 0.105463 0.113029 0.051136 0.013173 0.077990 0.145421 0.139327 0.114390 0.096756 0.134698 0.122011 0.116395 0.117575 0.133018 0.068085 0.101139 0.164393 0.151993 0.158396 0.131762 0.130016 0.137865
318000.015104 1.450181 0.151252 0.162181 0.154563 0.132484 0.162653 0.135593 0.105799 0.110655 0.115569 0.174314 0.173317 0.063014 0.097996 0.108242 0.053649 0.007181 0.074692 0.139542 0.132105 0.113375 0.094156 0.130085 0.119795 0.107840 0.111512 0.124076 0.057432 0.095242 0.159940 0.145766 0.154127 0.127207 0.124724 0.133650
319000.015152 5.623594 0.150598 0.162891 0.156840 0.135069 0.166325 0.137901 0.108818 0.113861 0.116545 0.175526 0.177085 0.059902 0.095684 0.108259 0.057047 0.014140 0.074505 0.139499 0.132292 0.116213 0.096662 0.128307 0.123454 0.107160 0.114002 0.125075 0.056678 0.090953 0.162508 0.147814 0.153244 0.126488 0.122731 0.132667
320000.015199 4.851820 0.155556 0.163387 0.151346 0.129844 0.161427 0.138230 0.105386 0.112083 0.114379 0.175772 0.170139 0.069634 0.104092 0.113393 0.058023 0.013134 0.080803 0.141387 0.130702 0.114318 0.087948 0.135196 0.116261 0.104780 0.106471 0.120313 0.059283 0.101445 0.161632 0.142787 0.157856 0.131641 0.129849 0.138115
321000.015247 1.867919 0.151182 0.162990 0.158685 0.137233 0.164106 0.135597 0.107722 0.111162 0.119231 0.175491 0.177322 0.062687 0.097811 0.107586 0.050422 0.008150 0.072889 0.140513 0.134990 0.112682 0.098042 0.128837 0.121603 0.112347 0.115943 0.129290 0.060950 0.093801 0.160741 0.150518 0.153598 0.126634 0.124009 0.133029
322000.015294 3.037695 0.145871 0.158420 0.157437 0.135961 0.160844 0.131336 0.106316 0.108285 0.117395 0.170448 0.175275 0.057524 0.092129 0.102398 0.048126 0.010393 0.068303 0.136085 0.131891 0.109808 0.100145 0.123561 0.120713 0.110874 0.115792 0.127862 0.058460 0.088750 0.156298 0.149357 0.148578 0.121965 0.118615 0.127917
323000.015342 7.810444 0.150838 0.163704 0.162946 0.141163 0.163006 0.132521 0.107561 0.109605 0.123216 0.174885 0.179809 0.067124 0.099898 0.105903 0.040342 0.016664 0.070603 0.142613 0.141571 0.109107 0.105954 0.128700 0.123414 0.124102 0.124355 0.139243 0.070857 0.098266 0.157989 0.154939 0.153748 0.127270 0.125542 0.132817
324000.015389 3.486762 0.156391 0.166304 0.154913 0.134439 0.165271 0.139002 0.106447 0.113092 0.117469 0.178828 0.175277 0.070600 0.105176 0.113374 0.053535 0.011134 0.079473 0.145090 0.138037 0.115878 0.094861 0.134405 0.121809 0.114266 0.116297 0.131190 0.067836 0.100808 0.164277 0.147023 0.158628 0.131890 0.129999 0.138126
325000.015437 3.981995 0.145964 0.157982 0.157082 0.134984 0.158281 0.130187 0.106421 0.107611 0.118106 0.169071 0.172646 0.058297 0.092256 0.101760 0.046394 0.011899 0.067548 0.135056 0.129877 0.107041 0.098433 0.125187 0.117570 0.108969 0.111489 0.123371 0.054006 0.091822 0.153855 0.148704 0.148892 0.122898 0.119806 0.128526
326000.015484 5.097894 0.146369 0.157646 0.157979 0.136810 0.156450 0.128581 0.106379 0.106133 0.120488 0.168886 0.172262 0.061524 0.094501 0.101265 0.042242 0.013463 0.067062 0.135273 0.131325 0.104063 0.099146 0.125259 0.115394 0.112656 0.112576 0.126522 0.059225 0.094509 0.152677 0.150513 0.148937 0.123177 0.120926 0.129068
327000.015532 4.738272 0.148872 0.161227 0.161566 0.140379 0.162232 0.131980 0.107918 0.109241 0.122035 0.173459 0.178622 0.063022 0.096702 0.103737 0.042479 0.012980 0.068571 0.139355 0.137569 0.108354 0.103484 0.125912 0.121544 0.119306 0.121144 0.135498 0.066446 0.094348 0.157793 0.153875 0.151390 0.124947 0.122560 0.130705
328000.015579 11.077352 0.146161 0.157746 0.160103 0.139705 0.155748 0.125766 0.105413 0.104513 0.122221 0.168416 0.174196 0.067405 0.097886 0.101386 0.034941 0.019846 0.067305 0.137459 0.136736 0.101871 0.103973 0.125263 0.116461 0.122147 0.120297 0.136417 0.071331 0.098136 0.151216 0.153432 0.149026 0.123015 0.122164 0.128274
329000.015627 7.747937 0.144382 0.156883 0.160260 0.139646 0.160270 0.129305 0.108109 0.108215 0.120722 0.169555 0.177228 0.059365 0.092374 0.099846 0.043386 0.016598 0.065611 0.135469 0.134514 0.107131 0.103752 0.121236 0.120757 0.116992 0.120343 0.133515 0.064310 0.089374 0.155238 0.152990 0.146720 0.120670 0.117835 0.126129
330000.015674 8.611391 0.146441 0.159617 0.164424 0.143000 0.158621 0.128691 0.109824 0.107991 0.126139 0.170259 0.177110 0.061575 0.093725 0.099284 0.036386 0.017498 0.063776 0.136782 0.136175 0.103249 0.106165 0.124357 0.119049 0.120436 0.119513 0.133828 0.063870 0.095011 0.153041 0.157064 0.149433 0.123713 0.121344 0.129141
331000.015722 7.088082 0.149371 0.161670 0.161086 0.139135 0.159012 0.129650 0.105683 0.106689 0.122578 0.172097 0.175762 0.066854 0.098894 0.104036 0.038412 0.015875 0.069304 0.140269 0.138557 0.105849 0.103811 0.128245 0.119493 0.121747 0.120296 0.135687 0.068390 0.099254 0.154422 0.153249 0.152683 0.126151 0.124922 0.131959
332000.015769 5.364600 0.143851 0.156475 0.158094 0.136745 0.158970 0.130281 0.107973 0.108371 0.118646 0.168493 0.173995 0.054499 0.089153 0.100116 0.048499 0.013811 0.065600 0.133527 0.129163 0.107922 0.100071 0.122321 0.119432 0.107923 0.112274 0.123297 0.051814 0.086935 0.154289 0.150001 0.146160 0.120324 0.116499 0.126178
333000.015817 3.304566 0.155511 0.164242 0.151435 0.131012 0.162872 0.137625 0.104232 0.111418 0.114394 0.176827 0.171985 0.070667 0.104971 0.113395 0.055266 0.010840 0.080395 0.143644 0.135304 0.115517 0.091881 0.134357 0.119727 0.110838 0.113318 0.128177 0.066526 0.101045 0.162601 0.143592 0.157997 0.131132 0.129545 0.137534
334000.015864 3.991755 0.147228 0.160183 0.160695 0.138459 0.159733 0.129871 0.106109 0.107066 0.121249 0.171283 0.176077 0.061782 0.095210 0.102310 0.040818 0.011913 0.067218 0.138506 0.136604 0.107285 0.103510 0.125808 0.120623 0.118360 0.119250 0.132996 0.063260 0.094043 0.154744 0.152565 0.150406 0.123747 0.121555 0.129629
335000.015912 3.738372 0.147909 0.159827 0.160476 0.139585 0.160557 0.131092 0.108174 0.109110 0.121626 0.171859 0.176732 0.062882 0.096076 0.102575 0.041529 0.011529 0.067864 0.137881 0.135493 0.106653 0.101725 0.125278 0.119189 0.117369 0.118337 0.132508 0.064679 0.094521 0.156296 0.152857 0.150307 0.124503 0.122226 0.129973
336000.015959 7.608233 0.151535 0.163031 0.162036 0.141915 0.165262 0.135720 0.111692 0.113868 0.122963 0.176302 0.180504 0.066414 0.100071 0.107246 0.047707 0.016447 0.072427 0.141449 0.138233 0.111367 0.100496 0.128265 0.122208 0.117920 0.119931 0.134105 0.067265 0.095845 0.161365 0.154548 0.153178 0.127025 0.125120 0.132780
337000.016007 6.406243 0.148415 0.160929 0.162240 0.140852 0.162264 0.132313 0.108787 0.109579 0.121657 0.173320 0.179075 0.060962 0.095720 0.105261 0.045609 0.015092 0.069247 0.139697 0.136122 0.109834 0.102741 0.127027 0.122044 0.115679 0.118967 0.131930 0.061561 0.092040 0.157654 0.154360 0.150723 0.123839 0.121273 0.129667
338000.016054 10.275527 0.145110 0.157288 0.163038 0.142916 0.157053 0.127264 0.109042 0.107488 0.125354 0.168771 0.176491 0.063502 0.094727 0.098683 0.032827 0.019114 0.063469 0.135411 0.135652 0.101064 0.105502 0.122209 0.116925 0.121755 0.120556 0.135751 0.068357 0.094578 0.152137 0.156515 0.147402 0.122577 0.120345 0.127322
339000.016102 10.531321 0.145258 0.158462 0.162798 0.141671 0.160317 0.128721 0.107876 0.107771 0.122474 0.170774 0.178983 0.061726 0.094278 0.100482 0.038458 0.019351 0.065363 0.137340 0.137530 0.105725 0.106876 0.122304 0.120896 0.122113 0.123816 0.137647 0.068082 0.092344 0.154655 0.155229 0.148280 0.121954 0.119982 0.127094
340000.016149 6.783720 0.151233 0.162800 0.156842 0.135586 0.161769 0.132864 0.104637 0.108949 0.118479 0.173958 0.175352 0.068827 0.101584 0.107943 0.044404 0.015531 0.073808 0.142445 0.139130 0.110670 0.100971 0.130050 0.121462 0.119704 0.120549 0.135187 0.070023 0.099050 0.158218 0.149035 0.154145 0.127824 0.126122 0.133049
341000.016197 4.035409 0.153852 0.163219 0.152381 0.131586 0.160594 0.134838 0.103293 0.109402 0.115887 0.174716 0.171301 0.070514 0.103752 0.110539 0.049921 0.011978 0.077425 0.142478 0.136265 0.112102 0.094786 0.132721 0.119082 0.114567 0.115208 0.130488 0.067976 0.101971 0.159426 0.144631 0.156797 0.130411 0.128926 0.136348
342000.016244 2.027773 0.151709 0.162951 0.158232 0.136603 0.161744 0.133697 0.105889 0.109326 0.119669 0.174364 0.175542 0.066408 0.100195 0.107418 0.045511 0.008491 0.072926 0.141448 0.137110 0.110272 0.099517 0.130144 0.120590 0.116580 0.117472 0.132131 0.065781 0.098123 0.158634 0.150116 0.154265 0.127945 0.125797 0.133888
343000.016292 4.091750 0.150429 0.161360 0.158488 0.138078 0.162691 0.133641 0.108109 0.110732 0.119596 0.173823 0.176958 0.065763 0.099262 0.106760 0.047323 0.012062 0.072536 0.140140 0.135821 0.110401 0.098600 0.128266 0.120360 0.115003 0.117369 0.131630 0.066005 0.095499 0.159310 0.151055 0.152268 0.126030 0.123860 0.131686
344000.016339 9.741566 0.156170 0.165397 0.153169 0.132436 0.162048 0.134482 0.101936 0.108180 0.115159 0.177034 0.173207 0.076598 0.109380 0.115127 0.050093 0.018611 0.081648 0.148227 0.142464 0.114988 0.097313 0.137099 0.121762 0.120513 0.120331 0.136210 0.074834 0.105697 0.160704 0.145558 0.159246 0.131023 0.131791 0.137376
345000.016387 15.735227 0.146650 0.158703 0.165987 0.146398 0.161473 0.130840 0.112283 0.111765 0.127467 0.172106 0.181593 0.065159 0.096433 0.099898 0.036686 0.023653 0.064949 0.136758 0.138868 0.103772 0.108426 0.121028 0.120614 0.126019 0.126136 0.141596 0.073837 0.094414 0.156678 0.159273 0.148254 0.124186 0.121609 0.128677
346000.016434 3.709438 0.153867 0.164980 0.161083 0.139674 0.163172 0.134906 0.108386 0.110866 0.122759 0.176653 0.177831 0.068385 0.102236 0.108717 0.045242 0.011484 0.073773 0.142932 0.138431 0.110010 0.099381 0.131987 0.120209 0.118114 0.117842 0.133301 0.066830 0.100772 0.159939 0.153289 0.156425 0.129725 0.128347 0.135851
347000.016482 5.345566 0.158024 0.166608 0.151288 0.129371 0.162940 0.139283 0.103244 0.111567 0.114209 0.178316 0.170793 0.073057 0.107513 0.116397 0.057575 0.013786 0.083377 0.146797 0.137109 0.118121 0.091685 0.138514 0.120902 0.111394 0.112366 0.126630 0.065141 0.104397 0.163251 0.142477 0.161148 0.133735 0.132763 0.140532
348000.016529 3.476925 0.155897 0.164032 0.152279 0.131070 0.160619 0.136279 0.103278 0.109797 0.115323 0.175693 0.170930 0.072567 0.106383 0.113982 0.052799 0.011119 0.080720 0.144247 0.135640 0.113677 0.092011 0.136106 0.118139 0.111882 0.112129 0.127444 0.066580 0.103617 0.160480 0.144198 0.158308 0.131827 0.130752 0.138127
349000.016577 3.530377 0.155941 0.166268 0.154255 0.133178 0.165012 0.138227 0.104745 0.111552 0.116010 0.178415 0.174888 0.070612 0.105350 0.114685 0.055075 0.011204 0.080651 0.145999 0.137966 0.117405 0.094215 0.135711 0.122608 0.112787 0.115548 0.130082 0.066488 0.100077 0.163565 0.146308 0.158510 0.130796 0.129374 0.137419
350000.016624 1.760463 0.149899 0.161524 0.156116 0.134582 0.162515 0.133870 0.105118 0.109283 0.116601 0.173629 0.175241 0.063003 0.097717 0.107508 0.050060 0.007912 0.073269 0.140132 0.134541 0.112558 0.097759 0.128614 0.121425 0.111931 0.115928 0.129213 0.062117 0.093688 0.159149 0.147914 0.152526 0.125642 0.122976 0.131670
351000.016672 3.838576 0.145099 0.157952 0.159216 0.137258 0.159209 0.130676 0.108250 0.108797 0.120369 0.169321 0.174121 0.056375 0.090548 0.099819 0.045718 0.011683 0.065235 0.134465 0.130972 0.107042 0.100750 0.123349 0.119225 0.110925 0.113376 0.125174 0.054024 0.090007 0.154439 0.150859 0.147889 0.122337 0.118661 0.127973
352000.016719 4.705719 0.153775 0.164525 0.159661 0.139069 0.165263 0.136512 0.108954 0.112676 0.120341 0.177691 0.179010 0.067854 0.102519 0.110502 0.049432 0.012935 0.075382 0.143355 0.138117 0.112970 0.097935 0.131622 0.121639 0.115995 0.118408 0.132992 0.066761 0.098099 0.162403 0.151863 0.155775 0.128761 0.127195 0.134810
353000.016767 15.320631 0.137642 0.152398 0.163424 0.144256 0.155822 0.124708 0.112882 0.107535 0.125949 0.163800 0.175648 0.048206 0.081069 0.089532 0.036398 0.023340 0.053456 0.128882 0.130132 0.100395 0.110172 0.114453 0.118945 0.116181 0.118710 0.128990 0.053978 0.083329 0.148460 0.157571 0.140658 0.115832 0.111474 0.120554
354000.016814 9.740632 0.145300 0.157887 0.163019 0.142783 0.158426 0.127921 0.109399 0.108193 0.124778 0.169738 0.177281 0.063395 0.094653 0.098946 0.035970 0.018610 0.064209 0.135964 0.136520 0.102740 0.105405 0.122132 0.118474 0.121987 0.121396 0.136390 0.068371 0.094502 0.153091 0.156228 0.147992 0.122481 0.120838 0.127718
355000.016862 7.390059 0.148240 0.159678 0.160985 0.140995 0.161352 0.131801 0.110009 0.110735 0.122837 0.172370 0.177677 0.064790 0.097176 0.102382 0.041903 0.016210 0.068228 0.137633 0.135958 0.106264 0.101759 0.124556 0.118746 0.118814 0.119424 0.134008 0.067622 0.095267 0.157345 0.153899 0.150253 0.124984 0.122873 0.130166
356000.016909 18.459792 0.153507 0.165515 0.159783 0.139686 0.162999 0.132196 0.104912 0.108374 0.122046 0.176666 0.179017 0.075890 0.106759 0.109253 0.041117 0.025619 0.075438 0.146105 0.146577 0.109794 0.107231 0.131728 0.123847 0.130796 0.128821 0.145810 0.080757 0.104657 0.158733 0.153101 0.156570 0.129442 0.129836 0.135323
357000.016957 4.481936 0.147302 0.159095 0.158644 0.137577 0.161374 0.132579 0.108468 0.109616 0.119278 0.171942 0.175707 0.058522 0.093288 0.102973 0.049656 0.012624 0.068617 0.136153 0.131606 0.109246 0.098933 0.124850 0.119549 0.110250 0.113883 0.126354 0.056648 0.090740 0.157593 0.150632 0.149539 0.123120 0.120172 0.129439
358000.017004 9.871275 0.151426 0.162525 0.162022 0.142452 0.165310 0.135596 0.111980 0.113935 0.123583 0.176171 0.180852 0.067211 0.100449 0.106555 0.046721 0.018734 0.072209 0.140917 0.138418 0.110506 0.101164 0.127096 0.121545 0.119420 0.121209 0.135873 0.069853 0.095995 0.161621 0.154982 0.152751 0.127094 0.125089 0.132644
359000.017052 3.718416 0.153324 0.163203 0.157598 0.136793 0.161865 0.134628 0.106401 0.109880 0.119574 0.175625 0.175452 0.068568 0.102547 0.109411 0.048041 0.011498 0.075062 0.141916 0.136293 0.110404 0.096958 0.131725 0.118700 0.115106 0.115814 0.131300 0.066457 0.099991 0.160046 0.149913 0.155534 0.128985 0.127443 0.135066
360000.017099 12.617909 0.145503 0.158924 0.165361 0.143990 0.159430 0.129083 0.109585 0.108589 0.125816 0.170353 0.179097 0.061604 0.093977 0.100571 0.036998 0.021181 0.064452 0.137768 0.138029 0.105052 0.108588 0.123548 0.121560 0.122664 0.123278 0.137023 0.066617 0.092558 0.153856 0.157882 0.148042 0.122746 0.119753 0.127530
