360000.017099	-101.271 -46.9972
361000.017147	-81.2794 -40.4825
362000.017194	-88.8396 -59.2695
363000.017242	-97.5896 -47.95
364000.017289	-107.272 -46.2765
365000.017337	-81.1241 -55.9339
366000.017384	-85.9777 -66.092
367000.017432	-112.736 -54.4374
368000.017479	-102.25 -48.8186
369000.017527	-77.8421 -49.7303
370000.017574	-78.099 -50.874
371000.017622	-92.7369 -53.6895
372000.017669	-86.8062 -52.3246
373000.017717	-109.045 -40.6411
374000.017764	-91.3067 -55.7291
375000.017812	-100.333 -51.864
376000.017859	-78.2809 -59.4519
377000.017907	-82.5537 -54.9489
378000.017954	-92.2474 -45.9327
379000.018002	-106.097 -33.43
380000.018049	-89.3852 -52.95
381000.018097	-86.3738 -34.1492
382000.018144	-115.703 -44.8013
383000.018192	-95.1666 -46.8347
384000.018239	-114.684 -51.257
385000.018287	-83.8519 -43.3569
386000.018334	-94.4603 -67.5893
387000.018382	-87.9727 -46.7283
388000.018429	-93.7945 -36.5516
389000.018477	-94.1942 -38.8966
390000.018524	-82.3512 -67.3033
391000.018572	-106.634 -53.6117
392000.018619	-93.4063 -35.2396
393000.018666	-92.9553 -40.6807
394000.018714	-86.9093 -41.0481
395000.018761	-100.654 -46.2499
396000.018809	-83.3622 -46.1294
397000.018856	-88.4919 -53.5109
398000.018904	-116.243 -40.0723
399000.018951	-72.552 -57.5539
400000.018999	-92.3199 -45.7857
401000.019046	-91.2302 -50.6191
402000.019094	-75.545 -48.1772
403000.019141	-99.1128 -55.4397
404000.019189	-73.1465 -51.1296
405000.019236	-98.21 -55.5589
406000.019284	-94.6516 -53.2346
407000.019331	-93.8244 -65.0918
408000.019379	-100.388 -55.6339
409000.019426	-83.5417 -55.9482
410000.019474	-100.467 -54.0828
411000.019521	-81.6372 -64.1711
412000.019569	-87.1333 -59.2485
413000.019616	-103.78 -34.1002
414000.019664	-96.1758 -43.572
415000.019711	-99.3866 -42.3968
416000.019759	-86.9143 -65.1012
417000.019806	-80.1435 -37.1905
418000.019854	-101.329 -44.3778
419000.019901	-97.1451 -29.8136
420000.019949	-84.9464 -42.7409
421000.019996	-89.6559 -35.3453
422000.020044	-116.528 -39.0955
423000.020091	-95.8565 -38.433
424000.020139	-110.434 -42.1696
425000.020186	-93.737 -34.2394
426000.020234	-87.9579 -59.2606
427000.020281	-88.9508 -42.749
428000.020329	-89.8328 -53.0145
429000.020376	-108.937 -67.0964
430000.020424	-80.3204 -48.9463
431000.020471	-91.191 -54.8835
432000.020519	-102.425 -38.3707
433000.020566	-113.971 -41.7295
434000.020614	-116.751 -54.6118
435000.020661	-99.4364 -52.043
436000.020709	-97.1172 -48.4971
437000.020756	-81.5203 -75.0398
438000.020804	-98.3773 -59.9563
439000.020851	-99.7706 -57.3928
440000.020899	-91.684 -47.1733
441000.020946	-115.641 -37.139
442000.020994	-104.873 -39.4984
443000.021041	-93.7274 -57.0457
444000.021089	-113.948 -41.8997
445000.021136	-105.421 -50.7716
446000.021184	-103.293 -39.0724
447000.021231	-69.1956 -69.3992
448000.021279	-94.2238 -52.1305
449000.021326	-98.2119 -51.6884
450000.021374	-80.1606 -48.5054
451000.021421	-109.099 -44.5163
452000.021469	-102.529 -40.3591
453000.021516	-85.4024 -52.9511
454000.021564	-84.5332 -44.6879
455000.021611	-106.095 -34.15
456000.021659	-102.476 -41.3369
457000.021706	-102.248 -56.4173
458000.021754	-101.832 -37.1465
459000.021801	-104.578 -51.7661
460000.021849	-105.205 -50.4164
461000.021896	-98.9776 -55.83
462000.021944	-95.0963 -54.7547
463000.021991	-103.576 -38.8739
464000.022039	-104.996 -47.9032
465000.022086	-94.6883 -59.3875
466000.022134	-83.1274 -30.0667
467000.022181	-121.493 -46.7578
468000.022229	-93.7807 -39.3625
469000.022276	-109.524 -42.2564
470000.022324	-108.68 -64.8774
471000.022371	-99.8622 -52.1482
472000.022419	-103.104 -33.9565
473000.022466	-101.115 -40.105
474000.022514	-98.5231 -59.103
475000.022561	-119.384 -36.5468
476000.022609	-93.9259 -47.7931
477000.022656	-95.794 -40.1401
478000.022704	-94.6825 -37.0144
479000.022751	-107.638 -46.9998
480000.022799	-89.2261 -56.945
481000.022846	-78.5379 -65.8474
482000.022894	-95.041 -49.0685
483000.022941	-86.098 -58.712
484000.022989	-100.808 -48.6919
485000.023036	-102.597 -39.1993
486000.023084	-99.4731 -36.7774
487000.023131	-87.6595 -83.7732
488000.023179	-93.6996 -57.8461
489000.023226	-93.9388 -44.799
490000.023274	-92.3453 -58.364
491000.023321	-74.2792 -53.1879
492000.023369	-111.936 -49.2068
493000.023416	-87.3835 -58.0546
494000.023464	-98.1226 -62.1571
495000.023511	-91.2398 -61.6767
496000.023559	-106.547 -67.4946
497000.023606	-108.579 -46.3981
498000.023654	-93.6094 -50.1708
499000.023701	-103.982 -41.1746
500000.023749	-100.274 -62.3151
501000.023796	-88.3417 -64.487
502000.023844	-97.4184 -50.2655
503000.023891	-87.6487 -60.5502
504000.023939	-91.7903 -57.2023
505000.023986	-99.2874 -51.0613
506000.024034	-100.173 -49.4002
507000.024081	-93.6369 -45.4866
508000.024129	-87.8382 -40.6926
509000.024176	-100.258 -31.3173
510000.024224	-99.5631 -52.9308
511000.024271	-98.367 -48.6003
512000.024319	-96.7523 -50.4486
513000.024366	-110.484 -36.9014
514000.024414	-103.933 -42.5561
515000.024461	-95.7501 -46.8983
516000.024509	-98.7169 -54.6454
517000.024556	-90.8705 -61.7341
518000.024604	-80.6503 -48.0127
519000.024651	-85.664 -59.9531
520000.024699	-100.712 -49.0394
521000.024746	-95.1002 -59.3811
522000.024794	-78.8419 -47.1889
523000.024841	-72.7243 -70.5839
524000.024889	-81.5265 -57.2634
525000.024936	-73.922 -66.3411
526000.024984	-91.586 -43.5435
527000.025031	-108.662 -41.8429
528000.025079	-100.744 -46.4217
529000.025126	-95.4341 -43.1176
530000.025174	-95.0239 -45.4276
531000.025221	-101.796 -56.5504
532000.025269	-107.96 -60.4454
533000.025316	-114.161 -46.0731
534000.025364	-75.1239 -46.0326
535000.025411	-108.521 -39.3768
536000.025459	-91.9772 -54.1085
537000.025506	-84.705 -42.9415
538000.025554	-86.739 -48.0943
539000.025601	-90.5996 -50.1477
540000.025649	-102.367 -30.2144
541000.025696	-98.1409 -49.9431
542000.025744	-95.782 -45.5671
543000.025791	-92.777 -60.075
544000.025839	-81.0633 -56.0783
545000.025886	-99.1442 -50.7124
546000.025934	-86.6758 -55.8736
547000.025981	-108.651 -51.9792
548000.026029	-100.218 -41.815
549000.026076	-98.1855 -61.2773
550000.026124	-99.5457 -53.9802
551000.026171	-96.3668 -45.7733
552000.026219	-104.071 -60.8461
553000.026266	-98.1895 -55.8152
554000.026314	-99.6023 -59.4573
555000.026361	-82.4757 -47.6537
556000.026409	-120.106 -61.3096
557000.026456	-94.712 -50.212
558000.026504	-77.6143 -55.6438
559000.026551	-89.7183 -45.8808
560000.026599	-91.2767 -49.7984
561000.026646	-87.1871 -53.3937
562000.026694	-101.722 -37.5472
563000.026741	-107.737 -48.6236
564000.026789	-94.6904 -49.5123
565000.026836	-103.224 -49.51
566000.026884	-81.9046 -76.5787
567000.026931	-63.5934 -62.8788
568000.026979	-98.5779 -55.2025
569000.027026	-104.075 -68.0882
570000.027074	-104.202 -30.1387
571000.027121	-94.4035 -53.0908
572000.027169	-83.8874 -55.9254
573000.027216	-87.2887 -41.9686
574000.027264	-96.7836 -45.6953
575000.027311	-109.867 -40.9527
576000.027359	-95.8298 -49.2374
577000.027406	-93.0496 -37.7697
578000.027454	-109.624 -52.3668
579000.027501	-114.75 -53.2025
580000.027549	-110.41 -29.9052
581000.027596	-107.04 -59.5073
582000.027644	-82.3422 -61.9439
583000.027691	-93.5378 -39.9003
584000.027739	-93.941 -49.2262
585000.027786	-84.3443 -69.9073
586000.027834	-92.63 -54.0275
587000.027881	-92.8515 -50.7185
588000.027929	-73.8642 -60.8418
589000.027976	-94.3079 -29.1356
590000.028023	-78.6371 -61.9555
591000.028071	-100.049 -34.7888
592000.028118	-99.6113 -50.3187
593000.028166	-107.479 -44.3804
594000.028213	-94.7752 -60.9089
595000.028261	-85.2122 -58.1479
596000.028308	-84.7536 -68.92
597000.028356	-92.6091 -66.8613
598000.028403	-108.412 -52.2828
599000.028451	-96.486 -45.1118
600000.028498	-91.2914 -56.2803
601000.028546	-82.6632 -61.3524
602000.028593	-110.093 -45.1081
603000.028641	-102.846 -44.5346
604000.028688	-98.3997 -55.155
605000.028736	-82.5566 -72.5584
606000.028783	-97.3453 -46.9716
607000.028831	-82.5906 -50.0688
608000.028878	-89.4714 -51.0651
609000.028926	-82.6951 -55.987
610000.028973	-89.5597 -53.9264
611000.029021	-93.9202 -39.664
612000.029068	-102.211 -52.479
613000.029116	-90.8955 -67.3504
614000.029163	-87.9596 -59.7066
615000.029211	-91.9599 -36.5221
616000.029258	-86.9381 -39.8552
617000.029306	-94.4565 -64.9953
618000.029353	-99.1932 -44.4902
619000.029401	-102.909 -35.1337
620000.029448	-113.261 -52.9118
621000.029496	-99.4338 -64.2959
622000.029543	-86.9234 -46.2488
623000.029591	-84.5376 -44.2979
624000.029638	-107.38 -53.2958
625000.029686	-80.9534 -43.395
626000.029733	-72.8454 -68.4644
627000.029781	-93.66 -53.051
628000.029828	-78.1124 -40.3837
629000.029876	-85.5347 -55.6814
630000.029923	-107.697 -22.353
631000.029971	-108.777 -54.3299
632000.030018	-88.4055 -48.3833
633000.030066	-110.881 -41.508
634000.030113	-124.947 -49.4973
635000.030161	-106.687 -38.4171
636000.030208	-98.5031 -50.7782
637000.030256	-111.224 -46.3865
638000.030303	-114.288 -53.6614
639000.030351	-81.298 -57.1508
640000.030398	-91.0329 -49.5599
641000.030446	-93.4642 -59.8791
642000.030493	-106.413 -64.162
643000.030541	-85.2298 -50.8924
644000.030588	-81.7809 -64.8903
645000.030636	-96.6623 -47.0392
646000.030683	-104.263 -56.5296
647000.030731	-109.073 -46.3933
648000.030778	-90.3892 -47.7672
649000.030826	-98.0903 -64.0997
650000.030873	-84.8129 -50.9222
651000.030921	-100.01 -49.0337
652000.030968	-100.314 -62.8178
653000.031016	-100.17 -44.8471
654000.031063	-84.9625 -53.5621
655000.031111	-96.4472 -38.6991
656000.031158	-100.024 -34.7914
657000.031206	-116.621 -42.8156
658000.031253	-92.5394 -62.3808
659000.031301	-107.438 -56.3563
660000.031348	-102.868 -46.1819
661000.031396	-86.1332 -62.8134
662000.031443	-88.2807 -52.6034
663000.031491	-102.955 -55.969
664000.031538	-98.0569 -45.7448
665000.031586	-115.759 -41.5045
666000.031633	-78.6853 -48.4061
667000.031681	-103.081 -35.2846
668000.031728	-78.0525 -45.9418
669000.031776	-94.6518 -45.6157
670000.031823	-73.0541 -57.4138
671000.031871	-94.5689 -55.4985
672000.031918	-82.0954 -67.8964
673000.031966	-103.931 -65.2851
674000.032013	-85.3011 -49.334
675000.032061	-100.569 -57.6375
676000.032108	-93.2885 -56.125
677000.032156	-90.6996 -53.5254
678000.032203	-99.6027 -58.6564
679000.032251	-104.83 -52.2765
680000.032298	-86.622 -32.1522
681000.032346	-95.9196 -64.7236
682000.032393	-104.215 -45.2869
683000.032441	-81.0732 -55.0607
684000.032488	-85.3217 -45.2081
685000.032536	-107.045 -36.9224
686000.032583	-80.5915 -58.2336
687000.032631	-91.4809 -45.1224
688000.032678	-86.2517 -59.9509
689000.032726	-104.03 -49.8338
690000.032773	-109.253 -48.6875
691000.032821	-115.568 -42.1597
692000.032868	-104.072 -58.6854
693000.032916	-92.5726 -41.7569
694000.032963	-73.9214 -47.1161
695000.033011	-103.185 -35.8363
696000.033058	-89.2184 -60.7847
697000.033106	-106.23 -45.6727
698000.033153	-96.0595 -47.685
699000.033201	-99.5821 -52.0608
700000.033248	-82.7246 -59.8468
701000.033296	-105.662 -46.78
702000.033343	-105.198 -40.282
703000.033391	-100.538 -31.4539
704000.033438	-97.303 -55.7139
705000.033486	-88.4153 -66.9243
706000.033533	-112.224 -50.679
707000.033581	-103.357 -31.8132
708000.033628	-98.0995 -48.4668
709000.033676	-111.802 -48.8584
710000.033723	-118.565 -35.4749
711000.033771	-98.5965 -41.4208
712000.033818	-102.929 -50.7179
713000.033866	-114.68 -29.6701
714000.033913	-97.1898 -46.6048
715000.033961	-102.597 -58.8266
716000.034008	-127.322 -23.8009
717000.034056	-97.6251 -43.4089
718000.034103	-95.3328 -53.9923
719000.034151	-105.02 -55.4966
720000.034198	-75.5157 -39.1277
721000.034246	-64.7117 -64.4369
722000.034293	-84.4204 -63.2867
723000.034341	-105.696 -64.0081
724000.034388	-105.207 -50.7479
725000.034436	-101.345 -42.1234
726000.034483	-81.4774 -50.321
727000.034531	-98.1218 -56.037
728000.034578	-97.3822 -54.0788
729000.034626	-88.7022 -55.8639
730000.034673	-85.2296 -48.3656
731000.034721	-87.3693 -43.4467
732000.034768	-95.483 -73.3583
733000.034816	-100.927 -47.772
734000.034863	-76.5092 -73.5924
735000.034911	-100.242 -49.5081
736000.034958	-100.851 -50.1392
737000.035006	-111.441 -51.7016
738000.035053	-103.456 -43.1979
739000.035101	-104.379 -48.0954
740000.035148	-91.7244 -48.5211
741000.035196	-93.2934 -55.0401
742000.035243	-92.0506 -49.1586
743000.035291	-101.36 -51.5863
744000.035338	-96.7141 -33.4295
745000.035386	-88.0258 -46.4072
746000.035433	-94.1978 -69.4495
747000.035481	-105.042 -49.0115
748000.035528	-95.1449 -47.1538
749000.035576	-86.7754 -46.4459
750000.035623	-100.954 -46.7557
751000.035671	-87.0318 -60.6438
752000.035718	-94.578 -35.8582
753000.035766	-79.2232 -55.8238
754000.035813	-95.4247 -43.0523
755000.035861	-96.2468 -50.0688
756000.035908	-93.1171 -45.8857
757000.035956	-105.881 -42.3431
758000.036003	-94.087 -57.2818
759000.036051	-94.6641 -62.0031
760000.036098	-92.2429 -40.4467
761000.036146	-95.5504 -46.8842
762000.036193	-97.2024 -42.9463
763000.036241	-85.8233 -49.6806
764000.036288	-84.4952 -37.6595
765000.036336	-69.9711 -61.214
766000.036383	-74.4696 -74.2305
767000.036431	-89.5526 -47.0094
768000.036478	-97.2606 -53.8388
769000.036526	-99.4726 -51.7959
770000.036573	-79.5268 -49.4946
771000.036621	-102.887 -50.2824
772000.036668	-103.957 -54.3804
773000.036716	-93.1377 -44.9657
774000.036763	-117.104 -35.5491
775000.036811	-84.4434 -58.1207
776000.036858	-105.381 -67.9993
777000.036906	-106.345 -69.7524
778000.036953	-97.5228 -63.0942
779000.037001	-84.5182 -50.0871
780000.037048	-129.286 -47.5508
