120000.005700	54.7092 61.3807
121000.005747	63.343 46.4875
122000.005795	39.9691 71.8379
123000.005842	38.817 72.7451
124000.005890	58.2708 58.8739
125000.005937	58.1223 59.3271
126000.005985	39.8595 71.8891
127000.006032	57.6179 64.5031
128000.006080	65.9467 59.1791
129000.006127	43.5062 51.5206
130000.006175	49.6189 64.8158
131000.006222	45.7038 54.561
132000.006270	53.8845 58.2811
133000.006317	55.9675 68.621
134000.006365	62.1918 54.3676
135000.006412	42.7304 68.7782
136000.006460	47.8515 57.3345
137000.006507	63.7855 52.2082
138000.006555	61.8829 61.6078
139000.006602	63.1492 54.697
140000.006650	54.3713 65.6288
141000.006697	51.3075 58.3509
142000.006745	68.8363 50.7142
143000.006792	44.4199 66.3361
144000.006840	60.5614 77.1861
145000.006887	40.6078 61.0308
146000.006935	52.5901 40.5468
147000.006982	57.2016 67.321
148000.007030	61.1808 59.6155
149000.007077	48.4047 58.7046
150000.007125	54.3918 54.927
151000.007172	49.5133 56.2872
152000.007220	51.3223 59.0595
153000.007267	46.2276 69.4594
154000.007315	51.5481 58.7741
155000.007362	57.0366 66.7532
156000.007410	55.7282 53.6975
157000.007457	55.7277 60.494
158000.007505	48.8813 74.8788
159000.007552	56.7935 62.7338
160000.007600	64.6252 55.6918
161000.007647	43.718 62.1854
162000.007695	60.0338 55.1425
163000.007742	51.4804 59.8672
164000.007790	47.215 65.6257
165000.007837	56.69 61.4486
166000.007885	58.8201 68.1618
167000.007932	59.3606 56.4514
168000.007980	55.5878 56.7589
169000.008027	63.8275 46.2143
170000.008075	64.9802 50.2752
171000.008122	45.6931 68.7871
172000.008170	44.8447 57.512
173000.008217	49.1285 66.611
174000.008265	55.2701 60.7396
175000.008312	55.7364 64.3924
176000.008360	66.4678 57.416
177000.008407	53.6213 60.8896
178000.008455	48.9089 58.0785
179000.008502	57.9536 62.0676
180000.008550	56.6897 51.4592
181000.008597	54.9174 57.0286
182000.008645	52.5326 56.0368
183000.008692	57.5811 58.1007
184000.008740	53.5177 65.9765
185000.008787	45.6209 55.9779
186000.008835	61.9286 57.216
187000.008882	46.579 64.9644
188000.008930	59.3046 57.813
189000.008977	62.6841 59.4328
190000.009025	55.6258 51.6533
191000.009072	51.5574 66.1746
192000.009120	48.2512 69.6535
193000.009167	51.492 65.5882
194000.009215	55.0623 53.6419
195000.009262	52.2635 57.4468
196000.009310	40.2214 57.6989
197000.009357	58.4779 58.9721
198000.009404	62.7466 50.1116
199000.009452	47.6517 60.0966
200000.009499	45.1725 63.438
201000.009547	61.0929 53.0735
202000.009594	59.2516 51.4748
203000.009642	47.1396 59.5455
204000.009689	69.169 47.5658
205000.009737	57.6014 71.1841
206000.009784	68.8235 37.2832
207000.009832	53.1159 59.9782
208000.009879	53.648 59.6471
209000.009927	54.2371 58.6368
210000.009974	48.1448 69.0865
211000.010022	42.925 53.5466
212000.010069	50.5154 75.0398
213000.010117	58.6586 62.3465
214000.010164	50.6399 64.437
215000.010212	60.4739 58.428
216000.010259	64.7236 64.442
217000.010307	58.2775 52.5314
218000.010354	49.0294 59.9223
219000.010402	40.4928 67.0508
220000.010449	61.9679 51.7706
221000.010497	47.45 65.5991
222000.010544	56.7304 53.1741
223000.010592	53.3472 66.8912
224000.010639	42.8358 59.6368
225000.010687	56.2096 51.0978
226000.010734	46.3681 70.1354
227000.010782	47.3228 68.9947
228000.010829	51.9947 54.5455
229000.010877	63.5679 56.6447
230000.010924	56.5435 46.3144
231000.010972	37.6994 68.5599
232000.011019	58.5334 59.3905
233000.011067	58.4582 43.969
234000.011114	58.5264 60.0046
235000.011162	52.1818 51.9857
236000.011209	50.3207 56.6764
237000.011257	57.2503 54.3038
238000.011304	56.6346 52.4399
239000.011352	41.3311 62.9141
240000.011399	64.6037 54.3957
241000.011447	43.1723 59.4158
242000.011494	59.3583 65.9777
243000.011542	43.2355 61.4881
244000.011589	52.9571 74.6418
245000.011637	56.3462 63.6396
246000.011684	60.133 58.6402
247000.011732	58.7972 61.3746
248000.011779	59.9132 52.912
249000.011827	55.3812 69.2002
250000.011874	47.1783 75.2846
251000.011922	70.745 62.0544
252000.011969	48.3974 47.4692
253000.012017	53.305 60.65
254000.012064	60.43 70.6521
255000.012112	54.0075 73.1566
256000.012159	56.1513 56.9061
257000.012207	41.532 66.6448
258000.012254	44.1891 70.6063
259000.012302	44.1938 57.4902
260000.012349	60.2661 50.8195
261000.012397	47.1232 59.1865
262000.012444	46.5149 51.2916
263000.012492	59.9044 43.5742
264000.012539	52.4909 70.0301
265000.012587	58.7725 60.1965
266000.012634	59.4528 53.4562
267000.012682	59.6146 71.3468
268000.012729	55.9207 62.8479
269000.012777	55.6116 67.2574
270000.012824	57.625 69.3104
271000.012872	57.6979 55.7773
272000.012919	63.9522 54.2075
273000.012967	57.1297 63.6972
274000.013014	43.2553 56.7416
275000.013062	49.5322 62.4608
276000.013109	51.1003 61.0525
277000.013157	45.9391 64.1601
278000.013204	45.3038 63.4902
279000.013252	52.0971 59.2434
280000.013299	57.054 58.3146
281000.013347	61.9159 58.5457
282000.013394	53.9598 57.076
283000.013442	54.7922 42.5746
284000.013489	51.4314 77.5856
285000.013537	54.7625 57.9049
286000.013584	55.6737 58.8879
287000.013632	56.6211 51.2081
288000.013679	45.5418 56.3721
289000.013727	52.0453 54.9473
290000.013774	42.3029 65.5214
291000.013822	59.4103 55.6439
292000.013869	39.0956 53.8415
293000.013917	50.8712 65.0513
294000.013964	54.9413 64.2681
295000.014012	43.9001 74.9166
296000.014059	55.6163 61.5672
297000.014107	65.6572 53.5143
298000.014154	56.6529 62.4485
299000.014202	53.3852 54.6018
300000.014249	60.5561 73.9827
301000.014297	52.4781 65.8209
302000.014344	49.8992 68.8219
303000.014392	50.9504 70.7381
304000.014439	29.7769 70.8093
305000.014487	48.3487 66.239
306000.014534	54.7362 64.0373
307000.014582	68.1145 63.9169
308000.014629	60.4895 56.9121
309000.014677	61.1104 59.1563
310000.014724	56.1944 55.6925
311000.014772	51.8497 73.9326
312000.014819	52.3158 59.3065
313000.014867	42.6943 77.255
314000.014914	50.7754 63.9724
315000.014962	46.177 65.8594
316000.015009	58.3718 65.464
317000.015057	53.0974 78.6774
318000.015104	49.6845 64.0792
319000.015152	45.4405 65.8536
320000.015199	52.0833 64.9184
321000.015247	56.6934 66.241
322000.015294	51.3859 75.646
323000.015342	59.1755 57.2966
324000.015389	55.068 55.1882
325000.015437	42.7609 76.4506
326000.015484	33.344 63.5898
327000.015532	63.959 65.7471
328000.015579	45.3169 56.3356
329000.015627	57.1586 62.8221
330000.015674	54.7505 54.6495
331000.015722	58.2061 58.9936
332000.015769	51.2974 69.5525
333000.015817	63.2804 61.9186
334000.015864	43.1343 64.9285
335000.015912	40.5892 79.1952
336000.015959	47.9221 69.4295
337000.016007	57.9174 61.1507
338000.016054	48.8237 60.0361
339000.016102	58.7395 44.1713
340000.016149	51.6748 63.7767
341000.016197	60.4048 51.0862
342000.016244	49.7681 55.2212
343000.016292	68.7131 53.512
344000.016339	48.4294 71.808
345000.016387	45.2839 79.3156
346000.016434	44.3682 70.4173
347000.016482	60.2448 69.0768
348000.016529	52.0346 54.5914
349000.016577	48.0543 68.2312
350000.016624	53.0723 54.9176
351000.016672	62.4391 57.0616
352000.016719	44.0879 75.2445
353000.016767	56.18 62.077
354000.016814	52.0578 77.2623
355000.016862	54.6613 63.5543
356000.016909	58.3848 57.1234
357000.016957	64.7064 33.0932
358000.017004	59.5183 48.2582
359000.017052	58.6569 52.3641
360000.017099	51.9434 69.3279
361000.017147	63.4951 58.2081
362000.017194	56.5474 49.5081
363000.017242	57.3517 72.2646
364000.017289	54.0503 79.1065
365000.017337	52.7651 67.3578
366000.017384	48.4416 66.3033
367000.017432	49.7351 72.4331
368000.017479	43.7042 73.9433
369000.017527	37.3959 75.557
370000.017574	56.9343 56.3742
371000.017622	70.2974 54.4712
372000.017669	46.9912 54.4057
373000.017717	55.951 53.1922
374000.017764	51.0455 78.3408
375000.017812	56.7747 57.4839
376000.017859	46.658 67.8862
377000.017907	52.8092 56.6877
378000.017954	64.5092 57.9636
379000.018002	46.3069 70.9161
380000.018049	56.1817 47.4649
381000.018097	47.0249 61.1766
382000.018144	58.413 68.1469
383000.018192	50.2758 63.079
384000.018239	55.7938 62.5846
385000.018287	65.3429 62.1465
386000.018334	53.0096 66.9699
387000.018382	46.3462 58.4919
388000.018429	48.8259 49.8113
389000.018477	40.1251 87.1106
390000.018524	56.4775 62.1069
391000.018572	41.4012 60.9617
392000.018619	37.3606 64.1888
393000.018666	54.3633 62.7736
394000.018714	57.8476 52.4985
395000.018761	63.8487 49.5895
396000.018809	47.7248 63.9965
397000.018856	43.1367 74.1275
398000.018904	64.1937 70.063
399000.018951	60.5995 48.5667
400000.018999	59.2346 57.3142
401000.019046	59.8554 64.0258
402000.019094	46.7726 55.6089
403000.019141	50.0252 57.994
404000.019189	58.8383 56.7646
405000.019236	63.2851 56.1913
406000.019284	54.5053 63.3651
407000.019331	64.9468 54.9072
408000.019379	55.2728 54.7328
409000.019426	62.1362 54.9994
410000.019474	54.1943 67.2834
411000.019521	50.9436 71.2228
412000.019569	60.9902 50.0163
413000.019616	44.4095 68.5174
414000.019664	53.5932 63.145
415000.019711	48.7522 72.2438
416000.019759	49.787 61.1699
417000.019806	57.9764 49.7761
418000.019854	43.9551 72.8136
419000.019901	48.6504 66.0517
420000.019949	49.1124 62.3678
421000.019996	58.3937 54.1355
422000.020044	56.5196 44.9905
423000.020091	54.8382 72.4381
424000.020139	51.1493 68.7729
425000.020186	54.1851 63.769
426000.020234	54.7409 54.6816
427000.020281	58.2847 65.1227
428000.020329	58.2343 50.17
429000.020376	57.4689 51.2928
430000.020424	53.6663 67.8135
431000.020471	51.9214 67.0071
432000.020519	52.7971 58.9226
433000.020566	50.796 55.7257
434000.020614	53.9121 62.4998
435000.020661	41.5085 69.4175
436000.020709	58.2001 46.9145
437000.020756	51.9775 64.0569
438000.020804	42.1733 59.9508
439000.020851	51.8761 56.1667
440000.020899	54.5824 56.2718
441000.020946	53.9591 55.7342
442000.020994	68.6304 67.2381
443000.021041	56.6595 66.8049
444000.021089	52.4404 61.1771
445000.021136	58.0498 52.3859
446000.021184	49.6501 67.1728
447000.021231	54.1521 63.8449
448000.021279	42.537 73.4402
449000.021326	49.5856 63.5935
450000.021374	59.7178 48.0115
451000.021421	60.7849 65.8193
452000.021469	49.1042 60.3376
453000.021516	49.3739 58.106
454000.021564	51.7612 57.4287
455000.021611	49.6812 72.0249
456000.021659	41.3485 71.9229
457000.021706	58.0385 59.4296
458000.021754	58.0116 56.58
459000.021801	47.3408 71.6518
460000.021849	62.0749 55.9696
461000.021896	58.2088 58.8334
462000.021944	51.6581 51.5118
463000.021991	59.1029 47.4443
464000.022039	56.1017 48.2094
465000.022086	52.0517 65.8319
466000.022134	67.2727 43.1488
467000.022181	54.2022 64.8734
468000.022229	57.6521 58.9495
469000.022276	62.7306 53.1291
470000.022324	56.38 54.0647
471000.022371	49.6775 72.5164
472000.022419	48.1915 60.4468
473000.022466	53.425 66.9053
474000.022514	54.3728 57.3073
475000.022561	52.5109 60.4771
476000.022609	61.3151 43.5694
477000.022656	62.3252 58.2843
478000.022704	49.8186 61.6838
479000.022751	52.5517 65.8927
480000.022799	53.195 68.2223
481000.022846	66.697 54.769
482000.022894	56.9085 63.8438
483000.022941	43.3812 64.6965
484000.022989	50.1544 73.889
485000.023036	57.0456 61.9967
486000.023084	48.9475 46.8728
487000.023131	62.3178 64.9785
488000.023179	56.0691 56.1933
489000.023226	45.3635 68.046
490000.023274	48.8497 71.2928
491000.023321	61.6735 53.3698
492000.023369	49.0702 65.8945
493000.023416	50.5722 76.6355
494000.023464	54.9627 62.8405
495000.023511	53.2302 54.6268
496000.023559	52.5804 65.9065
497000.023606	53.1076 63.4458
498000.023654	50.9037 63.8374
499000.023701	44.8703 66.2982
500000.023749	40.8817 54.0792
501000.023796	66.8515 51.1596
502000.023844	59.9834 53.709
503000.023891	51.6988 72.9985
504000.023939	50.3082 76.492
505000.023986	59.6356 56.823
506000.024034	62.967 70.1292
507000.024081	52.4886 47.4183
508000.024129	54.9538 64.4321
509000.024176	46.8308 73.7786
510000.024224	48.9332 57.6403
511000.024271	54.529 70.0947
512000.024319	51.1165 67.6365
513000.024366	51.5591 57.216
514000.024414	49.7087 56.4782
515000.024461	61.207 62.1824
516000.024509	56.8093 88.9636
517000.024556	53.4347 67.7791
518000.024604	45.4067 73.8449
519000.024651	47.4783 62.571
520000.024699	57.424 68.616
521000.024746	64.9029 54.8498
522000.024794	50.3117 71.3153
523000.024841	50.4015 60.7223
524000.024889	55.4974 61.8207
525000.024936	54.8 67.8562
526000.024984	63.2687 47.9675
527000.025031	69.9365 62.0333
528000.025079	54.3322 53.7947
529000.025126	51.9419 72.9745
530000.025174	46.8345 69.2527
531000.025221	52.1101 72.0913
532000.025269	43.3788 70.374
533000.025316	50.069 71.0937
534000.025364	57.2423 59.4079
535000.025411	49.2434 68.2324
536000.025459	44.7167 79.1506
537000.025506	52.4579 49.865
538000.025554	67.378 65.4133
539000.025601	53.016 63.9339
540000.025649	65.1951 60.1161
541000.025696	53.6534 53.463
542000.025744	52.9372 72.5255
543000.025791	60.9127 52.7246
544000.025839	46.9225 62.6824
545000.025886	51.053 57.9427
546000.025934	50.1611 73.5556
547000.025981	56.3766 64.0986
548000.026029	56.7274 58.1353
549000.026076	53.4502 60.3896
550000.026124	52.0176 67.4404
551000.026171	52.4804 54.9061
552000.026219	48.959 69.2338
553000.026266	57.8758 48.356
554000.026314	52.5123 64.3907
555000.026361	53.6366 54.8774
556000.026409	54.0046 67.3972
557000.026456	48.7185 65.8475
558000.026504	50.4194 60.9682
559000.026551	55.8869 59.6879
560000.026599	51.0856 62.6508
561000.026646	40.5281 75.351
562000.026694	55.9276 52.4855
563000.026741	64.9888 62.7395
564000.026789	44.7415 56.489
565000.026836	66.503 66.6934
566000.026884	47.8054 69.0566
567000.026931	55.4984 67.9074
568000.026979	64.0319 47.8493
569000.027026	71.5246 63.4314
570000.027074	48.4242 60.7393
571000.027121	56.8286 62.1366
572000.027169	57.2485 58.9528
573000.027216	47.9085 67.8311
574000.027264	58.7069 61.307
575000.027311	52.0617 68.6903
576000.027359	43.1038 63.618
577000.027406	47.282 65.3267
578000.027454	48.234 67.0672
579000.027501	50.3218 73.1606
580000.027549	43.0355 72.4157
581000.027596	40.6256 52.1972
582000.027644	57.4002 54.7283
583000.027691	56.0738 57.8333
584000.027739	43.413 72.0591
585000.027786	50.8828 56.429
586000.027834	64.848 58.4879
587000.027881	72.3782 48.7628
588000.027929	56.362 53.8467
589000.027976	56.7368 60.7548
590000.028023	51.5094 60.5185
591000.028071	51.1401 63.1527
592000.028118	58.1076 56.8687
593000.028166	55.0804 57.2057
594000.028213	52.0309 53.2442
595000.028261	49.4035 67.9894
596000.028308	59.2921 65.0342
597000.028356	55.4127 65.9877
598000.028403	69.8039 69.7158
599000.028451	51.6795 69.3959
600000.028498	54.1114 58.6288
601000.028546	45.3841 60.1699
602000.028593	49.2078 50.3324
603000.028641	54.6864 50.6842
604000.028688	51.3425 65.5219
605000.028736	66.024 56.2054
606000.028783	49.8464 69.0332
607000.028831	36.5673 67.7163
608000.028878	69.2051 55.0877
609000.028926	52.3907 54.2243
610000.028973	64.0603 53.5678
611000.029021	53.0432 61.3962
612000.029068	44.3349 68.7367
613000.029116	47.4743 61.116
614000.029163	41.1652 64.8418
615000.029211	55.9457 55.2881
616000.029258	60.4832 55.0299
617000.029306	44.2798 68.5549
618000.029353	55.7518 51.671
619000.029401	56.9928 54.5863
620000.029448	51.2769 63.5592
621000.029496	52.6413 70.3126
622000.029543	65.5903 51.3229
623000.029591	51.1437 58.6837
624000.029638	52.5732 68.4998
625000.029686	46.0366 60.9951
626000.029733	47.2 56.5137
627000.029781	55.4853 56.2263
628000.029828	57.0331 60.146
629000.029876	66.3723 54.9936
630000.029923	48.0574 67.0502
631000.029971	52.8964 71.4484
632000.030018	37.2675 74.5169
633000.030066	54.2356 62.2129
634000.030113	55.8475 59.4119
635000.030161	54.3829 55.2751
636000.030208	57.2949 60.8978
637000.030256	46.3257 65.7111
638000.030303	54.7973 58.2494
639000.030351	52.3424 64.2448
640000.030398	57.6613 57.0187
641000.030446	50.0687 61.9019
642000.030493	49.7108 63.4683
643000.030541	56.084 58.8144
644000.030588	57.7336 58.2943
645000.030636	55.7406 63.4681
646000.030683	59.0508 59.079
647000.030731	42.6102 76.7225
648000.030778	65.7944 52.3382
649000.030826	53.1802 52.7884
650000.030873	43.8341 67.375
651000.030921	45.5319 56.6209
652000.030968	52.2976 58.3426
653000.031016	60.0183 60.6778
654000.031063	64.3309 48.7991
655000.031111	47.9818 61.783
656000.031158	44.0344 61.8903
657000.031206	45.8118 59.5058
658000.031253	55.4156 52.5734
659000.031301	50.3382 64.5418
660000.031348	66.6971 50.2346
661000.031396	36.9296 71.4143
662000.031443	53.1207 52.6272
663000.031491	49.5442 67.1385
664000.031538	44.5467 68.6129
665000.031586	60.4525 59.6339
666000.031633	51.0147 69.7578
667000.031681	61.0942 56.6122
668000.031728	44.7148 69.8086
669000.031776	57.2078 51.4539
670000.031823	46.9807 63.3092
671000.031871	55.0549 56.6336
672000.031918	57.9031 52.9032
673000.031966	44.6465 61.1944
674000.032013	43.3746 66.8665
675000.032061	47.1569 64.3308
676000.032108	63.3788 56.7771
677000.032156	67.8991 46.8455
678000.032203	63.1683 52.9997
679000.032251	40.9706 79.4447
680000.032298	53.1645 49.256
681000.032346	54.2642 56.0393
682000.032393	54.1573 65.9264
683000.032441	59.8324 59.0529
684000.032488	40.4134 75.2872
685000.032536	62.2571 69.6564
686000.032583	52.5028 66.9902
687000.032631	60.8411 54.5214
688000.032678	63.5534 54.7211
689000.032726	50.6488 61.9167
690000.032773	50.4675 65.7278
691000.032821	55.8105 57.5241
692000.032868	51.0022 56.4567
693000.032916	53.8851 53.9415
694000.032963	56.8733 57.9557
695000.033011	64.7512 57.2218
696000.033058	50.5771 68.7424
697000.033106	53.6901 56.3737
698000.033153	49.4716 59.683
699000.033201	49.7816 58.9939
700000.033248	60.6547 55.3986
701000.033296	58.2586 70.6452
702000.033343	51.3756 59.5911
703000.033391	58.6891 67.3309
704000.033438	54.7996 54.2829
705000.033486	55.3337 67.5856
706000.033533	54.3986 50.8626
707000.033581	49.9575 68.0586
708000.033628	50.006 58.8974
709000.033676	49.1651 53.8957
710000.033723	41.6638 73.9835
711000.033771	56.1108 55.2273
712000.033818	67.1794 43.6803
713000.033866	50.3053 59.7412
714000.033913	48.502 58.8304
715000.033961	56.3113 59.6078
716000.034008	59.155 62.613
717000.034056	66.9657 59.6
718000.034103	61.6612 72.0186
719000.034151	52.7514 47.057
720000.034198	56.1303 67.3202
721000.034246	56.2804 58.0085
722000.034293	49.8063 56.5836
723000.034341	52.1983 69.6756
724000.034388	55.4864 57.3184
725000.034436	63.9652 57.4861
726000.034483	59.0866 62.8266
727000.034531	65.7752 70.5547
728000.034578	45.7141 56.769
729000.034626	50.5664 61.5137
730000.034673	58.7537 51.1714
731000.034721	59.1718 62.3019
732000.034768	46.3056 68.2167
733000.034816	52.8861 61.6026
734000.034863	63.3946 39.2956
735000.034911	60.0854 69.0233
736000.034958	52.7052 59.1073
737000.035006	54.3724 60.0309
738000.035053	60.5466 47.9542
739000.035101	63.7215 51.643
740000.035148	48.4344 67.4775
741000.035196	54.5096 51.232
742000.035243	57.2852 59.2273
743000.035291	50.4958 57.0494
744000.035338	50.997 62.1455
745000.035386	62.2549 66.6433
746000.035433	51.7725 60.2211
747000.035481	46.9177 61.1098
748000.035528	51.4045 55.7124
749000.035576	52.2794 69.2178
750000.035623	53.6778 64.9854
751000.035671	62.702 58.5249
752000.035718	52.6518 68.4833
753000.035766	45.1179 58.5299
754000.035813	62.6072 61.2555
755000.035861	51.1975 52.292
756000.035908	46.3658 72.6604
757000.035956	53.8116 56.181
758000.036003	50.0133 56.9585
759000.036051	55.3183 59.3247
760000.036098	46.889 59.6192
761000.036146	60.944 68.0991
762000.036193	53.3789 57.1792
763000.036241	59.534 54.2421
764000.036288	57.6673 61.422
765000.036336	51.5795 67.6079
766000.036383	53.9141 66.0473
767000.036431	52.4183 58.2454
768000.036478	51.9709 53.4541
769000.036526	63.6223 54.5993
770000.036573	55.7505 77.3761
771000.036621	58.987 59.7417
772000.036668	55.7754 60.1575
773000.036716	53.6531 58.8386
774000.036763	46.9285 76.1207
775000.036811	54.9257 57.1203
776000.036858	51.0718 60.2296
777000.036906	61.6856 53.1546
778000.036953	56.6801 60.1518
779000.037001	61.467 65.2059
780000.037048	50.9282 56.6017
781000.037096	56.5141 59.9645
782000.037143	42.6629 65.9756
783000.037191	50.5304 57.8481
784000.037238	60.4218 55.3664
785000.037285	52.4857 62.8435
786000.037333	57.1054 60.0939
787000.037380	53.16 70.4324
788000.037428	49.6902 55.551
789000.037475	71.5572 44.8966
790000.037523	62.2017 64.4468
791000.037570	63.1057 53.1135
792000.037618	54.2146 67.689
793000.037665	52.9355 63.9542
794000.037713	57.0166 70.7547
795000.037760	60.4173 53.8173
796000.037808	57.3507 64.3035
797000.037855	47.4435 76.1664
798000.037903	57.8268 66.6973
799000.037950	49.9502 64.409
800000.037998	53.9662 62.8831
801000.038045	52.709 67.0239
802000.038093	48.029 70.3304
803000.038140	56.9694 59.8044
804000.038188	60.3868 57.4328
805000.038235	56.1006 57.6606
806000.038283	61.7225 50.7583
807000.038330	55.4983 56.1875
808000.038378	56.3064 56.6486
809000.038425	48.4527 71.791
810000.038473	44.3825 60.2694
811000.038520	54.5305 59.2674
812000.038568	52.5381 62.1445
813000.038615	41.2523 65.1858
814000.038663	55.3831 67.0894
815000.038710	49.6341 73.761
816000.038758	58.1065 57.0355
817000.038805	53.1394 66.5013
818000.038853	53.6341 65.5112
819000.038900	46.594 68.0618
820000.038948	49.0393 72.2775
821000.038995	59.2663 55.5048
822000.039043	49.0631 57.4974
823000.039090	56.5067 70.4681
824000.039138	60.4368 61.9693
825000.039185	60.8166 47.9995
826000.039233	58.1492 64.7185
827000.039280	53.5328 62.2145
828000.039328	58.6706 41.6037
829000.039375	68.6129 54.6991
830000.039423	57.5353 49.4589
831000.039470	51.8845 68.56
832000.039518	51.7288 58.183
833000.039565	58.7254 52.4329
834000.039613	49.336 73.3497
835000.039660	53.7064 69.7144
836000.039708	50.6882 65.663
837000.039755	49.9515 71.6287
838000.039803	57.7686 49.208
839000.039850	45.8111 69.0015
840000.039898	51.9549 57.1296
