#! FIELDS time restraint.bias r0 r1 r2 r3 r4 r5 r6 r7 r8 r9 r10 r11 r12 r13 r14 r15 r16 r17 r18 r19 r20 r21 r22 r23 r24 r25 r26 r27 r28 r29 r30 r31 r32 r33
540000.025649 10.412988 0.076853 0.043514 0.047267 0.078773 0.036288 0.088929 0.118615 0.117133 0.109631 0.051834 0.019242 0.153969 0.132371 0.123659 0.158648 0.163978 0.142872 0.096508 0.101946 0.118246 0.114782 0.101186 0.103827 0.121765 0.109213 0.113863 0.156349 0.130910 0.068477 0.063165 0.061896 0.101654 0.097737 0.088811
541000.025696 18.564074 0.068172 0.033322 0.050172 0.084866 0.029866 0.081361 0.119382 0.113585 0.112559 0.045544 0.025692 0.149283 0.126645 0.118243 0.155335 0.166263 0.137394 0.093960 0.103813 0.115930 0.118869 0.094249 0.104915 0.126252 0.114778 0.120818 0.157169 0.123491 0.062360 0.069681 0.051793 0.093024 0.089811 0.079735
542000.025744 6.225495 0.083751 0.049851 0.041916 0.070712 0.049822 0.099539 0.117419 0.121628 0.104797 0.059447 0.014878 0.155877 0.134550 0.126941 0.165021 0.165958 0.147151 0.094335 0.098322 0.124205 0.120747 0.102147 0.110804 0.117007 0.109330 0.108298 0.154838 0.134507 0.079356 0.054091 0.068165 0.109207 0.103115 0.097128
543000.025791 8.454968 0.072900 0.037055 0.045852 0.081550 0.038896 0.090846 0.122625 0.120359 0.112250 0.049370 0.017338 0.151614 0.128024 0.118595 0.160376 0.169738 0.139806 0.089482 0.098943 0.117907 0.122333 0.092898 0.107512 0.122377 0.112827 0.115143 0.157388 0.127367 0.070267 0.064649 0.055652 0.100497 0.094602 0.086978
544000.025839 11.075909 0.081235 0.045182 0.038048 0.069893 0.051872 0.099831 0.117774 0.122849 0.103164 0.055801 0.019845 0.154661 0.132068 0.125127 0.166610 0.169003 0.146197 0.091903 0.096623 0.125483 0.123276 0.098674 0.113859 0.116122 0.112275 0.109392 0.155677 0.132033 0.080061 0.051638 0.063979 0.107731 0.100005 0.094271
545000.025886 9.609782 0.076336 0.041618 0.042811 0.075265 0.041326 0.091412 0.117111 0.117239 0.106584 0.055023 0.018485 0.151475 0.129679 0.121708 0.159940 0.165342 0.141140 0.092436 0.099185 0.119125 0.118368 0.096540 0.106624 0.119553 0.110078 0.112552 0.154658 0.128058 0.072581 0.059156 0.060186 0.101239 0.096256 0.088732
546000.025934 11.977309 0.083994 0.048633 0.036053 0.066323 0.050780 0.098983 0.112613 0.119127 0.099626 0.060731 0.020636 0.154163 0.133326 0.126884 0.164279 0.164216 0.146013 0.094944 0.098074 0.124864 0.118714 0.100949 0.111481 0.115254 0.109974 0.109341 0.153987 0.131333 0.080848 0.049569 0.066830 0.106952 0.100779 0.094828
547000.025981 5.603255 0.082065 0.048143 0.043233 0.072178 0.045376 0.096371 0.117228 0.120219 0.105741 0.056715 0.014115 0.156016 0.134539 0.126977 0.163775 0.165606 0.146585 0.096346 0.100679 0.123548 0.118666 0.102390 0.109626 0.119273 0.110161 0.110941 0.156177 0.133282 0.075819 0.055972 0.066462 0.106861 0.101416 0.094446
548000.026029 6.101419 0.078753 0.044321 0.045493 0.076676 0.041421 0.093423 0.119817 0.120424 0.108931 0.053086 0.014729 0.155451 0.133289 0.124990 0.162606 0.167343 0.144972 0.095157 0.101248 0.121517 0.119585 0.100738 0.108496 0.121471 0.111413 0.113078 0.157318 0.132487 0.072159 0.060163 0.063104 0.104859 0.099643 0.091808
549000.026076 5.852368 0.081479 0.045954 0.040744 0.071948 0.046678 0.096922 0.117570 0.120950 0.105004 0.055773 0.014425 0.155601 0.133720 0.125809 0.164289 0.166663 0.146092 0.094454 0.099312 0.123561 0.120101 0.100910 0.110431 0.118533 0.110843 0.110727 0.156274 0.133028 0.076716 0.054985 0.065075 0.106848 0.100980 0.094196
550000.026124 4.830999 0.082426 0.049249 0.045209 0.074451 0.045133 0.096435 0.118603 0.120986 0.107800 0.055643 0.013106 0.157699 0.136166 0.128133 0.164382 0.166145 0.148184 0.097971 0.102277 0.124371 0.119676 0.104405 0.110161 0.121114 0.111242 0.112374 0.157717 0.135224 0.075016 0.058700 0.067604 0.107792 0.102944 0.095504
551000.026171 7.712137 0.070814 0.037886 0.049018 0.080688 0.037773 0.088510 0.121806 0.118723 0.111699 0.045788 0.016559 0.150980 0.127136 0.118815 0.159727 0.168634 0.139997 0.090384 0.099362 0.118281 0.122687 0.094631 0.108074 0.122299 0.112583 0.113636 0.155394 0.127657 0.065970 0.064607 0.055873 0.099527 0.093832 0.085794
552000.026219 12.930570 0.071265 0.034823 0.043301 0.078741 0.038585 0.087565 0.119116 0.117097 0.108162 0.047748 0.021442 0.149789 0.127223 0.118468 0.157382 0.164827 0.138836 0.090189 0.097620 0.116706 0.117242 0.094337 0.104451 0.119366 0.110247 0.112741 0.154400 0.126504 0.068440 0.061791 0.055490 0.098276 0.093183 0.084348
553000.026266 6.305903 0.085525 0.054877 0.051256 0.077820 0.047355 0.098940 0.123125 0.124524 0.111886 0.057262 0.014974 0.159888 0.138250 0.128409 0.164539 0.166476 0.149320 0.098536 0.102013 0.122982 0.118771 0.107126 0.108072 0.121281 0.108237 0.109326 0.157954 0.139675 0.075465 0.062838 0.072573 0.112145 0.107502 0.099993
554000.026314 6.068549 0.078663 0.047762 0.050711 0.078298 0.039360 0.090959 0.119494 0.118378 0.110700 0.051943 0.014689 0.156462 0.134549 0.126400 0.161534 0.165784 0.146088 0.098812 0.104412 0.121940 0.119062 0.103885 0.108146 0.124034 0.111660 0.114598 0.157623 0.133574 0.068451 0.064018 0.065492 0.104042 0.100631 0.091920
555000.026361 17.097662 0.081756 0.043227 0.030889 0.067577 0.051685 0.098895 0.113565 0.119979 0.099076 0.060171 0.024656 0.151401 0.130209 0.122850 0.162858 0.164871 0.142596 0.089724 0.093901 0.122028 0.118508 0.095612 0.109808 0.112632 0.109258 0.108532 0.153239 0.128566 0.082412 0.048819 0.062645 0.105480 0.098114 0.092566
556000.026409 14.272841 0.073883 0.036199 0.037521 0.073056 0.041579 0.090025 0.114735 0.115627 0.103196 0.053943 0.022527 0.147703 0.126031 0.118473 0.157277 0.163244 0.137621 0.088711 0.095313 0.116783 0.116067 0.092209 0.104824 0.115676 0.108642 0.110824 0.151935 0.123952 0.073400 0.055792 0.055818 0.098238 0.092108 0.084923
557000.026456 14.653321 0.080167 0.045861 0.045865 0.077829 0.038770 0.090242 0.117606 0.117422 0.108164 0.055408 0.022826 0.155549 0.135019 0.125853 0.158400 0.161538 0.144394 0.098298 0.102230 0.118285 0.111656 0.103757 0.102308 0.120693 0.107710 0.113467 0.156613 0.133147 0.071387 0.062277 0.065166 0.103645 0.100529 0.091014
558000.026504 7.793625 0.072730 0.045941 0.058830 0.085729 0.032433 0.086675 0.122856 0.117627 0.117143 0.045209 0.016647 0.153513 0.129983 0.121985 0.159533 0.169588 0.142211 0.097284 0.106708 0.120126 0.124874 0.100086 0.109994 0.129224 0.115972 0.118944 0.158021 0.129264 0.060514 0.072255 0.059979 0.099684 0.095480 0.087319
559000.026551 6.773960 0.077478 0.044129 0.046906 0.076997 0.039730 0.091501 0.119070 0.118899 0.109236 0.051579 0.015519 0.155315 0.133080 0.125345 0.162257 0.166965 0.145150 0.096552 0.102459 0.121998 0.119439 0.101282 0.108724 0.122463 0.112205 0.114552 0.157533 0.131771 0.069934 0.061316 0.062544 0.103072 0.098512 0.090187
560000.026599 2.817168 0.083945 0.052957 0.050856 0.076910 0.045204 0.097913 0.121853 0.123192 0.111539 0.056530 0.010008 0.159350 0.137222 0.128802 0.165823 0.168718 0.149201 0.098983 0.103893 0.124842 0.121720 0.105624 0.111120 0.123351 0.111582 0.112332 0.158936 0.137155 0.074342 0.062003 0.069903 0.109855 0.104929 0.097938
561000.026646 6.351368 0.074870 0.041171 0.045823 0.077988 0.038929 0.091181 0.120416 0.119246 0.109810 0.051136 0.015028 0.151204 0.128438 0.119526 0.159152 0.166512 0.140018 0.090348 0.097582 0.117114 0.118363 0.095075 0.105186 0.119413 0.108734 0.110824 0.154638 0.128278 0.069878 0.061438 0.059004 0.101722 0.095781 0.088543
562000.026694 3.944635 0.075274 0.042052 0.045671 0.076862 0.040962 0.092107 0.119308 0.119009 0.109293 0.050074 0.011843 0.153414 0.130284 0.122845 0.162897 0.168905 0.143516 0.093715 0.101254 0.122575 0.123281 0.097265 0.111146 0.122510 0.113977 0.114792 0.157128 0.128931 0.070581 0.061085 0.059719 0.101729 0.096270 0.089070
563000.026741 6.461460 0.083093 0.049764 0.045325 0.073994 0.044242 0.095595 0.118097 0.120248 0.107480 0.057934 0.015157 0.157817 0.136591 0.128434 0.163702 0.165101 0.147838 0.098543 0.102384 0.123137 0.117170 0.104439 0.108151 0.120721 0.109629 0.112258 0.157629 0.135272 0.074863 0.058921 0.068320 0.107187 0.103399 0.095281
564000.026789 13.020688 0.068398 0.032175 0.046064 0.081494 0.036428 0.086919 0.120715 0.117447 0.110898 0.044402 0.021516 0.148564 0.124711 0.116692 0.158263 0.168648 0.137494 0.089048 0.099037 0.117609 0.122305 0.090898 0.108067 0.122394 0.114293 0.116188 0.155627 0.123382 0.066873 0.064420 0.050718 0.096203 0.089595 0.081892
565000.026836 7.509687 0.084881 0.049244 0.038073 0.068721 0.049951 0.100125 0.116064 0.121633 0.102935 0.061099 0.016340 0.155957 0.134814 0.127068 0.165193 0.165618 0.146925 0.094271 0.097509 0.123764 0.118479 0.101180 0.109886 0.115647 0.108486 0.108489 0.155446 0.133860 0.080843 0.051778 0.067872 0.108929 0.102961 0.096870
566000.026884 7.030313 0.077605 0.042452 0.041451 0.074172 0.044185 0.093618 0.118433 0.119794 0.106178 0.052459 0.015810 0.154410 0.132059 0.124037 0.162950 0.166664 0.144509 0.094091 0.099702 0.122277 0.119499 0.099528 0.109064 0.119674 0.111318 0.111942 0.156367 0.131430 0.073491 0.057346 0.062275 0.104000 0.098810 0.090828
567000.026931 5.218976 0.073162 0.041233 0.048716 0.078536 0.037631 0.089500 0.119485 0.117491 0.110400 0.048059 0.013622 0.151082 0.128049 0.120318 0.159549 0.166841 0.140835 0.091973 0.099785 0.119087 0.121466 0.096206 0.108059 0.121529 0.111550 0.112900 0.154597 0.127617 0.067213 0.062907 0.057914 0.100191 0.094311 0.087316
568000.026979 15.016232 0.068449 0.030324 0.043346 0.079936 0.037645 0.086461 0.119066 0.116449 0.108506 0.045374 0.023107 0.147682 0.124283 0.116144 0.157299 0.167192 0.136705 0.088325 0.098051 0.116927 0.121181 0.090628 0.107250 0.120982 0.113615 0.115507 0.154514 0.122989 0.067768 0.062717 0.050491 0.095723 0.089421 0.081362
569000.027026 17.364024 0.077868 0.039232 0.033746 0.069488 0.047789 0.094274 0.114133 0.117962 0.100012 0.057072 0.024847 0.150631 0.129425 0.122506 0.161189 0.164098 0.141604 0.091027 0.096160 0.121188 0.117328 0.096358 0.108293 0.114902 0.110045 0.109900 0.152836 0.127754 0.078130 0.050684 0.060222 0.102396 0.095926 0.088840
570000.027074 5.707962 0.076912 0.042748 0.047021 0.079421 0.040144 0.092359 0.121559 0.120848 0.111144 0.050220 0.014246 0.155758 0.132890 0.124382 0.163225 0.169495 0.144836 0.095775 0.103243 0.122435 0.121756 0.099994 0.110032 0.124470 0.114210 0.115987 0.159359 0.131653 0.070503 0.062991 0.061478 0.103752 0.098698 0.090531
571000.027121 9.086978 0.083384 0.048522 0.038313 0.067169 0.048402 0.097476 0.113159 0.118452 0.101027 0.060702 0.017975 0.154027 0.133257 0.126515 0.163428 0.164002 0.145420 0.094978 0.098511 0.123488 0.117838 0.100580 0.109959 0.115933 0.109025 0.109472 0.154018 0.131221 0.078979 0.051343 0.066595 0.106027 0.100553 0.094292
572000.027169 4.458373 0.072718 0.042623 0.053428 0.083331 0.036639 0.089809 0.123557 0.119952 0.115172 0.044794 0.012590 0.153294 0.129255 0.120724 0.161178 0.170333 0.142159 0.093314 0.102604 0.120182 0.125117 0.097425 0.110158 0.125758 0.114611 0.115857 0.157608 0.129462 0.065196 0.068003 0.058460 0.101572 0.095661 0.088278
573000.027216 6.133342 0.080009 0.046332 0.043199 0.072329 0.042853 0.093565 0.115658 0.117613 0.105285 0.056455 0.014767 0.153838 0.132493 0.125036 0.161518 0.164372 0.144271 0.095248 0.100040 0.121363 0.117734 0.100306 0.107894 0.118915 0.109359 0.111415 0.154844 0.130901 0.073596 0.057112 0.064315 0.103814 0.099220 0.091898
574000.027264 19.814264 0.074613 0.037066 0.038773 0.075939 0.045051 0.091469 0.117503 0.118488 0.104600 0.050749 0.026543 0.151118 0.128872 0.121022 0.160416 0.165823 0.141212 0.092522 0.098928 0.121044 0.118703 0.096707 0.108489 0.119157 0.112909 0.113601 0.155360 0.127583 0.074135 0.057732 0.057895 0.100878 0.094705 0.086743
575000.027311 2.781922 0.079285 0.048124 0.048425 0.076200 0.044392 0.095793 0.120895 0.121709 0.110231 0.052417 0.009945 0.156024 0.133243 0.125553 0.164510 0.168505 0.146537 0.095277 0.100912 0.123884 0.122663 0.101292 0.111266 0.121395 0.111823 0.111508 0.156997 0.133333 0.072381 0.060677 0.065292 0.106578 0.100800 0.094082
576000.027359 7.191670 0.077666 0.041778 0.039706 0.073562 0.046390 0.096258 0.118453 0.120883 0.105929 0.054710 0.015991 0.152250 0.129394 0.121623 0.163525 0.168732 0.142528 0.089780 0.096606 0.121694 0.122735 0.095011 0.110765 0.117754 0.111568 0.110925 0.155205 0.128939 0.076314 0.056040 0.059986 0.103989 0.097142 0.090993
577000.027406 17.323779 0.066096 0.033594 0.049200 0.081182 0.030888 0.081329 0.117076 0.112104 0.109316 0.043791 0.024818 0.145336 0.122525 0.115183 0.152955 0.163464 0.134355 0.090522 0.099615 0.113995 0.117712 0.092424 0.103711 0.121656 0.111263 0.114690 0.151335 0.121108 0.061439 0.065598 0.050306 0.092454 0.086942 0.078341
578000.027454 11.537587 0.070918 0.036115 0.048260 0.083341 0.038572 0.089060 0.123365 0.120255 0.112985 0.042563 0.020254 0.152095 0.127899 0.118653 0.160290 0.170109 0.140547 0.091094 0.100527 0.119147 0.123627 0.095071 0.109179 0.124025 0.115033 0.116333 0.157875 0.128048 0.067130 0.066449 0.054819 0.100100 0.093837 0.085592
579000.027501 10.387211 0.074069 0.037567 0.042334 0.077367 0.039469 0.089619 0.117877 0.117179 0.107265 0.050443 0.019218 0.150277 0.128096 0.119297 0.158090 0.164991 0.139396 0.090431 0.098067 0.117447 0.118568 0.094790 0.105772 0.119509 0.110650 0.113036 0.154379 0.126869 0.070949 0.060555 0.057199 0.099912 0.094287 0.086572
580000.027549 8.960053 0.076541 0.043309 0.047675 0.077787 0.035729 0.088565 0.117006 0.115654 0.109006 0.052864 0.017849 0.152191 0.130660 0.122447 0.157804 0.163861 0.141355 0.094709 0.101108 0.117500 0.116656 0.098708 0.104777 0.121279 0.109532 0.114113 0.155068 0.128736 0.068418 0.063053 0.060570 0.100291 0.096140 0.088101
581000.027596 9.195423 0.083760 0.047369 0.035746 0.067316 0.051833 0.099988 0.115466 0.121406 0.101050 0.060444 0.018082 0.155074 0.133793 0.126364 0.165782 0.166204 0.146396 0.093447 0.097430 0.124930 0.120244 0.100147 0.111673 0.115617 0.110270 0.108723 0.155065 0.132863 0.081605 0.049758 0.066997 0.108198 0.101923 0.095882
582000.027644 6.422096 0.075678 0.041948 0.042006 0.072464 0.043662 0.093160 0.116573 0.118148 0.104871 0.052624 0.015111 0.150590 0.127971 0.121246 0.161462 0.166876 0.141292 0.091329 0.098023 0.121374 0.121323 0.095758 0.110183 0.118369 0.111307 0.110513 0.153282 0.127164 0.072532 0.055980 0.059499 0.101691 0.095189 0.088776
583000.027691 8.504764 0.080617 0.045208 0.041060 0.073361 0.044940 0.095030 0.117506 0.120139 0.105501 0.054945 0.017389 0.156141 0.134492 0.126590 0.163719 0.165735 0.146402 0.096851 0.101385 0.123706 0.118070 0.102163 0.109381 0.120147 0.111508 0.112790 0.157448 0.132949 0.075296 0.056588 0.064867 0.105597 0.100661 0.092769
584000.027739 5.233365 0.071347 0.040234 0.050245 0.080131 0.038065 0.088824 0.121374 0.118563 0.111656 0.044233 0.013641 0.151314 0.127455 0.119457 0.160052 0.168677 0.140689 0.091756 0.100649 0.119733 0.123660 0.095853 0.109642 0.123225 0.113501 0.113769 0.155446 0.127734 0.065288 0.064676 0.057331 0.100054 0.094141 0.086538
585000.027786 7.914158 0.076411 0.040596 0.042828 0.076968 0.040388 0.091469 0.118903 0.118838 0.108139 0.053041 0.016775 0.152620 0.130499 0.121513 0.159986 0.166001 0.141527 0.092089 0.098931 0.118498 0.117964 0.096424 0.105951 0.119994 0.110144 0.113107 0.156214 0.129187 0.071820 0.060764 0.060047 0.101877 0.097147 0.088961
586000.027834 11.476540 0.073663 0.039757 0.047350 0.080652 0.035256 0.087808 0.119906 0.117442 0.110877 0.049048 0.020200 0.151974 0.129791 0.121130 0.157867 0.165269 0.140676 0.094097 0.101010 0.117450 0.116108 0.097472 0.104195 0.122181 0.110510 0.114694 0.156441 0.127916 0.067319 0.064421 0.058176 0.099650 0.094851 0.086174
587000.027881 9.157908 0.084255 0.048872 0.042553 0.073311 0.045654 0.096010 0.116942 0.120035 0.105817 0.058827 0.018045 0.158079 0.137412 0.128754 0.163312 0.163973 0.148125 0.098221 0.101786 0.123030 0.116659 0.104804 0.107916 0.119822 0.109747 0.112717 0.157730 0.135938 0.076729 0.057906 0.068701 0.107692 0.104117 0.095816
588000.027929 4.752642 0.082507 0.048661 0.044275 0.073620 0.045230 0.097037 0.118868 0.121555 0.107395 0.056612 0.012999 0.156992 0.135290 0.127215 0.164311 0.166497 0.147272 0.096127 0.100324 0.123152 0.119012 0.102956 0.109234 0.119340 0.109673 0.110588 0.156818 0.134834 0.075660 0.057374 0.066888 0.107898 0.102576 0.095437
589000.027976 11.570855 0.069798 0.033123 0.042758 0.077617 0.039412 0.087983 0.118401 0.116801 0.107168 0.045543 0.020283 0.147980 0.124593 0.116707 0.157963 0.166670 0.137451 0.088337 0.097264 0.117761 0.121161 0.091573 0.107876 0.119656 0.112558 0.113147 0.153469 0.123872 0.068640 0.060448 0.052597 0.097228 0.090546 0.083027
590000.028023 9.175238 0.083301 0.049023 0.041222 0.070674 0.051509 0.101019 0.118828 0.123892 0.104756 0.056929 0.018062 0.155722 0.133404 0.126061 0.166559 0.168563 0.146974 0.093601 0.097650 0.125449 0.122075 0.100692 0.113001 0.116770 0.110988 0.108273 0.155788 0.133596 0.080100 0.052823 0.066738 0.109706 0.101852 0.096554
591000.028071 9.788958 0.077807 0.043196 0.045387 0.077794 0.040219 0.091982 0.120463 0.120302 0.109305 0.050985 0.018656 0.155488 0.133063 0.124346 0.161963 0.167151 0.144428 0.096163 0.101652 0.120705 0.117144 0.101170 0.106927 0.121650 0.110968 0.113520 0.157989 0.132238 0.071097 0.061023 0.062075 0.103750 0.098722 0.090062
592000.028118 4.732283 0.080000 0.045246 0.041742 0.072133 0.047628 0.097096 0.117971 0.120906 0.105493 0.054810 0.012971 0.154427 0.132167 0.124754 0.164667 0.167592 0.145485 0.092862 0.098557 0.124139 0.122848 0.099259 0.112044 0.118439 0.111891 0.110362 0.155453 0.131773 0.076706 0.055148 0.063855 0.106169 0.099691 0.093613
593000.028166 14.864935 0.074390 0.036699 0.035480 0.071200 0.046917 0.092922 0.115721 0.118044 0.101717 0.053031 0.022990 0.149083 0.126711 0.119556 0.160589 0.165368 0.139970 0.088225 0.094348 0.119939 0.119569 0.093624 0.108477 0.114708 0.110135 0.109123 0.152009 0.126500 0.075347 0.053049 0.057390 0.100823 0.094105 0.087041
594000.028213 2.745448 0.077838 0.044929 0.046477 0.076530 0.042761 0.094626 0.120473 0.120858 0.109814 0.052658 0.009880 0.154430 0.131469 0.123436 0.163574 0.169026 0.144349 0.093052 0.099991 0.122070 0.122993 0.098353 0.110472 0.121200 0.111958 0.112321 0.156716 0.131287 0.072358 0.060509 0.062259 0.104681 0.098794 0.092180
595000.028261 15.994207 0.072603 0.035167 0.042150 0.078343 0.036981 0.087151 0.116771 0.115519 0.106985 0.050070 0.023847 0.149911 0.127948 0.120047 0.157483 0.164910 0.139107 0.092849 0.100295 0.117844 0.116889 0.095217 0.105600 0.121085 0.112191 0.116039 0.155437 0.125183 0.069363 0.061481 0.054795 0.097175 0.092267 0.083560
596000.028308 6.677391 0.072240 0.039878 0.051535 0.084601 0.036222 0.089193 0.124234 0.120098 0.115907 0.046618 0.015408 0.153580 0.129578 0.120466 0.161493 0.171364 0.141826 0.093286 0.103126 0.119888 0.124310 0.095282 0.109389 0.126738 0.115520 0.118719 0.160051 0.128333 0.066445 0.069230 0.056943 0.099905 0.095220 0.087011
597000.028356 7.940038 0.072582 0.038595 0.049346 0.083282 0.034894 0.089006 0.122526 0.119168 0.113843 0.047299 0.016802 0.151417 0.127833 0.118453 0.158941 0.169083 0.139385 0.091015 0.100542 0.117108 0.121856 0.094035 0.106867 0.123926 0.112863 0.116094 0.157255 0.127015 0.067055 0.067046 0.055387 0.099635 0.093832 0.086392
598000.028403 8.216428 0.080565 0.045111 0.040836 0.071888 0.044611 0.094561 0.115780 0.118539 0.104325 0.056394 0.017092 0.154198 0.132988 0.125233 0.161802 0.163994 0.144833 0.094154 0.098371 0.121292 0.117436 0.100572 0.107660 0.117191 0.108850 0.110459 0.154650 0.132043 0.075212 0.055615 0.064261 0.104846 0.099887 0.092481
599000.028451 12.266487 0.071519 0.034234 0.040007 0.075557 0.043483 0.091635 0.119000 0.119141 0.106073 0.048368 0.020884 0.147969 0.124293 0.116490 0.159923 0.168403 0.137758 0.086450 0.095066 0.118740 0.122297 0.090239 0.109207 0.117546 0.112141 0.111201 0.153313 0.124167 0.072486 0.057306 0.053363 0.099257 0.091177 0.084945
600000.028498 11.127154 0.078533 0.041169 0.037253 0.071314 0.045327 0.093475 0.114926 0.117739 0.102678 0.056010 0.019891 0.153059 0.131734 0.124299 0.162026 0.164567 0.143730 0.093610 0.098797 0.122072 0.118071 0.098465 0.108683 0.117745 0.111033 0.112390 0.155252 0.129684 0.075878 0.054422 0.061746 0.102612 0.097742 0.089966
601000.028546 6.549509 0.072955 0.041823 0.050854 0.080989 0.033816 0.086787 0.119472 0.116064 0.111893 0.047399 0.015260 0.152454 0.129706 0.121636 0.158919 0.166780 0.141534 0.095592 0.103665 0.119197 0.120739 0.098889 0.107423 0.125080 0.113112 0.116420 0.156440 0.128432 0.064406 0.066259 0.058628 0.098952 0.094899 0.086396
602000.028593 8.411369 0.076392 0.039618 0.042440 0.077400 0.040606 0.092061 0.119544 0.119694 0.108374 0.051101 0.017294 0.153749 0.131158 0.122472 0.161673 0.167729 0.142908 0.092926 0.099863 0.120278 0.119847 0.097727 0.108015 0.120939 0.112078 0.114107 0.157271 0.130134 0.072176 0.060160 0.059223 0.102505 0.096992 0.089062
603000.028641 5.891978 0.070415 0.037783 0.049351 0.081624 0.038400 0.089201 0.122440 0.119293 0.112637 0.044376 0.014474 0.151666 0.127456 0.119379 0.161402 0.170568 0.140987 0.091397 0.101307 0.120651 0.125859 0.094980 0.110953 0.124566 0.115611 0.115802 0.156834 0.127520 0.066377 0.065408 0.055461 0.099587 0.093606 0.086017
604000.028688 3.850266 0.076634 0.042946 0.043927 0.074921 0.045755 0.095573 0.120538 0.121874 0.108031 0.050250 0.011700 0.153650 0.129917 0.122300 0.164963 0.170900 0.143960 0.091910 0.099323 0.123845 0.125241 0.096826 0.113258 0.120750 0.114039 0.112075 0.156720 0.130166 0.073415 0.058119 0.060761 0.104369 0.097464 0.091183
605000.028736 11.329337 0.081842 0.045437 0.037736 0.069600 0.046935 0.095943 0.113770 0.118092 0.101553 0.057929 0.020070 0.152879 0.132157 0.124610 0.161130 0.162710 0.143873 0.093031 0.096856 0.121144 0.116880 0.099733 0.107903 0.115043 0.108162 0.108998 0.153074 0.130815 0.078093 0.052578 0.064295 0.105384 0.099331 0.092938
606000.028783 7.831282 0.071401 0.038906 0.049509 0.081759 0.035026 0.087534 0.121003 0.117486 0.112346 0.047465 0.016687 0.150468 0.127475 0.118845 0.158005 0.167272 0.139093 0.091785 0.100883 0.117373 0.120682 0.094935 0.106334 0.123486 0.112311 0.115002 0.155618 0.126410 0.065807 0.066026 0.056348 0.098636 0.093373 0.085378
607000.028831 7.122509 0.075162 0.043181 0.051018 0.081845 0.036277 0.089279 0.121686 0.118867 0.113422 0.049644 0.015914 0.155084 0.132275 0.123740 0.161103 0.168160 0.143946 0.096099 0.103497 0.120145 0.120615 0.099876 0.107628 0.125084 0.112922 0.116674 0.158772 0.131154 0.066584 0.066836 0.060840 0.101555 0.097869 0.088918
608000.028878 25.295264 0.068323 0.032617 0.047209 0.082211 0.029564 0.079701 0.115425 0.110421 0.108356 0.048966 0.029990 0.144771 0.123481 0.114978 0.149970 0.160882 0.132651 0.091145 0.100080 0.110928 0.113218 0.092030 0.099719 0.121487 0.109963 0.116897 0.151906 0.120225 0.063733 0.066945 0.050783 0.091263 0.087318 0.077630
609000.028926 7.995726 0.077308 0.042844 0.045832 0.077127 0.041362 0.091529 0.119671 0.119100 0.108757 0.052101 0.016861 0.154854 0.132738 0.124208 0.161659 0.166228 0.144424 0.095010 0.101097 0.120784 0.119058 0.100680 0.107418 0.121347 0.111049 0.112984 0.156701 0.132380 0.071147 0.060952 0.062514 0.103464 0.099092 0.090659
610000.028973 19.087631 0.064511 0.028683 0.045224 0.080900 0.040231 0.087000 0.120161 0.116863 0.109100 0.042420 0.026051 0.143683 0.118830 0.111467 0.156694 0.168595 0.133223 0.084254 0.095791 0.116677 0.125588 0.085831 0.109822 0.120157 0.114903 0.113881 0.151491 0.119015 0.067420 0.063388 0.045800 0.093874 0.085123 0.079026
611000.029021 12.329791 0.079373 0.040942 0.035226 0.070899 0.046220 0.094942 0.114639 0.118406 0.102042 0.057448 0.020938 0.152369 0.131090 0.123642 0.162114 0.165270 0.142858 0.092321 0.097956 0.121837 0.118627 0.096989 0.109208 0.117087 0.111225 0.112201 0.155073 0.128623 0.077959 0.053183 0.061012 0.103136 0.097250 0.090317
612000.029068 8.385187 0.084569 0.048466 0.037757 0.069694 0.050908 0.100520 0.117359 0.122723 0.103405 0.060017 0.017267 0.157106 0.135738 0.127972 0.166477 0.166552 0.148181 0.095096 0.098537 0.125255 0.119615 0.102596 0.111052 0.116761 0.109974 0.109101 0.156453 0.135197 0.081259 0.051712 0.068014 0.109805 0.103647 0.097209
613000.029116 9.112234 0.084662 0.048128 0.037622 0.069997 0.051445 0.101024 0.118036 0.123675 0.103500 0.058694 0.018000 0.157027 0.135417 0.127277 0.166398 0.166829 0.147863 0.094297 0.097694 0.124964 0.119530 0.101847 0.111142 0.116222 0.109929 0.108672 0.156615 0.135085 0.081563 0.051567 0.067671 0.110299 0.103480 0.097248
614000.029163 8.708404 0.073687 0.038414 0.044692 0.078614 0.037085 0.088874 0.119310 0.117741 0.109123 0.049178 0.017596 0.151372 0.128791 0.119904 0.158512 0.165921 0.140134 0.091620 0.098969 0.117162 0.118037 0.096026 0.105135 0.120472 0.110242 0.113142 0.155269 0.128114 0.068620 0.062106 0.057401 0.099992 0.094806 0.086535
615000.029211 10.682284 0.070609 0.035586 0.046715 0.081242 0.035870 0.087411 0.120670 0.117683 0.111108 0.045942 0.019489 0.149956 0.126889 0.118134 0.157518 0.166405 0.138740 0.090192 0.098541 0.116564 0.119178 0.093816 0.105272 0.121243 0.111335 0.114017 0.155241 0.126112 0.066564 0.064581 0.054404 0.098249 0.092555 0.084338
616000.029258 3.716104 0.079419 0.047076 0.048093 0.077062 0.044544 0.095491 0.121045 0.121531 0.110236 0.053644 0.011495 0.155235 0.132845 0.124257 0.162992 0.167387 0.145202 0.093354 0.099551 0.121748 0.122292 0.100331 0.109558 0.120540 0.110731 0.110778 0.155967 0.133479 0.073067 0.061496 0.065032 0.106584 0.101160 0.094169
617000.029306 6.399360 0.080802 0.045596 0.041160 0.073024 0.044455 0.095171 0.117244 0.119767 0.105597 0.055895 0.015084 0.154872 0.133405 0.125044 0.162238 0.164788 0.144988 0.094456 0.098990 0.121441 0.117528 0.100597 0.107567 0.118183 0.109066 0.110560 0.155694 0.132477 0.075371 0.056573 0.064733 0.105654 0.100559 0.093242
618000.029353 12.707247 0.071830 0.041520 0.053094 0.082817 0.033673 0.085140 0.120429 0.116088 0.112896 0.046394 0.021256 0.152499 0.130076 0.122115 0.157744 0.165769 0.141594 0.096398 0.103999 0.118557 0.118934 0.100067 0.105997 0.125256 0.112788 0.116430 0.156396 0.128948 0.062551 0.068089 0.059049 0.098635 0.094918 0.085433
619000.029401 10.531053 0.082221 0.047380 0.040711 0.072393 0.049976 0.097928 0.117161 0.120506 0.104978 0.060118 0.019350 0.155328 0.133845 0.125888 0.164834 0.166707 0.146053 0.094072 0.099469 0.124115 0.121909 0.099882 0.111223 0.118861 0.111758 0.112137 0.156446 0.132603 0.079575 0.056552 0.066539 0.106717 0.101871 0.095040
620000.029448 13.056699 0.083212 0.046224 0.033726 0.067432 0.051368 0.099378 0.113245 0.119502 0.100192 0.062754 0.021546 0.152728 0.131895 0.124804 0.163896 0.165140 0.144043 0.091635 0.096032 0.123213 0.119673 0.097063 0.110715 0.114414 0.109946 0.109828 0.154049 0.129514 0.082527 0.050426 0.064932 0.105875 0.099752 0.094022
621000.029496 12.624700 0.067397 0.039022 0.057912 0.089161 0.029404 0.083492 0.125062 0.117566 0.118669 0.038449 0.021187 0.150563 0.126042 0.116913 0.156789 0.169769 0.138175 0.093468 0.104412 0.116586 0.123647 0.095162 0.107291 0.128850 0.115651 0.119218 0.157707 0.125793 0.058101 0.074143 0.053630 0.096498 0.091285 0.082741
622000.029543 9.992005 0.073638 0.037115 0.041868 0.076322 0.041025 0.090766 0.118249 0.118229 0.106888 0.048820 0.018849 0.150995 0.128112 0.120406 0.160632 0.167527 0.140816 0.091301 0.099015 0.120409 0.121049 0.095013 0.109269 0.120322 0.113075 0.113803 0.155540 0.126742 0.071281 0.058992 0.056394 0.100207 0.093729 0.086479
623000.029591 13.019632 0.076433 0.040835 0.039433 0.072694 0.043387 0.091182 0.115155 0.116237 0.103412 0.055538 0.021516 0.150949 0.129671 0.122001 0.159411 0.163155 0.141211 0.092450 0.097974 0.119195 0.116505 0.097629 0.105785 0.117257 0.108912 0.110778 0.152927 0.128442 0.073891 0.056100 0.060813 0.101120 0.096296 0.088280
624000.029638 25.035457 0.084771 0.046528 0.030895 0.064737 0.052579 0.097087 0.109833 0.116904 0.095172 0.063957 0.029835 0.153383 0.134667 0.127948 0.161033 0.158089 0.145652 0.095555 0.096578 0.122552 0.111908 0.103396 0.106493 0.111614 0.106572 0.107715 0.151434 0.132711 0.082998 0.046697 0.068068 0.106599 0.101731 0.094008
625000.029686 5.583627 0.079863 0.044728 0.039769 0.071122 0.047336 0.096237 0.116610 0.119914 0.103964 0.055249 0.014090 0.153859 0.131941 0.124339 0.163504 0.166054 0.144769 0.092727 0.097918 0.123074 0.120930 0.099026 0.110624 0.117474 0.110751 0.109943 0.154723 0.131438 0.076311 0.054519 0.063948 0.105467 0.099741 0.092914
626000.029733 5.299468 0.075742 0.041599 0.045637 0.076752 0.040354 0.091824 0.118938 0.118714 0.108774 0.050251 0.013727 0.152918 0.130262 0.122525 0.161434 0.167239 0.142904 0.092888 0.099996 0.121012 0.121456 0.097613 0.109297 0.121041 0.112245 0.113285 0.155893 0.129245 0.070700 0.060399 0.059662 0.102169 0.096245 0.089218
627000.029781 5.422758 0.087487 0.054995 0.045379 0.070086 0.051330 0.101861 0.117614 0.122995 0.105607 0.061019 0.013886 0.158957 0.137789 0.130626 0.167342 0.167058 0.150610 0.098312 0.101350 0.127287 0.122088 0.106291 0.113595 0.118945 0.110826 0.109440 0.156571 0.137550 0.080130 0.054762 0.072319 0.112015 0.106229 0.100392
628000.029828 10.813111 0.078203 0.041341 0.041847 0.075857 0.041464 0.091862 0.118044 0.118665 0.106801 0.054570 0.019608 0.154296 0.132809 0.124200 0.161039 0.165235 0.143615 0.094641 0.100488 0.120100 0.116765 0.099706 0.106240 0.120222 0.110533 0.113571 0.156855 0.131131 0.073393 0.059032 0.061821 0.102996 0.098488 0.089959
629000.029876 7.466269 0.080458 0.045406 0.041049 0.071098 0.047197 0.096268 0.117555 0.120676 0.104494 0.055215 0.016293 0.155734 0.133614 0.126426 0.165207 0.167278 0.146732 0.095049 0.099587 0.124403 0.120535 0.101535 0.111166 0.118405 0.111332 0.110707 0.156098 0.133332 0.076130 0.054103 0.064722 0.106193 0.100479 0.093250
630000.029923 7.972363 0.071117 0.036871 0.045133 0.077726 0.038554 0.088696 0.118147 0.116517 0.108675 0.048221 0.016836 0.149901 0.126529 0.119697 0.160792 0.169085 0.139965 0.091970 0.101273 0.121228 0.124035 0.093404 0.111144 0.123160 0.115616 0.116739 0.155973 0.124296 0.068449 0.061842 0.054421 0.097081 0.091402 0.084263
631000.029971 7.197401 0.085797 0.052650 0.046331 0.072829 0.046745 0.097139 0.117143 0.120370 0.106652 0.059389 0.015997 0.159380 0.138728 0.130756 0.164569 0.164607 0.150070 0.100303 0.103531 0.125050 0.118630 0.107341 0.110150 0.121037 0.110539 0.112553 0.157724 0.137666 0.076375 0.058528 0.071317 0.109261 0.105774 0.097843
632000.030018 5.989396 0.080091 0.044697 0.044614 0.076490 0.043664 0.095457 0.120167 0.121452 0.108838 0.053916 0.014593 0.155020 0.132933 0.123955 0.162486 0.167150 0.144472 0.092806 0.099020 0.120811 0.120377 0.099363 0.108524 0.119769 0.110544 0.111607 0.156671 0.132537 0.074842 0.059571 0.063346 0.106309 0.100087 0.093305
633000.030066 12.493763 0.081971 0.045292 0.038005 0.069937 0.048014 0.096142 0.115370 0.119478 0.102044 0.057964 0.021077 0.154751 0.134057 0.126469 0.162467 0.162880 0.145902 0.094306 0.097368 0.122137 0.116073 0.101986 0.107567 0.115216 0.108048 0.108673 0.153970 0.133529 0.078016 0.052428 0.065836 0.106593 0.101302 0.093690
634000.030113 3.060885 0.076386 0.043923 0.047676 0.077254 0.041244 0.092680 0.120782 0.120284 0.110192 0.050031 0.010432 0.154653 0.131545 0.123614 0.163219 0.169046 0.144437 0.094372 0.101456 0.122341 0.122674 0.099438 0.110449 0.122533 0.112916 0.113261 0.157091 0.131376 0.069999 0.061475 0.061819 0.103581 0.098165 0.090660
635000.030161 15.731879 0.082280 0.045030 0.031098 0.064370 0.051719 0.098125 0.111150 0.118048 0.096814 0.061005 0.023651 0.151540 0.130936 0.124674 0.162952 0.163041 0.143658 0.092057 0.095216 0.123338 0.117506 0.097907 0.110215 0.112405 0.108855 0.107779 0.151981 0.128959 0.081812 0.046283 0.064352 0.105059 0.098496 0.092640
636000.030208 9.072949 0.077804 0.040471 0.038160 0.073275 0.044590 0.094810 0.117336 0.119792 0.104897 0.054590 0.017961 0.152167 0.129915 0.122039 0.162269 0.167255 0.142143 0.091094 0.097508 0.121035 0.120049 0.095835 0.109172 0.117912 0.111229 0.111650 0.155314 0.128516 0.076131 0.055307 0.059562 0.103159 0.096505 0.089895
637000.030256 6.381753 0.076558 0.041384 0.044228 0.076271 0.040436 0.092034 0.119146 0.119244 0.108229 0.051585 0.015063 0.152911 0.130594 0.122243 0.160708 0.166281 0.142381 0.092346 0.098796 0.119517 0.118649 0.097368 0.107018 0.119626 0.110202 0.111944 0.155649 0.129683 0.071496 0.059521 0.060251 0.102649 0.096901 0.089415
638000.030303 7.340063 0.079497 0.043105 0.042335 0.076735 0.042790 0.094438 0.119652 0.120986 0.108552 0.053864 0.016155 0.155806 0.133680 0.124685 0.162892 0.167254 0.145034 0.094319 0.100249 0.121391 0.119118 0.099386 0.108225 0.120759 0.111556 0.114118 0.158606 0.132169 0.074529 0.060068 0.062694 0.104948 0.099909 0.091975
639000.030351 12.093654 0.067656 0.033428 0.049185 0.083291 0.034204 0.084794 0.121190 0.116427 0.112440 0.043725 0.020736 0.149238 0.125435 0.117074 0.157679 0.168480 0.137793 0.090684 0.101217 0.117269 0.122874 0.092479 0.107689 0.124706 0.114894 0.117651 0.156151 0.124359 0.063773 0.067441 0.051860 0.095590 0.090581 0.081875
640000.030398 7.528398 0.070271 0.038267 0.051468 0.084181 0.035336 0.087945 0.123008 0.118686 0.115017 0.045842 0.016361 0.151962 0.127931 0.119653 0.160643 0.170711 0.140720 0.092499 0.102774 0.119773 0.125003 0.094372 0.109781 0.126418 0.115934 0.118567 0.158464 0.126630 0.065103 0.068719 0.055064 0.098283 0.093320 0.085255
641000.030446 7.927673 0.075702 0.039763 0.042617 0.076615 0.040892 0.092160 0.119085 0.119382 0.108121 0.050616 0.016789 0.153115 0.130291 0.122354 0.162133 0.168212 0.142767 0.093113 0.100056 0.121292 0.120396 0.096840 0.109183 0.121045 0.112765 0.114397 0.157300 0.128706 0.071948 0.059515 0.058531 0.101721 0.095794 0.088384
642000.030493 9.275915 0.070719 0.036256 0.047003 0.079823 0.037587 0.087824 0.121052 0.118147 0.110443 0.045981 0.018161 0.151127 0.127400 0.119271 0.160184 0.169139 0.140073 0.091618 0.100563 0.119006 0.121927 0.094829 0.108376 0.122903 0.113543 0.114997 0.156297 0.127072 0.066689 0.063254 0.055022 0.098520 0.093041 0.084620
643000.030541 11.214857 0.068048 0.033668 0.048650 0.084166 0.035048 0.086097 0.122713 0.117959 0.113556 0.044180 0.019969 0.149719 0.125723 0.116692 0.158315 0.169505 0.137877 0.090276 0.100900 0.117176 0.122792 0.092010 0.107314 0.124867 0.114720 0.117608 0.157089 0.124843 0.064988 0.067906 0.052209 0.096474 0.091301 0.082609
644000.030588 11.366387 0.072483 0.037703 0.045063 0.078527 0.037813 0.089020 0.118061 0.116619 0.108624 0.048778 0.020103 0.148698 0.125828 0.117750 0.157537 0.165944 0.137940 0.089447 0.097851 0.116888 0.120242 0.092783 0.106799 0.119895 0.111235 0.113474 0.153712 0.124530 0.069330 0.062056 0.054545 0.098499 0.091736 0.085061
645000.030636 13.418986 0.079242 0.042118 0.038211 0.071731 0.045561 0.093778 0.115848 0.118797 0.102735 0.054439 0.021843 0.153415 0.132120 0.124309 0.161217 0.163573 0.143852 0.093796 0.098010 0.121146 0.116001 0.100030 0.107261 0.116621 0.109366 0.110285 0.154451 0.131105 0.075716 0.054044 0.062699 0.104224 0.098533 0.090671
646000.030683 7.536528 0.084921 0.051493 0.042811 0.070190 0.047474 0.098280 0.116063 0.120191 0.104587 0.061712 0.016370 0.156153 0.135456 0.127910 0.163895 0.164286 0.146969 0.096702 0.099846 0.123199 0.116937 0.103109 0.108476 0.117475 0.107757 0.109146 0.155154 0.134159 0.078426 0.054582 0.069245 0.108260 0.103233 0.096726
647000.030731 5.439264 0.082627 0.049466 0.043339 0.071038 0.046300 0.096364 0.115759 0.119188 0.104683 0.056991 0.013907 0.155758 0.134686 0.127366 0.163184 0.164149 0.147013 0.096760 0.100426 0.123925 0.118936 0.103449 0.109936 0.118497 0.109782 0.110203 0.154992 0.133762 0.075715 0.055695 0.067613 0.106946 0.101972 0.095149
648000.030778 4.518245 0.083145 0.049052 0.044834 0.074217 0.046883 0.097445 0.119531 0.122109 0.107770 0.056549 0.012675 0.158223 0.136493 0.128062 0.165503 0.167287 0.148477 0.097132 0.102009 0.124894 0.121106 0.103771 0.111083 0.121227 0.111906 0.112355 0.158280 0.135911 0.076370 0.058319 0.068239 0.108595 0.103816 0.096451
649000.030826 16.734618 0.072027 0.032998 0.037680 0.074911 0.042593 0.090110 0.116749 0.117354 0.104164 0.051040 0.024393 0.148183 0.125524 0.118113 0.158986 0.166587 0.137994 0.088403 0.096321 0.118443 0.119698 0.091803 0.107846 0.117616 0.112092 0.112792 0.153437 0.124149 0.072737 0.056834 0.053575 0.098079 0.091381 0.083774
650000.030873 11.234011 0.068490 0.035136 0.049984 0.082623 0.034034 0.086197 0.120782 0.116458 0.112601 0.046471 0.019986 0.147032 0.123321 0.115237 0.156595 0.168213 0.135579 0.088211 0.099393 0.115817 0.123260 0.089453 0.107457 0.123243 0.113614 0.116033 0.154309 0.121937 0.065076 0.066843 0.051021 0.095450 0.088981 0.082170
651000.030921 7.313063 0.075429 0.042012 0.049216 0.080204 0.039735 0.091885 0.122379 0.120859 0.111930 0.047086 0.016125 0.153490 0.129883 0.121103 0.161371 0.169315 0.142317 0.092267 0.100154 0.119730 0.122320 0.097420 0.109114 0.122333 0.112481 0.113361 0.156975 0.130189 0.069320 0.063613 0.059059 0.103154 0.096447 0.089357
652000.030968 6.623103 0.076270 0.040384 0.041420 0.075499 0.044039 0.094451 0.120031 0.121215 0.107625 0.051698 0.015346 0.153426 0.130241 0.122216 0.163699 0.169541 0.143291 0.091356 0.098434 0.121921 0.122313 0.096270 0.110431 0.119799 0.112539 0.112525 0.156863 0.129865 0.073749 0.057869 0.059451 0.103583 0.097108 0.090074
653000.031016 6.856610 0.082968 0.047905 0.039479 0.069992 0.049506 0.098986 0.117000 0.121676 0.103756 0.057393 0.015614 0.156147 0.134466 0.127016 0.165548 0.166409 0.147366 0.094746 0.098519 0.124888 0.120196 0.101688 0.111421 0.117088 0.110322 0.109360 0.155889 0.133895 0.078961 0.052804 0.066781 0.108419 0.102224 0.095772
654000.031063 6.260214 0.079585 0.043676 0.042409 0.076410 0.045461 0.096710 0.120399 0.122368 0.108915 0.054069 0.014919 0.155903 0.133283 0.124884 0.165008 0.169238 0.145899 0.093494 0.099789 0.123644 0.122483 0.098545 0.111223 0.120764 0.113230 0.114016 0.158911 0.131986 0.076091 0.059284 0.062571 0.105825 0.099869 0.093047
655000.031111 12.324026 0.072751 0.036996 0.040984 0.073945 0.042328 0.090247 0.115871 0.116132 0.104454 0.051761 0.020933 0.147705 0.125646 0.118585 0.157886 0.163725 0.138356 0.088222 0.095246 0.117904 0.118955 0.092986 0.106644 0.116129 0.109490 0.109749 0.150988 0.124795 0.071920 0.056829 0.056128 0.098971 0.092338 0.085629
656000.031158 3.626595 0.079544 0.046801 0.047683 0.077550 0.041246 0.093993 0.120526 0.120558 0.110758 0.054400 0.011355 0.156316 0.133855 0.125339 0.163524 0.168479 0.145643 0.095935 0.102233 0.121862 0.120987 0.100883 0.109097 0.122778 0.111662 0.114061 0.158362 0.133036 0.071988 0.062386 0.064319 0.105091 0.100629 0.092951
657000.031206 7.510866 0.084689 0.049215 0.040169 0.071408 0.049609 0.100247 0.118218 0.123018 0.105138 0.058712 0.016342 0.157628 0.136079 0.128083 0.166402 0.167086 0.148403 0.096049 0.099702 0.125343 0.119905 0.102985 0.111283 0.118210 0.110685 0.110317 0.157422 0.135253 0.080334 0.053771 0.067987 0.109862 0.103511 0.097229
658000.031253 11.246016 0.073225 0.036436 0.042257 0.077607 0.039717 0.089742 0.119490 0.118494 0.107875 0.049243 0.019996 0.151086 0.128135 0.119362 0.159359 0.166680 0.139985 0.090280 0.097489 0.117492 0.118314 0.094790 0.105738 0.119141 0.110261 0.112438 0.155235 0.127861 0.070183 0.060352 0.056279 0.100087 0.094501 0.086141
659000.031301 8.190210 0.074356 0.037396 0.041996 0.076611 0.041446 0.091847 0.119449 0.119382 0.107772 0.050500 0.017065 0.151379 0.128227 0.119911 0.161079 0.168304 0.140672 0.089646 0.097667 0.119285 0.121437 0.094071 0.108559 0.119559 0.111929 0.112821 0.155630 0.127647 0.072048 0.059282 0.056655 0.101023 0.094733 0.087447
660000.031348 5.694520 0.075429 0.040524 0.044958 0.078651 0.041129 0.093246 0.122282 0.121672 0.110565 0.050065 0.014229 0.152555 0.129270 0.119930 0.161047 0.168455 0.141256 0.089673 0.097129 0.118277 0.120179 0.095230 0.106765 0.119525 0.109864 0.110825 0.156007 0.129756 0.071618 0.061119 0.058923 0.103563 0.096852 0.089762
