0.000000	-107.453 -29.4248
1000.000047	-95.7704 -32.1758
2000.000095	-109.046 -33.1372
3000.000142	-116.05 -37.2879
4000.000190	-115.067 -32.157
5000.000237	-101.857 -29.5851
6000.000285	-96.249 -36.9627
7000.000332	-111.255 -41.5893
8000.000380	-104.793 -34.1423
9000.000427	-102.623 -29.3435
10000.000475	-111.951 -41.8536
11000.000522	-115.108 -29.2195
12000.000570	-127.189 -41.021
13000.000617	-106.956 -33.5888
14000.000665	-107.798 -28.3467
15000.000712	-127.945 -32.2552
16000.000760	-111.176 -29.6777
17000.000807	-113.198 -38.8859
18000.000855	-89.6007 -33.1363
19000.000902	-100.219 -37.1648
20000.000950	-115.356 -18.4464
21000.000997	-107.999 -42.1864
22000.001045	-109.705 -27.7675
23000.001092	-120.883 -43.5351
24000.001140	-118.342 -22.8872
25000.001187	-96.877 -30.1858
26000.001235	-117.882 -35.655
27000.001282	-114.027 -26.0788
28000.001330	-97.0556 -37.873
29000.001377	-117.195 -27.5709
30000.001425	-117.588 -24.2922
31000.001472	-108.3 -34.1444
32000.001520	-125.587 -31.4093
33000.001567	-100.478 -29.4436
34000.001615	-100.002 -33.035
35000.001662	-111.343 -31.6491
36000.001710	-111.955 -31.4971
37000.001757	-90.7763 -39.898
38000.001805	-107.472 -32.0126
39000.001852	-111.575 -36.3182
40000.001900	-119.451 -29.2026
41000.001947	-109.818 -27.4349
42000.001995	-112.491 -33.1447
43000.002042	-112.779 -30.564
44000.002090	-108.155 -34.3922
45000.002137	-106.624 -26.9608
46000.002185	-93.8879 -31.5822
47000.002232	-118.342 -20.5427
48000.002280	-108.377 -21.4805
49000.002327	-92.2313 -38.1522
50000.002375	-103.927 -37.2839
51000.002422	-100.968 -22.9241
52000.002470	-102.376 -28.8208
53000.002517	-101.081 -35.1295
54000.002565	-114.336 -26.8105
55000.002612	-90.5147 -36.2118
56000.002660	-118.093 -15.8712
57000.002707	-96.1272 -38.0516
58000.002755	-109.704 -29.242
59000.002802	-113.369 -30.7215
60000.002850	-120.292 -22.5569
61000.002897	-121.901 -24.4769
62000.002945	-127.011 -29.9297
63000.002992	-100.109 -41.697
64000.003040	-108.396 -42.7542
65000.003087	-110.982 -27.0032
66000.003135	-109.94 -38.1122
67000.003182	-107.611 -28.8763
68000.003230	-118.132 -23.525
69000.003277	-113.45 -23.7834
70000.003325	-110.786 -30.6487
71000.003372	-105.544 -28.1968
72000.003420	-110.381 -25.1398
73000.003467	-115.01 -45.0531
74000.003515	-103.367 -39.5075
75000.003562	-109.709 -24.9949
76000.003610	-97.9272 -32.0883
77000.003657	-102.686 -28.4046
78000.003705	-121.912 -21.3476
79000.003752	-122.114 -33.6243
80000.003800	-114.202 -25.6805
81000.003847	-105.653 -26.9629
82000.003895	-115.329 -26.6028
83000.003942	-107.231 -28.7073
84000.003990	-124.641 -30.0322
85000.004037	-101.932 -27.9564
86000.004085	-105.082 -42.449
87000.004132	-103.454 -21.8972
88000.004180	-104.714 -33.5351
89000.004227	-110.727 -30.4958
90000.004275	-104.196 -32.2558
91000.004322	-100.895 -33.3353
92000.004370	-115.928 -28.2106
93000.004417	-111.707 -28.2717
94000.004465	-109.526 -27.5626
95000.004512	-102.811 -22.7621
96000.004560	-103.147 -34.2213
97000.004607	-114.884 -13.9534
98000.004655	-110.566 -42.0968
99000.004702	-113.462 -31.4741
100000.004750	-106.167 -19.4543
101000.004797	-113.038 -23.0355
102000.004845	-128.725 -26.629
103000.004892	-117.374 -26.9662
104000.004940	-117.129 -31.236
105000.004987	-90.5366 -30.0255
106000.005035	-123.94 -28.9643
107000.005082	-112.736 -27.5565
108000.005130	-102.423 -34.523
109000.005177	-116.764 -24.5227
110000.005225	-119.76 -36.5507
111000.005272	-118.142 -18.1179
112000.005320	-109.247 -40.5917
113000.005367	-109.863 -23.8077
114000.005415	-106.95 -21.5406
115000.005462	-115.389 -42.749
116000.005510	-108.605 -31.9375
117000.005557	-120.558 -24.0763
118000.005605	-109.044 -35.5124
119000.005652	-106.824 -37.4959
120000.005700	-116.151 -42.1696
