#! FIELDS time restraint.bias r0 r1 r2 r3 r4 r5 r6 r7 r8 r9 r10 r11 r12 r13 r14 r15 r16 r17 r18 r19 r20 r21 r22 r23 r24 r25 r26 r27 r28 r29 r30 r31 r32 r33
0.000000 0.001660 0.057773 0.042574 0.074673 0.102269 0.000182 0.061886 0.120908 0.102331 0.125042 0.041709 0.045788 0.140630 0.118287 0.110120 0.141211 0.161234 0.126452 0.099324 0.112789 0.105806 0.118421 0.093708 0.098308 0.137028 0.117426 0.129814 0.153014 0.113839 0.040164 0.091698 0.048354 0.078952 0.079310 0.067261
1000.000047 2.760263 0.055402 0.042832 0.076056 0.102891 0.007430 0.060285 0.121457 0.101978 0.125572 0.037551 0.046410 0.140876 0.117832 0.110151 0.142079 0.162332 0.127107 0.100435 0.114016 0.107319 0.119993 0.094694 0.100103 0.138332 0.118923 0.130442 0.153375 0.114006 0.036554 0.092518 0.048051 0.078181 0.078634 0.066097
2000.000095 3.979667 0.053372 0.037978 0.073119 0.101742 0.008922 0.061408 0.120616 0.102012 0.124145 0.039315 0.045379 0.138673 0.115486 0.108106 0.141831 0.161599 0.125236 0.096596 0.111441 0.106627 0.121532 0.089984 0.100461 0.136583 0.119136 0.130207 0.152007 0.111197 0.040264 0.090747 0.043499 0.076677 0.076213 0.064496
3000.000142 14.222534 0.046958 0.033177 0.072347 0.101292 0.016866 0.057784 0.119718 0.100005 0.122106 0.031149 0.047573 0.136172 0.111966 0.105267 0.141254 0.161158 0.123531 0.095684 0.111155 0.107683 0.123372 0.088666 0.102511 0.136473 0.121287 0.130321 0.150128 0.108755 0.037820 0.090206 0.038633 0.072941 0.071950 0.059333
4000.000190 9.666933 0.048733 0.033801 0.070150 0.098365 0.013905 0.060417 0.118616 0.100684 0.120591 0.033917 0.044568 0.135802 0.111829 0.106293 0.142425 0.162025 0.123817 0.095316 0.110528 0.108859 0.122966 0.087811 0.103494 0.135214 0.120513 0.128967 0.149690 0.107620 0.039425 0.087133 0.038750 0.073896 0.071592 0.060497
5000.000237 6.308964 0.050329 0.037468 0.075354 0.104277 0.011233 0.057797 0.121737 0.101042 0.125489 0.036355 0.049335 0.137815 0.114412 0.107249 0.140778 0.162202 0.124138 0.098136 0.113361 0.106424 0.121034 0.090894 0.100341 0.138547 0.120649 0.131896 0.152370 0.110042 0.037335 0.093049 0.042086 0.074431 0.074106 0.060967
6000.000285 8.042422 0.048451 0.035342 0.074481 0.102896 0.012683 0.057169 0.120810 0.100418 0.124069 0.034626 0.048555 0.136406 0.112554 0.105534 0.140421 0.161381 0.122967 0.095916 0.111830 0.106031 0.122900 0.088717 0.101339 0.137335 0.120799 0.130880 0.150739 0.109089 0.036574 0.091929 0.040023 0.073449 0.072699 0.059969
7000.000332 5.503167 0.055962 0.041036 0.073870 0.100931 0.010491 0.065001 0.122804 0.105440 0.125319 0.034478 0.040863 0.143140 0.119167 0.111823 0.146215 0.165258 0.129982 0.099163 0.113354 0.110752 0.123967 0.094606 0.104040 0.138327 0.120641 0.129681 0.154837 0.116125 0.038664 0.089853 0.047597 0.081574 0.080372 0.068994
8000.000380 9.393599 0.054724 0.034920 0.068222 0.098219 0.013707 0.059983 0.116478 0.099320 0.119052 0.043856 0.047732 0.137429 0.116038 0.109800 0.140616 0.159526 0.124835 0.098067 0.111259 0.107127 0.116176 0.090687 0.098641 0.134289 0.118181 0.130311 0.151250 0.109081 0.045425 0.086964 0.043255 0.074179 0.074786 0.061578
9000.000427 12.301105 0.048247 0.041692 0.080232 0.105067 0.015685 0.049300 0.116021 0.093129 0.123283 0.039702 0.056633 0.133662 0.111603 0.106333 0.135277 0.156556 0.120967 0.100850 0.115682 0.104854 0.120290 0.092293 0.099655 0.139414 0.121643 0.133922 0.148174 0.105950 0.032324 0.096130 0.043398 0.067883 0.069740 0.055569
10000.000475 18.073425 0.047859 0.030737 0.070700 0.100804 0.019012 0.062604 0.122540 0.104639 0.123081 0.027641 0.043608 0.138676 0.113540 0.106657 0.145117 0.164681 0.126122 0.094048 0.110353 0.110336 0.126902 0.087987 0.105920 0.136698 0.122971 0.130080 0.152494 0.111158 0.039669 0.088716 0.038192 0.076812 0.074332 0.062403
11000.000522 11.169619 0.049919 0.040899 0.078319 0.104456 0.014946 0.056774 0.121270 0.100264 0.125971 0.031971 0.048838 0.139024 0.114993 0.108457 0.142148 0.162769 0.126176 0.100193 0.115532 0.109328 0.125140 0.092935 0.104213 0.140744 0.123309 0.133374 0.152834 0.111395 0.031711 0.094808 0.045059 0.074345 0.075276 0.062186
12000.000570 9.949007 0.048889 0.032419 0.071251 0.100798 0.014106 0.057654 0.118659 0.099607 0.121349 0.036580 0.048064 0.136248 0.113189 0.107053 0.140957 0.160959 0.123665 0.096493 0.111814 0.107702 0.121557 0.088905 0.101685 0.136550 0.121287 0.131440 0.150665 0.108062 0.039943 0.089426 0.039122 0.072396 0.072048 0.058762
13000.000617 5.334110 0.051462 0.040912 0.078076 0.105211 0.010329 0.058990 0.122945 0.102117 0.127401 0.035464 0.047534 0.139469 0.115508 0.108225 0.142536 0.163671 0.125780 0.099178 0.115177 0.108102 0.125166 0.092400 0.103159 0.140839 0.122443 0.132686 0.153108 0.112233 0.034185 0.094751 0.044774 0.076293 0.076392 0.064039
14000.000665 9.333167 0.052372 0.036611 0.072224 0.102316 0.013662 0.059462 0.118794 0.099753 0.122771 0.042560 0.049808 0.136197 0.114008 0.107536 0.139893 0.160298 0.123168 0.097720 0.112492 0.106418 0.119405 0.088850 0.099839 0.136850 0.120112 0.132483 0.151325 0.107261 0.043365 0.091292 0.041153 0.072991 0.073070 0.060506
15000.000712 10.152459 0.048386 0.032271 0.070505 0.099363 0.014250 0.060532 0.119138 0.100997 0.121206 0.035556 0.045204 0.134265 0.110243 0.104234 0.141132 0.161222 0.121746 0.092894 0.109440 0.107202 0.124384 0.084620 0.103466 0.134970 0.120756 0.129296 0.148838 0.106046 0.040391 0.088057 0.036682 0.073216 0.070673 0.059983
16000.000760 9.885230 0.058965 0.042109 0.071880 0.098929 0.014061 0.068003 0.123255 0.107386 0.124469 0.038193 0.037886 0.145266 0.121660 0.114042 0.148362 0.166358 0.132061 0.099636 0.113144 0.111902 0.123276 0.096295 0.104093 0.137529 0.119639 0.128377 0.155875 0.118868 0.042024 0.087664 0.050675 0.084480 0.083681 0.071962
17000.000807 12.276384 0.052407 0.033729 0.070343 0.100766 0.015669 0.061547 0.121773 0.103575 0.122985 0.037085 0.045442 0.140632 0.117205 0.109348 0.143712 0.162924 0.127140 0.096248 0.110361 0.107574 0.120254 0.091222 0.100057 0.135401 0.118897 0.129255 0.153587 0.113828 0.042230 0.088720 0.043335 0.077845 0.077675 0.064088
18000.000855 8.464801 0.053302 0.047062 0.083864 0.109115 0.013011 0.055998 0.123546 0.100573 0.130471 0.037558 0.052614 0.140021 0.116633 0.108683 0.139992 0.162166 0.125634 0.102202 0.117490 0.106312 0.123994 0.095406 0.101275 0.142996 0.122260 0.134421 0.153638 0.113454 0.029819 0.099953 0.049600 0.076061 0.077958 0.064819
19000.000902 4.769033 0.053604 0.041302 0.077101 0.104890 0.009766 0.056958 0.120401 0.099584 0.125708 0.039683 0.050645 0.139160 0.116729 0.109004 0.139497 0.160177 0.125235 0.100204 0.114289 0.105365 0.119222 0.093695 0.098371 0.138789 0.119488 0.132422 0.152738 0.112039 0.037175 0.094620 0.046222 0.075310 0.076586 0.063177
20000.000950 8.744874 0.056658 0.050326 0.084352 0.108033 0.013225 0.054291 0.119962 0.097200 0.128124 0.042795 0.055484 0.138807 0.116992 0.109566 0.136980 0.158824 0.124519 0.104733 0.118579 0.104962 0.120255 0.097997 0.099049 0.142228 0.120718 0.134307 0.151537 0.112733 0.031605 0.099779 0.052289 0.075133 0.077894 0.064679
21000.000997 11.210415 0.049836 0.047322 0.085322 0.109417 0.014974 0.049896 0.118978 0.094484 0.128019 0.041086 0.057860 0.133807 0.111510 0.105398 0.134660 0.157497 0.120185 0.102399 0.118546 0.104442 0.123500 0.092830 0.100864 0.143186 0.123413 0.136204 0.148742 0.106246 0.028462 0.101389 0.046706 0.068980 0.071520 0.058275
22000.001045 15.214668 0.045415 0.032658 0.074061 0.104148 0.017444 0.056995 0.121758 0.100866 0.124538 0.034878 0.050001 0.135495 0.111390 0.105400 0.141833 0.163363 0.122720 0.096662 0.113844 0.108810 0.125524 0.087444 0.104339 0.139713 0.124406 0.133907 0.151413 0.106742 0.037950 0.092757 0.037262 0.071069 0.070790 0.057283
23000.001092 6.402514 0.050549 0.037029 0.072853 0.099523 0.011316 0.059444 0.117449 0.099163 0.121191 0.038271 0.046449 0.135658 0.112452 0.107300 0.141116 0.160646 0.123521 0.096734 0.112107 0.108195 0.123323 0.089087 0.103303 0.136398 0.120981 0.130311 0.149150 0.107435 0.038710 0.089070 0.040539 0.073424 0.071927 0.060810
24000.001140 4.611675 0.052545 0.036581 0.073341 0.102144 0.009604 0.059254 0.120226 0.100854 0.123669 0.038272 0.047824 0.137566 0.114457 0.107368 0.140842 0.161524 0.124034 0.097116 0.112104 0.106298 0.120752 0.089557 0.100536 0.136952 0.119952 0.131266 0.151939 0.109549 0.040034 0.091010 0.041497 0.074560 0.074002 0.061840
25000.001187 6.244898 0.065538 0.046524 0.073153 0.101822 0.011176 0.066060 0.120699 0.104197 0.124632 0.050798 0.047193 0.143869 0.123709 0.114597 0.141229 0.159784 0.129170 0.101924 0.112849 0.104948 0.111854 0.097686 0.094015 0.135423 0.113873 0.129111 0.155186 0.117684 0.047930 0.090933 0.054647 0.083542 0.085014 0.072423
26000.001235 9.161940 0.051985 0.045992 0.082554 0.106390 0.013537 0.052130 0.118244 0.095620 0.125942 0.038255 0.054341 0.137123 0.114755 0.108279 0.137035 0.158196 0.123816 0.102809 0.117407 0.105986 0.122028 0.095610 0.100648 0.141505 0.122045 0.134207 0.150253 0.110355 0.029681 0.097904 0.048224 0.072321 0.074590 0.061175
27000.001282 7.397897 0.050996 0.040402 0.077308 0.104133 0.012164 0.053039 0.118363 0.096560 0.123929 0.038694 0.052669 0.136633 0.114271 0.107417 0.137717 0.158705 0.123168 0.100266 0.114481 0.105125 0.118896 0.092727 0.098543 0.138519 0.120001 0.132642 0.150635 0.109241 0.035068 0.094443 0.044824 0.071489 0.073466 0.059266
28000.001330 8.417726 0.051175 0.043293 0.080568 0.105786 0.012975 0.055342 0.120723 0.099017 0.126565 0.034405 0.051312 0.138642 0.115116 0.108326 0.140161 0.161238 0.125238 0.101182 0.116221 0.107498 0.123916 0.094384 0.102507 0.141115 0.122597 0.133465 0.151890 0.111699 0.030731 0.096307 0.046190 0.074296 0.075250 0.062148
29000.001377 10.335939 0.061004 0.037445 0.065962 0.096102 0.014378 0.070169 0.121303 0.107577 0.121436 0.043200 0.036981 0.144198 0.121495 0.113419 0.147488 0.164418 0.130948 0.096095 0.108947 0.109816 0.119712 0.092258 0.101306 0.133168 0.116695 0.126814 0.155469 0.117211 0.049022 0.083826 0.048133 0.084355 0.083119 0.072080
30000.001425 28.707321 0.038495 0.037691 0.081719 0.106955 0.023961 0.049417 0.118416 0.094496 0.124733 0.035047 0.057479 0.130236 0.106104 0.102902 0.137760 0.159388 0.118970 0.098230 0.116957 0.109030 0.129926 0.086797 0.107401 0.142590 0.128254 0.136773 0.146873 0.100833 0.030510 0.097831 0.036614 0.063926 0.064297 0.050652
31000.001472 3.021797 0.058558 0.039203 0.069720 0.098455 0.007774 0.062895 0.118156 0.101566 0.120790 0.044260 0.044906 0.139380 0.117798 0.110140 0.140591 0.159367 0.125690 0.097657 0.110194 0.105194 0.115216 0.092330 0.096782 0.133443 0.115263 0.127619 0.151406 0.112654 0.044581 0.087240 0.046682 0.078623 0.078542 0.066461
32000.001520 7.628322 0.055008 0.034739 0.068061 0.097186 0.012352 0.064944 0.119976 0.104167 0.120585 0.036229 0.040972 0.139509 0.116228 0.108530 0.142981 0.161328 0.126321 0.094063 0.107669 0.106838 0.119384 0.090395 0.099883 0.132319 0.116355 0.125277 0.151019 0.113417 0.043487 0.084884 0.043338 0.080367 0.077593 0.066627
33000.001567 15.653850 0.051141 0.029639 0.066515 0.098617 0.017694 0.062851 0.120221 0.103379 0.120418 0.034973 0.043814 0.139168 0.115533 0.108612 0.144894 0.163779 0.126687 0.095833 0.110545 0.110150 0.122108 0.089268 0.103143 0.135390 0.121216 0.130362 0.153099 0.111088 0.044890 0.086166 0.039605 0.076386 0.075217 0.062569
34000.001615 6.116873 0.056607 0.042132 0.075896 0.103659 0.011061 0.059623 0.121010 0.101444 0.125137 0.037965 0.048902 0.140985 0.118546 0.110279 0.140662 0.160853 0.126918 0.100795 0.113763 0.106149 0.117829 0.095665 0.098330 0.137856 0.118468 0.130798 0.153521 0.114535 0.038836 0.092897 0.048147 0.078352 0.078812 0.065844
35000.001662 7.282913 0.053364 0.037655 0.072059 0.100121 0.012069 0.062770 0.121969 0.104182 0.123671 0.034174 0.042588 0.141457 0.117562 0.110494 0.145134 0.164403 0.128478 0.098036 0.112052 0.109748 0.122147 0.093099 0.102614 0.136843 0.119804 0.128944 0.153744 0.114521 0.038537 0.088654 0.045232 0.079313 0.078393 0.066097
36000.001710 15.684067 0.048058 0.036114 0.076946 0.106837 0.017711 0.054507 0.122085 0.099822 0.125981 0.034950 0.053698 0.136149 0.112648 0.105445 0.139575 0.161968 0.122367 0.098960 0.115523 0.106892 0.123573 0.090231 0.102323 0.141087 0.124302 0.135527 0.152084 0.108151 0.036997 0.095959 0.040278 0.071288 0.072024 0.057600
37000.001757 3.582541 0.052340 0.038898 0.075219 0.102920 0.008465 0.057757 0.119896 0.099979 0.124273 0.038563 0.048506 0.138265 0.115542 0.108803 0.140721 0.161293 0.124976 0.099118 0.113907 0.107004 0.120844 0.092026 0.100590 0.138439 0.120569 0.131983 0.152075 0.110486 0.037450 0.092267 0.044098 0.074650 0.074994 0.062117
38000.001805 7.799078 0.052644 0.039391 0.075943 0.105063 0.012489 0.058829 0.122948 0.102414 0.126522 0.035838 0.048497 0.140103 0.116783 0.108442 0.141357 0.162392 0.125976 0.099085 0.113646 0.106437 0.120637 0.093184 0.099573 0.138942 0.120074 0.131724 0.153735 0.113418 0.036787 0.094018 0.045652 0.076996 0.077741 0.064138
39000.001852 2.169849 0.056746 0.040060 0.071947 0.100019 0.006588 0.064060 0.120450 0.103268 0.123582 0.040157 0.042429 0.140221 0.117278 0.109514 0.142744 0.161846 0.126654 0.096996 0.111001 0.107006 0.120520 0.091363 0.100289 0.135621 0.117753 0.128723 0.152544 0.113083 0.041909 0.089187 0.046171 0.079351 0.078563 0.067516
40000.001900 9.640246 0.048491 0.034700 0.072666 0.100599 0.013885 0.058121 0.118782 0.099610 0.121901 0.036687 0.046809 0.135878 0.112534 0.106539 0.140867 0.160661 0.123425 0.095853 0.111548 0.107575 0.123010 0.088621 0.102189 0.136522 0.120844 0.130268 0.149668 0.108210 0.037785 0.089807 0.040470 0.073090 0.072607 0.060160
41000.001947 16.421979 0.051108 0.036104 0.073387 0.101824 0.018123 0.062439 0.122729 0.104521 0.124331 0.030525 0.044625 0.141037 0.116632 0.109036 0.144523 0.163505 0.128040 0.096268 0.111106 0.109207 0.124515 0.092585 0.103247 0.136846 0.120943 0.129025 0.153060 0.115090 0.038468 0.090071 0.043948 0.079553 0.077916 0.065561
42000.001995 9.938842 0.058799 0.033429 0.063225 0.094976 0.014099 0.066796 0.118875 0.104529 0.118391 0.041190 0.040128 0.141339 0.119077 0.110640 0.143980 0.161046 0.127887 0.095062 0.107074 0.106951 0.115091 0.091271 0.097515 0.130593 0.114440 0.125258 0.152841 0.114708 0.049675 0.082072 0.045044 0.081389 0.079839 0.068095
43000.002042 11.286954 0.047860 0.037610 0.078414 0.106700 0.015025 0.055666 0.122969 0.100825 0.127232 0.032937 0.051265 0.137328 0.113316 0.105952 0.140292 0.162357 0.123503 0.097985 0.114575 0.106655 0.124373 0.090776 0.102091 0.140679 0.123104 0.133420 0.152167 0.109983 0.033858 0.095784 0.041771 0.073509 0.073393 0.059939
44000.002090 15.475960 0.043135 0.036865 0.078927 0.105786 0.017593 0.053818 0.120760 0.098354 0.125735 0.029317 0.051649 0.134679 0.110018 0.104877 0.140859 0.162335 0.122537 0.098429 0.116109 0.109736 0.128649 0.088799 0.106766 0.142087 0.126684 0.135420 0.150370 0.105722 0.030993 0.095852 0.038148 0.069242 0.068868 0.056122
45000.002137 14.786775 0.043807 0.035205 0.075639 0.101580 0.017197 0.053283 0.115634 0.094994 0.120774 0.033720 0.051466 0.131999 0.108434 0.104545 0.138652 0.158626 0.120817 0.097001 0.113782 0.108726 0.126152 0.087113 0.105459 0.138398 0.124589 0.133372 0.147103 0.102608 0.034689 0.091979 0.036552 0.067142 0.066275 0.054259
46000.002185 5.272309 0.056301 0.040004 0.074360 0.102831 0.010269 0.063100 0.123494 0.104895 0.126160 0.037281 0.044024 0.142160 0.118883 0.109854 0.142871 0.162712 0.127734 0.097340 0.111405 0.106225 0.120288 0.093370 0.099112 0.136807 0.117742 0.128690 0.154231 0.116223 0.039657 0.091416 0.047714 0.081193 0.080800 0.068491
47000.002232 18.429489 0.055810 0.033024 0.066639 0.098418 0.019199 0.066886 0.121870 0.106000 0.121821 0.042837 0.042142 0.140064 0.117181 0.109296 0.144969 0.163749 0.126779 0.093772 0.108536 0.108218 0.120840 0.087920 0.101037 0.133760 0.118250 0.128195 0.153652 0.112660 0.048710 0.085836 0.043500 0.079964 0.078827 0.067105
48000.002280 9.048545 0.049841 0.034473 0.073259 0.102718 0.013453 0.057750 0.119532 0.099787 0.123189 0.039681 0.049978 0.135971 0.113225 0.107317 0.140563 0.161537 0.123120 0.097417 0.113256 0.107442 0.121818 0.088611 0.101845 0.138086 0.122122 0.133172 0.151456 0.106961 0.040648 0.091481 0.039355 0.071995 0.071655 0.058683
49000.002327 8.388988 0.059006 0.036067 0.066061 0.096284 0.012953 0.065857 0.118347 0.103682 0.119410 0.042735 0.041055 0.141094 0.119080 0.111799 0.144443 0.162354 0.128066 0.097424 0.110826 0.109265 0.118954 0.091681 0.101343 0.134301 0.118454 0.129186 0.153563 0.113232 0.047729 0.084638 0.045868 0.079912 0.079434 0.067604
50000.002375 6.361525 0.055844 0.036135 0.070405 0.100215 0.011280 0.062164 0.120946 0.103402 0.122731 0.038415 0.044502 0.141480 0.118859 0.110912 0.143122 0.162272 0.127816 0.097882 0.111233 0.107428 0.117994 0.093090 0.099144 0.135519 0.118030 0.129246 0.154159 0.114469 0.042544 0.088330 0.045600 0.079020 0.078946 0.065702
51000.002422 5.021017 0.060595 0.040877 0.070642 0.100015 0.010021 0.063345 0.119887 0.102894 0.122600 0.044931 0.045455 0.142066 0.120830 0.111793 0.140800 0.159137 0.127715 0.098684 0.110008 0.104332 0.112622 0.094519 0.094156 0.133295 0.113530 0.127398 0.153634 0.115970 0.045128 0.088788 0.050127 0.080766 0.081986 0.068789
52000.002470 3.899211 0.057970 0.037652 0.067824 0.097142 0.008831 0.064401 0.118812 0.102919 0.120354 0.041396 0.042346 0.140342 0.118206 0.110394 0.142269 0.160440 0.126895 0.096866 0.109016 0.106231 0.115290 0.092271 0.097303 0.132439 0.114770 0.126171 0.152054 0.113621 0.045112 0.085332 0.046149 0.079886 0.078934 0.067118
53000.002517 7.718283 0.050792 0.033311 0.071659 0.101679 0.012424 0.059693 0.120785 0.101921 0.123220 0.035232 0.046498 0.138562 0.115091 0.107958 0.142375 0.162499 0.125368 0.096456 0.111688 0.107766 0.121899 0.089715 0.101638 0.136929 0.120960 0.131292 0.152789 0.110589 0.040310 0.090001 0.040532 0.075164 0.074454 0.061647
54000.002565 7.009921 0.055420 0.036645 0.071203 0.101100 0.011841 0.062507 0.121856 0.104033 0.123754 0.039023 0.044468 0.141298 0.118541 0.110463 0.143232 0.162818 0.127474 0.097525 0.111455 0.107302 0.119154 0.092442 0.099552 0.136187 0.118451 0.129601 0.154275 0.114332 0.042044 0.089328 0.045622 0.079200 0.079240 0.065994
55000.002612 6.207559 0.052325 0.041323 0.078326 0.105272 0.011142 0.054754 0.119789 0.098205 0.125383 0.038073 0.052064 0.137440 0.114886 0.107330 0.137844 0.159080 0.123519 0.099807 0.114316 0.104662 0.119837 0.092822 0.098725 0.138936 0.119958 0.132421 0.151226 0.110578 0.034606 0.095356 0.045397 0.073581 0.075001 0.061562
56000.002660 7.862368 0.050851 0.037159 0.073495 0.101830 0.012540 0.063443 0.123251 0.104849 0.125473 0.032117 0.042449 0.139926 0.115122 0.108454 0.145581 0.165728 0.127099 0.096708 0.112610 0.110502 0.126211 0.090215 0.105364 0.138531 0.122266 0.130508 0.153450 0.112031 0.037756 0.090340 0.042102 0.078098 0.076049 0.064995
57000.002707 2.685249 0.056205 0.038620 0.071631 0.100689 0.007328 0.060864 0.119709 0.101391 0.122718 0.041817 0.046487 0.139320 0.117155 0.108969 0.140326 0.159942 0.125267 0.097523 0.110558 0.104556 0.116148 0.091925 0.096489 0.134565 0.115915 0.128461 0.151987 0.112653 0.042244 0.089474 0.045736 0.077559 0.077813 0.065196
58000.002755 6.441010 0.051772 0.037719 0.075987 0.104986 0.011350 0.057822 0.121159 0.100675 0.125616 0.038492 0.050209 0.137593 0.114488 0.107061 0.140104 0.161307 0.123720 0.097792 0.113660 0.105950 0.122627 0.089926 0.101040 0.139082 0.121709 0.133477 0.152358 0.109693 0.038588 0.094187 0.041961 0.074081 0.074276 0.061547
59000.002802 9.642171 0.049684 0.032839 0.070432 0.099549 0.013887 0.060107 0.119549 0.101499 0.121328 0.032235 0.044408 0.138179 0.114405 0.108064 0.143255 0.162611 0.125757 0.096578 0.111807 0.109547 0.123267 0.090363 0.103606 0.136677 0.121651 0.130304 0.151600 0.110450 0.039179 0.088011 0.040333 0.075341 0.074038 0.061542
60000.002850 6.588683 0.057050 0.039279 0.073759 0.103567 0.011479 0.060676 0.122423 0.103263 0.125434 0.039457 0.047696 0.142590 0.120108 0.111303 0.142502 0.162587 0.128183 0.100078 0.113488 0.106710 0.118031 0.095019 0.098331 0.137919 0.118947 0.131667 0.155677 0.115772 0.041614 0.092132 0.047863 0.079111 0.080225 0.066428
61000.002897 3.451847 0.056722 0.046934 0.081017 0.107080 0.008309 0.058760 0.122601 0.101367 0.128836 0.041323 0.050958 0.141003 0.118382 0.110319 0.140273 0.161711 0.126467 0.102409 0.116382 0.105776 0.120519 0.096277 0.099171 0.140974 0.119834 0.132950 0.153853 0.114458 0.034743 0.097403 0.050391 0.077996 0.079512 0.066642
62000.002945 5.814724 0.054730 0.034251 0.067063 0.096963 0.010784 0.064379 0.119431 0.103448 0.120330 0.037464 0.040999 0.139522 0.116354 0.109208 0.143789 0.162317 0.126665 0.095520 0.109010 0.108179 0.119108 0.089864 0.100588 0.133325 0.117398 0.127204 0.152142 0.111965 0.044129 0.084896 0.042695 0.078582 0.076815 0.065479
63000.002992 11.389717 0.046686 0.037932 0.078586 0.106134 0.015093 0.054604 0.119798 0.097966 0.125649 0.037615 0.052661 0.134558 0.111273 0.105867 0.139201 0.160609 0.121971 0.098484 0.115660 0.107725 0.125883 0.088610 0.103957 0.141246 0.124920 0.135676 0.150337 0.105478 0.034633 0.096126 0.039714 0.069570 0.070151 0.057193
64000.003040 16.114349 0.061504 0.033481 0.060291 0.092977 0.017952 0.070604 0.118156 0.106211 0.116611 0.043646 0.038942 0.142012 0.119832 0.111782 0.145954 0.162296 0.128877 0.094856 0.106874 0.108791 0.116643 0.091329 0.099967 0.129986 0.115454 0.125346 0.153153 0.115200 0.053868 0.079559 0.045085 0.083574 0.080770 0.070147
65000.003087 9.722200 0.051798 0.033241 0.069717 0.099164 0.013944 0.063732 0.121865 0.104754 0.122684 0.031485 0.041232 0.141037 0.116487 0.109771 0.146695 0.165768 0.128417 0.096428 0.111535 0.111333 0.124835 0.090705 0.105282 0.136837 0.121934 0.129984 0.154163 0.113066 0.040978 0.087097 0.041282 0.078293 0.076416 0.064634
66000.003135 10.271088 0.051778 0.032051 0.069164 0.100299 0.014333 0.063635 0.122624 0.104865 0.123389 0.035680 0.042728 0.139969 0.115794 0.108084 0.144999 0.164701 0.126534 0.094753 0.109972 0.108501 0.122635 0.088391 0.102229 0.135699 0.119952 0.129533 0.153903 0.112129 0.043188 0.087974 0.040302 0.077628 0.076378 0.064114
67000.003182 17.669277 0.044427 0.037045 0.078675 0.105385 0.018799 0.054569 0.121443 0.099548 0.125727 0.029701 0.051678 0.136560 0.111847 0.106262 0.141847 0.163037 0.124146 0.098421 0.115365 0.109627 0.127888 0.090400 0.106042 0.141247 0.125693 0.134355 0.151450 0.108583 0.031306 0.095165 0.040229 0.071454 0.071161 0.057777
68000.003230 6.611478 0.053350 0.034829 0.071822 0.102084 0.011499 0.062289 0.122362 0.104124 0.124421 0.036074 0.044479 0.140223 0.116593 0.108586 0.143574 0.163622 0.126427 0.096263 0.111714 0.107781 0.122989 0.090245 0.102070 0.137348 0.120835 0.131095 0.153893 0.112847 0.041277 0.090260 0.042271 0.077956 0.077139 0.064754
69000.003277 4.337924 0.053452 0.036680 0.072956 0.102028 0.009314 0.060108 0.120814 0.101870 0.123900 0.039435 0.047073 0.138577 0.115727 0.108251 0.141035 0.161537 0.124767 0.096847 0.111603 0.105860 0.119797 0.090494 0.099435 0.136458 0.118978 0.130360 0.152380 0.111145 0.040532 0.090650 0.043058 0.076209 0.075760 0.063156
70000.003325 12.706568 0.048558 0.031964 0.071493 0.101199 0.015941 0.057742 0.119181 0.100132 0.121610 0.035946 0.048166 0.136170 0.112910 0.106663 0.141090 0.161252 0.123472 0.096027 0.112015 0.107902 0.123043 0.088365 0.102747 0.137039 0.122248 0.131954 0.150787 0.108084 0.039825 0.089940 0.038902 0.072507 0.072233 0.058788
71000.003372 2.882014 0.054740 0.040385 0.075182 0.103367 0.007592 0.061413 0.122537 0.103237 0.126350 0.037053 0.045374 0.141350 0.118048 0.110170 0.143268 0.163486 0.127632 0.099188 0.113578 0.107920 0.121567 0.093253 0.100945 0.138706 0.119996 0.131261 0.154590 0.113937 0.038405 0.092463 0.046456 0.078531 0.078487 0.066317
72000.003420 6.510296 0.062674 0.039100 0.066968 0.098465 0.011411 0.068728 0.122210 0.107343 0.122586 0.044532 0.041402 0.144331 0.122157 0.112643 0.144888 0.162964 0.129732 0.097317 0.108869 0.106338 0.114531 0.093798 0.096454 0.132637 0.113973 0.126581 0.155756 0.118058 0.049407 0.085852 0.049266 0.084534 0.083815 0.071894
73000.003467 6.254290 0.055682 0.034730 0.067101 0.096565 0.011184 0.063235 0.117742 0.101937 0.119200 0.039798 0.042358 0.139983 0.117648 0.110620 0.142918 0.160454 0.127276 0.096590 0.109339 0.107717 0.117513 0.091904 0.099280 0.132906 0.116772 0.127290 0.151792 0.113011 0.044377 0.084769 0.044163 0.078404 0.077657 0.065433
74000.003515 5.184888 0.053526 0.037261 0.072893 0.101579 0.010183 0.059318 0.120509 0.101453 0.123324 0.036911 0.046916 0.139799 0.116879 0.109630 0.142062 0.162249 0.126269 0.099062 0.113088 0.107531 0.119436 0.093019 0.100249 0.137349 0.119764 0.130849 0.153112 0.112363 0.039461 0.090287 0.044257 0.076331 0.076370 0.063000
75000.003562 10.106241 0.050017 0.034643 0.071802 0.100038 0.014217 0.058554 0.117512 0.099019 0.120833 0.039925 0.048627 0.134664 0.112066 0.106509 0.139389 0.159361 0.122255 0.095507 0.110637 0.106361 0.120564 0.087506 0.100829 0.135069 0.119717 0.130082 0.149074 0.106343 0.040806 0.089047 0.039618 0.072539 0.071318 0.059252
76000.003610 10.393444 0.050632 0.038918 0.076770 0.104186 0.014418 0.058820 0.122448 0.102255 0.126224 0.033172 0.047339 0.140683 0.116666 0.109787 0.143725 0.163986 0.127622 0.099396 0.114713 0.109617 0.124812 0.093191 0.103818 0.140178 0.122861 0.132748 0.154215 0.113224 0.034394 0.093559 0.044782 0.076300 0.076845 0.063500
77000.003657 9.925304 0.050104 0.033099 0.071525 0.102161 0.014089 0.058437 0.121091 0.101375 0.123045 0.036562 0.048442 0.137308 0.114044 0.106282 0.140493 0.161267 0.123556 0.095837 0.110582 0.105473 0.119202 0.089389 0.098718 0.135692 0.118897 0.129754 0.151475 0.110259 0.040536 0.090195 0.040518 0.074554 0.074160 0.060656
78000.003705 9.239594 0.048891 0.035832 0.074234 0.102483 0.013594 0.060047 0.122252 0.102657 0.124913 0.030433 0.045432 0.139248 0.114646 0.107945 0.144066 0.164278 0.126431 0.097231 0.112773 0.109588 0.124891 0.090648 0.104099 0.138512 0.122202 0.131081 0.153014 0.111450 0.036105 0.091131 0.041235 0.075929 0.074702 0.062477
79000.003752 16.523377 0.047568 0.031529 0.071563 0.100997 0.018179 0.055792 0.118221 0.098399 0.120875 0.037996 0.050790 0.135264 0.112440 0.106705 0.140157 0.160441 0.122877 0.096532 0.111734 0.107313 0.120577 0.088326 0.101166 0.136158 0.121284 0.131771 0.150508 0.106830 0.040600 0.089754 0.038469 0.070393 0.070653 0.056509
80000.003800 8.029410 0.053087 0.039578 0.074320 0.101012 0.012672 0.064662 0.123384 0.105450 0.125549 0.032235 0.040963 0.141290 0.116437 0.109504 0.146298 0.165878 0.128324 0.097101 0.112411 0.110660 0.126295 0.091802 0.105447 0.138089 0.121378 0.129175 0.153577 0.114144 0.037559 0.089788 0.044696 0.080096 0.077899 0.067244
81000.003847 7.058392 0.050558 0.038146 0.076374 0.104840 0.011881 0.055297 0.119886 0.098639 0.124793 0.038914 0.052120 0.136737 0.114195 0.107276 0.138687 0.159997 0.123209 0.098966 0.113965 0.105361 0.119918 0.091427 0.099128 0.138678 0.120675 0.132856 0.151386 0.109067 0.037352 0.094106 0.042590 0.072700 0.073242 0.059750
82000.003895 11.086831 0.051381 0.033242 0.070917 0.102250 0.014891 0.065326 0.125913 0.107716 0.126197 0.032098 0.041563 0.140933 0.115875 0.107971 0.146878 0.167801 0.127319 0.095130 0.111372 0.110179 0.125497 0.088661 0.104618 0.138049 0.122018 0.130433 0.155428 0.113050 0.041652 0.089453 0.040707 0.079424 0.077147 0.065533
83000.003942 5.798281 0.050856 0.038842 0.076636 0.104208 0.010769 0.055489 0.119120 0.098303 0.124411 0.037478 0.051090 0.137555 0.114842 0.108574 0.140038 0.160813 0.124562 0.100243 0.115252 0.107477 0.121751 0.092258 0.101557 0.139760 0.122313 0.134026 0.152048 0.109190 0.036190 0.093960 0.042835 0.072396 0.073261 0.059894
84000.003990 9.171544 0.049363 0.037051 0.075652 0.103930 0.013544 0.055126 0.120104 0.099095 0.124160 0.035797 0.050443 0.136774 0.113742 0.106585 0.139099 0.160168 0.123294 0.098012 0.113207 0.105832 0.120978 0.090799 0.100047 0.138214 0.120799 0.132037 0.151063 0.109536 0.035377 0.093421 0.042590 0.072683 0.073706 0.059609
85000.004037 11.294642 0.047031 0.038569 0.079395 0.107096 0.015030 0.054327 0.121754 0.099209 0.127045 0.035215 0.052993 0.135816 0.111955 0.105078 0.138948 0.160995 0.122138 0.097816 0.114453 0.105711 0.124469 0.089248 0.101885 0.140459 0.122992 0.134089 0.151137 0.107984 0.033236 0.096786 0.040792 0.071389 0.071816 0.058319
86000.004085 7.316752 0.055181 0.043158 0.076984 0.103101 0.012097 0.054278 0.115528 0.095009 0.122075 0.044490 0.054487 0.136025 0.115049 0.108803 0.136215 0.156632 0.122755 0.101882 0.115162 0.104671 0.116708 0.094023 0.097739 0.137813 0.119293 0.133078 0.149613 0.108340 0.039305 0.093802 0.046381 0.071696 0.073521 0.060210
87000.004132 15.460658 0.051700 0.033700 0.072441 0.103850 0.017584 0.060580 0.122647 0.103236 0.124947 0.036887 0.048422 0.139140 0.115540 0.108190 0.143744 0.164647 0.125749 0.097734 0.113956 0.109426 0.124381 0.089182 0.104096 0.139584 0.123985 0.134797 0.154922 0.110264 0.042761 0.092267 0.040543 0.074822 0.075032 0.061931
88000.004180 10.783750 0.051578 0.034993 0.071597 0.100881 0.014686 0.062607 0.122553 0.104545 0.123751 0.029757 0.042733 0.140477 0.116084 0.108278 0.144310 0.163827 0.127197 0.095992 0.110811 0.108891 0.123275 0.091211 0.102842 0.136490 0.120312 0.128838 0.153150 0.113771 0.038811 0.089023 0.042821 0.078917 0.077328 0.064999
89000.004227 9.488530 0.047729 0.039905 0.078204 0.104070 0.013776 0.055788 0.119865 0.098648 0.124865 0.032829 0.049931 0.135844 0.111915 0.105800 0.139614 0.160536 0.123033 0.098250 0.114183 0.107260 0.124607 0.091040 0.102955 0.139370 0.122294 0.131780 0.149557 0.108566 0.031974 0.094155 0.042118 0.072764 0.072040 0.059974
90000.004275 11.011581 0.047533 0.033691 0.073727 0.102691 0.014840 0.057610 0.120599 0.100647 0.123615 0.031433 0.047724 0.137120 0.113041 0.106641 0.142157 0.162600 0.124462 0.096958 0.113181 0.108954 0.125037 0.089201 0.104189 0.138768 0.123423 0.132706 0.151798 0.108878 0.036761 0.091647 0.039135 0.073065 0.072422 0.059605
91000.004322 9.685554 0.058543 0.035444 0.065560 0.096277 0.013918 0.070227 0.122931 0.108790 0.121886 0.036535 0.034659 0.144098 0.120257 0.111770 0.148076 0.165630 0.130649 0.095017 0.108255 0.110067 0.120794 0.091990 0.102044 0.133195 0.116922 0.125356 0.155199 0.117563 0.046878 0.083299 0.046156 0.084896 0.082422 0.071453
92000.004370 6.988508 0.054400 0.038706 0.075372 0.105547 0.011822 0.060063 0.123186 0.103086 0.127032 0.038587 0.048432 0.141029 0.118060 0.109713 0.142499 0.163466 0.126827 0.099589 0.114724 0.107422 0.121781 0.092631 0.100794 0.140164 0.121686 0.134050 0.155487 0.113217 0.040262 0.094385 0.045281 0.077125 0.078163 0.064738
93000.004417 6.115919 0.059402 0.043831 0.075842 0.103778 0.011060 0.059327 0.120577 0.101103 0.125070 0.042539 0.049892 0.142405 0.121041 0.111933 0.139784 0.159430 0.127756 0.101926 0.113968 0.104709 0.114789 0.097911 0.095330 0.137342 0.116629 0.130621 0.154190 0.116751 0.040753 0.093269 0.051611 0.079637 0.081549 0.067573
94000.004465 4.820323 0.053791 0.038384 0.073036 0.101157 0.009819 0.062687 0.121768 0.103779 0.124462 0.033678 0.042780 0.141470 0.117586 0.110329 0.144948 0.164305 0.128381 0.098468 0.113038 0.109883 0.123632 0.092899 0.103532 0.138113 0.121128 0.130715 0.154144 0.114017 0.038608 0.090061 0.044900 0.078918 0.077983 0.066094
95000.004512 14.905173 0.050330 0.028902 0.065439 0.095884 0.017266 0.063837 0.118823 0.103076 0.118563 0.032954 0.041669 0.137431 0.113306 0.107490 0.144913 0.163665 0.125517 0.093992 0.109007 0.110594 0.123164 0.087177 0.104866 0.133695 0.120910 0.128335 0.151211 0.108873 0.044525 0.083480 0.037199 0.075866 0.072768 0.061562
96000.004560 4.707403 0.053727 0.044811 0.079910 0.105695 0.009703 0.057161 0.120819 0.099567 0.127030 0.041003 0.051112 0.139402 0.116651 0.109999 0.140746 0.161732 0.125908 0.102172 0.116664 0.107322 0.122083 0.094979 0.101079 0.140994 0.121331 0.133612 0.152782 0.112053 0.034022 0.096195 0.047779 0.075209 0.076792 0.063925
97000.004607 6.930829 0.054916 0.035424 0.070066 0.100382 0.011774 0.065153 0.123838 0.106529 0.124497 0.035298 0.040705 0.142760 0.118688 0.110637 0.146650 0.166218 0.129066 0.096951 0.111445 0.109754 0.122257 0.091787 0.102565 0.136833 0.119855 0.129407 0.155728 0.115347 0.042404 0.088047 0.044356 0.080662 0.079614 0.067302
98000.004655 3.740248 0.055185 0.041304 0.076069 0.104082 0.008649 0.058931 0.121404 0.101370 0.125832 0.038199 0.048392 0.140831 0.118243 0.110129 0.140971 0.161376 0.126837 0.100348 0.113844 0.106256 0.118596 0.094545 0.098507 0.138349 0.118830 0.131380 0.153963 0.113834 0.037651 0.093415 0.047486 0.077442 0.078449 0.065196
99000.004702 12.846894 0.055047 0.031727 0.065731 0.098236 0.016029 0.065169 0.121102 0.104996 0.120988 0.040960 0.043051 0.140247 0.117540 0.109407 0.143825 0.162428 0.126803 0.094453 0.107796 0.106949 0.117252 0.089382 0.098245 0.132466 0.116403 0.127178 0.153306 0.113183 0.047627 0.085216 0.042869 0.079403 0.078302 0.065720
100000.004750 5.880401 0.055057 0.037369 0.070222 0.098911 0.010845 0.064229 0.119937 0.103144 0.122450 0.039676 0.041608 0.140379 0.117398 0.110605 0.144449 0.162856 0.127741 0.097191 0.111341 0.109295 0.121354 0.091169 0.101924 0.135863 0.119100 0.129322 0.153113 0.112483 0.042819 0.087535 0.044695 0.078594 0.077820 0.066476
101000.004797 6.282837 0.055025 0.041785 0.075695 0.102445 0.011210 0.055522 0.116996 0.096917 0.122377 0.044686 0.052120 0.136478 0.115536 0.108355 0.135994 0.156289 0.122752 0.099509 0.112625 0.102988 0.114998 0.093303 0.095204 0.135812 0.116577 0.130085 0.149378 0.110137 0.038747 0.092644 0.047391 0.073824 0.075689 0.061977
102000.004845 7.047142 0.061754 0.041628 0.070233 0.099797 0.011872 0.066919 0.122608 0.106394 0.124380 0.043705 0.041731 0.145643 0.123464 0.114519 0.145704 0.163410 0.131557 0.099764 0.111205 0.108040 0.115634 0.095837 0.097562 0.134864 0.115234 0.128049 0.157085 0.118857 0.046156 0.088176 0.051616 0.083761 0.084647 0.071815
103000.004892 13.707825 0.053819 0.035369 0.070287 0.099742 0.016558 0.066214 0.123686 0.106971 0.123961 0.028944 0.039860 0.142721 0.117729 0.110009 0.147799 0.166765 0.129652 0.096387 0.111198 0.111586 0.125452 0.091511 0.105753 0.136908 0.121609 0.129322 0.155358 0.115297 0.041898 0.087545 0.043300 0.081209 0.078760 0.067446
104000.004940 9.100120 0.064189 0.041138 0.066998 0.097011 0.013491 0.069971 0.122312 0.108428 0.122110 0.042967 0.038285 0.146757 0.124700 0.115380 0.146666 0.163313 0.132664 0.099166 0.109828 0.108720 0.114691 0.097304 0.097701 0.132998 0.114098 0.125510 0.156538 0.121195 0.048242 0.084662 0.052986 0.087132 0.086802 0.074450
105000.004987 13.081824 0.050199 0.029015 0.067646 0.098831 0.016175 0.063055 0.120471 0.103546 0.120992 0.034984 0.043048 0.137056 0.113028 0.106227 0.143720 0.163338 0.124233 0.093011 0.109479 0.108821 0.124640 0.085793 0.104243 0.135173 0.121635 0.129910 0.151465 0.108774 0.044049 0.086551 0.037059 0.075605 0.073253 0.061707
106000.005035 3.057736 0.059219 0.043909 0.075949 0.103325 0.007820 0.059990 0.120300 0.101061 0.125152 0.044735 0.049582 0.140565 0.119139 0.110746 0.139155 0.159431 0.126025 0.100327 0.112842 0.103928 0.115053 0.094769 0.095594 0.136437 0.116030 0.130178 0.153221 0.114018 0.040759 0.093069 0.050016 0.078190 0.079746 0.066603
107000.005082 7.855100 0.054655 0.035414 0.068916 0.098095 0.012534 0.066354 0.120607 0.104799 0.122115 0.037706 0.039862 0.140024 0.116119 0.109383 0.145839 0.164380 0.127348 0.095054 0.110285 0.110140 0.124632 0.088901 0.104588 0.135441 0.120516 0.129191 0.152906 0.111857 0.044372 0.086369 0.042111 0.079264 0.076805 0.066640
108000.005130 8.951523 0.054856 0.031401 0.065544 0.097515 0.013380 0.064402 0.120044 0.103958 0.120226 0.039778 0.042812 0.139416 0.116532 0.108691 0.143330 0.162151 0.125986 0.094365 0.107896 0.106753 0.117482 0.088756 0.098809 0.132358 0.116632 0.127346 0.152709 0.111952 0.046902 0.084714 0.041344 0.078244 0.076768 0.064615
109000.005177 6.051902 0.053222 0.036156 0.070993 0.100350 0.011002 0.061700 0.120753 0.102841 0.122656 0.037087 0.044551 0.139236 0.116098 0.108198 0.141695 0.161145 0.125607 0.095949 0.109875 0.106049 0.119079 0.091381 0.098723 0.134683 0.117354 0.127670 0.151484 0.113000 0.040674 0.088546 0.044009 0.078243 0.077211 0.064689
110000.005225 16.766470 0.046291 0.044546 0.084933 0.110145 0.018312 0.050551 0.121528 0.096762 0.129270 0.036241 0.056855 0.136555 0.113014 0.107439 0.139212 0.161729 0.123713 0.103239 0.119671 0.108393 0.126283 0.093972 0.103931 0.145067 0.126192 0.137643 0.151884 0.108413 0.026794 0.101222 0.045277 0.069451 0.072137 0.057770
111000.005272 14.192427 0.050395 0.032215 0.070843 0.101814 0.016848 0.063065 0.124424 0.105940 0.124792 0.029920 0.044048 0.140823 0.116045 0.108108 0.145517 0.165718 0.127431 0.095263 0.110355 0.109163 0.123216 0.090029 0.102805 0.136484 0.120766 0.129397 0.154678 0.113621 0.040923 0.089087 0.040861 0.078712 0.076590 0.064183
112000.005320 4.257437 0.057969 0.038896 0.071114 0.101140 0.009228 0.061846 0.119674 0.101980 0.122709 0.042030 0.046766 0.140025 0.118215 0.109564 0.140214 0.159697 0.125790 0.098094 0.111028 0.104744 0.115843 0.092591 0.096583 0.134963 0.116496 0.129526 0.152787 0.113238 0.044210 0.089817 0.046475 0.078460 0.078727 0.066095
113000.005367 5.532753 0.052454 0.040270 0.077155 0.105110 0.010519 0.056619 0.121092 0.100189 0.125884 0.036965 0.050302 0.139534 0.116726 0.109695 0.141114 0.162246 0.126048 0.101345 0.115968 0.107861 0.121236 0.094123 0.101163 0.140586 0.122053 0.133942 0.153651 0.111730 0.035576 0.094656 0.045396 0.074666 0.076025 0.062176
114000.005415 9.114284 0.052401 0.031845 0.068003 0.098377 0.013501 0.061485 0.118631 0.101518 0.120096 0.037820 0.044978 0.137775 0.114819 0.108276 0.142494 0.161756 0.125005 0.095765 0.110275 0.108007 0.120044 0.088700 0.101402 0.134634 0.119596 0.129749 0.151749 0.109371 0.044152 0.086368 0.039682 0.075300 0.073960 0.061661
115000.005462 3.521324 0.054272 0.037914 0.070843 0.098310 0.008392 0.060522 0.117359 0.099948 0.120574 0.038973 0.044425 0.138321 0.115973 0.109396 0.140985 0.159615 0.125629 0.097630 0.110966 0.107049 0.118386 0.091697 0.099623 0.134626 0.117540 0.128392 0.150712 0.110954 0.040320 0.087640 0.044610 0.076351 0.076009 0.063949
116000.005510 19.081003 0.041603 0.032091 0.074423 0.101788 0.019535 0.056064 0.119855 0.099349 0.122271 0.027616 0.049101 0.133315 0.108102 0.103269 0.141450 0.162212 0.121497 0.094903 0.112506 0.109534 0.128288 0.086306 0.106875 0.138323 0.124914 0.131659 0.148263 0.105091 0.034236 0.090953 0.034773 0.070121 0.067593 0.055528
117000.005557 12.589455 0.047888 0.038000 0.078248 0.105915 0.015868 0.052374 0.118660 0.096391 0.124547 0.035938 0.054312 0.135202 0.112290 0.106158 0.138168 0.159516 0.122248 0.099854 0.115970 0.106892 0.123463 0.090750 0.102377 0.140879 0.124248 0.135847 0.150684 0.106581 0.035280 0.096044 0.040667 0.069182 0.070360 0.056424
118000.005605 3.803597 0.054606 0.039715 0.075955 0.104832 0.008722 0.060087 0.122895 0.103046 0.126749 0.036984 0.047437 0.141164 0.117962 0.109702 0.142324 0.163158 0.126919 0.099426 0.114238 0.107168 0.121697 0.093341 0.100732 0.139557 0.120910 0.132614 0.154675 0.113919 0.038196 0.093750 0.045829 0.077810 0.078292 0.065193
119000.005652 13.400686 0.044714 0.038854 0.080442 0.106453 0.016371 0.051996 0.119270 0.096306 0.125649 0.033858 0.053641 0.134176 0.110352 0.105526 0.139362 0.160911 0.121926 0.099870 0.117553 0.109004 0.128072 0.089634 0.106149 0.142962 0.126942 0.136833 0.150008 0.104865 0.031102 0.097101 0.039392 0.067970 0.068626 0.055682
120000.005700 7.699860 0.055163 0.038688 0.073330 0.102396 0.012410 0.063927 0.124208 0.106030 0.125916 0.033440 0.042860 0.142872 0.118965 0.110171 0.144646 0.164296 0.128845 0.097506 0.111558 0.108071 0.121613 0.093954 0.100871 0.137078 0.118930 0.128613 0.154817 0.116957 0.039373 0.090463 0.046850 0.081746 0.080684 0.068392
