480000.022799	70.1289 156.641
481000.022846	68.4245 149.918
482000.022894	64.7648 176.03
483000.022941	54.9766 179.992
484000.022989	65.2625 172.836
485000.023036	66.7979 149.446
486000.023084	63.8926 167.216
487000.023131	56.0472 172.661
488000.023179	56.2062 174.402
489000.023226	65.0423 155.765
490000.023274	54.0447 160.584
491000.023321	58.0129 168.071
492000.023369	55.972 171.371
493000.023416	64.3671 164.388
494000.023464	51.2957 171.424
495000.023511	49.4881 -178.763
496000.023559	60.1163 167.746
497000.023606	64.8206 162.798
498000.023654	65.6111 165.553
499000.023701	56.556 158.587
500000.023749	60.9565 167.421
501000.023796	57.5867 165.719
502000.023844	55.3192 156.807
503000.023891	49.457 165.484
504000.023939	53.4939 166.257
505000.023986	62.332 162.212
506000.024034	56.0256 177.625
507000.024081	68.8287 172.211
508000.024129	55.4743 177.994
509000.024176	59.9797 -174.35
510000.024224	63.1169 165.675
511000.024271	69.38 164.812
512000.024319	61.8164 160.862
513000.024366	53.5478 168.682
514000.024414	57.7731 170.655
515000.024461	64.6581 146.008
516000.024509	55.6325 -177.22
517000.024556	72.2654 162.4
518000.024604	58.0027 162.815
519000.024651	67.932 162.878
520000.024699	59.4386 168.413
521000.024746	62.9239 174.8
522000.024794	69.3053 163.537
523000.024841	56.7793 157.313
524000.024889	61.6422 166.315
525000.024936	54.8823 170.707
526000.024984	65.543 155.618
527000.025031	61.4402 172.08
528000.025079	50.3715 165.328
529000.025126	70.5024 170.521
530000.025174	61.4159 168.899
531000.025221	65.2817 170.8
532000.025269	63.8113 177.061
533000.025316	69.0034 162.645
534000.025364	58.8573 174.481
535000.025411	55.8046 167.173
536000.025459	68.2394 165.654
537000.025506	62.1274 172.358
538000.025554	69.757 -179.196
539000.025601	65.25 177.176
540000.025649	63.4106 156.744
541000.025696	66.6111 165.549
542000.025744	64.1234 169.715
543000.025791	57.5561 164.902
544000.025839	41.9688 -170.483
545000.025886	69.695 152.685
546000.025934	56.2604 166.966
547000.025981	67.4427 156.297
548000.026029	66.5908 155.42
549000.026076	61.7704 162.67
550000.026124	62.3512 152.379
551000.026171	62.9074 160.827
552000.026219	62.3185 -179.644
553000.026266	51.4284 156.937
554000.026314	64.9521 151.793
555000.026361	64.4748 175.298
556000.026409	69.1527 155.382
557000.026456	60.4459 168.535
558000.026504	59.9052 172.949
559000.026551	68.2846 155.488
560000.026599	58.605 166.425
561000.026646	68.9826 160.669
562000.026694	59.897 165.62
563000.026741	58.3171 165.821
564000.026789	55.43 163.181
565000.026836	54.7704 162.724
566000.026884	54.1695 166.448
567000.026931	54.779 152.599
568000.026979	66.0128 158.393
569000.027026	55.9162 178.176
570000.027074	45.8729 -176.599
571000.027121	65.921 -178.846
572000.027169	65.0058 168.983
573000.027216	63.5406 161.278
574000.027264	51.7232 162.936
575000.027311	64.8434 155.961
576000.027359	70.9446 154.208
577000.027406	57.2742 157.263
578000.027454	56.0722 168.522
579000.027501	61.8929 150.24
580000.027549	63.1208 158.139
581000.027596	68.7779 156.933
582000.027644	59.0795 175.249
583000.027691	61.6664 158.305
584000.027739	64.9065 170.611
585000.027786	70.5319 166.548
586000.027834	62.5981 175.943
587000.027881	66.7376 163.22
588000.027929	55.5779 152.034
589000.027976	64.5255 170.326
590000.028023	50.4269 168.896
591000.028071	55.9612 167.858
592000.028118	57.9383 161.681
593000.028166	70.2687 163.179
594000.028213	60.8676 159.486
595000.028261	53.9051 167.873
596000.028308	75.9508 144.139
597000.028356	68.0814 176.36
598000.028403	62.8298 173.696
599000.028451	63.4502 174.68
600000.028498	54.1435 156.445
601000.028546	66.5601 176.303
602000.028593	56.5863 -178.234
603000.028641	68.3045 162.016
604000.028688	65.38 164.752
605000.028736	50.8312 153.209
606000.028783	59.3966 170.414
607000.028831	60.946 170.843
608000.028878	64.6907 159.654
609000.028926	66.2878 173.773
610000.028973	55.3986 170.159
611000.029021	57.9234 153.138
612000.029068	68.3249 148.42
613000.029116	55.617 168.417
614000.029163	61.1104 166.502
615000.029211	68.6924 175.445
616000.029258	65.1547 172.747
617000.029306	55.3186 167.663
618000.029353	65.8462 149.891
619000.029401	59.2705 166.847
620000.029448	74.879 163.005
621000.029496	54.4412 156.299
622000.029543	68.5347 156.303
623000.029591	59.5757 161.45
624000.029638	65.9826 155.303
625000.029686	58.3594 157.421
626000.029733	68.0535 160.776
627000.029781	69.0291 147.497
628000.029828	44.4671 -177.481
629000.029876	73.1565 175.032
630000.029923	47.8516 164.692
631000.029971	53.6685 156.283
632000.030018	58.9441 178.035
633000.030066	58.4418 146.367
634000.030113	66.744 172.491
635000.030161	62.8919 162.139
636000.030208	64.0287 163.902
637000.030256	62.7725 167.906
638000.030303	48.8194 -178.612
639000.030351	57.4504 173.166
640000.030398	75.287 166.089
641000.030446	57.4741 152.698
642000.030493	68.4935 154.896
643000.030541	52.9164 158.957
644000.030588	61.181 167.667
645000.030636	56.0988 175.009
646000.030683	60.5319 173.292
647000.030731	64.7614 167.036
648000.030778	67.4062 152.328
649000.030826	68.4582 159.616
650000.030873	61.6219 158.253
651000.030921	58.7203 167.115
652000.030968	57.8365 154.122
653000.031016	61.2859 179.772
654000.031063	51.1334 141.937
655000.031111	63.5787 171.829
656000.031158	47.2455 164.752
657000.031206	78.2189 166.641
658000.031253	68.9505 157.217
659000.031301	67.819 155.665
660000.031348	56.7888 171.108
661000.031396	66.274 156.306
662000.031443	70.0937 166.497
663000.031491	67.0975 166.273
664000.031538	45.6674 157.839
665000.031586	64.7983 157.304
666000.031633	35.0517 -179.714
667000.031681	78.8534 162.834
668000.031728	73.4638 173.073
669000.031776	66.7874 151.202
670000.031823	57.6999 155.882
671000.031871	69.6124 168.003
672000.031918	57.0811 166.192
673000.031966	71.7465 153.315
674000.032013	55.6448 162.118
675000.032061	68.2956 161.364
676000.032108	53.7523 159.793
677000.032156	51.5435 170.393
678000.032203	58.1022 167.685
679000.032251	60.3317 178.247
680000.032298	57.849 167.223
681000.032346	66.5488 157.269
682000.032393	54.9217 156.664
683000.032441	63.9474 172.015
684000.032488	56.5129 161.126
685000.032536	68.8061 160.696
686000.032583	75.2022 164.002
687000.032631	65.5365 163.163
688000.032678	71.8058 148.869
689000.032726	53.2337 169.187
690000.032773	64.7885 165.205
691000.032821	71.2924 160.942
692000.032868	51.1836 170.496
693000.032916	58.6754 162.926
694000.032963	52.3085 -179.12
695000.033011	59.1086 173.312
696000.033058	60.619 165.148
697000.033106	68.5398 177.465
698000.033153	65.2603 168.524
699000.033201	64.1692 158.865
	71.6665 170.331
