700000.033248	-138.018 121.524
701000.033296	-121.471 138.803
702000.033343	-127.987 148.861
703000.033391	-126.982 125.036
704000.033438	-111.635 130.16
705000.033486	-122.726 125.137
706000.033533	-127.854 141.191
707000.033581	-146.556 141.238
708000.033628	-126.159 134.727
709000.033676	-129.155 154.932
710000.033723	-151.984 139.842
711000.033771	-131.777 143.355
712000.033818	-159.065 132.875
713000.033866	-151.708 138.33
714000.033913	-131.993 132.39
715000.033961	-141.886 142.239
716000.034008	-131.9 139.487
717000.034056	-137.397 143.557
718000.034103	-149.559 149.076
719000.034151	-132.335 140.765
720000.034198	-126.608 126.602
721000.034246	-147.387 143.141
722000.034293	-137.905 139.499
723000.034341	-144.172 140.873
724000.034388	-137.359 150.316
725000.034436	-101.621 121.906
726000.034483	-127.091 148.114
727000.034531	-139.911 139.668
728000.034578	-115.851 121.473
729000.034626	-158.447 135.701
730000.034673	-129.336 128.256
731000.034721	-132.507 150.238
732000.034768	-119.622 140.051
733000.034816	-140.93 145.139
734000.034863	-137.836 137.198
735000.034911	-115.204 119.729
736000.034958	-146.532 147.269
737000.035006	-140.899 138.591
738000.035053	-140.474 122.668
739000.035101	-130.658 153.95
740000.035148	-137.043 139.941
741000.035196	-143.397 124.827
742000.035243	-140.369 122.316
743000.035291	-118.171 135.395
744000.035338	-154.581 116.649
745000.035386	-138.453 130.877
746000.035433	-159.637 135.941
747000.035481	-143.359 130.442
748000.035528	-121.581 147.914
749000.035576	-140.188 139.702
750000.035623	-134.753 146.546
751000.035671	-143.213 132.389
752000.035718	-141.177 128.534
753000.035766	-128.09 148.99
754000.035813	-140.545 136.903
755000.035861	-150.275 134.092
756000.035908	-146.198 144.544
757000.035956	-115.316 141.951
758000.036003	-124.038 140.595
759000.036051	-117.194 134.836
760000.036098	-124.14 139.62
761000.036146	-136.338 146.481
762000.036193	-132.4 126.438
763000.036241	-115.432 141.653
764000.036288	-131.875 121.302
765000.036336	-137.664 137.41
766000.036383	-139.976 147.499
767000.036431	-141.954 142.252
768000.036478	-145.395 133.543
769000.036526	-152.397 121.503
770000.036573	-142.714 135.456
771000.036621	-166.148 157.151
772000.036668	-124.24 145.92
773000.036716	-148.22 127.219
774000.036763	-124.412 146.613
775000.036811	-135.699 149.105
776000.036858	-145.658 122.539
777000.036906	-139.121 155.929
778000.036953	-153.487 146.723
779000.037001	-113.215 140.584
780000.037048	-134.129 136.621
781000.037096	-148.195 122.833
782000.037143	-116.545 143.692
783000.037191	-139.093 134.087
784000.037238	-129.588 117.384
785000.037285	-124.548 135.518
786000.037333	-122.643 136.223
787000.037380	-141.475 138.981
788000.037428	-144.581 143.473
789000.037475	-140.65 115.225
790000.037523	-119.56 137.183
791000.037570	-149.119 138.053
792000.037618	-147.537 138.979
793000.037665	-112.884 132.029
794000.037713	-133.087 140.681
795000.037760	-138.31 119.953
796000.037808	-134.114 123.52
797000.037855	-129.183 134.988
798000.037903	-125.757 142.226
799000.037950	-139.715 145.702
800000.037998	-142.697 146.63
801000.038045	-145.332 134.585
802000.038093	-138.986 133.797
803000.038140	-151.826 144.224
804000.038188	-125.885 134.263
805000.038235	-129.446 118.921
806000.038283	-131.484 149.109
807000.038330	-117.359 145.281
808000.038378	-131.817 136.134
809000.038425	-118.39 140.614
810000.038473	-151.296 133.124
811000.038520	-127.219 154.331
812000.038568	-145.57 157.031
813000.038615	-129.747 152.682
814000.038663	-119.42 170.39
815000.038710	-141.058 125.125
816000.038758	-119.378 142.321
817000.038805	-130.269 128.235
818000.038853	-145.375 141.115
819000.038900	-135.365 161.715
820000.038948	-148.997 132.062
