460000.021849	-153.281 25.8008
461000.021896	-140.022 16.7536
462000.021944	-137.46 37.8698
463000.021991	-143.853 15.9294
464000.022039	-149.35 23.1515
465000.022086	-141.465 15.8672
466000.022134	-144.321 34.4486
467000.022181	-125.692 15.5668
468000.022229	-139.91 22.889
469000.022276	-130.029 28.164
470000.022324	-139.298 14.0503
471000.022371	-147.547 11.7423
472000.022419	-133.461 -0.852629
473000.022466	-135.589 17.7723
474000.022514	-152.706 24.1245
475000.022561	-149.127 26.4324
476000.022609	-153.421 43.2486
477000.022656	-146.69 30.1323
478000.022704	-124.227 22.9647
479000.022751	-150.066 22.2341
480000.022799	-150.2 21.2459
481000.022846	-138.1 14.2766
482000.022894	-143.859 21.6151
483000.022941	-151.698 28.9099
484000.022989	-131.69 23.5902
485000.023036	-144.374 35.3885
486000.023084	-130.071 28.5931
487000.023131	-145.661 6.07193
488000.023179	-158.955 40.2816
489000.023226	-153.936 8.51308
490000.023274	-143.864 15.2599
491000.023321	-142.907 19.0387
492000.023369	-146.5 6.97098
493000.023416	-154.562 26.872
494000.023464	-131.863 29.4673
495000.023511	-136.61 17.3641
496000.023559	-154.403 26.7838
497000.023606	-135.989 13.6705
498000.023654	-154.848 33.4512
499000.023701	-147.698 18.3273
500000.023749	-144.716 23.9932
501000.023796	-145.823 23.8813
502000.023844	-149.628 24.8981
503000.023891	-160.929 29.8466
504000.023939	-138.287 36.8771
505000.023986	-137.035 3.08919
506000.024034	-148.873 42.5997
507000.024081	-132.452 25.1286
508000.024129	-143.844 20.9789
509000.024176	-143.832 17.1453
510000.024224	-140.066 7.84514
511000.024271	-157.473 25.646
512000.024319	-139.094 31.1866
513000.024366	-134.448 12.128
514000.024414	-138.919 14.5074
515000.024461	-144.482 24.1869
516000.024509	-138.91 10.9954
517000.024556	-154.039 26.1479
518000.024604	-143.647 23.5751
519000.024651	-126.211 1.95844
520000.024699	-151.532 16.2216
521000.024746	-133.253 27.9577
522000.024794	-155.141 29.7283
523000.024841	-137.403 13.2867
524000.024889	-147.522 14.0452
525000.024936	-147.743 34.0761
526000.024984	-147.794 31.0509
527000.025031	-137.628 22.4276
528000.025079	-154.311 13.1849
529000.025126	-145.626 19.7882
530000.025174	-128.317 26.9536
531000.025221	-134.97 39.3627
532000.025269	-140.505 16.2884
533000.025316	-152.656 23.8085
534000.025364	-155.479 5.61386
535000.025411	-143.696 25.2682
536000.025459	-143.734 9.99379
537000.025506	-148.873 17.0389
538000.025554	-158.336 5.69401
539000.025601	-144.332 15.5028
540000.025649	-151.3 16.5864
541000.025696	-142.608 31.9331
542000.025744	-157.494 13.0603
543000.025791	-153.346 33.058
544000.025839	-141.438 11.7274
545000.025886	-138.112 1.3405
546000.025934	-143.181 23.2851
547000.025981	-130.375 21.856
548000.026029	-157.91 29.2212
549000.026076	-150.188 25.7442
550000.026124	-146.079 21.7678
551000.026171	-144.425 33.2653
552000.026219	-149.288 13.5387
553000.026266	-133.912 30.2502
554000.026314	-151.367 38.3427
555000.026361	-132.123 18.5411
556000.026409	-162.981 19.0219
557000.026456	-146.035 27.2888
558000.026504	-140.565 13.3423
559000.026551	-154.55 8.38817
560000.026599	-143.335 16.8419
561000.026646	-143.751 21.8985
562000.026694	-147.411 20.1945
563000.026741	-159.626 32.3928
564000.026789	-131.579 15.7088
565000.026836	-139.742 5.35421
566000.026884	-156.515 26.974
567000.026931	-152.546 36.0729
568000.026979	-151.415 9.19934
569000.027026	-149.49 12.6013
570000.027074	-132.848 5.87863
571000.027121	-149.425 10.0965
572000.027169	-135.516 29.6955
573000.027216	-149.81 47.7476
574000.027264	-153.572 31.2438
575000.027311	-155.971 35.1017
576000.027359	-146.917 23.8924
577000.027406	-149.292 41.5535
578000.027454	-138.102 20.8847
579000.027501	-143.52 14.176
580000.027549	-136.608 14.401
