#! FIELDS time restraint.bias r0 r1 r2 r3 r4 r5 r6 r7 r8 r9 r10 r11 r12 r13 r14 r15 r16 r17 r18 r19 r20 r21 r22 r23 r24 r25 r26 r27 r28 r29 r30 r31 r32 r33
880000.041798 5.042861 0.147634 0.125384 0.109677 0.115177 0.115906 0.134109 0.131085 0.139885 0.120930 0.142388 0.122592 0.128943 0.142951 0.128930 0.112916 0.097266 0.124424 0.107784 0.080543 0.084130 0.017854 0.129322 0.048330 0.067280 0.038994 0.076797 0.108090 0.150109 0.137425 0.113095 0.136979 0.149022 0.147864 0.143015
881000.041845 2.616956 0.149339 0.125377 0.109890 0.119804 0.117534 0.135215 0.136317 0.145136 0.123005 0.143490 0.125687 0.135022 0.149059 0.132914 0.117540 0.102349 0.129480 0.110577 0.083114 0.085768 0.012861 0.132688 0.046708 0.069979 0.045807 0.082188 0.115453 0.155151 0.139683 0.115555 0.138002 0.151570 0.151214 0.144349
882000.041893 2.352658 0.146846 0.122872 0.107925 0.117683 0.112022 0.130675 0.132535 0.140335 0.123308 0.139585 0.121347 0.137581 0.152904 0.138093 0.118020 0.099975 0.133497 0.116778 0.090499 0.091359 0.012195 0.136835 0.052404 0.077663 0.053072 0.089117 0.117694 0.157581 0.135117 0.114024 0.135855 0.147366 0.149592 0.140857
883000.041940 6.675188 0.144051 0.121518 0.108665 0.118979 0.110649 0.130574 0.137889 0.142832 0.126584 0.136608 0.119098 0.135593 0.145941 0.127761 0.116181 0.106003 0.127003 0.105030 0.078290 0.079846 0.020541 0.127780 0.040792 0.070580 0.038352 0.077461 0.116408 0.154865 0.132128 0.114506 0.133372 0.147914 0.147358 0.140657
884000.041988 6.327716 0.149681 0.125948 0.108578 0.114123 0.117290 0.137172 0.131150 0.142321 0.119262 0.142812 0.122188 0.130602 0.144252 0.130039 0.115251 0.098896 0.126112 0.107818 0.080540 0.085410 0.019999 0.131001 0.050001 0.067019 0.038644 0.075195 0.108992 0.151441 0.139475 0.111778 0.138202 0.152089 0.149762 0.145518
885000.042035 7.819681 0.142877 0.119445 0.107218 0.118675 0.109342 0.129230 0.137009 0.141701 0.126245 0.136527 0.118288 0.136638 0.146134 0.127223 0.116002 0.107247 0.126458 0.104096 0.079355 0.077831 0.022232 0.125818 0.038623 0.073327 0.041339 0.081246 0.118913 0.154094 0.131815 0.114241 0.131503 0.146145 0.145924 0.138923
886000.042083 3.957883 0.145401 0.122022 0.107511 0.118122 0.113363 0.131767 0.135828 0.142883 0.122897 0.139627 0.121784 0.135537 0.146982 0.129307 0.116749 0.104888 0.127470 0.106887 0.080304 0.081458 0.015817 0.128829 0.041788 0.070067 0.042237 0.080066 0.116424 0.154126 0.135365 0.113699 0.134206 0.148169 0.147757 0.140860
887000.042130 7.563644 0.139685 0.116817 0.104406 0.116458 0.106810 0.126258 0.135238 0.139638 0.123446 0.132789 0.115698 0.135677 0.144520 0.125427 0.115308 0.106796 0.125481 0.103266 0.078419 0.077910 0.021865 0.125261 0.037889 0.072536 0.041383 0.079136 0.117747 0.152835 0.128156 0.111660 0.129186 0.143794 0.143777 0.136180
888000.042178 7.723038 0.145138 0.122741 0.107996 0.116489 0.113604 0.133676 0.135659 0.143630 0.122862 0.138491 0.120161 0.131615 0.142095 0.124976 0.114892 0.104506 0.123823 0.101608 0.073987 0.078570 0.022094 0.124937 0.041956 0.065015 0.033022 0.071725 0.111585 0.150881 0.134792 0.112653 0.133996 0.149314 0.146664 0.141914
889000.042225 4.348530 0.148907 0.124899 0.106818 0.113775 0.117571 0.137193 0.131741 0.143646 0.118252 0.142776 0.122378 0.130987 0.144622 0.130039 0.117048 0.099968 0.126991 0.106278 0.077627 0.085574 0.016579 0.129471 0.048027 0.063384 0.037212 0.074013 0.109701 0.151021 0.139985 0.110782 0.137448 0.151833 0.149613 0.144932
890000.042273 3.787799 0.145733 0.121253 0.105026 0.113783 0.110987 0.131054 0.129896 0.139008 0.119998 0.138163 0.118086 0.134770 0.148750 0.133675 0.116269 0.098828 0.130054 0.111947 0.085935 0.088294 0.015473 0.133121 0.049672 0.074177 0.047099 0.083693 0.114753 0.154359 0.134326 0.110531 0.134538 0.147478 0.148137 0.140958
891000.042320 3.253062 0.149982 0.125911 0.106480 0.111704 0.117307 0.135572 0.126673 0.139418 0.115431 0.143551 0.122811 0.131400 0.148652 0.137070 0.117025 0.094060 0.131103 0.116137 0.087894 0.094697 0.014340 0.137239 0.056964 0.069998 0.048640 0.082040 0.109392 0.152578 0.139953 0.109774 0.139236 0.150521 0.150856 0.144569
892000.042368 2.933027 0.150834 0.127119 0.108507 0.113455 0.118882 0.137190 0.128417 0.140740 0.117320 0.144704 0.124119 0.128825 0.145522 0.133700 0.114706 0.093640 0.127653 0.112557 0.084351 0.091043 0.013616 0.134423 0.054424 0.067374 0.044460 0.079201 0.107162 0.150458 0.141057 0.111658 0.140035 0.151836 0.150914 0.145756
893000.042415 7.772352 0.142894 0.118373 0.104068 0.116229 0.107992 0.130553 0.136288 0.142864 0.124430 0.134794 0.115418 0.139021 0.147881 0.128994 0.119508 0.109160 0.129367 0.104774 0.079128 0.080649 0.022165 0.127605 0.040629 0.072713 0.040078 0.079190 0.120316 0.155849 0.131526 0.110974 0.130893 0.147523 0.146556 0.139786
894000.042463 3.103888 0.147594 0.122938 0.105715 0.114422 0.114765 0.133987 0.131452 0.141929 0.119054 0.140655 0.121063 0.133683 0.148205 0.133493 0.117627 0.099187 0.130002 0.110786 0.083240 0.088729 0.014007 0.132978 0.049749 0.069502 0.045234 0.080944 0.113308 0.153824 0.137721 0.110837 0.136417 0.150024 0.149763 0.143055
895000.042510 1.959614 0.148138 0.125272 0.109578 0.118221 0.118619 0.134370 0.134096 0.143412 0.120520 0.143197 0.126723 0.130938 0.145589 0.130946 0.115421 0.099643 0.126862 0.108986 0.080332 0.085617 0.011129 0.130429 0.048041 0.065483 0.044804 0.079982 0.111305 0.151267 0.139588 0.114588 0.137389 0.149871 0.149140 0.142707
896000.042558 10.647843 0.141614 0.118040 0.104925 0.117589 0.109320 0.130508 0.137824 0.143506 0.124679 0.134688 0.116771 0.135381 0.142943 0.122692 0.116041 0.109631 0.123962 0.098733 0.073333 0.074260 0.025943 0.122299 0.035027 0.069123 0.035539 0.075324 0.118098 0.152253 0.131384 0.112130 0.129793 0.146989 0.144702 0.138964
897000.042605 3.704714 0.150478 0.127286 0.109202 0.112962 0.117849 0.134851 0.125418 0.137068 0.117039 0.144878 0.124353 0.129074 0.146574 0.135589 0.112958 0.091352 0.128063 0.116129 0.089080 0.092640 0.015303 0.135998 0.057257 0.071957 0.049432 0.084445 0.107678 0.150642 0.140069 0.112343 0.139781 0.149252 0.149777 0.144065
898000.042653 7.833069 0.152173 0.129965 0.111352 0.114744 0.126598 0.142294 0.128386 0.142442 0.114680 0.150031 0.130759 0.120765 0.136442 0.124902 0.110493 0.093581 0.118537 0.103464 0.074534 0.083525 0.022251 0.125192 0.052131 0.055873 0.037679 0.071799 0.100085 0.141167 0.147447 0.113351 0.140324 0.152146 0.147037 0.146536
899000.042700 5.095444 0.149336 0.125700 0.108518 0.115801 0.120600 0.138004 0.133417 0.145352 0.118184 0.144072 0.125752 0.128472 0.142165 0.127373 0.115416 0.099784 0.124385 0.103673 0.074474 0.083247 0.017947 0.127155 0.046714 0.059795 0.037264 0.072835 0.108066 0.148753 0.141727 0.112647 0.138072 0.152470 0.149435 0.145191
900000.042748 4.305064 0.142519 0.119398 0.106602 0.117958 0.110914 0.128904 0.134729 0.140100 0.123589 0.137518 0.120208 0.133261 0.144064 0.126377 0.113618 0.103577 0.124420 0.103984 0.078447 0.078218 0.016496 0.125007 0.038929 0.070422 0.042222 0.081367 0.115992 0.151168 0.132950 0.113582 0.131322 0.144967 0.144659 0.137823
901000.042795 6.621778 0.141154 0.118664 0.107603 0.119968 0.109419 0.126397 0.136921 0.139922 0.125223 0.135843 0.120052 0.135612 0.145017 0.125723 0.113746 0.106584 0.124638 0.104671 0.080550 0.076406 0.020459 0.125751 0.036757 0.074286 0.044747 0.083096 0.118723 0.153179 0.130254 0.115234 0.130637 0.144001 0.144598 0.136542
902000.042843 7.761590 0.139206 0.116426 0.106638 0.120678 0.104735 0.123726 0.137360 0.138367 0.128283 0.132927 0.116545 0.139323 0.147786 0.127741 0.115168 0.108613 0.127235 0.106693 0.083868 0.077378 0.022150 0.126920 0.036302 0.079710 0.047796 0.087276 0.123172 0.155102 0.127009 0.115354 0.128497 0.142005 0.143598 0.134725
903000.042890 4.172007 0.156107 0.133245 0.114553 0.118189 0.126627 0.141882 0.130127 0.143622 0.117858 0.152198 0.132695 0.125465 0.144401 0.133441 0.112217 0.090740 0.125072 0.114267 0.086059 0.091110 0.016239 0.135373 0.056371 0.066236 0.047455 0.080904 0.103876 0.147508 0.148105 0.116992 0.145264 0.155409 0.153322 0.149815
904000.042938 1.806062 0.147792 0.123942 0.107106 0.115781 0.115375 0.133752 0.131960 0.141811 0.119705 0.141842 0.122900 0.134640 0.148589 0.133499 0.117671 0.100834 0.129861 0.111517 0.083965 0.087451 0.010685 0.132823 0.048708 0.070001 0.045266 0.081593 0.114240 0.154065 0.137923 0.112231 0.136410 0.149351 0.149255 0.142571
905000.042985 11.856750 0.142592 0.119590 0.106448 0.118554 0.113860 0.132887 0.138894 0.145266 0.123866 0.137333 0.120667 0.131520 0.139389 0.119667 0.114443 0.108552 0.120661 0.095035 0.068360 0.071995 0.027376 0.119336 0.034538 0.063452 0.032596 0.071930 0.114594 0.149562 0.134686 0.113207 0.130974 0.148283 0.144728 0.139912
906000.043033 2.919177 0.152607 0.129202 0.111290 0.116307 0.121748 0.139361 0.132096 0.144493 0.119199 0.146787 0.127435 0.129424 0.145546 0.132754 0.115716 0.096800 0.127265 0.110698 0.081657 0.088514 0.013584 0.133211 0.052503 0.064402 0.041711 0.076877 0.107357 0.151132 0.143373 0.114198 0.141499 0.154087 0.152133 0.147489
907000.043080 6.538091 0.140994 0.118659 0.109033 0.122607 0.111036 0.126692 0.138939 0.141008 0.126847 0.136145 0.122538 0.133372 0.142839 0.123240 0.111070 0.106155 0.121924 0.101945 0.077635 0.073323 0.020329 0.122996 0.034493 0.072503 0.045471 0.083557 0.118192 0.151178 0.131334 0.117156 0.130161 0.144112 0.143694 0.136128
908000.043128 6.802733 0.143429 0.119823 0.102894 0.109231 0.108703 0.129302 0.126191 0.135485 0.117312 0.136548 0.114833 0.133968 0.146776 0.132709 0.116790 0.099224 0.129515 0.110907 0.084852 0.088659 0.020736 0.131253 0.051192 0.072712 0.044215 0.080570 0.112837 0.152447 0.131857 0.107101 0.132474 0.144590 0.145335 0.138831
909000.043175 1.902769 0.150483 0.127098 0.110179 0.117276 0.117535 0.135532 0.132392 0.142363 0.121408 0.144453 0.124990 0.133237 0.149171 0.135173 0.116483 0.097610 0.130073 0.114050 0.086185 0.089688 0.010967 0.135331 0.051441 0.070857 0.046120 0.082498 0.112135 0.154389 0.139939 0.114573 0.139594 0.151222 0.151588 0.145053
910000.043223 7.507832 0.140945 0.117120 0.103291 0.114084 0.107315 0.128345 0.133939 0.139952 0.122385 0.134071 0.114924 0.136269 0.145313 0.127322 0.117664 0.107121 0.127259 0.103477 0.077645 0.079925 0.021784 0.125389 0.040389 0.070363 0.038841 0.077861 0.117606 0.153079 0.130302 0.109492 0.129389 0.144652 0.144006 0.137440
911000.043270 6.074400 0.145601 0.121296 0.104893 0.114428 0.113300 0.134077 0.134583 0.144095 0.121028 0.138150 0.118738 0.134454 0.145726 0.129111 0.119057 0.104622 0.128471 0.104223 0.075746 0.083592 0.019595 0.127818 0.044625 0.065026 0.036682 0.074322 0.114278 0.153485 0.135787 0.110226 0.134129 0.149935 0.148297 0.142455
912000.043318 6.040456 0.144383 0.120526 0.104505 0.113122 0.109752 0.130576 0.130978 0.139078 0.120572 0.137213 0.116456 0.135859 0.147830 0.131773 0.117716 0.102276 0.129607 0.109626 0.083662 0.085965 0.019540 0.131247 0.047077 0.073007 0.042913 0.080275 0.115412 0.154596 0.132901 0.109753 0.133302 0.146863 0.147150 0.140323
913000.043365 2.351126 0.149949 0.125710 0.109381 0.119609 0.116157 0.134478 0.134288 0.143677 0.123059 0.143206 0.125000 0.138247 0.153730 0.138629 0.119535 0.101236 0.134034 0.117239 0.090476 0.091834 0.012191 0.138201 0.052462 0.076750 0.053284 0.088827 0.118376 0.158094 0.139070 0.115621 0.138767 0.151174 0.152423 0.144189
914000.043413 4.844802 0.141782 0.119546 0.107680 0.120319 0.111191 0.127678 0.136426 0.140259 0.124376 0.137217 0.121900 0.133658 0.143929 0.125145 0.112365 0.104898 0.123357 0.104265 0.079235 0.076563 0.017500 0.124785 0.037152 0.071914 0.044711 0.082647 0.117175 0.151007 0.132279 0.115277 0.130882 0.144203 0.143935 0.136772
915000.043460 3.393149 0.147746 0.124091 0.107199 0.113921 0.113843 0.132438 0.128890 0.138342 0.119528 0.141743 0.121246 0.134089 0.149144 0.135499 0.116338 0.097485 0.130402 0.114682 0.088129 0.090297 0.014645 0.135101 0.052323 0.073730 0.047961 0.084375 0.113121 0.154318 0.136898 0.111638 0.136821 0.147997 0.149006 0.142125
916000.043508 6.841457 0.148331 0.125381 0.107593 0.112863 0.117822 0.137040 0.131490 0.142828 0.117887 0.142497 0.122118 0.128992 0.142151 0.128033 0.116114 0.099742 0.125114 0.104836 0.075844 0.084667 0.020795 0.128375 0.048437 0.061302 0.033536 0.069980 0.106800 0.149830 0.139171 0.110418 0.137486 0.151408 0.148791 0.144791
917000.043555 8.550530 0.148891 0.125626 0.108433 0.115479 0.119562 0.139160 0.134074 0.146079 0.119448 0.143014 0.124474 0.129472 0.141731 0.127019 0.116457 0.103218 0.124401 0.102546 0.073233 0.082503 0.023248 0.126180 0.048286 0.060016 0.035285 0.070570 0.108729 0.148983 0.141224 0.111698 0.136737 0.152773 0.148095 0.145095
918000.043603 3.214528 0.152881 0.129351 0.111179 0.117925 0.123957 0.140071 0.132286 0.145098 0.118192 0.148789 0.130489 0.129108 0.145543 0.132638 0.115714 0.097144 0.126795 0.110932 0.081986 0.088542 0.014254 0.132638 0.052277 0.064189 0.045785 0.079886 0.108568 0.149680 0.145770 0.114882 0.141385 0.153963 0.151576 0.147135
919000.043650 2.592478 0.150275 0.125987 0.107311 0.112996 0.117067 0.136039 0.128324 0.140526 0.117729 0.143674 0.122814 0.131993 0.148639 0.136538 0.117149 0.095361 0.130919 0.114665 0.086397 0.092898 0.012801 0.135811 0.055447 0.069609 0.046656 0.081851 0.110342 0.153122 0.140167 0.110917 0.138989 0.150863 0.150956 0.144876
920000.043698 5.962501 0.151577 0.127249 0.106873 0.109580 0.119301 0.136470 0.122420 0.136964 0.113107 0.145597 0.124222 0.128109 0.148441 0.140538 0.115351 0.088130 0.131452 0.120477 0.092338 0.100486 0.019414 0.140113 0.064592 0.071882 0.054971 0.086316 0.105933 0.150700 0.142224 0.109109 0.140969 0.150435 0.151434 0.145141
921000.043745 2.212792 0.149315 0.125750 0.109204 0.117387 0.118346 0.134678 0.132177 0.142328 0.119574 0.144453 0.126109 0.132169 0.147941 0.133753 0.116056 0.097721 0.128792 0.112482 0.085057 0.088652 0.011827 0.133486 0.050358 0.069804 0.048152 0.083308 0.112095 0.152623 0.140178 0.114281 0.138570 0.150264 0.150609 0.143619
922000.043793 6.213997 0.148017 0.124829 0.105868 0.110027 0.115061 0.134851 0.126486 0.138131 0.116030 0.141640 0.119694 0.130796 0.145181 0.132567 0.116104 0.096847 0.128045 0.111191 0.083570 0.089730 0.019819 0.133081 0.053490 0.068146 0.040891 0.076362 0.108299 0.151246 0.137418 0.108532 0.137184 0.149344 0.148420 0.143607
923000.043840 3.584825 0.149707 0.126357 0.107290 0.111413 0.118241 0.136415 0.127164 0.139911 0.115402 0.143616 0.123001 0.128436 0.144627 0.132896 0.115273 0.094249 0.127430 0.111528 0.082799 0.090774 0.015053 0.133341 0.054400 0.065234 0.042350 0.076380 0.105954 0.149705 0.140033 0.109933 0.139032 0.150729 0.149693 0.144738
924000.043888 3.392449 0.146003 0.122312 0.106230 0.114953 0.112543 0.132278 0.132165 0.141018 0.121078 0.139397 0.119827 0.134619 0.147621 0.131997 0.117104 0.101393 0.129129 0.109375 0.082173 0.085919 0.014644 0.130811 0.047028 0.070176 0.042678 0.080123 0.114311 0.153690 0.135450 0.111483 0.134736 0.147997 0.147873 0.141372
925000.043935 5.402005 0.144489 0.120509 0.106609 0.118157 0.111766 0.131524 0.137930 0.144490 0.124462 0.137307 0.119786 0.137583 0.147570 0.129005 0.118842 0.108152 0.128777 0.104824 0.077810 0.080465 0.018479 0.127639 0.040622 0.069328 0.040001 0.078530 0.118659 0.155700 0.134031 0.113150 0.132921 0.148465 0.147767 0.140690
926000.043983 4.886176 0.144454 0.121404 0.107370 0.117577 0.110591 0.130697 0.135542 0.141775 0.124275 0.137569 0.119036 0.136528 0.147170 0.129413 0.116743 0.105554 0.127917 0.107174 0.081204 0.081230 0.017574 0.129279 0.041827 0.072469 0.040834 0.079621 0.117053 0.154919 0.132770 0.113372 0.133376 0.147599 0.147330 0.140410
927000.044030 2.950987 0.147184 0.123547 0.106588 0.112719 0.113467 0.130970 0.125942 0.135804 0.117883 0.141231 0.121415 0.133010 0.149807 0.137805 0.115354 0.094173 0.131253 0.117881 0.091330 0.093830 0.013658 0.136946 0.056511 0.075612 0.053008 0.088052 0.112277 0.153655 0.136507 0.110807 0.136399 0.146186 0.148059 0.140601
928000.044078 4.626339 0.149389 0.126614 0.109878 0.115848 0.118639 0.136914 0.132696 0.143319 0.120116 0.143719 0.124486 0.128965 0.142723 0.128125 0.114071 0.098834 0.124366 0.105785 0.077265 0.083200 0.017100 0.128434 0.047306 0.063175 0.036209 0.073680 0.107843 0.149684 0.140032 0.113388 0.138214 0.151461 0.149067 0.144925
929000.044125 7.947140 0.154324 0.131112 0.109118 0.109519 0.123810 0.140911 0.123598 0.139209 0.111324 0.148503 0.126525 0.125688 0.144705 0.136189 0.115284 0.089073 0.128349 0.116751 0.087553 0.097613 0.022413 0.138639 0.062760 0.065413 0.046690 0.076834 0.101403 0.148206 0.145392 0.109611 0.144150 0.154087 0.152596 0.149025
930000.044173 9.447412 0.139829 0.117760 0.108458 0.122371 0.107532 0.125949 0.140025 0.140884 0.129387 0.134197 0.119195 0.136572 0.143668 0.122706 0.113060 0.110669 0.122915 0.101118 0.077475 0.071108 0.024437 0.122130 0.031502 0.074792 0.042013 0.082695 0.121570 0.152364 0.128824 0.116765 0.128452 0.143309 0.142761 0.135615
931000.044220 6.311567 0.140624 0.117812 0.106067 0.117725 0.107733 0.126920 0.135672 0.139624 0.125017 0.134219 0.117009 0.134150 0.143929 0.125311 0.113640 0.104859 0.124448 0.102924 0.077981 0.077096 0.019974 0.124569 0.037484 0.071951 0.040766 0.079822 0.116617 0.152073 0.129509 0.113104 0.129889 0.144036 0.143960 0.136744
932000.044268 4.520713 0.145894 0.121176 0.104456 0.113344 0.110303 0.131114 0.130304 0.139461 0.120641 0.137725 0.117281 0.137488 0.151561 0.136833 0.119264 0.100416 0.133490 0.114531 0.087936 0.091512 0.016904 0.135559 0.052354 0.075451 0.048922 0.085047 0.116849 0.157021 0.134161 0.109900 0.134675 0.147611 0.148945 0.141108
933000.044315 6.425200 0.144330 0.120956 0.106152 0.115801 0.111742 0.132441 0.134574 0.142202 0.122752 0.137947 0.118522 0.133574 0.143797 0.126389 0.116012 0.104906 0.125377 0.102711 0.076060 0.079171 0.020153 0.125550 0.040925 0.067724 0.035431 0.075433 0.114473 0.151963 0.134004 0.111786 0.132759 0.148109 0.146414 0.140917
934000.044363 4.624813 0.147325 0.123695 0.107925 0.115780 0.114433 0.134596 0.134130 0.143238 0.121906 0.140381 0.120846 0.133163 0.145619 0.129763 0.116491 0.102304 0.127153 0.106508 0.079057 0.083286 0.017098 0.129541 0.045622 0.067544 0.037855 0.075849 0.112338 0.153298 0.136778 0.112261 0.135936 0.150548 0.148895 0.143424
935000.044410 2.012858 0.148696 0.125279 0.109615 0.118257 0.118555 0.134039 0.132652 0.141895 0.120135 0.144147 0.126831 0.130664 0.146293 0.131962 0.114295 0.097159 0.126882 0.110961 0.083605 0.086793 0.011280 0.131834 0.049088 0.068731 0.048151 0.083612 0.111600 0.151254 0.140123 0.114888 0.137903 0.149514 0.149506 0.142774
936000.044458 13.164095 0.150065 0.126925 0.109301 0.115880 0.125594 0.141672 0.134143 0.147679 0.116419 0.146671 0.128944 0.124810 0.137420 0.122673 0.115206 0.101526 0.120574 0.097921 0.067823 0.080806 0.028846 0.122146 0.047690 0.052485 0.034803 0.067785 0.105113 0.144570 0.145670 0.112819 0.138534 0.153596 0.148214 0.146311
937000.044505 4.435577 0.142169 0.119183 0.107757 0.121251 0.112557 0.127662 0.136593 0.140696 0.124074 0.138067 0.123880 0.133823 0.144793 0.126381 0.112540 0.104739 0.123934 0.105126 0.080273 0.077677 0.016744 0.125133 0.038804 0.072336 0.049196 0.086090 0.118280 0.150962 0.133764 0.115892 0.130953 0.144045 0.143975 0.136300
938000.044553 2.989890 0.145075 0.121495 0.106740 0.116147 0.112687 0.130955 0.132662 0.140327 0.121571 0.139162 0.120714 0.133196 0.145976 0.129922 0.114998 0.100675 0.126956 0.107676 0.081158 0.083313 0.013747 0.128987 0.044533 0.070147 0.043345 0.081304 0.114093 0.152437 0.134994 0.112664 0.134059 0.147005 0.147046 0.140206
939000.044600 1.616758 0.150909 0.126992 0.109089 0.115814 0.119899 0.137161 0.130958 0.143064 0.117931 0.145304 0.126306 0.130394 0.146861 0.133778 0.115989 0.096299 0.128323 0.112064 0.083683 0.089646 0.010109 0.133945 0.052138 0.066888 0.045690 0.080223 0.109337 0.151387 0.141923 0.113018 0.139838 0.152304 0.151281 0.145557
940000.044648 2.354310 0.147161 0.123613 0.107670 0.116337 0.115526 0.134110 0.132961 0.142354 0.120885 0.141541 0.122817 0.131876 0.145290 0.129970 0.115348 0.100464 0.126519 0.107213 0.079484 0.083829 0.012199 0.129098 0.045738 0.066868 0.041053 0.078624 0.112128 0.151528 0.137750 0.112719 0.135740 0.149370 0.148126 0.142430
941000.044695 4.659446 0.145421 0.122807 0.108881 0.119220 0.115452 0.132930 0.137167 0.144167 0.123310 0.140268 0.123894 0.132014 0.143445 0.126043 0.114509 0.104492 0.124098 0.103118 0.075334 0.078637 0.017162 0.125368 0.040681 0.065132 0.038867 0.076455 0.113437 0.151139 0.136540 0.114483 0.134135 0.148625 0.146692 0.141021
942000.044743 5.519678 0.144385 0.120228 0.103505 0.112874 0.109938 0.130643 0.131309 0.139863 0.119896 0.136969 0.116620 0.137978 0.150092 0.134146 0.120469 0.103518 0.132462 0.111488 0.084775 0.088747 0.018679 0.133102 0.048844 0.073190 0.045012 0.081416 0.117299 0.156499 0.133130 0.109065 0.133424 0.147155 0.147958 0.140365
943000.044790 5.798662 0.147070 0.122433 0.104024 0.111203 0.113671 0.134917 0.129705 0.141289 0.117334 0.139355 0.118029 0.133300 0.146287 0.131607 0.118189 0.100504 0.129071 0.108143 0.080592 0.087506 0.019145 0.131326 0.049771 0.067748 0.039778 0.075866 0.111771 0.152911 0.136703 0.108180 0.135622 0.150395 0.148891 0.143472
944000.044838 7.243561 0.150709 0.126655 0.107206 0.112604 0.118353 0.137641 0.129918 0.142263 0.117075 0.143904 0.122397 0.132318 0.147727 0.134591 0.118781 0.097525 0.130598 0.112661 0.084330 0.092242 0.021398 0.135548 0.054598 0.067985 0.043429 0.077423 0.109880 0.153583 0.140725 0.110452 0.140111 0.152940 0.152261 0.146707
945000.044885 5.833624 0.143975 0.118452 0.101351 0.111538 0.108170 0.129684 0.129756 0.139192 0.118741 0.135440 0.114711 0.139938 0.152625 0.137067 0.121688 0.103106 0.135119 0.114038 0.088148 0.091687 0.019203 0.135262 0.051701 0.076633 0.050109 0.085335 0.119438 0.158085 0.132276 0.107550 0.132584 0.146641 0.148164 0.139650
946000.044933 0.856231 0.148068 0.124780 0.108309 0.115498 0.115851 0.133072 0.129988 0.139832 0.119209 0.142772 0.123955 0.132060 0.147854 0.134438 0.115302 0.096846 0.128901 0.113371 0.085995 0.089150 0.007357 0.133798 0.051223 0.070699 0.047632 0.083420 0.111416 0.152614 0.138086 0.112756 0.137231 0.148433 0.148931 0.142123
947000.044980 5.895266 0.147342 0.122592 0.104382 0.111206 0.110594 0.132054 0.126685 0.137446 0.118556 0.139459 0.117137 0.138176 0.153250 0.140189 0.119735 0.098860 0.135290 0.118664 0.092778 0.095360 0.019304 0.138882 0.057129 0.079013 0.052251 0.087497 0.116482 0.157623 0.134915 0.108758 0.135926 0.148021 0.149641 0.142059
948000.045028 6.375129 0.141806 0.117313 0.103915 0.116744 0.105648 0.127361 0.135151 0.140606 0.124945 0.133661 0.114764 0.141353 0.151041 0.132416 0.119812 0.108169 0.131983 0.109301 0.084780 0.083699 0.020074 0.130469 0.042939 0.078001 0.047140 0.085463 0.122792 0.157579 0.129285 0.111749 0.130353 0.145053 0.146290 0.137712
949000.045075 4.093727 0.148477 0.124756 0.106381 0.113113 0.117059 0.136513 0.130398 0.142238 0.117402 0.142740 0.122237 0.131588 0.145097 0.130870 0.117317 0.100241 0.127503 0.107834 0.079516 0.086332 0.016086 0.130379 0.049070 0.064894 0.038780 0.075077 0.110198 0.151176 0.139384 0.110295 0.136967 0.150862 0.149034 0.144167
950000.045123 5.328624 0.140666 0.117794 0.105216 0.115601 0.107865 0.126324 0.132640 0.137355 0.122457 0.134959 0.117203 0.133953 0.144374 0.127132 0.113907 0.103359 0.125244 0.105468 0.080596 0.079511 0.018353 0.126297 0.040533 0.072605 0.042860 0.081448 0.115856 0.151826 0.129867 0.111563 0.129942 0.143080 0.143408 0.136141
951000.045170 6.121217 0.149287 0.125414 0.106624 0.113111 0.117205 0.138082 0.131855 0.144051 0.118580 0.142464 0.121388 0.132393 0.145460 0.131001 0.118782 0.101717 0.128368 0.107054 0.078083 0.086777 0.019670 0.130733 0.049678 0.063838 0.035936 0.072490 0.110349 0.152335 0.139702 0.110082 0.137732 0.152649 0.150139 0.145744
952000.045218 9.591800 0.145129 0.121705 0.103960 0.109345 0.113092 0.133395 0.128266 0.138850 0.116389 0.138216 0.116770 0.130091 0.142327 0.128221 0.116143 0.099249 0.125958 0.105374 0.078054 0.085821 0.024623 0.128564 0.049721 0.065618 0.036569 0.072439 0.108403 0.150201 0.134929 0.107305 0.134572 0.148396 0.146777 0.142028
953000.045265 2.606415 0.151659 0.128215 0.109735 0.114913 0.121303 0.138520 0.130676 0.143601 0.117283 0.146228 0.126809 0.128479 0.145351 0.133233 0.116058 0.095398 0.127642 0.111207 0.081755 0.090288 0.012835 0.133324 0.053439 0.063463 0.043024 0.076835 0.106412 0.150001 0.142921 0.112662 0.140848 0.153077 0.151592 0.146565
954000.045313 5.800388 0.143306 0.121197 0.108374 0.117796 0.110713 0.129550 0.135002 0.140007 0.124454 0.137571 0.119631 0.132907 0.143417 0.125767 0.113106 0.103692 0.123804 0.104387 0.078800 0.077641 0.019148 0.126076 0.039464 0.070826 0.038351 0.078070 0.114141 0.151815 0.132122 0.113965 0.132511 0.146035 0.145295 0.139180
955000.045360 5.322267 0.149368 0.125713 0.106022 0.109822 0.117667 0.137034 0.126777 0.140092 0.114503 0.142908 0.121287 0.128835 0.144163 0.132013 0.116346 0.095539 0.127491 0.109784 0.080996 0.090248 0.018342 0.132187 0.054012 0.064028 0.039475 0.073820 0.105918 0.149664 0.139843 0.108312 0.138402 0.151035 0.149340 0.145007
956000.045408 4.858551 0.142364 0.119291 0.107350 0.119282 0.109519 0.127545 0.135446 0.139495 0.125093 0.136908 0.119790 0.135342 0.145914 0.127491 0.113736 0.104402 0.125606 0.106190 0.081665 0.078549 0.017524 0.126852 0.038675 0.074411 0.044992 0.084133 0.118245 0.153037 0.131566 0.114732 0.131296 0.144452 0.145032 0.137514
957000.045455 8.233649 0.140180 0.117220 0.104725 0.115403 0.107095 0.126828 0.132711 0.137584 0.123077 0.134511 0.115803 0.133392 0.142460 0.124235 0.113061 0.104676 0.123208 0.102145 0.078048 0.076126 0.022813 0.122853 0.038138 0.072316 0.040005 0.080048 0.116213 0.149901 0.129504 0.111512 0.128741 0.142722 0.142264 0.136000
958000.045503 7.192332 0.151002 0.128698 0.110129 0.113453 0.121487 0.139476 0.129827 0.142269 0.116917 0.146189 0.125589 0.126397 0.140935 0.128150 0.114121 0.096654 0.123521 0.106443 0.077538 0.085630 0.021322 0.129463 0.051312 0.060809 0.034718 0.070565 0.103769 0.147738 0.142377 0.112112 0.140154 0.152570 0.149472 0.146692
959000.045550 3.533154 0.146856 0.123452 0.106818 0.114127 0.116806 0.134184 0.131177 0.141401 0.117883 0.141885 0.123089 0.129418 0.143308 0.128890 0.115013 0.098629 0.125338 0.106238 0.077928 0.084596 0.014944 0.128133 0.047221 0.063427 0.040146 0.076240 0.109141 0.149571 0.138553 0.111035 0.135814 0.148813 0.147436 0.142069
960000.045598 2.040018 0.144673 0.122536 0.109055 0.117854 0.112886 0.129387 0.132697 0.138632 0.122592 0.139777 0.122625 0.131965 0.144965 0.129027 0.112332 0.099736 0.125050 0.108669 0.082612 0.081741 0.011356 0.128818 0.043891 0.071365 0.044319 0.082390 0.113145 0.151350 0.134245 0.114676 0.134063 0.145374 0.145869 0.138979
961000.045645 2.836523 0.151748 0.129058 0.110736 0.115767 0.121794 0.138199 0.129560 0.141561 0.117499 0.147472 0.127991 0.127513 0.144069 0.131707 0.113338 0.093989 0.125375 0.111472 0.083147 0.088457 0.013390 0.132833 0.052457 0.065455 0.043627 0.078695 0.106176 0.148715 0.143352 0.113964 0.140952 0.152070 0.150464 0.146103
962000.045693 8.130724 0.140800 0.118802 0.108246 0.120236 0.107370 0.126573 0.137315 0.139598 0.127746 0.134986 0.117999 0.135376 0.144027 0.124276 0.112675 0.107184 0.123429 0.103081 0.079413 0.074162 0.022670 0.124157 0.034715 0.075073 0.041102 0.081563 0.118710 0.152292 0.128963 0.115569 0.129903 0.143763 0.143650 0.136686
963000.045740 7.061721 0.155427 0.132626 0.113806 0.118636 0.129507 0.144083 0.132272 0.147113 0.116654 0.152956 0.134718 0.124928 0.141628 0.129384 0.114243 0.096365 0.123196 0.107712 0.078148 0.086826 0.021127 0.129757 0.053026 0.058301 0.043100 0.075667 0.104208 0.145381 0.150099 0.116628 0.143994 0.156051 0.151965 0.149690
964000.045788 2.436875 0.149111 0.125399 0.108824 0.116414 0.115398 0.133770 0.130727 0.140191 0.120790 0.143204 0.123269 0.134144 0.149118 0.134572 0.115479 0.097966 0.129451 0.113969 0.087688 0.088356 0.012411 0.134732 0.050315 0.073966 0.047671 0.084804 0.113719 0.154268 0.138298 0.113747 0.137927 0.149527 0.150049 0.143408
965000.045835 6.063683 0.152699 0.127900 0.106755 0.110232 0.119848 0.137211 0.121666 0.136753 0.112954 0.146563 0.124909 0.128856 0.149969 0.142124 0.114920 0.086883 0.132303 0.122799 0.095109 0.102116 0.019578 0.142145 0.065910 0.074633 0.057994 0.089566 0.107623 0.150953 0.143470 0.109530 0.141728 0.151041 0.152204 0.145888
966000.045883 3.591213 0.142689 0.119149 0.105684 0.116280 0.108350 0.126381 0.130837 0.136540 0.122775 0.136718 0.118676 0.137470 0.150908 0.135403 0.116690 0.100887 0.131602 0.114409 0.089375 0.088487 0.015066 0.133007 0.049330 0.078515 0.053069 0.090032 0.118794 0.155293 0.131574 0.112610 0.131800 0.142628 0.145393 0.136427
967000.045930 3.639585 0.150619 0.127392 0.109997 0.116699 0.115868 0.135502 0.131418 0.141493 0.122373 0.143917 0.123400 0.136091 0.151557 0.137793 0.118164 0.099253 0.132596 0.116812 0.089510 0.091872 0.015168 0.137580 0.054157 0.074851 0.048055 0.084716 0.114532 0.156523 0.138896 0.114291 0.139496 0.151091 0.151776 0.145156
968000.045978 4.959376 0.140283 0.117219 0.106023 0.119541 0.107087 0.124428 0.135163 0.138082 0.125100 0.133225 0.118644 0.138432 0.149195 0.131201 0.115864 0.105399 0.129452 0.110738 0.086343 0.083337 0.017705 0.130669 0.043758 0.078727 0.052627 0.088907 0.121546 0.155443 0.128803 0.114208 0.129693 0.142539 0.144209 0.134984
969000.046025 4.623524 0.146371 0.123056 0.109666 0.121557 0.116109 0.132657 0.137653 0.144042 0.124311 0.141847 0.125552 0.133814 0.145521 0.127266 0.114041 0.104242 0.124800 0.105398 0.079566 0.078620 0.017095 0.127024 0.039709 0.070268 0.044771 0.082721 0.116622 0.152473 0.137701 0.116772 0.134979 0.148864 0.147911 0.141315
970000.046073 5.968280 0.141874 0.119593 0.106985 0.117514 0.108694 0.127393 0.134879 0.139274 0.124053 0.135862 0.118138 0.135231 0.145386 0.127133 0.114423 0.104815 0.125741 0.105978 0.081051 0.079102 0.019423 0.127244 0.039468 0.073415 0.041828 0.080359 0.116590 0.153246 0.130099 0.113466 0.131478 0.144561 0.145075 0.137690
971000.046120 4.008585 0.144393 0.121987 0.107174 0.115732 0.113395 0.131381 0.132310 0.139911 0.120635 0.139663 0.121187 0.130313 0.142483 0.126419 0.112928 0.100511 0.123382 0.104737 0.078174 0.080290 0.015918 0.126208 0.042482 0.067344 0.038979 0.077085 0.111001 0.149558 0.134907 0.112330 0.133604 0.146677 0.145547 0.139887
972000.046168 4.897615 0.144996 0.121467 0.107468 0.118026 0.109196 0.127900 0.130824 0.136755 0.124267 0.138590 0.120003 0.139248 0.153808 0.138666 0.116928 0.100203 0.133649 0.118995 0.094600 0.091545 0.017595 0.137386 0.052759 0.083350 0.057196 0.094005 0.120518 0.157596 0.133055 0.114297 0.133929 0.144395 0.147295 0.138473
973000.046215 5.293007 0.150623 0.127376 0.108355 0.113057 0.121635 0.139412 0.129899 0.143193 0.115943 0.145868 0.125622 0.126434 0.141788 0.129456 0.115563 0.096131 0.124962 0.106499 0.076687 0.087578 0.018291 0.129274 0.051735 0.058910 0.037311 0.071999 0.104561 0.147413 0.143143 0.111005 0.139625 0.152630 0.149765 0.146284
974000.046263 4.627297 0.141689 0.118734 0.107057 0.119050 0.109742 0.127387 0.136420 0.140512 0.124799 0.135936 0.119847 0.134625 0.145217 0.126878 0.114011 0.104868 0.125339 0.104461 0.079105 0.078272 0.017102 0.125584 0.038600 0.071655 0.043785 0.081962 0.117253 0.152569 0.131405 0.114224 0.130814 0.144336 0.144550 0.136975
975000.046310 9.530456 0.135062 0.111406 0.100804 0.114888 0.098426 0.119937 0.132573 0.134363 0.124764 0.127413 0.109646 0.141955 0.149033 0.130381 0.118759 0.110146 0.130726 0.108784 0.086441 0.081908 0.024544 0.127982 0.041431 0.082322 0.050487 0.088508 0.125245 0.154928 0.121950 0.109429 0.123975 0.138155 0.140336 0.130852
976000.046358 8.520594 0.151628 0.127732 0.107682 0.111930 0.119016 0.139221 0.129476 0.142326 0.117201 0.144486 0.122207 0.132010 0.146739 0.133706 0.118717 0.098163 0.129889 0.111623 0.082989 0.091522 0.023207 0.134974 0.054980 0.066721 0.040134 0.074969 0.109036 0.153130 0.141471 0.110193 0.140630 0.153792 0.152138 0.147840
977000.046405 9.814669 0.143566 0.120460 0.105365 0.113584 0.109121 0.130523 0.132228 0.139391 0.121913 0.136550 0.115678 0.135495 0.145304 0.128145 0.116955 0.105148 0.127068 0.105849 0.080641 0.081550 0.024907 0.127986 0.044004 0.072466 0.038256 0.077188 0.115368 0.153375 0.131654 0.110448 0.132442 0.146675 0.146066 0.140129
978000.046453 9.086052 0.142358 0.119684 0.106627 0.117393 0.113013 0.131354 0.136492 0.142663 0.122661 0.137923 0.120572 0.130350 0.139414 0.120641 0.112776 0.105895 0.120183 0.097035 0.070817 0.072856 0.023965 0.119856 0.035115 0.064274 0.033828 0.073471 0.113036 0.148488 0.134134 0.112736 0.130897 0.146458 0.143754 0.138860
979000.046500 2.102332 0.146449 0.122622 0.106780 0.114960 0.112114 0.130447 0.128812 0.137686 0.120099 0.140005 0.120814 0.134677 0.150090 0.136273 0.115464 0.097139 0.130764 0.115763 0.089952 0.090561 0.011528 0.135572 0.052366 0.076634 0.051838 0.087813 0.114594 0.154556 0.135100 0.112137 0.135557 0.146633 0.148204 0.140374
980000.046548 6.021190 0.139607 0.116581 0.105100 0.116415 0.105598 0.124095 0.131306 0.135070 0.123780 0.133803 0.116231 0.134955 0.145473 0.128261 0.112674 0.102490 0.125788 0.107425 0.084048 0.080183 0.019509 0.126508 0.041964 0.077398 0.047990 0.086890 0.118182 0.151383 0.128244 0.112572 0.128561 0.140718 0.142113 0.134221
981000.046595 1.806859 0.151313 0.128123 0.110576 0.115971 0.119260 0.136337 0.130679 0.141753 0.119055 0.145373 0.126148 0.130884 0.147744 0.135127 0.115367 0.095289 0.128965 0.114654 0.086521 0.090817 0.010687 0.136154 0.053696 0.069290 0.046352 0.081053 0.108945 0.152849 0.141064 0.113847 0.140697 0.151857 0.151716 0.145642
982000.046642 11.085258 0.145737 0.122808 0.106357 0.114204 0.119389 0.137480 0.134083 0.145298 0.117758 0.141679 0.123390 0.125651 0.136501 0.120406 0.114169 0.102879 0.119552 0.094981 0.065250 0.077103 0.026471 0.119069 0.042455 0.053530 0.028771 0.065695 0.106475 0.144779 0.140122 0.110425 0.134031 0.150148 0.145145 0.142702
983000.046690 5.827438 0.145686 0.122978 0.108665 0.116906 0.115295 0.133494 0.134279 0.142031 0.121873 0.140859 0.122491 0.129600 0.141220 0.124861 0.112783 0.101614 0.122174 0.102321 0.075553 0.078195 0.019192 0.124849 0.041537 0.065343 0.036186 0.075026 0.110449 0.149425 0.136591 0.113362 0.134439 0.148521 0.146290 0.141514
984000.046737 6.072835 0.144042 0.120904 0.104948 0.111610 0.110948 0.130897 0.130348 0.139279 0.118924 0.136664 0.116797 0.132403 0.144682 0.129694 0.116405 0.100793 0.127479 0.107017 0.079769 0.085327 0.019592 0.129325 0.047805 0.068036 0.038851 0.075078 0.110995 0.152232 0.132580 0.108981 0.133590 0.147030 0.146621 0.140351
985000.046785 4.140708 0.143234 0.119331 0.104682 0.115720 0.108318 0.128526 0.132809 0.139363 0.122750 0.136059 0.116968 0.138289 0.150371 0.133599 0.118485 0.103513 0.131561 0.111554 0.085840 0.086769 0.016178 0.132262 0.046424 0.075907 0.047592 0.084849 0.118953 0.156324 0.131545 0.111426 0.132248 0.145404 0.146912 0.138624
986000.046832 2.722422 0.149658 0.126354 0.109816 0.117844 0.117924 0.135069 0.132621 0.142318 0.120420 0.144541 0.125883 0.133480 0.148296 0.133464 0.116136 0.099532 0.128690 0.112803 0.085833 0.087529 0.013118 0.134122 0.049398 0.071379 0.047187 0.082886 0.113072 0.153689 0.139770 0.114648 0.138734 0.150779 0.150636 0.144130
987000.046880 4.350905 0.149243 0.124988 0.106435 0.113335 0.113953 0.134145 0.128822 0.139934 0.118884 0.141744 0.120382 0.136895 0.152623 0.139166 0.119501 0.098282 0.134361 0.117998 0.091087 0.094571 0.016584 0.139016 0.055870 0.076168 0.050269 0.085302 0.114972 0.157293 0.137372 0.110832 0.138279 0.150251 0.151555 0.144138
988000.046927 8.865578 0.141170 0.118005 0.104670 0.115368 0.111344 0.129964 0.135472 0.141877 0.121562 0.135621 0.118278 0.131327 0.140425 0.122144 0.114610 0.105728 0.122328 0.097753 0.070957 0.075532 0.023672 0.120788 0.037418 0.063875 0.034821 0.073391 0.113509 0.149472 0.132545 0.110832 0.130060 0.145671 0.143660 0.137942
989000.046975 1.936944 0.148878 0.125147 0.108168 0.115700 0.115049 0.133531 0.130692 0.140486 0.120436 0.142600 0.122777 0.134989 0.150762 0.136902 0.117413 0.097887 0.131834 0.115794 0.088647 0.091394 0.011065 0.136515 0.052572 0.073730 0.048937 0.084973 0.113971 0.155569 0.137957 0.112937 0.138002 0.149453 0.150630 0.143274
990000.047022 5.488069 0.147587 0.123895 0.105576 0.110615 0.114424 0.133866 0.127412 0.138575 0.116921 0.140863 0.119317 0.131328 0.146423 0.133663 0.116618 0.096105 0.129312 0.111861 0.084129 0.090943 0.018625 0.133436 0.053648 0.068899 0.043107 0.078414 0.109330 0.152238 0.136986 0.108928 0.136973 0.148957 0.149022 0.143113
991000.047070 7.718758 0.143425 0.120393 0.105805 0.115910 0.114261 0.133570 0.135170 0.143585 0.121141 0.137852 0.120546 0.129380 0.139442 0.122360 0.114122 0.104442 0.121581 0.097887 0.069900 0.076684 0.022088 0.121444 0.040118 0.061488 0.033528 0.071453 0.111098 0.147998 0.135421 0.111233 0.131830 0.148306 0.144600 0.140259
992000.047117 5.513055 0.143051 0.120077 0.106096 0.116602 0.112508 0.131127 0.135693 0.142741 0.121928 0.137164 0.120018 0.132309 0.142471 0.124620 0.114924 0.105071 0.123862 0.101051 0.073908 0.077542 0.018667 0.124043 0.038758 0.065349 0.036431 0.074604 0.113660 0.150913 0.133609 0.112129 0.132060 0.147286 0.145520 0.139462
993000.047165 9.190997 0.141535 0.117657 0.103513 0.114457 0.105769 0.127650 0.132860 0.138615 0.123672 0.133894 0.113448 0.138484 0.148251 0.130413 0.118251 0.105811 0.129897 0.107717 0.083156 0.083327 0.024103 0.129018 0.043774 0.076256 0.043701 0.082635 0.119706 0.155435 0.129267 0.110479 0.130506 0.144715 0.145665 0.138043
994000.047212 5.386788 0.147012 0.123727 0.106854 0.112456 0.114285 0.133198 0.129051 0.138727 0.118253 0.140781 0.120253 0.131181 0.144846 0.130777 0.114985 0.097980 0.126857 0.109496 0.082489 0.086478 0.018452 0.131245 0.049799 0.068749 0.040940 0.077667 0.109860 0.151653 0.136474 0.110296 0.136079 0.148424 0.147750 0.142407
995000.047260 6.292466 0.156653 0.133238 0.111003 0.111801 0.127679 0.143725 0.124518 0.141566 0.111436 0.151751 0.130788 0.123258 0.143863 0.136553 0.114902 0.087406 0.127555 0.116714 0.086478 0.098392 0.019943 0.138214 0.063730 0.062105 0.048184 0.077764 0.099828 0.145333 0.149321 0.111601 0.146072 0.156014 0.153533 0.150773
996000.047307 4.896583 0.143874 0.120061 0.104111 0.112613 0.107939 0.128112 0.127038 0.135141 0.120117 0.136924 0.116503 0.137204 0.150789 0.136602 0.117053 0.099538 0.132283 0.115920 0.090730 0.090996 0.017593 0.134956 0.052789 0.079002 0.051866 0.088571 0.117358 0.155013 0.131791 0.109753 0.132665 0.143992 0.145926 0.138132
997000.047355 3.836824 0.142029 0.118617 0.104456 0.114039 0.108769 0.127126 0.129934 0.136299 0.120531 0.136606 0.117823 0.134742 0.146746 0.131072 0.115508 0.101415 0.127997 0.109593 0.084234 0.084477 0.015573 0.129289 0.045761 0.073748 0.046665 0.084373 0.115975 0.152478 0.131553 0.110509 0.130991 0.143015 0.144171 0.136610
998000.047402 4.275332 0.143876 0.121315 0.108270 0.119970 0.114077 0.130235 0.136725 0.142317 0.123439 0.139452 0.123711 0.133227 0.144270 0.126160 0.113858 0.104539 0.124235 0.104304 0.078013 0.078102 0.016439 0.125616 0.038853 0.068897 0.043267 0.080873 0.115830 0.151518 0.134951 0.115351 0.133064 0.146510 0.145994 0.138974
999000.047450 7.859618 0.138319 0.114057 0.099853 0.111418 0.102088 0.123998 0.129615 0.135418 0.121081 0.130558 0.110544 0.140052 0.150144 0.133511 0.120002 0.105420 0.132732 0.110829 0.086247 0.087672 0.022289 0.130232 0.047639 0.078251 0.049191 0.085869 0.121047 0.155213 0.126197 0.107035 0.127171 0.140597 0.142680 0.133999
1000000.047497 5.508947 0.143116 0.119031 0.104619 0.115673 0.106363 0.127721 0.132607 0.138819 0.124074 0.135264 0.115637 0.141793 0.153060 0.136252 0.120610 0.105970 0.134337 0.114117 0.089096 0.088383 0.018661 0.134109 0.048362 0.079881 0.050172 0.087937 0.122186 0.158400 0.130230 0.111538 0.131813 0.144811 0.146900 0.138210
