#! FIELDS time restraint.bias r0 r1 r2 r3 r4 r5 r6 r7 r8 r9 r10 r11 r12 r13 r14 r15 r16 r17 r18 r19 r20 r21 r22 r23 r24 r25 r26 r27 r28 r29 r30 r31 r32 r33
580000.027549 3.899921 0.079417 0.091289 0.120378 0.139022 0.106350 0.102645 0.148172 0.126435 0.144844 0.098684 0.119325 0.075273 0.046246 0.015701 0.090094 0.116626 0.050914 0.053973 0.084835 0.068903 0.138926 0.035861 0.102734 0.116021 0.111688 0.110027 0.097961 0.079936 0.101123 0.131807 0.077261 0.096670 0.075190 0.085745
581000.027596 4.281151 0.077791 0.088728 0.118274 0.137951 0.105839 0.101656 0.146280 0.125158 0.142523 0.098467 0.119096 0.072861 0.044338 0.016450 0.089443 0.114991 0.049019 0.053625 0.085057 0.070093 0.139030 0.030768 0.103847 0.115477 0.113334 0.112123 0.097168 0.075509 0.101912 0.130513 0.074237 0.093649 0.071697 0.082586
582000.027644 10.441211 0.072799 0.093073 0.124099 0.135874 0.109279 0.095905 0.136784 0.114548 0.136574 0.099568 0.124281 0.059579 0.025517 0.025690 0.088464 0.109491 0.045345 0.069669 0.097427 0.084242 0.146521 0.044285 0.116194 0.120318 0.122777 0.117389 0.085549 0.061711 0.099422 0.132470 0.075572 0.083600 0.061413 0.075071
583000.027691 5.801370 0.089091 0.106589 0.135123 0.146858 0.117013 0.102376 0.141867 0.118552 0.146419 0.113778 0.135318 0.057164 0.037309 0.019149 0.070555 0.097704 0.029708 0.073855 0.098812 0.070118 0.138922 0.053055 0.106688 0.121323 0.117090 0.118223 0.082873 0.071608 0.107949 0.144097 0.090986 0.095287 0.077170 0.088673
584000.027739 5.406169 0.087163 0.103568 0.131587 0.143779 0.116044 0.101068 0.139223 0.116627 0.142070 0.112802 0.134014 0.053731 0.033608 0.018486 0.070741 0.095663 0.027383 0.072533 0.097219 0.071195 0.137649 0.049559 0.106849 0.118269 0.116711 0.117829 0.080724 0.066117 0.108462 0.141174 0.087733 0.091423 0.073049 0.085069
585000.027786 3.234126 0.080109 0.089495 0.117737 0.137297 0.105658 0.100630 0.143911 0.122728 0.140807 0.100952 0.120176 0.070058 0.045154 0.014298 0.083298 0.109841 0.043499 0.054469 0.084149 0.064746 0.134238 0.033036 0.099106 0.113252 0.110046 0.111012 0.094475 0.074394 0.103143 0.130065 0.075576 0.093190 0.072064 0.082630
586000.027834 5.201130 0.075075 0.090519 0.120545 0.136348 0.106683 0.098218 0.141707 0.119462 0.139776 0.098149 0.120770 0.066666 0.036092 0.018132 0.088195 0.112531 0.046357 0.061399 0.090667 0.075815 0.142111 0.037287 0.108714 0.117927 0.117118 0.113852 0.091747 0.069675 0.099879 0.130488 0.074529 0.088901 0.066597 0.079006
587000.027881 4.383165 0.083530 0.095067 0.123483 0.141498 0.108742 0.101245 0.143330 0.121435 0.143679 0.106011 0.125056 0.065235 0.043704 0.016645 0.076404 0.103633 0.037454 0.060392 0.088400 0.064141 0.133997 0.037971 0.099637 0.115811 0.111509 0.113827 0.090851 0.072603 0.104699 0.135267 0.080728 0.093931 0.074073 0.084826
588000.027929 2.950389 0.080670 0.092904 0.121708 0.139341 0.108029 0.101648 0.145719 0.123878 0.143168 0.101711 0.122470 0.070026 0.043170 0.013656 0.084358 0.111480 0.044608 0.056880 0.086088 0.067029 0.136831 0.037897 0.101711 0.115231 0.111534 0.110655 0.093605 0.076813 0.102631 0.132596 0.078643 0.095252 0.073959 0.084609
589000.027976 2.627920 0.083670 0.096808 0.125048 0.143196 0.111869 0.102621 0.146410 0.123505 0.145102 0.107324 0.127634 0.065313 0.041442 0.012888 0.078869 0.106602 0.037732 0.063167 0.091487 0.068038 0.138626 0.040340 0.103704 0.118745 0.115527 0.115999 0.091161 0.073703 0.106316 0.136867 0.082254 0.094548 0.074940 0.085272
590000.028023 2.196000 0.083327 0.096701 0.125183 0.142274 0.110115 0.103414 0.147868 0.125344 0.145936 0.103672 0.124765 0.071430 0.044726 0.011782 0.084738 0.111940 0.044956 0.061119 0.089507 0.068174 0.138857 0.044329 0.103219 0.117964 0.112608 0.111568 0.093185 0.079786 0.103933 0.136128 0.082268 0.097662 0.077344 0.087618
591000.028071 2.472610 0.090261 0.100636 0.127707 0.145122 0.111163 0.103519 0.146904 0.124005 0.148132 0.109238 0.128224 0.070427 0.051099 0.012502 0.072863 0.103590 0.038100 0.060911 0.086791 0.055627 0.130087 0.044889 0.093556 0.115227 0.107022 0.111889 0.093763 0.081868 0.106701 0.139291 0.087693 0.100454 0.082311 0.091551
592000.028118 18.092249 0.093143 0.092081 0.113201 0.136670 0.104584 0.108232 0.151350 0.132528 0.143799 0.107215 0.117625 0.086673 0.069571 0.033817 0.083044 0.114543 0.055600 0.041600 0.066668 0.041557 0.115487 0.037784 0.075637 0.101571 0.090986 0.099195 0.105679 0.094768 0.108181 0.126719 0.084742 0.108164 0.090482 0.096623
593000.028166 2.502172 0.088057 0.100794 0.127523 0.141907 0.113106 0.102882 0.142553 0.120906 0.142925 0.109682 0.129510 0.062177 0.041937 0.012576 0.072308 0.100097 0.033461 0.063652 0.088399 0.062656 0.131809 0.046103 0.098695 0.113431 0.108931 0.110453 0.085522 0.075143 0.107154 0.137302 0.086849 0.096929 0.077572 0.088402
594000.028213 10.185871 0.096255 0.105646 0.129944 0.145072 0.114282 0.104107 0.141568 0.120195 0.144515 0.117239 0.133594 0.062614 0.052324 0.025374 0.059668 0.091684 0.026805 0.068129 0.088768 0.051616 0.122476 0.053103 0.089418 0.111686 0.103741 0.111445 0.085209 0.078772 0.111007 0.140736 0.093072 0.100428 0.084198 0.093064
595000.028261 2.332352 0.083592 0.097661 0.126035 0.141033 0.111472 0.100030 0.140718 0.118505 0.141498 0.107001 0.128049 0.059601 0.036946 0.012142 0.074443 0.100372 0.033325 0.064900 0.091390 0.067929 0.135801 0.042177 0.103311 0.116018 0.113690 0.114548 0.085833 0.068983 0.105062 0.136629 0.082704 0.091715 0.072183 0.083576
596000.028308 3.940836 0.089341 0.098353 0.124054 0.141994 0.109434 0.103976 0.146706 0.124753 0.145941 0.108346 0.125501 0.071024 0.051630 0.015783 0.074442 0.105216 0.039749 0.056825 0.082426 0.054206 0.127584 0.041547 0.091011 0.111650 0.103826 0.108043 0.093630 0.081975 0.106128 0.135317 0.085980 0.100614 0.081870 0.091222
597000.028356 3.610594 0.079122 0.094451 0.123722 0.138997 0.110042 0.099371 0.141948 0.119528 0.140404 0.102781 0.125494 0.063595 0.035877 0.015107 0.082761 0.108214 0.040586 0.064565 0.092188 0.073081 0.140161 0.043648 0.107064 0.117753 0.116257 0.113835 0.088053 0.070828 0.102904 0.133751 0.078947 0.090784 0.069551 0.081007
598000.028403 3.028134 0.087606 0.102539 0.130036 0.143080 0.112642 0.101401 0.142825 0.119929 0.144689 0.109023 0.129861 0.063790 0.042289 0.013835 0.073374 0.101931 0.035287 0.067084 0.091549 0.063937 0.133821 0.050965 0.099990 0.116412 0.110229 0.111394 0.085957 0.077365 0.104711 0.139236 0.088300 0.097056 0.078611 0.088781
599000.028451 4.898368 0.078623 0.094865 0.124983 0.140425 0.110359 0.102250 0.146890 0.124532 0.144485 0.099801 0.123254 0.072052 0.040512 0.017596 0.092051 0.116103 0.051208 0.062113 0.091892 0.077316 0.144956 0.043484 0.110598 0.120058 0.117694 0.113390 0.094086 0.077479 0.101855 0.135153 0.079842 0.094720 0.073692 0.084826
600000.028498 5.217726 0.087147 0.102736 0.129915 0.141701 0.113254 0.101318 0.140239 0.118179 0.142176 0.110263 0.130587 0.058595 0.037675 0.018161 0.072533 0.099436 0.032154 0.069089 0.092964 0.067407 0.134637 0.050468 0.102759 0.115754 0.111710 0.112052 0.081851 0.072058 0.105489 0.138424 0.087670 0.094629 0.075636 0.087103
601000.028546 7.213218 0.075164 0.091022 0.122612 0.139089 0.107725 0.096279 0.139657 0.116682 0.139923 0.101124 0.124044 0.061845 0.033576 0.021353 0.084372 0.107583 0.041259 0.065979 0.095725 0.077318 0.143708 0.037191 0.111179 0.120864 0.121454 0.120338 0.090253 0.062995 0.101453 0.133902 0.074128 0.084696 0.063432 0.075926
602000.028593 16.776252 0.084886 0.104518 0.132417 0.139043 0.117239 0.096509 0.128719 0.106761 0.133330 0.114218 0.136539 0.040183 0.023119 0.032564 0.069584 0.089374 0.024537 0.082313 0.104225 0.081518 0.139737 0.056887 0.114319 0.118567 0.121883 0.120990 0.070664 0.052243 0.108343 0.139158 0.087133 0.082615 0.064194 0.078475
603000.028641 7.125276 0.076010 0.089780 0.119331 0.134543 0.105863 0.096526 0.138101 0.116905 0.136441 0.100250 0.121441 0.063199 0.035779 0.021222 0.083657 0.108350 0.041806 0.060312 0.088416 0.071921 0.137121 0.036954 0.104962 0.114031 0.114149 0.112707 0.088872 0.066841 0.100241 0.129230 0.074338 0.087084 0.065201 0.077077
604000.028688 3.429785 0.082896 0.100848 0.130873 0.144388 0.112496 0.100623 0.145326 0.121266 0.146613 0.105387 0.128713 0.066732 0.039286 0.014724 0.082793 0.109090 0.042510 0.069251 0.096773 0.073460 0.143098 0.049988 0.108717 0.122563 0.118007 0.116435 0.089762 0.076507 0.102395 0.140625 0.085480 0.094536 0.075970 0.086295
605000.028736 5.123792 0.076041 0.091109 0.121558 0.137663 0.106541 0.098333 0.142156 0.119984 0.141028 0.099579 0.121312 0.066576 0.037181 0.017996 0.086359 0.111264 0.044847 0.060011 0.089877 0.073120 0.140588 0.036319 0.106800 0.117481 0.115872 0.113877 0.091811 0.070380 0.099864 0.131926 0.075503 0.089712 0.068087 0.079885
606000.028783 9.304295 0.075747 0.095594 0.125772 0.136259 0.110833 0.095853 0.134737 0.112595 0.135815 0.103086 0.126873 0.054866 0.023284 0.024251 0.083423 0.104434 0.039721 0.070814 0.097372 0.081775 0.143891 0.044742 0.114336 0.118707 0.121334 0.117567 0.082131 0.058984 0.101522 0.133747 0.078224 0.083325 0.061706 0.075929
607000.028831 5.585161 0.080705 0.091494 0.120240 0.140353 0.106503 0.104667 0.151498 0.129913 0.147207 0.098811 0.118772 0.079716 0.051419 0.018789 0.091952 0.119621 0.054326 0.051221 0.082744 0.067052 0.138051 0.035998 0.100698 0.116011 0.110190 0.108735 0.101374 0.085010 0.101593 0.132137 0.078627 0.100335 0.079263 0.088544
608000.028878 6.178834 0.079677 0.088750 0.116714 0.136587 0.105853 0.101957 0.145698 0.124788 0.141441 0.100532 0.119295 0.072004 0.046345 0.019763 0.086383 0.113465 0.047057 0.052457 0.082931 0.066789 0.135725 0.029553 0.100401 0.113523 0.111097 0.110980 0.097120 0.075511 0.103278 0.128381 0.075183 0.094438 0.072421 0.083295
609000.028926 11.973464 0.076253 0.087482 0.116008 0.134105 0.104792 0.095232 0.135425 0.114145 0.134264 0.102052 0.121513 0.059775 0.037530 0.027511 0.080163 0.103626 0.038470 0.064872 0.092089 0.073888 0.137207 0.034671 0.106032 0.115735 0.117700 0.118599 0.089103 0.058559 0.102669 0.128206 0.071489 0.082114 0.060975 0.073304
610000.028973 2.612046 0.082217 0.096121 0.124380 0.140171 0.110646 0.102592 0.144496 0.122895 0.142808 0.104868 0.125368 0.065465 0.038896 0.012849 0.082645 0.108416 0.041078 0.060653 0.088634 0.069683 0.138120 0.039792 0.104325 0.115571 0.113043 0.111766 0.089375 0.073401 0.104533 0.134661 0.081155 0.094476 0.073566 0.085143
611000.029021 3.787615 0.081911 0.095854 0.125192 0.141493 0.110723 0.099976 0.141425 0.119142 0.142228 0.106092 0.127381 0.061067 0.037398 0.015473 0.077100 0.102637 0.035797 0.064018 0.091827 0.069478 0.137725 0.038692 0.104738 0.117359 0.115792 0.116816 0.088552 0.067679 0.105152 0.136352 0.080357 0.090712 0.070287 0.082168
612000.029068 4.586565 0.083448 0.097171 0.126175 0.141192 0.110368 0.099446 0.140308 0.118103 0.141608 0.107335 0.127764 0.060740 0.039084 0.017027 0.074687 0.101216 0.033469 0.064925 0.091702 0.066304 0.134875 0.043798 0.102077 0.116282 0.112872 0.114426 0.086297 0.070178 0.104594 0.136514 0.082020 0.091821 0.072184 0.083297
613000.029116 7.397641 0.079872 0.095798 0.125789 0.139690 0.111248 0.096434 0.135805 0.113276 0.137755 0.106428 0.129036 0.054364 0.030945 0.021624 0.075716 0.098618 0.032590 0.070202 0.096710 0.075011 0.139523 0.043136 0.109115 0.118463 0.119536 0.119786 0.083542 0.059762 0.104760 0.136146 0.079224 0.084554 0.064463 0.077230
614000.029163 9.552975 0.071073 0.087951 0.119705 0.134795 0.105051 0.095679 0.138529 0.116743 0.137726 0.096109 0.119482 0.065592 0.033382 0.024573 0.090729 0.112866 0.048761 0.061656 0.091656 0.079780 0.143739 0.033894 0.111662 0.118141 0.119713 0.116384 0.092245 0.064373 0.097892 0.129662 0.071108 0.084464 0.061579 0.074771
615000.029211 4.714323 0.076265 0.090402 0.119746 0.135842 0.106421 0.097251 0.139318 0.117555 0.137907 0.100330 0.121849 0.062815 0.035033 0.017262 0.082919 0.107659 0.040823 0.061058 0.089307 0.072109 0.138207 0.036213 0.105452 0.115359 0.114874 0.113496 0.089067 0.066607 0.100822 0.130178 0.074650 0.087603 0.065706 0.077866
616000.029258 6.189895 0.088906 0.103235 0.130506 0.143111 0.114758 0.100544 0.138567 0.116137 0.141186 0.113223 0.133506 0.054639 0.038017 0.019780 0.066916 0.094141 0.024188 0.072264 0.095825 0.066545 0.133665 0.051955 0.102651 0.116729 0.113501 0.115801 0.080171 0.068704 0.108257 0.140026 0.088076 0.092559 0.074544 0.085681
617000.029306 4.366777 0.077683 0.094729 0.123802 0.136699 0.110259 0.097518 0.138036 0.115831 0.137343 0.102392 0.125566 0.059262 0.030100 0.016614 0.082133 0.105361 0.039369 0.066761 0.093433 0.076195 0.140690 0.043832 0.109325 0.116937 0.117215 0.114153 0.084448 0.065728 0.102236 0.132830 0.078720 0.087422 0.066201 0.078791
618000.029353 19.067647 0.068464 0.089904 0.120230 0.131117 0.107254 0.091366 0.129943 0.107899 0.129640 0.098328 0.123155 0.055387 0.021730 0.034717 0.090229 0.108456 0.046822 0.075497 0.101245 0.090434 0.147858 0.047647 0.119828 0.120516 0.126311 0.120155 0.082447 0.052103 0.098246 0.128418 0.071376 0.075151 0.052667 0.067521
619000.029401 5.864383 0.083157 0.092661 0.121208 0.141078 0.106741 0.104895 0.150823 0.129390 0.147473 0.100535 0.119419 0.078859 0.052816 0.019253 0.088733 0.116504 0.052322 0.051465 0.082739 0.064050 0.135853 0.037244 0.098680 0.115498 0.108457 0.108328 0.100279 0.085428 0.102474 0.133076 0.080182 0.101134 0.080652 0.090005
620000.029448 3.085364 0.084659 0.099362 0.127449 0.141858 0.114071 0.102456 0.142311 0.120517 0.142085 0.108776 0.129928 0.059162 0.035507 0.013965 0.076387 0.101799 0.034126 0.065737 0.092221 0.070441 0.137784 0.043836 0.105743 0.116486 0.114939 0.114289 0.084779 0.069828 0.107185 0.137349 0.084250 0.093462 0.073296 0.085079
621000.029496 3.363235 0.080252 0.092596 0.121316 0.139366 0.108169 0.100699 0.143851 0.121714 0.142425 0.102677 0.123382 0.066558 0.040904 0.014580 0.081856 0.108453 0.041554 0.059140 0.087885 0.068389 0.137349 0.035066 0.102847 0.116102 0.113702 0.113830 0.092862 0.071670 0.103543 0.132681 0.077630 0.092419 0.070997 0.082562
622000.029543 4.771668 0.076829 0.092565 0.122623 0.138182 0.108000 0.097748 0.140912 0.118458 0.140470 0.101239 0.123544 0.063851 0.035718 0.017367 0.083005 0.108332 0.041648 0.062367 0.091060 0.072778 0.139772 0.038700 0.106481 0.117651 0.116320 0.114742 0.089786 0.068884 0.100849 0.132794 0.077092 0.089115 0.067856 0.079394
623000.029591 9.869804 0.089322 0.106118 0.132900 0.142434 0.119324 0.100639 0.134409 0.112494 0.137625 0.115931 0.137675 0.045497 0.030669 0.024977 0.065836 0.088527 0.021537 0.078593 0.100541 0.075159 0.136623 0.055165 0.109351 0.117436 0.118272 0.118758 0.073755 0.061020 0.111314 0.141281 0.090251 0.089137 0.071566 0.084122
624000.029638 4.073853 0.083981 0.101526 0.130293 0.142398 0.112595 0.099573 0.140636 0.117161 0.143605 0.107811 0.129824 0.059830 0.035654 0.016047 0.075658 0.102115 0.035003 0.070034 0.095674 0.070854 0.138891 0.049191 0.106050 0.119566 0.115661 0.115379 0.084815 0.070825 0.103643 0.139048 0.085815 0.092521 0.073308 0.085073
625000.029686 4.892854 0.085388 0.092708 0.120009 0.140645 0.108878 0.103346 0.146321 0.125295 0.143716 0.104760 0.123450 0.072291 0.051115 0.017586 0.079734 0.107094 0.044208 0.053732 0.082332 0.060563 0.130941 0.033193 0.095554 0.112405 0.108520 0.112096 0.097187 0.078404 0.106826 0.133306 0.080489 0.097219 0.077759 0.087051
626000.029733 1.479564 0.083426 0.098404 0.127128 0.141373 0.112060 0.100592 0.142104 0.119681 0.142336 0.106200 0.128272 0.062175 0.037166 0.009671 0.077684 0.103613 0.036594 0.064889 0.091485 0.068923 0.137284 0.044538 0.104250 0.116543 0.113831 0.113604 0.086698 0.072033 0.104722 0.137155 0.083386 0.093133 0.073280 0.084497
627000.029781 6.510472 0.081715 0.098493 0.127170 0.139606 0.113989 0.100432 0.138721 0.117106 0.138408 0.107727 0.130060 0.055806 0.029630 0.020286 0.079585 0.102228 0.035696 0.069747 0.095503 0.076729 0.140701 0.047097 0.110482 0.117135 0.118042 0.115411 0.081425 0.064791 0.106351 0.136194 0.082141 0.089075 0.068273 0.081246
628000.029828 2.545667 0.080407 0.094074 0.123910 0.141241 0.110144 0.101455 0.145349 0.122711 0.144173 0.102492 0.124670 0.067614 0.040186 0.012685 0.084420 0.109801 0.043625 0.060918 0.090774 0.071888 0.141168 0.036897 0.106786 0.118882 0.116804 0.116002 0.093753 0.072633 0.104135 0.135211 0.078932 0.092993 0.071897 0.083495
629000.029876 5.108179 0.086735 0.100491 0.127497 0.141322 0.112929 0.103369 0.142949 0.121670 0.142533 0.109122 0.128764 0.062334 0.040483 0.017969 0.076117 0.102951 0.036261 0.064860 0.090075 0.067028 0.134641 0.047412 0.102113 0.114696 0.110788 0.110256 0.084623 0.074779 0.106283 0.136676 0.086075 0.096537 0.076794 0.087931
630000.029923 4.503490 0.081823 0.097504 0.126996 0.141459 0.111908 0.098825 0.139396 0.116741 0.140803 0.107290 0.129039 0.056781 0.033204 0.016872 0.075436 0.100142 0.032156 0.068614 0.095716 0.072552 0.139342 0.043696 0.107647 0.118913 0.117873 0.117826 0.084128 0.064902 0.104984 0.137413 0.081533 0.088637 0.068990 0.080982
631000.029971 7.992189 0.076942 0.096988 0.127565 0.137773 0.110870 0.095315 0.135434 0.112650 0.137310 0.102974 0.127494 0.056159 0.026047 0.022476 0.081163 0.103452 0.038578 0.072106 0.098593 0.079908 0.143330 0.049034 0.113174 0.120104 0.120616 0.117101 0.081672 0.062814 0.100546 0.135504 0.080128 0.085071 0.064405 0.077350
632000.030018 6.857515 0.076055 0.088739 0.118367 0.136885 0.105928 0.101331 0.145849 0.124707 0.141239 0.097851 0.118779 0.072286 0.041984 0.020820 0.092108 0.117300 0.050208 0.057444 0.088404 0.074756 0.142253 0.036362 0.107764 0.117434 0.115875 0.112092 0.095235 0.074921 0.100886 0.129638 0.073567 0.092514 0.070228 0.081329
633000.030066 8.887009 0.076183 0.090341 0.120778 0.137877 0.107351 0.096307 0.138730 0.116050 0.138886 0.101985 0.123614 0.061117 0.035329 0.023701 0.082661 0.105982 0.040541 0.065465 0.094534 0.076282 0.141924 0.034605 0.109607 0.119634 0.120773 0.120720 0.090926 0.061294 0.102451 0.132344 0.073991 0.084095 0.063032 0.075715
634000.030113 12.063681 0.080246 0.082210 0.108609 0.133409 0.100506 0.105333 0.150872 0.132089 0.142039 0.095143 0.110535 0.086676 0.060243 0.027614 0.096661 0.124431 0.060359 0.039141 0.073171 0.062390 0.131934 0.024670 0.093792 0.109454 0.104351 0.104846 0.108015 0.087610 0.102381 0.122553 0.071563 0.100695 0.079005 0.087574
635000.030161 6.647610 0.076528 0.084296 0.113262 0.135171 0.101375 0.100060 0.145788 0.124744 0.141278 0.096008 0.114485 0.076623 0.049559 0.020499 0.090470 0.117130 0.051408 0.049642 0.081942 0.066605 0.135944 0.025174 0.099476 0.114075 0.110665 0.111229 0.101126 0.076898 0.100139 0.126454 0.070602 0.092838 0.071323 0.081400
636000.030208 2.947378 0.081139 0.093544 0.121584 0.138426 0.108134 0.101386 0.144350 0.122703 0.141731 0.102773 0.122861 0.067830 0.041597 0.013649 0.082977 0.109969 0.042291 0.058505 0.086616 0.067127 0.136117 0.039608 0.101558 0.114484 0.111030 0.109994 0.090964 0.075264 0.102924 0.132106 0.079123 0.094400 0.073287 0.084183
637000.030256 2.603702 0.083251 0.093173 0.120681 0.139353 0.107853 0.101011 0.144035 0.122213 0.142474 0.104168 0.123266 0.067721 0.045406 0.012829 0.077624 0.105717 0.039586 0.056482 0.084556 0.061809 0.132220 0.034913 0.097090 0.113318 0.109334 0.111661 0.093159 0.074732 0.104304 0.132572 0.079839 0.094582 0.074547 0.084777
638000.030303 10.980855 0.077541 0.088947 0.119442 0.139603 0.104896 0.105073 0.153675 0.132189 0.148217 0.093944 0.115140 0.085797 0.053897 0.026346 0.101568 0.127861 0.062914 0.051312 0.085021 0.074514 0.144069 0.037961 0.106659 0.119425 0.114142 0.109871 0.106185 0.088170 0.099102 0.131072 0.075767 0.100577 0.078903 0.088227
639000.030351 5.623593 0.072628 0.083736 0.114466 0.134652 0.101463 0.096676 0.142492 0.120679 0.139426 0.093758 0.115261 0.072594 0.043766 0.018854 0.089636 0.114864 0.049743 0.054032 0.085764 0.071268 0.138649 0.028818 0.103529 0.116123 0.114211 0.113149 0.097745 0.072220 0.097856 0.126942 0.069125 0.088555 0.066494 0.077187
640000.030398 5.510122 0.076580 0.093159 0.122997 0.137392 0.109811 0.098775 0.140097 0.118291 0.138676 0.101473 0.124541 0.061345 0.030927 0.018663 0.085224 0.108301 0.042235 0.064700 0.092919 0.077696 0.142633 0.040035 0.110937 0.117745 0.118684 0.115173 0.087306 0.065797 0.102212 0.132665 0.076847 0.087907 0.065872 0.078705
641000.030446 1.527258 0.082903 0.097206 0.126376 0.142079 0.111221 0.101853 0.145086 0.122704 0.144638 0.104340 0.126414 0.066925 0.040590 0.009825 0.081248 0.107552 0.041680 0.061523 0.089657 0.068635 0.138216 0.041884 0.104001 0.117132 0.113572 0.113101 0.090996 0.075624 0.103922 0.136943 0.082714 0.095396 0.075229 0.085997
642000.030493 14.947624 0.075743 0.093645 0.123784 0.136737 0.110721 0.094771 0.132394 0.110482 0.133398 0.105100 0.128112 0.050391 0.024786 0.030738 0.080343 0.099886 0.036194 0.074741 0.100813 0.084025 0.143979 0.045403 0.115966 0.119897 0.124622 0.121990 0.080414 0.051318 0.103827 0.133577 0.075873 0.078893 0.057829 0.071891
643000.030541 6.458476 0.077601 0.095002 0.124959 0.138888 0.111016 0.097962 0.138555 0.116051 0.138917 0.103750 0.126819 0.057521 0.029521 0.020205 0.081601 0.104347 0.038451 0.068798 0.096377 0.078562 0.143120 0.042616 0.111893 0.119813 0.120615 0.117895 0.084856 0.062810 0.103202 0.134604 0.078402 0.086370 0.065140 0.078285
644000.030588 6.740983 0.082064 0.099055 0.127975 0.139650 0.113450 0.097430 0.135027 0.112880 0.137516 0.108356 0.131027 0.051440 0.029220 0.020642 0.072616 0.095992 0.029730 0.071534 0.096544 0.074433 0.138110 0.046690 0.108544 0.117389 0.118086 0.117729 0.080056 0.061010 0.105530 0.136914 0.083005 0.086693 0.066816 0.079610
645000.030636 4.133146 0.075772 0.091128 0.121185 0.136774 0.107088 0.098238 0.141813 0.119511 0.139902 0.098718 0.121521 0.066206 0.035461 0.016163 0.087435 0.112050 0.045021 0.061725 0.091040 0.075329 0.142158 0.038149 0.108726 0.117947 0.117200 0.114168 0.091267 0.069486 0.100252 0.131241 0.075164 0.088976 0.066778 0.079075
646000.030683 1.254671 0.084113 0.096516 0.124628 0.142598 0.110096 0.102680 0.147341 0.124306 0.145831 0.105351 0.125694 0.068904 0.044161 0.008905 0.080570 0.109171 0.040399 0.061187 0.089465 0.065431 0.137362 0.041622 0.101453 0.117840 0.112675 0.113273 0.093074 0.077436 0.104728 0.136070 0.082118 0.096494 0.076516 0.086783
647000.030731 5.753276 0.074962 0.087980 0.117874 0.135929 0.104353 0.096877 0.140358 0.118557 0.138556 0.098871 0.119682 0.065314 0.038151 0.019070 0.084020 0.109301 0.042356 0.059657 0.089269 0.071818 0.138490 0.034313 0.104869 0.116476 0.115320 0.114212 0.091155 0.067464 0.099792 0.129363 0.072531 0.087321 0.065593 0.077044
648000.030778 5.936963 0.078066 0.096641 0.126417 0.138588 0.111167 0.097476 0.137932 0.115382 0.138696 0.104180 0.127536 0.057218 0.027861 0.019372 0.081573 0.104632 0.037910 0.069415 0.096175 0.077647 0.142419 0.045418 0.111342 0.118832 0.119252 0.116527 0.083629 0.063899 0.102341 0.135273 0.079827 0.086849 0.065812 0.078761
649000.030826 3.809071 0.082009 0.091544 0.118939 0.138061 0.107771 0.102899 0.146111 0.124881 0.142591 0.102665 0.121458 0.071185 0.046017 0.015517 0.084347 0.111389 0.045311 0.053287 0.082772 0.065060 0.134825 0.030342 0.099376 0.112943 0.110209 0.111029 0.096320 0.075938 0.104861 0.130661 0.077983 0.095475 0.074261 0.085185
650000.030873 4.071517 0.083728 0.093131 0.121122 0.140530 0.107397 0.102526 0.147407 0.125492 0.145365 0.103380 0.122274 0.073918 0.050201 0.016042 0.082302 0.111123 0.045759 0.052672 0.081945 0.059896 0.132121 0.034306 0.095265 0.113212 0.107723 0.110324 0.097945 0.080574 0.103992 0.133110 0.080419 0.097945 0.077877 0.087323
651000.030921 3.010089 0.088542 0.102474 0.130127 0.145119 0.115560 0.102145 0.142387 0.119422 0.144213 0.112525 0.133279 0.058671 0.039887 0.013794 0.069805 0.097168 0.028544 0.069260 0.094463 0.066056 0.135380 0.047318 0.102669 0.117928 0.114647 0.117222 0.085213 0.071160 0.109222 0.141077 0.087719 0.094195 0.076280 0.086870
652000.030968 6.415523 0.080111 0.097159 0.126760 0.139470 0.109673 0.100145 0.142785 0.120715 0.142451 0.101991 0.124662 0.067324 0.038630 0.020138 0.085633 0.110771 0.045799 0.064870 0.092042 0.073739 0.140403 0.048445 0.107309 0.117988 0.114429 0.111007 0.088413 0.076010 0.100335 0.135288 0.082040 0.094040 0.073447 0.084474
653000.031016 7.090086 0.082788 0.093665 0.121581 0.140023 0.110289 0.100500 0.141148 0.119600 0.140051 0.107527 0.126850 0.061420 0.040662 0.021170 0.076934 0.102247 0.035711 0.063406 0.090646 0.068764 0.135854 0.036368 0.103211 0.115600 0.115452 0.117654 0.089763 0.066236 0.107341 0.134122 0.078725 0.089538 0.069787 0.081018
654000.031063 2.052940 0.083776 0.099161 0.128449 0.142760 0.112483 0.102635 0.145361 0.122591 0.145148 0.105247 0.127596 0.066648 0.039595 0.011391 0.083158 0.108733 0.042204 0.065051 0.092814 0.071773 0.140967 0.045550 0.107079 0.119155 0.115576 0.114047 0.089898 0.075551 0.104768 0.138257 0.083845 0.095440 0.075189 0.086786
655000.031111 9.413913 0.076129 0.095455 0.125196 0.135773 0.110787 0.096508 0.134926 0.113273 0.135139 0.102916 0.126675 0.055771 0.024913 0.024394 0.083866 0.104974 0.040164 0.070641 0.096607 0.081262 0.142932 0.047317 0.113483 0.117711 0.119785 0.115344 0.081052 0.061250 0.101750 0.132963 0.078278 0.084626 0.062758 0.076513
656000.031158 7.403877 0.076581 0.087299 0.116891 0.137114 0.103828 0.103074 0.150189 0.128985 0.144931 0.094403 0.114808 0.081152 0.050351 0.021633 0.096995 0.123183 0.058091 0.049470 0.082544 0.071484 0.140653 0.031484 0.103793 0.116218 0.112108 0.109202 0.103196 0.083156 0.099199 0.128700 0.073931 0.097467 0.075577 0.085555
657000.031206 6.300973 0.088312 0.105831 0.133811 0.144426 0.117923 0.101275 0.138863 0.115768 0.142111 0.113903 0.136015 0.052213 0.032483 0.019957 0.070299 0.095084 0.026694 0.076266 0.100192 0.073573 0.139356 0.053962 0.109204 0.120076 0.118465 0.118619 0.078794 0.066516 0.109199 0.142437 0.089709 0.091780 0.073602 0.085859
658000.031253 5.253593 0.076743 0.093798 0.123845 0.138219 0.108998 0.099037 0.142080 0.119742 0.140836 0.100523 0.123807 0.064926 0.033944 0.018223 0.087018 0.111556 0.044672 0.064194 0.092695 0.076670 0.143104 0.041628 0.110142 0.118828 0.118106 0.114468 0.089683 0.069868 0.100755 0.133238 0.077575 0.089882 0.067925 0.080181
659000.031301 3.356271 0.079347 0.095830 0.125673 0.140049 0.111082 0.100092 0.142363 0.119979 0.141670 0.103086 0.126164 0.063618 0.034966 0.014565 0.083734 0.108167 0.041915 0.064593 0.092604 0.074407 0.141312 0.043316 0.108457 0.118301 0.116762 0.114094 0.088124 0.071172 0.102890 0.135369 0.080219 0.091527 0.070559 0.082333
660000.031348 3.941195 0.079973 0.095186 0.126146 0.143003 0.109630 0.101936 0.147795 0.124717 0.147368 0.101419 0.123953 0.072077 0.043119 0.015784 0.088143 0.114127 0.048292 0.060432 0.091421 0.072327 0.142968 0.040182 0.107284 0.121004 0.116753 0.115224 0.096202 0.077902 0.102010 0.136977 0.080279 0.095608 0.074885 0.085758
661000.031396 10.545025 0.073506 0.080971 0.109904 0.131596 0.100307 0.099699 0.143864 0.124164 0.138098 0.093369 0.112117 0.076738 0.048611 0.025817 0.093810 0.119071 0.054679 0.047602 0.080138 0.070654 0.136615 0.022107 0.101532 0.112298 0.111376 0.110048 0.101388 0.074862 0.099392 0.122500 0.067431 0.091352 0.068161 0.078998
662000.031443 3.369562 0.079756 0.093377 0.122823 0.139977 0.109742 0.100072 0.143320 0.120900 0.141744 0.103856 0.125374 0.064581 0.037953 0.014594 0.082762 0.108628 0.040287 0.061894 0.090697 0.071300 0.139711 0.036936 0.105822 0.117508 0.116563 0.116039 0.091331 0.069815 0.104200 0.134115 0.077979 0.090521 0.069668 0.081051
663000.031491 2.283335 0.086370 0.100474 0.129391 0.145823 0.112146 0.102167 0.146405 0.122760 0.147905 0.108994 0.129495 0.066074 0.043501 0.012014 0.076032 0.105193 0.036339 0.065058 0.092536 0.064358 0.137121 0.044700 0.101541 0.119624 0.113838 0.115983 0.091112 0.076711 0.105391 0.140567 0.085830 0.096428 0.077958 0.087930
664000.031538 2.182699 0.086562 0.102476 0.130217 0.143267 0.114642 0.101719 0.141708 0.118937 0.143535 0.110029 0.131588 0.059138 0.036848 0.011746 0.073514 0.099840 0.032541 0.068811 0.093747 0.068594 0.136768 0.048239 0.104236 0.117376 0.114045 0.114571 0.084032 0.071570 0.106834 0.139772 0.087305 0.094292 0.075304 0.086771
665000.031586 1.077616 0.083869 0.094658 0.122338 0.139965 0.109075 0.100694 0.143217 0.121166 0.141934 0.104729 0.124961 0.066635 0.044253 0.008253 0.076633 0.104302 0.037947 0.059209 0.086224 0.062095 0.132240 0.040273 0.097572 0.113608 0.109225 0.111200 0.090680 0.075374 0.104811 0.133901 0.081079 0.094688 0.074903 0.085003
666000.031633 6.969333 0.078168 0.097335 0.127096 0.140106 0.111542 0.100890 0.143438 0.120836 0.142964 0.101952 0.125743 0.065522 0.033926 0.020989 0.088560 0.112094 0.047206 0.067571 0.095361 0.079969 0.145733 0.046104 0.113037 0.120999 0.119836 0.115074 0.089165 0.071704 0.101584 0.135872 0.081022 0.091947 0.070599 0.083012
667000.031681 5.078690 0.089659 0.097669 0.123898 0.143682 0.110442 0.104890 0.148740 0.126883 0.147454 0.108709 0.125908 0.073474 0.054299 0.017917 0.075695 0.106000 0.042422 0.055179 0.082334 0.054578 0.128353 0.039246 0.091349 0.112784 0.105414 0.110335 0.096763 0.083700 0.107310 0.136557 0.086264 0.101547 0.083638 0.091863
668000.031728 5.887290 0.076056 0.091291 0.121628 0.136214 0.108264 0.095979 0.136439 0.114764 0.136053 0.100616 0.124079 0.059698 0.032232 0.019291 0.082041 0.104187 0.039906 0.064969 0.092677 0.075895 0.139760 0.040144 0.108902 0.116312 0.117637 0.115926 0.086279 0.062911 0.101883 0.131933 0.075186 0.085048 0.063309 0.075989
669000.031776 11.093129 0.094421 0.109785 0.136924 0.149057 0.119033 0.104179 0.141000 0.118711 0.146612 0.119361 0.138690 0.055089 0.043026 0.026480 0.061990 0.090641 0.023037 0.076691 0.099472 0.065892 0.133708 0.056860 0.102916 0.119972 0.114864 0.118827 0.080259 0.072583 0.111527 0.146558 0.094973 0.097443 0.081186 0.091508
670000.031823 2.034141 0.079508 0.090321 0.119654 0.139488 0.106271 0.100057 0.146005 0.123268 0.143496 0.099897 0.120984 0.071913 0.045550 0.011339 0.084522 0.111928 0.045163 0.056743 0.087062 0.066608 0.137458 0.034935 0.101329 0.117040 0.113124 0.113722 0.096991 0.076180 0.102161 0.132148 0.076251 0.093432 0.072764 0.082830
671000.031871 9.098858 0.079744 0.087000 0.114690 0.136028 0.102377 0.104277 0.150827 0.130479 0.144443 0.095498 0.113399 0.083638 0.055760 0.023982 0.094712 0.122637 0.058171 0.045079 0.077398 0.064456 0.134426 0.033984 0.096642 0.112228 0.105667 0.104177 0.103855 0.087571 0.099848 0.126602 0.075342 0.100945 0.079351 0.088270
672000.031918 7.810885 0.075515 0.091344 0.122284 0.139189 0.107085 0.098698 0.143441 0.120636 0.142924 0.099596 0.121861 0.067819 0.038821 0.022220 0.087647 0.112895 0.046948 0.062055 0.092285 0.075647 0.143091 0.036904 0.108902 0.120613 0.118852 0.116559 0.094107 0.070616 0.100061 0.132779 0.075535 0.089850 0.068102 0.079892
673000.031966 6.945724 0.075201 0.081634 0.110256 0.132847 0.099725 0.099800 0.145929 0.125654 0.139762 0.092625 0.111570 0.079852 0.052118 0.020953 0.092529 0.119220 0.055043 0.044992 0.077657 0.065447 0.133604 0.025856 0.096932 0.111332 0.107591 0.107237 0.102565 0.080461 0.098471 0.123621 0.069466 0.094227 0.072607 0.081583
674000.032013 3.493345 0.080266 0.094180 0.123635 0.140578 0.108074 0.101690 0.146583 0.124092 0.144587 0.101583 0.122777 0.070387 0.041820 0.014860 0.086781 0.113646 0.045547 0.060563 0.090015 0.070711 0.140714 0.040500 0.105486 0.118526 0.114623 0.112812 0.093565 0.076350 0.101794 0.134309 0.078818 0.094567 0.073466 0.084530
675000.032061 6.203206 0.092957 0.109257 0.136579 0.147266 0.117254 0.103274 0.142400 0.119359 0.147011 0.115008 0.135887 0.061143 0.043784 0.019801 0.068195 0.096894 0.031365 0.074258 0.096824 0.064991 0.134175 0.058569 0.101570 0.119051 0.112008 0.114262 0.082455 0.078549 0.108122 0.145140 0.094780 0.099264 0.082594 0.092532
676000.032108 5.888148 0.078751 0.091113 0.119416 0.136935 0.108657 0.099771 0.140881 0.119837 0.138401 0.103495 0.123529 0.062882 0.037683 0.019292 0.082003 0.106456 0.040395 0.059922 0.088205 0.071360 0.137235 0.034447 0.104538 0.114308 0.114715 0.114104 0.089629 0.067259 0.104289 0.130926 0.076397 0.089197 0.068151 0.079696
677000.032156 5.052562 0.081745 0.097635 0.126626 0.139703 0.113003 0.098771 0.138855 0.116206 0.139279 0.107414 0.129732 0.057622 0.032842 0.017871 0.077831 0.102670 0.034628 0.068078 0.094335 0.073049 0.139114 0.044615 0.107457 0.117465 0.117429 0.116680 0.084845 0.066246 0.105771 0.135844 0.081927 0.088829 0.068527 0.080778
678000.032203 1.152364 0.083867 0.097648 0.126277 0.142043 0.110394 0.100510 0.143104 0.120225 0.143772 0.105859 0.127070 0.064250 0.040714 0.008535 0.076722 0.104150 0.036395 0.063927 0.090844 0.065896 0.135987 0.043762 0.101687 0.117100 0.112556 0.113563 0.088798 0.073684 0.104176 0.136963 0.082761 0.093940 0.074265 0.085129
679000.032251 4.855238 0.085216 0.093501 0.120519 0.140350 0.106859 0.104870 0.150436 0.129068 0.146737 0.102289 0.120196 0.078981 0.054638 0.017518 0.085817 0.114899 0.050765 0.049353 0.078909 0.058286 0.131045 0.037801 0.093092 0.111921 0.104083 0.105668 0.099979 0.087086 0.103366 0.132404 0.082073 0.102397 0.082580 0.091195
680000.032298 3.851194 0.087900 0.095043 0.120579 0.141237 0.108301 0.105726 0.151137 0.129308 0.146629 0.104983 0.122449 0.077701 0.055254 0.015602 0.081614 0.112656 0.046847 0.052232 0.079990 0.055340 0.129611 0.040214 0.091409 0.111977 0.103968 0.106523 0.099012 0.086905 0.105849 0.132839 0.083533 0.103072 0.083418 0.091851
681000.032346 6.815484 0.080737 0.099635 0.129378 0.140977 0.111809 0.100707 0.143152 0.120478 0.143818 0.103615 0.126850 0.066103 0.036931 0.020756 0.085774 0.110571 0.045576 0.067865 0.094941 0.076278 0.142963 0.050062 0.110014 0.120311 0.117008 0.113200 0.087923 0.075291 0.101307 0.137390 0.084096 0.094181 0.073850 0.085329
682000.032393 2.877506 0.085413 0.096288 0.122865 0.140243 0.108208 0.103715 0.147599 0.125946 0.144800 0.103449 0.122532 0.073579 0.049210 0.013486 0.082405 0.110963 0.045588 0.057301 0.084157 0.061774 0.132752 0.044713 0.096605 0.113442 0.106192 0.106283 0.093347 0.083389 0.103159 0.133766 0.083396 0.100144 0.080425 0.089794
683000.032441 3.633792 0.088352 0.097576 0.123874 0.142456 0.108802 0.105734 0.150661 0.128824 0.147570 0.105515 0.123343 0.076682 0.053487 0.015155 0.082326 0.112432 0.046343 0.055942 0.083363 0.057854 0.131756 0.044548 0.094296 0.113824 0.105057 0.106811 0.096582 0.086858 0.104838 0.135439 0.085162 0.103085 0.083906 0.092610
684000.032488 6.713232 0.076336 0.088066 0.117243 0.135920 0.104062 0.097062 0.140607 0.118696 0.139027 0.100085 0.119815 0.065767 0.040521 0.020599 0.082349 0.108773 0.041673 0.058634 0.087828 0.069033 0.136405 0.032131 0.102324 0.115623 0.114103 0.114503 0.092800 0.067840 0.100535 0.128953 0.073031 0.087890 0.066359 0.077645
685000.032536 4.133039 0.078382 0.093664 0.123785 0.138813 0.108753 0.098902 0.141386 0.119239 0.141052 0.101765 0.124070 0.063680 0.035326 0.016163 0.083145 0.107890 0.041676 0.062257 0.091000 0.073043 0.140165 0.038644 0.107219 0.117362 0.116145 0.114523 0.089500 0.069022 0.101561 0.133779 0.077974 0.090061 0.068680 0.080861
686000.032583 3.971712 0.080602 0.095601 0.124779 0.139424 0.110854 0.099771 0.140340 0.118634 0.140290 0.104649 0.126597 0.060420 0.034475 0.015845 0.079404 0.103886 0.037856 0.063608 0.090951 0.071846 0.138223 0.039561 0.106239 0.115987 0.115452 0.114598 0.086877 0.067402 0.104085 0.134792 0.080008 0.090311 0.069269 0.081525
687000.032631 4.581964 0.081141 0.097398 0.126738 0.140951 0.111921 0.100767 0.141758 0.119476 0.142379 0.105759 0.127526 0.060840 0.034442 0.017018 0.080594 0.105133 0.038645 0.065480 0.093271 0.073516 0.140622 0.041896 0.108091 0.118448 0.116964 0.115523 0.087070 0.068699 0.104387 0.136317 0.081622 0.091496 0.070646 0.083118
688000.032678 3.576762 0.082834 0.096317 0.124742 0.141188 0.111148 0.101084 0.143027 0.120916 0.142199 0.106546 0.127318 0.062326 0.038849 0.015036 0.077215 0.104212 0.035926 0.063572 0.090900 0.068284 0.136864 0.041861 0.103517 0.116711 0.114254 0.114209 0.087820 0.071287 0.105192 0.135569 0.081535 0.092949 0.072737 0.083616
689000.032726 4.809487 0.079611 0.095549 0.124464 0.138639 0.110965 0.099835 0.140245 0.118537 0.139487 0.104323 0.126371 0.059952 0.032659 0.017436 0.081189 0.105334 0.038623 0.065259 0.092366 0.074409 0.139917 0.042511 0.108098 0.116789 0.116435 0.113934 0.085293 0.067273 0.103724 0.134022 0.079765 0.089900 0.068543 0.080962
690000.032773 6.206930 0.072690 0.087893 0.118272 0.134936 0.105383 0.097696 0.142141 0.120199 0.138879 0.095446 0.118468 0.069055 0.037220 0.019807 0.091101 0.115135 0.049389 0.059881 0.090171 0.077552 0.143207 0.036497 0.109690 0.118167 0.117804 0.113433 0.093261 0.070662 0.098553 0.128637 0.072419 0.088449 0.065997 0.077708
691000.032821 7.358915 0.078922 0.096830 0.126062 0.136877 0.111230 0.098178 0.136338 0.115051 0.137039 0.104184 0.126840 0.056507 0.028092 0.021567 0.080899 0.102964 0.038724 0.067777 0.093758 0.077051 0.139988 0.045527 0.110112 0.115969 0.116618 0.113407 0.081594 0.064200 0.102488 0.133942 0.080517 0.087903 0.066450 0.079946
692000.032868 5.618615 0.075537 0.090751 0.120812 0.136618 0.107501 0.096815 0.139354 0.117229 0.138020 0.100844 0.123116 0.062168 0.033719 0.018845 0.083585 0.108127 0.040982 0.062818 0.091311 0.074254 0.139984 0.037542 0.107444 0.116954 0.117253 0.115307 0.088843 0.065878 0.101049 0.131240 0.074888 0.086542 0.064973 0.076814
693000.032916 3.767156 0.082845 0.094424 0.121828 0.138267 0.109764 0.100834 0.140994 0.120048 0.139446 0.105713 0.125506 0.062388 0.040013 0.015431 0.076645 0.102967 0.036297 0.059817 0.086353 0.065273 0.132731 0.039073 0.099889 0.112236 0.110188 0.110951 0.087435 0.070959 0.105376 0.132470 0.080263 0.092902 0.072083 0.083272
694000.032963 3.873415 0.077571 0.091966 0.121448 0.138428 0.108873 0.097744 0.140261 0.117694 0.139209 0.102035 0.124496 0.061248 0.034695 0.015647 0.081078 0.105214 0.038839 0.064852 0.093117 0.074408 0.140659 0.038104 0.108051 0.118402 0.118502 0.117437 0.088679 0.065178 0.103019 0.132978 0.076312 0.087021 0.066220 0.078013
695000.033011 5.426839 0.074766 0.090724 0.121123 0.135903 0.106117 0.096172 0.139515 0.117225 0.138636 0.098751 0.121351 0.064558 0.034822 0.018521 0.085615 0.110251 0.043796 0.061873 0.090718 0.074290 0.140359 0.038234 0.107370 0.117121 0.116310 0.113929 0.089950 0.068233 0.098757 0.130818 0.075061 0.087398 0.065797 0.077667
696000.033058 3.455455 0.077781 0.092815 0.123028 0.139549 0.107800 0.097345 0.141323 0.118243 0.141313 0.102126 0.124147 0.063432 0.036701 0.014779 0.080771 0.106881 0.038930 0.063442 0.092326 0.070977 0.139401 0.039595 0.105511 0.118752 0.116461 0.115897 0.089716 0.069035 0.101159 0.134013 0.077271 0.088800 0.068363 0.079389
697000.033106 10.480313 0.085969 0.105001 0.132877 0.139886 0.118341 0.099865 0.133206 0.111831 0.136161 0.113021 0.135858 0.046199 0.024605 0.025738 0.072375 0.093371 0.028628 0.077228 0.099764 0.078709 0.139147 0.054596 0.112281 0.116873 0.118802 0.116847 0.073492 0.060301 0.108835 0.139328 0.088357 0.088236 0.068643 0.082676
698000.033153 11.788367 0.090809 0.109939 0.136608 0.143261 0.121001 0.102464 0.135509 0.114125 0.139152 0.117055 0.139017 0.047073 0.030403 0.027297 0.067794 0.090437 0.026078 0.080493 0.101541 0.076821 0.137556 0.060501 0.110764 0.117815 0.117404 0.116030 0.071110 0.065720 0.110601 0.143259 0.094029 0.092735 0.075349 0.087624
699000.033201 10.931591 0.079433 0.098007 0.127293 0.138278 0.112833 0.097304 0.134366 0.112694 0.136024 0.107489 0.130095 0.050513 0.024702 0.026286 0.077536 0.099044 0.033490 0.073185 0.098482 0.079722 0.141464 0.047743 0.112842 0.118202 0.120587 0.118129 0.078694 0.057744 0.104489 0.135691 0.080902 0.084537 0.063669 0.077424
700000.033248 4.584064 0.080969 0.098114 0.127470 0.139780 0.111742 0.099389 0.139947 0.117616 0.140984 0.105001 0.127826 0.060287 0.033142 0.017022 0.080018 0.104773 0.038421 0.066814 0.093461 0.073435 0.139878 0.045651 0.107824 0.117732 0.116171 0.114281 0.085326 0.069106 0.103276 0.135988 0.082291 0.091144 0.070008 0.082550
