#! FIELDS time restraint.bias r0 r1 r2 r3 r4 r5 r6 r7 r8 r9 r10 r11 r12 r13 r14 r15 r16 r17 r18 r19 r20 r21 r22 r23 r24 r25 r26 r27 r28 r29 r30 r31 r32 r33 r34 r35 r36 r37 r38 r39 r40 r41 r42 r43 r44 r45 r46 r47 r48 r49 r50 r51 r52 r53 r54 r55 r56
 1640000.077896 4.714231 0.121314 0.099352 0.123438 0.083939 0.089512 0.089800 0.130469 0.142113 0.107073 0.092097 0.119599 0.136017 0.113042 0.144390 0.114062 0.100200 0.149524 0.132048 0.100589 0.133245 0.083832 0.124245 0.113450 0.098445 0.131808 0.139146 0.123376 0.149247 0.140174 0.117371 0.116109 0.051102 0.026577 0.089539 0.098041 0.079832 0.052240 0.133958 0.102876 0.077008 0.123174 0.123071 0.026345 0.071648 0.040851 0.027685 0.058784 0.022998 0.088245 0.077292 0.112137 0.117778 0.074704 0.043018 0.078573 0.107546 0.144206
 1641000.077943 2.237065 0.111890 0.088912 0.114377 0.077280 0.086334 0.084008 0.119779 0.134144 0.100864 0.087888 0.115177 0.132885 0.110911 0.140146 0.105458 0.092400 0.141167 0.125797 0.099253 0.123837 0.084637 0.118729 0.105740 0.090186 0.126995 0.133075 0.113425 0.142477 0.139620 0.109427 0.114863 0.038820 0.018308 0.083225 0.099341 0.082325 0.050341 0.122841 0.092566 0.067025 0.115791 0.123250 0.039433 0.070271 0.047531 0.036145 0.051415 0.020300 0.093618 0.083087 0.112192 0.107460 0.080271 0.038273 0.075160 0.102664 0.141722
 1642000.077991 4.764974 0.115251 0.094679 0.117577 0.088085 0.098386 0.089404 0.126798 0.137600 0.101916 0.103267 0.113174 0.146344 0.125234 0.151459 0.107062 0.098519 0.150009 0.125071 0.112729 0.127483 0.097746 0.125476 0.110452 0.088658 0.132452 0.134689 0.122735 0.146811 0.143663 0.112071 0.122590 0.038664 0.026720 0.079961 0.102307 0.078878 0.049792 0.127695 0.095575 0.064747 0.115817 0.127780 0.043050 0.062837 0.048973 0.014523 0.048349 0.029441 0.091393 0.089035 0.121720 0.113862 0.081334 0.054069 0.074446 0.102289 0.151226
 1643000.078038 2.154808 0.121128 0.100244 0.121432 0.089801 0.099414 0.097025 0.127298 0.137538 0.108045 0.097977 0.116530 0.138900 0.119311 0.145792 0.115619 0.100916 0.145673 0.132613 0.109953 0.129617 0.094336 0.117101 0.108329 0.088638 0.121027 0.124465 0.117071 0.135121 0.131281 0.104848 0.114038 0.043321 0.017968 0.070920 0.087511 0.067025 0.032250 0.116016 0.096034 0.067121 0.105781 0.115682 0.036251 0.055340 0.036150 0.030907 0.040635 0.032748 0.080650 0.073936 0.108214 0.108847 0.067116 0.038951 0.061248 0.100348 0.145138
 1644000.078086 2.754173 0.115793 0.095350 0.116551 0.090779 0.104096 0.094426 0.124067 0.134499 0.104055 0.105480 0.111507 0.147378 0.128115 0.151410 0.109646 0.099539 0.146457 0.126850 0.117953 0.125724 0.102425 0.119616 0.106459 0.081117 0.124511 0.123040 0.117940 0.136690 0.137178 0.101942 0.119732 0.033440 0.020314 0.064304 0.093983 0.068674 0.035080 0.114464 0.090209 0.058410 0.102033 0.121834 0.046767 0.048925 0.043830 0.020061 0.032887 0.037688 0.086180 0.085868 0.118987 0.106376 0.076163 0.049488 0.059443 0.095570 0.151730
 1645000.078133 1.297090 0.121429 0.098854 0.119452 0.088854 0.100524 0.097123 0.125557 0.135539 0.108869 0.098532 0.115514 0.139560 0.121074 0.146014 0.116790 0.099840 0.143986 0.133453 0.113165 0.128898 0.097023 0.117005 0.109647 0.087275 0.119318 0.118721 0.116718 0.129743 0.128894 0.102221 0.115701 0.043651 0.013941 0.063784 0.080728 0.061132 0.026550 0.109096 0.095834 0.069271 0.098311 0.115611 0.043972 0.050976 0.035079 0.038052 0.034257 0.040614 0.078072 0.074018 0.108733 0.106448 0.064852 0.033319 0.049593 0.100644 0.147537
 1646000.078181 2.701058 0.125842 0.103317 0.126207 0.086482 0.092011 0.095047 0.132202 0.143192 0.111305 0.091729 0.121528 0.134192 0.112124 0.143215 0.119860 0.102883 0.148988 0.136895 0.101953 0.135657 0.084105 0.120959 0.113812 0.098568 0.126455 0.133277 0.122209 0.142985 0.133493 0.114115 0.112802 0.052994 0.020117 0.083846 0.088219 0.071389 0.043005 0.128091 0.104103 0.079246 0.117166 0.117085 0.021773 0.066169 0.030419 0.031358 0.053973 0.028755 0.080894 0.068212 0.105585 0.116046 0.065199 0.032930 0.069222 0.107088 0.143218
 1647000.078228 1.666226 0.114617 0.093707 0.115759 0.087245 0.098979 0.091078 0.123778 0.134542 0.102143 0.101328 0.112087 0.144483 0.124124 0.149540 0.107610 0.097115 0.146251 0.125497 0.112566 0.125301 0.097772 0.120936 0.107141 0.084139 0.126905 0.127751 0.118394 0.140065 0.139294 0.105786 0.120000 0.033487 0.015801 0.070909 0.096113 0.072619 0.039349 0.118681 0.092151 0.060919 0.107211 0.123580 0.042831 0.055764 0.044397 0.020931 0.038049 0.029461 0.087583 0.085269 0.118046 0.108869 0.076873 0.046766 0.065321 0.098852 0.149545
 1648000.078276 1.444541 0.124643 0.102369 0.123095 0.090662 0.100819 0.099013 0.129491 0.138972 0.110790 0.098640 0.118001 0.139913 0.120776 0.147443 0.119444 0.102193 0.147288 0.136010 0.112340 0.132076 0.095923 0.118729 0.111957 0.090663 0.120944 0.121953 0.119450 0.132462 0.129579 0.105441 0.115966 0.046218 0.014712 0.067426 0.081042 0.061657 0.027101 0.112964 0.099138 0.071376 0.102127 0.115672 0.039086 0.052700 0.032221 0.035840 0.037903 0.037868 0.076966 0.071408 0.107569 0.110056 0.062765 0.033283 0.053361 0.103100 0.147898
 1649000.078323 3.086235 0.117191 0.092956 0.119115 0.077417 0.085856 0.083850 0.126138 0.139648 0.103620 0.088498 0.117458 0.134664 0.112435 0.143165 0.109392 0.094465 0.146766 0.129912 0.099824 0.129933 0.084105 0.124580 0.112317 0.095613 0.132124 0.138404 0.120217 0.148153 0.142575 0.115577 0.118357 0.044583 0.021504 0.087043 0.099280 0.080981 0.051129 0.129772 0.099389 0.072550 0.121086 0.126492 0.034060 0.071506 0.044633 0.031976 0.055458 0.015676 0.091327 0.082101 0.115131 0.114452 0.078818 0.038992 0.076639 0.107329 0.144872
 1650000.078371 1.878738 0.124745 0.104108 0.125304 0.091644 0.098252 0.098353 0.131116 0.141559 0.111695 0.098123 0.119802 0.138082 0.117587 0.145533 0.119492 0.105178 0.148163 0.135665 0.108605 0.133591 0.091639 0.117428 0.110227 0.093149 0.122293 0.127109 0.119417 0.137494 0.129970 0.108498 0.111667 0.048468 0.016778 0.076790 0.086405 0.067740 0.037546 0.121964 0.099353 0.073634 0.110806 0.113908 0.027909 0.058729 0.028951 0.026270 0.047042 0.033184 0.079471 0.069096 0.105339 0.111204 0.063643 0.036180 0.064223 0.101862 0.145113
 1651000.078418 4.284620 0.108117 0.089583 0.110905 0.090540 0.105271 0.092019 0.117796 0.129484 0.099374 0.107496 0.108905 0.148476 0.130008 0.150376 0.102011 0.096557 0.142387 0.120369 0.119191 0.119225 0.105618 0.116933 0.100469 0.075143 0.123386 0.122782 0.112361 0.135545 0.139099 0.098595 0.119820 0.023222 0.025337 0.064918 0.102065 0.077118 0.042475 0.111692 0.082850 0.048698 0.101619 0.123651 0.054774 0.053265 0.054445 0.026752 0.032602 0.037425 0.094269 0.093898 0.121719 0.101483 0.084891 0.056266 0.066574 0.092150 0.151040
 1652000.078466 1.477149 0.114453 0.093177 0.115374 0.087540 0.100289 0.092468 0.121462 0.132866 0.103332 0.100594 0.112334 0.141785 0.122521 0.146238 0.108922 0.097330 0.143044 0.126714 0.113335 0.124255 0.097258 0.116278 0.104584 0.081947 0.120863 0.121960 0.114186 0.133762 0.133212 0.101017 0.115373 0.032867 0.014877 0.066307 0.091465 0.069457 0.034974 0.112752 0.089199 0.059542 0.102351 0.118173 0.044116 0.052733 0.042418 0.025836 0.034009 0.034566 0.085196 0.081484 0.113027 0.104063 0.073312 0.043804 0.059337 0.096476 0.147188
 1653000.078513 3.521992 0.126910 0.105352 0.128143 0.087076 0.090496 0.096917 0.132669 0.144298 0.114007 0.089212 0.125437 0.130990 0.108733 0.140730 0.121804 0.104380 0.148114 0.138762 0.098292 0.137168 0.081215 0.119100 0.112803 0.100250 0.125160 0.134495 0.120137 0.142416 0.132461 0.114924 0.110676 0.056033 0.022972 0.088286 0.090296 0.076172 0.047215 0.128297 0.105409 0.082212 0.119464 0.115809 0.021850 0.072341 0.034509 0.040402 0.058368 0.026310 0.084106 0.066704 0.101766 0.116215 0.066837 0.029040 0.073782 0.108556 0.141109
 1654000.078561 1.928491 0.109264 0.086701 0.111690 0.080818 0.094514 0.085048 0.117547 0.131697 0.099739 0.096403 0.111672 0.139758 0.119830 0.144331 0.103203 0.092538 0.141204 0.123421 0.109390 0.121588 0.094011 0.117871 0.103430 0.082302 0.124483 0.127257 0.112340 0.138243 0.138590 0.103629 0.116676 0.029155 0.016999 0.073316 0.098701 0.077970 0.044929 0.116613 0.087015 0.058427 0.108331 0.123222 0.046823 0.061465 0.049169 0.029864 0.041130 0.028130 0.092603 0.087637 0.116706 0.103298 0.081404 0.044326 0.067426 0.097572 0.146994
 1655000.078608 1.935011 0.117486 0.094873 0.119444 0.082289 0.090166 0.087818 0.126178 0.138858 0.104730 0.092536 0.117570 0.136839 0.114734 0.144390 0.110560 0.097536 0.146742 0.129611 0.102909 0.129420 0.086837 0.121638 0.110170 0.093663 0.129230 0.134889 0.119219 0.144908 0.138987 0.112923 0.115949 0.043362 0.017027 0.084017 0.096578 0.078525 0.048513 0.127527 0.097662 0.071415 0.117855 0.122623 0.032396 0.068154 0.041106 0.028317 0.052263 0.020718 0.089332 0.079134 0.112236 0.112552 0.075427 0.038816 0.073750 0.104718 0.145388
 1656000.078656 3.705087 0.116830 0.093398 0.119042 0.078717 0.085789 0.084191 0.126904 0.139707 0.102591 0.089759 0.117427 0.135821 0.112586 0.144157 0.108554 0.094991 0.147887 0.128396 0.099247 0.129519 0.083921 0.126094 0.113076 0.097422 0.134350 0.141301 0.122317 0.150875 0.144245 0.118252 0.119527 0.045842 0.023562 0.090511 0.101633 0.083736 0.054573 0.133451 0.100876 0.074188 0.124223 0.127883 0.033605 0.074270 0.046949 0.030790 0.058060 0.015088 0.092638 0.083269 0.115817 0.117043 0.080068 0.042725 0.080405 0.109164 0.144694
 1657000.078703 0.707008 0.120654 0.097599 0.120298 0.085319 0.095045 0.092743 0.126562 0.138076 0.107427 0.094599 0.116506 0.137332 0.117319 0.144819 0.114692 0.098882 0.145414 0.132950 0.107859 0.129807 0.091739 0.118652 0.110128 0.090829 0.123482 0.126114 0.117572 0.136767 0.132737 0.106997 0.114734 0.043232 0.010292 0.072998 0.086410 0.067373 0.034919 0.117894 0.096716 0.070025 0.107563 0.117800 0.035569 0.057743 0.033561 0.031515 0.042722 0.031064 0.081534 0.074108 0.109257 0.108883 0.067506 0.032867 0.060550 0.102075 0.145948
 1658000.078751 3.294312 0.111822 0.088570 0.114532 0.079091 0.090226 0.084001 0.121508 0.135321 0.099959 0.093040 0.115137 0.138597 0.117101 0.145167 0.103937 0.092325 0.144783 0.125044 0.104157 0.125058 0.090115 0.123130 0.108228 0.089967 0.130901 0.136636 0.116852 0.146148 0.144381 0.112001 0.120288 0.036323 0.022217 0.083887 0.103769 0.084480 0.051895 0.125355 0.094081 0.064997 0.117952 0.128314 0.044082 0.071177 0.052951 0.035284 0.050977 0.017365 0.096067 0.088837 0.118306 0.111107 0.084498 0.045162 0.077352 0.105177 0.146659
 1659000.078798 2.917326 0.113523 0.093808 0.114587 0.091126 0.106064 0.096034 0.120167 0.131242 0.104287 0.105501 0.111504 0.146434 0.128175 0.149470 0.109172 0.098363 0.142590 0.126499 0.119449 0.122608 0.103880 0.115059 0.102588 0.076467 0.118737 0.116587 0.112833 0.129183 0.133064 0.095906 0.117441 0.030317 0.020907 0.058273 0.092264 0.068365 0.031732 0.105280 0.085581 0.054161 0.095078 0.118909 0.052177 0.047555 0.046970 0.031267 0.026188 0.040990 0.087245 0.086356 0.116320 0.100356 0.076749 0.048007 0.054714 0.092595 0.150792
 1660000.078846 1.852862 0.125249 0.103484 0.122680 0.093368 0.103517 0.100594 0.129888 0.137880 0.110730 0.101838 0.116098 0.141187 0.122916 0.147740 0.120153 0.103361 0.146848 0.135359 0.115263 0.131638 0.098686 0.117653 0.111920 0.089883 0.118973 0.118931 0.119832 0.129859 0.126061 0.104044 0.114987 0.047464 0.016662 0.064261 0.077076 0.056686 0.023065 0.111818 0.099117 0.071837 0.099368 0.112873 0.039921 0.048019 0.029085 0.033443 0.035388 0.042244 0.072565 0.069317 0.106484 0.109535 0.058515 0.036201 0.048833 0.101738 0.147651
 1661000.078893 11.989403 0.093107 0.080235 0.100855 0.092241 0.110165 0.089151 0.104419 0.120191 0.095587 0.114321 0.105101 0.150951 0.134784 0.146817 0.090484 0.094572 0.133806 0.109140 0.125064 0.108227 0.112517 0.109247 0.086557 0.059429 0.118611 0.117828 0.100537 0.130915 0.139528 0.088547 0.116524 0.013634 0.042384 0.066351 0.116691 0.091495 0.060002 0.105675 0.065546 0.035304 0.098390 0.124695 0.072210 0.062812 0.072564 0.040856 0.040002 0.050212 0.110023 0.109423 0.127164 0.087577 0.102404 0.070690 0.076232 0.079499 0.151323
 1662000.078941 2.508543 0.124380 0.103830 0.121303 0.095108 0.104912 0.100567 0.130321 0.136764 0.108689 0.104768 0.112819 0.144258 0.126124 0.150315 0.118321 0.103668 0.147328 0.132591 0.116954 0.130296 0.102054 0.119547 0.112417 0.089636 0.122025 0.120202 0.122255 0.132816 0.128533 0.105024 0.117456 0.047885 0.019387 0.063430 0.078694 0.055468 0.023439 0.114519 0.099381 0.070933 0.099617 0.114551 0.039993 0.044208 0.028687 0.028352 0.035116 0.043474 0.071741 0.071965 0.110463 0.111373 0.059508 0.042259 0.051074 0.100482 0.148568
 1663000.078988 5.525098 0.117663 0.094758 0.121111 0.079559 0.086659 0.085312 0.127527 0.141254 0.104950 0.089746 0.119725 0.135529 0.112140 0.143692 0.110096 0.096950 0.148476 0.130208 0.098968 0.131439 0.082289 0.125396 0.112361 0.097384 0.134162 0.142026 0.121635 0.151926 0.144969 0.117932 0.117853 0.048045 0.028772 0.092302 0.104461 0.086191 0.057082 0.134746 0.100560 0.074443 0.125877 0.127658 0.032561 0.076334 0.048142 0.031729 0.060962 0.016797 0.095346 0.083805 0.115995 0.116578 0.082455 0.044761 0.082986 0.107826 0.145066
 1664000.079036 2.381473 0.124169 0.100900 0.124916 0.082604 0.088021 0.092796 0.129278 0.142014 0.111032 0.086228 0.122219 0.129298 0.107417 0.139114 0.118884 0.100691 0.145367 0.137223 0.098049 0.133871 0.080582 0.118493 0.112037 0.098744 0.124499 0.132280 0.118186 0.140911 0.132178 0.112754 0.110302 0.052675 0.018890 0.084735 0.087806 0.073691 0.044219 0.125411 0.102101 0.079011 0.116876 0.116051 0.024546 0.068946 0.032002 0.038650 0.055224 0.027551 0.083271 0.067594 0.102779 0.112652 0.066494 0.025595 0.069784 0.106886 0.140218
 1665000.079083 2.224045 0.119406 0.097330 0.121142 0.085025 0.093052 0.090466 0.128243 0.140144 0.106009 0.095204 0.117950 0.139090 0.117207 0.146605 0.112099 0.099550 0.148613 0.130624 0.105038 0.131164 0.089337 0.122752 0.111002 0.093434 0.129849 0.135325 0.120928 0.146024 0.139821 0.113134 0.117282 0.043710 0.018255 0.082851 0.096865 0.077126 0.046526 0.128213 0.098933 0.071062 0.117698 0.122951 0.031716 0.066034 0.040721 0.025610 0.051054 0.021863 0.088131 0.079324 0.113618 0.114368 0.074918 0.041262 0.073318 0.104841 0.146689
 1666000.079131 2.223498 0.124793 0.102752 0.125397 0.086053 0.090845 0.096051 0.129386 0.141504 0.112209 0.088627 0.122423 0.130014 0.108426 0.139354 0.120217 0.102665 0.144920 0.137559 0.100003 0.133420 0.082758 0.115783 0.110461 0.097462 0.121577 0.128992 0.116841 0.137503 0.129002 0.110313 0.108368 0.053003 0.018253 0.082565 0.085444 0.071827 0.042020 0.122581 0.101047 0.078566 0.113994 0.112936 0.024948 0.066883 0.029778 0.038743 0.053462 0.031119 0.081920 0.065148 0.099941 0.110767 0.063839 0.025563 0.067638 0.104966 0.139822
 1667000.079178 1.793819 0.117767 0.095290 0.120171 0.083376 0.092700 0.089295 0.126933 0.139908 0.105622 0.094820 0.118302 0.139733 0.117680 0.147111 0.110946 0.097994 0.148466 0.130401 0.105807 0.130150 0.089705 0.122984 0.110138 0.091566 0.130163 0.135159 0.119886 0.145625 0.141825 0.112260 0.118692 0.040218 0.016394 0.082133 0.099087 0.079210 0.046982 0.126127 0.096977 0.068494 0.116931 0.125366 0.035404 0.066740 0.043863 0.027204 0.049545 0.018597 0.091323 0.082676 0.115487 0.112588 0.078370 0.040249 0.073014 0.104335 0.148309
 1668000.079226 1.085470 0.116016 0.093656 0.117388 0.084372 0.095164 0.089362 0.124623 0.136975 0.103646 0.097221 0.114605 0.141350 0.120470 0.147710 0.109051 0.097032 0.146456 0.128256 0.109193 0.127178 0.093914 0.121160 0.108312 0.087779 0.127792 0.130283 0.118011 0.141752 0.139601 0.108103 0.118570 0.036073 0.012753 0.075378 0.095988 0.074614 0.041848 0.121223 0.093589 0.064234 0.111065 0.123687 0.039266 0.059975 0.042134 0.024149 0.043117 0.025418 0.088769 0.083231 0.116248 0.109150 0.076639 0.041589 0.067609 0.100862 0.148666
 1669000.079273 3.461632 0.130012 0.108934 0.129056 0.093178 0.097767 0.101190 0.135626 0.144494 0.114566 0.096872 0.121728 0.136780 0.116039 0.145704 0.124277 0.107580 0.150501 0.139505 0.106778 0.137635 0.089932 0.119490 0.114746 0.099106 0.123771 0.129142 0.123458 0.139293 0.128790 0.112429 0.111793 0.056742 0.022774 0.079962 0.082156 0.064722 0.037549 0.125711 0.105727 0.080965 0.113227 0.112666 0.022032 0.060430 0.022493 0.031528 0.052065 0.037120 0.074786 0.063251 0.103120 0.116228 0.058011 0.035094 0.064977 0.105820 0.144187
 1670000.079321 1.589905 0.121477 0.099797 0.121872 0.089384 0.098600 0.094152 0.130153 0.140620 0.107353 0.100794 0.116568 0.144149 0.123246 0.151078 0.114216 0.101840 0.150591 0.131809 0.111751 0.131740 0.096304 0.123529 0.112209 0.091410 0.129507 0.131397 0.122900 0.143500 0.139009 0.110949 0.119856 0.042468 0.015434 0.075834 0.092985 0.070752 0.039796 0.124440 0.098680 0.069295 0.112082 0.122929 0.035416 0.057840 0.036979 0.020313 0.044561 0.029461 0.084562 0.079763 0.116010 0.113794 0.072169 0.042558 0.066376 0.103008 0.150779
 1671000.079368 2.329744 0.109771 0.088322 0.112459 0.083483 0.097183 0.086756 0.119490 0.132673 0.099749 0.099984 0.111301 0.143808 0.123641 0.148112 0.103082 0.093777 0.143881 0.122850 0.112190 0.122329 0.097548 0.119986 0.104071 0.080892 0.126714 0.128367 0.114672 0.140129 0.141582 0.104192 0.120041 0.026768 0.018684 0.072341 0.101470 0.078366 0.044568 0.117409 0.087515 0.056097 0.108265 0.125997 0.048007 0.059607 0.051003 0.025280 0.039365 0.027291 0.093674 0.090832 0.120444 0.105189 0.083595 0.048453 0.068558 0.097205 0.149885
 1672000.079416 7.434932 0.099246 0.078903 0.105160 0.078920 0.093489 0.078990 0.111885 0.127334 0.091717 0.098448 0.107301 0.142385 0.121494 0.144933 0.091962 0.087748 0.139584 0.113916 0.109133 0.114158 0.095676 0.119891 0.099612 0.079975 0.129969 0.133987 0.110851 0.145166 0.147459 0.105806 0.120007 0.025214 0.033377 0.082023 0.113505 0.091504 0.059468 0.122743 0.081498 0.051059 0.115712 0.130956 0.055250 0.071005 0.063466 0.031207 0.050764 0.028298 0.104978 0.100762 0.125005 0.102544 0.095735 0.059662 0.082492 0.095810 0.147126
 1673000.079463 3.180436 0.128247 0.105342 0.127784 0.087708 0.092053 0.095310 0.135271 0.145460 0.112384 0.093329 0.122383 0.136081 0.113927 0.145535 0.121269 0.104508 0.151840 0.137949 0.102661 0.138241 0.085613 0.124195 0.117141 0.101636 0.129973 0.136117 0.125841 0.146032 0.135316 0.117817 0.115499 0.055940 0.021830 0.086438 0.088578 0.071658 0.045794 0.131974 0.107765 0.083073 0.119830 0.119233 0.021908 0.067588 0.029971 0.031477 0.056697 0.030179 0.080515 0.068877 0.107773 0.119845 0.065128 0.034623 0.071133 0.109963 0.145368
 1674000.079511 1.766311 0.110824 0.090164 0.113198 0.085768 0.099137 0.089431 0.119767 0.132400 0.101181 0.101097 0.111542 0.143694 0.124082 0.147767 0.104830 0.095271 0.143153 0.123934 0.113519 0.122221 0.098772 0.117695 0.103043 0.079839 0.123920 0.125184 0.113458 0.136808 0.138302 0.101870 0.118202 0.027022 0.016268 0.069282 0.098573 0.075564 0.040712 0.114334 0.086706 0.055564 0.105152 0.123084 0.047489 0.056712 0.048639 0.025798 0.036016 0.029491 0.091418 0.088377 0.117950 0.103378 0.080700 0.047027 0.065446 0.095619 0.149291
 1675000.079558 1.908755 0.122141 0.098421 0.123576 0.081849 0.089941 0.091390 0.128694 0.141968 0.109810 0.089288 0.122030 0.133990 0.112153 0.143032 0.116444 0.098859 0.147708 0.135776 0.101601 0.133635 0.084183 0.121381 0.112020 0.094922 0.127251 0.133341 0.119164 0.142558 0.137767 0.112321 0.115573 0.046957 0.016911 0.082688 0.093361 0.076296 0.044314 0.123836 0.100534 0.074540 0.115800 0.121973 0.031768 0.068668 0.039363 0.036879 0.051586 0.021346 0.087970 0.075678 0.109482 0.112912 0.073280 0.029683 0.069558 0.106618 0.145312
 1676000.079606 2.924599 0.112159 0.089449 0.115944 0.078240 0.087933 0.084656 0.120985 0.135839 0.101698 0.089603 0.116763 0.134477 0.112031 0.141392 0.105874 0.093308 0.143104 0.126595 0.100742 0.125125 0.084595 0.119783 0.106117 0.090332 0.127967 0.135417 0.114550 0.144591 0.141359 0.110666 0.115259 0.038047 0.020933 0.085452 0.102554 0.084767 0.052028 0.125285 0.092774 0.065993 0.118686 0.124711 0.038139 0.072176 0.049470 0.033003 0.052850 0.015245 0.095758 0.084523 0.113239 0.108618 0.082406 0.041004 0.077373 0.103227 0.143199
 1677000.079653 1.809785 0.114760 0.094924 0.115705 0.089121 0.099752 0.092435 0.123412 0.133674 0.102533 0.101947 0.110864 0.143089 0.123512 0.147810 0.108483 0.098454 0.144441 0.125406 0.112946 0.124331 0.098361 0.117786 0.105393 0.083482 0.123751 0.124309 0.116481 0.136706 0.134801 0.103417 0.116515 0.035361 0.016467 0.069108 0.092841 0.069635 0.037284 0.116918 0.090584 0.060775 0.104976 0.119217 0.041154 0.052453 0.040259 0.017846 0.037632 0.032771 0.084655 0.081882 0.114671 0.106300 0.073222 0.046362 0.063416 0.095791 0.147433
 1678000.079701 1.497247 0.116508 0.095028 0.119020 0.084498 0.093167 0.090057 0.125269 0.138142 0.104986 0.095097 0.116979 0.138868 0.117041 0.145726 0.110248 0.098200 0.146416 0.129214 0.105877 0.127974 0.090053 0.119771 0.107495 0.089550 0.127347 0.131813 0.117246 0.142354 0.138929 0.109231 0.116019 0.038947 0.014978 0.080044 0.097585 0.077940 0.045513 0.123306 0.094233 0.066539 0.114178 0.122493 0.035122 0.064630 0.041952 0.025479 0.047878 0.021640 0.090594 0.081226 0.113132 0.109362 0.076900 0.040105 0.071788 0.101133 0.146618
 1679000.079748 2.053486 0.113356 0.093779 0.115922 0.087970 0.098266 0.091531 0.122820 0.134624 0.102522 0.100720 0.112963 0.143063 0.122175 0.147985 0.107201 0.098232 0.145021 0.125248 0.111347 0.123915 0.096472 0.118350 0.104605 0.084444 0.125934 0.128039 0.116143 0.139932 0.138379 0.105225 0.116986 0.034009 0.017541 0.074258 0.098189 0.076278 0.043273 0.119692 0.089799 0.060289 0.109320 0.122078 0.041131 0.058820 0.044584 0.020065 0.041975 0.028958 0.090526 0.084915 0.115844 0.106356 0.078241 0.047218 0.069430 0.096826 0.147876
 1680000.079796 1.615317 0.116786 0.095522 0.119224 0.087268 0.099394 0.092847 0.125096 0.137892 0.106644 0.100273 0.116950 0.143568 0.123103 0.149218 0.111198 0.099183 0.147456 0.130137 0.112777 0.128528 0.096328 0.119698 0.106765 0.084323 0.125267 0.127620 0.116918 0.138931 0.138738 0.105113 0.118313 0.034165 0.015557 0.072426 0.097174 0.074880 0.040139 0.117360 0.091948 0.061693 0.108160 0.123135 0.042228 0.058950 0.044704 0.026299 0.039977 0.027304 0.090276 0.084532 0.116258 0.107249 0.078226 0.042579 0.065324 0.098899 0.151052
 1681000.079843 4.202681 0.112738 0.089693 0.116506 0.079839 0.092299 0.085265 0.122969 0.137652 0.101650 0.094736 0.115867 0.141335 0.119018 0.147860 0.105486 0.093834 0.147240 0.126903 0.106856 0.126354 0.091058 0.124424 0.108517 0.088803 0.132481 0.137190 0.118660 0.148312 0.147524 0.111494 0.121569 0.035465 0.025094 0.082931 0.106237 0.084928 0.051678 0.126176 0.093002 0.062692 0.118411 0.130643 0.043822 0.069375 0.053167 0.029602 0.050601 0.020738 0.098063 0.091443 0.121718 0.110793 0.087160 0.048049 0.077060 0.103193 0.149557
 1682000.079891 1.928517 0.119255 0.098487 0.120276 0.089354 0.099432 0.094506 0.127691 0.138401 0.106276 0.100577 0.115511 0.143394 0.123036 0.149856 0.112691 0.100536 0.148208 0.130425 0.111918 0.129242 0.097018 0.120973 0.109245 0.088302 0.126695 0.128872 0.119743 0.140600 0.137678 0.107686 0.118525 0.039968 0.016999 0.073344 0.093611 0.071224 0.037961 0.120526 0.095524 0.065220 0.109378 0.121574 0.038029 0.056714 0.039675 0.024072 0.042050 0.029124 0.085463 0.080712 0.115088 0.110670 0.073342 0.043374 0.065880 0.100482 0.149415
 1683000.079938 2.265732 0.116991 0.097577 0.118789 0.090352 0.098839 0.093590 0.126544 0.137156 0.104875 0.101985 0.114743 0.143600 0.122646 0.149066 0.110301 0.101253 0.147537 0.127190 0.111149 0.127528 0.096429 0.120208 0.107340 0.087794 0.127487 0.130191 0.119313 0.142082 0.138167 0.108375 0.117541 0.039159 0.018425 0.076812 0.097128 0.075229 0.044228 0.123554 0.094260 0.065513 0.111804 0.121556 0.037844 0.059607 0.041980 0.018183 0.044982 0.029648 0.088120 0.082377 0.115212 0.110493 0.075573 0.047208 0.070668 0.099382 0.148261
 1684000.079986 9.847427 0.120582 0.102449 0.113687 0.101719 0.115960 0.104737 0.124356 0.126070 0.104832 0.115339 0.102275 0.149931 0.136864 0.150806 0.115491 0.102149 0.139522 0.126140 0.129635 0.121756 0.116926 0.118317 0.111538 0.082021 0.116694 0.105393 0.120860 0.120776 0.123406 0.095560 0.122223 0.051410 0.038412 0.041392 0.072689 0.043318 0.014663 0.099103 0.095426 0.066985 0.079904 0.113511 0.062511 0.023698 0.043550 0.042501 0.022033 0.063416 0.067209 0.081608 0.117149 0.106155 0.062097 0.058217 0.032207 0.095244 0.148486
 1685000.080033 5.513039 0.131305 0.109899 0.126989 0.096294 0.104118 0.105787 0.133359 0.139823 0.115284 0.099844 0.117897 0.136196 0.119327 0.144242 0.127025 0.106770 0.145831 0.140649 0.113513 0.135017 0.097386 0.115668 0.114677 0.095678 0.114899 0.116031 0.120471 0.126121 0.118747 0.104551 0.110927 0.059252 0.028741 0.065682 0.067042 0.049277 0.019565 0.111162 0.104407 0.080149 0.098327 0.106029 0.038851 0.048267 0.021474 0.043353 0.042829 0.050880 0.063747 0.059013 0.099252 0.111193 0.047884 0.034716 0.046050 0.103602 0.142993
 1686000.080081 3.345842 0.123645 0.103683 0.123169 0.093369 0.100673 0.097010 0.132194 0.140706 0.108558 0.103442 0.114996 0.143985 0.124186 0.150646 0.116436 0.104519 0.150381 0.131972 0.113181 0.132318 0.098741 0.122397 0.112591 0.092037 0.127645 0.128907 0.123732 0.141401 0.135017 0.110294 0.118351 0.047361 0.022390 0.074840 0.089710 0.066317 0.038553 0.124563 0.100103 0.071746 0.110555 0.119373 0.034862 0.054236 0.033496 0.016942 0.045793 0.036148 0.079362 0.076787 0.114163 0.114299 0.067595 0.046374 0.065521 0.101455 0.148927
 1687000.080128 2.045776 0.125883 0.104166 0.122786 0.093166 0.101242 0.099247 0.131648 0.138740 0.109252 0.101275 0.115278 0.141145 0.122279 0.148393 0.119279 0.103608 0.148095 0.134192 0.112731 0.132328 0.097737 0.120175 0.114011 0.094089 0.123115 0.124093 0.122962 0.135303 0.128288 0.108772 0.115980 0.050540 0.017508 0.070065 0.078482 0.058382 0.029038 0.119107 0.102305 0.075206 0.105061 0.113933 0.035050 0.051002 0.026269 0.030388 0.041411 0.040531 0.071639 0.068301 0.107516 0.113870 0.057560 0.038516 0.055829 0.104150 0.146626
 1688000.080176 2.191132 0.122204 0.099410 0.123539 0.084734 0.092095 0.091595 0.130379 0.142470 0.108524 0.093499 0.120054 0.137911 0.115950 0.146395 0.115350 0.100479 0.149836 0.134055 0.104266 0.133651 0.087854 0.123155 0.112834 0.095421 0.129863 0.135125 0.121728 0.145446 0.139181 0.113950 0.117115 0.046776 0.018119 0.083292 0.094700 0.075689 0.045355 0.127775 0.101010 0.073798 0.117637 0.122783 0.029392 0.066404 0.037481 0.028505 0.052239 0.021770 0.087121 0.076957 0.112324 0.114942 0.073142 0.036758 0.071873 0.105887 0.147254
 1689000.080223 3.272393 0.129750 0.108154 0.127672 0.093411 0.099918 0.101832 0.134493 0.142496 0.113859 0.098010 0.119808 0.137106 0.117794 0.145522 0.124254 0.106133 0.149202 0.139129 0.109347 0.136622 0.092661 0.118743 0.114519 0.096277 0.120849 0.124690 0.122309 0.134871 0.126154 0.109293 0.112492 0.055031 0.022143 0.073714 0.077825 0.058910 0.029621 0.120074 0.104782 0.078834 0.107535 0.111337 0.028706 0.054958 0.022838 0.033549 0.046347 0.039595 0.070733 0.062785 0.102858 0.114741 0.055135 0.034292 0.057534 0.104962 0.144416
 1690000.080271 3.127954 0.125721 0.104706 0.122764 0.094116 0.103448 0.100697 0.131349 0.137934 0.109355 0.102484 0.114154 0.142284 0.123814 0.149173 0.119634 0.103282 0.147922 0.134171 0.114667 0.131685 0.099382 0.119911 0.113476 0.091490 0.121863 0.121598 0.122696 0.133508 0.128303 0.106288 0.116781 0.050186 0.021649 0.065913 0.078235 0.055630 0.023555 0.115758 0.101290 0.072742 0.101501 0.114200 0.037377 0.047184 0.028083 0.030421 0.038183 0.041932 0.070792 0.069724 0.108830 0.112857 0.058277 0.040878 0.052446 0.102112 0.147223
 1691000.080318 5.908757 0.129669 0.110222 0.129131 0.096187 0.098984 0.101250 0.137061 0.145316 0.114043 0.100891 0.120456 0.139965 0.119262 0.148363 0.123273 0.109681 0.152051 0.137706 0.108997 0.137306 0.094032 0.121249 0.115376 0.100297 0.127270 0.131472 0.125587 0.142486 0.131315 0.114628 0.113742 0.058972 0.029755 0.083621 0.086887 0.068322 0.045056 0.130199 0.106003 0.081921 0.116508 0.114969 0.026258 0.062023 0.027326 0.027557 0.056862 0.040620 0.077896 0.068269 0.107243 0.117488 0.062394 0.044412 0.071134 0.104860 0.145766
 1692000.080366 1.459697 0.116265 0.094626 0.117680 0.085446 0.095215 0.090031 0.125422 0.136891 0.103316 0.097708 0.114222 0.141571 0.120083 0.147879 0.109309 0.097654 0.147019 0.127605 0.108714 0.126980 0.093145 0.121447 0.108837 0.088878 0.128473 0.130984 0.119484 0.142643 0.139442 0.109206 0.118343 0.038098 0.014789 0.076751 0.095785 0.074556 0.042727 0.123085 0.094629 0.065698 0.112101 0.123348 0.037170 0.060464 0.041346 0.020916 0.044457 0.026301 0.087939 0.082205 0.115658 0.110571 0.075543 0.043410 0.068761 0.101167 0.147986
 1693000.080413 2.482803 0.114073 0.092724 0.117216 0.083918 0.094330 0.089366 0.123258 0.136541 0.103194 0.096119 0.115687 0.140617 0.118374 0.146698 0.107978 0.096892 0.146053 0.127196 0.107070 0.126084 0.090839 0.120258 0.106296 0.087435 0.128199 0.132164 0.117130 0.143563 0.141500 0.108272 0.117231 0.036624 0.019288 0.079194 0.100539 0.079947 0.046992 0.123137 0.092095 0.063447 0.113904 0.124438 0.038733 0.064673 0.046084 0.025025 0.047081 0.024200 0.093290 0.084991 0.116061 0.108647 0.080605 0.044483 0.072589 0.099909 0.147516
 1694000.080461 1.318410 0.121303 0.099235 0.121106 0.087555 0.096947 0.094210 0.127922 0.138565 0.107642 0.096987 0.115957 0.139265 0.119006 0.146382 0.115143 0.100531 0.146764 0.132490 0.109001 0.130545 0.092871 0.119445 0.110263 0.090619 0.124491 0.127125 0.119364 0.138761 0.133618 0.107554 0.115133 0.044178 0.014055 0.073098 0.087522 0.066696 0.034799 0.120340 0.097409 0.069919 0.108567 0.117782 0.033251 0.056113 0.032602 0.026417 0.042973 0.031813 0.080569 0.074192 0.110573 0.110581 0.067271 0.037332 0.061731 0.101248 0.146458
 1695000.080508 1.576182 0.116360 0.092716 0.118138 0.080641 0.091298 0.087167 0.124309 0.137712 0.104146 0.092421 0.116799 0.137296 0.116066 0.144529 0.109540 0.095351 0.145813 0.129605 0.104698 0.128560 0.088525 0.121328 0.109110 0.089954 0.127558 0.132281 0.117243 0.142433 0.139544 0.109768 0.117243 0.038642 0.015368 0.079297 0.096618 0.077165 0.044701 0.122477 0.095286 0.067054 0.113907 0.123704 0.037652 0.065321 0.043609 0.030545 0.047394 0.020575 0.089846 0.081746 0.114049 0.110162 0.077165 0.037956 0.069884 0.103459 0.146535
 1696000.080556 1.638518 0.112590 0.092759 0.114618 0.088419 0.100856 0.092244 0.121240 0.132682 0.102302 0.102323 0.111900 0.144203 0.124396 0.148238 0.106881 0.097395 0.143901 0.124762 0.113993 0.123131 0.098781 0.116985 0.103325 0.080411 0.123016 0.123864 0.114487 0.135891 0.136347 0.101500 0.117036 0.030070 0.015669 0.068018 0.096070 0.073040 0.038284 0.114291 0.087797 0.056844 0.103892 0.120784 0.044723 0.054362 0.045210 0.022738 0.035022 0.031330 0.088839 0.085271 0.115938 0.104185 0.077393 0.046900 0.063867 0.095054 0.148826
 1697000.080603 1.759287 0.120143 0.100251 0.121216 0.091872 0.101016 0.096139 0.128862 0.138911 0.107381 0.102860 0.115819 0.144468 0.123997 0.150397 0.113920 0.102654 0.149038 0.130589 0.113381 0.129853 0.097783 0.120264 0.109102 0.088249 0.126071 0.127930 0.120509 0.139883 0.135951 0.107565 0.117455 0.040903 0.016236 0.073403 0.092572 0.070080 0.038169 0.121249 0.095749 0.066455 0.109103 0.120020 0.036124 0.055739 0.037220 0.018051 0.042043 0.031025 0.084139 0.079076 0.113869 0.110706 0.071371 0.044217 0.065188 0.099577 0.149731
 1698000.080651 2.521605 0.126390 0.104271 0.125511 0.089307 0.095037 0.096167 0.133385 0.142506 0.110241 0.095700 0.119204 0.137579 0.116513 0.146260 0.119563 0.103360 0.150219 0.135790 0.105693 0.135274 0.089521 0.121800 0.114888 0.097948 0.126685 0.131492 0.123797 0.141599 0.132276 0.113776 0.114724 0.052800 0.019438 0.080657 0.085414 0.067193 0.039599 0.126951 0.104659 0.078471 0.114559 0.116607 0.024686 0.061663 0.027869 0.028729 0.051154 0.031188 0.077327 0.068116 0.106884 0.116910 0.062251 0.036121 0.066562 0.106716 0.145253
 1699000.080698 2.326179 0.110745 0.089323 0.113894 0.082430 0.094039 0.086186 0.120795 0.133895 0.099871 0.096887 0.112897 0.141059 0.119775 0.146305 0.103881 0.093834 0.144372 0.123704 0.107983 0.123194 0.092851 0.120315 0.105285 0.085299 0.127928 0.131800 0.115757 0.142678 0.141520 0.107570 0.118273 0.032028 0.018669 0.078130 0.101579 0.080306 0.047245 0.121964 0.090089 0.060181 0.112989 0.125344 0.042311 0.064441 0.049096 0.024822 0.045215 0.021294 0.093518 0.087639 0.117626 0.107498 0.082003 0.046641 0.072797 0.099573 0.147375
 1700000.080746 7.631680 0.118068 0.097378 0.122664 0.085340 0.091574 0.088386 0.130273 0.143327 0.105645 0.096664 0.120847 0.141746 0.118065 0.149231 0.109817 0.100635 0.152371 0.129340 0.103808 0.132381 0.088756 0.128518 0.113461 0.098393 0.138318 0.146091 0.124982 0.156384 0.149529 0.120975 0.121922 0.048722 0.033816 0.095724 0.110641 0.090992 0.062081 0.139264 0.101682 0.074160 0.129804 0.131573 0.037141 0.078709 0.053663 0.029586 0.063906 0.019787 0.099819 0.089491 0.120934 0.119730 0.087470 0.053304 0.088824 0.109001 0.149188
 1701000.080793 2.135548 0.112497 0.088498 0.114705 0.076133 0.086113 0.083090 0.120580 0.134987 0.100613 0.087678 0.115084 0.133808 0.111692 0.141373 0.105559 0.091570 0.142567 0.126455 0.099859 0.124628 0.084763 0.120505 0.107383 0.090537 0.128435 0.133726 0.114969 0.143416 0.141164 0.110207 0.116651 0.038259 0.017888 0.082655 0.099245 0.081648 0.049500 0.123052 0.093424 0.066822 0.115853 0.125067 0.039653 0.069664 0.047389 0.035035 0.050695 0.019245 0.093488 0.084001 0.114000 0.108550 0.080602 0.038307 0.074204 0.103608 0.143206
 1702000.080841 2.372294 0.116298 0.093925 0.118381 0.083600 0.093489 0.088054 0.125781 0.138160 0.103396 0.096277 0.115475 0.140566 0.118925 0.147141 0.108946 0.097057 0.147719 0.128132 0.107118 0.128378 0.091113 0.122840 0.109700 0.090336 0.129816 0.133925 0.119836 0.145096 0.141041 0.111263 0.118523 0.039233 0.018853 0.080392 0.098447 0.077472 0.046560 0.126073 0.095666 0.066744 0.115736 0.124728 0.036481 0.064224 0.043466 0.021738 0.048465 0.022723 0.089834 0.083226 0.116409 0.111902 0.077738 0.044055 0.072111 0.102803 0.147909
 1703000.080888 3.447426 0.131031 0.108126 0.129947 0.088700 0.092130 0.098137 0.136591 0.146441 0.114932 0.091448 0.124176 0.133435 0.111641 0.143779 0.124781 0.105854 0.151307 0.141056 0.101385 0.139813 0.084170 0.122508 0.117763 0.103423 0.127339 0.134224 0.125229 0.143349 0.131711 0.117246 0.113199 0.059333 0.022728 0.085914 0.083885 0.068732 0.042944 0.130021 0.109485 0.085685 0.118353 0.115902 0.018722 0.067405 0.025025 0.036876 0.057272 0.032822 0.077177 0.063164 0.103258 0.119694 0.060255 0.029120 0.068742 0.110697 0.143432
 1704000.080936 3.255288 0.128484 0.106972 0.126676 0.092552 0.098367 0.099098 0.135360 0.143069 0.111463 0.099113 0.118438 0.140068 0.119610 0.148558 0.121566 0.105437 0.151562 0.136631 0.109011 0.136305 0.093282 0.122762 0.116293 0.097934 0.126845 0.130067 0.125935 0.141195 0.131835 0.113448 0.116273 0.054437 0.022085 0.077814 0.083168 0.063004 0.036229 0.126318 0.106031 0.079204 0.112377 0.116283 0.026719 0.057424 0.025608 0.027008 0.049293 0.036389 0.074000 0.067729 0.108192 0.118180 0.059828 0.039129 0.063561 0.106422 0.146614
 1705000.080983 2.830908 0.128869 0.105742 0.127582 0.088377 0.094463 0.098833 0.132796 0.142914 0.113712 0.091330 0.122419 0.132123 0.111628 0.141605 0.123553 0.103931 0.147633 0.140051 0.103214 0.136813 0.085464 0.118431 0.114419 0.098905 0.121507 0.128051 0.120634 0.136905 0.127446 0.111327 0.110593 0.055660 0.020595 0.079121 0.079947 0.064825 0.035459 0.122206 0.105282 0.080881 0.111794 0.112130 0.025434 0.062604 0.025753 0.039074 0.050896 0.035407 0.074972 0.061666 0.100356 0.114781 0.057836 0.027001 0.061851 0.107667 0.141655
 1706000.081031 2.120078 0.123405 0.101531 0.124563 0.087549 0.095107 0.094725 0.131038 0.142434 0.109804 0.095667 0.119952 0.139063 0.117215 0.147165 0.117103 0.102242 0.150038 0.134954 0.106490 0.133740 0.089523 0.121880 0.112286 0.094472 0.127907 0.132706 0.121913 0.143598 0.137167 0.112081 0.116038 0.047257 0.017823 0.080417 0.092229 0.072491 0.041634 0.126023 0.100551 0.073254 0.115088 0.120598 0.028060 0.063158 0.034585 0.026057 0.049750 0.026326 0.084505 0.074794 0.110977 0.114102 0.070286 0.037413 0.068825 0.104369 0.147203
 1707000.081078 1.171452 0.119921 0.096807 0.120748 0.082189 0.089352 0.089785 0.127246 0.139364 0.106161 0.090264 0.118267 0.134317 0.112515 0.142865 0.113313 0.097551 0.146068 0.132114 0.101561 0.130242 0.085697 0.120647 0.111146 0.095158 0.127139 0.133149 0.118945 0.142419 0.136129 0.112473 0.114881 0.045532 0.013249 0.082519 0.091824 0.074842 0.043889 0.125125 0.099389 0.073355 0.115919 0.120367 0.030032 0.066714 0.037168 0.032158 0.050828 0.021453 0.085459 0.074695 0.108739 0.112567 0.070767 0.032756 0.070303 0.105917 0.143387
 1708000.081126 4.506327 0.114638 0.096736 0.116547 0.093981 0.105298 0.095229 0.125005 0.134446 0.102828 0.108386 0.110817 0.148956 0.129676 0.152427 0.107903 0.100845 0.147252 0.124395 0.118508 0.124533 0.104414 0.119966 0.105732 0.081838 0.126181 0.125785 0.118712 0.138975 0.138270 0.103877 0.120065 0.035124 0.025985 0.069259 0.098433 0.072825 0.041220 0.118492 0.090167 0.057661 0.105737 0.122549 0.046569 0.052608 0.046859 0.014180 0.038693 0.036250 0.088479 0.087999 0.119938 0.107673 0.078493 0.055521 0.067333 0.094892 0.151115
 1709000.081173 0.994771 0.117133 0.094395 0.118158 0.082314 0.092261 0.090228 0.123217 0.136235 0.105727 0.091702 0.116366 0.135392 0.114466 0.142569 0.111670 0.096764 0.143227 0.130685 0.104524 0.127407 0.088200 0.117092 0.106953 0.088829 0.123403 0.127067 0.114732 0.137718 0.134793 0.105805 0.113344 0.040854 0.012209 0.075219 0.091208 0.072717 0.039765 0.118008 0.093635 0.067774 0.108957 0.118834 0.036236 0.061723 0.038232 0.033192 0.044640 0.028013 0.086528 0.077005 0.109770 0.106588 0.072544 0.033670 0.065042 0.100189 0.144275
 1710000.081221 2.713347 0.114986 0.094430 0.116826 0.088690 0.100881 0.091854 0.124580 0.135739 0.103202 0.103390 0.112665 0.146209 0.125950 0.150824 0.108170 0.098543 0.147539 0.126181 0.114745 0.126247 0.099305 0.121114 0.106969 0.083189 0.127207 0.127759 0.118676 0.140534 0.139957 0.105346 0.120150 0.033292 0.020163 0.071019 0.098063 0.073601 0.040818 0.119230 0.091405 0.059739 0.107710 0.124198 0.043964 0.055516 0.045641 0.017317 0.038976 0.031244 0.089166 0.086979 0.119513 0.108502 0.078764 0.049643 0.066168 0.097552 0.151253
 1711000.081268 2.975403 0.128592 0.106718 0.126428 0.092899 0.100680 0.101624 0.132780 0.141186 0.113228 0.098141 0.119043 0.137458 0.118356 0.145505 0.123458 0.105122 0.148049 0.138754 0.110641 0.135071 0.093566 0.117784 0.113611 0.094812 0.119597 0.122595 0.121065 0.133012 0.125572 0.107284 0.112251 0.053584 0.021114 0.070908 0.076596 0.057756 0.026947 0.117240 0.102855 0.076978 0.104933 0.111065 0.031496 0.053278 0.023313 0.034498 0.043784 0.040856 0.071102 0.063497 0.102949 0.112438 0.055447 0.033430 0.054261 0.103781 0.144726
 1712000.081316 2.229542 0.117012 0.097111 0.116252 0.091460 0.103696 0.096535 0.123700 0.132417 0.104390 0.103530 0.110626 0.144259 0.125731 0.148800 0.111589 0.099281 0.143725 0.127310 0.116053 0.124860 0.101274 0.117013 0.106335 0.081967 0.120743 0.118941 0.116751 0.131868 0.131864 0.100125 0.117314 0.037860 0.018277 0.060938 0.086876 0.062778 0.027493 0.110287 0.091659 0.061232 0.097536 0.117152 0.044883 0.045717 0.038943 0.027356 0.030124 0.039380 0.080184 0.079799 0.113758 0.105817 0.069373 0.045118 0.054146 0.095587 0.148206
 1713000.081363 4.114392 0.110016 0.091122 0.111618 0.091020 0.105974 0.092954 0.119274 0.129641 0.099700 0.107991 0.107806 0.149064 0.130693 0.151154 0.103826 0.096548 0.143183 0.121248 0.120189 0.120017 0.106145 0.117996 0.102609 0.075647 0.123208 0.121130 0.114685 0.134536 0.137969 0.098552 0.120774 0.026203 0.024829 0.061570 0.098273 0.072170 0.037750 0.110685 0.084931 0.050681 0.099160 0.123150 0.053926 0.049046 0.051761 0.024050 0.028972 0.039333 0.090052 0.091974 0.121703 0.102926 0.081473 0.055655 0.061670 0.092687 0.151241
 1714000.081411 6.209681 0.128725 0.108624 0.127494 0.096911 0.103485 0.101088 0.137240 0.144214 0.111521 0.105701 0.117342 0.146072 0.125806 0.153463 0.121090 0.108067 0.154680 0.135304 0.114622 0.136882 0.099561 0.126347 0.117352 0.096566 0.130588 0.131923 0.129301 0.144989 0.136738 0.114413 0.120998 0.054230 0.030503 0.077495 0.089395 0.065604 0.040559 0.128894 0.106067 0.077074 0.113460 0.120718 0.034662 0.055318 0.034355 0.019755 0.049989 0.041632 0.077394 0.075822 0.115472 0.120291 0.066281 0.050885 0.066872 0.105640 0.150387
 1715000.081458 3.396902 0.115727 0.096963 0.117491 0.093350 0.105441 0.096297 0.124376 0.135096 0.105327 0.107071 0.112217 0.147699 0.128382 0.151389 0.110305 0.101860 0.146296 0.126973 0.118884 0.125283 0.103452 0.117679 0.104571 0.080440 0.123445 0.122167 0.116749 0.135911 0.136001 0.100840 0.117931 0.034032 0.022560 0.065487 0.095483 0.070610 0.037655 0.114502 0.088412 0.057495 0.102453 0.120365 0.046632 0.049259 0.044002 0.017036 0.034964 0.039257 0.087877 0.086035 0.117891 0.104401 0.076938 0.051374 0.061978 0.093146 0.151335
 1716000.081506 1.718607 0.113484 0.090945 0.115485 0.083784 0.097547 0.089604 0.121191 0.134592 0.103356 0.098179 0.114443 0.141889 0.121893 0.147068 0.107742 0.095180 0.144383 0.127596 0.111808 0.125139 0.095664 0.118632 0.105374 0.082473 0.123950 0.125877 0.114274 0.136777 0.138357 0.103168 0.118106 0.030693 0.016047 0.070575 0.096976 0.075307 0.040149 0.114236 0.089335 0.059035 0.106031 0.123380 0.046299 0.059029 0.047530 0.030504 0.037989 0.028770 0.091150 0.086356 0.116575 0.104718 0.079652 0.042651 0.064022 0.098383 0.149617
 1717000.081553 4.029565 0.130748 0.109835 0.130153 0.093382 0.096364 0.100931 0.137136 0.146194 0.115159 0.096571 0.123181 0.137037 0.115462 0.146396 0.124645 0.108581 0.151967 0.139898 0.105342 0.138897 0.089069 0.121127 0.115951 0.101508 0.126667 0.132646 0.125054 0.142658 0.131241 0.115455 0.112850 0.058514 0.024572 0.084533 0.085401 0.068596 0.042802 0.129757 0.107581 0.083418 0.117310 0.114751 0.019970 0.064527 0.024974 0.031878 0.056262 0.035753 0.077701 0.064621 0.104242 0.118489 0.060734 0.036387 0.069782 0.107555 0.144662
 1718000.081601 2.323752 0.116161 0.094881 0.117965 0.085948 0.095981 0.090177 0.125194 0.136802 0.103533 0.098133 0.114053 0.140840 0.120142 0.146887 0.109140 0.098139 0.146356 0.127483 0.108736 0.127425 0.093455 0.120555 0.107672 0.087851 0.127117 0.130769 0.118172 0.142445 0.138481 0.108258 0.116998 0.038022 0.018660 0.076596 0.096772 0.074730 0.042858 0.123223 0.093893 0.064325 0.112399 0.121912 0.037121 0.059888 0.042200 0.020379 0.044952 0.026389 0.087527 0.082085 0.115235 0.110064 0.075813 0.045219 0.069778 0.100090 0.146954
 1719000.081648 5.945792 0.132430 0.110829 0.132632 0.089892 0.091334 0.101160 0.135961 0.146863 0.118603 0.087800 0.128007 0.127381 0.105609 0.137902 0.128170 0.108306 0.148133 0.144090 0.097191 0.140998 0.078366 0.116429 0.114882 0.104813 0.121329 0.131796 0.120513 0.138959 0.125388 0.115031 0.105041 0.064645 0.029848 0.089466 0.082487 0.071343 0.046471 0.128774 0.109068 0.088813 0.119197 0.108932 0.013396 0.072643 0.024736 0.044902 0.062714 0.036648 0.077927 0.055588 0.094316 0.116712 0.057877 0.026134 0.071847 0.109143 0.138304
 1720000.081696 2.559853 0.126137 0.105209 0.125360 0.091493 0.097803 0.097980 0.133129 0.141885 0.110945 0.098437 0.118130 0.139511 0.118985 0.147549 0.119908 0.104561 0.149996 0.135442 0.108633 0.134565 0.092602 0.120763 0.113488 0.095170 0.125521 0.128615 0.123226 0.139796 0.131780 0.111091 0.114897 0.051638 0.019585 0.076869 0.084970 0.064871 0.036629 0.124144 0.102763 0.076327 0.111016 0.116073 0.027099 0.057480 0.026774 0.025911 0.048058 0.034013 0.076702 0.069324 0.108008 0.114926 0.062359 0.037718 0.063775 0.103608 0.146457
 1721000.081743 1.020184 0.118217 0.097046 0.116535 0.089818 0.101697 0.095527 0.124009 0.133346 0.105719 0.101709 0.111623 0.142393 0.124151 0.147549 0.112923 0.099110 0.143199 0.129052 0.115222 0.125851 0.100455 0.117221 0.107668 0.084112 0.120634 0.118865 0.116656 0.131127 0.130544 0.101277 0.117052 0.039230 0.012364 0.061962 0.083765 0.061392 0.027179 0.110158 0.093025 0.064996 0.097906 0.116840 0.044960 0.047047 0.036498 0.030983 0.031091 0.039817 0.078736 0.077935 0.112338 0.105595 0.067250 0.039715 0.051519 0.097601 0.148113
 1722000.081791 1.870814 0.120400 0.099669 0.122340 0.088361 0.096816 0.094327 0.129075 0.140517 0.108314 0.098325 0.118816 0.141515 0.119787 0.148513 0.114332 0.101627 0.149454 0.131912 0.108478 0.131612 0.092262 0.121531 0.109848 0.090681 0.128080 0.132247 0.120757 0.143384 0.138914 0.110499 0.117545 0.042723 0.016743 0.079173 0.095975 0.075057 0.042968 0.124564 0.097838 0.069577 0.113899 0.122327 0.033187 0.062924 0.039979 0.024777 0.047243 0.024546 0.087664 0.079411 0.113592 0.112755 0.074457 0.040890 0.069798 0.102489 0.148702
 1723000.081838 4.931591 0.128360 0.108508 0.127578 0.096778 0.102848 0.101441 0.136864 0.144195 0.111950 0.104878 0.118829 0.145433 0.124853 0.152939 0.121008 0.108196 0.154347 0.135477 0.113226 0.136992 0.098316 0.125044 0.116086 0.096282 0.129885 0.132362 0.127948 0.144648 0.136429 0.114223 0.119822 0.053134 0.027183 0.078654 0.090242 0.067539 0.040660 0.128658 0.105677 0.076878 0.114058 0.119952 0.032124 0.057500 0.033968 0.022094 0.049902 0.037829 0.078887 0.074689 0.113713 0.119911 0.066445 0.048010 0.068294 0.105628 0.150104
 1724000.081886 0.770765 0.120470 0.097947 0.120714 0.086003 0.095114 0.092239 0.128244 0.139232 0.106457 0.096274 0.116608 0.140151 0.118883 0.147684 0.113587 0.099451 0.148314 0.131545 0.107867 0.130482 0.091929 0.122025 0.111528 0.091883 0.127808 0.130535 0.121059 0.141766 0.137221 0.110425 0.117867 0.042503 0.010747 0.076283 0.090836 0.070782 0.039142 0.122766 0.098373 0.070185 0.111549 0.121480 0.033827 0.059643 0.036048 0.025690 0.044588 0.027509 0.083845 0.077225 0.112752 0.112623 0.070506 0.037668 0.065391 0.103819 0.147820
 1725000.081933 2.237545 0.118253 0.099014 0.118630 0.092626 0.103575 0.097200 0.125553 0.134928 0.106230 0.103781 0.112529 0.143753 0.124911 0.148606 0.112876 0.101371 0.145181 0.128779 0.115586 0.126576 0.100376 0.116298 0.105700 0.082462 0.120461 0.120163 0.116483 0.132832 0.131372 0.100703 0.115573 0.037944 0.018310 0.064071 0.088815 0.064787 0.030202 0.112545 0.091488 0.061286 0.100422 0.116258 0.041729 0.047444 0.037746 0.022008 0.033399 0.037279 0.081123 0.078894 0.112472 0.105588 0.069485 0.045517 0.057763 0.094853 0.147919
 1726000.081981 5.734864 0.129209 0.107619 0.131195 0.087328 0.089404 0.097484 0.134617 0.146762 0.116310 0.087456 0.127930 0.128755 0.105952 0.138758 0.124325 0.106363 0.148894 0.141353 0.095940 0.140011 0.076891 0.119110 0.114058 0.103205 0.125291 0.136339 0.120793 0.143938 0.131781 0.116782 0.108076 0.060514 0.029314 0.092318 0.091205 0.077889 0.050996 0.131974 0.107482 0.085477 0.123195 0.114615 0.014509 0.075592 0.033337 0.040858 0.063543 0.028387 0.084612 0.063993 0.099861 0.117624 0.066502 0.031226 0.077273 0.109412 0.139741
 1727000.082028 0.909551 0.118989 0.097445 0.118843 0.089032 0.099870 0.093661 0.127293 0.137239 0.105322 0.101769 0.114107 0.144565 0.124634 0.150605 0.112041 0.099486 0.148228 0.129380 0.113588 0.128723 0.098601 0.121922 0.110277 0.087243 0.126689 0.127123 0.120573 0.138905 0.137061 0.107324 0.120343 0.037926 0.011674 0.070253 0.091195 0.068346 0.035494 0.118465 0.095924 0.065405 0.106560 0.122216 0.040675 0.053964 0.039196 0.022974 0.037808 0.030741 0.083413 0.081178 0.115982 0.110909 0.071887 0.042397 0.061503 0.101295 0.150657
 1728000.082076 0.995049 0.116140 0.094242 0.116884 0.086043 0.097471 0.091307 0.123814 0.135905 0.104906 0.099042 0.114060 0.142378 0.122111 0.148116 0.110352 0.098098 0.145335 0.128563 0.111850 0.126657 0.096428 0.119584 0.107474 0.085724 0.125882 0.126366 0.117207 0.138545 0.137564 0.105342 0.118163 0.036564 0.012210 0.071239 0.093108 0.071534 0.038960 0.117497 0.092387 0.064490 0.106713 0.122233 0.042305 0.056583 0.041088 0.026911 0.039821 0.031831 0.087502 0.082787 0.115951 0.106980 0.075452 0.040560 0.062325 0.098705 0.149640
 1729000.082123 5.138441 0.114632 0.095816 0.117874 0.090862 0.100980 0.091513 0.126884 0.137959 0.102855 0.106089 0.113648 0.148925 0.127966 0.153573 0.106799 0.100589 0.150404 0.124762 0.114985 0.127133 0.101062 0.124826 0.108661 0.087141 0.133055 0.135023 0.122049 0.147681 0.145256 0.111179 0.123041 0.037576 0.027747 0.079890 0.105347 0.081056 0.051018 0.127830 0.093739 0.062351 0.115889 0.128485 0.044485 0.062692 0.050574 0.014279 0.048565 0.029558 0.094413 0.091589 0.123596 0.112705 0.084256 0.056176 0.076797 0.099899 0.152979
 1730000.082171 3.047170 0.128397 0.107352 0.125088 0.096747 0.105091 0.102943 0.133973 0.140287 0.111707 0.104651 0.116070 0.143790 0.125111 0.150778 0.122105 0.106509 0.150035 0.136123 0.116265 0.134154 0.100763 0.120843 0.115093 0.093604 0.122950 0.122704 0.124684 0.134903 0.128389 0.108006 0.117208 0.051827 0.021368 0.067334 0.077760 0.055511 0.025336 0.118102 0.103303 0.075464 0.103190 0.114042 0.036770 0.047213 0.026061 0.029049 0.039575 0.044450 0.070354 0.068622 0.108729 0.114739 0.056812 0.041567 0.052895 0.103677 0.148531
 1731000.082218 0.403206 0.121668 0.100298 0.121761 0.090328 0.100100 0.097404 0.127750 0.138508 0.109693 0.099410 0.118039 0.140797 0.120874 0.147398 0.116655 0.102077 0.146787 0.133791 0.112067 0.130400 0.095501 0.117282 0.108782 0.088397 0.121592 0.123587 0.117490 0.134246 0.131429 0.104873 0.114791 0.041785 0.007773 0.070103 0.086563 0.066911 0.032426 0.115031 0.095713 0.068283 0.104675 0.116633 0.037206 0.055327 0.034276 0.030380 0.038692 0.032983 0.081967 0.074328 0.108653 0.107812 0.067220 0.034616 0.058381 0.100506 0.148177
 1732000.082266 1.282939 0.116400 0.093968 0.116187 0.086530 0.099615 0.093769 0.121917 0.133520 0.105260 0.098529 0.114402 0.140590 0.121655 0.146199 0.111405 0.096697 0.142791 0.129604 0.113023 0.125196 0.097484 0.116948 0.106566 0.083720 0.120311 0.120569 0.114150 0.130986 0.132827 0.101299 0.117251 0.035648 0.013865 0.065195 0.088640 0.068843 0.032987 0.108472 0.091318 0.062573 0.099977 0.119255 0.048113 0.054264 0.043860 0.037181 0.032955 0.036633 0.085179 0.081340 0.112252 0.104082 0.072832 0.038513 0.055956 0.099640 0.147992
 1733000.082313 1.119298 0.122235 0.098264 0.122641 0.083703 0.092149 0.090875 0.129731 0.141856 0.108483 0.093676 0.120082 0.137754 0.116295 0.146037 0.115313 0.099603 0.149336 0.134003 0.105224 0.133664 0.088460 0.123918 0.113821 0.095399 0.129411 0.134428 0.121994 0.144192 0.138373 0.114210 0.118239 0.045539 0.012950 0.081936 0.092532 0.074467 0.044377 0.126324 0.101697 0.074930 0.116363 0.123063 0.033325 0.066071 0.038458 0.031425 0.049953 0.024134 0.085756 0.076965 0.112074 0.115246 0.071960 0.033788 0.068544 0.108077 0.147664
 1734000.082361 1.403320 0.121592 0.100422 0.122075 0.088344 0.095823 0.094153 0.129208 0.139702 0.108053 0.097063 0.116972 0.139022 0.118159 0.146345 0.115268 0.101729 0.147752 0.132238 0.107547 0.131249 0.091647 0.119680 0.110369 0.092207 0.125730 0.129435 0.120132 0.140538 0.134065 0.109663 0.114650 0.045526 0.014501 0.077272 0.089658 0.069624 0.039231 0.123603 0.098470 0.071658 0.111864 0.117947 0.029648 0.059357 0.032490 0.023753 0.046673 0.028926 0.081853 0.073851 0.109845 0.111950 0.067777 0.038157 0.066359 0.101905 0.146048
 1735000.082408 2.129801 0.121812 0.098332 0.123078 0.081195 0.087357 0.089674 0.129028 0.142011 0.108740 0.088430 0.121310 0.133275 0.110654 0.142484 0.115368 0.099138 0.147600 0.134283 0.099003 0.133490 0.082385 0.122503 0.112726 0.097622 0.129793 0.136669 0.120633 0.146136 0.138794 0.115363 0.115385 0.049311 0.017864 0.087008 0.094655 0.078208 0.048656 0.129125 0.102168 0.077600 0.119936 0.122379 0.028068 0.071295 0.038536 0.035208 0.055782 0.020647 0.088177 0.075300 0.109753 0.115164 0.073450 0.031573 0.073873 0.107857 0.143920
 1736000.082456 3.004631 0.122409 0.099853 0.124490 0.083003 0.088176 0.090653 0.130576 0.143654 0.109510 0.090003 0.122028 0.134996 0.111645 0.144189 0.115966 0.100757 0.149439 0.134839 0.100046 0.133932 0.083192 0.123347 0.113210 0.098481 0.131517 0.138043 0.122050 0.147957 0.140621 0.116434 0.116053 0.050295 0.021218 0.088841 0.097097 0.080124 0.051039 0.131180 0.102250 0.077662 0.121725 0.123848 0.027005 0.072251 0.039016 0.032049 0.057916 0.021403 0.090326 0.076992 0.111253 0.115630 0.075307 0.035566 0.076694 0.107313 0.145177
 1737000.082503 5.117104 0.132194 0.110663 0.129855 0.093409 0.096991 0.101321 0.137676 0.144848 0.114447 0.096330 0.121202 0.135584 0.115495 0.145059 0.125679 0.107268 0.151263 0.139993 0.105515 0.139341 0.089578 0.121215 0.117719 0.101911 0.124134 0.129773 0.125763 0.139191 0.126914 0.114833 0.112602 0.061031 0.027690 0.081462 0.079011 0.061847 0.038006 0.127428 0.109841 0.085015 0.114068 0.111751 0.022530 0.061278 0.021967 0.035001 0.054671 0.039358 0.069933 0.060268 0.102017 0.119885 0.053931 0.036818 0.064998 0.108796 0.142931
 1738000.082551 2.685771 0.114026 0.092621 0.116405 0.083739 0.094111 0.087532 0.124140 0.136483 0.101857 0.097514 0.113552 0.142005 0.120539 0.147962 0.106584 0.096068 0.146807 0.125857 0.108078 0.126194 0.093237 0.122385 0.107951 0.087851 0.130272 0.133388 0.118877 0.145156 0.142625 0.109775 0.119503 0.036954 0.020060 0.079212 0.100682 0.078406 0.046836 0.125001 0.093468 0.063991 0.114453 0.126091 0.039355 0.063617 0.045962 0.021773 0.047329 0.022825 0.091696 0.086470 0.118856 0.110526 0.080539 0.046691 0.073110 0.100448 0.148558
 1739000.082598 1.335592 0.122335 0.100684 0.122769 0.088277 0.096640 0.095551 0.128932 0.139868 0.109168 0.096122 0.118130 0.138309 0.117606 0.145913 0.116671 0.101746 0.147312 0.133976 0.107760 0.131685 0.091304 0.118680 0.110029 0.091699 0.123978 0.127826 0.118974 0.138692 0.133094 0.108134 0.113911 0.045466 0.014146 0.075339 0.088107 0.068579 0.036187 0.120829 0.098049 0.070936 0.109986 0.116991 0.030633 0.058536 0.032178 0.028214 0.045099 0.029718 0.081656 0.072609 0.108476 0.110766 0.067099 0.035377 0.063738 0.101762 0.145967
 1740000.082646 5.232801 0.113365 0.097747 0.114305 0.098086 0.110458 0.099966 0.121152 0.129591 0.104125 0.111579 0.107754 0.148475 0.131444 0.149865 0.109031 0.102729 0.141527 0.123183 0.122675 0.120706 0.108905 0.112530 0.099854 0.073936 0.117513 0.113667 0.112888 0.128439 0.130240 0.093424 0.115579 0.034134 0.028001 0.056126 0.092911 0.066111 0.032821 0.106549 0.083934 0.052987 0.092939 0.115211 0.052410 0.040524 0.045865 0.022706 0.027228 0.047167 0.085036 0.086430 0.116454 0.099472 0.075450 0.056402 0.057309 0.086426 0.148619
 1741000.082693 8.275277 0.135854 0.115459 0.133710 0.096412 0.097090 0.104804 0.140210 0.147718 0.119083 0.096114 0.124137 0.133344 0.113204 0.143414 0.130284 0.112182 0.151093 0.143726 0.104359 0.142118 0.088461 0.119592 0.118456 0.106300 0.123703 0.130397 0.126205 0.139967 0.124710 0.116238 0.109010 0.068487 0.035213 0.086412 0.078385 0.063467 0.044088 0.131087 0.112155 0.091082 0.117365 0.108643 0.019690 0.065111 0.017985 0.039795 0.062131 0.046835 0.070172 0.056062 0.099214 0.120115 0.052436 0.038983 0.069255 0.108578 0.140779
 1742000.082741 6.712988 0.135163 0.114726 0.134590 0.094992 0.095127 0.104333 0.139370 0.148607 0.120325 0.093469 0.127592 0.130842 0.109834 0.140974 0.130544 0.112094 0.150434 0.144827 0.101550 0.142678 0.083985 0.117402 0.116402 0.106025 0.121922 0.131310 0.123350 0.139002 0.124038 0.116137 0.106217 0.066830 0.031715 0.089247 0.080585 0.068377 0.046398 0.130579 0.111002 0.090807 0.119250 0.107900 0.013936 0.069776 0.020342 0.041518 0.063036 0.041597 0.074134 0.054557 0.095253 0.118449 0.054214 0.032375 0.071417 0.109142 0.139907
 1743000.082788 3.814452 0.129637 0.108239 0.129914 0.090802 0.095460 0.099932 0.135394 0.145503 0.115223 0.093840 0.123944 0.134725 0.113284 0.144010 0.124401 0.106446 0.150663 0.140472 0.103974 0.138609 0.085979 0.119954 0.114678 0.099300 0.124274 0.131165 0.122767 0.140487 0.130523 0.113375 0.111669 0.056645 0.023907 0.082875 0.085305 0.068511 0.040337 0.126407 0.106051 0.081258 0.115523 0.114494 0.020255 0.064978 0.027203 0.034062 0.054360 0.032245 0.078155 0.064324 0.102821 0.116587 0.061533 0.032654 0.067426 0.106932 0.143800
 1744000.082836 4.281072 0.122550 0.100923 0.124609 0.085277 0.090521 0.091721 0.130764 0.142624 0.108849 0.092109 0.120324 0.135016 0.112531 0.143504 0.115865 0.101753 0.148769 0.133701 0.101057 0.133838 0.084216 0.122188 0.112506 0.097942 0.129415 0.136955 0.121850 0.146972 0.137599 0.115545 0.113918 0.051403 0.025327 0.087990 0.095750 0.077746 0.049781 0.132051 0.102205 0.076848 0.121595 0.120455 0.024117 0.069803 0.037534 0.027768 0.057764 0.024804 0.086557 0.074512 0.109704 0.116100 0.072235 0.040690 0.076627 0.106135 0.143353
 1745000.082883 3.263143 0.122176 0.101491 0.124160 0.089436 0.095957 0.094220 0.131694 0.142807 0.108780 0.098875 0.119645 0.141962 0.119560 0.149382 0.115351 0.103406 0.151636 0.132727 0.107854 0.133289 0.091542 0.123693 0.112521 0.095285 0.131117 0.136005 0.123814 0.147094 0.140047 0.114690 0.117870 0.047563 0.022112 0.084416 0.097073 0.077051 0.048190 0.130517 0.100800 0.073639 0.118921 0.123117 0.029871 0.066133 0.038909 0.021280 0.053299 0.026475 0.088032 0.078807 0.114005 0.115885 0.074201 0.044017 0.074437 0.104807 0.148804
 1746000.082931 3.736813 0.125580 0.105306 0.121990 0.095014 0.102209 0.100498 0.131278 0.136875 0.108348 0.102292 0.112536 0.140664 0.122479 0.147490 0.118983 0.103949 0.146541 0.132535 0.112895 0.130721 0.098924 0.118604 0.112846 0.092625 0.121462 0.121058 0.122305 0.133261 0.126209 0.106522 0.114887 0.052398 0.023662 0.067543 0.077264 0.055194 0.026991 0.117442 0.101584 0.074515 0.102058 0.111694 0.035840 0.046847 0.025079 0.029050 0.041063 0.044249 0.068956 0.067671 0.107130 0.112959 0.055843 0.042990 0.055451 0.101128 0.144440
 1747000.082978 4.253830 0.124632 0.104271 0.125116 0.092061 0.097525 0.095837 0.134071 0.142946 0.109277 0.100972 0.118601 0.142184 0.120891 0.149571 0.117146 0.104901 0.152374 0.132878 0.108822 0.134928 0.093450 0.124291 0.114568 0.097003 0.130487 0.135200 0.125906 0.146017 0.136813 0.115893 0.117796 0.051654 0.025246 0.084165 0.093341 0.073034 0.046932 0.131685 0.104101 0.077150 0.118492 0.120639 0.029344 0.064285 0.036504 0.021851 0.053923 0.031245 0.082340 0.075508 0.112573 0.118723 0.069203 0.046370 0.073270 0.106286 0.148012
 1748000.083026 5.101264 0.107500 0.088611 0.111419 0.090101 0.105877 0.091410 0.118048 0.130827 0.099854 0.108811 0.110353 0.150939 0.131342 0.152424 0.101665 0.096773 0.144674 0.120430 0.120681 0.120048 0.105570 0.119092 0.101038 0.074510 0.125780 0.125081 0.114196 0.138215 0.142652 0.099975 0.121910 0.020792 0.027647 0.067436 0.106165 0.080950 0.046960 0.113889 0.082590 0.048399 0.104145 0.127193 0.056694 0.056511 0.057936 0.024362 0.034733 0.038103 0.098227 0.097674 0.124914 0.102402 0.089138 0.058674 0.068600 0.092954 0.153967
 1749000.083073 3.092349 0.125848 0.104744 0.126180 0.090712 0.096373 0.096871 0.133630 0.143499 0.111030 0.097770 0.119910 0.139548 0.118048 0.147770 0.119155 0.105143 0.151118 0.135406 0.106946 0.135549 0.090854 0.122465 0.113784 0.096807 0.128473 0.133329 0.124074 0.144498 0.135622 0.113905 0.115762 0.051403 0.021525 0.081867 0.090597 0.070835 0.042737 0.128917 0.103430 0.076847 0.116431 0.118792 0.025675 0.062288 0.031758 0.024490 0.052036 0.031098 0.081362 0.072264 0.110089 0.116807 0.067086 0.040322 0.069942 0.105324 0.146552
 1750000.083121 1.606007 0.119779 0.096833 0.121336 0.081704 0.089238 0.090851 0.126280 0.139275 0.107372 0.088604 0.119931 0.132678 0.110426 0.141279 0.114052 0.097799 0.145174 0.132969 0.100088 0.130413 0.083275 0.119246 0.109711 0.094217 0.125734 0.132586 0.117332 0.141726 0.136183 0.111131 0.113497 0.045569 0.015512 0.082721 0.093085 0.076789 0.044521 0.123618 0.098530 0.073021 0.115600 0.119905 0.030815 0.068349 0.039465 0.035665 0.051069 0.022403 0.087523 0.074746 0.107406 0.111413 0.072389 0.031611 0.070692 0.105461 0.142226
 1751000.083168 2.172180 0.113666 0.090710 0.116647 0.079055 0.089327 0.085955 0.121882 0.136125 0.102654 0.090279 0.116224 0.135148 0.113238 0.142177 0.107720 0.093722 0.143644 0.128069 0.102504 0.125838 0.085854 0.119138 0.106533 0.089119 0.126377 0.132046 0.114815 0.141770 0.139243 0.108630 0.115003 0.037992 0.018041 0.081095 0.098574 0.080067 0.047200 0.122055 0.092587 0.065299 0.114698 0.123120 0.037115 0.067634 0.045284 0.030827 0.049128 0.018669 0.092344 0.082296 0.112583 0.107471 0.079079 0.038565 0.072362 0.101594 0.144205
 1752000.083216 1.463600 0.118741 0.096558 0.119667 0.085693 0.094876 0.091218 0.127004 0.138360 0.104945 0.096357 0.115678 0.139869 0.118821 0.146984 0.111549 0.098628 0.147378 0.130007 0.107452 0.129172 0.092112 0.121223 0.109882 0.090683 0.127507 0.131088 0.119437 0.142233 0.137817 0.109718 0.117213 0.040690 0.014809 0.077100 0.093713 0.072979 0.040839 0.123223 0.096575 0.067515 0.112545 0.121573 0.034574 0.060373 0.038769 0.024119 0.045371 0.025529 0.085741 0.079064 0.113454 0.111600 0.072844 0.040791 0.068298 0.102488 0.146881
 1753000.083263 2.542056 0.113734 0.091947 0.115732 0.085106 0.096904 0.087809 0.123970 0.136299 0.102062 0.100977 0.113264 0.145205 0.124006 0.150268 0.106343 0.097021 0.147738 0.125183 0.112014 0.126293 0.096598 0.123934 0.108765 0.086787 0.131334 0.132914 0.120387 0.145435 0.143613 0.109848 0.121737 0.034949 0.019516 0.077253 0.100711 0.078048 0.047533 0.124747 0.093236 0.063890 0.113322 0.127578 0.043771 0.061909 0.047673 0.020161 0.045027 0.028756 0.092200 0.088898 0.121461 0.110857 0.081645 0.048744 0.070581 0.101027 0.151436
 1754000.083311 4.824559 0.121978 0.102074 0.123623 0.090894 0.097192 0.094919 0.132051 0.141523 0.107186 0.100078 0.118134 0.142440 0.120435 0.149685 0.114359 0.103081 0.151694 0.130946 0.107849 0.132547 0.092711 0.124330 0.112918 0.095548 0.131318 0.136436 0.124828 0.147437 0.139799 0.115289 0.118635 0.049000 0.026887 0.084626 0.097640 0.077106 0.048571 0.131275 0.101934 0.073426 0.119090 0.122787 0.031814 0.066049 0.041803 0.023287 0.053712 0.028523 0.086688 0.079332 0.114396 0.117905 0.073843 0.049086 0.076462 0.105644 0.147585
 1755000.083358 4.177917 0.131578 0.109118 0.128315 0.093493 0.100554 0.102364 0.135802 0.143128 0.114462 0.098329 0.119271 0.137801 0.118522 0.146590 0.125878 0.106463 0.150288 0.140334 0.110621 0.137634 0.093375 0.121010 0.117498 0.098378 0.122373 0.124613 0.125198 0.135654 0.126579 0.110694 0.114337 0.057880 0.025020 0.072549 0.074376 0.055246 0.028253 0.120627 0.107129 0.081568 0.106761 0.112324 0.030936 0.053172 0.020572 0.035003 0.046634 0.044410 0.067905 0.062175 0.104125 0.116621 0.052948 0.035117 0.053814 0.106813 0.145414
 1756000.083406 4.500433 0.130970 0.109274 0.130942 0.089420 0.092108 0.099514 0.135306 0.145958 0.117053 0.090019 0.125686 0.129569 0.108231 0.139351 0.126379 0.107145 0.148357 0.142107 0.099805 0.139804 0.081101 0.117932 0.114880 0.102389 0.122187 0.131081 0.121315 0.139023 0.126585 0.114423 0.107598 0.061177 0.025968 0.086520 0.082297 0.068900 0.043899 0.127817 0.107829 0.086429 0.117455 0.110912 0.016265 0.068946 0.023860 0.039557 0.058976 0.035137 0.076425 0.058690 0.097575 0.116341 0.058056 0.027186 0.068652 0.108314 0.139997
 1757000.083453 2.035283 0.112640 0.089160 0.114823 0.076836 0.086743 0.083962 0.119975 0.134094 0.101158 0.087452 0.114549 0.132069 0.110575 0.139234 0.106278 0.092091 0.140961 0.126539 0.099424 0.124557 0.083684 0.117860 0.105687 0.089110 0.125236 0.131262 0.113042 0.141002 0.137668 0.107913 0.113318 0.038700 0.017463 0.080854 0.096994 0.079060 0.046825 0.121632 0.092392 0.066215 0.114069 0.121367 0.036820 0.067597 0.044573 0.033419 0.049441 0.019774 0.090765 0.080728 0.111031 0.106923 0.077694 0.037053 0.072150 0.101354 0.141129
 1758000.083501 1.243862 0.119882 0.098623 0.120508 0.087686 0.095910 0.092868 0.128388 0.138770 0.106153 0.097905 0.115944 0.140869 0.119560 0.147840 0.113126 0.100220 0.148325 0.130357 0.108349 0.129825 0.092610 0.121220 0.110533 0.091205 0.127518 0.130299 0.120969 0.141534 0.136564 0.110158 0.117098 0.042947 0.013652 0.077103 0.091867 0.071340 0.040536 0.123564 0.097825 0.069921 0.111865 0.120760 0.032883 0.059843 0.036101 0.022360 0.045504 0.027502 0.083962 0.077364 0.112506 0.112414 0.070615 0.040462 0.067222 0.102340 0.147565
 1759000.083548 2.180511 0.127814 0.105265 0.125665 0.091043 0.099151 0.099603 0.132236 0.141432 0.112977 0.097211 0.118861 0.137603 0.118279 0.145894 0.122666 0.104350 0.148202 0.138425 0.110442 0.134948 0.093304 0.118889 0.114039 0.094532 0.121367 0.123069 0.121266 0.133916 0.127443 0.107801 0.113631 0.052274 0.018075 0.070944 0.077355 0.058703 0.028778 0.117266 0.102376 0.076998 0.105045 0.113327 0.032898 0.053475 0.023400 0.034029 0.043631 0.040008 0.073090 0.065801 0.104886 0.111990 0.057786 0.030864 0.053489 0.103832 0.146230
 1760000.083596 3.219828 0.120668 0.100104 0.119801 0.093054 0.104138 0.096346 0.129268 0.137589 0.105784 0.106411 0.111843 0.147748 0.128527 0.153019 0.113523 0.102052 0.149547 0.129365 0.117968 0.129286 0.103017 0.123125 0.111764 0.087476 0.127426 0.126077 0.123465 0.139722 0.136680 0.107192 0.121384 0.041712 0.021965 0.067618 0.089818 0.064242 0.033951 0.119905 0.096860 0.065917 0.105396 0.121646 0.042449 0.048278 0.038262 0.015922 0.037618 0.039183 0.080163 0.081669 0.118327 0.112329 0.070375 0.049455 0.059438 0.099892 0.151732
