580000.027549	55.6751 147.594
581000.027596	56.4614 158.636
582000.027644	57.836 138.484
583000.027691	58.5857 122.469
584000.027739	70.1147 144.333
585000.027786	67.8611 128.441
586000.027834	60.7343 149.749
587000.027881	60.9822 139.244
588000.027929	68.6387 139.831
589000.027976	60.6156 151.341
590000.028023	66.562 141.992
591000.028071	59.814 135.899
592000.028118	65.2944 149.618
593000.028166	55.3845 166.4
594000.028213	49.959 133.791
595000.028261	54.6541 134.533
596000.028308	39.7098 135.751
597000.028356	64.9995 152.843
598000.028403	53.5695 152.681
599000.028451	71.9818 135.129
600000.028498	60.4663 131.891
601000.028546	62.4257 131.827
602000.028593	65.4293 133.665
603000.028641	61.4035 144.24
604000.028688	59.9348 148.481
605000.028736	68.4047 135.965
606000.028783	66.9867 142.04
607000.028831	67.8574 146.5
608000.028878	72.2058 134.429
609000.028926	60.196 139.006
610000.028973	63.8625 141.739
611000.029021	72.7332 134.673
612000.029068	58.0581 147.814
613000.029116	62.7136 145.266
614000.029163	65.0784 141.308
615000.029211	62.5637 155.759
616000.029258	57.7502 144.42
617000.029306	61.4064 153.009
618000.029353	57.2216 142.615
619000.029401	61.9368 148.913
620000.029448	57.0228 148.701
621000.029496	56.2331 134.536
622000.029543	60.3799 139.241
623000.029591	59.5227 147.176
624000.029638	77.2123 155.592
625000.029686	58.4918 143.337
626000.029733	65.4922 150.723
627000.029781	64.4412 145.897
628000.029828	51.4508 162.84
629000.029876	41.2113 147.423
630000.029923	69.0624 148.22
631000.029971	54.8851 157.904
632000.030018	60.7983 143.122
633000.030066	54.2988 132.698
634000.030113	57.9863 135.97
635000.030161	66.2104 142.879
636000.030208	63.1278 153.923
637000.030256	60.1171 138.625
638000.030303	67.9608 138.385
639000.030351	60.0658 166.164
640000.030398	59.302 151.732
641000.030446	64.1344 143.848
642000.030493	58.7166 153.793
643000.030541	55.9803 149.324
644000.030588	60.1181 145.645
645000.030636	79.5628 142.344
646000.030683	55.8444 147.811
647000.030731	62.3999 140.783
648000.030778	56.7598 155.166
649000.030826	66.1032 140.732
650000.030873	68.2803 135.15
651000.030921	53.8075 152.888
652000.030968	64.0738 139.879
653000.031016	65.1277 141.952
654000.031063	63.902 133.776
655000.031111	63.1274 125.954
656000.031158	60.4737 145.604
657000.031206	62.8767 142.433
658000.031253	60.2796 134.576
659000.031301	54.2324 151.693
660000.031348	68.0558 147.136
661000.031396	58.7917 132.992
662000.031443	61.344 149.4
663000.031491	63.8455 150.413
664000.031538	52.6648 143.674
665000.031586	74.0687 161.511
666000.031633	56.3847 154.948
667000.031681	55.3149 131.402
668000.031728	68.9317 140.356
669000.031776	62.7865 149.037
670000.031823	70.8883 141.077
671000.031871	72.4114 152.279
672000.031918	67.2369 154.649
673000.031966	52.2851 146.102
674000.032013	63.7117 148.937
675000.032061	67.4182 141.149
676000.032108	56.8657 145.083
677000.032156	62.3788 149.017
678000.032203	56.3037 156.045
679000.032251	47.8821 138.13
680000.032298	55.7269 125.272
681000.032346	55.9831 136.234
682000.032393	60.346 149.501
683000.032441	65.3938 141.525
684000.032488	72.6983 141.62
685000.032536	56.8688 135.177
686000.032583	60.2467 154.117
687000.032631	54.1835 140.144
688000.032678	51.7583 146.23
689000.032726	66.2946 148.421
690000.032773	59.4543 138
691000.032821	59.4033 137.302
692000.032868	57.0624 136.923
693000.032916	68.1562 132.735
694000.032963	46.8033 167.88
695000.033011	63.4312 152.619
696000.033058	62.341 139.235
697000.033106	60.9 145.485
698000.033153	62.2877 154.844
699000.033201	63.7091 158.183
700000.033248	48.9768 151.243
