480000.022799	49.3253 -150.507
481000.022846	47.8464 -155.017
482000.022894	58.4126 -147.391
483000.022941	51.3943 -146.772
484000.022989	54.1279 -147.627
485000.023036	62.3578 -145.55
486000.023084	48.3903 -145.791
487000.023131	53.2588 -127.768
488000.023179	58.5439 -152.387
489000.023226	62.9733 -160.663
490000.023274	48.8319 -138.327
491000.023321	62.1409 -166.353
492000.023369	59.0122 -149.282
493000.023416	54.1072 -149.173
494000.023464	66.4828 -160.447
495000.023511	64.932 -168.322
496000.023559	56.8257 -149.213
497000.023606	39.44 -135.034
498000.023654	52.1293 -138.565
499000.023701	46.2239 -163.682
500000.023749	53.2655 -143.784
501000.023796	63.2052 -154.317
502000.023844	70.9541 -164.92
503000.023891	52.2831 -143.085
504000.023939	55.8373 -140.259
505000.023986	51.6276 -154.204
506000.024034	57.8976 -157.583
507000.024081	55.8965 -153.333
508000.024129	48.0459 -132.618
509000.024176	57.9811 -153.509
510000.024224	36.2689 -152.022
511000.024271	53.8083 -160.273
512000.024319	56.2231 -146.755
513000.024366	60.6747 -145.864
514000.024414	52.4027 -139.539
515000.024461	60.5216 -141.267
516000.024509	53.9077 -134.989
517000.024556	69.1911 -152.868
518000.024604	60.2281 -171.123
519000.024651	50.5772 -137.938
520000.024699	56.7332 -150.472
521000.024746	49.8488 -143.372
522000.024794	49.8395 -153.142
523000.024841	40.7308 -135.827
524000.024889	44.3029 -145.357
525000.024936	44.5324 -156.893
526000.024984	52.6015 -157.08
527000.025031	41.4841 -145.425
528000.025079	41.4213 -128.195
529000.025126	49.3889 -141.437
530000.025174	52.8226 -149.1
531000.025221	49.7392 -144.878
532000.025269	47.1541 -133.159
533000.025316	39.5914 -130.314
534000.025364	48.5127 -130.168
535000.025411	53.3558 -136.48
536000.025459	65.4156 -155.793
537000.025506	64.3918 -162.938
538000.025554	44.6062 -134.916
539000.025601	66.4262 -172.804
540000.025649	40.6877 -148.917
541000.025696	53.9331 -158.578
542000.025744	60.8676 -140.312
543000.025791	23.4979 -128.227
544000.025839	52.9899 -146.291
545000.025886	62.878 -159.662
546000.025934	70.4997 -143.628
547000.025981	47.7955 -137.522
548000.026029	56.2983 -155.545
549000.026076	48.9528 -151.008
550000.026124	51.047 -148.351
551000.026171	43.623 -135.565
552000.026219	50.7816 -130.813
553000.026266	69.5225 -159.122
554000.026314	46.0345 -137.052
555000.026361	62.4742 -144.274
556000.026409	48.1433 -144.514
557000.026456	28.5178 -136.775
558000.026504	50.8636 -156.677
559000.026551	59.8793 -152.124
560000.026599	48.2252 -140.228
561000.026646	43.7363 -153.849
562000.026694	60.3623 -151.673
563000.026741	67.6552 -159.873
564000.026789	55.8982 -145.563
565000.026836	55.6639 -172.235
566000.026884	49.2565 -153.46
567000.026931	59.3771 -154.829
568000.026979	44.2322 -137.609
569000.027026	39.5979 -146.682
570000.027074	49.0411 -138.997
571000.027121	53.0266 -154.587
572000.027169	59.1204 -145.105
573000.027216	59.844 -150.637
574000.027264	60.3462 -142.92
575000.027311	53.4675 -161.891
576000.027359	45.9648 -151.922
577000.027406	53.1194 -156.266
578000.027454	63.5033 -149.949
579000.027501	56.1107 -161.854
580000.027549	44.75 -132.257
581000.027596	62.4081 -161.138
582000.027644	61.0471 -157.511
583000.027691	57.402 -153.259
584000.027739	58.2176 -150.478
585000.027786	59.0452 -148.164
586000.027834	65.4701 -166.384
587000.027881	57.0645 -158.547
588000.027929	42.6948 -152.579
589000.027976	57.154 -145.244
590000.028023	49.4986 -153.438
591000.028071	54.944 -163.242
592000.028118	56.7441 -142.073
593000.028166	47.584 -141.485
594000.028213	53.8956 -142.236
595000.028261	50.2804 -151.3
596000.028308	61.5384 -153.559
597000.028356	53.012 -142.937
598000.028403	46.4662 -156.452
599000.028451	60.4342 -149.58
600000.028498	62.6739 -156.36
