0.000000	-49.7203 135.173
1000.000047	-43.3191 127.262
2000.000095	-66.7576 134.661
3000.000142	-65.4298 137.655
4000.000190	-60.4509 139.695
5000.000237	-66.8948 136.767
6000.000285	-81.6717 142.752
7000.000332	-63.755 143.243
8000.000380	-68.6894 138.668
9000.000427	-49.3397 135.583
10000.000475	-47.3621 139.421
11000.000522	-58.6217 142.428
12000.000570	-49.9202 129.71
13000.000617	-51.4362 135.036
14000.000665	-56.6608 138.282
15000.000712	-63.6966 134.539
16000.000760	-61.1262 137.704
17000.000807	-43.3214 131.177
18000.000855	-62.3441 127.753
19000.000902	-63.3447 134.535
20000.000950	-70.2603 143.123
21000.000997	-55.8641 137.585
22000.001045	-51.9931 130.208
23000.001092	-65.0481 135.422
24000.001140	-54.5003 139.664
25000.001187	-47.6846 134.08
26000.001235	-53.1528 128.532
27000.001282	-62.9724 132.865
28000.001330	-57.1962 132.4
29000.001377	-66.469 132.505
30000.001425	-53.985 136.868
31000.001472	-50.1522 126.733
32000.001520	-53.2943 124.342
33000.001567	-68.8821 135.768
34000.001615	-56.2117 133.816
35000.001662	-46.8524 123.404
36000.001710	-53.541 137.703
37000.001757	-65.8507 126.689
38000.001805	-44.8251 129.634
39000.001852	-52.7758 143.253
40000.001900	-55.5331 122.32
41000.001947	-55.2828 139.886
42000.001995	-52.4285 131.96
43000.002042	-54.9995 135.555
44000.002090	-62.2621 125.768
45000.002137	-45.6526 136.154
46000.002185	-66.099 137.967
47000.002232	-59.0228 143.742
48000.002280	-50.7784 141.826
49000.002327	-64.2016 130.859
50000.002375	-46.9373 143.901
51000.002422	-55.3488 131.212
52000.002470	-67.086 143.759
53000.002517	-57.7264 143.596
54000.002565	-61.0652 132.067
55000.002612	-57.9022 133.963
56000.002660	-31.8908 128.653
57000.002707	-60.1276 135.145
58000.002755	-48.441 139.298
59000.002802	-43.804 123.345
60000.002850	-63.2821 132.471
61000.002897	-63.3289 128.905
62000.002945	-55.8712 139.831
63000.002992	-66.7712 134.439
64000.003040	-45.0166 130.973
65000.003087	-59.8671 131.397
66000.003135	-54.9709 131.835
67000.003182	-58.782 133.434
68000.003230	-62.1953 131.39
69000.003277	-65.3183 139.217
70000.003325	-62.0634 140.171
71000.003372	-40.0125 130.036
72000.003420	-56.7978 115.149
73000.003467	-65.4297 137.349
74000.003515	-55.4065 135.554
75000.003562	-44.7019 132.512
76000.003610	-56.8215 136.767
77000.003657	-58.2798 137.762
78000.003705	-64.7782 136.562
79000.003752	-57.9507 129.304
80000.003800	-59.7927 134.175
81000.003847	-52.5308 124.638
82000.003895	-48.4228 141.922
83000.003942	-55.3502 129.96
84000.003990	-35.5796 130.479
85000.004037	-72.6417 136.594
86000.004085	-58.1729 132.901
87000.004132	-63.7977 134.662
88000.004180	-69.5535 133.793
89000.004227	-56.1765 127.148
90000.004275	-50.7889 134.46
91000.004322	-56.9257 130.291
92000.004370	-65.8 122.624
93000.004417	-68.2566 135.266
94000.004465	-50.2191 129.462
95000.004512	-57.1877 139.461
96000.004560	-52.2617 127.269
97000.004607	-63.0269 143.822
98000.004655	-56.0097 141.197
99000.004702	-57.843 133.627
100000.004750	-63.4422 143.196
101000.004797	-63.4442 137.452
102000.004845	-53.6851 139.336
103000.004892	-53.398 143.946
104000.004940	-58.0838 137.289
105000.004987	-51.2587 141.973
106000.005035	-47.9194 135.743
107000.005082	-58.4146 135.06
108000.005130	-36.4522 137.756
109000.005177	-66.3352 145.135
110000.005225	-68.4321 141.034
111000.005272	-64.858 136.388
112000.005320	-54.366 140.512
113000.005367	-57.0988 139.646
114000.005415	-59.836 140.291
115000.005462	-48.6277 132.544
116000.005510	-69.6995 134.169
117000.005557	-59.8312 145.447
118000.005605	-62.9242 137.273
119000.005652	-60.6661 131.304
120000.005700	-50.4487 126.404
121000.005747	-58.4008 127.828
122000.005795	-67.9158 142.657
123000.005842	-50.0683 136.838
124000.005890	-54.4375 130.878
125000.005937	-50.7963 127.875
126000.005985	-54.441 140.497
127000.006032	-62.8538 130.443
128000.006080	-60.2296 132.369
129000.006127	-54.3348 131.924
130000.006175	-52.2639 135.208
131000.006222	-49.8597 132.24
132000.006270	-74.1324 147.766
133000.006317	-62.0056 125.577
134000.006365	-50.2906 124.859
135000.006412	-33.78 128.696
136000.006460	-48.0766 136.355
137000.006507	-66.8668 136.387
138000.006555	-55.8558 137.908
139000.006602	-53.7779 133.417
140000.006650	-56.089 128.76
141000.006697	-73.6309 135.011
142000.006745	-47.249 127.34
143000.006792	-41.8785 134.826
144000.006840	-63.486 135.571
145000.006887	-59.3881 134.583
146000.006935	-64.4012 144.673
147000.006982	-64.7203 123.754
148000.007030	-62.5129 136.104
149000.007077	-59.3702 137.183
150000.007125	-45.7932 130.524
151000.007172	-53.0678 127.776
152000.007220	-56.7694 140.445
153000.007267	-53.3702 133.971
154000.007315	-50.7226 133.081
155000.007362	-54.519 125.573
156000.007410	-45.7651 123.22
157000.007457	-50.8525 120.403
158000.007505	-55.8352 124.378
159000.007552	-63.4347 136.124
160000.007600	-60.2805 133.823
161000.007647	-64.618 141.374
162000.007695	-61.194 129.178
163000.007742	-65.259 148.603
164000.007790	-57.1535 129.226
165000.007837	-62.0911 140.215
166000.007885	-76.9462 137.754
167000.007932	-74.4651 147.036
168000.007980	-53.6199 137.789
169000.008027	-55.9904 136.558
170000.008075	-52.7413 138.795
171000.008122	-62.0144 139.946
172000.008170	-52.5031 126.436
173000.008217	-44.0872 124.507
174000.008265	-53.1532 131.189
175000.008312	-57.1521 124.675
176000.008360	-54.2532 142.938
177000.008407	-37.9036 126.05
178000.008455	-69.9493 135.756
179000.008502	-38.6099 123.334
180000.008550	-51.842 142.703
181000.008597	-51.5865 127.165
182000.008645	-53.4946 136.705
183000.008692	-60.2026 132.974
184000.008740	-44.2825 128.264
185000.008787	-53.6269 145.046
186000.008835	-57.3079 129.175
187000.008882	-53.0373 142.022
188000.008930	-71.7102 145.391
189000.008977	-47.7994 130.941
190000.009025	-62.2232 135.897
191000.009072	-58.0601 132.23
192000.009120	-68.5148 134.804
193000.009167	-70.869 134.123
194000.009215	-53.2036 138.044
195000.009262	-63.6465 143.097
196000.009310	-61.4871 126.66
197000.009357	-58.1474 135.869
198000.009404	-59.6653 140.126
199000.009452	-62.9118 141.943
200000.009499	-59.4168 130.203
201000.009547	-49.6372 134.719
202000.009594	-62.7275 141.945
203000.009642	-50.6644 122.469
204000.009689	-65.5858 134.815
205000.009737	-66.1982 136.403
206000.009784	-61.1005 145.654
207000.009832	-60.389 135.716
208000.009879	-53.358 145.821
209000.009927	-55.0547 138.489
210000.009974	-50.7017 140.85
211000.010022	-53.1778 131.99
212000.010069	-41.2381 131.073
213000.010117	-56.7315 138.013
214000.010164	-50.6389 134.178
215000.010212	-62.3661 143.761
216000.010259	-60.2947 141.319
217000.010307	-68.9209 136.212
218000.010354	-60.0181 139.068
219000.010402	-69.0731 135.047
220000.010449	-53.2387 135.12
