360000.017099	-165.629 80.8654
361000.017147	-160.195 78.4975
362000.017194	-153.674 76.189
363000.017242	-161.831 88.0628
364000.017289	-164.449 102.461
365000.017337	-166.918 84.3763
366000.017384	-157.268 83.1761
367000.017432	-159.398 78.2658
368000.017479	-157.835 109.212
369000.017527	-153.738 75.3099
370000.017574	-161.74 77.0441
371000.017622	-157.164 103.348
372000.017669	-161.835 87.1178
373000.017717	-163.513 68.2429
374000.017764	-168.366 85.2671
375000.017812	-172.119 82.2385
376000.017859	-172.615 86.5214
377000.017907	-176.023 87.261
378000.017954	-163.577 77.697
379000.018002	-149.25 65.0865
380000.018049	-148.581 73.4614
381000.018097	-167.708 76.6153
382000.018144	-167.048 84.7563
383000.018192	-157.137 77.6051
384000.018239	-152.118 68.4982
385000.018287	-148.853 82.587
386000.018334	-165.662 69.1073
387000.018382	-153.477 74.3917
388000.018429	-159.091 53.5626
389000.018477	-155.235 82.2055
390000.018524	-153.591 70.6883
391000.018572	-155.372 72.1526
392000.018619	-163.559 82.1182
393000.018666	-147.979 71.1976
394000.018714	-148.452 55.8059
395000.018761	-150.984 60.7355
396000.018809	-164.432 89.936
397000.018856	-163.143 73.5883
398000.018904	-163.205 78.0872
399000.018951	-165.644 81.5685
400000.018999	-165.959 73.4077
401000.019046	-158.812 91.1649
402000.019094	-154.332 110.147
403000.019141	-160.252 83.0054
404000.019189	-161.749 67.2363
405000.019236	-151.159 85.4109
406000.019284	-156.686 75.5984
407000.019331	-157.618 106.126
408000.019379	-156.392 77.4889
409000.019426	-153.738 70.4209
410000.019474	-160.714 80.0164
411000.019521	-174.495 73.0416
412000.019569	-165.11 67.4932
413000.019616	-164.088 83.3296
414000.019664	-160.285 72.6192
415000.019711	-159.846 91.4417
416000.019759	-165.311 66.8896
417000.019806	-167.005 78.6575
418000.019854	-168.253 72.8658
419000.019901	-168.681 70.8018
420000.019949	-156.337 58.8062
421000.019996	-162.546 96.5538
422000.020044	-159.189 98.6905
423000.020091	-156.576 99.0339
424000.020139	-156.153 74.8524
425000.020186	-163.81 68.7265
426000.020234	-161.618 91.8083
427000.020281	-164.858 88.9072
428000.020329	-175.662 84.0056
429000.020376	-172.773 49.4365
430000.020424	-160.406 55.5659
431000.020471	-161.631 73.7839
432000.020519	-154.991 75.3048
433000.020566	-172.08 79.0573
434000.020614	-165.273 101.641
435000.020661	-164.681 62.8481
436000.020709	-167.133 67.7591
437000.020756	-157.997 64.5841
438000.020804	-160.566 74.4171
439000.020851	-164.975 87.018
440000.020899	-157.335 81.929
441000.020946	-170.138 84.7088
442000.020994	-162.172 83.372
443000.021041	-155.689 84.7025
444000.021089	-156.485 92.2859
445000.021136	-164.039 80.9487
446000.021184	-172.788 86.7572
447000.021231	-158.692 73.3311
448000.021279	-161.522 89.2864
449000.021326	-151.197 69.9661
450000.021374	-170.469 71.2945
451000.021421	-175.337 86.324
452000.021469	-164.264 70.2248
453000.021516	-170.072 70.2703
454000.021564	-164.527 78.5611
455000.021611	-167.816 78.5305
456000.021659	-158.288 73.456
457000.021706	-165.116 97.9162
458000.021754	-175.874 73.9879
459000.021801	-160.279 50.5317
460000.021849	-164.205 74.9311
461000.021896	-161.672 69.1565
462000.021944	-159.598 60.6376
463000.021991	-163.37 61.6708
464000.022039	-155.582 82.5556
465000.022086	-163.317 88.8176
466000.022134	-164.378 80.2836
467000.022181	-174.565 93.4635
468000.022229	-153.318 76.9628
469000.022276	-156.199 82.6515
470000.022324	-158.428 69.9528
471000.022371	-168.135 86.6247
472000.022419	177.699 62.1866
473000.022466	-165.863 75.7211
474000.022514	-154.184 90.0954
475000.022561	-163.054 70.1023
476000.022609	-161.915 97.066
477000.022656	-169.86 90.5184
478000.022704	-162.951 93.4732
479000.022751	-172.623 77.2679
480000.022799	-159.977 82.2383
