340000.016149	-116.26 -178.737
341000.016197	-124.985 165.88
342000.016244	-131.417 169.322
343000.016292	-113.714 173.193
344000.016339	-112.135 167.984
345000.016387	-127.943 -172.129
346000.016434	-124.598 162.328
347000.016482	-119.635 166.793
348000.016529	-116.574 -179.907
349000.016577	-120.603 170.386
350000.016624	-129.253 171.067
351000.016672	-116.814 177.478
352000.016719	-123.398 171.161
353000.016767	-130.256 169.918
354000.016814	-111.833 -170.651
355000.016862	-108.025 176.594
356000.016909	-133.371 169.92
357000.016957	-115.938 178.321
358000.017004	-112.594 176.092
359000.017052	-125.98 162.874
360000.017099	-101.643 176.51
361000.017147	-112.867 -178.596
362000.017194	-116.786 164.553
363000.017242	-119.549 -173.422
364000.017289	-128.951 166.75
365000.017337	-135.889 172.83
366000.017384	-118.874 169.61
367000.017432	-115.655 -174.126
368000.017479	-111.733 170.71
369000.017527	-126.507 160.459
370000.017574	-105.713 159.799
371000.017622	-138.54 173.73
372000.017669	-119.461 176.112
373000.017717	-128.574 169.947
374000.017764	-118.001 165.088
375000.017812	-111.931 164.988
376000.017859	-106.61 -166.062
377000.017907	-94.0399 165.295
378000.017954	-113.175 159.294
379000.018002	-116.087 -179.851
380000.018049	-114.221 -175.907
381000.018097	-117.624 -175.953
382000.018144	-130.913 177.008
383000.018192	-118.085 176.467
384000.018239	-144.098 -176.248
385000.018287	-114.859 177.753
386000.018334	-131.495 -178.462
387000.018382	-122.567 178.073
388000.018429	-103.638 168.835
389000.018477	-116.461 173.371
390000.018524	-124.628 -177.995
391000.018572	-124.545 -176.086
392000.018619	-111.256 168.356
393000.018666	-117.403 -171.305
394000.018714	-128.169 -179.358
395000.018761	-126.83 160.441
396000.018809	-123.272 171.539
397000.018856	-121.964 159.698
398000.018904	-109.615 170.455
399000.018951	-125.336 165.247
400000.018999	-129.172 177.08
401000.019046	-116.342 172.932
402000.019094	-109.359 170.762
403000.019141	-116.283 177.841
404000.019189	-120.071 166.155
405000.019236	-105.361 177.999
406000.019284	-118.479 177.941
407000.019331	-114.115 -175.554
408000.019379	-118.146 -176.091
409000.019426	-124.263 -174.65
410000.019474	-132.643 171.939
411000.019521	-122.526 -177.858
412000.019569	-116.361 170.592
413000.019616	-103.739 174.363
414000.019664	-120.113 179.031
415000.019711	-110.92 177.846
416000.019759	-124.002 179.032
417000.019806	-91.7326 177.34
418000.019854	-126.126 -178.483
419000.019901	-121.946 175.447
420000.019949	-98.6744 169.971
421000.019996	-121.089 168.623
422000.020044	-127.273 178.763
423000.020091	-114.726 179.901
424000.020139	-125.659 176.754
425000.020186	-117.929 -179.097
426000.020234	-100.964 -178.947
427000.020281	-112.949 161.301
428000.020329	-103.193 166.114
429000.020376	-136.352 176.594
430000.020424	-111.826 -174.759
431000.020471	-100.413 175.9
432000.020519	-111.133 -167.623
433000.020566	-129.215 168.437
434000.020614	-102.353 179.21
435000.020661	-110.017 177.931
436000.020709	-105.76 162.91
437000.020756	-119.374 -179.613
438000.020804	-126.845 167.02
439000.020851	-118.405 -175.049
440000.020899	-139.887 171.731
441000.020946	-131.933 171.247
442000.020994	-102.463 171.109
443000.021041	-120.687 177.576
444000.021089	-111.967 -177.886
445000.021136	-132.81 178.023
446000.021184	-115.88 163.955
447000.021231	-125.979 170.463
448000.021279	-109.885 173.64
449000.021326	-133.227 158.617
450000.021374	-122.842 171.045
451000.021421	-121.78 -171.902
452000.021469	-126.597 -177.128
453000.021516	-127.008 -175.057
454000.021564	-120.586 177.859
455000.021611	-135.842 174.414
456000.021659	-123.126 159.169
457000.021706	-116.18 -179.965
458000.021754	-126.411 155.958
459000.021801	-127.105 173.888
460000.021849	-113.602 173.063
461000.021896	-112.272 -176.785
462000.021944	-127.536 174.386
463000.021991	-114.513 178.124
464000.022039	-109.803 177.689
465000.022086	-116.15 175.782
466000.022134	-113.932 156.83
467000.022181	-127.657 175.435
468000.022229	-106.064 175.35
469000.022276	-124.48 174.187
470000.022324	-121.551 167.391
471000.022371	-110.187 172.557
472000.022419	-138.141 164.703
473000.022466	-132.59 170.839
474000.022514	-136.615 179.107
475000.022561	-112.186 167.981
476000.022609	-100.675 168.591
477000.022656	-128.137 159.38
478000.022704	-138.161 -176.125
479000.022751	-106.799 -172.407
480000.022799	-134.26 -179.14
481000.022846	-117.154 174.048
482000.022894	-128.179 179.984
483000.022941	-115.413 170.601
484000.022989	-129.301 161.31
485000.023036	-117.985 176.034
486000.023084	-138.086 160.031
487000.023131	-91.4321 175.186
488000.023179	-124.484 168.06
489000.023226	-117.651 172.215
490000.023274	-109.265 177.968
491000.023321	-126.837 170.237
492000.023369	-102.06 178.138
493000.023416	-129.138 170.521
494000.023464	-122.961 170.683
495000.023511	-127.84 -178.35
496000.023559	-126.409 170.082
497000.023606	-131.178 160.781
498000.023654	-124.109 170.744
499000.023701	-119.505 171.517
500000.023749	-112.087 175.562
501000.023796	-121.57 167.81
502000.023844	-117.217 -176.923
503000.023891	-114.061 -170.971
504000.023939	-99.8011 -173.601
505000.023986	-117.502 174.921
506000.024034	-132.717 171.43
507000.024081	-126.881 176.018
508000.024129	-143.475 -178.869
509000.024176	-121.673 -179.345
510000.024224	-114.071 176.445
511000.024271	-125.945 -178.687
512000.024319	-114.829 167.293
513000.024366	-132.762 172.425
514000.024414	-117.932 -179.744
515000.024461	-109.054 177.382
516000.024509	-113.869 -179.621
517000.024556	-114.287 174.855
518000.024604	-117.711 178.873
519000.024651	-125.235 170.293
520000.024699	-119.424 160.003
521000.024746	-105.075 173.737
522000.024794	-114.283 166.186
523000.024841	-103.553 175.153
524000.024889	-113.902 169.443
525000.024936	-111.865 171.126
526000.024984	-123.258 -178.83
527000.025031	-124.287 167.242
528000.025079	-119.036 167.635
529000.025126	-113.402 -178.041
530000.025174	-120.802 167.982
531000.025221	-108.717 176.803
532000.025269	-136.682 -179.975
533000.025316	-123.066 175.839
534000.025364	-123.708 175.934
535000.025411	-128.445 176.942
536000.025459	-124.221 165.477
537000.025506	-119.682 166.522
538000.025554	-141.56 -178.804
539000.025601	-143.486 -177.971
540000.025649	-120.731 168.085
541000.025696	-103.843 174.081
542000.025744	-136.619 175.774
543000.025791	-124.211 -173.045
544000.025839	-122.828 177.579
545000.025886	-104.524 175.17
546000.025934	-131.867 174.154
547000.025981	-123.62 172.151
548000.026029	-112.93 -179.51
549000.026076	-102.219 175.714
550000.026124	-119.52 178.458
551000.026171	-125.776 167.138
552000.026219	-104.013 177.193
553000.026266	-120.949 174.841
554000.026314	-109.045 173.002
555000.026361	-116.197 155.448
556000.026409	-125.083 175.329
557000.026456	-126.013 -176.584
558000.026504	-87.9889 176.14
559000.026551	-108.096 174.473
560000.026599	-119.414 172.622
