#! FIELDS time restraint.bias r0 r1 r2 r3 r4 r5 r6 r7 r8 r9 r10 r11 r12 r13 r14 r15 r16 r17 r18 r19 r20 r21 r22 r23 r24 r25 r26 r27 r28 r29 r30 r31 r32 r33 r34 r35 r36 r37 r38 r39 r40 r41 r42 r43 r44 r45 r46 r47 r48 r49 r50 r51 r52 r53 r54 r55 r56
 780000.037048 2.711786 0.100343 0.120483 0.117847 0.139655 0.142429 0.142502 0.085243 0.103425 0.138470 0.128632 0.134907 0.108673 0.110068 0.094342 0.125191 0.136093 0.088956 0.124024 0.124275 0.103808 0.112352 0.013092 0.038027 0.067215 0.036660 0.068647 0.031337 0.067208 0.067755 0.041874 0.030487 0.105403 0.114965 0.103339 0.132071 0.132561 0.115176 0.069264 0.057173 0.091699 0.087347 0.051106 0.114460 0.118414 0.115796 0.122852 0.107507 0.121627 0.136975 0.099003 0.058071 0.031112 0.119434 0.112260 0.120226 0.048967 0.105505
 781000.037096 2.157124 0.108671 0.127883 0.125161 0.145535 0.146509 0.149114 0.093311 0.109208 0.145201 0.131450 0.140958 0.109973 0.112194 0.097774 0.132846 0.142781 0.094655 0.130941 0.127296 0.111818 0.114688 0.011677 0.044967 0.070489 0.025405 0.064443 0.038452 0.060165 0.058108 0.042148 0.028728 0.109110 0.116510 0.103760 0.126542 0.130580 0.114560 0.066132 0.064638 0.095781 0.086163 0.041236 0.113897 0.118755 0.114477 0.124763 0.108752 0.123746 0.132080 0.092800 0.049986 0.039305 0.113798 0.112319 0.119694 0.054014 0.106950
 782000.037143 5.067596 0.093126 0.115094 0.112740 0.137973 0.142890 0.139185 0.079776 0.099255 0.133803 0.130103 0.131885 0.111464 0.111983 0.095683 0.118351 0.132650 0.088315 0.117447 0.125405 0.099355 0.113415 0.017897 0.028238 0.060355 0.040951 0.073424 0.025115 0.072106 0.075129 0.040692 0.036195 0.100853 0.114421 0.103057 0.138066 0.136054 0.116274 0.070625 0.050103 0.085571 0.088919 0.058829 0.115884 0.118884 0.119072 0.121377 0.105756 0.119463 0.141404 0.104541 0.063234 0.029360 0.124354 0.114354 0.122394 0.047057 0.107098
 783000.037191 1.698820 0.104145 0.125006 0.122179 0.142869 0.143699 0.145873 0.089763 0.106955 0.142552 0.129614 0.139000 0.109248 0.110229 0.096115 0.128773 0.140588 0.092521 0.126830 0.123970 0.108558 0.112115 0.010362 0.038591 0.068823 0.036014 0.070617 0.034316 0.068757 0.066760 0.044254 0.027968 0.107405 0.115615 0.105819 0.132020 0.133516 0.116133 0.072436 0.061008 0.094302 0.089892 0.048125 0.113148 0.120187 0.115459 0.123616 0.109278 0.121615 0.136392 0.096478 0.054585 0.037462 0.118102 0.112187 0.122518 0.050517 0.106139
 784000.037238 5.149666 0.096969 0.117585 0.114961 0.138021 0.141300 0.140392 0.081617 0.100918 0.136318 0.127268 0.133707 0.107345 0.108516 0.092447 0.122051 0.133963 0.086188 0.121313 0.123215 0.101022 0.110924 0.018042 0.036981 0.068148 0.038582 0.073450 0.025573 0.070355 0.070819 0.045493 0.030887 0.104973 0.115419 0.106079 0.134088 0.135276 0.116926 0.071672 0.056445 0.091311 0.091180 0.054675 0.114883 0.120900 0.117344 0.123927 0.108954 0.120822 0.138973 0.099631 0.057220 0.031693 0.120980 0.112076 0.122742 0.053163 0.105238
 785000.037285 2.931726 0.099275 0.119811 0.117534 0.141052 0.145331 0.142999 0.085201 0.103614 0.138061 0.131762 0.134839 0.112642 0.113621 0.097901 0.123934 0.136470 0.091436 0.122867 0.127576 0.104185 0.114904 0.013613 0.034354 0.063189 0.034984 0.068981 0.030217 0.067879 0.068934 0.038825 0.032181 0.103626 0.115220 0.102407 0.134073 0.133709 0.115258 0.068503 0.054547 0.088494 0.087382 0.051772 0.114953 0.117740 0.116865 0.121829 0.106499 0.121353 0.138170 0.100222 0.059199 0.030974 0.120497 0.113872 0.120920 0.046791 0.108533
 786000.037333 4.816432 0.095990 0.118360 0.116094 0.139301 0.142676 0.140960 0.083741 0.101997 0.136064 0.129927 0.133307 0.112122 0.111379 0.097292 0.121319 0.135354 0.091770 0.119549 0.124007 0.102565 0.111605 0.017448 0.028605 0.060648 0.043840 0.073986 0.033851 0.075843 0.076051 0.040895 0.031950 0.101968 0.113987 0.103121 0.137337 0.134193 0.115126 0.075279 0.051720 0.086504 0.089804 0.056640 0.112544 0.117684 0.116409 0.118851 0.105991 0.118719 0.139420 0.102422 0.064162 0.033713 0.122478 0.114331 0.122080 0.041447 0.106495
 787000.037380 7.507879 0.105386 0.127122 0.124206 0.145293 0.145779 0.147119 0.094842 0.109489 0.142306 0.133992 0.137412 0.116304 0.115303 0.103767 0.129383 0.143110 0.100296 0.125488 0.126538 0.110856 0.114377 0.021785 0.035886 0.062124 0.044283 0.069847 0.048557 0.075059 0.071532 0.041180 0.034366 0.103979 0.112870 0.100857 0.132383 0.129433 0.112487 0.076826 0.058747 0.089848 0.087161 0.049482 0.109184 0.113688 0.111853 0.115830 0.104709 0.119627 0.133354 0.097351 0.063678 0.043097 0.116494 0.113858 0.119381 0.037990 0.108824
 788000.037428 6.663114 0.090851 0.112839 0.111136 0.136999 0.144107 0.137601 0.079429 0.099204 0.131326 0.132678 0.129219 0.116226 0.116740 0.100134 0.115950 0.130554 0.090585 0.115934 0.129032 0.097295 0.117524 0.020522 0.023955 0.053905 0.044205 0.070910 0.028470 0.072102 0.077862 0.034789 0.042072 0.096533 0.112250 0.097794 0.139075 0.133894 0.113486 0.067355 0.042711 0.079264 0.084605 0.062292 0.116385 0.114372 0.118471 0.117750 0.101286 0.118148 0.141893 0.108679 0.070620 0.021057 0.126034 0.115065 0.119034 0.038639 0.110454
 789000.037475 5.658693 0.096613 0.120462 0.117073 0.143015 0.146662 0.143644 0.085803 0.102755 0.136975 0.134859 0.133092 0.116123 0.116194 0.101243 0.121818 0.137981 0.094129 0.118972 0.128302 0.102590 0.116992 0.018912 0.025959 0.057931 0.045238 0.072209 0.037603 0.076147 0.076983 0.038028 0.037129 0.102102 0.115471 0.101380 0.139559 0.134966 0.116002 0.074430 0.049909 0.085001 0.087619 0.057238 0.115178 0.116342 0.118321 0.118964 0.105477 0.121193 0.140893 0.105802 0.068511 0.033502 0.124646 0.117756 0.122734 0.036466 0.108651
 790000.037523 4.507891 0.099572 0.121600 0.118566 0.143862 0.148491 0.144536 0.088328 0.105098 0.138386 0.136660 0.133632 0.117428 0.119238 0.103154 0.124167 0.138337 0.095330 0.122312 0.131765 0.104434 0.120700 0.016880 0.031898 0.058300 0.040357 0.065926 0.037732 0.068720 0.070731 0.034320 0.038729 0.102239 0.115189 0.098487 0.135953 0.132399 0.114305 0.067737 0.050854 0.085070 0.083325 0.053634 0.116280 0.114067 0.117172 0.119408 0.104115 0.122174 0.138580 0.104456 0.067436 0.028751 0.122352 0.116966 0.119645 0.036225 0.111191
 791000.037570 6.129258 0.101425 0.121869 0.119374 0.143948 0.149572 0.144679 0.091008 0.106021 0.137835 0.138117 0.132709 0.120554 0.122528 0.106820 0.124490 0.138542 0.098878 0.122596 0.133852 0.106652 0.122758 0.019683 0.031699 0.051623 0.038357 0.060766 0.042434 0.066107 0.069937 0.026006 0.043786 0.097542 0.110935 0.090776 0.132754 0.126977 0.108420 0.062454 0.049563 0.080249 0.076079 0.052383 0.113933 0.107387 0.113834 0.114823 0.097325 0.119331 0.134614 0.103665 0.069888 0.031526 0.119306 0.114823 0.113538 0.031537 0.112641
 792000.037618 4.238229 0.095485 0.115983 0.113897 0.137706 0.143622 0.139599 0.081588 0.100776 0.134614 0.130804 0.131618 0.113137 0.114161 0.097393 0.120257 0.132629 0.089499 0.119806 0.127177 0.100931 0.115167 0.016367 0.030989 0.059386 0.039253 0.069001 0.028609 0.069385 0.073227 0.036350 0.036808 0.100649 0.113561 0.099505 0.136115 0.132850 0.113775 0.067116 0.050352 0.085367 0.084731 0.057070 0.115723 0.115952 0.117461 0.120510 0.103767 0.119838 0.139764 0.104534 0.065344 0.026550 0.123405 0.113710 0.118767 0.043292 0.108542
 793000.037665 2.241469 0.101596 0.121893 0.119730 0.141269 0.143745 0.144057 0.087043 0.104715 0.139894 0.129658 0.136710 0.110161 0.110755 0.096181 0.126312 0.138123 0.091899 0.124850 0.124672 0.106156 0.111926 0.011903 0.036435 0.065667 0.035248 0.069268 0.033609 0.068518 0.067880 0.040851 0.028482 0.104869 0.114601 0.103219 0.132233 0.132580 0.114685 0.070543 0.057335 0.090905 0.087902 0.049427 0.113006 0.118188 0.115262 0.121691 0.106967 0.120917 0.136283 0.097650 0.056696 0.034475 0.118388 0.112554 0.120621 0.048445 0.106143
 794000.037713 2.553928 0.112033 0.131805 0.128980 0.146689 0.144167 0.151111 0.096846 0.112306 0.148340 0.129109 0.144418 0.107034 0.108614 0.096392 0.136361 0.145893 0.096123 0.133936 0.123460 0.114550 0.111926 0.012706 0.048262 0.076410 0.032014 0.068306 0.042086 0.063302 0.058388 0.048878 0.025888 0.112743 0.117540 0.108709 0.125959 0.132039 0.116850 0.072239 0.069176 0.100631 0.091068 0.040733 0.112808 0.122118 0.113896 0.126383 0.112508 0.124412 0.132086 0.090700 0.046433 0.044073 0.112903 0.111677 0.123069 0.057340 0.104860
 795000.037760 3.302230 0.104693 0.126043 0.123403 0.144431 0.146392 0.147491 0.091329 0.108006 0.143254 0.132045 0.139654 0.112987 0.112818 0.099690 0.129508 0.141623 0.095755 0.127108 0.126571 0.110439 0.113406 0.014448 0.037236 0.066285 0.035866 0.071744 0.038389 0.071137 0.069210 0.042708 0.028940 0.107140 0.116339 0.105252 0.133730 0.133683 0.115634 0.073566 0.060888 0.092713 0.090137 0.049152 0.112658 0.119619 0.115935 0.122503 0.108891 0.121492 0.136925 0.097354 0.056801 0.040717 0.118933 0.114029 0.122705 0.047877 0.108168
 796000.037808 3.187356 0.107923 0.128566 0.124961 0.147809 0.148859 0.150002 0.094685 0.108699 0.144252 0.135465 0.138492 0.113845 0.116026 0.101500 0.132025 0.144041 0.097680 0.128481 0.129835 0.111247 0.117970 0.014194 0.041435 0.064601 0.029519 0.060833 0.045013 0.062107 0.059861 0.036419 0.032615 0.107319 0.116334 0.099654 0.128265 0.128905 0.113354 0.066481 0.061345 0.092353 0.082098 0.041092 0.113842 0.114663 0.114268 0.121161 0.106050 0.124361 0.131335 0.095468 0.057149 0.039844 0.114458 0.115619 0.118242 0.044735 0.107380
 797000.037855 5.764215 0.092004 0.114107 0.111492 0.137292 0.142720 0.138456 0.078684 0.098267 0.132318 0.130144 0.129726 0.111775 0.112642 0.095848 0.117193 0.131562 0.087141 0.116605 0.125834 0.097158 0.114723 0.019088 0.027743 0.060568 0.044087 0.073662 0.024734 0.074254 0.077688 0.039882 0.037078 0.100790 0.114861 0.102054 0.139437 0.135817 0.116124 0.071433 0.047739 0.084174 0.088442 0.060593 0.116805 0.117760 0.119436 0.121125 0.105616 0.120208 0.142602 0.106988 0.067117 0.025924 0.126214 0.115496 0.122311 0.043875 0.106865
 798000.037903 5.480927 0.102973 0.121449 0.119896 0.139976 0.143893 0.143878 0.086528 0.105383 0.140567 0.128537 0.137692 0.109931 0.110602 0.095659 0.127396 0.137185 0.090591 0.126993 0.125603 0.107278 0.111421 0.018613 0.041993 0.069262 0.032946 0.071040 0.032327 0.068253 0.067957 0.043775 0.029523 0.106143 0.115142 0.104464 0.131118 0.132700 0.114633 0.069560 0.060918 0.093215 0.089570 0.050454 0.113625 0.119692 0.115649 0.123977 0.108066 0.121377 0.136436 0.096467 0.054864 0.036902 0.118178 0.111006 0.119893 0.055220 0.107808
 799000.037950 10.315790 0.102208 0.118552 0.117563 0.141480 0.151187 0.143004 0.088968 0.105917 0.136974 0.138920 0.132655 0.122132 0.125876 0.107345 0.124375 0.134829 0.097134 0.125251 0.138671 0.106267 0.126513 0.025535 0.040671 0.054397 0.030638 0.055591 0.038377 0.055823 0.065319 0.024679 0.049629 0.097153 0.111535 0.088327 0.130504 0.126687 0.107970 0.049750 0.051507 0.080877 0.071890 0.054203 0.118844 0.107517 0.116264 0.118921 0.096167 0.121509 0.135289 0.105445 0.069639 0.026024 0.120085 0.113971 0.110014 0.044432 0.116962
 800000.037998 2.977499 0.107369 0.126902 0.124476 0.143743 0.144242 0.147740 0.091486 0.108897 0.145067 0.128889 0.141718 0.108019 0.109092 0.095278 0.132114 0.141942 0.092809 0.130511 0.124223 0.111067 0.111062 0.013719 0.044863 0.073787 0.031703 0.070486 0.035737 0.065680 0.062436 0.047556 0.024942 0.110518 0.117140 0.108392 0.128736 0.133498 0.117024 0.071905 0.065776 0.098239 0.091867 0.044982 0.113257 0.122402 0.115056 0.126079 0.111798 0.123256 0.134651 0.092807 0.048546 0.040449 0.115515 0.111391 0.122918 0.056762 0.106500
 801000.038045 4.355542 0.096454 0.119169 0.116444 0.142022 0.146097 0.142899 0.084186 0.103178 0.137042 0.133516 0.134287 0.113950 0.115030 0.099215 0.121684 0.136325 0.091340 0.120948 0.128912 0.101440 0.117470 0.016592 0.030948 0.062859 0.041328 0.073074 0.028379 0.071624 0.073753 0.041328 0.036009 0.103288 0.116549 0.104535 0.138434 0.137229 0.117857 0.071151 0.050827 0.086554 0.090198 0.057470 0.117218 0.119776 0.119696 0.122566 0.107947 0.121775 0.142219 0.104689 0.063739 0.027110 0.124590 0.116355 0.124406 0.045472 0.109619
 802000.038093 4.092400 0.106525 0.125598 0.122519 0.145349 0.149456 0.147672 0.092676 0.107220 0.141798 0.135945 0.135932 0.115837 0.118589 0.102427 0.129824 0.140888 0.096753 0.127250 0.131821 0.110128 0.119916 0.016083 0.040904 0.061101 0.028760 0.057834 0.042693 0.060496 0.061736 0.030833 0.037179 0.104615 0.114898 0.095178 0.128967 0.127159 0.110889 0.061782 0.059182 0.089351 0.077600 0.044177 0.114965 0.111575 0.114396 0.120334 0.102819 0.123519 0.132384 0.098514 0.061436 0.037177 0.116337 0.114977 0.114851 0.042269 0.109155
 803000.038140 2.355652 0.108026 0.128111 0.125616 0.144865 0.145146 0.148782 0.093255 0.110072 0.145572 0.130294 0.141807 0.110115 0.110514 0.097754 0.132867 0.142999 0.095007 0.130788 0.125481 0.111670 0.111965 0.012202 0.043466 0.071946 0.031372 0.069345 0.039206 0.065967 0.062114 0.045744 0.024855 0.109603 0.116193 0.106842 0.127962 0.131982 0.115588 0.071672 0.064753 0.096818 0.090628 0.043450 0.111836 0.120466 0.113634 0.123947 0.110327 0.122636 0.133239 0.091996 0.049478 0.040091 0.114255 0.111357 0.121580 0.053538 0.107337
 804000.038188 2.743883 0.100220 0.120398 0.117992 0.140805 0.144235 0.143147 0.085657 0.103780 0.138670 0.130340 0.135635 0.110435 0.111964 0.096161 0.124698 0.136604 0.090490 0.123842 0.126237 0.104820 0.114085 0.013170 0.036437 0.064991 0.034092 0.069019 0.028929 0.066184 0.067646 0.040582 0.032266 0.104262 0.115014 0.102995 0.132917 0.133437 0.115165 0.067772 0.056369 0.089869 0.087284 0.051545 0.114998 0.118545 0.116773 0.122909 0.106884 0.121037 0.137549 0.099419 0.057530 0.031774 0.119812 0.112847 0.120835 0.049691 0.107165
 805000.038235 2.922265 0.097642 0.119238 0.116510 0.140029 0.143048 0.142303 0.083089 0.101833 0.137458 0.129118 0.134956 0.108976 0.109667 0.094073 0.122898 0.135667 0.088568 0.121614 0.124182 0.102496 0.111999 0.013591 0.034130 0.066174 0.038170 0.073077 0.027117 0.070557 0.071453 0.043468 0.030620 0.105299 0.116496 0.106194 0.135968 0.136361 0.117644 0.072014 0.055782 0.090637 0.090954 0.054667 0.115500 0.121307 0.118567 0.123905 0.109237 0.121513 0.140312 0.101087 0.058036 0.032716 0.122331 0.114196 0.124026 0.050301 0.105326
 806000.038283 3.812681 0.101723 0.122863 0.120398 0.141718 0.144178 0.144372 0.087898 0.106019 0.140721 0.130185 0.137139 0.111204 0.111394 0.097366 0.126773 0.138532 0.092304 0.125471 0.125371 0.106625 0.112509 0.015524 0.037580 0.067915 0.038808 0.073076 0.034207 0.072423 0.070543 0.044242 0.027377 0.106794 0.116267 0.106219 0.134295 0.134333 0.116435 0.074558 0.058496 0.092277 0.091705 0.051413 0.113019 0.120215 0.115892 0.122554 0.109706 0.121282 0.138023 0.098208 0.058066 0.035337 0.119860 0.113434 0.123232 0.047852 0.107691
 807000.038330 5.190621 0.108344 0.129214 0.126759 0.144027 0.142082 0.148818 0.092720 0.110572 0.146995 0.126545 0.144006 0.106047 0.105008 0.093827 0.133964 0.144112 0.093090 0.131733 0.120426 0.111771 0.106452 0.018113 0.046189 0.079117 0.040553 0.078236 0.039665 0.074923 0.068304 0.054629 0.016485 0.113680 0.118399 0.114423 0.131070 0.136235 0.119824 0.081682 0.068521 0.102009 0.099540 0.047667 0.110998 0.126335 0.114673 0.126505 0.116178 0.123349 0.136546 0.091620 0.047995 0.044944 0.116407 0.111369 0.127203 0.058758 0.104744
 808000.038378 2.432207 0.105331 0.126822 0.123148 0.146355 0.147326 0.149143 0.090204 0.107064 0.144355 0.132593 0.140754 0.109680 0.111992 0.096375 0.130341 0.142501 0.092199 0.128124 0.127430 0.108726 0.115707 0.012399 0.041749 0.071460 0.032108 0.069789 0.033785 0.064582 0.063875 0.045576 0.031264 0.110784 0.119820 0.108337 0.132822 0.136832 0.119739 0.069674 0.063309 0.096708 0.090513 0.048385 0.117835 0.123685 0.119633 0.128396 0.112529 0.125966 0.138442 0.098179 0.052841 0.038266 0.119940 0.115748 0.125488 0.055613 0.106784
 809000.038425 7.105380 0.090537 0.112516 0.109670 0.137133 0.144541 0.137595 0.077778 0.096940 0.130613 0.132717 0.127607 0.114326 0.116514 0.097850 0.115507 0.129798 0.087267 0.115203 0.129461 0.095547 0.118988 0.021193 0.027596 0.056256 0.042673 0.069195 0.025591 0.070044 0.076444 0.034842 0.042997 0.098743 0.114506 0.097847 0.139300 0.134290 0.114759 0.065364 0.044515 0.081121 0.083167 0.061890 0.119147 0.115073 0.120449 0.120604 0.102772 0.120736 0.142467 0.109943 0.070766 0.020187 0.127245 0.116769 0.119513 0.041320 0.108672
 810000.038473 3.113870 0.098259 0.119223 0.116673 0.140477 0.145215 0.142967 0.083362 0.102341 0.137770 0.131168 0.134916 0.111486 0.112819 0.096198 0.123539 0.135427 0.089154 0.122794 0.127453 0.102760 0.115142 0.014029 0.035105 0.064954 0.036031 0.070452 0.027692 0.068148 0.070918 0.040391 0.033506 0.105041 0.116929 0.103871 0.136240 0.135731 0.116956 0.068158 0.054784 0.089695 0.088142 0.054932 0.117486 0.120124 0.119519 0.124621 0.108094 0.122776 0.140998 0.103093 0.060739 0.029564 0.123562 0.115154 0.122264 0.049332 0.107660
 811000.038520 4.400591 0.095874 0.117348 0.114996 0.140096 0.144722 0.140897 0.083489 0.101582 0.134945 0.132548 0.131646 0.113617 0.114920 0.098743 0.120555 0.134647 0.091398 0.119481 0.127759 0.100822 0.116542 0.016678 0.030183 0.059102 0.040981 0.068505 0.031604 0.069930 0.072481 0.036412 0.036635 0.100637 0.114006 0.099529 0.136017 0.133099 0.114413 0.068772 0.048801 0.084023 0.085215 0.055572 0.115486 0.115081 0.117056 0.119109 0.103956 0.120418 0.139120 0.104141 0.065633 0.026492 0.122516 0.115284 0.119996 0.040386 0.108108
 812000.038568 9.336248 0.096527 0.120397 0.116387 0.140880 0.142013 0.143250 0.081160 0.100498 0.138706 0.126941 0.136624 0.104580 0.104954 0.089476 0.123084 0.136823 0.084489 0.121171 0.121150 0.101184 0.108708 0.024293 0.039562 0.075732 0.045915 0.084037 0.026200 0.079717 0.077766 0.055528 0.027444 0.111980 0.122194 0.116679 0.140935 0.143657 0.124946 0.082814 0.061567 0.097398 0.101995 0.060191 0.117503 0.130389 0.122914 0.129809 0.118347 0.124382 0.145444 0.102149 0.056888 0.040389 0.126353 0.116955 0.132950 0.059510 0.102563
 813000.038615 6.643015 0.093311 0.115593 0.113372 0.138268 0.144591 0.139363 0.081284 0.101065 0.134220 0.132844 0.131166 0.116452 0.116504 0.100227 0.118770 0.133085 0.091236 0.117981 0.128445 0.099993 0.116497 0.020491 0.026042 0.057033 0.045749 0.072584 0.031514 0.075297 0.078679 0.037433 0.039164 0.099942 0.114036 0.100448 0.140125 0.134881 0.115263 0.071604 0.047032 0.083798 0.087078 0.061214 0.116211 0.116396 0.118741 0.119460 0.104252 0.119851 0.142603 0.108028 0.070616 0.026361 0.126650 0.115710 0.120722 0.038305 0.111087
 814000.038663 3.380104 0.099125 0.120671 0.118160 0.143270 0.148299 0.144243 0.087472 0.104331 0.137741 0.135985 0.133866 0.117011 0.118584 0.102707 0.123594 0.137572 0.095199 0.122018 0.131502 0.104330 0.119892 0.014617 0.030461 0.056370 0.036302 0.064794 0.035969 0.066275 0.069552 0.031811 0.038585 0.100515 0.113946 0.097017 0.134772 0.131667 0.112920 0.064739 0.049880 0.083356 0.081820 0.052789 0.115718 0.113366 0.116796 0.118801 0.102320 0.120986 0.137664 0.103521 0.065345 0.028424 0.121260 0.115861 0.118287 0.038352 0.110514
 815000.038710 2.397332 0.109859 0.129437 0.126021 0.148505 0.151205 0.151388 0.095467 0.110051 0.145825 0.137159 0.139977 0.115309 0.118481 0.102573 0.133806 0.144271 0.097830 0.131100 0.132894 0.112769 0.120819 0.012310 0.043894 0.065431 0.024352 0.057734 0.043709 0.057187 0.057552 0.034379 0.035380 0.108347 0.117371 0.098708 0.128119 0.129100 0.113456 0.061213 0.062824 0.093533 0.079572 0.041214 0.116550 0.115175 0.115844 0.123853 0.106126 0.126055 0.132685 0.097046 0.057591 0.037893 0.115873 0.115870 0.117101 0.046935 0.109607
 816000.038758 3.535790 0.095574 0.117075 0.114983 0.138928 0.143496 0.140620 0.082310 0.101728 0.135451 0.130619 0.132800 0.112417 0.112770 0.097276 0.120802 0.134117 0.089885 0.120195 0.126386 0.100731 0.114040 0.014950 0.030132 0.061550 0.040262 0.071741 0.028367 0.071491 0.073549 0.039388 0.033516 0.101453 0.114042 0.102244 0.136297 0.134402 0.115131 0.070317 0.050160 0.085813 0.088284 0.056312 0.114702 0.117536 0.117155 0.120390 0.105547 0.119770 0.139990 0.102903 0.063003 0.026613 0.122693 0.113698 0.121117 0.044253 0.108108
 817000.038805 2.547582 0.101866 0.124049 0.120531 0.145704 0.150033 0.147562 0.088091 0.105348 0.141505 0.136401 0.136999 0.115184 0.117250 0.100380 0.127376 0.140165 0.093432 0.125199 0.131636 0.106134 0.119568 0.012690 0.035941 0.064075 0.034881 0.066835 0.035845 0.066737 0.068219 0.037525 0.034169 0.107704 0.119623 0.103308 0.136798 0.135826 0.118204 0.067796 0.056387 0.091082 0.086090 0.051522 0.119059 0.119688 0.120509 0.125276 0.109300 0.126099 0.140671 0.103769 0.062699 0.031729 0.123698 0.118917 0.123013 0.044404 0.109639
 818000.038853 1.990453 0.109255 0.129232 0.126875 0.144957 0.144402 0.149330 0.093902 0.110884 0.146838 0.129167 0.143302 0.108671 0.109099 0.096608 0.134086 0.144081 0.094905 0.132127 0.123856 0.112899 0.110689 0.011217 0.044405 0.074075 0.033198 0.070870 0.039016 0.067590 0.063071 0.047553 0.022628 0.110903 0.116713 0.108417 0.128770 0.132933 0.116566 0.073714 0.066301 0.098691 0.092150 0.043581 0.111923 0.122010 0.114029 0.125184 0.111735 0.123023 0.134220 0.092049 0.048918 0.041516 0.114989 0.111250 0.122837 0.055117 0.106484
 819000.038900 1.677213 0.106181 0.126845 0.123638 0.147470 0.150701 0.149899 0.092151 0.107700 0.143569 0.136481 0.138867 0.114438 0.117374 0.101262 0.130599 0.142210 0.095860 0.128590 0.132232 0.109338 0.120601 0.010296 0.040560 0.065222 0.028081 0.062228 0.038832 0.060230 0.061940 0.035908 0.035107 0.107794 0.118541 0.101058 0.131964 0.132827 0.115676 0.063082 0.059506 0.091450 0.082824 0.046383 0.118120 0.117672 0.118491 0.124948 0.107526 0.125974 0.136643 0.100179 0.058433 0.034788 0.119369 0.117482 0.120669 0.047550 0.108876
 820000.038948 3.054631 0.099231 0.119412 0.117338 0.141551 0.147157 0.143099 0.085996 0.103787 0.137575 0.134256 0.134168 0.115458 0.117355 0.100741 0.123498 0.136232 0.093261 0.122699 0.130605 0.104373 0.118616 0.013895 0.032852 0.058201 0.033654 0.064461 0.032117 0.064086 0.068089 0.032875 0.038001 0.100741 0.113604 0.097399 0.133667 0.131625 0.112866 0.062725 0.051525 0.084931 0.081763 0.052467 0.116146 0.114266 0.116885 0.120347 0.102517 0.120895 0.137604 0.102680 0.063228 0.027613 0.120918 0.114245 0.117537 0.043295 0.110476
 821000.038995 1.698610 0.104341 0.124470 0.121670 0.142115 0.143286 0.145172 0.089905 0.106289 0.141461 0.129314 0.137159 0.109075 0.110340 0.096075 0.128805 0.139596 0.092583 0.126598 0.123947 0.108139 0.112122 0.010362 0.039598 0.067416 0.034159 0.066491 0.037229 0.066163 0.064219 0.041087 0.027450 0.106577 0.114625 0.102654 0.129453 0.130293 0.113817 0.070111 0.060316 0.093123 0.086346 0.045380 0.112114 0.117061 0.113450 0.121628 0.107258 0.121412 0.133571 0.095335 0.055254 0.036583 0.115950 0.111846 0.119459 0.047196 0.105040
 822000.039043 7.737493 0.090543 0.113148 0.110967 0.136166 0.141597 0.137535 0.076868 0.098297 0.132394 0.128803 0.130834 0.111081 0.111089 0.094706 0.116592 0.130716 0.085845 0.116625 0.124734 0.096338 0.112824 0.022115 0.028875 0.063694 0.047068 0.078436 0.022226 0.077750 0.080600 0.044908 0.036304 0.102126 0.116025 0.106227 0.141615 0.138867 0.118742 0.075052 0.048676 0.086316 0.093283 0.063775 0.117325 0.121575 0.120975 0.122957 0.108527 0.120310 0.145284 0.107751 0.067090 0.025951 0.128227 0.115466 0.124999 0.048123 0.107544
 823000.039090 2.123673 0.107344 0.127535 0.124886 0.144778 0.145073 0.147993 0.093399 0.109050 0.143931 0.130933 0.139436 0.110551 0.111467 0.098374 0.131654 0.142475 0.095886 0.129255 0.125292 0.111093 0.113119 0.011586 0.041652 0.068798 0.034189 0.066929 0.041232 0.066860 0.063621 0.041927 0.026337 0.108203 0.115868 0.103734 0.129321 0.130548 0.114329 0.071790 0.062321 0.094079 0.087552 0.043727 0.111784 0.117603 0.113364 0.121715 0.108476 0.122403 0.133176 0.094379 0.054761 0.039549 0.115200 0.113218 0.120614 0.047132 0.105809
 824000.039138 6.037399 0.094820 0.117761 0.114903 0.143315 0.149727 0.143159 0.083458 0.101825 0.135564 0.137993 0.132813 0.118117 0.120157 0.102405 0.119624 0.135825 0.093106 0.118727 0.133522 0.100769 0.122611 0.019535 0.027396 0.056173 0.041294 0.069974 0.029488 0.069485 0.075246 0.035439 0.043649 0.100749 0.117107 0.100531 0.141385 0.137667 0.117609 0.066451 0.046976 0.082370 0.085592 0.060719 0.120850 0.117641 0.122761 0.122278 0.105073 0.122990 0.144421 0.110106 0.069539 0.026024 0.128059 0.119824 0.123208 0.042158 0.111926
 825000.039185 11.384601 0.085734 0.108780 0.107201 0.134239 0.142159 0.134390 0.074383 0.096492 0.128361 0.130939 0.127744 0.115845 0.115346 0.098711 0.111333 0.127310 0.087620 0.112135 0.127575 0.093799 0.115948 0.026826 0.021309 0.055941 0.049759 0.079462 0.021060 0.079203 0.084909 0.042035 0.044273 0.096543 0.113697 0.102818 0.144373 0.138769 0.116978 0.073126 0.041954 0.079517 0.091431 0.069209 0.117972 0.118906 0.121938 0.119956 0.104318 0.117508 0.146843 0.112097 0.072759 0.023695 0.130797 0.115921 0.123589 0.044836 0.111214
 826000.039233 4.661325 0.113779 0.131542 0.128815 0.148786 0.150789 0.153273 0.096785 0.112412 0.149050 0.134958 0.143705 0.112594 0.115961 0.100265 0.137924 0.145602 0.096762 0.136216 0.132037 0.115066 0.118833 0.017165 0.052258 0.074656 0.021170 0.059748 0.044308 0.055191 0.053593 0.042161 0.032440 0.113279 0.119846 0.103601 0.124965 0.130310 0.115764 0.062196 0.069257 0.100032 0.084022 0.038930 0.117684 0.119611 0.116332 0.128566 0.110667 0.128925 0.132124 0.093585 0.051352 0.041144 0.114093 0.114882 0.118650 0.057714 0.109655
 827000.039280 8.444957 0.089671 0.111988 0.109783 0.135085 0.140688 0.136182 0.076179 0.097573 0.131421 0.128243 0.130220 0.110718 0.110754 0.094095 0.115228 0.129531 0.085659 0.115314 0.123954 0.096560 0.112366 0.023104 0.028373 0.062483 0.046796 0.078884 0.019313 0.077028 0.080622 0.045359 0.038067 0.101268 0.115496 0.106421 0.141898 0.139080 0.118666 0.074759 0.049315 0.086116 0.093397 0.064818 0.117236 0.121837 0.121233 0.122873 0.108175 0.119184 0.145335 0.107840 0.066397 0.028544 0.128285 0.114918 0.125266 0.049262 0.107478
 828000.039328 4.187629 0.104271 0.122936 0.120612 0.144902 0.151443 0.147234 0.089670 0.106067 0.140584 0.137696 0.135803 0.117380 0.120682 0.102950 0.128163 0.138739 0.095340 0.127162 0.135316 0.107254 0.122741 0.016269 0.040987 0.060869 0.026269 0.057408 0.038812 0.056861 0.061984 0.029459 0.040253 0.103943 0.116256 0.095285 0.130796 0.129930 0.112528 0.056165 0.056030 0.087582 0.077320 0.048365 0.118985 0.113341 0.117856 0.122836 0.102869 0.125284 0.135873 0.102156 0.062891 0.030054 0.119544 0.116568 0.115285 0.046141 0.111665
 829000.039375 3.371911 0.113845 0.133721 0.130757 0.148239 0.145506 0.152270 0.099594 0.114386 0.149732 0.131422 0.144522 0.110253 0.111225 0.099663 0.138211 0.148055 0.099273 0.134941 0.124940 0.116677 0.112831 0.014599 0.048101 0.074797 0.034129 0.066534 0.047660 0.065564 0.058358 0.047165 0.024426 0.112573 0.116852 0.106817 0.125391 0.129630 0.115501 0.074171 0.069181 0.100548 0.089754 0.037476 0.110848 0.119397 0.111634 0.123593 0.111373 0.124460 0.129966 0.089545 0.050023 0.045173 0.111355 0.112228 0.121209 0.052115 0.106788
 830000.039423 2.253520 0.105053 0.124599 0.122222 0.142438 0.144602 0.146145 0.089555 0.106997 0.142676 0.129910 0.138874 0.110034 0.110915 0.096415 0.129922 0.139860 0.092502 0.128161 0.125595 0.108910 0.112080 0.011935 0.041441 0.068779 0.031295 0.067241 0.036739 0.065101 0.063551 0.042186 0.027365 0.107464 0.115397 0.103920 0.129155 0.131318 0.114564 0.068775 0.061855 0.094635 0.087456 0.045873 0.113028 0.118830 0.114465 0.123413 0.108132 0.122342 0.134245 0.094819 0.053426 0.036901 0.116158 0.111596 0.119372 0.051512 0.106943
 831000.039470 5.505915 0.095360 0.117026 0.115298 0.140223 0.146292 0.140724 0.084515 0.102962 0.134882 0.134731 0.131781 0.118189 0.118527 0.103055 0.119770 0.134791 0.094749 0.119002 0.130250 0.102195 0.118336 0.018655 0.025227 0.053617 0.042433 0.069326 0.033437 0.072235 0.075581 0.033057 0.039693 0.097630 0.112273 0.097285 0.137707 0.132574 0.112720 0.068695 0.045774 0.080442 0.084278 0.057874 0.114482 0.113089 0.116588 0.116563 0.101359 0.118406 0.139746 0.105740 0.069025 0.026782 0.123503 0.115073 0.118831 0.035220 0.111922
 832000.039518 4.779102 0.117524 0.135662 0.132379 0.150204 0.148275 0.154540 0.102237 0.115329 0.151180 0.133443 0.144886 0.111181 0.114228 0.101287 0.140813 0.149142 0.100498 0.137568 0.128700 0.119114 0.116869 0.017381 0.053195 0.074933 0.022469 0.058695 0.050035 0.056055 0.049170 0.043690 0.030133 0.113217 0.117207 0.102832 0.120238 0.125889 0.112960 0.066197 0.072297 0.101159 0.083726 0.030090 0.112514 0.116681 0.111226 0.124834 0.109416 0.126349 0.125662 0.087261 0.047260 0.047260 0.107685 0.112334 0.117344 0.055589 0.107422
 833000.039565 2.428539 0.110963 0.129957 0.127269 0.147603 0.149287 0.151456 0.095328 0.111365 0.147428 0.134116 0.142724 0.112788 0.114907 0.100231 0.135281 0.144596 0.096801 0.133340 0.130196 0.113911 0.116933 0.012390 0.046813 0.071227 0.023775 0.062923 0.041271 0.059143 0.057155 0.041341 0.029762 0.110849 0.118154 0.104030 0.126963 0.131037 0.115420 0.065351 0.066182 0.097415 0.085824 0.040498 0.115351 0.119347 0.115451 0.126030 0.109775 0.125957 0.132838 0.093541 0.051054 0.039992 0.114529 0.113919 0.119846 0.053865 0.109326
 834000.039613 4.525659 0.102763 0.124055 0.121035 0.141403 0.141703 0.145259 0.086640 0.105081 0.142278 0.126263 0.139487 0.105109 0.105202 0.091249 0.128423 0.139459 0.088372 0.126483 0.120756 0.106706 0.107537 0.016913 0.041935 0.075088 0.038730 0.077070 0.031815 0.073361 0.069930 0.051300 0.021768 0.111205 0.118586 0.112290 0.133721 0.137336 0.119977 0.078146 0.064205 0.098551 0.096892 0.051184 0.113620 0.125779 0.117346 0.127024 0.114655 0.123055 0.138913 0.095776 0.051138 0.040581 0.119672 0.112623 0.126894 0.057365 0.103372
 835000.039660 5.194747 0.104331 0.124419 0.121488 0.145078 0.149407 0.146463 0.092602 0.107349 0.140398 0.137488 0.134392 0.118692 0.120854 0.105186 0.127855 0.140555 0.098434 0.125264 0.132835 0.108480 0.121228 0.018121 0.036357 0.056529 0.036144 0.058841 0.044914 0.064456 0.065978 0.028777 0.040056 0.101137 0.112386 0.092691 0.130332 0.126327 0.109465 0.063357 0.054051 0.085305 0.076633 0.047852 0.113676 0.108762 0.113075 0.116538 0.099820 0.121489 0.132793 0.100684 0.066913 0.033296 0.117221 0.114638 0.113413 0.034431 0.111339
 836000.039708 3.803183 0.114637 0.133827 0.130442 0.149918 0.148904 0.153919 0.099579 0.113069 0.149603 0.133700 0.144016 0.111099 0.113920 0.100533 0.138428 0.147729 0.099113 0.135184 0.128982 0.116954 0.116962 0.015505 0.050181 0.073068 0.021518 0.060692 0.047051 0.057015 0.052200 0.042778 0.030166 0.112657 0.118358 0.103699 0.123325 0.128607 0.114425 0.065933 0.070015 0.099322 0.084610 0.034102 0.113952 0.118227 0.113744 0.125668 0.109957 0.126417 0.128533 0.089940 0.047824 0.045945 0.110539 0.114017 0.119444 0.055157 0.106801
 837000.039755 2.254730 0.106362 0.126575 0.123976 0.142714 0.142070 0.146346 0.092114 0.108511 0.143561 0.128175 0.139581 0.108201 0.108357 0.095883 0.131093 0.141466 0.094103 0.128583 0.122167 0.110165 0.109553 0.011938 0.041493 0.070087 0.035805 0.068799 0.040504 0.067605 0.063549 0.045074 0.024372 0.107852 0.114131 0.105245 0.127798 0.130217 0.114186 0.073242 0.063070 0.095718 0.089244 0.044362 0.109954 0.118566 0.111907 0.121356 0.108569 0.120754 0.132063 0.092249 0.052137 0.039676 0.113734 0.110343 0.120141 0.049795 0.104830
 838000.039803 2.463313 0.107058 0.128784 0.125898 0.145865 0.144049 0.148942 0.093867 0.109984 0.145285 0.130064 0.142010 0.109350 0.109336 0.097740 0.131785 0.144460 0.095989 0.128966 0.123307 0.111310 0.111383 0.012478 0.040098 0.071456 0.037327 0.072799 0.039226 0.070359 0.065788 0.047775 0.025594 0.109208 0.116318 0.108701 0.130805 0.134193 0.117264 0.076251 0.063528 0.095904 0.093322 0.045724 0.111489 0.121478 0.114451 0.123201 0.111270 0.121916 0.134962 0.093571 0.051062 0.042062 0.115844 0.112598 0.124900 0.052050 0.105751
 839000.039850 3.805567 0.095756 0.116003 0.113740 0.137370 0.142987 0.139516 0.081566 0.100247 0.134429 0.129742 0.131529 0.111716 0.112764 0.096186 0.120359 0.132231 0.088658 0.119729 0.126280 0.100992 0.114188 0.015510 0.032299 0.060433 0.036771 0.068944 0.027381 0.068008 0.071693 0.037237 0.035887 0.101058 0.113572 0.099986 0.134950 0.132576 0.113498 0.066532 0.052005 0.086069 0.085039 0.055804 0.115264 0.116262 0.117163 0.120953 0.104002 0.119567 0.138802 0.102899 0.062524 0.028824 0.122173 0.112990 0.118856 0.045778 0.107294
 840000.039898 6.156669 0.097124 0.118495 0.115812 0.141293 0.147029 0.141862 0.086285 0.102359 0.135022 0.135738 0.130566 0.118184 0.119569 0.103355 0.120999 0.135727 0.095178 0.118976 0.130885 0.102607 0.119819 0.019727 0.027636 0.051960 0.041583 0.064142 0.039125 0.069548 0.073290 0.028976 0.042427 0.097349 0.111345 0.092914 0.135058 0.129025 0.110245 0.065580 0.047085 0.080323 0.078517 0.055526 0.114361 0.109400 0.115170 0.115333 0.098568 0.119166 0.136751 0.105442 0.070646 0.029219 0.121604 0.115192 0.115300 0.032121 0.110337
 841000.039945 2.869499 0.100140 0.122909 0.119467 0.142375 0.142495 0.144467 0.086706 0.103626 0.139815 0.128984 0.136621 0.107831 0.108144 0.094198 0.125513 0.139270 0.090849 0.122614 0.121922 0.104853 0.110494 0.013468 0.034492 0.067483 0.040312 0.073267 0.034239 0.072468 0.070331 0.045319 0.027225 0.107009 0.116610 0.107331 0.134802 0.135552 0.117966 0.076081 0.058142 0.092697 0.091954 0.051287 0.113340 0.121212 0.116841 0.122767 0.110337 0.121638 0.137995 0.098596 0.056716 0.037694 0.120022 0.114506 0.125119 0.048287 0.103198
 842000.039993 3.234906 0.098640 0.120326 0.117255 0.140346 0.142443 0.142661 0.083861 0.102603 0.138387 0.128660 0.135409 0.107838 0.108894 0.093195 0.124002 0.136445 0.088003 0.122616 0.123390 0.102777 0.111685 0.014299 0.036276 0.068757 0.039876 0.073477 0.028185 0.071085 0.070920 0.045583 0.029390 0.106988 0.117204 0.107631 0.135658 0.136606 0.118628 0.073575 0.057349 0.092812 0.092007 0.054169 0.115600 0.122262 0.118366 0.124785 0.110813 0.122339 0.140214 0.100546 0.057819 0.032677 0.122141 0.114118 0.124822 0.050800 0.104883
 843000.040040 6.745273 0.111163 0.128307 0.125689 0.147702 0.153310 0.150940 0.095971 0.110348 0.145120 0.138636 0.139185 0.117936 0.122362 0.105048 0.133884 0.142689 0.098629 0.132553 0.136781 0.113681 0.124690 0.020649 0.048291 0.064796 0.020680 0.053948 0.044383 0.052801 0.057039 0.031194 0.042467 0.106919 0.116866 0.094298 0.127091 0.127062 0.110935 0.053909 0.063620 0.091761 0.074812 0.043520 0.118759 0.112489 0.116525 0.124567 0.103315 0.126484 0.132501 0.099166 0.060911 0.038578 0.116452 0.115751 0.113529 0.050309 0.112569
 844000.040088 5.432421 0.095368 0.117081 0.115135 0.140654 0.146326 0.141302 0.084066 0.102242 0.135048 0.134371 0.132487 0.117042 0.117487 0.101970 0.119793 0.135096 0.093814 0.118783 0.129857 0.101885 0.117823 0.018530 0.025540 0.054573 0.040388 0.069903 0.032024 0.071095 0.074746 0.034605 0.040046 0.097676 0.112231 0.097910 0.137137 0.133244 0.113037 0.067701 0.047008 0.081060 0.084598 0.057467 0.114935 0.114026 0.117246 0.117695 0.101400 0.118533 0.139583 0.105008 0.066743 0.028622 0.123019 0.114639 0.119211 0.040519 0.111028
 845000.040135 2.180472 0.105329 0.125484 0.122827 0.146740 0.151530 0.148804 0.092131 0.108198 0.142550 0.138352 0.138060 0.117791 0.120584 0.104015 0.129447 0.141328 0.097434 0.127767 0.134402 0.109210 0.122702 0.011740 0.037988 0.060773 0.029652 0.059784 0.039131 0.059168 0.063313 0.031520 0.039642 0.104553 0.116414 0.097509 0.132525 0.131579 0.113930 0.059932 0.056373 0.088392 0.079597 0.048537 0.118365 0.114757 0.117949 0.122735 0.104196 0.124786 0.137123 0.102471 0.062571 0.031431 0.120380 0.116828 0.117930 0.043499 0.111789
 846000.040183 3.539798 0.108114 0.128574 0.125243 0.145040 0.144424 0.147714 0.095471 0.109812 0.143873 0.131493 0.138303 0.111735 0.112588 0.100108 0.131787 0.143424 0.097349 0.128384 0.124965 0.111772 0.113641 0.014958 0.040791 0.066932 0.037100 0.065790 0.045050 0.068495 0.063720 0.041351 0.029081 0.106669 0.113447 0.101309 0.127789 0.127624 0.112046 0.072972 0.062418 0.093451 0.085623 0.042171 0.109398 0.114292 0.110586 0.118708 0.106125 0.120797 0.130409 0.092984 0.056768 0.041457 0.113049 0.111712 0.118403 0.043239 0.106249
 847000.040230 5.631852 0.094880 0.117074 0.114156 0.137660 0.140082 0.139505 0.080864 0.099965 0.135338 0.126562 0.133312 0.106993 0.107343 0.092173 0.119943 0.133844 0.086382 0.118739 0.121214 0.100461 0.109620 0.018868 0.032551 0.066361 0.042325 0.077252 0.023955 0.074862 0.075114 0.046826 0.031762 0.103797 0.114952 0.107361 0.136979 0.136779 0.117532 0.075539 0.055110 0.089985 0.093463 0.057685 0.113964 0.121788 0.118047 0.122924 0.109132 0.118941 0.140541 0.101096 0.058773 0.034529 0.122680 0.112424 0.124895 0.051969 0.104023
 848000.040278 8.457398 0.094264 0.115114 0.113395 0.140419 0.148938 0.140519 0.083244 0.101452 0.133156 0.137437 0.130396 0.120882 0.122466 0.105144 0.117921 0.133206 0.094543 0.117798 0.134539 0.100655 0.123030 0.023121 0.026651 0.050929 0.040297 0.067327 0.031665 0.068841 0.075901 0.029854 0.046791 0.095818 0.112763 0.094251 0.138846 0.133111 0.112360 0.062443 0.044131 0.077397 0.080819 0.060665 0.118334 0.111841 0.119390 0.118023 0.099179 0.119712 0.141407 0.109506 0.071722 0.025412 0.125824 0.116736 0.117704 0.039367 0.114241
 849000.040325 3.893442 0.099269 0.120613 0.117979 0.140755 0.143565 0.143177 0.084620 0.103960 0.139287 0.129598 0.136683 0.109787 0.110531 0.095123 0.124459 0.137051 0.089223 0.123596 0.125019 0.104194 0.112604 0.015688 0.036231 0.068212 0.038978 0.074683 0.026864 0.071655 0.071864 0.045669 0.030552 0.106292 0.116748 0.107668 0.136097 0.136982 0.118312 0.073238 0.057438 0.092355 0.092802 0.054891 0.115587 0.122480 0.118566 0.124921 0.110461 0.121704 0.140799 0.100555 0.057916 0.033279 0.122458 0.113491 0.124645 0.052191 0.107400
 850000.040373 3.286402 0.109283 0.128161 0.125254 0.148517 0.153004 0.151155 0.094774 0.109827 0.145196 0.138839 0.139855 0.116947 0.120881 0.103912 0.133006 0.143242 0.098086 0.131140 0.135592 0.112268 0.123566 0.014413 0.044509 0.064350 0.021480 0.055970 0.042019 0.053423 0.056832 0.032475 0.039368 0.107452 0.117879 0.097473 0.128741 0.130008 0.113709 0.056544 0.061679 0.091995 0.077894 0.043288 0.119067 0.115048 0.117680 0.125004 0.105323 0.126897 0.134099 0.099369 0.058819 0.035855 0.117387 0.116847 0.116801 0.048699 0.111653
 851000.040420 3.058941 0.103097 0.124118 0.120975 0.143616 0.145927 0.146408 0.088613 0.104958 0.141274 0.131370 0.137325 0.110681 0.111625 0.096925 0.128041 0.139681 0.092544 0.125415 0.126482 0.107433 0.113386 0.013905 0.038981 0.066508 0.031130 0.068043 0.036948 0.066451 0.065139 0.041018 0.028824 0.107307 0.116906 0.104019 0.131357 0.132677 0.115519 0.069674 0.060354 0.092672 0.087680 0.046965 0.113933 0.119001 0.116243 0.123195 0.108525 0.122858 0.135214 0.096516 0.054689 0.038577 0.117503 0.114401 0.121342 0.049782 0.105717
 852000.040468 1.396284 0.104968 0.126429 0.123116 0.147419 0.149790 0.149033 0.092169 0.108101 0.143102 0.136726 0.138386 0.115098 0.117691 0.102023 0.129429 0.142722 0.096295 0.127202 0.131548 0.108660 0.120449 0.009395 0.037000 0.063481 0.032975 0.063761 0.038121 0.063222 0.064054 0.036376 0.035295 0.106029 0.116951 0.100921 0.132778 0.132890 0.115601 0.065566 0.056952 0.089982 0.083751 0.047354 0.116932 0.116682 0.117432 0.122931 0.106675 0.124511 0.136803 0.100485 0.060314 0.032644 0.119538 0.116640 0.120836 0.044046 0.109847
 853000.040515 2.646168 0.103129 0.123303 0.121245 0.145377 0.150887 0.147078 0.090409 0.107455 0.140897 0.138016 0.136857 0.118568 0.120477 0.104366 0.127423 0.139593 0.097408 0.126316 0.134293 0.107558 0.121767 0.012933 0.036089 0.059556 0.031984 0.062161 0.038070 0.061870 0.065337 0.032012 0.038439 0.103218 0.115859 0.098120 0.133362 0.132152 0.113958 0.061969 0.053938 0.086565 0.081602 0.050343 0.117372 0.114829 0.117586 0.121276 0.103958 0.123610 0.137601 0.102467 0.063097 0.029192 0.120536 0.116660 0.118409 0.042126 0.112694
 854000.040563 5.828439 0.109847 0.128913 0.125136 0.149169 0.153442 0.151263 0.096143 0.109842 0.144669 0.140405 0.137388 0.117862 0.123029 0.105090 0.133270 0.143639 0.098321 0.130838 0.136840 0.111101 0.126388 0.019194 0.046241 0.064273 0.030315 0.052637 0.046924 0.055309 0.058144 0.031021 0.042647 0.107611 0.117761 0.094511 0.128797 0.127741 0.112607 0.057159 0.060781 0.091479 0.074555 0.044364 0.119672 0.111817 0.116815 0.123572 0.104096 0.128115 0.133573 0.101627 0.065324 0.034251 0.118013 0.118151 0.114785 0.043174 0.111627
 855000.040610 3.306587 0.105502 0.127784 0.125071 0.145666 0.145524 0.148241 0.093469 0.109772 0.144054 0.132306 0.140142 0.112896 0.112414 0.100601 0.130588 0.143489 0.097552 0.127835 0.125500 0.110452 0.113355 0.014457 0.037085 0.067498 0.040829 0.072080 0.042326 0.073041 0.069603 0.044230 0.027667 0.107575 0.116088 0.106003 0.133464 0.133469 0.116246 0.076651 0.059825 0.092829 0.091291 0.048601 0.111571 0.119182 0.114561 0.120831 0.109489 0.121678 0.136288 0.097086 0.058473 0.039559 0.118176 0.114531 0.123599 0.044175 0.107601
 856000.040658 3.004040 0.104275 0.124543 0.122292 0.142960 0.145148 0.145728 0.090911 0.108097 0.141774 0.132118 0.137492 0.113825 0.114129 0.100312 0.128720 0.140576 0.095510 0.126812 0.126766 0.108555 0.114454 0.013780 0.036880 0.064673 0.039485 0.067516 0.039854 0.069985 0.068905 0.039361 0.031692 0.104591 0.113596 0.101080 0.131931 0.130645 0.113368 0.071222 0.057429 0.090823 0.086093 0.049254 0.112345 0.115500 0.113573 0.119774 0.105570 0.121194 0.135730 0.098478 0.061394 0.034656 0.118326 0.112551 0.118659 0.042748 0.109073
 857000.040705 2.372167 0.100157 0.120964 0.118504 0.142174 0.145709 0.143730 0.086934 0.104835 0.138797 0.132775 0.135337 0.113290 0.114825 0.099182 0.124503 0.137677 0.092568 0.123508 0.128323 0.104627 0.116627 0.012245 0.033941 0.062552 0.035874 0.067871 0.031069 0.066906 0.068267 0.038174 0.034262 0.102818 0.114299 0.101282 0.133581 0.133031 0.114619 0.067497 0.053685 0.087728 0.086085 0.051528 0.115025 0.116678 0.116367 0.121199 0.105440 0.121018 0.137672 0.100549 0.060276 0.029184 0.120095 0.113550 0.120352 0.045506 0.109204
 858000.040753 3.861084 0.099086 0.120519 0.117665 0.140472 0.142010 0.142910 0.084218 0.102702 0.138629 0.127861 0.136169 0.106919 0.107820 0.092753 0.124306 0.136868 0.088133 0.122890 0.122595 0.103089 0.110688 0.015622 0.037432 0.069810 0.038695 0.074146 0.028081 0.070585 0.070041 0.046961 0.028931 0.106873 0.116712 0.108145 0.134306 0.136582 0.118477 0.073734 0.058261 0.093013 0.092932 0.053140 0.114975 0.122529 0.117814 0.124801 0.110804 0.121904 0.139243 0.098909 0.055137 0.034722 0.120680 0.113195 0.125040 0.053728 0.104297
 859000.040800 4.408697 0.103747 0.123532 0.121747 0.140059 0.140890 0.143994 0.089000 0.106462 0.141572 0.125913 0.139049 0.107418 0.106512 0.094427 0.128372 0.138786 0.092440 0.126572 0.120779 0.109254 0.106643 0.016693 0.040486 0.069676 0.035327 0.073653 0.036085 0.071013 0.067473 0.047062 0.023661 0.106389 0.113537 0.106741 0.129373 0.131733 0.114074 0.075090 0.062929 0.094453 0.092499 0.047805 0.108884 0.120082 0.112581 0.121338 0.108641 0.118396 0.133448 0.091966 0.050139 0.042262 0.114603 0.109034 0.121184 0.053998 0.104731
 860000.040848 3.633538 0.106514 0.126928 0.124527 0.142507 0.142120 0.147075 0.090904 0.108449 0.144670 0.126689 0.141546 0.106756 0.106218 0.094026 0.131680 0.141906 0.092239 0.129569 0.121053 0.110349 0.107473 0.015155 0.042923 0.074680 0.037444 0.074802 0.037501 0.072573 0.067828 0.049825 0.020511 0.110578 0.116529 0.109951 0.130860 0.134172 0.117215 0.077490 0.065519 0.098571 0.094770 0.047139 0.111074 0.123018 0.114326 0.124805 0.112478 0.122056 0.135817 0.092967 0.050105 0.042291 0.116572 0.110862 0.124076 0.055663 0.104488
 861000.040895 2.344478 0.102010 0.122241 0.120497 0.141978 0.145775 0.144627 0.088226 0.106663 0.140606 0.131977 0.137660 0.113778 0.114318 0.099785 0.126534 0.138445 0.094019 0.125895 0.127872 0.107376 0.115004 0.012173 0.035060 0.063902 0.035019 0.069711 0.032415 0.068332 0.069250 0.039394 0.031990 0.103768 0.114378 0.102438 0.133701 0.133211 0.114437 0.068843 0.056016 0.089175 0.087525 0.051352 0.113903 0.117852 0.115927 0.121700 0.106188 0.120481 0.137925 0.099540 0.059017 0.031987 0.119994 0.112670 0.120497 0.046949 0.110053
 862000.040943 3.853449 0.097844 0.118871 0.116341 0.139151 0.143110 0.141873 0.082772 0.101701 0.137191 0.129163 0.133953 0.109945 0.110492 0.094677 0.123431 0.134979 0.088391 0.122110 0.124827 0.101880 0.111981 0.015607 0.035468 0.066031 0.039051 0.071182 0.031719 0.071122 0.071698 0.041798 0.030316 0.105230 0.115995 0.104066 0.135041 0.134360 0.116295 0.071370 0.055246 0.090627 0.088824 0.054028 0.115134 0.119388 0.117444 0.122908 0.108059 0.122100 0.139307 0.101353 0.060762 0.030821 0.121977 0.114048 0.121435 0.047905 0.105853
 863000.040990 3.993718 0.102136 0.122276 0.120323 0.143922 0.149448 0.145204 0.091063 0.107537 0.139217 0.137691 0.134800 0.120180 0.121686 0.106294 0.125771 0.138701 0.098611 0.124657 0.133913 0.107054 0.122052 0.015888 0.032751 0.055029 0.036327 0.061736 0.039798 0.064338 0.068154 0.029087 0.041322 0.099130 0.111906 0.093993 0.132705 0.128915 0.110273 0.062243 0.050539 0.082562 0.078904 0.051879 0.114603 0.110278 0.114500 0.116796 0.099685 0.120127 0.135894 0.102789 0.066890 0.027851 0.119528 0.114276 0.115170 0.035458 0.113658
 864000.041038 8.890658 0.090727 0.113372 0.110224 0.135114 0.139017 0.137050 0.075254 0.096145 0.132482 0.125239 0.130600 0.105313 0.105943 0.088977 0.116936 0.130357 0.081536 0.116269 0.120570 0.095788 0.108921 0.023706 0.033722 0.068698 0.046825 0.080446 0.020256 0.078381 0.079708 0.049562 0.032807 0.105343 0.117545 0.109543 0.140661 0.139623 0.120367 0.077761 0.053770 0.090821 0.095783 0.062868 0.117061 0.124441 0.121344 0.125542 0.111628 0.121054 0.144477 0.105435 0.063161 0.032095 0.127247 0.114833 0.126891 0.053856 0.102874
 865000.041085 8.622301 0.093375 0.115853 0.114318 0.138956 0.144593 0.139281 0.083700 0.102372 0.133789 0.133494 0.131555 0.118576 0.117125 0.103227 0.118013 0.134123 0.095356 0.116687 0.128155 0.101938 0.115417 0.023345 0.021209 0.052312 0.046542 0.074396 0.035411 0.077777 0.080021 0.037154 0.040360 0.096136 0.110928 0.098908 0.139237 0.133350 0.112762 0.073732 0.045752 0.079855 0.087595 0.060898 0.112195 0.113785 0.116041 0.114652 0.101150 0.115908 0.140095 0.105587 0.069931 0.032130 0.123846 0.114083 0.119812 0.035954 0.111943
 866000.041133 10.462621 0.087859 0.111114 0.109649 0.135627 0.142285 0.135553 0.078336 0.098090 0.129338 0.131597 0.127734 0.116993 0.115809 0.100829 0.113176 0.129781 0.091637 0.112528 0.126627 0.096283 0.114947 0.025716 0.017023 0.051170 0.050883 0.076005 0.032040 0.079885 0.083957 0.037613 0.042856 0.094407 0.110776 0.098367 0.141368 0.134201 0.113209 0.074110 0.040104 0.076920 0.087534 0.065784 0.113790 0.113770 0.117564 0.114498 0.100551 0.115481 0.142354 0.109695 0.074222 0.026688 0.126995 0.114988 0.119967 0.034518 0.110162
 867000.041180 4.610953 0.095564 0.117646 0.114750 0.137724 0.140011 0.139706 0.082472 0.099921 0.134727 0.126903 0.131953 0.108261 0.107900 0.093789 0.120365 0.134301 0.088726 0.117976 0.120727 0.101307 0.109051 0.017072 0.029332 0.062131 0.042086 0.073682 0.031415 0.074847 0.074538 0.042150 0.031211 0.101716 0.112779 0.102830 0.135038 0.132848 0.114106 0.074788 0.053484 0.087338 0.089136 0.054735 0.111328 0.117024 0.115143 0.118829 0.105438 0.117712 0.137266 0.100059 0.060714 0.035865 0.120389 0.112139 0.121292 0.044979 0.102860
 868000.041228 4.030032 0.102805 0.125444 0.122205 0.142865 0.141345 0.146134 0.088497 0.105886 0.142384 0.127140 0.139311 0.105773 0.105389 0.092875 0.128680 0.141284 0.090700 0.125850 0.120000 0.106234 0.108012 0.015960 0.039418 0.073747 0.043087 0.076591 0.037162 0.075244 0.071049 0.050698 0.022660 0.110408 0.117875 0.111304 0.134166 0.136798 0.119760 0.080025 0.062004 0.096956 0.096204 0.051013 0.112788 0.124133 0.116521 0.124723 0.113680 0.122969 0.138363 0.096730 0.054469 0.040231 0.119541 0.113832 0.127046 0.052903 0.102346
 869000.041275 3.286616 0.096592 0.119337 0.116263 0.141533 0.145474 0.142797 0.083537 0.102445 0.137525 0.132775 0.134561 0.112762 0.113970 0.097412 0.122159 0.136282 0.090191 0.120893 0.127556 0.101861 0.116304 0.014413 0.030895 0.063284 0.041655 0.072588 0.028255 0.071601 0.073767 0.041501 0.035232 0.104589 0.117285 0.105100 0.139233 0.137624 0.118663 0.071644 0.052473 0.088853 0.089813 0.057509 0.117950 0.120799 0.120544 0.123917 0.108762 0.122669 0.142987 0.105470 0.064015 0.028669 0.125678 0.116788 0.124601 0.045538 0.108466
 870000.041323 2.143186 0.102597 0.123175 0.120460 0.142726 0.145027 0.145665 0.087387 0.105288 0.140986 0.130911 0.137401 0.109911 0.111630 0.095925 0.127634 0.139115 0.090839 0.126261 0.126266 0.105631 0.114352 0.011639 0.038961 0.068428 0.036017 0.068346 0.033465 0.066802 0.067252 0.041858 0.030772 0.107148 0.116826 0.104237 0.132991 0.134086 0.116727 0.069042 0.058181 0.092739 0.087675 0.050311 0.116211 0.119707 0.117433 0.124583 0.108848 0.123868 0.138237 0.099909 0.058338 0.031857 0.120461 0.114318 0.121623 0.050000 0.106340
 871000.041370 2.525008 0.106526 0.125832 0.123105 0.145978 0.150334 0.148746 0.091481 0.108678 0.143668 0.136205 0.138943 0.115467 0.118430 0.101556 0.130602 0.141421 0.094914 0.129591 0.132978 0.109609 0.120910 0.012633 0.042050 0.066588 0.029736 0.062764 0.035937 0.060814 0.062926 0.036929 0.036099 0.107550 0.117856 0.101162 0.132050 0.132820 0.115654 0.062626 0.059966 0.092542 0.083516 0.047823 0.118644 0.117681 0.118245 0.125688 0.107593 0.125986 0.137713 0.100609 0.059629 0.032628 0.120267 0.115811 0.119654 0.049221 0.111728
 872000.041418 8.921445 0.100231 0.119851 0.118102 0.142355 0.149892 0.143385 0.089370 0.105350 0.136453 0.138252 0.131477 0.122385 0.123573 0.107700 0.123537 0.136472 0.098820 0.122193 0.135158 0.105439 0.122666 0.023747 0.033077 0.051428 0.039264 0.061033 0.043536 0.067496 0.071851 0.025309 0.044582 0.097321 0.111473 0.090265 0.133525 0.127018 0.108441 0.062435 0.048429 0.079501 0.076188 0.054462 0.114513 0.107080 0.114319 0.114491 0.097245 0.119922 0.135517 0.105008 0.072004 0.029819 0.120491 0.115442 0.112605 0.031257 0.114130
 873000.041465 5.870258 0.116339 0.135475 0.131910 0.154798 0.156154 0.157692 0.101422 0.115986 0.152210 0.141592 0.146216 0.117416 0.122305 0.106164 0.140160 0.150007 0.101609 0.138075 0.138075 0.117729 0.126513 0.019263 0.052683 0.073309 0.020690 0.057284 0.047100 0.050939 0.050823 0.041088 0.039987 0.114388 0.122476 0.103699 0.126393 0.132465 0.118194 0.059183 0.069444 0.099645 0.082851 0.039433 0.121673 0.120221 0.119410 0.130412 0.111647 0.131922 0.133293 0.096701 0.054793 0.041258 0.115744 0.119023 0.121114 0.056653 0.113911
 874000.041513 6.201490 0.092551 0.113694 0.111754 0.136423 0.142587 0.137581 0.079659 0.098733 0.132207 0.129907 0.129819 0.112918 0.113466 0.097253 0.117119 0.131003 0.089095 0.116672 0.125920 0.099198 0.114124 0.019799 0.027340 0.057141 0.041127 0.072008 0.026550 0.072693 0.076206 0.037153 0.037540 0.098543 0.112633 0.099429 0.137483 0.133341 0.113371 0.069440 0.047945 0.082444 0.086204 0.058942 0.114574 0.115496 0.117410 0.118875 0.102885 0.117763 0.139950 0.104927 0.065930 0.028710 0.123736 0.113617 0.119732 0.043004 0.107836
 875000.041560 6.498824 0.090342 0.114266 0.111037 0.138226 0.143185 0.138933 0.077506 0.097169 0.132435 0.130570 0.130435 0.110915 0.111615 0.094621 0.116464 0.131745 0.086330 0.115269 0.125440 0.096429 0.114352 0.020268 0.026934 0.061701 0.045264 0.076676 0.023588 0.075702 0.079056 0.043141 0.037036 0.102791 0.117505 0.105757 0.142231 0.139252 0.119416 0.073996 0.048692 0.085753 0.091680 0.062688 0.118493 0.121515 0.122325 0.123362 0.108717 0.121373 0.145136 0.108441 0.066688 0.028496 0.128483 0.117860 0.125997 0.046175 0.105788
 876000.041608 3.515020 0.096934 0.118790 0.116530 0.140554 0.145153 0.142184 0.084328 0.102975 0.136779 0.132244 0.133746 0.114422 0.114392 0.099415 0.122042 0.135854 0.092087 0.120845 0.127660 0.102684 0.114998 0.014906 0.029174 0.060370 0.039931 0.071755 0.031295 0.072692 0.074005 0.038338 0.033544 0.101811 0.114469 0.101925 0.136974 0.134361 0.115003 0.071260 0.050950 0.085761 0.088212 0.055385 0.114355 0.117072 0.117168 0.119968 0.105480 0.120058 0.139969 0.102822 0.063557 0.029736 0.122743 0.114578 0.121380 0.042296 0.109226
 877000.041655 8.545821 0.118814 0.137128 0.134324 0.149970 0.146562 0.155889 0.102393 0.116313 0.153308 0.129646 0.149158 0.107284 0.109256 0.098194 0.142600 0.149860 0.099544 0.139898 0.125722 0.120770 0.112894 0.023242 0.057793 0.082569 0.024115 0.068112 0.048543 0.059107 0.051563 0.053522 0.028452 0.117631 0.120165 0.111281 0.120235 0.130473 0.116989 0.071617 0.077808 0.106112 0.092845 0.035164 0.113085 0.124222 0.113569 0.129716 0.115486 0.126978 0.127738 0.085140 0.037988 0.053264 0.108089 0.111766 0.123113 0.066644 0.105740
 878000.041703 3.197184 0.097358 0.118243 0.116016 0.138816 0.142560 0.141222 0.082880 0.102221 0.136752 0.129052 0.134133 0.110416 0.110620 0.095265 0.122426 0.134799 0.089053 0.121506 0.124558 0.102095 0.111983 0.014216 0.033439 0.064901 0.039304 0.072371 0.028170 0.071229 0.072255 0.042094 0.031399 0.103654 0.114794 0.104417 0.135399 0.134915 0.116083 0.071541 0.054344 0.089454 0.089929 0.054974 0.114538 0.119375 0.117144 0.122176 0.107420 0.120595 0.139764 0.101113 0.059739 0.030822 0.121914 0.112915 0.122018 0.048370 0.106830
 879000.041750 5.604600 0.094231 0.115632 0.113974 0.139465 0.146776 0.140101 0.082854 0.101730 0.134062 0.134986 0.131599 0.118030 0.119115 0.102389 0.118835 0.132990 0.093319 0.118641 0.131433 0.100935 0.119793 0.018822 0.026759 0.053940 0.040525 0.068574 0.030099 0.068987 0.074749 0.033088 0.042292 0.097971 0.113413 0.097576 0.138539 0.134001 0.113771 0.065160 0.045788 0.080580 0.083525 0.059612 0.117250 0.114542 0.118951 0.118978 0.101783 0.119460 0.141544 0.107832 0.068998 0.024146 0.125330 0.115952 0.119262 0.039309 0.112235
 880000.041798 6.516324 0.091732 0.113637 0.111103 0.136590 0.141760 0.137947 0.077467 0.097152 0.132241 0.128275 0.130160 0.109279 0.109994 0.093300 0.117138 0.130930 0.085613 0.116359 0.123987 0.097348 0.112078 0.020295 0.030500 0.062781 0.041880 0.075003 0.022946 0.073946 0.076356 0.042462 0.034260 0.102232 0.115791 0.104362 0.138656 0.136682 0.117151 0.072497 0.050584 0.086197 0.090632 0.059429 0.116258 0.119860 0.119678 0.122360 0.107462 0.120173 0.142022 0.104710 0.063190 0.029941 0.125051 0.115065 0.123528 0.048522 0.104997
 881000.041845 4.076677 0.095886 0.117937 0.115159 0.139805 0.143599 0.140897 0.083064 0.101451 0.135831 0.130802 0.132684 0.111727 0.112681 0.096977 0.120752 0.135154 0.089903 0.119506 0.125764 0.101566 0.114263 0.016053 0.029713 0.061239 0.040455 0.072109 0.028226 0.072344 0.073357 0.039920 0.033385 0.101948 0.114393 0.102456 0.136592 0.134375 0.115432 0.071735 0.051262 0.086243 0.088430 0.055286 0.114436 0.117504 0.117191 0.120483 0.106025 0.119611 0.139415 0.102445 0.062820 0.029915 0.122387 0.114160 0.121997 0.043832 0.107265
 882000.041893 3.687824 0.100014 0.123081 0.119232 0.143174 0.144286 0.145961 0.084679 0.103233 0.140848 0.129682 0.138178 0.107085 0.108129 0.092370 0.126179 0.139015 0.087607 0.124087 0.123868 0.103482 0.112243 0.015268 0.038366 0.073009 0.040878 0.076580 0.028890 0.072608 0.072326 0.049550 0.029406 0.111195 0.121230 0.112264 0.138404 0.140922 0.122850 0.076060 0.060616 0.096634 0.095742 0.055865 0.118739 0.127098 0.122167 0.129316 0.115332 0.125899 0.143734 0.102376 0.056759 0.036229 0.125113 0.117122 0.129332 0.055520 0.104008
 883000.041940 3.483083 0.109130 0.128115 0.125202 0.146963 0.149340 0.150394 0.092781 0.109661 0.145966 0.134177 0.141424 0.111756 0.114931 0.098646 0.133530 0.142889 0.094053 0.132280 0.130812 0.111191 0.118232 0.014838 0.047843 0.072795 0.025881 0.063688 0.037810 0.058474 0.058136 0.042642 0.031964 0.111615 0.119854 0.105329 0.128610 0.133262 0.117563 0.064422 0.065293 0.097654 0.086746 0.044029 0.118275 0.121190 0.117912 0.128356 0.111389 0.127612 0.135369 0.096253 0.052845 0.036949 0.117085 0.115325 0.121488 0.055981 0.109190
 884000.041988 1.581298 0.104155 0.124034 0.121565 0.143444 0.146131 0.146146 0.089926 0.106805 0.141546 0.132491 0.137408 0.112503 0.114153 0.099048 0.128611 0.139880 0.093834 0.126955 0.128185 0.107586 0.115773 0.009998 0.038653 0.064786 0.031430 0.063830 0.037041 0.063044 0.063268 0.037484 0.032215 0.104721 0.114167 0.100153 0.129419 0.130257 0.113158 0.065166 0.057751 0.090707 0.083599 0.046239 0.113994 0.115688 0.114463 0.121498 0.105118 0.122166 0.134183 0.097100 0.057204 0.032394 0.116642 0.112496 0.117674 0.047193 0.108299
 885000.042035 2.724047 0.101072 0.123589 0.120407 0.145034 0.147677 0.145946 0.089882 0.106362 0.140122 0.135752 0.135963 0.116034 0.117072 0.102253 0.125618 0.140361 0.096147 0.123154 0.129660 0.106181 0.118561 0.013122 0.030913 0.059970 0.039872 0.067898 0.037603 0.069438 0.069998 0.037251 0.036362 0.103225 0.115102 0.101153 0.135585 0.133487 0.115276 0.070175 0.053392 0.087216 0.085843 0.052223 0.114954 0.116018 0.116778 0.119836 0.105493 0.121675 0.138268 0.102252 0.063695 0.032461 0.121185 0.116082 0.121533 0.039128 0.109909
 886000.042083 2.497505 0.111202 0.130535 0.127546 0.148115 0.148184 0.151503 0.095978 0.111458 0.147371 0.133473 0.142396 0.110934 0.114046 0.099435 0.135207 0.145412 0.096411 0.133376 0.129119 0.113353 0.117400 0.012564 0.047233 0.072236 0.026678 0.062965 0.041093 0.059184 0.056673 0.042327 0.030097 0.110830 0.117958 0.104019 0.126584 0.130884 0.115604 0.065954 0.065533 0.096958 0.085787 0.040013 0.115427 0.119007 0.115157 0.125856 0.109891 0.125901 0.132303 0.093546 0.051695 0.038890 0.114098 0.113998 0.120464 0.053753 0.107905
 887000.042130 3.315114 0.098312 0.119129 0.116605 0.139097 0.141679 0.141280 0.084091 0.102008 0.137053 0.127848 0.134143 0.108269 0.109007 0.094047 0.122950 0.135535 0.089227 0.121460 0.122729 0.103550 0.110678 0.014476 0.034436 0.064964 0.037344 0.071623 0.029072 0.070214 0.069914 0.042371 0.029238 0.103826 0.114296 0.104012 0.133387 0.133335 0.115054 0.071971 0.056071 0.089663 0.089305 0.051907 0.112755 0.118560 0.115631 0.121365 0.107181 0.119432 0.136969 0.098361 0.056992 0.034592 0.119295 0.112138 0.121712 0.048540 0.104630
 888000.042178 9.917409 0.098099 0.120209 0.118168 0.141829 0.146798 0.142537 0.088598 0.105377 0.137066 0.135782 0.133064 0.120521 0.119467 0.105840 0.122552 0.137729 0.098787 0.120057 0.129876 0.105702 0.117221 0.025037 0.027392 0.053227 0.047524 0.070851 0.044270 0.077323 0.078221 0.035698 0.040998 0.098371 0.111451 0.096815 0.137253 0.130688 0.111660 0.073972 0.049434 0.082288 0.084663 0.057926 0.111731 0.111586 0.114466 0.114011 0.100779 0.117869 0.137744 0.104693 0.072049 0.035941 0.122133 0.115070 0.117702 0.031070 0.112734
 889000.042225 1.216365 0.106868 0.126703 0.124203 0.145454 0.147654 0.148251 0.092785 0.109339 0.144233 0.133813 0.139901 0.113675 0.115362 0.100700 0.131123 0.142411 0.096289 0.129221 0.129087 0.111064 0.116652 0.008768 0.040104 0.065753 0.029873 0.063990 0.038464 0.062505 0.061692 0.038413 0.031529 0.106400 0.115183 0.101508 0.129367 0.130803 0.113959 0.066116 0.060634 0.092721 0.084714 0.044168 0.114039 0.116793 0.114646 0.122578 0.106502 0.122853 0.134002 0.096001 0.055469 0.036257 0.116144 0.112946 0.118942 0.047936 0.109761
 890000.042273 2.879159 0.101829 0.122006 0.119577 0.143079 0.147512 0.145358 0.087582 0.105449 0.140087 0.133955 0.136224 0.114380 0.116194 0.100005 0.126350 0.138460 0.092857 0.125440 0.130442 0.105525 0.117909 0.013490 0.036768 0.063216 0.032862 0.065603 0.033761 0.064778 0.066887 0.036512 0.035207 0.103723 0.114985 0.100017 0.132634 0.132267 0.114131 0.064528 0.054956 0.088672 0.084059 0.050542 0.116218 0.116322 0.116899 0.122366 0.105095 0.122696 0.137306 0.100703 0.060687 0.029325 0.120002 0.114071 0.118687 0.047304 0.110156
 891000.042320 3.572258 0.098678 0.119758 0.117162 0.141951 0.147466 0.143125 0.086648 0.103696 0.137021 0.135308 0.132880 0.116826 0.118499 0.101995 0.122918 0.136418 0.094283 0.121515 0.130957 0.104029 0.119641 0.015027 0.030508 0.056228 0.038355 0.064938 0.034946 0.067197 0.070942 0.031737 0.039358 0.100562 0.113874 0.096788 0.135659 0.131491 0.112802 0.065221 0.050206 0.083851 0.081422 0.054471 0.116027 0.113245 0.116994 0.119058 0.102289 0.120877 0.138542 0.104804 0.067174 0.028233 0.122517 0.115728 0.117950 0.037099 0.110486
 892000.042368 5.820030 0.106117 0.124542 0.122317 0.146319 0.152262 0.148560 0.091233 0.108263 0.142777 0.138245 0.138855 0.117084 0.120965 0.103214 0.129751 0.140195 0.095879 0.129399 0.136088 0.109125 0.123883 0.019180 0.044328 0.065188 0.025072 0.060042 0.036773 0.054616 0.060102 0.035879 0.042283 0.106105 0.117857 0.099232 0.130628 0.132765 0.115306 0.056019 0.059559 0.090771 0.080727 0.049194 0.120952 0.117158 0.119733 0.126364 0.105850 0.126507 0.137019 0.101680 0.059715 0.032092 0.119839 0.116501 0.118309 0.053348 0.113434
 893000.042415 1.668794 0.101934 0.124099 0.121244 0.145220 0.148737 0.147192 0.089260 0.106503 0.141316 0.135600 0.137565 0.116017 0.116671 0.101699 0.127095 0.140534 0.095495 0.124928 0.130317 0.106736 0.117956 0.010270 0.032788 0.062200 0.036510 0.068177 0.036883 0.068612 0.069640 0.037351 0.034069 0.105104 0.116755 0.102490 0.135982 0.134744 0.116301 0.069199 0.055033 0.089112 0.086685 0.051688 0.116183 0.118118 0.118189 0.122275 0.107079 0.123364 0.139565 0.102289 0.061868 0.032703 0.122083 0.116662 0.122124 0.042889 0.110045
 894000.042463 3.135882 0.098713 0.121820 0.118561 0.142592 0.144604 0.143939 0.086613 0.104078 0.138714 0.131861 0.135281 0.111954 0.112453 0.097919 0.123914 0.138345 0.092247 0.121746 0.125605 0.103948 0.114543 0.014079 0.031220 0.064154 0.042073 0.073094 0.032933 0.073372 0.073032 0.042460 0.031899 0.105064 0.116482 0.105385 0.137394 0.135959 0.117510 0.074725 0.054284 0.089218 0.090686 0.054347 0.114721 0.119637 0.117830 0.121768 0.108863 0.121412 0.140214 0.102174 0.061817 0.033361 0.122698 0.115805 0.124772 0.043219 0.106797
 895000.042510 3.852058 0.097734 0.118820 0.116643 0.141616 0.146879 0.142656 0.085530 0.103905 0.136736 0.134805 0.133631 0.116122 0.117780 0.101341 0.122123 0.135902 0.093192 0.121731 0.130874 0.102592 0.119626 0.015604 0.031069 0.058727 0.039267 0.067602 0.030900 0.067339 0.071705 0.035443 0.039804 0.100400 0.114008 0.099032 0.136272 0.133635 0.114344 0.065537 0.049185 0.083890 0.084249 0.056385 0.117067 0.115322 0.118036 0.120299 0.103436 0.120908 0.140221 0.105281 0.066145 0.024389 0.123362 0.115259 0.119679 0.041992 0.111160
 896000.042558 6.275836 0.094290 0.117287 0.114106 0.138197 0.139956 0.140082 0.080077 0.098916 0.135376 0.126032 0.133636 0.105358 0.105625 0.090503 0.119932 0.134311 0.085532 0.118194 0.120014 0.099814 0.108491 0.019917 0.032727 0.067872 0.043533 0.078655 0.024688 0.076065 0.075976 0.048617 0.030585 0.105305 0.116594 0.109224 0.138128 0.138484 0.119350 0.077413 0.055677 0.090974 0.095016 0.058286 0.114789 0.123574 0.119435 0.124160 0.110952 0.120120 0.141583 0.101757 0.058409 0.036270 0.123689 0.114001 0.126934 0.053356 0.102054
 897000.042605 5.707313 0.094752 0.115876 0.114038 0.139784 0.147256 0.140666 0.082697 0.101971 0.134499 0.135412 0.131880 0.118628 0.119809 0.102607 0.119097 0.133462 0.092809 0.119203 0.132168 0.101003 0.120634 0.018994 0.026995 0.054850 0.041150 0.069370 0.028393 0.070083 0.076218 0.033310 0.043151 0.098346 0.113832 0.097828 0.139677 0.134703 0.114243 0.065283 0.046170 0.081240 0.083875 0.060770 0.118322 0.115052 0.119872 0.120129 0.102156 0.120290 0.142937 0.109053 0.070156 0.023726 0.126779 0.116200 0.119631 0.040734 0.113081
 898000.042653 3.271111 0.102803 0.123972 0.121319 0.141110 0.141164 0.144916 0.087650 0.105063 0.141418 0.126034 0.138567 0.105646 0.105244 0.092398 0.128077 0.139330 0.090280 0.125855 0.120083 0.107144 0.107115 0.014379 0.039757 0.072109 0.038397 0.075202 0.034602 0.073169 0.069696 0.048361 0.021233 0.109029 0.116711 0.109331 0.132723 0.134914 0.117395 0.077491 0.062465 0.095786 0.094404 0.049587 0.111605 0.122706 0.115472 0.123975 0.111861 0.121332 0.136900 0.095130 0.052122 0.041052 0.118134 0.112251 0.124857 0.053434 0.102329
 899000.042700 5.753343 0.110248 0.129942 0.127663 0.143589 0.140763 0.148442 0.094871 0.111194 0.146942 0.125101 0.143650 0.104698 0.104199 0.093807 0.134845 0.144247 0.094382 0.132497 0.119191 0.113708 0.105773 0.019070 0.048345 0.078768 0.036858 0.075332 0.041483 0.071558 0.063574 0.053711 0.015739 0.112730 0.116432 0.112110 0.126421 0.132310 0.116793 0.079949 0.070059 0.101366 0.097211 0.042384 0.108314 0.123395 0.111361 0.124320 0.114153 0.121476 0.131562 0.087211 0.043801 0.047291 0.111559 0.109205 0.124634 0.058960 0.103324
 900000.042748 0.737502 0.105834 0.127147 0.123950 0.145614 0.146840 0.148846 0.091286 0.107749 0.144276 0.132185 0.140251 0.110795 0.112109 0.097648 0.130907 0.142443 0.093992 0.128452 0.126707 0.109762 0.114561 0.006828 0.039658 0.069026 0.032494 0.068372 0.036999 0.066247 0.064773 0.042343 0.027824 0.109461 0.118138 0.105854 0.132446 0.134307 0.117189 0.070526 0.061935 0.095018 0.088733 0.046423 0.115211 0.120860 0.117203 0.125342 0.110457 0.124404 0.137032 0.097420 0.054438 0.038165 0.118858 0.115057 0.123303 0.049965 0.106524
