120000.005700	56.9738 -56.0933
121000.005747	75.241 -52.2931
122000.005795	56.3153 -59.7122
123000.005842	64.1925 -46.8417
124000.005890	54.407 -49.6778
125000.005937	61.9187 -54.0898
126000.005985	61.4252 -63.3555
127000.006032	60.3805 -55.3881
128000.006080	57.7122 -70.4709
129000.006127	59.4948 -42.3227
130000.006175	61.0137 -64.7227
131000.006222	63.6587 -62.1908
132000.006270	57.9429 -68.0941
133000.006317	70.8112 -54.992
134000.006365	52.6659 -39.6586
135000.006412	61.547 -56.5705
136000.006460	71.5908 -60.3219
137000.006507	61.9717 -50.7029
138000.006555	66.8524 -55.2851
139000.006602	51.1578 -50.1301
140000.006650	62.1007 -52.5347
141000.006697	60.2731 -54.432
142000.006745	69.5639 -51.5778
143000.006792	61.7389 -66.9424
144000.006840	70.9507 -67.9895
145000.006887	54.9171 -49.5212
146000.006935	58.3723 -45.2815
147000.006982	66.5143 -58.6779
148000.007030	59.4491 -53.7851
149000.007077	52.7051 -56.8012
150000.007125	47.8476 -59.9437
151000.007172	68.3437 -53.0435
152000.007220	60.7769 -56.6791
153000.007267	59.0597 -58.2788
154000.007315	49.7125 -67.6607
155000.007362	55.154 -58.1231
156000.007410	64.2506 -61.2421
157000.007457	66.3576 -64.6034
158000.007505	63.8969 -40.7219
159000.007552	66.742 -52.6995
160000.007600	56.4316 -55.8663
161000.007647	64.4165 -44.7855
162000.007695	53.1349 -56.629
163000.007742	59.5712 -51.0974
164000.007790	60.6867 -39.4638
165000.007837	61.712 -52.7023
166000.007885	69.5065 -63.6342
167000.007932	60.4435 -58.1889
168000.007980	71.1373 -53.1093
169000.008027	79.1251 -67.0927
170000.008075	58.1254 -48.8877
171000.008122	58.0301 -50.1824
172000.008170	61.1074 -65.146
173000.008217	72.4859 -69.5757
174000.008265	70.5581 -60.6242
175000.008312	58.7329 -50.7698
176000.008360	51.7718 -45.8513
177000.008407	74.1838 -67.9565
178000.008455	66.4848 -57.2483
179000.008502	63.1961 -69.1801
180000.008550	61.5678 -50.6649
181000.008597	56.7546 -45.9057
182000.008645	66.1493 -59.0969
183000.008692	65.0913 -53.4352
184000.008740	70.4696 -60.3541
185000.008787	68.0594 -51.5216
186000.008835	65.7661 -63.0881
187000.008882	70.562 -49.8236
188000.008930	59.9865 -64.9741
189000.008977	76.1555 -68.5185
190000.009025	61.6377 -57.0229
191000.009072	78.0846 -51.9195
192000.009120	68.1834 -47.926
193000.009167	63.9339 -57.3935
194000.009215	59.1461 -58.7064
195000.009262	64.0153 -39.7458
196000.009310	61.4055 -44.8203
197000.009357	58.2068 -40.5467
198000.009404	52.0598 -66.285
199000.009452	64.2692 -66.5068
200000.009499	67.7227 -70.1516
201000.009547	63.8376 -70.2224
202000.009594	67.5748 -49.945
203000.009642	61.9511 -44.9646
204000.009689	38.1487 -42.8193
205000.009737	59.8991 -57.3097
206000.009784	66.8253 -65.3267
207000.009832	67.5985 -60.836
208000.009879	64.7714 -64.4339
209000.009927	75.8906 -73.0638
210000.009974	62.9436 -63.8208
211000.010022	58.3259 -71.1248
212000.010069	62.4517 -44.9774
213000.010117	61.5278 -72.3683
214000.010164	54.5591 -56.2418
215000.010212	66.4234 -65.3687
216000.010259	57.2726 -51.4379
217000.010307	67.3507 -67.3144
218000.010354	70.3713 -49.5434
219000.010402	62.3685 -50.537
220000.010449	54.3862 -55.9425
221000.010497	61.1121 -59.9261
222000.010544	57.3108 -51.1053
223000.010592	60.9621 -66.9133
224000.010639	62.3194 -57.623
225000.010687	65.614 -40.4278
226000.010734	64.8844 -58.2426
227000.010782	72.4273 -50.8686
228000.010829	76.0785 -55.9672
229000.010877	63.7671 -67.4839
230000.010924	62.9923 -60.2587
231000.010972	65.2626 -63.5175
232000.011019	61.7512 -47.3474
233000.011067	54.4039 -41.7511
234000.011114	80.0148 -59.7451
235000.011162	67.2211 -54.9304
236000.011209	67.0913 -59.2846
237000.011257	74.6731 -68.9941
238000.011304	59.167 -53.351
239000.011352	62.5715 -53.2079
240000.011399	54.7372 -50.2984
