#! FIELDS time restraint.bias r0 r1 r2 r3 r4 r5 r6 r7 r8 r9 r10 r11 r12 r13 r14 r15 r16 r17 r18 r19 r20 r21 r22 r23 r24 r25 r26 r27 r28
 700000.033248 4.934191 0.100528 0.118165 0.120723 0.089905 0.111134 0.069014 0.034412 0.020392 0.069914 0.120753 0.129704 0.102255 0.108144 0.130687 0.106835 0.105778 0.116050 0.150352 0.150898 0.139787 0.140514 0.136148 0.142458 0.133985 0.147721 0.146290 0.103013 0.084884 0.099254
 701000.033296 4.558980 0.099468 0.115324 0.120012 0.093891 0.110658 0.066268 0.036538 0.019602 0.069934 0.120865 0.131724 0.101845 0.108315 0.130033 0.105818 0.105528 0.114834 0.149342 0.150924 0.138014 0.139829 0.133963 0.140790 0.134484 0.149605 0.149713 0.105535 0.082307 0.100587
 702000.033343 1.244448 0.087935 0.108456 0.120167 0.095984 0.103233 0.054632 0.045547 0.010241 0.076771 0.111089 0.126058 0.098326 0.100677 0.120782 0.104176 0.107706 0.108981 0.143506 0.149315 0.131650 0.140948 0.126937 0.135673 0.138700 0.148640 0.149712 0.104083 0.078762 0.089533
 703000.033391 6.692605 0.101740 0.115858 0.113026 0.081344 0.114285 0.073546 0.024959 0.023750 0.057000 0.122219 0.128098 0.102259 0.108746 0.132543 0.111778 0.105834 0.118870 0.147384 0.145272 0.144411 0.139560 0.135266 0.145778 0.125928 0.145127 0.140851 0.101600 0.085036 0.105023
 704000.033438 3.308131 0.097584 0.116689 0.120580 0.089688 0.110608 0.067109 0.035431 0.016697 0.070148 0.119499 0.129032 0.099862 0.104872 0.128347 0.108082 0.106600 0.114438 0.148361 0.149806 0.139772 0.142020 0.133502 0.143144 0.133545 0.147668 0.145829 0.101361 0.081921 0.097857
 705000.033486 2.238010 0.095764 0.113583 0.118200 0.090440 0.108819 0.064357 0.035413 0.013734 0.068516 0.117696 0.128156 0.099789 0.104849 0.127544 0.108003 0.106601 0.114039 0.146737 0.148337 0.138861 0.141510 0.131457 0.141849 0.131823 0.147757 0.145734 0.102211 0.079774 0.097163
 706000.033533 4.176766 0.101815 0.119045 0.127078 0.102113 0.109956 0.063307 0.044465 0.018762 0.080971 0.122667 0.134392 0.104133 0.111280 0.127580 0.096513 0.101243 0.111516 0.151995 0.155942 0.129755 0.136700 0.136288 0.133438 0.143394 0.149635 0.156042 0.109163 0.089149 0.098484
 707000.033581 2.772856 0.077837 0.099350 0.117678 0.100212 0.093235 0.043303 0.055070 0.015287 0.084116 0.101426 0.120056 0.096482 0.095034 0.114282 0.104647 0.111816 0.104613 0.136744 0.145597 0.125918 0.139661 0.118425 0.130887 0.140524 0.146913 0.150077 0.105908 0.072437 0.079219
 708000.033628 5.807723 0.099291 0.113344 0.111631 0.079990 0.110419 0.070954 0.026419 0.022124 0.058739 0.118446 0.124746 0.102114 0.107441 0.130557 0.110511 0.105938 0.117606 0.145644 0.144254 0.141539 0.137286 0.133811 0.142302 0.126860 0.143068 0.139679 0.101214 0.085188 0.101344
 709000.033676 6.659060 0.093899 0.112053 0.122674 0.100757 0.110023 0.063298 0.045821 0.023690 0.074828 0.119173 0.133845 0.095458 0.101736 0.124722 0.106052 0.106544 0.109679 0.146033 0.150590 0.136508 0.144292 0.127371 0.140958 0.134844 0.152986 0.151654 0.102731 0.072097 0.099672
 710000.033723 1.382012 0.085738 0.106171 0.119226 0.096941 0.099503 0.052392 0.047305 0.010792 0.079004 0.107998 0.123590 0.098382 0.099357 0.120237 0.106372 0.110282 0.109011 0.141839 0.148209 0.131843 0.142268 0.124239 0.136585 0.138279 0.148727 0.149809 0.105250 0.074998 0.086155
 711000.033771 6.941606 0.080072 0.102992 0.124313 0.107775 0.090166 0.039668 0.063779 0.024187 0.096045 0.100820 0.120280 0.102419 0.100050 0.113637 0.099082 0.112017 0.104568 0.138581 0.148120 0.118406 0.135284 0.121763 0.123298 0.148496 0.144156 0.153326 0.111851 0.083150 0.072855
 712000.033818 4.936307 0.100505 0.115285 0.114985 0.084193 0.111003 0.070429 0.028272 0.020397 0.062650 0.119777 0.127180 0.102938 0.108704 0.131412 0.109107 0.105734 0.117618 0.148099 0.147335 0.141131 0.138446 0.135369 0.142624 0.129992 0.145409 0.143154 0.103089 0.085545 0.101437
 713000.033866 5.065730 0.084400 0.105570 0.123138 0.104896 0.099015 0.048994 0.055138 0.020662 0.085587 0.108406 0.127132 0.098547 0.099966 0.118555 0.101671 0.109787 0.106490 0.142357 0.150389 0.126442 0.138371 0.123884 0.130359 0.144204 0.149884 0.154963 0.108078 0.076498 0.085112
 714000.033913 5.350300 0.090315 0.108829 0.115505 0.088970 0.108527 0.064280 0.039802 0.021235 0.065777 0.114116 0.127087 0.094088 0.097207 0.123090 0.112544 0.109757 0.110950 0.141418 0.144024 0.140296 0.144377 0.125568 0.144576 0.128377 0.147328 0.142008 0.097504 0.071662 0.097202
 715000.033961 1.533583 0.094376 0.113236 0.120155 0.091979 0.105464 0.060194 0.040565 0.011369 0.074546 0.114515 0.125935 0.102494 0.105673 0.125818 0.105448 0.107145 0.113268 0.147181 0.150428 0.134829 0.139710 0.132609 0.138112 0.137732 0.146810 0.147759 0.104902 0.085285 0.092016
 716000.034008 4.524793 0.095321 0.115260 0.128457 0.106157 0.107148 0.057786 0.050205 0.019528 0.084283 0.118871 0.134229 0.099885 0.105603 0.123429 0.097351 0.103553 0.107900 0.148729 0.154869 0.128149 0.139018 0.130990 0.132857 0.143987 0.151157 0.156812 0.107321 0.082124 0.093844
 717000.034056 2.685468 0.093697 0.110919 0.116682 0.089963 0.105610 0.062227 0.036884 0.015044 0.069871 0.114670 0.125742 0.102101 0.105507 0.127944 0.109425 0.109414 0.115222 0.146205 0.148563 0.137954 0.140383 0.131314 0.140352 0.134432 0.147766 0.147038 0.105222 0.081484 0.094437
 718000.034103 1.492870 0.083441 0.105365 0.120692 0.099324 0.098565 0.049290 0.050427 0.011217 0.081760 0.107009 0.123948 0.098613 0.098973 0.119735 0.106532 0.112067 0.108707 0.142295 0.149813 0.131072 0.142430 0.124200 0.135374 0.141361 0.150125 0.151888 0.106237 0.075140 0.083993
 719000.034151 4.031565 0.085246 0.104297 0.117746 0.098207 0.102240 0.054583 0.048740 0.018433 0.076253 0.110276 0.126591 0.094070 0.096556 0.118649 0.105694 0.108410 0.106343 0.139785 0.145961 0.131357 0.140316 0.121257 0.135577 0.135554 0.148600 0.149268 0.102602 0.070097 0.090959
 720000.034198 12.624286 0.109458 0.121999 0.115071 0.079078 0.116224 0.080308 0.025805 0.032618 0.060490 0.126015 0.128064 0.107151 0.114979 0.137335 0.109799 0.103358 0.122241 0.151994 0.147649 0.144870 0.135127 0.142635 0.144431 0.128027 0.142005 0.139555 0.102555 0.095211 0.107722
 721000.034246 1.994839 0.094807 0.112859 0.123787 0.100924 0.104064 0.056484 0.046769 0.012966 0.081583 0.115925 0.129324 0.103316 0.107753 0.125078 0.100378 0.105865 0.111074 0.148177 0.153259 0.129309 0.136740 0.131942 0.132273 0.142932 0.148628 0.154351 0.109097 0.085041 0.091970
 722000.034293 2.764529 0.097806 0.114099 0.120248 0.095455 0.109329 0.063370 0.038815 0.015264 0.071859 0.119666 0.131239 0.100581 0.106879 0.127098 0.102967 0.103448 0.112248 0.147930 0.150398 0.134579 0.138084 0.132233 0.137629 0.135435 0.148241 0.149971 0.104939 0.082222 0.099001
 723000.034341 7.279770 0.106585 0.120052 0.115645 0.082865 0.115858 0.076220 0.022822 0.024769 0.059796 0.125933 0.129972 0.104298 0.112363 0.135106 0.108864 0.103078 0.119761 0.150679 0.147674 0.144065 0.138141 0.139146 0.145420 0.127392 0.144886 0.142284 0.102475 0.089049 0.107093
 724000.034388 6.668943 0.105003 0.117083 0.113413 0.082873 0.113285 0.074076 0.024456 0.023707 0.059677 0.123561 0.128260 0.104631 0.112163 0.134029 0.108528 0.103316 0.119221 0.148853 0.146186 0.141954 0.135382 0.137400 0.142267 0.127228 0.143326 0.141859 0.103429 0.088516 0.105696
 725000.034436 3.676476 0.098158 0.116653 0.125236 0.100482 0.109965 0.063251 0.042850 0.017602 0.077224 0.121242 0.134047 0.100642 0.107252 0.127671 0.102145 0.104799 0.111949 0.150558 0.154340 0.134367 0.140455 0.133367 0.137800 0.139608 0.151705 0.153916 0.105971 0.081286 0.098285
 726000.034483 3.188036 0.084402 0.105115 0.120959 0.102117 0.100940 0.051772 0.052192 0.016391 0.081570 0.109600 0.127034 0.095869 0.097573 0.118961 0.106281 0.110905 0.106895 0.141698 0.149393 0.131322 0.142706 0.122263 0.135943 0.140255 0.151337 0.153001 0.105144 0.070755 0.088552
 727000.034531 5.320679 0.102469 0.116493 0.115093 0.083671 0.113277 0.072369 0.026771 0.021176 0.060831 0.122472 0.128636 0.100834 0.108085 0.130445 0.106783 0.102019 0.115673 0.147542 0.146293 0.140216 0.136767 0.135326 0.142078 0.128072 0.143739 0.141835 0.100387 0.085882 0.104357
 728000.034578 5.950355 0.102630 0.116582 0.114264 0.083395 0.113609 0.072651 0.025648 0.022394 0.059335 0.122459 0.128637 0.102663 0.109550 0.132608 0.109863 0.104726 0.118408 0.148030 0.145907 0.143161 0.138812 0.135567 0.144743 0.126473 0.144976 0.141684 0.102173 0.085181 0.104287
 729000.034626 2.679061 0.083739 0.106799 0.121664 0.098405 0.099294 0.052288 0.050833 0.015026 0.082465 0.107029 0.123555 0.098026 0.097657 0.120318 0.109596 0.114209 0.109787 0.142554 0.149897 0.133966 0.145427 0.123810 0.138875 0.140829 0.150893 0.151097 0.105527 0.073042 0.083885
 730000.034673 3.295709 0.098274 0.115782 0.121824 0.095276 0.110606 0.064003 0.038894 0.016666 0.072365 0.120480 0.131838 0.103036 0.108784 0.129667 0.106107 0.106874 0.115239 0.150396 0.153137 0.137813 0.141725 0.134471 0.140875 0.137504 0.151453 0.152066 0.107152 0.084020 0.098768
 731000.034721 1.883781 0.092255 0.111089 0.122700 0.100247 0.104252 0.056211 0.046846 0.012600 0.080095 0.115003 0.129297 0.100753 0.104745 0.124119 0.103105 0.107752 0.110423 0.146763 0.152170 0.131231 0.138504 0.129629 0.134215 0.141559 0.149648 0.153668 0.107330 0.080429 0.092322
 732000.034768 3.370843 0.079357 0.102181 0.119291 0.099733 0.093980 0.045802 0.055120 0.016855 0.085318 0.102207 0.120262 0.098287 0.096482 0.116457 0.106331 0.113551 0.106997 0.139042 0.146961 0.127756 0.139609 0.120913 0.131907 0.141782 0.146786 0.150013 0.106693 0.074634 0.078466
 733000.034816 5.883936 0.078534 0.102909 0.123185 0.104948 0.090600 0.041768 0.061709 0.022268 0.093192 0.099598 0.118924 0.101900 0.098491 0.116102 0.106237 0.116271 0.107683 0.140188 0.149973 0.125980 0.141914 0.121880 0.131101 0.147116 0.148318 0.153084 0.110375 0.078237 0.072429
 734000.034863 1.295363 0.091513 0.110659 0.120822 0.096070 0.102017 0.055469 0.044541 0.010448 0.078688 0.112168 0.125383 0.102671 0.105285 0.124025 0.103254 0.107704 0.111698 0.145991 0.150757 0.130882 0.137935 0.130158 0.133986 0.140681 0.147249 0.150869 0.107570 0.083929 0.088512
 735000.034911 3.483261 0.092968 0.113471 0.123985 0.098820 0.106946 0.059864 0.044369 0.017134 0.077437 0.115834 0.130767 0.098249 0.102692 0.123995 0.102844 0.105939 0.109988 0.147197 0.151835 0.133485 0.141953 0.129886 0.137967 0.138481 0.150703 0.151434 0.104007 0.078159 0.093330
 736000.034958 1.057485 0.091516 0.110458 0.118919 0.092547 0.104205 0.058477 0.041145 0.009440 0.074393 0.113192 0.125614 0.100217 0.103127 0.124150 0.105848 0.107862 0.111693 0.145039 0.148978 0.133965 0.139369 0.129587 0.137011 0.137084 0.146970 0.148081 0.104304 0.081102 0.091708
 737000.035006 1.580321 0.092652 0.111700 0.120105 0.094814 0.106639 0.060147 0.040523 0.011541 0.072893 0.115713 0.128543 0.098441 0.102862 0.124799 0.105947 0.106855 0.111298 0.145921 0.149727 0.135704 0.141914 0.129257 0.139508 0.135282 0.149348 0.148649 0.103027 0.077553 0.094287
 738000.035053 2.963635 0.094852 0.113136 0.119088 0.090875 0.107751 0.064157 0.036754 0.015804 0.070238 0.116264 0.127663 0.099189 0.103498 0.126778 0.107865 0.107420 0.113340 0.146327 0.148704 0.138308 0.142316 0.130822 0.142044 0.133240 0.148284 0.146286 0.102253 0.078786 0.095818
 739000.035101 4.842760 0.082175 0.104275 0.123823 0.106672 0.092691 0.043003 0.060078 0.020202 0.092617 0.103895 0.122314 0.102757 0.101631 0.118355 0.104029 0.114598 0.108056 0.142207 0.151337 0.124992 0.138607 0.123895 0.128871 0.148256 0.148652 0.155862 0.112033 0.079604 0.077295
 740000.035148 4.915388 0.096846 0.112770 0.113355 0.081461 0.107427 0.067773 0.032429 0.020353 0.064744 0.115859 0.122491 0.103307 0.106605 0.129318 0.112089 0.108794 0.117448 0.145296 0.145323 0.140510 0.138579 0.133276 0.141846 0.129955 0.142887 0.140445 0.102223 0.086406 0.096656
 741000.035196 1.920768 0.091020 0.111382 0.123404 0.098976 0.102589 0.055517 0.046626 0.012723 0.080916 0.112550 0.127099 0.101292 0.104177 0.123392 0.103022 0.108391 0.110628 0.146699 0.152571 0.131232 0.140737 0.129971 0.135118 0.142159 0.149843 0.152556 0.106882 0.081502 0.088678
 742000.035243 5.117800 0.102495 0.120091 0.125906 0.099256 0.114516 0.067886 0.039617 0.020768 0.074151 0.125480 0.136976 0.100522 0.109006 0.128782 0.099679 0.100812 0.111973 0.152263 0.154897 0.134928 0.140130 0.135819 0.139073 0.138279 0.151626 0.153581 0.105192 0.084334 0.103230
 743000.035291 7.014506 0.105961 0.119878 0.121627 0.094702 0.111459 0.069446 0.036808 0.024314 0.073223 0.123938 0.132221 0.107757 0.115768 0.133024 0.099497 0.100995 0.116789 0.153706 0.154127 0.134251 0.134136 0.140335 0.135727 0.138412 0.147575 0.151718 0.109645 0.093235 0.102225
 744000.035338 2.649445 0.093681 0.110540 0.117664 0.092547 0.106173 0.061304 0.039500 0.014943 0.071090 0.115456 0.127477 0.099918 0.104033 0.126245 0.107897 0.108133 0.112832 0.145351 0.148229 0.136464 0.139709 0.129766 0.139313 0.134232 0.147688 0.147622 0.104039 0.079172 0.095516
 745000.035386 1.041644 0.087518 0.108675 0.120923 0.096520 0.100771 0.052744 0.046697 0.009370 0.079344 0.109385 0.124428 0.099471 0.100823 0.120656 0.103844 0.108329 0.109109 0.143450 0.149337 0.130634 0.140607 0.126949 0.135176 0.139609 0.147554 0.149436 0.104917 0.079772 0.085675
 746000.035433 2.146829 0.092158 0.110583 0.119443 0.093905 0.103443 0.058543 0.041813 0.013451 0.075464 0.112934 0.125821 0.101057 0.104226 0.124572 0.104361 0.107404 0.111666 0.145572 0.149648 0.132780 0.138529 0.130133 0.135959 0.138141 0.147302 0.149067 0.105586 0.081815 0.091234
 747000.035481 2.904448 0.097931 0.115156 0.119426 0.091834 0.111015 0.066237 0.034985 0.015645 0.068073 0.120109 0.130739 0.100182 0.106084 0.129167 0.107978 0.106335 0.114833 0.148410 0.149683 0.139921 0.141872 0.132734 0.142930 0.132369 0.149270 0.147385 0.103154 0.079875 0.099841
 748000.035528 2.610312 0.098168 0.117302 0.125391 0.098967 0.107909 0.061533 0.043129 0.014832 0.079494 0.119296 0.131409 0.103368 0.108757 0.127578 0.101291 0.104918 0.112802 0.150977 0.154578 0.132860 0.138853 0.135236 0.136240 0.141702 0.149303 0.153182 0.107346 0.086609 0.094727
 749000.035576 3.942250 0.098807 0.115034 0.117640 0.088846 0.110523 0.067752 0.033082 0.018228 0.066694 0.119775 0.128838 0.101098 0.106502 0.129860 0.109542 0.106691 0.115781 0.147399 0.147862 0.140600 0.140748 0.133029 0.143630 0.130702 0.146917 0.145161 0.102848 0.081700 0.099910
 750000.035623 3.612756 0.094190 0.111731 0.121717 0.099953 0.106857 0.060600 0.044510 0.017449 0.076506 0.117529 0.130847 0.099416 0.104738 0.125473 0.105072 0.106813 0.111347 0.146588 0.151176 0.134454 0.142093 0.128534 0.138293 0.137029 0.151496 0.152724 0.106245 0.076735 0.096448
 751000.035671 8.449257 0.104491 0.117034 0.113318 0.081793 0.114151 0.075555 0.024170 0.026685 0.057869 0.123568 0.128621 0.103298 0.110943 0.134048 0.109638 0.104037 0.119140 0.148665 0.145864 0.143178 0.136466 0.137380 0.143646 0.126493 0.143784 0.140714 0.101885 0.087422 0.106347
 752000.035718 1.877777 0.083194 0.105344 0.120557 0.099051 0.099255 0.050594 0.050662 0.012580 0.081597 0.107529 0.124405 0.096680 0.096950 0.118716 0.106729 0.111703 0.107517 0.141251 0.148569 0.131137 0.142353 0.122830 0.135846 0.140253 0.149306 0.150937 0.104735 0.072975 0.085007
 753000.035766 1.792250 0.089266 0.107615 0.118467 0.096598 0.102732 0.056867 0.045012 0.012290 0.076462 0.112442 0.126146 0.097952 0.100749 0.122367 0.107106 0.109120 0.109893 0.142747 0.147815 0.133410 0.140687 0.125060 0.137153 0.136315 0.148369 0.149785 0.104874 0.074400 0.091775
 754000.035813 1.368917 0.095713 0.113764 0.120695 0.094617 0.106517 0.061642 0.039414 0.010741 0.074512 0.117099 0.128393 0.101696 0.106293 0.127394 0.105857 0.107113 0.113553 0.148051 0.151069 0.135830 0.140203 0.132147 0.138801 0.136948 0.148597 0.149753 0.105455 0.081606 0.094919
 755000.035861 4.349816 0.094863 0.112194 0.117628 0.090978 0.110595 0.065738 0.036770 0.019147 0.066255 0.118120 0.130047 0.097033 0.102318 0.126375 0.108983 0.106971 0.112565 0.145383 0.147407 0.139705 0.142630 0.129566 0.143214 0.130769 0.148995 0.145684 0.100641 0.075975 0.099985
 756000.035908 5.600396 0.080631 0.104238 0.123327 0.105023 0.096047 0.047467 0.057537 0.021725 0.088359 0.105279 0.124219 0.097169 0.096509 0.117233 0.105385 0.113186 0.106207 0.140721 0.149786 0.128218 0.142527 0.120958 0.133469 0.143953 0.150596 0.154054 0.107227 0.071835 0.080559
 757000.035956 4.352140 0.090982 0.109767 0.124325 0.105298 0.103953 0.055081 0.051237 0.019152 0.083196 0.114926 0.131220 0.099168 0.103367 0.122695 0.102482 0.107863 0.108623 0.145654 0.152518 0.130067 0.140553 0.126655 0.134275 0.142211 0.152250 0.156782 0.108582 0.076167 0.092631
 758000.036003 7.188197 0.104573 0.117927 0.114574 0.082011 0.113630 0.074690 0.025110 0.024613 0.060395 0.123119 0.128168 0.103798 0.110994 0.133486 0.108399 0.103332 0.118763 0.149347 0.146902 0.142068 0.136069 0.138062 0.142692 0.128294 0.143386 0.141414 0.102065 0.089042 0.105128
 759000.036051 6.821069 0.102328 0.117909 0.117416 0.085523 0.112214 0.072533 0.029438 0.023976 0.064953 0.121550 0.128512 0.103163 0.109462 0.132610 0.108773 0.105704 0.118100 0.149689 0.148646 0.142024 0.139755 0.136743 0.143994 0.130520 0.146345 0.143742 0.102878 0.085887 0.102022
 760000.036098 4.849742 0.072414 0.097851 0.119290 0.102073 0.090581 0.038302 0.061089 0.020217 0.089375 0.096550 0.117702 0.097909 0.093000 0.111803 0.107010 0.116072 0.104873 0.135411 0.145850 0.125284 0.142252 0.116742 0.131078 0.144095 0.147479 0.150845 0.108098 0.074021 0.072498
 761000.036146 5.010964 0.084346 0.105751 0.122635 0.104484 0.100916 0.052782 0.053941 0.020550 0.083825 0.110049 0.127918 0.094001 0.096340 0.118012 0.104723 0.109648 0.105332 0.141322 0.149480 0.130374 0.143214 0.120996 0.135436 0.139927 0.151876 0.153485 0.104143 0.067796 0.088608
 762000.036193 2.281770 0.096694 0.116071 0.125597 0.100241 0.107841 0.060444 0.043826 0.013867 0.079596 0.118970 0.132002 0.100636 0.106238 0.124888 0.099065 0.103030 0.109957 0.148987 0.153537 0.130755 0.139120 0.132405 0.135199 0.141167 0.149453 0.153634 0.106202 0.083649 0.094857
 763000.036241 5.291438 0.103029 0.118226 0.118623 0.089664 0.114843 0.071990 0.029970 0.021118 0.064333 0.124634 0.132542 0.101325 0.109362 0.132061 0.107301 0.103785 0.116603 0.150067 0.149341 0.141682 0.140748 0.135605 0.144255 0.129795 0.148555 0.146307 0.103044 0.082906 0.105501
 764000.036288 4.306732 0.101333 0.117570 0.121359 0.094008 0.112024 0.067656 0.035226 0.019052 0.069917 0.122462 0.132695 0.102427 0.109642 0.131185 0.105317 0.104769 0.115585 0.151076 0.152095 0.138932 0.140793 0.135839 0.141846 0.134296 0.150137 0.149563 0.105186 0.083534 0.101492
 765000.036336 9.727239 0.107254 0.118530 0.112825 0.080434 0.115783 0.077416 0.022283 0.028632 0.056245 0.125299 0.129108 0.105015 0.113536 0.135343 0.107393 0.101467 0.119936 0.150220 0.146647 0.142829 0.134503 0.139800 0.142826 0.127011 0.143386 0.141223 0.103062 0.091559 0.108423
 766000.036383 4.412813 0.099244 0.114761 0.117469 0.090126 0.111482 0.068515 0.032860 0.019285 0.065602 0.121238 0.130334 0.099189 0.106164 0.129187 0.107601 0.104654 0.114210 0.146995 0.147369 0.139869 0.140306 0.132406 0.142639 0.129110 0.147095 0.144715 0.101135 0.079546 0.102187
 767000.036431 4.449598 0.100546 0.118313 0.124883 0.097229 0.109305 0.064006 0.041037 0.019365 0.077042 0.120293 0.131753 0.103707 0.110007 0.128254 0.099463 0.102772 0.112962 0.151428 0.154417 0.132801 0.138432 0.136471 0.136604 0.140316 0.149139 0.152236 0.107025 0.088518 0.096471
 768000.036478 2.955125 0.091551 0.111028 0.120579 0.095057 0.104416 0.058430 0.042732 0.015781 0.075272 0.112917 0.127010 0.100631 0.103555 0.125376 0.106939 0.109448 0.112649 0.146243 0.150466 0.135649 0.142368 0.129761 0.139464 0.137373 0.149988 0.149747 0.105407 0.079159 0.090995
 769000.036526 2.120552 0.090408 0.109831 0.116915 0.088769 0.104495 0.060418 0.039141 0.013368 0.070816 0.112087 0.123742 0.100062 0.101887 0.125332 0.111270 0.111204 0.113807 0.144283 0.147608 0.138453 0.143040 0.129104 0.141880 0.134177 0.147531 0.145130 0.102775 0.079236 0.091408
 770000.036573 4.299671 0.097720 0.114487 0.120940 0.096113 0.110734 0.065897 0.038836 0.019036 0.071433 0.120919 0.132494 0.099578 0.105928 0.129017 0.107995 0.107170 0.113950 0.148368 0.150768 0.139159 0.142852 0.131472 0.142573 0.133985 0.151344 0.150448 0.104582 0.077397 0.100845
 771000.036621 2.519531 0.087065 0.106899 0.120150 0.099326 0.102288 0.054512 0.047894 0.014572 0.078268 0.111418 0.127210 0.095085 0.098109 0.119850 0.104627 0.107698 0.106852 0.141918 0.147985 0.131587 0.141291 0.123664 0.136066 0.136565 0.149055 0.149837 0.102449 0.071670 0.090285
 772000.036668 2.171447 0.090692 0.110318 0.121827 0.098066 0.102109 0.055154 0.046637 0.013528 0.080147 0.112107 0.126594 0.101356 0.104155 0.123075 0.102403 0.107777 0.110334 0.145768 0.150987 0.129949 0.137349 0.129555 0.132926 0.141616 0.147686 0.151615 0.107066 0.082303 0.088802
 773000.036716 3.437921 0.096395 0.112747 0.117495 0.091126 0.110369 0.065300 0.035779 0.017022 0.066551 0.118984 0.130101 0.097974 0.104084 0.126273 0.105256 0.103707 0.111865 0.145864 0.147556 0.136744 0.138738 0.130735 0.139695 0.131506 0.147063 0.146005 0.101306 0.079501 0.100214
 774000.036763 2.728784 0.093204 0.111147 0.116399 0.087815 0.106772 0.063105 0.035874 0.015165 0.067747 0.114268 0.125505 0.100322 0.103603 0.126953 0.110118 0.109322 0.114645 0.145506 0.147626 0.139134 0.141662 0.130760 0.141880 0.132821 0.147464 0.144889 0.102709 0.080297 0.094815
 775000.036811 11.587608 0.108670 0.118797 0.110952 0.079847 0.118078 0.080590 0.021151 0.031250 0.053118 0.128305 0.130009 0.103709 0.112997 0.136206 0.111652 0.102696 0.120939 0.147565 0.142355 0.145905 0.134698 0.137363 0.145322 0.120633 0.141271 0.137831 0.101007 0.087976 0.112169
 776000.036858 3.267969 0.098702 0.114531 0.117975 0.089574 0.108658 0.065838 0.034066 0.016596 0.068840 0.118970 0.128069 0.102101 0.107849 0.129000 0.105265 0.104746 0.114571 0.148033 0.149302 0.136792 0.137532 0.134079 0.139005 0.134010 0.146281 0.146722 0.104031 0.084926 0.098373
 777000.036906 3.924054 0.096155 0.111101 0.113759 0.086671 0.108679 0.066687 0.033137 0.018185 0.064036 0.117390 0.126362 0.100560 0.105397 0.128469 0.111134 0.108276 0.115520 0.144812 0.145707 0.140339 0.140022 0.130590 0.142142 0.129438 0.146267 0.143704 0.102677 0.079826 0.099728
 778000.036953 3.857959 0.087904 0.108296 0.116818 0.089690 0.106827 0.061183 0.041291 0.018032 0.068865 0.112393 0.125685 0.094257 0.096352 0.121868 0.111991 0.110352 0.110317 0.141026 0.145020 0.139211 0.145814 0.124592 0.144327 0.130577 0.148268 0.143620 0.098497 0.071922 0.093711
 779000.037001 3.851620 0.101021 0.117972 0.120587 0.090333 0.109518 0.066573 0.036026 0.018017 0.072390 0.119994 0.128226 0.105170 0.110682 0.130047 0.103751 0.103887 0.115969 0.150717 0.151810 0.136313 0.137699 0.137416 0.138837 0.136965 0.146170 0.147932 0.105970 0.090807 0.097314
 780000.037048 3.439432 0.095808 0.114914 0.122504 0.095942 0.109732 0.064638 0.040792 0.017026 0.074282 0.119494 0.131383 0.096583 0.102413 0.125763 0.106337 0.106173 0.110819 0.146910 0.150126 0.137493 0.143097 0.130112 0.141759 0.134299 0.149655 0.148708 0.100952 0.075648 0.098362
 781000.037096 2.160581 0.092793 0.111078 0.119580 0.094263 0.106994 0.059983 0.040157 0.013494 0.071736 0.115518 0.128857 0.099741 0.103880 0.125802 0.106643 0.107839 0.112418 0.146439 0.150310 0.136258 0.142008 0.130217 0.139868 0.136213 0.150249 0.149631 0.104499 0.079330 0.094931
 782000.037143 2.185528 0.094737 0.114258 0.121745 0.094596 0.108581 0.062258 0.039110 0.013572 0.072837 0.117073 0.130116 0.099638 0.104234 0.126510 0.105735 0.106641 0.112694 0.148081 0.151305 0.136975 0.142886 0.131846 0.141074 0.136207 0.150373 0.149530 0.103799 0.079798 0.095575
 783000.037191 4.747555 0.099396 0.115443 0.119242 0.092081 0.110056 0.067021 0.035522 0.020003 0.069269 0.120172 0.130382 0.102017 0.108198 0.129977 0.105804 0.105301 0.115150 0.149183 0.150263 0.137830 0.138619 0.134265 0.140153 0.134209 0.148160 0.148161 0.104858 0.083369 0.099730
 784000.037238 2.664523 0.093390 0.111287 0.119898 0.095938 0.106734 0.060636 0.040954 0.014985 0.072968 0.116238 0.129123 0.099454 0.104046 0.126166 0.107378 0.107987 0.112514 0.146143 0.149898 0.136830 0.143080 0.129003 0.140741 0.134854 0.150747 0.150023 0.104810 0.076781 0.095377
 785000.037285 3.685369 0.097866 0.115345 0.120783 0.094615 0.111406 0.065506 0.037642 0.017624 0.069633 0.120892 0.132305 0.098746 0.105460 0.127711 0.105569 0.104352 0.112668 0.148158 0.149999 0.138108 0.141659 0.132089 0.141803 0.132536 0.149469 0.147991 0.102135 0.079085 0.100271
 786000.037333 3.423237 0.100357 0.117293 0.121280 0.093289 0.110218 0.067328 0.035638 0.016985 0.072175 0.121619 0.130624 0.101639 0.108298 0.130056 0.105612 0.105122 0.114875 0.149757 0.151110 0.138091 0.140213 0.134312 0.140870 0.134387 0.148461 0.148778 0.104332 0.082462 0.099596
 787000.037380 2.804021 0.099264 0.114338 0.116805 0.088560 0.108843 0.066048 0.032938 0.015373 0.067751 0.119120 0.127618 0.103348 0.109161 0.129574 0.105132 0.104186 0.115455 0.148312 0.149149 0.136617 0.136163 0.134863 0.138126 0.133988 0.145556 0.146593 0.105040 0.086939 0.099015
 788000.037428 4.297459 0.102560 0.117406 0.118665 0.090201 0.113597 0.070086 0.031302 0.019031 0.065691 0.123897 0.132095 0.101683 0.109330 0.131148 0.105760 0.102798 0.115551 0.149739 0.149663 0.139495 0.138432 0.135844 0.141948 0.131694 0.147251 0.146930 0.103413 0.084968 0.104223
 789000.037475 2.818774 0.097296 0.114710 0.120057 0.092980 0.109528 0.063490 0.038045 0.015413 0.070997 0.118785 0.129641 0.101568 0.107099 0.126937 0.103689 0.104137 0.113216 0.148161 0.150732 0.135474 0.139838 0.132856 0.138785 0.135603 0.148546 0.149095 0.104945 0.084293 0.097516
 790000.037523 1.236901 0.093386 0.112222 0.120690 0.095582 0.105377 0.058934 0.041661 0.010210 0.075316 0.115236 0.128010 0.101501 0.105233 0.126214 0.106071 0.108096 0.112993 0.147354 0.151051 0.135129 0.140495 0.131076 0.138221 0.137897 0.149082 0.150329 0.105866 0.081130 0.092754
 791000.037570 5.996977 0.102559 0.115350 0.112114 0.080233 0.111226 0.072617 0.024378 0.022481 0.059614 0.120714 0.125186 0.104960 0.111053 0.133201 0.110264 0.105464 0.119660 0.147589 0.145563 0.142292 0.136688 0.136147 0.142705 0.127618 0.143322 0.141127 0.103736 0.088307 0.102834
 792000.037618 2.327364 0.098209 0.116100 0.122455 0.095569 0.107257 0.062878 0.039546 0.014005 0.076204 0.118908 0.129293 0.102259 0.107862 0.127451 0.102137 0.104119 0.112787 0.149054 0.151895 0.133781 0.138692 0.133601 0.137125 0.137674 0.147681 0.150252 0.105573 0.084442 0.095315
 793000.037665 3.286642 0.099544 0.116182 0.117877 0.087499 0.111899 0.068943 0.030702 0.016643 0.065173 0.120857 0.129401 0.100544 0.106677 0.129848 0.107991 0.105161 0.115532 0.148440 0.148641 0.140578 0.140339 0.134361 0.143071 0.131096 0.146985 0.144734 0.101551 0.082824 0.101174
 794000.037713 2.478860 0.089298 0.110074 0.122482 0.099143 0.105345 0.056652 0.045948 0.014454 0.077100 0.113642 0.129488 0.096102 0.099612 0.122188 0.105856 0.108105 0.108798 0.144647 0.150391 0.134754 0.144980 0.126459 0.140140 0.136950 0.151666 0.150859 0.102743 0.073202 0.091945
 795000.037760 4.362166 0.101462 0.117974 0.124990 0.099854 0.108925 0.063302 0.042431 0.019174 0.078623 0.121380 0.132649 0.104943 0.111856 0.128293 0.097353 0.101663 0.112651 0.151693 0.155116 0.130399 0.136475 0.136356 0.133678 0.141819 0.149265 0.154663 0.109386 0.089467 0.097633
 796000.037808 4.311886 0.100460 0.117713 0.122589 0.094062 0.107854 0.064680 0.040258 0.019063 0.076539 0.119147 0.128881 0.104627 0.110225 0.128798 0.101487 0.103541 0.114169 0.150527 0.152355 0.133567 0.136148 0.136862 0.136131 0.138698 0.145720 0.148893 0.106081 0.090012 0.095598
 797000.037855 1.182930 0.089321 0.108805 0.121560 0.099618 0.099621 0.052047 0.049241 0.009985 0.082872 0.110646 0.125015 0.101858 0.103844 0.122075 0.103051 0.108913 0.109916 0.144640 0.150507 0.128769 0.137152 0.127890 0.131808 0.142139 0.146936 0.152008 0.108050 0.081514 0.086461
 798000.037903 1.870033 0.095489 0.113357 0.122762 0.098733 0.104155 0.057512 0.044700 0.012554 0.080137 0.115535 0.128318 0.104625 0.108862 0.125941 0.100689 0.105735 0.112403 0.148641 0.153030 0.129961 0.136387 0.133081 0.132648 0.142484 0.147987 0.153514 0.109721 0.086971 0.091865
 799000.037950 1.945508 0.093653 0.112826 0.120994 0.094707 0.106933 0.061432 0.039820 0.012805 0.073943 0.116157 0.128791 0.099450 0.103776 0.125930 0.106232 0.107634 0.112363 0.146972 0.150741 0.136255 0.142375 0.130275 0.139941 0.136562 0.150158 0.150017 0.104319 0.078300 0.094804
 800000.037998 1.670626 0.089937 0.110771 0.124708 0.102524 0.102986 0.053913 0.049408 0.011866 0.083123 0.113629 0.128984 0.099156 0.102422 0.121625 0.101804 0.107532 0.108279 0.145690 0.152524 0.129560 0.140634 0.127699 0.133913 0.142794 0.150382 0.154367 0.106527 0.078489 0.089446
 801000.038045 1.290351 0.093719 0.111105 0.118770 0.093435 0.104723 0.059120 0.040814 0.010428 0.074220 0.114562 0.125978 0.102179 0.105770 0.125377 0.105424 0.106994 0.112801 0.145763 0.149576 0.133999 0.139732 0.130336 0.137361 0.136908 0.147598 0.149299 0.106358 0.082990 0.093002
 802000.038093 4.440507 0.096062 0.113915 0.118504 0.089780 0.111195 0.066440 0.035113 0.019345 0.065988 0.118658 0.130133 0.096734 0.102544 0.126298 0.106565 0.104602 0.111929 0.146034 0.147457 0.138735 0.141291 0.131127 0.142475 0.130397 0.147533 0.144371 0.099082 0.078307 0.099712
 803000.038140 5.206202 0.094345 0.110154 0.114404 0.087952 0.109071 0.066127 0.035345 0.020947 0.063578 0.116286 0.127458 0.098423 0.103045 0.127012 0.110756 0.108294 0.114085 0.144187 0.145552 0.140153 0.141133 0.129188 0.142694 0.129338 0.147460 0.143719 0.101472 0.077142 0.099308
 804000.038188 3.994061 0.103173 0.118789 0.120885 0.092370 0.111645 0.069534 0.033559 0.018347 0.071086 0.123344 0.131317 0.104507 0.111461 0.132741 0.106227 0.105112 0.117284 0.151784 0.152218 0.139322 0.139212 0.137344 0.141454 0.135241 0.148448 0.149467 0.106328 0.086458 0.101976
 805000.038235 1.903594 0.091567 0.110850 0.119968 0.093740 0.105033 0.058561 0.041566 0.012666 0.074008 0.113348 0.126939 0.100479 0.103331 0.125260 0.107319 0.109327 0.112607 0.146070 0.150239 0.135855 0.141949 0.129986 0.139644 0.137502 0.149459 0.149384 0.105111 0.080064 0.091737
 806000.038283 3.141031 0.096489 0.115484 0.124377 0.098251 0.106003 0.060687 0.043797 0.016270 0.079366 0.117021 0.129613 0.102618 0.107306 0.126888 0.102596 0.106521 0.112563 0.149585 0.153591 0.133287 0.139824 0.133617 0.136768 0.140740 0.149444 0.152030 0.106681 0.084067 0.092971
 807000.038330 3.152202 0.091707 0.111822 0.124022 0.101627 0.107357 0.058795 0.046859 0.016299 0.078005 0.116607 0.132136 0.096069 0.101029 0.123133 0.104664 0.106869 0.108880 0.146216 0.151751 0.134457 0.144049 0.127291 0.139116 0.137673 0.152615 0.152596 0.103301 0.073164 0.094956
 808000.038378 8.693221 0.104214 0.116341 0.112405 0.081988 0.115656 0.076236 0.023545 0.027067 0.055349 0.124248 0.129785 0.102327 0.109955 0.134006 0.111762 0.105018 0.119433 0.147575 0.144471 0.144848 0.137896 0.135663 0.145568 0.124328 0.144565 0.140649 0.101800 0.084607 0.108361
 809000.038425 3.444491 0.095284 0.112415 0.118182 0.091113 0.106126 0.062555 0.037918 0.017038 0.071157 0.115589 0.126779 0.101333 0.105902 0.126621 0.104442 0.105515 0.113052 0.146584 0.148860 0.134740 0.137464 0.132113 0.137207 0.135108 0.146268 0.146869 0.104152 0.083476 0.094590
 810000.038473 2.489575 0.092745 0.111411 0.120345 0.095488 0.107160 0.060629 0.041452 0.014485 0.073305 0.116181 0.129661 0.096412 0.101340 0.123313 0.103494 0.104771 0.109067 0.144892 0.148680 0.133494 0.139246 0.128347 0.137327 0.135203 0.147860 0.148487 0.101763 0.076845 0.095508
 811000.038520 2.485739 0.096878 0.113617 0.118945 0.091689 0.106342 0.062323 0.037838 0.014474 0.072431 0.116389 0.126915 0.104690 0.109039 0.128902 0.105627 0.107187 0.115672 0.148823 0.151179 0.135818 0.138148 0.134185 0.137766 0.137616 0.147784 0.149379 0.107585 0.086388 0.094700
 812000.038568 2.606305 0.084077 0.105425 0.121720 0.101767 0.099133 0.048920 0.052404 0.014821 0.082771 0.108314 0.125799 0.096462 0.097867 0.117711 0.102636 0.108868 0.105525 0.141320 0.149024 0.127972 0.140147 0.123165 0.132849 0.141046 0.148807 0.151700 0.104513 0.074669 0.084935
 813000.038615 4.514166 0.094006 0.110975 0.116921 0.091191 0.109306 0.064160 0.037904 0.019505 0.066597 0.116413 0.129151 0.099165 0.103621 0.127146 0.110065 0.108740 0.114041 0.145773 0.147982 0.139824 0.142617 0.130157 0.142934 0.132066 0.149622 0.146529 0.103053 0.077791 0.098429
 814000.038663 4.050158 0.099333 0.116815 0.122388 0.094691 0.109031 0.064981 0.038929 0.018475 0.074443 0.119631 0.130542 0.103276 0.109202 0.128996 0.102490 0.104519 0.114074 0.150670 0.153005 0.134886 0.138166 0.136006 0.137517 0.138710 0.148596 0.150548 0.106134 0.086744 0.097417
 815000.038710 6.048747 0.102770 0.118415 0.124686 0.100454 0.111477 0.066507 0.041455 0.022578 0.076546 0.124174 0.135197 0.103182 0.111480 0.129828 0.099176 0.101802 0.112985 0.151970 0.154639 0.132932 0.137180 0.135964 0.135705 0.139116 0.150568 0.154506 0.107991 0.085800 0.101990
 816000.038758 5.702232 0.101351 0.118499 0.119351 0.086744 0.111657 0.070522 0.032511 0.021922 0.068010 0.120836 0.128403 0.104593 0.109924 0.132715 0.109732 0.107912 0.118787 0.151153 0.151152 0.142358 0.141535 0.137914 0.144395 0.134091 0.147963 0.145702 0.104208 0.087701 0.099911
 817000.038805 2.924240 0.095717 0.113170 0.119393 0.092767 0.109653 0.063341 0.037295 0.015699 0.069228 0.118387 0.130260 0.099610 0.104933 0.126828 0.105718 0.105409 0.112678 0.147123 0.149799 0.137002 0.141118 0.131693 0.140708 0.134372 0.149241 0.148549 0.103425 0.081014 0.098158
 818000.038853 3.665859 0.100024 0.117087 0.119363 0.089378 0.111430 0.068179 0.032771 0.017577 0.067829 0.120845 0.130002 0.101180 0.107351 0.129782 0.106185 0.104357 0.115060 0.149237 0.149589 0.139097 0.139244 0.135136 0.141733 0.132598 0.146793 0.145820 0.102382 0.084111 0.100111
 819000.038900 4.801064 0.101707 0.115417 0.116427 0.088702 0.111118 0.069214 0.030962 0.020115 0.065078 0.121461 0.129516 0.104257 0.111010 0.132474 0.107726 0.105485 0.117750 0.149495 0.149252 0.140116 0.138066 0.136038 0.141503 0.131845 0.147289 0.146609 0.105781 0.085972 0.102389
 820000.038948 4.949882 0.098885 0.114600 0.117006 0.089224 0.112601 0.068907 0.032889 0.020425 0.063791 0.121232 0.130823 0.100655 0.106932 0.130598 0.110345 0.107304 0.116401 0.148115 0.148509 0.142045 0.141536 0.133183 0.144248 0.130640 0.149043 0.146122 0.103116 0.080685 0.102707
