#! FIELDS time restraint.bias r0 r1 r2 r3 r4 r5 r6 r7 r8 r9 r10 r11 r12 r13 r14 r15 r16 r17 r18 r19 r20 r21 r22 r23 r24 r25 r26 r27 r28 r29 r30 r31 r32 r33 r34 r35 r36 r37 r38 r39 r40 r41 r42 r43 r44 r45 r46 r47 r48 r49 r50 r51 r52 r53 r54 r55 r56 r57 r58 r59
0.000000 0.000315 0.047817 0.000079 0.039245 0.055102 0.082164 0.040286 0.059577 0.073209 0.033877 0.091516 0.057678 0.120881 0.112283 0.112441 0.033614 0.031728 0.093636 0.060732 0.102517 0.058999 0.105313 0.128937 0.103786 0.096867 0.138971 0.142741 0.100446 0.151450 0.161408 0.117112 0.132626 0.078355 0.096476 0.107443 0.126719 0.115105 0.105861 0.130187 0.084866 0.080831 0.123769 0.151509 0.115707 0.107527 0.117894 0.100220 0.095486 0.091969 0.119961 0.141960 0.149113 0.103729 0.129956 0.110087 0.110933 0.112978 0.119075 0.068202 0.100255 0.086006
1000.000047 10.370440 0.042832 0.014402 0.030627 0.062164 0.086793 0.044721 0.055907 0.066411 0.028280 0.097063 0.050356 0.120726 0.114749 0.110326 0.026047 0.033549 0.088882 0.051436 0.105991 0.050977 0.111629 0.130961 0.105632 0.100677 0.140903 0.144486 0.101234 0.153343 0.163809 0.119966 0.135344 0.086767 0.105727 0.111818 0.130526 0.119037 0.113152 0.133042 0.088006 0.086675 0.125397 0.154532 0.124445 0.112249 0.126002 0.108012 0.102552 0.101277 0.122881 0.149164 0.152814 0.106255 0.135533 0.119655 0.116985 0.115789 0.116230 0.066683 0.109688 0.090752
2000.000095 6.030682 0.050893 0.010982 0.043536 0.053421 0.080040 0.037813 0.064661 0.078005 0.032914 0.090865 0.059099 0.122887 0.112783 0.116223 0.032919 0.032091 0.098278 0.061983 0.101538 0.062570 0.104893 0.132072 0.106015 0.098558 0.142278 0.146873 0.103827 0.155674 0.164964 0.120111 0.135559 0.076757 0.095263 0.109427 0.129714 0.116722 0.106081 0.133663 0.087037 0.080347 0.127586 0.154292 0.114200 0.108154 0.117810 0.098315 0.095687 0.089145 0.121053 0.142690 0.151036 0.107143 0.131000 0.109485 0.113398 0.115438 0.121208 0.072266 0.098323 0.086765
3000.000142 9.556726 0.051556 0.013825 0.038362 0.054098 0.079096 0.034610 0.065399 0.074785 0.026061 0.091799 0.052995 0.121661 0.113123 0.114674 0.030181 0.028836 0.096735 0.057170 0.101177 0.060896 0.107214 0.137494 0.111999 0.105226 0.147475 0.150149 0.108759 0.159586 0.167103 0.126187 0.140374 0.084837 0.101014 0.113618 0.128106 0.116780 0.110640 0.139196 0.094124 0.088852 0.130193 0.158043 0.118947 0.111331 0.121317 0.103561 0.101527 0.095323 0.119304 0.145375 0.155433 0.113472 0.131469 0.114841 0.116124 0.121129 0.119194 0.075022 0.103463 0.094544
4000.000190 3.450018 0.048235 0.008307 0.041446 0.053645 0.080321 0.040151 0.059337 0.074730 0.037195 0.089115 0.059441 0.118942 0.110003 0.111247 0.035527 0.033053 0.092812 0.063261 0.100458 0.059584 0.103209 0.126577 0.101620 0.095665 0.137289 0.141964 0.097962 0.150565 0.160011 0.115416 0.129875 0.076671 0.094571 0.107003 0.126704 0.114929 0.104574 0.129227 0.082620 0.079203 0.123627 0.149492 0.113469 0.107006 0.116101 0.099001 0.094630 0.089704 0.120065 0.140122 0.146694 0.101112 0.129307 0.107459 0.110672 0.110760 0.118125 0.066445 0.097558 0.084573
5000.000237 10.214557 0.057063 0.014293 0.046748 0.045403 0.072993 0.030069 0.068540 0.081185 0.034149 0.084540 0.059215 0.119779 0.109315 0.115232 0.040081 0.024810 0.099456 0.068001 0.097158 0.066940 0.100903 0.133770 0.109843 0.101842 0.143605 0.146898 0.106346 0.155525 0.163149 0.122128 0.136202 0.077888 0.092315 0.108950 0.122128 0.111228 0.102788 0.134336 0.090693 0.083762 0.127499 0.153805 0.110383 0.106451 0.112670 0.096741 0.095022 0.086568 0.114615 0.137471 0.150053 0.108812 0.124809 0.104541 0.109338 0.117267 0.120379 0.076007 0.093973 0.090403
6000.000285 7.158478 0.045979 0.011965 0.038107 0.059352 0.086335 0.045449 0.056211 0.071546 0.038179 0.094515 0.057778 0.120701 0.113805 0.111163 0.034333 0.036044 0.090285 0.060975 0.105813 0.056620 0.108702 0.126008 0.101083 0.095042 0.135583 0.140538 0.096479 0.148803 0.159829 0.114169 0.130225 0.079715 0.099442 0.107145 0.129473 0.117329 0.107843 0.127228 0.082138 0.080207 0.122225 0.149853 0.119338 0.108658 0.121214 0.103689 0.096863 0.095348 0.122923 0.144711 0.147868 0.100082 0.133449 0.112492 0.112390 0.110849 0.118949 0.064703 0.103885 0.084601
7000.000332 4.981447 0.049028 0.009981 0.036205 0.056242 0.082604 0.038551 0.062522 0.072329 0.026546 0.093698 0.052236 0.122520 0.114674 0.114343 0.030013 0.028367 0.094962 0.057024 0.103932 0.058186 0.108969 0.135200 0.109873 0.102701 0.145034 0.147359 0.106537 0.156837 0.165691 0.123246 0.138777 0.084041 0.101028 0.110846 0.126985 0.115390 0.109106 0.135912 0.091291 0.086459 0.127058 0.156615 0.119573 0.109715 0.121224 0.103641 0.099689 0.096182 0.118933 0.145342 0.154789 0.110472 0.131151 0.115141 0.113744 0.118619 0.119504 0.072709 0.104736 0.092050
8000.000380 5.666085 0.044169 0.010645 0.036236 0.058599 0.083964 0.043266 0.056668 0.070877 0.034669 0.093316 0.055806 0.119974 0.112564 0.110794 0.030598 0.035137 0.090247 0.057832 0.103427 0.055297 0.107481 0.126685 0.101052 0.095338 0.137412 0.141471 0.097431 0.150372 0.160250 0.115390 0.130819 0.078585 0.097343 0.106998 0.128076 0.115592 0.106412 0.129176 0.082461 0.079962 0.122498 0.150111 0.116902 0.107296 0.118874 0.101255 0.095870 0.092908 0.120938 0.142930 0.148222 0.101187 0.131180 0.111087 0.111879 0.110552 0.117621 0.064517 0.101587 0.084506
9000.000427 15.270874 0.048586 0.017476 0.031767 0.059079 0.083462 0.041337 0.061184 0.068195 0.020371 0.094710 0.045128 0.120617 0.114300 0.111987 0.028770 0.027697 0.091365 0.053085 0.104228 0.052954 0.111257 0.135404 0.110883 0.104587 0.144927 0.145971 0.106745 0.155929 0.164571 0.123604 0.139384 0.087901 0.104186 0.110514 0.124730 0.113413 0.109903 0.135698 0.092867 0.089045 0.125374 0.156202 0.122213 0.109026 0.122415 0.106021 0.101307 0.100499 0.116239 0.145945 0.155335 0.111060 0.130078 0.118254 0.113779 0.119087 0.115747 0.072479 0.108461 0.094340
10000.000475 2.560221 0.048602 0.007156 0.041504 0.053653 0.080754 0.040935 0.059803 0.074571 0.035586 0.089397 0.059298 0.119649 0.110508 0.111963 0.035986 0.030583 0.093355 0.063420 0.101270 0.058965 0.103781 0.127255 0.102570 0.096203 0.137347 0.142051 0.098883 0.150130 0.160356 0.115834 0.130970 0.076924 0.095007 0.107000 0.126425 0.114786 0.104431 0.128595 0.083352 0.079204 0.123525 0.150280 0.114107 0.107136 0.116692 0.099393 0.094493 0.090066 0.119650 0.140499 0.147112 0.101643 0.129156 0.107970 0.110458 0.111928 0.118354 0.067696 0.098285 0.084721
11000.000522 3.277033 0.044474 0.008096 0.035469 0.058809 0.084931 0.042494 0.057000 0.069538 0.033823 0.094577 0.055418 0.121190 0.113693 0.111099 0.031547 0.034511 0.091391 0.056658 0.104404 0.055848 0.107335 0.128326 0.102994 0.096254 0.138682 0.141256 0.100183 0.150665 0.160506 0.116533 0.132205 0.080464 0.098519 0.107068 0.126450 0.114953 0.107186 0.130161 0.084403 0.082218 0.122155 0.150951 0.117695 0.107669 0.119136 0.101416 0.096384 0.094980 0.120141 0.143141 0.149767 0.103314 0.130527 0.112674 0.110721 0.111695 0.118252 0.066727 0.103236 0.086394
12000.000570 6.629510 0.048605 0.011515 0.034051 0.056444 0.081652 0.038119 0.060816 0.070796 0.027753 0.093133 0.050331 0.120321 0.113395 0.111895 0.030201 0.030297 0.092091 0.055751 0.102990 0.057165 0.108707 0.133134 0.108157 0.101415 0.142707 0.145010 0.104181 0.154620 0.163362 0.121361 0.136748 0.083816 0.100720 0.109625 0.126006 0.114395 0.108762 0.134084 0.090243 0.086645 0.125102 0.154321 0.119671 0.108495 0.120699 0.103761 0.099252 0.096660 0.118071 0.144638 0.152886 0.108626 0.130545 0.114350 0.112842 0.116859 0.117565 0.070610 0.104711 0.091319
13000.000617 10.557343 0.040523 0.014531 0.027111 0.062353 0.086358 0.046487 0.051819 0.062373 0.028806 0.095211 0.047428 0.117125 0.111907 0.106194 0.027034 0.034491 0.084279 0.050420 0.103777 0.047915 0.109585 0.126871 0.101966 0.097297 0.137348 0.139530 0.097687 0.149557 0.158953 0.115679 0.131030 0.084873 0.102780 0.106910 0.125731 0.113971 0.108643 0.129527 0.084556 0.084245 0.120077 0.149504 0.121149 0.107521 0.121570 0.105371 0.098830 0.099807 0.118630 0.144409 0.149248 0.102541 0.130927 0.116527 0.112011 0.110896 0.112192 0.062477 0.107433 0.087979
14000.000665 4.735600 0.044339 0.009732 0.031888 0.059817 0.085502 0.042786 0.056874 0.067389 0.028962 0.095276 0.051221 0.120630 0.114252 0.110680 0.028445 0.032061 0.089965 0.054019 0.104836 0.053732 0.109804 0.130886 0.105661 0.099648 0.141009 0.143473 0.101701 0.153030 0.162686 0.119277 0.134927 0.084469 0.102391 0.109122 0.127035 0.115560 0.109575 0.132430 0.087573 0.085238 0.123663 0.153408 0.121143 0.109366 0.122219 0.105154 0.099525 0.098450 0.119914 0.145735 0.152390 0.106118 0.132026 0.116365 0.113147 0.114764 0.116880 0.067175 0.106693 0.089681
15000.000712 4.187157 0.045880 0.009151 0.035669 0.057997 0.084617 0.042963 0.056437 0.069599 0.035528 0.093563 0.055754 0.119992 0.113256 0.110150 0.033840 0.033430 0.090078 0.059062 0.104191 0.056748 0.107539 0.127414 0.102766 0.096193 0.137332 0.140340 0.098593 0.149250 0.159529 0.115642 0.131472 0.080716 0.098390 0.106250 0.124961 0.113794 0.106379 0.128487 0.084288 0.082278 0.121033 0.150159 0.117950 0.107255 0.118785 0.102573 0.096113 0.094994 0.119055 0.142521 0.148922 0.102157 0.129782 0.111650 0.109743 0.111524 0.117855 0.065629 0.102869 0.086314
16000.000760 8.090876 0.043129 0.012721 0.030791 0.059907 0.084509 0.042872 0.055533 0.066651 0.028743 0.094467 0.049886 0.118914 0.113005 0.109116 0.027083 0.031984 0.087848 0.053014 0.103820 0.051523 0.109786 0.128864 0.103892 0.098759 0.139076 0.142289 0.099104 0.151214 0.161376 0.117838 0.133318 0.084196 0.102392 0.109042 0.127147 0.115654 0.109669 0.130800 0.086112 0.084537 0.123035 0.152087 0.121273 0.109242 0.122260 0.105507 0.099647 0.098279 0.119801 0.145680 0.150611 0.104001 0.132084 0.115986 0.113883 0.113387 0.115192 0.065122 0.106345 0.088642
17000.000807 11.610409 0.039377 0.015238 0.029519 0.066308 0.092343 0.051286 0.049804 0.062962 0.036119 0.100098 0.053958 0.120805 0.116226 0.108190 0.029756 0.038355 0.085160 0.052965 0.109502 0.049042 0.113283 0.125620 0.100639 0.095689 0.134974 0.139188 0.095614 0.147439 0.159539 0.114159 0.130670 0.085738 0.106025 0.108428 0.130584 0.119250 0.112440 0.126879 0.082864 0.083853 0.120555 0.150412 0.125979 0.111476 0.126804 0.109490 0.100674 0.102991 0.124626 0.149313 0.149381 0.100433 0.136550 0.119771 0.114717 0.111335 0.116366 0.061325 0.111377 0.086567
18000.000855 9.423924 0.039049 0.013729 0.034472 0.064196 0.089517 0.046947 0.054150 0.068388 0.037772 0.099282 0.057661 0.123368 0.116383 0.111665 0.027230 0.041138 0.090780 0.052770 0.107352 0.054773 0.110225 0.126448 0.099374 0.093421 0.137574 0.141769 0.097469 0.151008 0.161676 0.114993 0.130914 0.080910 0.101435 0.109040 0.132985 0.120174 0.111142 0.130371 0.081537 0.081057 0.123288 0.151236 0.120840 0.110696 0.123408 0.103605 0.098622 0.096931 0.126105 0.147536 0.150185 0.101514 0.136294 0.116294 0.115083 0.109352 0.119734 0.063171 0.106170 0.084198
19000.000902 3.740843 0.046270 0.008650 0.034071 0.057463 0.083517 0.041273 0.057580 0.069228 0.030190 0.093431 0.052210 0.120340 0.113346 0.110860 0.030997 0.030733 0.090689 0.056793 0.103754 0.055090 0.108241 0.129942 0.105192 0.098788 0.140026 0.142380 0.101108 0.151768 0.161748 0.118133 0.134077 0.082684 0.100037 0.107812 0.124909 0.113836 0.107596 0.131030 0.086708 0.084184 0.122812 0.152452 0.119038 0.107880 0.119762 0.103167 0.097785 0.096601 0.118390 0.143704 0.151282 0.104797 0.129967 0.113700 0.111187 0.113767 0.117192 0.067453 0.104286 0.088687
20000.000950 3.675018 0.051803 0.008573 0.041201 0.051738 0.078803 0.037388 0.062907 0.075351 0.031316 0.088636 0.056783 0.119493 0.110703 0.112841 0.035377 0.026668 0.094869 0.063045 0.100403 0.060732 0.104495 0.131790 0.107493 0.100787 0.141256 0.145415 0.103078 0.153602 0.162911 0.120331 0.135090 0.080188 0.097160 0.109430 0.125863 0.114686 0.106161 0.132304 0.088691 0.083292 0.126226 0.153434 0.115772 0.108568 0.118106 0.101388 0.097073 0.091760 0.118271 0.141712 0.150076 0.106854 0.129141 0.109884 0.112148 0.116771 0.118204 0.071444 0.099679 0.089347
21000.000997 10.772229 0.045426 0.014678 0.029781 0.058092 0.082454 0.041831 0.055816 0.064981 0.026733 0.092054 0.046490 0.116238 0.110556 0.106859 0.030644 0.029370 0.086202 0.053423 0.101684 0.050708 0.107862 0.129269 0.105398 0.100020 0.138869 0.140475 0.100610 0.150219 0.159015 0.117982 0.133000 0.085435 0.101700 0.107199 0.122338 0.111667 0.107462 0.130449 0.087817 0.086417 0.120925 0.150371 0.119893 0.106875 0.119818 0.104767 0.098695 0.098958 0.115195 0.142536 0.149631 0.105005 0.128064 0.114774 0.110627 0.113728 0.112251 0.066729 0.105977 0.090558
22000.001045 7.610052 0.047193 0.012337 0.031846 0.057897 0.082771 0.040460 0.058163 0.068140 0.027149 0.093091 0.048477 0.118502 0.112576 0.109670 0.029088 0.030732 0.089100 0.054611 0.102840 0.054480 0.109197 0.131137 0.106565 0.100508 0.140649 0.143039 0.101574 0.152622 0.161632 0.119481 0.134994 0.084291 0.101556 0.108473 0.125412 0.113819 0.108518 0.132115 0.088811 0.085898 0.123262 0.152558 0.120452 0.107879 0.121048 0.104836 0.099163 0.097861 0.117671 0.144456 0.151428 0.106717 0.130401 0.114998 0.112593 0.115467 0.115212 0.067813 0.105596 0.090522
23000.001092 4.882598 0.048799 0.009882 0.035315 0.056143 0.082894 0.040391 0.060165 0.070727 0.027309 0.092983 0.050787 0.121289 0.113848 0.112689 0.031857 0.027530 0.092574 0.057934 0.104018 0.056079 0.108686 0.132052 0.107493 0.100210 0.141445 0.143570 0.103640 0.153021 0.162979 0.119572 0.136243 0.082795 0.099966 0.107657 0.124273 0.112787 0.106747 0.131747 0.088695 0.084576 0.123466 0.153893 0.118969 0.107188 0.119633 0.102889 0.097436 0.096480 0.116872 0.143693 0.152569 0.106940 0.129245 0.113782 0.110784 0.115745 0.117961 0.070610 0.104446 0.089751
24000.001140 3.267956 0.051021 0.008084 0.040597 0.053594 0.080874 0.039245 0.061529 0.074420 0.032901 0.090011 0.056683 0.119779 0.111576 0.112468 0.034929 0.029591 0.093880 0.062814 0.101803 0.060265 0.105502 0.130506 0.106136 0.099373 0.139965 0.144039 0.101489 0.152627 0.162106 0.118710 0.133933 0.079669 0.097412 0.108245 0.126480 0.114871 0.106084 0.131120 0.087136 0.082119 0.124857 0.152349 0.116299 0.107892 0.118463 0.101482 0.096581 0.092489 0.119205 0.142134 0.149616 0.105411 0.129913 0.110387 0.111724 0.115331 0.118376 0.069743 0.100510 0.088127
25000.001187 9.098445 0.045885 0.013490 0.032342 0.059525 0.084891 0.042617 0.058621 0.067750 0.027256 0.095201 0.050099 0.120598 0.114146 0.110926 0.030714 0.029695 0.090566 0.054656 0.105135 0.052971 0.110031 0.132505 0.108012 0.101795 0.142280 0.143945 0.104155 0.153141 0.162513 0.121119 0.136308 0.086010 0.102754 0.109787 0.125314 0.114561 0.109502 0.133269 0.089679 0.087082 0.124044 0.154230 0.121226 0.109550 0.121883 0.105285 0.100077 0.098931 0.118243 0.145248 0.152917 0.107710 0.130591 0.116531 0.112622 0.116544 0.116708 0.070056 0.107242 0.091818
26000.001235 17.755114 0.050114 0.018844 0.031222 0.058226 0.082119 0.038473 0.062660 0.069177 0.020623 0.094563 0.043649 0.120799 0.114911 0.112554 0.028742 0.028213 0.091903 0.052631 0.103744 0.055562 0.111902 0.137251 0.112567 0.105857 0.146843 0.147223 0.108341 0.157829 0.165499 0.125287 0.141062 0.088907 0.104327 0.111003 0.123750 0.112313 0.110144 0.137624 0.095068 0.091234 0.126109 0.157325 0.122451 0.108786 0.122109 0.106393 0.102090 0.100773 0.115001 0.145988 0.157044 0.113143 0.129569 0.118205 0.113574 0.120245 0.116502 0.073609 0.108548 0.096124
27000.001282 4.117080 0.045864 0.009074 0.037424 0.055876 0.081746 0.039389 0.058837 0.072362 0.033085 0.091960 0.055241 0.120386 0.112348 0.111864 0.030175 0.032769 0.092427 0.058075 0.101937 0.057855 0.106171 0.128361 0.102618 0.096279 0.139088 0.142993 0.099375 0.152182 0.161825 0.116799 0.132245 0.078924 0.097265 0.107820 0.127607 0.115198 0.106615 0.130956 0.084194 0.080882 0.123909 0.151454 0.116130 0.107560 0.118335 0.100488 0.096374 0.092296 0.120093 0.142823 0.149562 0.103214 0.130806 0.110967 0.112155 0.111517 0.118292 0.066583 0.100668 0.085784
28000.001330 8.836270 0.043910 0.013294 0.033776 0.061127 0.085587 0.041689 0.059417 0.070250 0.028160 0.096822 0.051037 0.122752 0.115690 0.113327 0.023167 0.036190 0.092907 0.052062 0.105040 0.055220 0.110453 0.131326 0.104648 0.098248 0.142282 0.145012 0.102063 0.155050 0.164120 0.119518 0.135243 0.081647 0.100767 0.109431 0.130456 0.117076 0.109652 0.134415 0.086270 0.082449 0.125316 0.153888 0.119478 0.108645 0.121513 0.102077 0.098871 0.095707 0.121924 0.146468 0.152975 0.106654 0.133439 0.116061 0.115139 0.113339 0.118814 0.067811 0.105066 0.087904
29000.001377 5.038102 0.044159 0.010038 0.037661 0.058566 0.083479 0.041678 0.058604 0.072245 0.032762 0.093530 0.055721 0.121071 0.112960 0.112297 0.027885 0.036066 0.092572 0.056766 0.102918 0.056348 0.106851 0.127204 0.100910 0.094724 0.138334 0.142222 0.098215 0.151446 0.160869 0.115727 0.131154 0.076524 0.095955 0.106901 0.129216 0.115937 0.105941 0.130358 0.081925 0.077924 0.123320 0.150286 0.115106 0.106525 0.117761 0.098575 0.094992 0.090728 0.121408 0.142510 0.148378 0.101964 0.131072 0.110640 0.112442 0.110016 0.118395 0.065506 0.100046 0.083484
30000.001425 7.422014 0.048345 0.012184 0.035126 0.058636 0.084849 0.040196 0.062511 0.071636 0.025559 0.095942 0.050213 0.123914 0.116577 0.115372 0.027590 0.030927 0.095051 0.055040 0.105752 0.057579 0.111030 0.134909 0.109056 0.101213 0.144634 0.146587 0.106247 0.156724 0.165764 0.122193 0.138927 0.083206 0.101162 0.109235 0.127912 0.114945 0.108576 0.135298 0.090439 0.084951 0.125780 0.156296 0.120109 0.108186 0.121563 0.103079 0.098649 0.096635 0.119092 0.146219 0.155386 0.110233 0.131787 0.116152 0.113389 0.117440 0.120111 0.072418 0.105899 0.090703
31000.001472 8.750332 0.045575 0.013229 0.033238 0.059622 0.084041 0.040437 0.060063 0.069836 0.025689 0.095469 0.049338 0.122104 0.115046 0.113016 0.025168 0.033434 0.092595 0.052812 0.104265 0.054600 0.110155 0.132751 0.106831 0.100282 0.143649 0.144992 0.103965 0.155465 0.163983 0.120858 0.136700 0.082799 0.100315 0.108835 0.126901 0.114450 0.108404 0.134875 0.088243 0.084397 0.124739 0.154380 0.118961 0.107577 0.120048 0.101951 0.098458 0.096288 0.118901 0.144887 0.153803 0.107972 0.130713 0.115404 0.113148 0.114965 0.117964 0.069358 0.104918 0.089736
32000.001520 3.953424 0.048335 0.008892 0.040320 0.055389 0.082790 0.041068 0.059746 0.074289 0.035317 0.091896 0.057986 0.121293 0.113117 0.113149 0.033731 0.031908 0.093678 0.061914 0.103349 0.059820 0.106641 0.128051 0.102902 0.095865 0.137723 0.142580 0.098874 0.150713 0.161668 0.115957 0.132316 0.077878 0.096988 0.107309 0.128130 0.115800 0.106055 0.128779 0.083959 0.079590 0.123696 0.151533 0.116570 0.107753 0.118879 0.101087 0.095633 0.091867 0.120864 0.143126 0.148939 0.102467 0.131380 0.110269 0.111789 0.112289 0.119835 0.067529 0.100570 0.084883
33000.001567 5.637089 0.044774 0.010618 0.036851 0.058043 0.084040 0.042447 0.056975 0.071374 0.034461 0.093647 0.055939 0.120844 0.113256 0.111526 0.030545 0.034030 0.091271 0.057783 0.103710 0.056736 0.107777 0.127514 0.101812 0.096078 0.137921 0.142894 0.097987 0.151487 0.162352 0.116048 0.131837 0.080699 0.100220 0.109156 0.130035 0.117685 0.109048 0.130112 0.083702 0.081510 0.124388 0.151914 0.119185 0.109770 0.121551 0.103409 0.098424 0.095121 0.122689 0.145505 0.149826 0.102203 0.133836 0.113582 0.114188 0.111462 0.118372 0.065134 0.103532 0.085864
34000.001615 5.513410 0.049193 0.010501 0.036215 0.056754 0.084240 0.043718 0.057744 0.069925 0.033279 0.092668 0.053921 0.119793 0.113033 0.110473 0.037042 0.028837 0.090143 0.061489 0.104859 0.056016 0.108373 0.129278 0.105858 0.099305 0.138170 0.141047 0.100635 0.149569 0.160602 0.117200 0.133484 0.083609 0.100781 0.107209 0.123507 0.113267 0.107016 0.128533 0.087055 0.084784 0.121808 0.151874 0.120130 0.108065 0.120348 0.105028 0.097718 0.097939 0.117736 0.143459 0.150259 0.103747 0.129651 0.113311 0.109848 0.114495 0.117428 0.068401 0.105193 0.089137
35000.001662 4.331283 0.044194 0.009307 0.035510 0.057278 0.083174 0.042140 0.055663 0.070004 0.034991 0.092578 0.055958 0.119318 0.111933 0.109791 0.031641 0.033246 0.089657 0.057712 0.102703 0.055501 0.106775 0.127108 0.101841 0.096523 0.137510 0.141957 0.097733 0.150447 0.161022 0.116058 0.131214 0.081362 0.099724 0.108829 0.127865 0.116674 0.108644 0.129592 0.083851 0.082732 0.123489 0.151039 0.118857 0.109535 0.120670 0.103739 0.098200 0.095475 0.121330 0.144224 0.148905 0.101844 0.132216 0.112709 0.113050 0.111660 0.117158 0.064601 0.103147 0.086444
36000.001710 5.534394 0.041521 0.010521 0.036280 0.060403 0.085873 0.045942 0.053897 0.069524 0.035913 0.094161 0.056519 0.119859 0.112381 0.109912 0.029748 0.037377 0.089011 0.057167 0.104022 0.053078 0.107215 0.123691 0.097787 0.092673 0.134768 0.139430 0.094410 0.148323 0.158846 0.112357 0.128080 0.077518 0.097669 0.106027 0.129545 0.116759 0.106588 0.126995 0.078875 0.077255 0.121199 0.148119 0.116964 0.107146 0.119279 0.100865 0.095315 0.093409 0.122705 0.143181 0.146451 0.097977 0.132338 0.111692 0.112211 0.107507 0.116859 0.061550 0.102075 0.081876
37000.001757 4.452698 0.044468 0.009437 0.036797 0.059450 0.085158 0.041957 0.058085 0.071928 0.035931 0.095697 0.057919 0.122538 0.114782 0.112621 0.030194 0.037009 0.092961 0.056867 0.104979 0.057842 0.108353 0.129859 0.103617 0.097772 0.140761 0.144856 0.100659 0.153801 0.163777 0.118764 0.133566 0.081763 0.100709 0.111108 0.131262 0.119554 0.111036 0.133211 0.085484 0.083774 0.126303 0.153665 0.119880 0.111543 0.122413 0.103705 0.099756 0.095822 0.124544 0.146644 0.151677 0.104709 0.134912 0.114699 0.115366 0.113431 0.120343 0.066867 0.104375 0.087782
38000.001805 5.064517 0.043341 0.010064 0.032157 0.060674 0.086484 0.045357 0.054241 0.066670 0.032277 0.095075 0.052347 0.119359 0.113432 0.109078 0.029537 0.034090 0.087614 0.055222 0.105148 0.052544 0.109532 0.126466 0.101553 0.095509 0.136010 0.139475 0.096879 0.148370 0.159034 0.114590 0.131076 0.081202 0.100310 0.106020 0.127097 0.115011 0.107443 0.127352 0.083301 0.081341 0.120267 0.149591 0.120059 0.107167 0.121059 0.103992 0.096680 0.096882 0.120175 0.144338 0.148362 0.101394 0.131597 0.114087 0.111468 0.111201 0.115926 0.063672 0.105256 0.085364
39000.001852 7.327974 0.048597 0.012106 0.041650 0.056019 0.081888 0.037494 0.063282 0.077143 0.036241 0.093709 0.059818 0.123949 0.114801 0.115937 0.031648 0.036552 0.097646 0.059611 0.103110 0.063447 0.106631 0.131928 0.105186 0.097887 0.142716 0.147079 0.103167 0.156042 0.165393 0.120311 0.135307 0.078677 0.097203 0.111012 0.131305 0.118676 0.109040 0.134919 0.086922 0.082429 0.128209 0.154772 0.116349 0.110125 0.119618 0.100119 0.097987 0.091144 0.123435 0.144872 0.152271 0.107067 0.133398 0.111385 0.114915 0.114402 0.122812 0.070688 0.100299 0.087433
40000.001900 6.822163 0.048240 0.011681 0.034773 0.057294 0.082679 0.037538 0.062376 0.071561 0.025525 0.094561 0.050222 0.122289 0.115003 0.113861 0.027687 0.030180 0.094398 0.054768 0.103969 0.057658 0.109502 0.134905 0.109370 0.102145 0.144904 0.146747 0.106196 0.156680 0.165049 0.122945 0.138358 0.083952 0.101062 0.110431 0.127133 0.115016 0.109295 0.136223 0.090976 0.086353 0.126446 0.155952 0.119514 0.109064 0.120983 0.102979 0.099701 0.096201 0.118779 0.145463 0.154705 0.110327 0.131179 0.115507 0.113744 0.117603 0.119001 0.072126 0.104999 0.091927
41000.001947 8.103591 0.046191 0.012731 0.031348 0.058034 0.082781 0.041003 0.058197 0.067179 0.025451 0.093072 0.048085 0.118454 0.112142 0.109455 0.029030 0.029103 0.089200 0.053979 0.102622 0.052832 0.108574 0.131980 0.107476 0.101622 0.141991 0.143615 0.103358 0.153511 0.161701 0.120655 0.135488 0.085121 0.101549 0.108762 0.124382 0.112994 0.108081 0.133476 0.089498 0.086611 0.123410 0.152958 0.119719 0.108078 0.120420 0.104315 0.099212 0.097776 0.116647 0.143630 0.151980 0.107682 0.129239 0.115234 0.112008 0.115932 0.114503 0.068766 0.105569 0.091588
42000.001995 5.092277 0.046322 0.010092 0.035649 0.056232 0.080858 0.037882 0.060030 0.071566 0.028613 0.092261 0.052441 0.120264 0.112346 0.111908 0.027830 0.032067 0.092661 0.055409 0.101443 0.056605 0.106645 0.130873 0.105192 0.098869 0.141670 0.144329 0.102193 0.154009 0.162562 0.119492 0.134462 0.080388 0.097762 0.108689 0.126622 0.114473 0.107139 0.133466 0.086884 0.083089 0.124785 0.152709 0.116404 0.107493 0.118237 0.100345 0.097238 0.093104 0.118751 0.142797 0.151050 0.106215 0.129740 0.112022 0.112545 0.113824 0.117346 0.068507 0.101376 0.088284
43000.002042 7.203189 0.055988 0.012003 0.045478 0.047024 0.073770 0.030186 0.068668 0.080443 0.031528 0.086044 0.058641 0.120776 0.109814 0.115783 0.037744 0.026702 0.100242 0.065191 0.097317 0.066394 0.101219 0.136179 0.111362 0.103847 0.146562 0.149592 0.108784 0.158894 0.165568 0.124829 0.138122 0.080048 0.094711 0.111686 0.124814 0.113932 0.105741 0.138037 0.092677 0.085982 0.130212 0.155997 0.112077 0.108717 0.115093 0.097998 0.097531 0.088694 0.116866 0.139666 0.152319 0.111828 0.127123 0.107591 0.112161 0.119372 0.120491 0.076917 0.096130 0.092569
44000.002090 10.064620 0.041415 0.014188 0.032008 0.064385 0.090641 0.047954 0.054184 0.066662 0.035519 0.099990 0.054705 0.123334 0.117377 0.111513 0.029305 0.038039 0.089566 0.053149 0.109161 0.053388 0.112556 0.128390 0.102452 0.096149 0.137993 0.141838 0.099284 0.150721 0.162166 0.116398 0.133156 0.084374 0.104412 0.109228 0.131381 0.119246 0.112033 0.129894 0.084752 0.084141 0.122761 0.152657 0.124255 0.111205 0.125705 0.107148 0.100151 0.100794 0.124517 0.149233 0.151741 0.103449 0.136420 0.118745 0.114768 0.112478 0.119327 0.065271 0.109768 0.087120
45000.002137 5.005811 0.041651 0.010006 0.035852 0.061566 0.087673 0.046427 0.054841 0.069792 0.035101 0.096620 0.056328 0.123147 0.115623 0.112518 0.029002 0.037595 0.091025 0.056457 0.106485 0.053964 0.109672 0.125677 0.099288 0.092879 0.136756 0.140110 0.096692 0.149477 0.160877 0.113361 0.130868 0.077858 0.097998 0.105513 0.128765 0.115999 0.106615 0.127643 0.079987 0.077871 0.120984 0.150385 0.118076 0.106719 0.119578 0.100848 0.094946 0.094529 0.122333 0.144463 0.149536 0.099619 0.132314 0.112892 0.111319 0.108439 0.119539 0.063283 0.103394 0.082064
46000.002185 5.681173 0.046848 0.010659 0.034387 0.058420 0.084672 0.040801 0.060802 0.070734 0.025890 0.095473 0.050326 0.123332 0.115981 0.114413 0.028034 0.030269 0.093855 0.055156 0.105507 0.056048 0.110447 0.133077 0.107443 0.099681 0.142916 0.144671 0.104621 0.154491 0.164093 0.120396 0.137350 0.082044 0.099804 0.107777 0.126143 0.113615 0.107170 0.133229 0.088505 0.083561 0.124043 0.154801 0.118996 0.106972 0.119974 0.101972 0.097237 0.095733 0.118018 0.144754 0.153886 0.108063 0.130234 0.114657 0.111678 0.115573 0.119545 0.070964 0.104837 0.089049
47000.002232 11.820927 0.051992 0.015376 0.032727 0.055591 0.081225 0.039975 0.060717 0.068429 0.025700 0.091249 0.046841 0.117706 0.112032 0.109601 0.035369 0.024988 0.089491 0.058234 0.102476 0.055906 0.109197 0.134347 0.111356 0.104636 0.142972 0.143477 0.105629 0.153257 0.161289 0.122390 0.137926 0.087570 0.102051 0.108157 0.119489 0.109704 0.106994 0.133047 0.093484 0.090164 0.122812 0.153829 0.120677 0.107000 0.119628 0.106211 0.099438 0.099732 0.112530 0.142254 0.153008 0.110053 0.126266 0.114579 0.109526 0.119307 0.114675 0.072117 0.106384 0.094748
48000.002280 6.695694 0.042195 0.011572 0.035184 0.060365 0.085924 0.043981 0.056258 0.070100 0.033560 0.095463 0.054720 0.121747 0.114382 0.112021 0.026761 0.036340 0.090985 0.055143 0.104755 0.054571 0.109051 0.127370 0.100844 0.095041 0.138420 0.142596 0.097945 0.151971 0.162209 0.115706 0.131826 0.079616 0.099441 0.107884 0.130430 0.117258 0.108262 0.130449 0.082360 0.079905 0.123439 0.151510 0.118670 0.108398 0.120976 0.102204 0.097198 0.094710 0.122702 0.145402 0.150149 0.102038 0.133539 0.113944 0.113873 0.110376 0.118491 0.064312 0.103689 0.084533
49000.002327 9.430738 0.048087 0.013734 0.034372 0.057954 0.082970 0.040120 0.061159 0.070506 0.026143 0.093948 0.050454 0.120611 0.113999 0.112232 0.029691 0.028515 0.092071 0.055976 0.104139 0.055411 0.110160 0.133589 0.108867 0.102660 0.143111 0.145802 0.104249 0.154601 0.163893 0.122265 0.137489 0.085007 0.102278 0.110866 0.127003 0.115505 0.109758 0.134166 0.090572 0.086647 0.125882 0.155357 0.121016 0.109973 0.122289 0.105285 0.100474 0.097281 0.118875 0.145862 0.153260 0.108614 0.131544 0.115867 0.114377 0.117988 0.117441 0.070892 0.106020 0.091900
50000.002375 22.911684 0.050582 0.021406 0.037847 0.061097 0.084682 0.039241 0.067581 0.075091 0.021496 0.098066 0.047249 0.126326 0.118851 0.118902 0.023811 0.034797 0.098538 0.052866 0.106575 0.059195 0.113744 0.137702 0.110951 0.102797 0.147906 0.149428 0.108952 0.160204 0.168388 0.124821 0.141820 0.083186 0.101753 0.110883 0.131019 0.116101 0.109826 0.138894 0.092260 0.084729 0.128481 0.158512 0.120148 0.107890 0.122106 0.101461 0.099942 0.095844 0.120083 0.148097 0.157888 0.113092 0.133310 0.117846 0.116468 0.118370 0.121748 0.075723 0.106505 0.091776
51000.002422 3.076423 0.047046 0.007844 0.035828 0.057895 0.084246 0.041228 0.059908 0.071073 0.028724 0.094503 0.053460 0.122156 0.114591 0.113182 0.030245 0.030788 0.093284 0.056868 0.104884 0.056368 0.108960 0.131784 0.106580 0.099507 0.141321 0.144196 0.103066 0.153052 0.163143 0.119729 0.135826 0.081803 0.099998 0.108870 0.127396 0.115693 0.108260 0.132132 0.087752 0.083480 0.124574 0.153963 0.119244 0.108629 0.120826 0.102767 0.097899 0.095593 0.119935 0.144879 0.152045 0.106736 0.131331 0.114203 0.112711 0.115710 0.118998 0.069966 0.104440 0.088745
52000.002470 10.840865 0.056318 0.014725 0.042450 0.047564 0.074026 0.031443 0.066583 0.077355 0.029673 0.085333 0.053810 0.117518 0.108860 0.112619 0.037433 0.023483 0.095704 0.064399 0.097344 0.063658 0.103283 0.134600 0.111010 0.103946 0.143721 0.146974 0.106049 0.155964 0.163285 0.123062 0.137173 0.081999 0.096948 0.110084 0.122979 0.112043 0.105521 0.134903 0.092740 0.086745 0.127450 0.154280 0.114826 0.107633 0.116558 0.101224 0.098011 0.091720 0.114595 0.140187 0.151137 0.110231 0.126766 0.108872 0.111551 0.119220 0.116985 0.074804 0.098681 0.092962
53000.002517 6.392159 0.049842 0.011307 0.035447 0.054642 0.080157 0.037299 0.061632 0.071816 0.026459 0.091226 0.050375 0.119567 0.112327 0.111922 0.031197 0.026981 0.092483 0.057783 0.101759 0.057401 0.107929 0.133572 0.108981 0.102770 0.143398 0.146059 0.104313 0.155335 0.164113 0.122128 0.137140 0.084463 0.100978 0.110530 0.125349 0.114192 0.108636 0.134589 0.090845 0.086890 0.126226 0.155078 0.119346 0.109126 0.120486 0.104231 0.099960 0.096349 0.117459 0.144279 0.153111 0.108781 0.130119 0.114090 0.113386 0.117661 0.117070 0.070987 0.104061 0.092205
54000.002565 8.330139 0.046960 0.012907 0.032381 0.058119 0.083939 0.042105 0.057620 0.067689 0.028001 0.093914 0.049672 0.119619 0.113487 0.110085 0.031565 0.028061 0.089387 0.055996 0.104428 0.053588 0.109783 0.131301 0.107247 0.101173 0.140590 0.143035 0.102295 0.152025 0.162307 0.119665 0.135571 0.086019 0.103103 0.109215 0.124610 0.113977 0.109312 0.131538 0.089182 0.086995 0.123259 0.153707 0.121827 0.109355 0.122143 0.106234 0.100112 0.099555 0.117699 0.145334 0.152358 0.106347 0.130675 0.116212 0.112319 0.116010 0.115989 0.068624 0.107166 0.091324
55000.002612 5.150381 0.052441 0.010149 0.040228 0.051608 0.078866 0.035206 0.063822 0.075711 0.030623 0.089503 0.054342 0.120613 0.112328 0.113983 0.034503 0.026994 0.095445 0.062212 0.101183 0.061846 0.106115 0.132858 0.108225 0.100683 0.142257 0.145501 0.103950 0.154467 0.163707 0.120618 0.136352 0.080711 0.097434 0.108696 0.124833 0.113287 0.105994 0.132893 0.089455 0.084018 0.125823 0.154186 0.116317 0.107352 0.117831 0.101303 0.097102 0.092590 0.117050 0.142261 0.151832 0.107710 0.128879 0.110400 0.111380 0.116542 0.119500 0.072249 0.100550 0.089815
56000.002660 8.876086 0.056803 0.013324 0.044785 0.046988 0.074331 0.030178 0.068692 0.080488 0.031405 0.086476 0.057383 0.120976 0.111088 0.116190 0.037524 0.024609 0.099603 0.065746 0.098412 0.066769 0.103743 0.136870 0.112230 0.104695 0.146756 0.150321 0.108307 0.159224 0.167085 0.125201 0.139601 0.081756 0.096906 0.112300 0.125260 0.114273 0.106901 0.137575 0.093710 0.087101 0.130559 0.157583 0.114875 0.109639 0.117332 0.101027 0.099007 0.090780 0.117034 0.141866 0.154043 0.112094 0.128668 0.109260 0.113280 0.120571 0.121003 0.076638 0.098169 0.093390
57000.002707 6.292439 0.051185 0.011218 0.036182 0.053431 0.079703 0.036941 0.062197 0.072145 0.027100 0.090413 0.050541 0.119386 0.112078 0.111965 0.033627 0.025075 0.092726 0.059542 0.101703 0.058207 0.107378 0.133666 0.109620 0.102691 0.143079 0.145088 0.104998 0.154462 0.162936 0.121836 0.137113 0.083921 0.099603 0.108994 0.122823 0.111932 0.106680 0.133690 0.091196 0.086849 0.124927 0.154378 0.118131 0.107612 0.118745 0.103282 0.098457 0.095555 0.115258 0.142446 0.152589 0.108828 0.127909 0.112518 0.110940 0.117725 0.117185 0.072066 0.103138 0.092198
58000.002755 6.057055 0.046370 0.011006 0.036630 0.055468 0.080131 0.038048 0.059494 0.071498 0.030487 0.091076 0.053417 0.118848 0.110924 0.110586 0.030310 0.031268 0.091643 0.057063 0.100893 0.055874 0.105349 0.129050 0.104105 0.098062 0.139577 0.142601 0.100734 0.151700 0.160423 0.118044 0.132511 0.079632 0.096872 0.107970 0.125755 0.114000 0.106253 0.131526 0.085545 0.082250 0.123628 0.150895 0.115418 0.107124 0.117328 0.099768 0.096425 0.092208 0.118280 0.141455 0.148771 0.104160 0.128836 0.110571 0.111542 0.112683 0.116383 0.067959 0.100411 0.087394
59000.002802 5.089480 0.045967 0.010089 0.037554 0.058898 0.086188 0.044646 0.057548 0.070949 0.033539 0.094478 0.055290 0.121874 0.114543 0.112622 0.031964 0.032972 0.091762 0.059104 0.105725 0.056095 0.108914 0.126566 0.101408 0.093945 0.135733 0.139805 0.097604 0.148343 0.159843 0.113730 0.131511 0.077892 0.097903 0.104799 0.127675 0.114749 0.105349 0.126224 0.082180 0.077995 0.120637 0.149981 0.117891 0.105913 0.119525 0.101317 0.094322 0.093855 0.120280 0.143550 0.148362 0.100884 0.131225 0.112004 0.110442 0.110638 0.118903 0.066210 0.103058 0.083064
60000.002850 8.167757 0.042914 0.012781 0.030955 0.060805 0.085229 0.042181 0.057239 0.067743 0.027519 0.096364 0.050219 0.121351 0.114865 0.111291 0.024908 0.033263 0.090370 0.051469 0.104949 0.052536 0.110749 0.131744 0.105907 0.100527 0.142550 0.145191 0.102377 0.154708 0.164365 0.120657 0.135921 0.085339 0.103492 0.111169 0.128917 0.117220 0.111506 0.134454 0.088068 0.086187 0.125548 0.154945 0.122090 0.110901 0.123446 0.105589 0.101289 0.099001 0.121323 0.147505 0.153708 0.106948 0.133606 0.117831 0.115578 0.115148 0.117207 0.067335 0.107449 0.090521
61000.002897 10.634983 0.037825 0.014584 0.027540 0.067058 0.092217 0.050454 0.050617 0.062043 0.032878 0.100986 0.051290 0.121694 0.116833 0.108855 0.026773 0.039480 0.086036 0.049498 0.109355 0.048065 0.113243 0.126871 0.101133 0.095513 0.137116 0.139262 0.097925 0.149023 0.159999 0.114943 0.131698 0.084657 0.104416 0.106978 0.129102 0.117029 0.110803 0.128731 0.083056 0.083252 0.119749 0.150664 0.124018 0.109107 0.124475 0.106424 0.099110 0.101844 0.122830 0.147898 0.150918 0.101956 0.134465 0.119315 0.112839 0.110409 0.116231 0.062376 0.110637 0.086415
62000.002945 5.261484 0.047596 0.010258 0.034857 0.057033 0.083162 0.039718 0.060451 0.071378 0.027497 0.093979 0.051251 0.122156 0.114790 0.113624 0.028699 0.030071 0.093243 0.056197 0.104097 0.056920 0.109618 0.132759 0.107230 0.100113 0.142685 0.145207 0.103663 0.154782 0.164458 0.120465 0.136989 0.082504 0.100135 0.108797 0.126539 0.114419 0.107954 0.133361 0.088744 0.084461 0.124964 0.154908 0.119373 0.108010 0.120480 0.103099 0.098181 0.095967 0.118564 0.145007 0.153582 0.107766 0.130861 0.114344 0.112698 0.115963 0.118983 0.070073 0.104395 0.089528
63000.002992 4.311858 0.050428 0.009286 0.040984 0.052466 0.078999 0.035030 0.063584 0.076705 0.032456 0.090496 0.056642 0.122023 0.112891 0.114919 0.032856 0.030130 0.096536 0.061404 0.101418 0.061793 0.105653 0.132099 0.106601 0.099402 0.142601 0.146171 0.103453 0.155179 0.164583 0.120320 0.135696 0.079119 0.096435 0.109593 0.126990 0.115093 0.106668 0.133749 0.087696 0.082810 0.126886 0.154509 0.115351 0.108259 0.117644 0.099763 0.097013 0.091084 0.119410 0.142777 0.151964 0.106697 0.130151 0.110011 0.112509 0.115050 0.120887 0.071349 0.099386 0.088353
64000.003040 14.242650 0.042516 0.016878 0.027890 0.064145 0.087737 0.044975 0.055473 0.063667 0.028608 0.098304 0.048195 0.119527 0.114501 0.108465 0.025652 0.037177 0.087507 0.047704 0.105742 0.051013 0.111384 0.131099 0.105724 0.100448 0.140759 0.143045 0.101989 0.152938 0.161924 0.119966 0.134712 0.087782 0.106272 0.110898 0.129964 0.118219 0.113436 0.133725 0.089001 0.088121 0.123785 0.152882 0.124591 0.111300 0.125817 0.107839 0.102597 0.102502 0.122102 0.148557 0.152289 0.107606 0.134923 0.120574 0.116134 0.115278 0.114553 0.066809 0.110825 0.091808
65000.003087 6.884200 0.043091 0.011734 0.037270 0.059706 0.084651 0.044769 0.055167 0.071159 0.036268 0.093822 0.057615 0.120067 0.112413 0.110455 0.029713 0.037459 0.089987 0.057567 0.103434 0.055132 0.107404 0.124887 0.098879 0.094127 0.135823 0.141417 0.094800 0.149605 0.160625 0.113968 0.129428 0.078640 0.098928 0.108653 0.131418 0.118997 0.108861 0.128369 0.080663 0.079129 0.123683 0.149919 0.118349 0.109445 0.121030 0.102506 0.097480 0.093985 0.124424 0.144916 0.147376 0.099372 0.134266 0.112485 0.114816 0.109454 0.117579 0.062211 0.102361 0.083289
66000.003135 6.630461 0.050974 0.011516 0.038207 0.053725 0.081203 0.038703 0.061502 0.072981 0.033240 0.091497 0.055106 0.121056 0.113096 0.112705 0.036997 0.027666 0.093840 0.061383 0.102987 0.060451 0.106794 0.132617 0.108390 0.101030 0.141868 0.144622 0.104538 0.153573 0.163485 0.120574 0.136249 0.084028 0.100068 0.109450 0.123860 0.113560 0.107737 0.132683 0.090229 0.087106 0.125029 0.154542 0.118839 0.109183 0.119709 0.103991 0.098733 0.096344 0.117310 0.143338 0.152700 0.107718 0.129441 0.112644 0.110824 0.116662 0.119388 0.071983 0.103602 0.091338
67000.003182 3.198876 0.050510 0.007999 0.040736 0.051324 0.078410 0.036953 0.061552 0.075162 0.034529 0.088727 0.058287 0.119800 0.110593 0.112388 0.036396 0.028655 0.094554 0.062661 0.100023 0.061458 0.103616 0.131161 0.106412 0.099832 0.141215 0.145191 0.102822 0.153687 0.163247 0.119834 0.134450 0.080819 0.097210 0.109997 0.125538 0.115078 0.106974 0.132601 0.088168 0.084667 0.126301 0.153525 0.115848 0.109361 0.118008 0.101639 0.097662 0.092461 0.118841 0.141812 0.150467 0.106219 0.129456 0.109630 0.111839 0.115545 0.118967 0.070570 0.099610 0.089325
68000.003230 6.032568 0.043947 0.010984 0.033279 0.059822 0.085160 0.044123 0.056073 0.067464 0.028631 0.094186 0.050641 0.119623 0.112843 0.110048 0.028309 0.033072 0.089160 0.054685 0.103991 0.051764 0.108451 0.127653 0.102591 0.096427 0.137731 0.140277 0.099013 0.149949 0.159682 0.115625 0.131913 0.080365 0.099032 0.105515 0.126016 0.113522 0.106023 0.129012 0.083716 0.080548 0.120722 0.149908 0.117998 0.105757 0.119131 0.101453 0.095738 0.095596 0.118526 0.142906 0.149022 0.102723 0.129766 0.113512 0.110799 0.111283 0.115377 0.065557 0.104010 0.085771
69000.003277 7.444343 0.055867 0.012202 0.043799 0.049921 0.078557 0.032974 0.068071 0.079065 0.031843 0.090116 0.057222 0.123757 0.114271 0.117575 0.037787 0.025819 0.100414 0.064805 0.102103 0.066524 0.105761 0.137075 0.112353 0.103306 0.146289 0.148702 0.109336 0.157893 0.166548 0.124318 0.140077 0.081899 0.097396 0.110393 0.124301 0.113274 0.106474 0.136382 0.093341 0.086574 0.128425 0.157473 0.115837 0.108632 0.117549 0.100747 0.097846 0.092250 0.116662 0.142356 0.154994 0.112185 0.128407 0.110559 0.111143 0.119892 0.123092 0.077518 0.100323 0.092723
70000.003325 4.429969 0.050230 0.009413 0.040133 0.053140 0.080363 0.040459 0.059854 0.073763 0.035915 0.089143 0.058256 0.118769 0.110579 0.111066 0.037821 0.029300 0.092173 0.063793 0.101389 0.059639 0.104816 0.128677 0.104710 0.098121 0.138008 0.142043 0.099979 0.149983 0.160123 0.117186 0.132397 0.079539 0.096260 0.107340 0.124171 0.113655 0.105016 0.128727 0.086045 0.082626 0.123201 0.150926 0.115847 0.107430 0.117318 0.101816 0.095614 0.092250 0.117926 0.140623 0.147911 0.103282 0.128295 0.108452 0.109757 0.114119 0.118017 0.068711 0.099750 0.087168
71000.003372 7.271342 0.051079 0.012059 0.035608 0.053660 0.079647 0.036777 0.061827 0.071374 0.025984 0.090407 0.049207 0.118907 0.111858 0.111483 0.032731 0.025560 0.092142 0.058430 0.101391 0.057562 0.107375 0.133099 0.109106 0.102024 0.142162 0.144069 0.104413 0.153558 0.162191 0.121005 0.136716 0.083512 0.099497 0.108074 0.122534 0.111463 0.106384 0.132745 0.090781 0.086341 0.123961 0.153523 0.118159 0.106739 0.118581 0.102964 0.097876 0.095839 0.114703 0.142250 0.151975 0.108498 0.127564 0.112603 0.110636 0.117232 0.116341 0.071719 0.103276 0.091616
72000.003420 11.197558 0.049436 0.014965 0.034708 0.057804 0.083387 0.040245 0.062103 0.071077 0.023698 0.094504 0.048784 0.122024 0.115204 0.113742 0.029672 0.026946 0.093296 0.056137 0.105010 0.055717 0.111349 0.135169 0.110501 0.103838 0.144523 0.146880 0.105901 0.155930 0.165826 0.123243 0.139445 0.086397 0.103681 0.111370 0.126728 0.115329 0.110377 0.135016 0.092014 0.087650 0.126702 0.157195 0.122249 0.110209 0.123141 0.106065 0.101400 0.099015 0.118480 0.147048 0.155390 0.110109 0.131903 0.117462 0.114817 0.119213 0.118307 0.072504 0.107482 0.093164
73000.003467 8.313073 0.045963 0.012894 0.029880 0.060504 0.085777 0.044347 0.056189 0.065530 0.027132 0.095016 0.047776 0.118661 0.113525 0.108778 0.030300 0.030849 0.087327 0.054533 0.105181 0.051443 0.110932 0.130831 0.106789 0.101042 0.140176 0.141891 0.101462 0.151441 0.160900 0.119146 0.134824 0.086124 0.103406 0.108029 0.124706 0.113609 0.108959 0.131165 0.088609 0.086477 0.121861 0.152411 0.122308 0.108247 0.122285 0.106563 0.099696 0.100345 0.117745 0.145210 0.151705 0.106044 0.130632 0.116865 0.111924 0.115540 0.114645 0.067157 0.108180 0.091085
74000.003515 4.959296 0.052111 0.009959 0.039654 0.051860 0.078451 0.034286 0.064672 0.075441 0.027801 0.089725 0.052776 0.120943 0.112316 0.114414 0.032519 0.027249 0.096164 0.060451 0.100676 0.061548 0.105700 0.133644 0.108662 0.100727 0.143401 0.145827 0.105343 0.155558 0.163575 0.121301 0.136833 0.079740 0.096122 0.107950 0.124317 0.112027 0.104785 0.134225 0.089852 0.083443 0.125630 0.154003 0.114650 0.105909 0.116334 0.099133 0.095981 0.091188 0.115868 0.141110 0.152043 0.108979 0.127518 0.109896 0.110611 0.116459 0.119148 0.073083 0.099531 0.089772
75000.003562 4.357065 0.045418 0.009335 0.038610 0.056632 0.082521 0.043461 0.056358 0.071181 0.034954 0.090590 0.057257 0.118008 0.109938 0.109272 0.033376 0.032614 0.089932 0.060670 0.101565 0.055105 0.104699 0.125104 0.100435 0.095342 0.135678 0.140417 0.096097 0.148695 0.158801 0.114216 0.128889 0.078266 0.096948 0.107015 0.127273 0.115562 0.105708 0.127713 0.081486 0.078967 0.122308 0.148707 0.115562 0.107626 0.118009 0.100794 0.095657 0.092100 0.120664 0.141309 0.145937 0.099525 0.130315 0.109941 0.111556 0.110026 0.115831 0.064084 0.100161 0.084221
76000.003610 8.551213 0.051239 0.013078 0.038152 0.053082 0.078556 0.034065 0.064780 0.074822 0.025515 0.090708 0.050594 0.121296 0.112942 0.114596 0.030964 0.027519 0.095832 0.058479 0.101096 0.059838 0.107096 0.135012 0.109860 0.102564 0.145330 0.147090 0.106678 0.157090 0.164770 0.123053 0.138237 0.082113 0.097999 0.109575 0.124417 0.112492 0.106480 0.136199 0.091128 0.085532 0.126846 0.155468 0.116132 0.107019 0.117444 0.100400 0.098012 0.093156 0.115928 0.142406 0.153807 0.110202 0.128108 0.111891 0.112011 0.117342 0.119006 0.073669 0.101416 0.091696
77000.003657 5.152949 0.043758 0.010152 0.033262 0.061344 0.087288 0.042873 0.058450 0.069475 0.029691 0.097875 0.052165 0.123802 0.116982 0.113709 0.025788 0.034812 0.092665 0.053183 0.107131 0.055072 0.111521 0.131272 0.104968 0.097872 0.141406 0.144148 0.102193 0.153827 0.163971 0.118945 0.135649 0.082253 0.101629 0.108847 0.129986 0.117089 0.109796 0.132717 0.086364 0.082988 0.124270 0.154237 0.121072 0.109049 0.122739 0.103561 0.098645 0.097220 0.122110 0.147322 0.153368 0.106146 0.133931 0.116686 0.114006 0.113962 0.119950 0.068127 0.106689 0.087747
78000.003705 13.631634 0.040181 0.016512 0.030202 0.067251 0.091984 0.047067 0.057369 0.066706 0.028810 0.102990 0.049920 0.125884 0.120200 0.114337 0.020023 0.039902 0.092065 0.047335 0.110692 0.051986 0.115498 0.131445 0.104307 0.096974 0.141895 0.143620 0.102447 0.153904 0.164161 0.118819 0.136340 0.083405 0.103829 0.108654 0.132341 0.118410 0.111598 0.133228 0.085781 0.082711 0.123370 0.154566 0.123496 0.109136 0.124886 0.104245 0.099414 0.099674 0.124033 0.149913 0.154764 0.106538 0.136020 0.120304 0.115355 0.113046 0.120311 0.067472 0.110214 0.087276
79000.003752 18.387927 0.055612 0.019177 0.039437 0.052382 0.076117 0.030117 0.068931 0.076384 0.025909 0.090423 0.050489 0.120859 0.112613 0.114894 0.034013 0.029606 0.097946 0.058166 0.099419 0.064124 0.106502 0.140057 0.115204 0.107681 0.150060 0.150480 0.112303 0.161097 0.165804 0.128610 0.141903 0.086340 0.099787 0.112954 0.123649 0.112728 0.109015 0.141813 0.097674 0.092038 0.130064 0.157686 0.117037 0.109082 0.118124 0.102013 0.101313 0.095035 0.114760 0.142487 0.156249 0.116719 0.127484 0.113297 0.113521 0.122351 0.119005 0.078537 0.102480 0.097822
80000.003800 4.648362 0.043294 0.009642 0.035406 0.061027 0.088261 0.047785 0.053602 0.067772 0.036445 0.095628 0.056588 0.120688 0.114012 0.109881 0.034017 0.035069 0.088743 0.058742 0.106606 0.053441 0.108818 0.125268 0.100556 0.094388 0.134860 0.138660 0.096572 0.147178 0.158591 0.113242 0.129731 0.080701 0.100079 0.105688 0.127271 0.115741 0.107153 0.126010 0.081548 0.080207 0.119932 0.149060 0.119718 0.107860 0.120943 0.103775 0.096127 0.096866 0.121436 0.144083 0.147765 0.099606 0.131978 0.113615 0.110487 0.109970 0.117574 0.063848 0.105259 0.084286
81000.003847 2.768394 0.051404 0.007441 0.041680 0.051961 0.079068 0.036879 0.063622 0.076577 0.032115 0.089473 0.057774 0.121109 0.111818 0.114419 0.034562 0.028549 0.096309 0.062989 0.100952 0.061698 0.104891 0.132690 0.107617 0.100712 0.142796 0.146694 0.104089 0.155391 0.164321 0.121112 0.135913 0.079400 0.096353 0.109746 0.126678 0.115097 0.106152 0.133825 0.088605 0.083038 0.127164 0.154459 0.115172 0.108573 0.117725 0.100439 0.096850 0.090874 0.119043 0.142025 0.151329 0.107528 0.129554 0.109581 0.112344 0.116738 0.119974 0.071908 0.099092 0.089108
82000.003895 8.261944 0.043920 0.012855 0.031533 0.060074 0.085368 0.045172 0.054647 0.066416 0.029738 0.094280 0.049715 0.119330 0.113158 0.109354 0.029612 0.032707 0.087410 0.054894 0.104414 0.050795 0.109691 0.127328 0.102554 0.096750 0.137459 0.139690 0.098261 0.149385 0.159799 0.115290 0.132213 0.082018 0.100009 0.105328 0.124381 0.112563 0.106224 0.128126 0.084094 0.082239 0.119915 0.150238 0.119468 0.105786 0.119574 0.103364 0.096301 0.097565 0.117539 0.143337 0.149710 0.102055 0.129441 0.113964 0.110192 0.111318 0.115149 0.064563 0.105239 0.086350
83000.003942 6.220451 0.048524 0.011154 0.035768 0.057009 0.083881 0.042699 0.058279 0.069358 0.030046 0.092370 0.052156 0.119004 0.112426 0.110258 0.033775 0.028028 0.090070 0.059427 0.104005 0.054891 0.108318 0.129789 0.106130 0.099733 0.138601 0.141742 0.100796 0.150353 0.160648 0.117852 0.133824 0.083289 0.101037 0.107573 0.124969 0.113939 0.107319 0.129331 0.087320 0.083972 0.122372 0.151816 0.119901 0.108055 0.120831 0.104656 0.097970 0.097244 0.118021 0.143715 0.149920 0.104600 0.130152 0.114000 0.111297 0.115130 0.116053 0.068449 0.105126 0.089209
84000.003990 11.105237 0.048782 0.014903 0.035088 0.056928 0.081382 0.037966 0.062984 0.071926 0.023748 0.093499 0.049436 0.121574 0.114150 0.113803 0.027367 0.028897 0.094013 0.054612 0.102882 0.056862 0.109667 0.135120 0.109641 0.102952 0.145169 0.147430 0.106116 0.157046 0.165570 0.123479 0.139054 0.084172 0.101136 0.111010 0.127156 0.114928 0.109176 0.136223 0.091602 0.086713 0.127048 0.156482 0.119653 0.109164 0.121181 0.103551 0.099969 0.096062 0.118119 0.145452 0.154687 0.110623 0.130908 0.115397 0.114646 0.118456 0.118016 0.072347 0.104705 0.092144
85000.004037 5.362047 0.045282 0.010356 0.032805 0.057826 0.082551 0.040077 0.057844 0.069147 0.029220 0.093315 0.051671 0.119406 0.112552 0.110303 0.027870 0.032254 0.090255 0.054264 0.102433 0.054969 0.108203 0.131210 0.105805 0.100337 0.141695 0.144727 0.101724 0.154138 0.163091 0.120203 0.134854 0.083895 0.101334 0.110400 0.127574 0.116165 0.109869 0.133790 0.088127 0.085855 0.125309 0.153549 0.120013 0.109862 0.121520 0.104527 0.100036 0.096941 0.120082 0.145181 0.151904 0.106705 0.131907 0.114971 0.114346 0.115260 0.116378 0.067271 0.104745 0.090249
86000.004085 14.232333 0.057894 0.016871 0.042163 0.047888 0.074284 0.028523 0.069928 0.078107 0.026610 0.087401 0.051985 0.120236 0.111204 0.115323 0.037689 0.022870 0.098933 0.062811 0.098587 0.065542 0.104440 0.139510 0.115486 0.107169 0.148535 0.149769 0.112179 0.159804 0.165167 0.127473 0.141389 0.084718 0.098053 0.111404 0.121695 0.110936 0.106435 0.139522 0.097266 0.090473 0.129238 0.157126 0.115332 0.107893 0.116607 0.101015 0.099298 0.093183 0.112775 0.140626 0.154881 0.115699 0.125733 0.110772 0.111237 0.122519 0.119182 0.079816 0.100507 0.096844
87000.004132 5.999232 0.055131 0.010954 0.043603 0.049101 0.077917 0.036856 0.064744 0.077082 0.033189 0.087119 0.058067 0.120041 0.110890 0.113957 0.040212 0.022662 0.096420 0.066883 0.100470 0.063451 0.104077 0.133071 0.109606 0.102113 0.141907 0.145586 0.104818 0.153529 0.163622 0.121011 0.136585 0.081627 0.097431 0.109275 0.122954 0.112972 0.105386 0.131768 0.090611 0.085079 0.126178 0.154618 0.115947 0.108515 0.117523 0.102308 0.097191 0.092676 0.116193 0.140933 0.151212 0.107765 0.127623 0.109278 0.110382 0.118217 0.119548 0.073992 0.099825 0.090898
88000.004180 6.066638 0.048198 0.011015 0.036337 0.054939 0.080152 0.037719 0.060642 0.072409 0.028208 0.091215 0.051918 0.120116 0.112246 0.112255 0.030054 0.029401 0.092702 0.057665 0.101438 0.056896 0.107263 0.131676 0.106525 0.100509 0.142282 0.145125 0.102509 0.154506 0.163737 0.120240 0.135554 0.082203 0.099224 0.109611 0.125809 0.114362 0.107753 0.133510 0.088102 0.084541 0.125683 0.154044 0.117777 0.108314 0.119129 0.102290 0.098553 0.094734 0.118243 0.143556 0.152136 0.106509 0.129998 0.112757 0.113022 0.115155 0.117547 0.069284 0.102449 0.089683
89000.004227 4.215521 0.047982 0.009182 0.037004 0.056316 0.082960 0.041282 0.059721 0.072304 0.031572 0.092938 0.055265 0.121753 0.113976 0.113160 0.032088 0.029922 0.093056 0.059129 0.103780 0.058100 0.108570 0.131199 0.105985 0.099396 0.141024 0.144884 0.101791 0.153358 0.164242 0.119367 0.135770 0.082053 0.100037 0.109550 0.127335 0.115888 0.108318 0.131667 0.087714 0.084061 0.125280 0.154640 0.119543 0.109491 0.121102 0.104152 0.098386 0.095520 0.120077 0.145082 0.152320 0.105966 0.131758 0.113440 0.113210 0.115703 0.119357 0.068885 0.103601 0.088537
90000.004275 3.185177 0.051571 0.007981 0.040653 0.052001 0.078953 0.036227 0.063108 0.075131 0.030675 0.089142 0.055562 0.119695 0.111041 0.112892 0.034277 0.027456 0.094971 0.062101 0.100661 0.060697 0.104743 0.132116 0.107638 0.100758 0.141693 0.145421 0.103443 0.154185 0.163009 0.120479 0.135170 0.080410 0.097519 0.109440 0.126231 0.114775 0.106552 0.133043 0.088739 0.083456 0.126269 0.153446 0.115860 0.108344 0.118237 0.101014 0.097387 0.092148 0.118518 0.142066 0.150511 0.107168 0.129545 0.110495 0.112283 0.116478 0.118320 0.071573 0.100183 0.089642
91000.004322 8.598932 0.045831 0.013114 0.033969 0.058546 0.083373 0.039439 0.059570 0.070373 0.028943 0.094683 0.050990 0.120877 0.114142 0.111928 0.026579 0.032708 0.091864 0.054195 0.103789 0.055883 0.109324 0.131485 0.105890 0.099523 0.141749 0.144687 0.102254 0.154188 0.163197 0.119979 0.135235 0.082743 0.100818 0.109706 0.128409 0.115910 0.109355 0.133754 0.087794 0.084448 0.125015 0.153676 0.119550 0.109098 0.121259 0.103194 0.099308 0.095820 0.120198 0.145580 0.152255 0.106760 0.132245 0.114995 0.114210 0.114641 0.117739 0.068466 0.104610 0.089503
92000.004370 6.020965 0.045189 0.010974 0.036975 0.058497 0.084477 0.040904 0.060580 0.072503 0.029436 0.095223 0.053958 0.123603 0.115449 0.114769 0.027012 0.032289 0.094729 0.055966 0.104968 0.056602 0.109172 0.130879 0.104556 0.097402 0.141376 0.144774 0.102186 0.153892 0.164029 0.118791 0.135188 0.079689 0.098774 0.108701 0.129402 0.116301 0.107751 0.132561 0.085519 0.080759 0.125097 0.154036 0.117792 0.108239 0.120157 0.100746 0.097086 0.093299 0.121084 0.145195 0.152214 0.105462 0.132244 0.113694 0.113578 0.113341 0.120269 0.069235 0.103041 0.086457
93000.004417 4.053545 0.048518 0.009004 0.039965 0.053629 0.080351 0.037870 0.062281 0.074675 0.031578 0.091003 0.057125 0.121959 0.112529 0.114218 0.032768 0.028814 0.095960 0.060028 0.101464 0.060069 0.105200 0.132291 0.106661 0.099932 0.142859 0.146618 0.104118 0.155415 0.164941 0.120848 0.135821 0.080896 0.098076 0.110564 0.127359 0.115892 0.107611 0.134256 0.088124 0.083678 0.127218 0.154980 0.116289 0.109727 0.118958 0.101170 0.098032 0.092486 0.119738 0.143251 0.152234 0.107360 0.130583 0.111683 0.113252 0.115618 0.119929 0.071271 0.100735 0.089064
94000.004465 10.422499 0.048404 0.014438 0.032707 0.058408 0.084237 0.040738 0.059780 0.069566 0.028385 0.095081 0.049121 0.121402 0.115405 0.112360 0.030114 0.030703 0.091333 0.055292 0.105038 0.056848 0.111443 0.133459 0.108447 0.101637 0.142708 0.145138 0.103873 0.154823 0.164692 0.121168 0.137766 0.086170 0.103557 0.109803 0.126337 0.114685 0.110157 0.133643 0.090831 0.087824 0.124811 0.155523 0.122741 0.109357 0.123085 0.106753 0.100708 0.099893 0.118452 0.146959 0.154711 0.108804 0.132163 0.117060 0.113557 0.117224 0.118171 0.070027 0.107791 0.092001
95000.004512 4.601860 0.049758 0.009594 0.037811 0.054410 0.081280 0.039497 0.061078 0.073015 0.031101 0.091682 0.055265 0.121204 0.112957 0.112972 0.034490 0.027287 0.093792 0.060435 0.102955 0.058579 0.107288 0.132729 0.108131 0.101561 0.142320 0.145747 0.104033 0.154138 0.164496 0.121150 0.136686 0.083646 0.100459 0.110776 0.125933 0.115515 0.108768 0.133093 0.089769 0.086374 0.126370 0.155450 0.119411 0.110350 0.120855 0.104407 0.099434 0.096107 0.119028 0.144527 0.152796 0.107554 0.130825 0.113392 0.113023 0.117425 0.119118 0.071283 0.103690 0.090937
96000.004560 3.382597 0.045321 0.008225 0.037830 0.057401 0.084124 0.042424 0.058477 0.072060 0.032504 0.093564 0.055652 0.122051 0.113703 0.113124 0.030986 0.032559 0.092985 0.058586 0.104287 0.055967 0.107299 0.127956 0.102322 0.095316 0.138150 0.141787 0.099731 0.150709 0.161236 0.115734 0.132301 0.077649 0.096729 0.106198 0.127454 0.114802 0.105411 0.129079 0.082951 0.078897 0.122503 0.151145 0.116215 0.106462 0.118244 0.099669 0.094666 0.092406 0.120037 0.142831 0.149296 0.102333 0.130439 0.111098 0.110847 0.111193 0.119188 0.067452 0.101453 0.084219
97000.004607 6.554637 0.046971 0.011450 0.034616 0.057571 0.083173 0.039936 0.059966 0.070435 0.029947 0.093746 0.052154 0.120906 0.113716 0.111958 0.030231 0.031844 0.092366 0.056196 0.103336 0.057176 0.108234 0.132279 0.106915 0.100170 0.142707 0.144600 0.103741 0.154641 0.162882 0.120557 0.135579 0.083016 0.099680 0.108787 0.125664 0.113839 0.107667 0.134250 0.088649 0.085244 0.124454 0.153580 0.118197 0.108042 0.119404 0.102514 0.098297 0.095465 0.118221 0.143527 0.152604 0.107654 0.129917 0.113696 0.111795 0.115072 0.118009 0.069510 0.103746 0.090233
98000.004655 4.939576 0.043321 0.009939 0.031197 0.060188 0.085754 0.043223 0.055790 0.066460 0.029327 0.095316 0.050371 0.119763 0.113531 0.109609 0.028071 0.032741 0.088868 0.053176 0.104757 0.052405 0.109154 0.128864 0.103766 0.097424 0.138624 0.141184 0.100151 0.150683 0.160307 0.117061 0.132810 0.082791 0.101151 0.107309 0.126878 0.114833 0.108273 0.130323 0.085631 0.083363 0.121681 0.151081 0.120056 0.107830 0.121229 0.103686 0.097865 0.097415 0.119467 0.144668 0.150139 0.104235 0.131361 0.115291 0.111923 0.112660 0.115864 0.066233 0.105965 0.087823
99000.004702 7.252038 0.051922 0.012043 0.044372 0.052608 0.080970 0.041579 0.061525 0.076527 0.037971 0.089128 0.061458 0.120242 0.111092 0.113021 0.039590 0.029222 0.094816 0.066742 0.102103 0.061837 0.104241 0.128296 0.104388 0.097346 0.137144 0.142648 0.099874 0.149811 0.161195 0.116431 0.132262 0.078161 0.096377 0.107947 0.126955 0.115791 0.105386 0.127855 0.085173 0.080586 0.124369 0.151490 0.115710 0.108655 0.118335 0.101415 0.095542 0.091268 0.120267 0.141645 0.147663 0.102641 0.130270 0.108525 0.111081 0.114093 0.119609 0.069904 0.099232 0.085973
100000.004750 5.965401 0.046774 0.010923 0.034421 0.058877 0.084585 0.042466 0.058616 0.070150 0.029213 0.094676 0.052637 0.121047 0.114356 0.112011 0.029205 0.031651 0.091308 0.056241 0.104842 0.055447 0.110216 0.131578 0.106416 0.100316 0.141118 0.144701 0.101753 0.153372 0.163672 0.119920 0.135884 0.083460 0.101934 0.110041 0.128638 0.116921 0.109900 0.132234 0.088188 0.084764 0.125089 0.154374 0.121377 0.109981 0.122854 0.105420 0.099717 0.097416 0.120980 0.146509 0.152297 0.106542 0.133017 0.115639 0.114594 0.116353 0.117894 0.068240 0.105909 0.089590
101000.004797 3.221720 0.048774 0.008027 0.038334 0.054150 0.081471 0.040190 0.058882 0.072005 0.034033 0.090234 0.056089 0.118850 0.111069 0.110657 0.035384 0.029195 0.091558 0.061443 0.101772 0.058330 0.105357 0.129125 0.104789 0.098615 0.138635 0.142800 0.100301 0.151368 0.161324 0.117563 0.132652 0.081460 0.098993 0.108338 0.125807 0.114791 0.106953 0.130138 0.086405 0.083425 0.123847 0.151643 0.117681 0.108706 0.119464 0.103250 0.097529 0.094619 0.118990 0.142638 0.149282 0.104016 0.130311 0.111475 0.111465 0.114002 0.117270 0.068074 0.102157 0.088274
102000.004845 8.041984 0.051834 0.012682 0.039438 0.053703 0.079728 0.034470 0.065998 0.076315 0.026860 0.092374 0.053419 0.123518 0.114822 0.116629 0.030688 0.027652 0.097988 0.058808 0.102669 0.061851 0.108362 0.136647 0.110950 0.103272 0.146480 0.149424 0.107825 0.158610 0.167579 0.124582 0.140319 0.082830 0.099753 0.112018 0.127837 0.115780 0.109076 0.137272 0.092516 0.086505 0.129230 0.158205 0.118411 0.109946 0.120522 0.102386 0.099795 0.093974 0.118980 0.145444 0.155749 0.111752 0.131338 0.113749 0.114770 0.119587 0.121342 0.074972 0.102788 0.092316
103000.004892 5.511079 0.045834 0.010499 0.034256 0.058451 0.084110 0.040381 0.058653 0.069833 0.031286 0.095009 0.053731 0.121261 0.114293 0.111588 0.029646 0.032714 0.092009 0.055138 0.104286 0.056885 0.108749 0.131943 0.106559 0.100185 0.141934 0.144959 0.102991 0.154116 0.163632 0.120558 0.135563 0.084292 0.102015 0.110838 0.128272 0.117033 0.110734 0.133906 0.088747 0.086369 0.125545 0.154386 0.120782 0.110915 0.122442 0.104826 0.100401 0.097443 0.121133 0.146173 0.152745 0.107394 0.132885 0.115752 0.114261 0.115806 0.118350 0.068796 0.105663 0.090622
104000.004940 8.596969 0.047071 0.013113 0.031257 0.059076 0.084613 0.040525 0.059134 0.067640 0.026735 0.095315 0.047937 0.120590 0.114749 0.111047 0.029116 0.030428 0.090641 0.053627 0.104857 0.054850 0.110494 0.132799 0.108108 0.101147 0.142157 0.143548 0.103954 0.153481 0.162567 0.120691 0.136616 0.085793 0.102778 0.108714 0.124980 0.113571 0.109265 0.133319 0.090146 0.087213 0.123326 0.153944 0.121514 0.108389 0.121775 0.105208 0.099745 0.099329 0.117476 0.145472 0.153452 0.108377 0.130603 0.116770 0.112149 0.116257 0.116831 0.069877 0.107399 0.091791
105000.004987 3.175523 0.046276 0.007969 0.036273 0.056989 0.083912 0.043286 0.056868 0.069683 0.032147 0.092272 0.054042 0.119649 0.112250 0.110493 0.033270 0.030437 0.090276 0.059361 0.103583 0.054981 0.106886 0.127269 0.102872 0.096200 0.136958 0.140080 0.098871 0.149057 0.159426 0.115141 0.131489 0.079615 0.097714 0.105261 0.124537 0.112777 0.104771 0.127725 0.083798 0.080489 0.120662 0.149887 0.116860 0.105910 0.118005 0.101278 0.094940 0.094135 0.117869 0.141627 0.148356 0.101916 0.128798 0.111210 0.109171 0.111483 0.116732 0.066379 0.102249 0.085548
106000.005035 9.022907 0.045509 0.013433 0.028984 0.061430 0.087170 0.044205 0.056513 0.065300 0.028339 0.097071 0.048406 0.120705 0.115612 0.110056 0.029617 0.032035 0.088646 0.052966 0.106610 0.053040 0.112179 0.132246 0.107670 0.101194 0.141479 0.142920 0.103003 0.152656 0.162540 0.120204 0.136453 0.087463 0.104720 0.108960 0.125365 0.114495 0.110562 0.132423 0.089933 0.088189 0.122630 0.154106 0.123899 0.109455 0.123686 0.107686 0.100750 0.101907 0.118594 0.146918 0.153783 0.107774 0.131841 0.118549 0.112551 0.116455 0.116558 0.068258 0.109737 0.091985
107000.005082 4.665108 0.049371 0.009659 0.037324 0.055853 0.082238 0.038834 0.062396 0.072657 0.027348 0.092653 0.052369 0.121490 0.113743 0.113674 0.031273 0.028391 0.094367 0.058639 0.103489 0.057774 0.107960 0.132598 0.107725 0.100256 0.142155 0.144533 0.104191 0.153743 0.162705 0.120444 0.136201 0.080840 0.098141 0.107872 0.125439 0.113289 0.106019 0.132796 0.088588 0.083006 0.124427 0.153641 0.117017 0.106887 0.118504 0.100960 0.096588 0.093423 0.117396 0.142800 0.151809 0.107547 0.129002 0.112297 0.111226 0.115985 0.118760 0.071625 0.102410 0.089196
108000.005130 6.823401 0.052451 0.011682 0.040265 0.050762 0.078106 0.036749 0.062594 0.075076 0.033215 0.088194 0.055900 0.119203 0.110853 0.112319 0.037717 0.025148 0.093866 0.063978 0.100510 0.061076 0.105158 0.132213 0.108308 0.101702 0.141764 0.145258 0.103524 0.153681 0.163234 0.120727 0.135702 0.082660 0.098288 0.109744 0.123359 0.113203 0.106495 0.132449 0.089835 0.086108 0.125880 0.154172 0.116954 0.108848 0.118179 0.103180 0.098261 0.093842 0.116597 0.141801 0.151324 0.106881 0.128374 0.110184 0.111133 0.116917 0.118530 0.071707 0.100839 0.091019
109000.005177 9.105117 0.037772 0.013495 0.029832 0.065599 0.090098 0.048181 0.052260 0.064764 0.033548 0.099459 0.053250 0.121124 0.115524 0.109332 0.024016 0.039703 0.087288 0.049859 0.107454 0.049889 0.111708 0.126373 0.099927 0.095010 0.136954 0.140956 0.096537 0.150017 0.160584 0.115249 0.130950 0.082789 0.103430 0.108886 0.132506 0.119737 0.111730 0.129681 0.082177 0.081836 0.122210 0.150689 0.122863 0.110505 0.124868 0.105736 0.099606 0.099169 0.125181 0.148222 0.149580 0.101503 0.136295 0.118164 0.115755 0.110411 0.116661 0.061776 0.108416 0.085306
110000.005225 5.417318 0.044855 0.010409 0.032886 0.059565 0.085011 0.042876 0.056557 0.068654 0.032175 0.094842 0.052913 0.120067 0.113623 0.110289 0.028944 0.034550 0.089660 0.055038 0.104266 0.055253 0.109196 0.129419 0.103978 0.098005 0.139410 0.142873 0.099760 0.152120 0.161838 0.117880 0.133387 0.082697 0.101119 0.108817 0.128429 0.116465 0.109344 0.131400 0.086239 0.084109 0.123582 0.152177 0.120491 0.109132 0.121931 0.104664 0.098844 0.097106 0.121127 0.145507 0.150752 0.104816 0.132747 0.114883 0.113574 0.113676 0.117135 0.065873 0.105251 0.088132
111000.005272 7.991555 0.045270 0.012642 0.033566 0.059768 0.084010 0.039550 0.060536 0.070232 0.027223 0.095776 0.050529 0.121918 0.114785 0.112784 0.024976 0.034750 0.093103 0.052031 0.104061 0.056010 0.109409 0.132538 0.106378 0.099616 0.143163 0.145172 0.103815 0.155260 0.163520 0.120907 0.135985 0.082393 0.100347 0.109717 0.128848 0.116118 0.109385 0.135239 0.088249 0.084330 0.125458 0.153959 0.118871 0.108483 0.120746 0.101800 0.098938 0.095486 0.120453 0.145365 0.152923 0.108256 0.131982 0.115382 0.114239 0.114840 0.118295 0.069601 0.104634 0.089595
112000.005320 4.409708 0.044611 0.009391 0.034831 0.059221 0.085091 0.042465 0.057283 0.069331 0.032041 0.094981 0.054533 0.120664 0.113608 0.110939 0.030256 0.033455 0.090975 0.055758 0.104767 0.054938 0.108243 0.129470 0.104284 0.098071 0.139107 0.142788 0.100787 0.151463 0.161383 0.118049 0.133152 0.082135 0.100843 0.109155 0.128909 0.117180 0.109447 0.131122 0.085957 0.083413 0.123864 0.152028 0.119843 0.109758 0.121869 0.103644 0.098603 0.096300 0.121646 0.145275 0.150100 0.104632 0.132759 0.114656 0.113448 0.113838 0.117600 0.067458 0.105097 0.088024
113000.005367 6.968263 0.053591 0.011805 0.045628 0.048248 0.075321 0.034626 0.064248 0.078876 0.038598 0.085734 0.061886 0.118892 0.108408 0.112624 0.040517 0.030645 0.096762 0.066908 0.097517 0.065239 0.099570 0.129680 0.105405 0.098436 0.140067 0.144190 0.102385 0.152686 0.161210 0.118605 0.132067 0.077187 0.092693 0.108596 0.124097 0.113538 0.103975 0.131999 0.086829 0.082495 0.125962 0.151138 0.110873 0.107450 0.113582 0.097224 0.094944 0.087633 0.117773 0.137851 0.147575 0.104885 0.126724 0.104758 0.109607 0.113586 0.119443 0.071728 0.094490 0.087801
114000.005415 6.573349 0.046691 0.011466 0.035759 0.058226 0.084335 0.041804 0.059049 0.071099 0.032227 0.094397 0.054543 0.121069 0.113948 0.112127 0.030622 0.032646 0.091921 0.057046 0.104561 0.056840 0.109110 0.131102 0.105774 0.099582 0.140562 0.144867 0.101661 0.153399 0.163469 0.119603 0.134981 0.083099 0.101760 0.110585 0.129959 0.118070 0.110343 0.132408 0.087750 0.084716 0.125764 0.153924 0.120995 0.110740 0.123147 0.105297 0.099873 0.096869 0.122119 0.146586 0.151586 0.106290 0.133945 0.115232 0.115085 0.115835 0.118576 0.068662 0.105477 0.089242
115000.005462 12.663071 0.055956 0.015914 0.039637 0.050679 0.075462 0.032319 0.067229 0.075777 0.025011 0.088112 0.050849 0.119074 0.110873 0.113525 0.034460 0.025924 0.096185 0.060417 0.098409 0.062887 0.105691 0.137802 0.113556 0.106548 0.147366 0.149067 0.109127 0.158976 0.165184 0.126277 0.140447 0.084810 0.099147 0.111609 0.123199 0.112384 0.107591 0.138453 0.095832 0.089773 0.128723 0.156586 0.116927 0.108381 0.118066 0.102602 0.099934 0.094512 0.114493 0.141873 0.154367 0.114133 0.127189 0.112079 0.113065 0.121789 0.117245 0.076135 0.101337 0.095731
116000.005510 6.315651 0.041007 0.011239 0.031358 0.063274 0.088928 0.047482 0.052336 0.065590 0.035126 0.097598 0.054535 0.120755 0.114885 0.109125 0.028954 0.038178 0.087598 0.053377 0.106552 0.052791 0.110453 0.126672 0.100979 0.095449 0.136870 0.140443 0.096987 0.149598 0.160496 0.115071 0.131226 0.083159 0.102673 0.108026 0.129514 0.117874 0.110496 0.128934 0.083332 0.083049 0.121593 0.150690 0.122285 0.109768 0.123501 0.105933 0.098969 0.099419 0.123302 0.146765 0.149826 0.101928 0.134405 0.116721 0.113573 0.111109 0.116971 0.062440 0.107517 0.086116
117000.005557 5.699882 0.045767 0.010677 0.034173 0.057033 0.082533 0.041460 0.056193 0.068790 0.032316 0.092174 0.053125 0.118341 0.111370 0.108938 0.031577 0.031929 0.089009 0.056762 0.102081 0.055014 0.106839 0.128911 0.104150 0.099036 0.139161 0.142840 0.099694 0.152060 0.161790 0.117856 0.132664 0.083887 0.101543 0.109575 0.126812 0.115854 0.109416 0.131449 0.086575 0.085370 0.123968 0.151975 0.119943 0.109873 0.121378 0.104966 0.099703 0.097625 0.120039 0.144547 0.150310 0.104210 0.131841 0.114398 0.113291 0.113544 0.115528 0.065827 0.104720 0.089340
118000.005605 5.405077 0.048303 0.010397 0.034487 0.056674 0.082379 0.038696 0.060327 0.070765 0.028357 0.093580 0.051811 0.120705 0.113808 0.112015 0.030519 0.029713 0.092346 0.056328 0.103584 0.057200 0.108895 0.133428 0.108595 0.102137 0.142978 0.145774 0.104295 0.154821 0.164148 0.121919 0.137067 0.084845 0.101984 0.110910 0.126814 0.115771 0.110139 0.134397 0.090602 0.087260 0.126037 0.155210 0.120794 0.110290 0.122015 0.105081 0.100522 0.097517 0.119317 0.145742 0.153403 0.108807 0.131696 0.115400 0.113968 0.117653 0.117984 0.070519 0.105548 0.092040
119000.005652 7.023728 0.049213 0.011852 0.037639 0.054603 0.079825 0.035285 0.063772 0.073531 0.025746 0.091715 0.051743 0.121282 0.112723 0.113915 0.028752 0.029224 0.095734 0.056337 0.101039 0.059114 0.106319 0.134489 0.108836 0.101798 0.144975 0.147268 0.106338 0.157246 0.164757 0.122857 0.137366 0.082098 0.098753 0.110439 0.126801 0.114545 0.107780 0.136806 0.090434 0.085069 0.127320 0.155146 0.116394 0.108427 0.118702 0.100485 0.098631 0.093216 0.118023 0.143237 0.153322 0.110238 0.129730 0.113100 0.113510 0.116892 0.118378 0.072744 0.101774 0.091312
120000.005700 12.904806 0.051411 0.016065 0.039288 0.053642 0.077193 0.033406 0.065848 0.075284 0.024010 0.090064 0.050784 0.119971 0.111338 0.113827 0.028776 0.029583 0.096086 0.057050 0.099195 0.059818 0.105854 0.135367 0.109992 0.103639 0.146017 0.148536 0.106887 0.158487 0.165039 0.124275 0.137969 0.082155 0.098503 0.111632 0.127305 0.114770 0.108030 0.138265 0.091744 0.085687 0.128846 0.155424 0.115703 0.108532 0.118311 0.100091 0.099445 0.092264 0.117735 0.142876 0.153099 0.111316 0.129528 0.112543 0.114948 0.118089 0.117263 0.073756 0.100753 0.092516
