120000.005700	-145.44 -38.6909
121000.005747	-159.087 -58.4442
122000.005795	-148.953 -35.5497
123000.005842	-167.695 -43.9532
124000.005890	-159.601 -45.5103
125000.005937	-154.188 -36.3824
126000.005985	-158.14 -63.7558
127000.006032	-155.107 -46.1036
128000.006080	-143.287 -45.9669
129000.006127	-158.281 -32.8512
130000.006175	-149.666 -57.7813
131000.006222	-149.029 -50.355
132000.006270	-157.105 -42.553
133000.006317	-163.162 -34.8459
134000.006365	-141.755 -43.4371
135000.006412	-150.467 -51.1615
136000.006460	-153.824 -46.1821
137000.006507	-154.458 -40.1608
138000.006555	-163.071 -42.7569
139000.006602	-154.896 -39.2976
140000.006650	-157.982 -38.9366
141000.006697	-158.641 -37.6645
142000.006745	-158.068 -35.6156
143000.006792	-150.397 -52.1606
144000.006840	-149.69 -31.9267
145000.006887	-163.603 -57.9825
146000.006935	-159.16 -51.034
147000.006982	-152.18 -37.4545
148000.007030	-160.12 -32.3111
149000.007077	-145.264 -54.1224
150000.007125	-148.793 -41.2519
151000.007172	-153.509 -50.6459
152000.007220	-161.596 -41.0112
153000.007267	-152.773 -48.2468
154000.007315	-160.192 -42.858
155000.007362	-154.435 -40.2777
156000.007410	-152.617 -53.109
157000.007457	-156.354 -47.3253
158000.007505	-145.252 -45.4784
159000.007552	-142.075 -55.519
160000.007600	-154.451 -40.0753
161000.007647	-157.483 -31.4496
162000.007695	-158.745 -38.17
163000.007742	-145.259 -23.477
164000.007790	-149.125 -49.9745
165000.007837	-159.967 -41.3121
166000.007885	-158.873 -49.1936
167000.007932	-149.577 -34.8504
168000.007980	-143.864 -53.863
169000.008027	-165.571 -50.3861
170000.008075	-163.598 -35.65
171000.008122	-161.856 -35.1065
172000.008170	-162.948 -40.9846
173000.008217	-155.873 -55.4322
174000.008265	-159.212 -39.1301
175000.008312	-161.949 -26.1788
176000.008360	-155.678 -39.7586
177000.008407	-157.947 -41.3351
178000.008455	-166.454 -33.273
179000.008502	-150.643 -40.5554
180000.008550	-151.395 -40.3906
181000.008597	-157.567 -66.7912
182000.008645	-156.355 -46.2629
183000.008692	-159.15 -34.968
184000.008740	-152.72 -55.3488
185000.008787	-164.741 -37.2428
186000.008835	-162.722 -40.9876
187000.008882	-159.125 -37.8975
188000.008930	-160.54 -40.7163
189000.008977	-149.467 -42.7402
190000.009025	-161.392 -45.8305
191000.009072	-157.03 -49.576
192000.009120	-156.253 -42.5366
193000.009167	-148.296 -50.0748
194000.009215	-161.258 -44.9121
195000.009262	-149.1 -37.7175
196000.009310	-163.606 -42.2054
197000.009357	-156.946 -31.7268
198000.009404	-158.083 -32.2175
199000.009452	-157.786 -50.0265
200000.009499	-149.383 -46.9783
201000.009547	-157.618 -47.831
202000.009594	-158.794 -48.8271
203000.009642	-146.187 -45.4966
204000.009689	-148.621 -34.8707
205000.009737	-156.872 -28.7459
206000.009784	-145.519 -40.8397
207000.009832	-150.21 -52.0928
208000.009879	-166.299 -36.0615
209000.009927	-154.036 -44.0934
210000.009974	-150.586 -54.4109
211000.010022	-163.077 -38.6863
212000.010069	-158.289 -61.9069
213000.010117	-161.081 -37.4121
214000.010164	-156.194 -60.0172
215000.010212	-155.725 -25.6046
216000.010259	-155.804 -38.1937
217000.010307	-151.33 -39.8299
218000.010354	-157.381 -32.9197
219000.010402	-168.026 -53.9029
220000.010449	-148.263 -52.8869
221000.010497	-166.776 -47.6047
222000.010544	-147.237 -42.2169
223000.010592	-148.117 -48.4072
224000.010639	-154.778 -50.6724
225000.010687	-163.42 -53.467
226000.010734	-155.355 -48.6576
227000.010782	-161.317 -47.8128
228000.010829	-163.823 -41.196
229000.010877	-165.666 -44.9354
230000.010924	-161.898 -49.3082
231000.010972	-161.563 -38.3884
232000.011019	-144.125 -44.2101
233000.011067	-146.842 -51.3131
234000.011114	-154.386 -48.4924
235000.011162	-167.134 -44.2235
236000.011209	-158.971 -44.4149
237000.011257	-161.378 -39.7994
238000.011304	-164.291 -32.6064
239000.011352	-153.095 -46.0689
240000.011399	-156.088 -52.9544
