120000.005700	-85.2615 29.6446
121000.005747	-77.147 33.9337
122000.005795	-78.2717 31.6994
123000.005842	-77.5751 20.751
124000.005890	-67.802 21.7815
125000.005937	-71.91 32.1793
126000.005985	-85.7674 32.2066
127000.006032	-71.8689 32.7649
128000.006080	-81.9177 23.0395
129000.006127	-83.3592 24.9012
130000.006175	-76.2332 25.2555
131000.006222	-83.4176 35.9003
132000.006270	-74.8697 29.1926
133000.006317	-72.1342 32.2905
134000.006365	-69.3304 25.1361
135000.006412	-71.8333 28.9775
136000.006460	-90.7365 27.2597
137000.006507	-62.9465 14.023
138000.006555	-73.432 28.4255
139000.006602	-84.1473 43.7171
140000.006650	-89.9092 32.8349
141000.006697	-74.4386 34.0545
142000.006745	-77.9172 14.6429
143000.006792	-81.5442 25.9864
144000.006840	-91.5804 28.2675
145000.006887	-76.3504 23.361
146000.006935	-60.1513 25.3392
147000.006982	-81.6458 30.3188
148000.007030	-70.3678 25.7232
149000.007077	-69.1842 31.882
150000.007125	-75.0458 22.9322
151000.007172	-83.2791 15.0891
152000.007220	-69.9902 26.8704
153000.007267	-68.9284 19.837
154000.007315	-73.6118 28.1262
155000.007362	-72.7342 22.576
156000.007410	-70.7546 7.99617
157000.007457	-68.6333 6.68094
158000.007505	-72.4503 31.4352
159000.007552	-79.1237 42.1672
160000.007600	-76.3077 29.1112
161000.007647	-69.9232 15.7608
162000.007695	-89.5487 7.8034
163000.007742	-83.1813 32.9392
164000.007790	-87.6555 34.9215
165000.007837	-71.7493 22.2854
166000.007885	-69.3826 12.6218
167000.007932	-79.5332 36.1457
168000.007980	-86.8956 35.2482
169000.008027	-80.4807 35.4143
170000.008075	-68.1996 30.857
171000.008122	-73.5899 26.8251
172000.008170	-64.1798 14.101
173000.008217	-78.4354 25.6309
174000.008265	-80.9495 28.8778
175000.008312	-88.8029 41.3225
176000.008360	-79.2843 19.1426
177000.008407	-61.9315 26.6627
178000.008455	-78.0455 23.9403
179000.008502	-82.3306 29.9459
180000.008550	-82.5278 34.5579
181000.008597	-77.7843 32.1832
182000.008645	-82.4656 32.5557
183000.008692	-62.7679 20.6951
184000.008740	-70.141 38.3018
185000.008787	-77.6135 17.5182
186000.008835	-76.1692 32.7725
187000.008882	-78.1899 21.5531
188000.008930	-89.9129 32.24
189000.008977	-78.3778 19.3301
190000.009025	-75.8997 18.4581
191000.009072	-70.7061 21.9192
192000.009120	-69.8693 49.9855
193000.009167	-69.2875 21.3799
194000.009215	-65.7959 22.0523
195000.009262	-77.2243 30.8421
196000.009310	-71.0388 30.7556
197000.009357	-63.5963 25.6754
198000.009404	-78.351 27.1181
199000.009452	-83.3906 28.3698
200000.009499	-76.952 27.3713
201000.009547	-69.4204 20.9556
202000.009594	-81.9789 18.9801
203000.009642	-73.3485 29.6814
204000.009689	-78.8137 36.8387
205000.009737	-64.8675 26.252
206000.009784	-83.7523 32.9431
207000.009832	-78.1976 16.2856
208000.009879	-71.3528 16.7361
209000.009927	-76.7651 22.436
210000.009974	-81.3442 35.4697
211000.010022	-63.5997 20.3392
212000.010069	-77.8285 33.7459
213000.010117	-78.5542 43.2687
214000.010164	-71.5622 34.555
215000.010212	-82.7088 21.1796
216000.010259	-71.478 33.2367
217000.010307	-88.1564 27.7427
218000.010354	-79.3989 34.2246
219000.010402	-74.2117 23.7262
220000.010449	-75.582 31.1529
221000.010497	-79.155 21.556
222000.010544	-84.3049 53.0192
223000.010592	-77.7252 24.126
224000.010639	-68.2299 20.0154
225000.010687	-80.3144 28.392
226000.010734	-81.6568 27.9225
227000.010782	-73.9165 36.9264
228000.010829	-85.3394 25.4465
229000.010877	-85.7509 31.2831
230000.010924	-88.2875 33.6596
231000.010972	-84.4419 34.0909
232000.011019	-83.0209 25.5339
233000.011067	-66.3373 22.8984
234000.011114	-78.7357 38.4129
235000.011162	-82.8203 20.683
236000.011209	-80.2518 29.5535
237000.011257	-80.0451 51.3341
238000.011304	-76.8811 37.5643
239000.011352	-78.8711 20.5108
240000.011399	-90.7034 36.1301
