0.000000	-139.806 -3.97122
1000.000047	-136.798 5.13134
2000.000095	-146.289 3.91264
3000.000142	-145.018 6.80091
4000.000190	-147.659 18.8826
5000.000237	-140.467 0.961563
6000.000285	-139.936 -3.96736
7000.000332	-145.129 2.63752
8000.000380	-146.934 2.81033
9000.000427	-141.867 8.09882
10000.000475	-137.188 2.44048
11000.000522	-161.331 8.18713
12000.000570	-139.326 -6.84237
13000.000617	-142.269 -18.07
14000.000665	-152.949 0.158741
15000.000712	-139.951 3.31045
16000.000760	-150.132 -0.311032
17000.000807	-147.529 5.72403
18000.000855	-126.37 3.73857
19000.000902	-135.099 -3.14953
20000.000950	-158.2 -1.49181
21000.000997	-137.146 -4.89736
22000.001045	-151.866 2.9162
23000.001092	-152.609 13.5657
24000.001140	-147.95 7.4797
25000.001187	-141.099 11.3856
26000.001235	-132.812 5.73073
27000.001282	-144.287 -1.32286
28000.001330	-132.05 -3.93854
29000.001377	-124.313 -4.7145
30000.001425	-133.706 3.57339
31000.001472	-149.948 10.2937
32000.001520	-144.897 0.871941
33000.001567	-138.671 -7.551
34000.001615	-141.903 -7.16164
35000.001662	-143.013 -5.22039
36000.001710	-140.191 16.5136
37000.001757	-136.61 10.2134
38000.001805	-143.556 20.2879
39000.001852	-155.061 2.0445
40000.001900	-147.709 12.1859
41000.001947	-135.345 0.253515
42000.001995	-141.255 9.80087
43000.002042	-142.003 -1.0129
44000.002090	-159.277 -1.127
45000.002137	-138.339 -4.88239
46000.002185	-134.626 -10.7013
47000.002232	-145.021 -7.98158
48000.002280	-140.069 -9.59906
49000.002327	-134.584 -7.70746
50000.002375	-139.031 -8.70466
51000.002422	-154.77 20.2187
52000.002470	-147.12 5.44048
53000.002517	-144.553 -2.7221
54000.002565	-147.518 2.04491
55000.002612	-145.031 10.1419
56000.002660	-133.654 -7.27249
57000.002707	-139.839 -1.18064
58000.002755	-141.678 1.57243
59000.002802	-144.01 1.9457
60000.002850	-126.345 3.26378
61000.002897	-141.353 11.4698
62000.002945	-142.576 -1.15201
63000.002992	-139.239 -0.488885
64000.003040	-143.017 2.39602
65000.003087	-144.12 -3.10906
66000.003135	-138.378 23.9606
67000.003182	-150.645 -8.26065
68000.003230	-141.5 -14.7546
69000.003277	-135.32 2.69292
70000.003325	-141.937 9.18423
71000.003372	-135.99 12.359
72000.003420	-137.687 6.97226
73000.003467	-139.353 21.0124
74000.003515	-134.075 -7.18587
75000.003562	-133.98 -2.29535
76000.003610	-139.159 -0.374441
77000.003657	-151.037 18.3988
78000.003705	-141.362 -8.32276
79000.003752	-144.2 9.28455
80000.003800	-141.908 0.966305
81000.003847	-138.651 -6.82344
82000.003895	-145.567 -11.6892
83000.003942	-135.84 -5.77523
84000.003990	-145.301 3.67909
85000.004037	-136.086 6.18149
86000.004085	-144.022 7.67554
87000.004132	-138.674 -9.44996
88000.004180	-140.489 -1.63646
89000.004227	-142.174 13.0201
90000.004275	-147.892 1.36372
91000.004322	-134.764 5.18531
92000.004370	-142.69 0.156336
93000.004417	-143.833 7.44442
94000.004465	-151.498 5.62399
95000.004512	-146.434 -2.77806
96000.004560	-144.09 2.19144
97000.004607	-139.43 14.561
98000.004655	-143.894 0.92944
99000.004702	-146.493 13.7837
100000.004750	-136.785 -1.31502
101000.004797	-137.104 -0.981397
102000.004845	-144.895 0.777321
103000.004892	-144.857 19.5688
104000.004940	-141.133 0.401476
105000.004987	-135.139 3.45023
106000.005035	-145.192 10.1212
107000.005082	-141.558 -4.57894
108000.005130	-138.172 8.50668
109000.005177	-145.564 1.56579
110000.005225	-152.106 5.92375
111000.005272	-140.013 2.04695
112000.005320	-147.668 -0.7533
113000.005367	-152.925 7.81003
114000.005415	-134.612 -1.39793
115000.005462	-138.315 -10.7707
116000.005510	-142.979 -4.69005
117000.005557	-141.89 -15.527
118000.005605	-143.418 7.79505
119000.005652	-144.197 6.72958
120000.005700	-137.341 -10.6311
