0.000000	-164.614 173.8
1000.000047	-170.584 158.677
2000.000095	-155.708 171.702
3000.000142	-170.022 170.991
4000.000190	-159.911 162.304
5000.000237	-169.608 166.375
6000.000285	-164.934 167.734
7000.000332	-156.93 168.328
8000.000380	-164.32 168.552
9000.000427	179.687 164.336
10000.000475	-162.797 179.404
11000.000522	-177.281 159.441
12000.000570	-165.454 155.864
13000.000617	-175.991 174.788
14000.000665	-165.473 157.479
15000.000712	-166.347 170.464
16000.000760	-165.468 165.92
17000.000807	-163.279 163.02
18000.000855	-168.71 166.749
19000.000902	-148.422 178.078
20000.000950	-174.373 169.204
21000.000997	-167.067 168.926
22000.001045	-175.159 177.82
23000.001092	-164.266 173.266
24000.001140	-168.225 164.929
25000.001187	-172.116 168.637
26000.001235	-165.872 163.071
27000.001282	-163.54 159.767
28000.001330	-156.309 165.824
29000.001377	-170.098 160.518
30000.001425	-160.42 166.991
31000.001472	-162.512 165.781
32000.001520	-169.752 162.959
33000.001567	-155.701 168.15
34000.001615	-160.839 162.78
35000.001662	-169.108 175.721
36000.001710	-155.975 174.143
37000.001757	-168.571 154.472
38000.001805	-162.767 169.757
39000.001852	-164.65 175.245
40000.001900	-173.915 165.8
41000.001947	-166.549 158.057
42000.001995	-159.954 159.224
43000.002042	-176.368 158.243
44000.002090	-165.534 168.169
45000.002137	-156.414 165.275
46000.002185	-171.221 158.625
47000.002232	-168.063 168.787
48000.002280	-172.485 161.49
49000.002327	-170.882 170.355
50000.002375	-162.914 168.16
51000.002422	-151.722 168.848
52000.002470	-160.907 161.119
53000.002517	-163.8 159.162
54000.002565	-166.304 164.048
55000.002612	-154.706 165.273
56000.002660	-166.184 162.168
57000.002707	-158.452 159.455
58000.002755	-167.072 163.98
59000.002802	-164.542 171.727
60000.002850	-153.207 161.547
61000.002897	-166.078 167.879
62000.002945	-164.571 -178.096
63000.002992	-168.849 174.797
64000.003040	-147.447 174.038
65000.003087	-165.835 161.421
66000.003135	-160.795 164.888
67000.003182	-165.438 168.214
68000.003230	-159.912 158.157
69000.003277	-170.991 155.201
70000.003325	-162.73 165.892
71000.003372	-162.111 169.232
72000.003420	-163.165 167.55
73000.003467	-177.467 172.555
74000.003515	-166.703 174.447
75000.003562	-157.513 170.387
76000.003610	-164.597 159.986
77000.003657	-158.205 168.061
78000.003705	-158.233 171.42
79000.003752	-169.322 159.642
80000.003800	-164.225 165.299
81000.003847	-167.44 158.642
82000.003895	175.752 160.125
83000.003942	-160.868 167.176
84000.003990	-160.169 158.552
85000.004037	-169.404 161.39
86000.004085	-160.789 165.962
87000.004132	-168.066 167.655
88000.004180	-164.725 169.907
89000.004227	-168.466 164.377
90000.004275	-163.002 171.741
91000.004322	-149.514 163.42
92000.004370	-170.486 157.105
93000.004417	-164.675 163.708
94000.004465	-172.407 158.96
95000.004512	-162.082 163.81
96000.004560	-170.565 164.579
97000.004607	-169.419 164.42
98000.004655	-159.796 161.237
99000.004702	-171.876 174.456
100000.004750	-160.711 175.766
101000.004797	-168.667 168.593
102000.004845	-172.862 168.027
103000.004892	-170.762 168.721
104000.004940	-177.058 166.357
105000.004987	-167.722 155.094
106000.005035	-163.111 167.28
107000.005082	-156.816 166.144
108000.005130	-163.019 164.569
109000.005177	-166.091 170.951
110000.005225	-154.69 163.463
111000.005272	-168.093 167.222
112000.005320	-167.481 164.576
113000.005367	-163.641 169.33
114000.005415	-157.637 170.083
115000.005462	-173.768 162.469
116000.005510	-166.5 159.314
117000.005557	-164.64 155.617
118000.005605	-167.831 167.463
119000.005652	-164.982 165.782
120000.005700	-164.961 164.82
