700000.033248	-148.659 99.4912
701000.033296	-140.339 87.7955
702000.033343	-158.05 102.797
703000.033391	-138.956 75.2997
704000.033438	-164.406 56.7681
705000.033486	-146.147 120.568
706000.033533	-132.139 117.535
707000.033581	-157.209 123.297
708000.033628	-147.968 132.79
709000.033676	-145.493 118.834
710000.033723	-159.719 100.941
711000.033771	-164.041 107.072
712000.033818	-149.922 97.1473
713000.033866	-143.986 102.723
714000.033913	-141.587 108.44
715000.033961	-148.279 105.084
716000.034008	-144.359 96.0892
717000.034056	-131.016 97.6673
718000.034103	-133.786 90.9415
719000.034151	-143.907 112.099
720000.034198	-143.062 101.427
721000.034246	-132.412 81.0258
722000.034293	-163.032 120.234
723000.034341	-146.564 118.096
724000.034388	-148.46 132.745
725000.034436	-153.576 91.1798
726000.034483	-161.922 107.505
727000.034531	-143.052 101.623
728000.034578	-137.292 91.8615
729000.034626	-138.378 106.335
730000.034673	-143.066 119.228
731000.034721	-157.064 126.8
732000.034768	-154.859 74.352
733000.034816	-143.193 120.434
734000.034863	-147.024 119.276
735000.034911	-155.03 110.989
736000.034958	-141.443 107.253
737000.035006	-158.659 94.1689
738000.035053	-156.37 91.1514
739000.035101	-160.79 109.064
740000.035148	-149.818 109.478
741000.035196	-143.405 107.006
742000.035243	-151.216 94.4221
743000.035291	-154.238 115.506
744000.035338	-139.119 86.1953
745000.035386	-145.613 125.824
746000.035433	-148.375 99.6798
747000.035481	-155.55 103.401
748000.035528	-152.233 124.435
749000.035576	-135.151 108.654
750000.035623	-137.882 128.692
751000.035671	-146.793 84.6725
752000.035718	-160.354 110.555
753000.035766	-157.025 87.8951
754000.035813	-143.362 103.502
755000.035861	-127.061 76.8348
756000.035908	-157.379 108.809
757000.035956	-150.455 89.2964
758000.036003	-137.448 98.3726
759000.036051	-124.527 115.476
760000.036098	-143.076 112.39
761000.036146	-158.668 120.906
762000.036193	-141.538 115.461
763000.036241	-151.129 115.484
764000.036288	-153.249 88.0484
765000.036336	-146.103 91.0887
766000.036383	-120.661 111.835
767000.036431	-148.83 84.1337
768000.036478	-151.072 96.3272
769000.036526	-132.822 123.134
770000.036573	-133.445 97.8407
771000.036621	-152.68 77.0161
772000.036668	-156.474 114.365
773000.036716	-153.836 102.129
774000.036763	-145.571 127.362
775000.036811	-150.191 118.785
776000.036858	-156.614 131.917
777000.036906	-141.84 104.453
778000.036953	-152.209 100.605
779000.037001	-149.102 93.0001
780000.037048	-154.003 111.555
781000.037096	-149.614 97.3595
782000.037143	-151.331 92.6521
783000.037191	-157.015 73.1589
784000.037238	-163.806 115.167
785000.037285	-146.88 117.484
786000.037333	-145.258 119.745
787000.037380	-145.558 89.8918
788000.037428	-153.666 87.5248
789000.037475	-147.627 97.6829
790000.037523	-152.439 63.7887
791000.037570	-154.885 83.7844
792000.037618	-160.344 101.099
793000.037665	-140.168 110.999
794000.037713	-136.813 114.974
795000.037760	-134.8 91.7914
796000.037808	-149.595 93.6071
797000.037855	-145.195 102.25
798000.037903	-139.472 104.125
799000.037950	-154.285 98.6134
800000.037998	-132.588 119.55
801000.038045	-156.689 110.275
802000.038093	-140.106 109.201
803000.038140	-157.555 95.653
804000.038188	-142.888 115.745
805000.038235	-162.222 92.3429
806000.038283	-141.294 118.786
807000.038330	-133.959 80.6794
808000.038378	-160.741 97.4526
809000.038425	-147.434 90.0742
810000.038473	-163.757 111.935
811000.038520	-153.44 110.737
812000.038568	-156.96 107.008
813000.038615	-152.881 124.077
814000.038663	-125.004 114.627
815000.038710	-148.286 137.294
816000.038758	-154.78 88.7002
817000.038805	-139.387 122.455
818000.038853	-139.246 109.867
819000.038900	-144.131 95.3159
820000.038948	-137.341 113.977
