#! FIELDS time restraint.bias r0 r1 r2 r3 r4 r5 r6 r7 r8 r9 r10 r11 r12 r13 r14 r15 r16 r17 r18 r19 r20 r21 r22 r23 r24 r25 r26 r27 r28 r29 r30 r31 r32 r33 r34 r35 r36 r37 r38 r39 r40 r41 r42 r43 r44 r45 r46 r47 r48 r49 r50 r51 r52 r53 r54 r55 r56 r57 r58 r59
360000.017099 7.265630 0.146119 0.123727 0.129930 0.106041 0.109134 0.114630 0.144959 0.139106 0.117406 0.106307 0.112064 0.134599 0.123800 0.144859 0.138777 0.110055 0.147022 0.144511 0.117836 0.140673 0.109139 0.128279 0.137353 0.121148 0.120035 0.118479 0.140812 0.125211 0.106374 0.122278 0.119966 0.095302 0.065524 0.079956 0.035228 0.027564 0.044155 0.124739 0.132016 0.113025 0.103976 0.101280 0.062278 0.060114 0.038677 0.073391 0.070960 0.084818 0.025195 0.049602 0.098521 0.133961 0.018559 0.062603 0.050773 0.123823 0.136780 0.146904 0.080008 0.119890
361000.017147 3.319118 0.151039 0.129409 0.135599 0.109737 0.110509 0.120084 0.147710 0.142749 0.124126 0.104961 0.118400 0.129340 0.119961 0.140738 0.145293 0.115351 0.146374 0.150898 0.116554 0.144815 0.107957 0.122813 0.136311 0.124142 0.113073 0.114563 0.137137 0.118532 0.097623 0.120517 0.113346 0.101212 0.071334 0.084507 0.030337 0.034199 0.049804 0.122324 0.133366 0.117498 0.104851 0.093242 0.064955 0.066513 0.041886 0.080926 0.077456 0.089916 0.027731 0.042017 0.089896 0.131632 0.012544 0.063793 0.055958 0.123736 0.132731 0.147848 0.082517 0.123712
362000.017194 8.693481 0.143836 0.121370 0.125618 0.106006 0.110282 0.113571 0.141900 0.134315 0.114095 0.107911 0.107387 0.134895 0.125710 0.143922 0.136233 0.107501 0.143211 0.141025 0.120057 0.136570 0.112676 0.129491 0.138873 0.121877 0.120412 0.115891 0.142168 0.123110 0.105242 0.122144 0.122294 0.097505 0.069327 0.077824 0.028814 0.023133 0.046060 0.122812 0.132408 0.114230 0.100542 0.101891 0.068831 0.059145 0.044069 0.077265 0.071479 0.090124 0.021033 0.053849 0.100902 0.134215 0.020301 0.067601 0.048030 0.124688 0.135444 0.145669 0.085312 0.120585
363000.017242 6.680147 0.147319 0.124554 0.133553 0.105544 0.108848 0.116191 0.145304 0.142435 0.121588 0.103456 0.117681 0.132374 0.120286 0.143191 0.141475 0.112608 0.148142 0.148860 0.116230 0.143405 0.104317 0.124168 0.133960 0.118971 0.116277 0.117062 0.136121 0.123328 0.105148 0.119061 0.114974 0.092110 0.061236 0.078813 0.035841 0.031609 0.040529 0.121302 0.128723 0.110274 0.103269 0.098772 0.057411 0.060337 0.033279 0.071748 0.068550 0.080990 0.033571 0.043976 0.093162 0.129440 0.017796 0.054926 0.048067 0.121507 0.137324 0.145282 0.074718 0.117200
364000.017289 2.089591 0.150516 0.127889 0.134086 0.108169 0.109376 0.118230 0.147361 0.141938 0.122598 0.104595 0.117328 0.129791 0.120146 0.141138 0.144190 0.113680 0.146691 0.149743 0.116288 0.144481 0.107574 0.124202 0.137645 0.125166 0.114410 0.115730 0.138593 0.119194 0.098066 0.122179 0.114620 0.101333 0.070817 0.085187 0.027473 0.033653 0.050675 0.123605 0.134534 0.118667 0.105725 0.094507 0.065443 0.067244 0.042094 0.081104 0.077511 0.090027 0.025664 0.042492 0.090495 0.132959 0.009953 0.063516 0.054981 0.125591 0.133536 0.148416 0.082467 0.124616
365000.017337 8.655140 0.145671 0.123018 0.126674 0.106773 0.109979 0.114766 0.142420 0.134501 0.115221 0.106809 0.108311 0.130769 0.123803 0.140616 0.138096 0.107938 0.141289 0.142719 0.118972 0.137400 0.113947 0.128142 0.139638 0.124596 0.117286 0.113586 0.141324 0.118724 0.099758 0.122316 0.121062 0.101982 0.075005 0.080904 0.025138 0.027763 0.051319 0.121687 0.134429 0.117500 0.100944 0.098114 0.074047 0.063232 0.050236 0.083604 0.076357 0.094927 0.016906 0.053936 0.098493 0.134610 0.020256 0.072003 0.052900 0.126437 0.131246 0.146056 0.089741 0.123707
366000.017384 4.108495 0.148974 0.126218 0.131317 0.107574 0.109278 0.116558 0.146174 0.139518 0.119788 0.105829 0.113815 0.130852 0.121702 0.141604 0.142302 0.111527 0.145534 0.147147 0.117644 0.141979 0.109634 0.125595 0.138974 0.126078 0.115408 0.115614 0.140469 0.118630 0.098131 0.123295 0.116608 0.102688 0.072899 0.085583 0.025586 0.033155 0.053009 0.124072 0.135138 0.119680 0.105563 0.095827 0.068661 0.067658 0.045116 0.082154 0.078598 0.092434 0.023358 0.046468 0.092773 0.133713 0.013956 0.066867 0.054852 0.126416 0.133556 0.148707 0.085733 0.125524
367000.017432 4.870152 0.151495 0.128300 0.133462 0.108050 0.108596 0.118507 0.147159 0.140574 0.121998 0.103331 0.116954 0.126258 0.118739 0.138276 0.144786 0.112247 0.144285 0.150069 0.115092 0.143975 0.109160 0.124654 0.140254 0.129569 0.113279 0.114865 0.139767 0.116015 0.093654 0.124290 0.115172 0.107355 0.078012 0.089749 0.024463 0.038523 0.057598 0.124361 0.138193 0.123666 0.107250 0.092440 0.072658 0.073249 0.050964 0.089122 0.083773 0.096153 0.023832 0.044830 0.089669 0.135393 0.015195 0.069968 0.060971 0.129180 0.129496 0.149029 0.087718 0.129346
368000.017479 8.501932 0.146307 0.123014 0.128508 0.105693 0.109817 0.114223 0.143887 0.137528 0.117098 0.106474 0.110735 0.133821 0.124845 0.143999 0.138822 0.108727 0.144894 0.144810 0.119705 0.139646 0.111983 0.129311 0.139674 0.123139 0.119579 0.116509 0.141308 0.122283 0.104151 0.122707 0.121515 0.098171 0.069461 0.079367 0.027135 0.024838 0.046341 0.122490 0.133303 0.115193 0.101992 0.101583 0.068806 0.061342 0.043845 0.079103 0.072904 0.089499 0.022780 0.052361 0.099353 0.133994 0.020076 0.065288 0.048606 0.125953 0.136601 0.146702 0.084205 0.121776
369000.017527 2.188993 0.149640 0.129037 0.135532 0.109009 0.108583 0.119820 0.145965 0.141772 0.124602 0.102375 0.119895 0.125598 0.115943 0.136913 0.144872 0.115602 0.144042 0.150225 0.112728 0.144309 0.103991 0.118153 0.132238 0.122259 0.109211 0.112507 0.133217 0.115879 0.093965 0.117836 0.108229 0.100498 0.070163 0.085831 0.033092 0.039047 0.050980 0.120970 0.131031 0.116777 0.104677 0.088488 0.062030 0.068689 0.040738 0.080798 0.077832 0.088174 0.030978 0.036709 0.084570 0.128602 0.010187 0.061742 0.058724 0.120927 0.129031 0.145070 0.079716 0.122347
370000.017574 6.138422 0.145576 0.123328 0.128052 0.107523 0.110764 0.115790 0.142872 0.136036 0.116820 0.107329 0.110821 0.133085 0.124156 0.142651 0.138427 0.109788 0.143391 0.143587 0.119206 0.138493 0.111720 0.126034 0.136842 0.121168 0.116675 0.113373 0.139102 0.119777 0.101543 0.119899 0.118725 0.097285 0.068995 0.078007 0.028512 0.026606 0.046031 0.120244 0.131511 0.113826 0.099645 0.097902 0.067995 0.059892 0.043177 0.078105 0.071677 0.089750 0.024168 0.050223 0.096417 0.132084 0.017059 0.065956 0.049516 0.123425 0.134303 0.145344 0.084063 0.119915
371000.017622 7.544361 0.148379 0.125532 0.133105 0.107629 0.111517 0.117404 0.146269 0.141711 0.121131 0.106746 0.116236 0.134786 0.124153 0.145234 0.141849 0.112657 0.148409 0.148622 0.119510 0.143440 0.109179 0.126541 0.136665 0.120591 0.117538 0.116856 0.138750 0.123038 0.104998 0.120460 0.118196 0.094916 0.065271 0.078615 0.033932 0.028716 0.042331 0.121698 0.131232 0.112270 0.102661 0.099838 0.062673 0.060415 0.038642 0.075100 0.070106 0.084837 0.029761 0.047723 0.096314 0.132053 0.018912 0.060325 0.048359 0.123543 0.138476 0.147113 0.079519 0.119209
372000.017669 2.579931 0.150118 0.127815 0.135092 0.108648 0.110298 0.119565 0.146711 0.142781 0.124487 0.104337 0.119943 0.130040 0.119459 0.141184 0.145084 0.114932 0.146788 0.151391 0.116898 0.144546 0.106137 0.121044 0.134684 0.122756 0.111907 0.114253 0.135128 0.117424 0.097688 0.119443 0.111786 0.098338 0.067081 0.083368 0.028303 0.035847 0.047636 0.120095 0.131343 0.115824 0.103940 0.093317 0.062640 0.066501 0.038623 0.079539 0.074714 0.087002 0.033112 0.039551 0.086988 0.129057 0.011059 0.057921 0.052141 0.123250 0.135019 0.146809 0.079010 0.121496
373000.017717 7.720116 0.148836 0.125689 0.134871 0.106818 0.109655 0.116459 0.147255 0.144699 0.122883 0.105434 0.118634 0.134839 0.122705 0.145747 0.142200 0.114663 0.150312 0.150024 0.118024 0.145420 0.106584 0.125473 0.134978 0.119645 0.118536 0.118330 0.137363 0.125417 0.107049 0.120123 0.116263 0.091676 0.060147 0.079028 0.037401 0.031344 0.040932 0.123163 0.129144 0.110503 0.104588 0.100365 0.057011 0.059055 0.030684 0.070092 0.068538 0.080948 0.035248 0.045573 0.095549 0.129995 0.019131 0.055030 0.048831 0.121721 0.140105 0.146588 0.074814 0.117666
374000.017764 1.719272 0.153430 0.131207 0.138434 0.108579 0.106832 0.120036 0.149562 0.145661 0.127010 0.101148 0.123076 0.124610 0.114425 0.137025 0.148159 0.116945 0.147065 0.153807 0.111484 0.148359 0.102227 0.119852 0.136039 0.128100 0.110689 0.116426 0.135782 0.117122 0.093309 0.122762 0.108232 0.105087 0.073039 0.092640 0.031311 0.043652 0.057319 0.126020 0.135728 0.122898 0.110987 0.089127 0.063342 0.075305 0.042633 0.084443 0.083659 0.090743 0.032170 0.034236 0.082835 0.131842 0.009028 0.062130 0.062971 0.125862 0.129963 0.148765 0.080399 0.128228
375000.017812 7.777031 0.146356 0.123729 0.128825 0.106926 0.111113 0.116317 0.143326 0.136552 0.117911 0.106433 0.112213 0.133013 0.123898 0.143012 0.139744 0.109173 0.144020 0.145178 0.119381 0.139223 0.111018 0.127587 0.138795 0.122956 0.117319 0.115120 0.140312 0.120266 0.102061 0.121746 0.119816 0.099144 0.070452 0.079762 0.026680 0.028223 0.046937 0.120761 0.133483 0.115772 0.100908 0.099362 0.069203 0.063341 0.045544 0.081291 0.073393 0.090191 0.025073 0.050029 0.096145 0.133733 0.019201 0.065254 0.049232 0.126025 0.135408 0.146473 0.084172 0.121766
376000.017859 15.252368 0.143773 0.121126 0.128862 0.107207 0.113438 0.115394 0.142026 0.138537 0.118429 0.109754 0.112903 0.139533 0.128439 0.148154 0.137179 0.111546 0.146557 0.144667 0.123687 0.139225 0.112854 0.126230 0.133066 0.113615 0.118799 0.113252 0.136167 0.122933 0.109807 0.115464 0.120735 0.086142 0.057668 0.068089 0.037015 0.023221 0.033099 0.115373 0.124374 0.103915 0.095227 0.103741 0.062805 0.049069 0.034658 0.068196 0.059692 0.081501 0.037004 0.055134 0.101491 0.126669 0.026890 0.056916 0.037447 0.118588 0.142653 0.142934 0.078041 0.110768
377000.017907 7.336255 0.147974 0.125248 0.130171 0.108300 0.112242 0.117698 0.144734 0.138050 0.119496 0.107698 0.112894 0.134255 0.124983 0.144347 0.141324 0.111359 0.145226 0.146539 0.120710 0.140761 0.112107 0.128736 0.140107 0.124314 0.118875 0.115902 0.141820 0.122019 0.103335 0.122744 0.120707 0.100327 0.071122 0.079919 0.024708 0.026144 0.047406 0.122230 0.134529 0.117132 0.101551 0.100199 0.069489 0.062479 0.044283 0.081283 0.074221 0.091919 0.024798 0.050044 0.097491 0.134565 0.018649 0.065734 0.048386 0.126489 0.136789 0.147845 0.085423 0.123086
378000.017954 8.570361 0.143503 0.122010 0.127747 0.106551 0.110302 0.114621 0.142046 0.136188 0.115640 0.107043 0.109840 0.134147 0.123913 0.143407 0.136636 0.109280 0.144015 0.142143 0.118812 0.137287 0.110287 0.125615 0.134038 0.117362 0.117177 0.114140 0.137836 0.121955 0.104947 0.118003 0.118684 0.092562 0.064736 0.075164 0.035426 0.025686 0.040900 0.119801 0.128006 0.108845 0.099100 0.099602 0.063411 0.055525 0.039539 0.071815 0.067186 0.084981 0.026476 0.051428 0.098141 0.130088 0.020157 0.063757 0.047674 0.120244 0.134735 0.143899 0.081280 0.115810
379000.018002 2.846007 0.151721 0.130662 0.139307 0.108851 0.107828 0.120611 0.148286 0.145982 0.127615 0.101061 0.124204 0.125388 0.114145 0.137098 0.147286 0.118029 0.147007 0.153699 0.111178 0.148094 0.100136 0.117687 0.131873 0.123005 0.109699 0.115596 0.132672 0.118521 0.095778 0.118918 0.106066 0.099759 0.068095 0.088578 0.037832 0.042930 0.051418 0.123823 0.131182 0.117120 0.108689 0.088790 0.057264 0.071037 0.037218 0.078911 0.078604 0.085397 0.035722 0.032256 0.082820 0.128712 0.011616 0.058102 0.060872 0.121309 0.130590 0.145950 0.075802 0.123027
380000.018049 6.334592 0.147721 0.125621 0.133453 0.108036 0.111431 0.119465 0.143574 0.140558 0.123642 0.104180 0.119342 0.130011 0.119602 0.140379 0.143362 0.113944 0.144401 0.150313 0.117766 0.142116 0.106350 0.119869 0.132542 0.119620 0.110592 0.111649 0.132889 0.115991 0.098474 0.116130 0.111684 0.095360 0.065476 0.078803 0.029067 0.035248 0.043879 0.115607 0.128013 0.112129 0.099748 0.093604 0.063844 0.063733 0.039789 0.079301 0.070840 0.086507 0.036471 0.042426 0.087772 0.126233 0.017329 0.057055 0.048081 0.121254 0.134692 0.143741 0.078649 0.117813
381000.018097 8.802729 0.148963 0.125504 0.130916 0.107585 0.111384 0.117868 0.144570 0.138852 0.121434 0.106065 0.115258 0.132104 0.123375 0.142795 0.142776 0.111507 0.144463 0.148871 0.120288 0.141536 0.111494 0.127422 0.140646 0.126258 0.116949 0.115194 0.140287 0.119060 0.100560 0.123005 0.119066 0.102110 0.072442 0.082272 0.019722 0.031252 0.050557 0.120765 0.135006 0.119194 0.102167 0.099042 0.071919 0.066908 0.046405 0.085413 0.076826 0.093462 0.029932 0.049356 0.094410 0.133169 0.020428 0.064205 0.049644 0.127999 0.136630 0.147513 0.085380 0.124708
382000.018144 6.404321 0.150884 0.126539 0.132375 0.106723 0.109418 0.117258 0.146921 0.140795 0.121752 0.104494 0.116565 0.130354 0.121305 0.142064 0.144250 0.111393 0.146522 0.150016 0.118085 0.143793 0.109439 0.127995 0.142544 0.129758 0.116910 0.117921 0.141993 0.119400 0.098815 0.126357 0.118513 0.105049 0.074573 0.087586 0.019373 0.035573 0.054975 0.124751 0.138364 0.122957 0.107125 0.098046 0.071944 0.071450 0.048332 0.087181 0.080756 0.094454 0.027119 0.047026 0.092249 0.136082 0.017424 0.065558 0.054250 0.131274 0.135451 0.150204 0.086079 0.128497
383000.018192 4.146484 0.150684 0.127524 0.132903 0.109049 0.111411 0.119021 0.146841 0.140732 0.122218 0.106486 0.116391 0.131455 0.122721 0.142549 0.144208 0.112961 0.146065 0.149851 0.119446 0.143291 0.111043 0.125648 0.139685 0.126322 0.114824 0.114805 0.139687 0.117755 0.098010 0.122687 0.116989 0.102535 0.072747 0.083956 0.022029 0.032249 0.051107 0.121631 0.135537 0.119457 0.103754 0.096068 0.070100 0.067266 0.045553 0.084182 0.077708 0.092832 0.026464 0.046227 0.091899 0.133476 0.014020 0.065206 0.052781 0.127398 0.135196 0.148988 0.085366 0.125286
384000.018239 14.432614 0.145521 0.122347 0.124550 0.106881 0.111402 0.113911 0.142296 0.133376 0.114544 0.109615 0.105963 0.135381 0.128220 0.144449 0.137527 0.106987 0.141939 0.141541 0.122952 0.136666 0.117540 0.133888 0.144961 0.127711 0.123053 0.116925 0.146351 0.122501 0.104449 0.126767 0.126861 0.104514 0.076873 0.081641 0.019930 0.024328 0.053849 0.124425 0.137869 0.121033 0.101958 0.104656 0.077937 0.064231 0.051991 0.085859 0.078195 0.097887 0.020039 0.058783 0.103498 0.138180 0.026157 0.072973 0.049627 0.130380 0.136697 0.148047 0.092369 0.126568
385000.018287 15.085753 0.145205 0.121283 0.124031 0.104413 0.108608 0.112076 0.141784 0.133032 0.113023 0.106450 0.105391 0.131517 0.125480 0.141557 0.136835 0.104211 0.140552 0.141662 0.120079 0.136035 0.116479 0.133693 0.145456 0.129396 0.121953 0.117237 0.145838 0.120723 0.101974 0.127724 0.126574 0.106209 0.079281 0.084464 0.020533 0.028056 0.056116 0.125006 0.138990 0.122208 0.103741 0.103404 0.079738 0.067632 0.055519 0.088864 0.080843 0.098542 0.015422 0.059284 0.102815 0.139108 0.026743 0.074931 0.054205 0.132001 0.133118 0.147437 0.093096 0.128201
386000.018334 1.662634 0.152037 0.130150 0.137206 0.109142 0.108951 0.120340 0.148189 0.144170 0.126231 0.103001 0.121899 0.126764 0.117029 0.138389 0.146928 0.116308 0.146618 0.152791 0.113907 0.146997 0.104244 0.119545 0.134661 0.124807 0.110049 0.114296 0.134575 0.116150 0.094015 0.120203 0.109061 0.102060 0.070742 0.088001 0.030676 0.039892 0.052967 0.122511 0.133461 0.119466 0.106829 0.089613 0.063226 0.071362 0.041185 0.082640 0.079651 0.089023 0.031380 0.036266 0.084342 0.130177 0.008878 0.060610 0.058715 0.123801 0.131835 0.147406 0.079824 0.124841
387000.018382 3.157110 0.151749 0.129028 0.136286 0.108418 0.109322 0.119109 0.149291 0.144774 0.124804 0.104383 0.120628 0.131698 0.120515 0.143613 0.145683 0.115194 0.149732 0.152106 0.116143 0.146684 0.105986 0.124685 0.137918 0.125778 0.116445 0.119130 0.138959 0.122430 0.101121 0.123769 0.114345 0.100112 0.067527 0.086907 0.032001 0.036792 0.049691 0.125827 0.134915 0.118634 0.108331 0.096366 0.060973 0.068879 0.037616 0.079462 0.077270 0.086179 0.032155 0.039705 0.089836 0.133523 0.012234 0.058337 0.056157 0.126111 0.137221 0.149582 0.077778 0.124627
388000.018429 3.649105 0.153946 0.133609 0.142037 0.111733 0.109960 0.124172 0.149227 0.147358 0.131103 0.101768 0.127688 0.123056 0.112585 0.134424 0.150932 0.120656 0.146259 0.156897 0.112102 0.149754 0.100058 0.113006 0.130112 0.123711 0.103394 0.111807 0.129003 0.111873 0.088976 0.116698 0.101348 0.103169 0.072296 0.091282 0.035920 0.047660 0.055852 0.120212 0.131104 0.119416 0.108308 0.083461 0.060972 0.075689 0.042240 0.083886 0.082258 0.089093 0.039430 0.028198 0.075552 0.125782 0.013153 0.059931 0.062979 0.120912 0.128666 0.145950 0.078883 0.124454
389000.018477 3.740506 0.150196 0.127519 0.133021 0.108832 0.111051 0.118911 0.146352 0.140351 0.122226 0.105899 0.116507 0.130280 0.121782 0.141182 0.144138 0.113059 0.145223 0.149519 0.118294 0.143400 0.110150 0.124439 0.138414 0.125640 0.113747 0.114116 0.138857 0.117190 0.096803 0.121841 0.115743 0.102770 0.073081 0.084346 0.023699 0.033073 0.051578 0.121693 0.134955 0.119443 0.103839 0.094238 0.069438 0.067752 0.045759 0.084311 0.078134 0.092750 0.025203 0.044782 0.091186 0.132978 0.013316 0.065624 0.053749 0.126340 0.133646 0.148193 0.085357 0.125084
390000.018524 7.007268 0.149137 0.126074 0.130439 0.107471 0.109664 0.116808 0.145586 0.138163 0.118883 0.105441 0.112544 0.130329 0.122373 0.141443 0.141694 0.110407 0.144195 0.146730 0.117596 0.141263 0.111600 0.129138 0.142186 0.128524 0.118543 0.116835 0.143187 0.121010 0.099955 0.125447 0.120131 0.105436 0.076605 0.085669 0.024159 0.031293 0.054111 0.125643 0.137869 0.121640 0.105340 0.098054 0.072618 0.068148 0.049292 0.086041 0.080501 0.095684 0.019953 0.049804 0.096484 0.137205 0.018226 0.070818 0.056408 0.129179 0.132422 0.148753 0.088347 0.127824
391000.018572 3.478424 0.148482 0.126651 0.133263 0.107978 0.109457 0.117362 0.146552 0.141367 0.120884 0.105396 0.115827 0.131709 0.121001 0.142423 0.142064 0.113275 0.147175 0.147635 0.116302 0.143123 0.107019 0.124138 0.135425 0.121787 0.115614 0.116338 0.138205 0.121752 0.101485 0.120635 0.114895 0.097346 0.067198 0.082542 0.034412 0.032280 0.046685 0.123870 0.131769 0.114519 0.104933 0.095927 0.061178 0.063206 0.038341 0.075294 0.073680 0.086129 0.026983 0.043787 0.092795 0.132032 0.012841 0.062482 0.054056 0.122584 0.134223 0.147144 0.079973 0.121121
392000.018619 3.995045 0.151988 0.129632 0.135635 0.110153 0.111458 0.120386 0.148343 0.142681 0.123921 0.105936 0.118440 0.130024 0.121202 0.141374 0.145672 0.115159 0.147060 0.151165 0.117507 0.145627 0.109222 0.124390 0.138243 0.125795 0.113774 0.114917 0.138906 0.118541 0.097336 0.121924 0.114860 0.103085 0.073673 0.085296 0.028731 0.034581 0.051951 0.123106 0.135411 0.119391 0.105235 0.093665 0.067915 0.067896 0.045185 0.083363 0.078886 0.092373 0.025889 0.043685 0.090961 0.133657 0.013762 0.066503 0.056468 0.125992 0.133202 0.149133 0.084984 0.125581
393000.018666 1.913392 0.149012 0.126240 0.133749 0.106508 0.107736 0.116727 0.146368 0.142301 0.121845 0.103077 0.117664 0.129774 0.118842 0.141160 0.142675 0.113131 0.147047 0.149178 0.114727 0.143882 0.104932 0.123177 0.135440 0.122953 0.114651 0.116509 0.136892 0.120674 0.100168 0.120950 0.113275 0.097346 0.066147 0.083711 0.031204 0.034498 0.047557 0.123338 0.131752 0.115260 0.105701 0.095095 0.060850 0.065205 0.037012 0.076697 0.074340 0.085663 0.029567 0.041308 0.090008 0.130945 0.009524 0.059196 0.054096 0.123595 0.134036 0.146644 0.078000 0.121695
394000.018714 4.922609 0.149156 0.125463 0.130689 0.106567 0.108800 0.115883 0.146330 0.139164 0.118537 0.105128 0.113590 0.131030 0.122279 0.142346 0.141513 0.109656 0.145917 0.146967 0.117167 0.142022 0.110374 0.128342 0.141398 0.127772 0.117842 0.117741 0.142446 0.120638 0.099747 0.125607 0.119370 0.103339 0.073753 0.086263 0.026087 0.033207 0.053109 0.125700 0.137525 0.120650 0.106550 0.097868 0.070262 0.068618 0.047640 0.084096 0.079090 0.092527 0.021085 0.048224 0.094689 0.137021 0.015276 0.067974 0.056396 0.129489 0.133896 0.149342 0.085643 0.126827
395000.018761 3.265076 0.146795 0.124627 0.133001 0.105837 0.106682 0.115195 0.145049 0.142203 0.121221 0.102989 0.117964 0.130678 0.118839 0.141612 0.140655 0.113279 0.146803 0.147775 0.113993 0.142992 0.103940 0.120707 0.131713 0.119424 0.114285 0.116066 0.134148 0.121254 0.101475 0.118493 0.111304 0.092576 0.060567 0.082005 0.036785 0.036537 0.044782 0.122429 0.127657 0.111116 0.105110 0.094655 0.055807 0.062774 0.031248 0.071435 0.070761 0.080703 0.034909 0.040562 0.089552 0.127578 0.012441 0.054986 0.053915 0.119880 0.134952 0.144083 0.073487 0.117632
396000.018809 6.150739 0.157830 0.136241 0.145726 0.112452 0.110039 0.125325 0.153558 0.152632 0.134688 0.102341 0.131799 0.125785 0.114060 0.138026 0.154115 0.123595 0.151443 0.161078 0.112655 0.154817 0.099505 0.116600 0.133898 0.127776 0.108633 0.117892 0.132226 0.117851 0.094086 0.121688 0.103300 0.104593 0.071108 0.095021 0.038607 0.049997 0.057911 0.126038 0.134729 0.122847 0.113587 0.087765 0.058506 0.078640 0.038692 0.084054 0.084735 0.087898 0.043893 0.026723 0.077509 0.129248 0.017076 0.056102 0.065119 0.124542 0.134191 0.149665 0.075807 0.127999
397000.018856 3.121672 0.149203 0.127312 0.135104 0.109034 0.110966 0.119038 0.146589 0.143212 0.123969 0.105823 0.119294 0.132182 0.121178 0.142736 0.143700 0.115677 0.147814 0.150240 0.117642 0.144717 0.106631 0.121079 0.132750 0.119148 0.112781 0.113867 0.134424 0.119242 0.100406 0.117415 0.112242 0.094084 0.063206 0.079562 0.033508 0.032938 0.043212 0.119527 0.128738 0.111734 0.102299 0.094367 0.059371 0.061183 0.034141 0.073934 0.070331 0.083739 0.033245 0.041417 0.089760 0.127875 0.012165 0.056746 0.050103 0.120317 0.136495 0.145807 0.077039 0.117964
398000.018904 4.559278 0.147891 0.125776 0.134175 0.106907 0.108476 0.116482 0.146093 0.143054 0.121947 0.104027 0.118087 0.131628 0.120489 0.142663 0.141554 0.113748 0.147704 0.148927 0.115521 0.143995 0.105708 0.122080 0.132609 0.118981 0.114687 0.115966 0.134663 0.121564 0.102330 0.118305 0.112962 0.092671 0.061856 0.080415 0.037371 0.033586 0.042529 0.121646 0.128336 0.110358 0.104074 0.095727 0.057001 0.061023 0.032641 0.071862 0.070191 0.080859 0.032871 0.042443 0.091612 0.128600 0.014702 0.056403 0.052943 0.120082 0.135888 0.144891 0.074834 0.117467
399000.018951 3.150914 0.155121 0.131943 0.138707 0.111031 0.111621 0.122014 0.151302 0.146478 0.127335 0.105983 0.122332 0.131015 0.121180 0.143147 0.148886 0.117815 0.150180 0.154988 0.117934 0.149173 0.108457 0.125038 0.140298 0.129183 0.115190 0.117886 0.140196 0.120439 0.098203 0.124690 0.114385 0.105036 0.073476 0.088987 0.027335 0.037743 0.054274 0.126098 0.137742 0.122621 0.109053 0.094419 0.066686 0.071451 0.043119 0.084665 0.081589 0.092710 0.030781 0.040303 0.089253 0.134903 0.012222 0.063838 0.058003 0.128434 0.136130 0.151699 0.083493 0.128575
400000.018999 6.214435 0.147318 0.123855 0.132607 0.105407 0.109300 0.115567 0.145712 0.142296 0.120512 0.104752 0.117077 0.134581 0.122614 0.145513 0.140821 0.111391 0.149008 0.148607 0.118075 0.142870 0.106838 0.126005 0.135735 0.120211 0.117861 0.118490 0.137789 0.123744 0.106124 0.120877 0.117475 0.091813 0.060469 0.079204 0.034351 0.031501 0.040358 0.121801 0.129858 0.110645 0.104041 0.100771 0.059068 0.060915 0.034673 0.072498 0.068158 0.080694 0.033061 0.046037 0.094468 0.130956 0.017164 0.054892 0.047856 0.123813 0.139538 0.146478 0.075084 0.117678
401000.019046 6.972523 0.144539 0.121777 0.131140 0.103589 0.106544 0.112798 0.143864 0.141247 0.118475 0.102906 0.115458 0.133261 0.120800 0.143923 0.137799 0.110408 0.147620 0.145902 0.115030 0.141384 0.104316 0.123619 0.131983 0.116617 0.117432 0.117773 0.135048 0.124491 0.106708 0.118313 0.114951 0.088023 0.056622 0.077797 0.039726 0.031740 0.037779 0.121949 0.126125 0.106691 0.103659 0.099564 0.053515 0.057825 0.028666 0.066782 0.065616 0.076135 0.034625 0.045100 0.094627 0.128194 0.018181 0.052979 0.049460 0.119294 0.137695 0.143219 0.070973 0.114255
402000.019094 4.036925 0.150867 0.127957 0.132655 0.109063 0.110500 0.118059 0.147928 0.141135 0.121158 0.107129 0.114844 0.132708 0.123842 0.144046 0.143472 0.113046 0.147010 0.148630 0.118937 0.143636 0.112115 0.128420 0.141541 0.128008 0.118617 0.117745 0.142906 0.121872 0.100763 0.125411 0.119385 0.103740 0.073451 0.085741 0.025479 0.030991 0.052578 0.126216 0.137432 0.120944 0.106487 0.098030 0.069269 0.066940 0.044614 0.082905 0.079254 0.093153 0.022344 0.047436 0.095442 0.136466 0.013834 0.067426 0.055711 0.128311 0.135501 0.150369 0.086110 0.127091
403000.019141 7.818084 0.147909 0.124905 0.130317 0.108491 0.112787 0.117788 0.144445 0.138729 0.120610 0.108274 0.114378 0.135401 0.125811 0.145441 0.141656 0.112006 0.145417 0.147560 0.122272 0.140799 0.112886 0.127424 0.139219 0.123574 0.117783 0.115045 0.140269 0.120348 0.103034 0.121685 0.119938 0.098432 0.068626 0.078974 0.022835 0.028217 0.046331 0.119859 0.132840 0.115772 0.100724 0.100293 0.069258 0.062381 0.042791 0.080796 0.072662 0.090587 0.030537 0.050000 0.095938 0.132152 0.019252 0.062507 0.046118 0.125994 0.139014 0.147380 0.084054 0.121578
404000.019189 3.324840 0.149501 0.126626 0.132774 0.107561 0.109750 0.117902 0.146048 0.140656 0.121926 0.104654 0.116468 0.130395 0.120510 0.141459 0.143539 0.112708 0.145966 0.149167 0.117283 0.143024 0.107684 0.124561 0.137966 0.124987 0.114657 0.115374 0.138681 0.118873 0.098825 0.121991 0.115222 0.100895 0.070382 0.083863 0.024368 0.032814 0.049942 0.122249 0.133952 0.118255 0.104310 0.095659 0.066469 0.066779 0.042253 0.081559 0.076534 0.090443 0.027638 0.043678 0.090731 0.132284 0.012555 0.062414 0.052048 0.125788 0.134533 0.147855 0.082541 0.124016
405000.019236 8.684013 0.146669 0.123695 0.133865 0.104172 0.107575 0.115510 0.144959 0.142941 0.121951 0.101754 0.119832 0.131767 0.118743 0.142741 0.141094 0.112134 0.148828 0.149101 0.114152 0.144101 0.101345 0.123446 0.132654 0.117890 0.116264 0.118529 0.134841 0.124249 0.106227 0.119085 0.113977 0.089851 0.057836 0.079699 0.039851 0.036320 0.039844 0.121447 0.128056 0.109270 0.104430 0.099096 0.054364 0.062282 0.032221 0.070912 0.067224 0.077113 0.037919 0.042497 0.091514 0.129298 0.020290 0.050568 0.049351 0.121755 0.137965 0.144426 0.070134 0.115833
406000.019284 3.607167 0.149753 0.127400 0.132739 0.108611 0.110294 0.118938 0.145840 0.140030 0.122437 0.104939 0.116996 0.129700 0.120836 0.140865 0.143806 0.112982 0.144668 0.149351 0.117206 0.142799 0.109196 0.123903 0.137926 0.125422 0.113944 0.114323 0.138188 0.117587 0.097160 0.121648 0.115036 0.102162 0.071872 0.084383 0.024546 0.033934 0.050911 0.121486 0.134564 0.119120 0.103638 0.094295 0.068176 0.067996 0.044308 0.084097 0.077717 0.091545 0.027795 0.043593 0.090108 0.132547 0.013077 0.063741 0.054417 0.125939 0.133457 0.147457 0.083255 0.124547
407000.019331 4.057443 0.151488 0.129657 0.138542 0.108926 0.109336 0.120030 0.148501 0.146559 0.127406 0.103208 0.123299 0.129371 0.117838 0.140879 0.146662 0.117836 0.148889 0.153852 0.115014 0.147764 0.103162 0.119598 0.132812 0.121695 0.111879 0.115631 0.133331 0.119497 0.099036 0.118699 0.108956 0.096701 0.064619 0.084617 0.035211 0.038663 0.047321 0.121841 0.129865 0.114556 0.106278 0.092713 0.057223 0.066710 0.033084 0.076121 0.074831 0.083611 0.037391 0.036396 0.085979 0.127574 0.013869 0.054554 0.054921 0.120994 0.135680 0.146458 0.075021 0.120739
408000.019379 4.836689 0.147764 0.125705 0.135291 0.106024 0.107018 0.116474 0.146041 0.144326 0.123487 0.101985 0.121010 0.130666 0.117950 0.141907 0.142109 0.114502 0.148466 0.150131 0.113298 0.144889 0.101670 0.119961 0.130784 0.118398 0.113916 0.116916 0.132754 0.122028 0.102624 0.117839 0.109978 0.091038 0.058233 0.081971 0.039821 0.038242 0.042379 0.121891 0.127068 0.109881 0.105461 0.095018 0.052131 0.063447 0.027961 0.070425 0.069757 0.077350 0.038815 0.038088 0.088048 0.126959 0.015142 0.050736 0.054026 0.119255 0.136423 0.144001 0.069500 0.116554
409000.019426 4.227901 0.145365 0.123112 0.129805 0.106146 0.109177 0.116008 0.142247 0.137755 0.119057 0.104013 0.114555 0.130366 0.120472 0.140641 0.139621 0.110414 0.143090 0.146133 0.116823 0.139209 0.107616 0.121663 0.133273 0.119419 0.112752 0.112366 0.134482 0.117120 0.099272 0.117291 0.113952 0.094585 0.065072 0.078295 0.028713 0.031480 0.043485 0.117337 0.128339 0.111394 0.099760 0.094915 0.063764 0.061463 0.039284 0.077150 0.070166 0.085555 0.030647 0.044877 0.090694 0.127810 0.014157 0.059230 0.049061 0.121284 0.133609 0.143251 0.078988 0.117521
410000.019474 6.443901 0.146613 0.123435 0.131392 0.106018 0.110232 0.116034 0.143793 0.140158 0.120904 0.105111 0.116327 0.133059 0.122108 0.143226 0.140923 0.111719 0.146218 0.147991 0.118929 0.141615 0.107454 0.123569 0.134501 0.119326 0.114722 0.114136 0.135712 0.119377 0.102393 0.118299 0.115477 0.093165 0.062782 0.077441 0.028973 0.030620 0.042145 0.118053 0.128469 0.111201 0.100523 0.098105 0.062783 0.060692 0.037185 0.075350 0.068556 0.084403 0.033530 0.046126 0.092574 0.127994 0.017478 0.056328 0.044702 0.122283 0.137951 0.144800 0.078017 0.117325
411000.019521 9.781294 0.155783 0.133089 0.136006 0.112258 0.111838 0.122822 0.150103 0.142014 0.126390 0.106441 0.119414 0.126264 0.120320 0.138387 0.149769 0.116030 0.144879 0.153347 0.118073 0.146702 0.112611 0.124981 0.144319 0.135619 0.111873 0.113994 0.142442 0.112474 0.089023 0.127226 0.115253 0.116271 0.086571 0.095721 0.018160 0.043625 0.066695 0.125531 0.143680 0.132224 0.109637 0.090694 0.080382 0.080612 0.058065 0.097991 0.092059 0.105325 0.027082 0.046411 0.087984 0.137639 0.021534 0.076120 0.065310 0.133051 0.129945 0.153389 0.095294 0.136508
412000.019569 10.057490 0.143893 0.120990 0.126363 0.104894 0.110070 0.113702 0.141358 0.135040 0.115756 0.106357 0.109367 0.134180 0.124541 0.143543 0.137322 0.107352 0.143248 0.142859 0.120041 0.137175 0.110979 0.128337 0.137947 0.120635 0.118753 0.114978 0.139883 0.121318 0.104661 0.120840 0.121192 0.095933 0.067391 0.076659 0.026595 0.023740 0.044004 0.119749 0.131112 0.113097 0.099198 0.101970 0.068218 0.059455 0.042945 0.077714 0.070094 0.088212 0.025769 0.052662 0.098723 0.132009 0.021836 0.062929 0.043927 0.124330 0.136929 0.144888 0.083084 0.119060
413000.019616 3.079079 0.151713 0.130078 0.136266 0.108468 0.105999 0.118829 0.148750 0.143991 0.124462 0.101862 0.120537 0.125848 0.115966 0.138470 0.145588 0.115635 0.146224 0.151017 0.111184 0.146182 0.104782 0.121355 0.136095 0.127658 0.113581 0.117558 0.137193 0.119696 0.095807 0.123495 0.110750 0.103963 0.072112 0.092181 0.035356 0.043342 0.056643 0.127575 0.135562 0.121634 0.111041 0.090758 0.062995 0.073389 0.042314 0.082808 0.082837 0.089560 0.031403 0.037920 0.086294 0.133258 0.012082 0.063622 0.065237 0.125302 0.129680 0.148209 0.080101 0.127237
414000.019664 4.502724 0.155541 0.134358 0.140208 0.113207 0.112505 0.125197 0.150411 0.145497 0.130111 0.104903 0.124849 0.125914 0.117095 0.137488 0.151456 0.119503 0.146974 0.156369 0.116102 0.148878 0.105871 0.117864 0.136080 0.128022 0.106505 0.112124 0.134467 0.111789 0.089114 0.120385 0.107017 0.108363 0.077769 0.091625 0.027875 0.044082 0.058655 0.121231 0.136261 0.124335 0.107334 0.086463 0.068886 0.076917 0.047912 0.089742 0.085281 0.095529 0.034650 0.035106 0.080307 0.130478 0.014610 0.065604 0.061906 0.125519 0.130926 0.149825 0.085215 0.128933
415000.019711 9.840162 0.144919 0.123369 0.132562 0.105153 0.107910 0.114831 0.144284 0.141743 0.120283 0.103706 0.117042 0.133376 0.120448 0.143582 0.139025 0.112400 0.148130 0.146235 0.114630 0.142588 0.103007 0.122842 0.130468 0.114963 0.116816 0.117680 0.134472 0.125248 0.107393 0.117319 0.114048 0.087833 0.056550 0.077736 0.044022 0.033924 0.037919 0.122008 0.125860 0.106487 0.103397 0.098989 0.051770 0.057975 0.028803 0.065929 0.065337 0.075463 0.036633 0.044632 0.094302 0.128212 0.021598 0.052872 0.050365 0.117862 0.137530 0.143276 0.070404 0.113478
416000.019759 6.865089 0.148196 0.125347 0.128839 0.105697 0.106086 0.114958 0.144340 0.136694 0.118019 0.102690 0.111691 0.125945 0.119025 0.137607 0.141044 0.108556 0.141203 0.145589 0.114433 0.139796 0.110535 0.126801 0.141474 0.129804 0.116037 0.115367 0.141417 0.117083 0.095182 0.125624 0.118055 0.107546 0.078355 0.089296 0.022566 0.035441 0.058153 0.125361 0.138419 0.124043 0.106558 0.095206 0.074224 0.072063 0.051507 0.088848 0.083841 0.096697 0.019490 0.048850 0.093183 0.136237 0.018040 0.071170 0.060335 0.129346 0.128544 0.147636 0.088692 0.129356
417000.019806 9.843584 0.146801 0.124239 0.133125 0.106301 0.110715 0.116964 0.144341 0.141929 0.122413 0.104970 0.117946 0.134309 0.122446 0.144657 0.141387 0.113264 0.147671 0.149126 0.118601 0.142889 0.106413 0.124139 0.133493 0.117534 0.116505 0.115663 0.135488 0.122871 0.106370 0.117533 0.115845 0.090845 0.060029 0.075822 0.035375 0.030271 0.038332 0.118752 0.127229 0.108872 0.100604 0.099886 0.058875 0.058459 0.032896 0.072197 0.066432 0.081184 0.036846 0.046265 0.094719 0.127804 0.021602 0.053481 0.044534 0.120397 0.139657 0.144383 0.074791 0.115463
418000.019854 4.218622 0.151939 0.129501 0.139881 0.107651 0.108016 0.119365 0.149192 0.148329 0.127994 0.101914 0.125388 0.128744 0.116265 0.140369 0.147181 0.117918 0.150071 0.154954 0.113403 0.149470 0.100372 0.119771 0.132681 0.122383 0.112252 0.118257 0.133415 0.121218 0.100064 0.120053 0.108376 0.096040 0.063110 0.087158 0.038373 0.042095 0.048311 0.124256 0.130376 0.115059 0.109585 0.093130 0.054543 0.069293 0.032766 0.075106 0.075341 0.081576 0.038746 0.034464 0.085023 0.128501 0.014142 0.052705 0.056714 0.122396 0.135619 0.146805 0.072770 0.121386
419000.019901 2.479300 0.152493 0.131504 0.140192 0.109591 0.107670 0.120382 0.149852 0.147665 0.127903 0.102386 0.124652 0.126981 0.115451 0.138760 0.147617 0.118896 0.148886 0.154024 0.111736 0.149411 0.101075 0.117574 0.131624 0.122986 0.110072 0.116455 0.132754 0.118909 0.095972 0.119470 0.105916 0.099341 0.067220 0.089946 0.039797 0.043859 0.052556 0.125179 0.131183 0.117056 0.110443 0.088820 0.055566 0.071284 0.035172 0.076856 0.079187 0.083997 0.036292 0.031961 0.082817 0.128682 0.010841 0.057748 0.062448 0.120869 0.132192 0.146965 0.075225 0.123123
420000.019949 15.418520 0.142571 0.120693 0.126603 0.108195 0.115019 0.116174 0.140405 0.135237 0.116918 0.111122 0.110538 0.140143 0.129757 0.147879 0.136271 0.110436 0.144105 0.142595 0.125050 0.136594 0.114793 0.126910 0.133954 0.114146 0.118962 0.111929 0.137358 0.121907 0.109219 0.115533 0.122182 0.088319 0.060663 0.067072 0.034191 0.020464 0.034058 0.114259 0.125316 0.105169 0.092917 0.103893 0.066007 0.049212 0.038427 0.071260 0.060368 0.084522 0.034970 0.056438 0.102303 0.127600 0.027036 0.060209 0.036216 0.119231 0.141712 0.142713 0.081034 0.111464
421000.019996 6.810480 0.145306 0.122795 0.131158 0.105505 0.108741 0.114337 0.144398 0.141067 0.119101 0.105500 0.114940 0.135168 0.122880 0.145349 0.138680 0.111727 0.148111 0.145846 0.117530 0.141568 0.106575 0.124532 0.132860 0.116740 0.117836 0.116904 0.136344 0.124256 0.106969 0.118411 0.116325 0.088813 0.057592 0.076479 0.037767 0.029270 0.038226 0.121361 0.126803 0.107543 0.102239 0.100139 0.055848 0.056122 0.029356 0.067036 0.065285 0.078634 0.033505 0.046679 0.095737 0.128648 0.017968 0.054450 0.046851 0.119564 0.139064 0.144498 0.073772 0.114599
422000.020044 11.927814 0.145260 0.123486 0.127259 0.109252 0.114771 0.117583 0.141991 0.134656 0.117557 0.110567 0.109691 0.136880 0.128336 0.145371 0.138810 0.110272 0.142819 0.143585 0.124102 0.137325 0.115606 0.128753 0.138577 0.120403 0.118646 0.112430 0.140679 0.120383 0.104745 0.119523 0.122662 0.097422 0.070096 0.073668 0.025840 0.020490 0.043699 0.117384 0.131482 0.113268 0.095678 0.101863 0.071840 0.056941 0.045484 0.079819 0.069731 0.092000 0.026443 0.055099 0.100610 0.132155 0.023779 0.066736 0.042633 0.123859 0.138028 0.145682 0.087017 0.119020
423000.020091 10.016525 0.147976 0.124595 0.127272 0.105920 0.106419 0.113990 0.144507 0.136083 0.115672 0.104721 0.108952 0.128277 0.121900 0.139800 0.139474 0.107642 0.141661 0.143813 0.116011 0.139096 0.114036 0.130645 0.144235 0.131493 0.120143 0.117551 0.144853 0.120384 0.098587 0.128259 0.122438 0.108363 0.079916 0.089471 0.024824 0.034265 0.059640 0.128129 0.140378 0.124860 0.107643 0.098554 0.076920 0.070779 0.053446 0.088888 0.084562 0.098621 0.016564 0.053925 0.098250 0.139487 0.021791 0.074841 0.061668 0.131381 0.129764 0.148699 0.091481 0.130600
424000.020139 10.980368 0.143686 0.121060 0.124615 0.105340 0.108090 0.112184 0.141351 0.133900 0.113338 0.106659 0.106392 0.132479 0.125040 0.142134 0.135208 0.106614 0.140982 0.140626 0.118628 0.135865 0.114621 0.129451 0.139391 0.123474 0.120888 0.115472 0.141309 0.122222 0.103790 0.122773 0.122676 0.099073 0.071412 0.079721 0.029412 0.025610 0.049166 0.123231 0.132951 0.115375 0.101226 0.101378 0.071528 0.060508 0.046203 0.079897 0.074268 0.091595 0.021805 0.055786 0.101623 0.134122 0.022815 0.069529 0.052988 0.125089 0.133304 0.144350 0.086334 0.121782
425000.020186 6.252611 0.146034 0.124596 0.133029 0.106266 0.108286 0.115920 0.144299 0.141695 0.121471 0.103557 0.117253 0.131599 0.119998 0.142117 0.140382 0.113255 0.146362 0.147752 0.115303 0.142317 0.104689 0.120783 0.130719 0.116809 0.114157 0.114802 0.133219 0.121311 0.102920 0.116364 0.111917 0.090940 0.060043 0.078504 0.038341 0.032823 0.040322 0.120115 0.125975 0.108381 0.102277 0.095744 0.055172 0.059490 0.030101 0.070108 0.068326 0.079384 0.035114 0.042404 0.091623 0.126356 0.017217 0.054543 0.050963 0.117567 0.135828 0.143029 0.073256 0.115298
426000.020234 2.160233 0.155008 0.132840 0.139377 0.110570 0.108892 0.121971 0.150780 0.146228 0.128399 0.102914 0.123936 0.125504 0.115865 0.137797 0.149913 0.118116 0.147762 0.155243 0.113597 0.149211 0.104263 0.119302 0.136845 0.129270 0.109360 0.115203 0.135894 0.114899 0.091149 0.122788 0.107906 0.107404 0.075558 0.093547 0.028743 0.044248 0.059113 0.125033 0.136866 0.124721 0.110714 0.088059 0.066058 0.076887 0.044969 0.087191 0.085507 0.093365 0.032924 0.034100 0.081554 0.131829 0.010120 0.063988 0.063339 0.126570 0.130950 0.150164 0.082908 0.129681
427000.020281 3.628519 0.150376 0.128642 0.137181 0.107788 0.107504 0.118168 0.148608 0.145484 0.124397 0.102719 0.121191 0.129630 0.117891 0.141388 0.144342 0.115854 0.149169 0.151126 0.112752 0.146948 0.102793 0.121770 0.133515 0.122024 0.114695 0.118534 0.135678 0.123069 0.101348 0.120771 0.111077 0.096369 0.064513 0.086128 0.040273 0.039095 0.047565 0.125854 0.131333 0.114447 0.108741 0.093996 0.055223 0.066645 0.034015 0.074062 0.075044 0.081761 0.033662 0.037889 0.088905 0.131136 0.013116 0.057459 0.059076 0.121905 0.134158 0.146864 0.074195 0.121259
428000.020329 14.425357 0.141666 0.119780 0.129950 0.104144 0.108293 0.112642 0.141343 0.140609 0.118724 0.104987 0.115633 0.136273 0.122814 0.145684 0.135870 0.111615 0.147118 0.144558 0.117671 0.139541 0.105352 0.121217 0.127414 0.110683 0.116681 0.115004 0.131491 0.123839 0.109449 0.113613 0.114273 0.080892 0.049360 0.071671 0.044484 0.033050 0.032032 0.117201 0.119795 0.100009 0.099266 0.100903 0.051040 0.051401 0.022370 0.060249 0.058361 0.072144 0.043253 0.048999 0.096108 0.122333 0.026151 0.047939 0.043781 0.113991 0.140881 0.139972 0.068326 0.107338
429000.020376 4.660911 0.151750 0.129151 0.135581 0.109802 0.111722 0.121199 0.147183 0.142416 0.125317 0.104879 0.120560 0.129052 0.120156 0.140493 0.146575 0.114936 0.145912 0.152804 0.117909 0.145035 0.108450 0.121940 0.137259 0.125928 0.111118 0.113587 0.136369 0.115193 0.095005 0.120795 0.112783 0.102996 0.072863 0.085670 0.024606 0.037792 0.051988 0.119847 0.134429 0.119511 0.104185 0.092371 0.068673 0.070618 0.045633 0.086124 0.078949 0.092032 0.032163 0.041558 0.086815 0.131146 0.014865 0.062858 0.055128 0.126217 0.133877 0.148024 0.083455 0.125038
430000.020424 11.669843 0.143142 0.120276 0.129812 0.104279 0.109398 0.112862 0.143000 0.140384 0.117574 0.106205 0.114473 0.137998 0.124907 0.147635 0.136321 0.110258 0.148848 0.144501 0.119006 0.140350 0.107038 0.125553 0.131775 0.113569 0.119417 0.117505 0.135955 0.125993 0.110913 0.117217 0.118389 0.083670 0.052669 0.072453 0.041781 0.028924 0.032429 0.119700 0.124227 0.102967 0.100476 0.103407 0.054115 0.052362 0.027907 0.062946 0.059643 0.074434 0.037488 0.050250 0.098734 0.127619 0.023521 0.051783 0.042869 0.118604 0.142018 0.143141 0.071157 0.110541
431000.020471 7.931588 0.150084 0.127221 0.129830 0.109624 0.111198 0.118479 0.145655 0.137461 0.120013 0.107746 0.113228 0.131069 0.124318 0.141994 0.142969 0.111293 0.142972 0.147282 0.119981 0.140964 0.115198 0.128361 0.143597 0.131043 0.117307 0.115461 0.143624 0.117705 0.096750 0.126425 0.120228 0.108638 0.079281 0.087981 0.018532 0.034929 0.058414 0.124566 0.139853 0.125045 0.105280 0.096699 0.076913 0.071417 0.052288 0.090534 0.083586 0.099330 0.024196 0.050590 0.094446 0.137347 0.019391 0.072225 0.058230 0.130926 0.133402 0.149909 0.091336 0.130132
432000.020519 6.054946 0.147514 0.124606 0.132945 0.107387 0.111375 0.117118 0.145297 0.141509 0.120922 0.106357 0.116775 0.133921 0.123063 0.144018 0.141332 0.112734 0.147796 0.148413 0.119102 0.142950 0.108002 0.123780 0.134032 0.118517 0.114705 0.114799 0.136106 0.120523 0.103037 0.118057 0.115630 0.092524 0.063163 0.077271 0.034101 0.030596 0.040975 0.119295 0.128640 0.109931 0.101459 0.097535 0.061552 0.059272 0.037556 0.073428 0.068004 0.083569 0.031475 0.046352 0.093745 0.129299 0.016942 0.058895 0.047337 0.121724 0.137558 0.145569 0.078476 0.116896
433000.020566 3.623452 0.156938 0.135765 0.143342 0.112639 0.110119 0.124480 0.152836 0.149830 0.132029 0.103493 0.127598 0.125871 0.115749 0.138264 0.152471 0.121828 0.149544 0.158309 0.113517 0.152406 0.103339 0.118281 0.135325 0.128223 0.109203 0.116227 0.134474 0.116827 0.092605 0.121916 0.106157 0.106466 0.074321 0.094073 0.035409 0.045926 0.058149 0.125984 0.135935 0.123574 0.112057 0.087492 0.062272 0.076723 0.041937 0.085118 0.085470 0.091044 0.036506 0.031217 0.081089 0.130974 0.013106 0.062040 0.065225 0.124702 0.131851 0.150222 0.080625 0.128957
434000.020614 9.842709 0.148587 0.124967 0.128607 0.107799 0.111759 0.116479 0.144993 0.136975 0.118195 0.108395 0.110845 0.133835 0.125961 0.144066 0.141287 0.109526 0.144501 0.145869 0.121936 0.140116 0.114863 0.131253 0.144029 0.128531 0.119723 0.116738 0.144739 0.120407 0.101450 0.126298 0.123397 0.104929 0.076283 0.083692 0.018223 0.028658 0.053821 0.123849 0.138306 0.121831 0.103584 0.101400 0.075888 0.066867 0.050866 0.086586 0.079008 0.097005 0.021259 0.053995 0.098604 0.137375 0.021601 0.070470 0.050900 0.130849 0.136456 0.149885 0.090690 0.127430
435000.020661 4.470738 0.148818 0.124828 0.130563 0.105562 0.107645 0.115227 0.145854 0.139486 0.118985 0.103891 0.114526 0.130606 0.121422 0.142232 0.141423 0.109508 0.145759 0.147415 0.116319 0.142162 0.109266 0.127746 0.140914 0.127725 0.118004 0.118263 0.141488 0.120917 0.100025 0.125638 0.118619 0.102344 0.071752 0.086457 0.024993 0.033996 0.052467 0.125533 0.136891 0.120340 0.106875 0.097961 0.068730 0.068910 0.045378 0.083647 0.078586 0.090869 0.024583 0.046587 0.093459 0.136060 0.014558 0.064648 0.055664 0.129332 0.134657 0.148584 0.083235 0.126287
436000.020709 8.230360 0.147405 0.124829 0.129298 0.108618 0.112794 0.117304 0.144701 0.137682 0.118409 0.109009 0.111553 0.136325 0.126956 0.146317 0.140226 0.110875 0.145530 0.145476 0.122111 0.139830 0.114121 0.130328 0.140723 0.123844 0.120750 0.116673 0.142917 0.123534 0.105613 0.123204 0.122939 0.099043 0.070064 0.078444 0.026235 0.023762 0.045705 0.122305 0.134379 0.115837 0.101078 0.102401 0.069505 0.060068 0.043766 0.079656 0.072566 0.091075 0.024476 0.052373 0.099804 0.135219 0.019753 0.066048 0.047574 0.126662 0.138299 0.148152 0.085524 0.122110
437000.020756 3.063787 0.150965 0.128206 0.134710 0.108750 0.110354 0.119467 0.147109 0.142141 0.123917 0.104494 0.118661 0.129341 0.119568 0.140597 0.145368 0.114468 0.146359 0.151122 0.117123 0.144545 0.107206 0.122926 0.137350 0.125392 0.112837 0.114427 0.137464 0.117405 0.096874 0.121273 0.113325 0.101823 0.071413 0.084918 0.024568 0.034942 0.050942 0.121617 0.133973 0.118915 0.104694 0.093720 0.066586 0.068145 0.042903 0.082730 0.077743 0.091263 0.029564 0.041571 0.088426 0.131460 0.012052 0.062686 0.053357 0.125555 0.133763 0.148128 0.082902 0.124570
438000.020804 10.048697 0.153465 0.131697 0.134389 0.113050 0.113414 0.122918 0.147799 0.140240 0.124824 0.107825 0.116868 0.127646 0.122161 0.139068 0.147488 0.115687 0.142688 0.151585 0.120205 0.143554 0.115315 0.124619 0.141875 0.131180 0.111919 0.111291 0.140514 0.112602 0.091337 0.123389 0.116304 0.111765 0.083784 0.089240 0.019629 0.038257 0.060798 0.121348 0.139316 0.126145 0.104359 0.091850 0.079422 0.073670 0.055729 0.094071 0.086796 0.103080 0.027022 0.049293 0.090769 0.134709 0.021826 0.075459 0.061151 0.129098 0.129742 0.150356 0.094695 0.131279
439000.020851 5.636189 0.147829 0.125824 0.133485 0.107218 0.109111 0.116455 0.146235 0.142374 0.121103 0.105245 0.116319 0.132867 0.121807 0.143614 0.141161 0.113501 0.147875 0.147815 0.116464 0.143607 0.107074 0.124404 0.134172 0.119450 0.116849 0.116913 0.136965 0.123636 0.104355 0.119473 0.115497 0.093570 0.063197 0.079887 0.037607 0.030621 0.042623 0.123192 0.129604 0.111189 0.104139 0.097710 0.058317 0.059708 0.034031 0.071531 0.070322 0.082403 0.030066 0.045032 0.094766 0.130631 0.016346 0.058992 0.052080 0.120859 0.136184 0.145841 0.076832 0.118277
440000.020899 3.010171 0.150743 0.129386 0.137170 0.108971 0.109391 0.120551 0.147392 0.144200 0.126186 0.102949 0.122103 0.128169 0.116727 0.139341 0.146250 0.116596 0.147255 0.152307 0.114008 0.146192 0.102410 0.119347 0.132991 0.122281 0.110942 0.115073 0.134020 0.118477 0.097454 0.118934 0.108835 0.098738 0.066970 0.085700 0.034046 0.039032 0.048877 0.121995 0.131223 0.116398 0.105959 0.091435 0.058844 0.068758 0.036792 0.078459 0.076209 0.085586 0.034965 0.035387 0.084701 0.129048 0.011946 0.057123 0.055807 0.121799 0.133182 0.146472 0.076542 0.121909
441000.020946 10.752579 0.148573 0.125694 0.129303 0.107558 0.109757 0.116241 0.144772 0.137647 0.118695 0.106354 0.110818 0.130916 0.123922 0.141904 0.141050 0.110249 0.142747 0.146223 0.119397 0.140060 0.114703 0.130284 0.142805 0.128336 0.119883 0.116201 0.143042 0.121080 0.101188 0.125268 0.122356 0.105124 0.076907 0.084061 0.022847 0.028382 0.053750 0.124376 0.137244 0.121076 0.103823 0.100227 0.074967 0.065973 0.049794 0.086241 0.080115 0.096671 0.021325 0.053740 0.099278 0.136250 0.022578 0.071129 0.054723 0.128777 0.133261 0.147972 0.089909 0.127149
442000.020994 9.349544 0.146342 0.122898 0.129260 0.106810 0.112363 0.116360 0.143190 0.137747 0.118570 0.107531 0.113022 0.135190 0.125711 0.144853 0.139788 0.109811 0.145087 0.146420 0.121755 0.139731 0.112202 0.127764 0.138194 0.121430 0.117761 0.114875 0.139496 0.120670 0.104231 0.120501 0.120648 0.096040 0.067411 0.076586 0.026351 0.026205 0.043219 0.118833 0.131391 0.113029 0.099467 0.101116 0.068788 0.060279 0.043466 0.079202 0.069977 0.088737 0.028816 0.051787 0.097762 0.131863 0.021053 0.062665 0.044495 0.125239 0.138364 0.145937 0.083207 0.119421
443000.021041 5.823839 0.148705 0.127686 0.134402 0.109892 0.110371 0.119037 0.146286 0.142792 0.123729 0.106283 0.118491 0.132384 0.121438 0.143146 0.143082 0.116517 0.146598 0.149336 0.117514 0.143388 0.108315 0.121068 0.132865 0.120689 0.114517 0.114612 0.135243 0.120678 0.101243 0.118269 0.112471 0.095627 0.064492 0.081634 0.035570 0.035757 0.046297 0.121453 0.128694 0.112751 0.103702 0.094684 0.059798 0.062201 0.033944 0.074386 0.072702 0.085281 0.036433 0.042843 0.090812 0.127698 0.016616 0.058840 0.054196 0.119625 0.135722 0.145528 0.078149 0.118984
444000.021089 3.435185 0.148342 0.126611 0.136119 0.105954 0.106195 0.116627 0.146254 0.144524 0.123728 0.100913 0.120734 0.127938 0.115979 0.139420 0.143021 0.114783 0.147078 0.150559 0.111954 0.145162 0.101074 0.119349 0.130896 0.119806 0.112423 0.116661 0.132689 0.121051 0.100285 0.118149 0.108862 0.093731 0.062040 0.084240 0.039312 0.038773 0.045205 0.123125 0.127907 0.111621 0.107137 0.092871 0.053652 0.065235 0.031669 0.072241 0.072817 0.079974 0.035239 0.036943 0.087282 0.127364 0.012761 0.054574 0.056553 0.119547 0.132862 0.144121 0.072563 0.118602
445000.021136 4.599143 0.152004 0.130239 0.135167 0.108925 0.106716 0.118054 0.149049 0.142814 0.122778 0.103665 0.116840 0.126246 0.117932 0.138534 0.145009 0.114808 0.145548 0.149615 0.113215 0.145264 0.108293 0.123891 0.138596 0.128901 0.114451 0.116335 0.139841 0.118774 0.095143 0.124326 0.113757 0.106762 0.076837 0.091880 0.032929 0.039691 0.058750 0.127994 0.137181 0.123200 0.110356 0.091997 0.068141 0.072393 0.046843 0.084333 0.084788 0.094248 0.023710 0.043832 0.090752 0.134867 0.014766 0.070411 0.065119 0.126221 0.128524 0.149549 0.086409 0.129266
446000.021184 4.974748 0.153555 0.132145 0.137849 0.110036 0.107853 0.120354 0.150008 0.144373 0.125978 0.103200 0.120844 0.125351 0.116524 0.137442 0.147507 0.117136 0.146637 0.151932 0.111918 0.148333 0.105078 0.122123 0.137424 0.128448 0.112769 0.116227 0.138287 0.118632 0.093999 0.123630 0.110831 0.107349 0.076715 0.092906 0.035212 0.042535 0.059504 0.128037 0.137565 0.124351 0.110752 0.089644 0.066298 0.074726 0.046314 0.085525 0.085480 0.093596 0.027585 0.039177 0.087498 0.134629 0.015357 0.068214 0.065685 0.125917 0.128876 0.149580 0.084279 0.129687
447000.021231 5.507288 0.151386 0.127956 0.132177 0.108228 0.109279 0.117591 0.147691 0.140105 0.120664 0.105642 0.114654 0.129596 0.122034 0.141259 0.143794 0.111571 0.145563 0.148651 0.117291 0.143610 0.111732 0.128197 0.142974 0.130608 0.116986 0.116836 0.143202 0.118913 0.096885 0.126621 0.118864 0.107712 0.078120 0.089141 0.023035 0.034858 0.057686 0.126588 0.139903 0.124630 0.107618 0.096053 0.073683 0.071758 0.050536 0.088227 0.083541 0.096948 0.019787 0.048138 0.093908 0.137878 0.016158 0.071123 0.059444 0.130707 0.132516 0.150730 0.089056 0.130325
448000.021279 6.347804 0.153344 0.135339 0.143030 0.113354 0.108503 0.124555 0.149587 0.147681 0.131548 0.101997 0.128334 0.122224 0.111306 0.133798 0.150390 0.123038 0.145802 0.155378 0.108844 0.150021 0.098910 0.110621 0.127054 0.122719 0.103696 0.112541 0.128238 0.114125 0.089126 0.115962 0.098228 0.103575 0.072648 0.094542 0.045574 0.052483 0.059281 0.123821 0.129887 0.119266 0.111087 0.080463 0.056767 0.077188 0.040639 0.081379 0.084682 0.087740 0.042288 0.026074 0.075156 0.125360 0.017347 0.062402 0.070777 0.117145 0.125952 0.144945 0.077438 0.124329
449000.021326 4.671999 0.149019 0.126749 0.133986 0.106826 0.108473 0.118250 0.145631 0.141158 0.123128 0.102220 0.119644 0.127803 0.117470 0.138983 0.144004 0.112563 0.145627 0.150126 0.114057 0.143886 0.103769 0.120961 0.134711 0.123221 0.111486 0.115050 0.134974 0.117020 0.096524 0.120290 0.111291 0.099684 0.068699 0.085907 0.031338 0.039163 0.050230 0.121230 0.132624 0.117387 0.105220 0.092606 0.063255 0.070443 0.042311 0.082011 0.076771 0.086705 0.032713 0.039250 0.085928 0.130643 0.014882 0.058937 0.055619 0.124428 0.132933 0.146102 0.078156 0.122650
450000.021374 8.063167 0.148271 0.124975 0.128987 0.105102 0.105701 0.113768 0.145444 0.137538 0.116964 0.103249 0.111520 0.128005 0.120500 0.139733 0.140139 0.107918 0.143621 0.144968 0.114165 0.140931 0.110195 0.128842 0.142376 0.129749 0.118574 0.118003 0.143103 0.120228 0.098054 0.127257 0.119571 0.106530 0.077214 0.089772 0.028311 0.035875 0.058126 0.128102 0.139293 0.123634 0.108349 0.097235 0.072633 0.071858 0.050606 0.086905 0.083345 0.094662 0.018769 0.050001 0.095578 0.138332 0.019551 0.071096 0.061649 0.130133 0.130709 0.148659 0.087273 0.129421
451000.021421 5.433385 0.150144 0.127644 0.131875 0.107137 0.106371 0.116026 0.147560 0.140349 0.119765 0.103934 0.114203 0.128483 0.120223 0.140627 0.142583 0.111215 0.145246 0.147340 0.114254 0.142974 0.109791 0.127069 0.141243 0.130070 0.117694 0.118523 0.142485 0.120685 0.097722 0.126872 0.117424 0.106777 0.076334 0.091345 0.030218 0.037539 0.058136 0.129095 0.138913 0.123838 0.110083 0.095516 0.069493 0.072492 0.047444 0.085398 0.084182 0.093663 0.021913 0.046347 0.093467 0.137398 0.016049 0.069641 0.063391 0.128728 0.131128 0.149780 0.086008 0.129787
452000.021469 6.233063 0.152847 0.129544 0.135643 0.109326 0.111463 0.121011 0.147966 0.142343 0.125278 0.104509 0.120107 0.128252 0.119722 0.139852 0.147469 0.114410 0.146239 0.153050 0.117669 0.145882 0.108289 0.124343 0.140337 0.129048 0.112518 0.115142 0.139096 0.115963 0.094806 0.123715 0.114543 0.106791 0.076756 0.088471 0.021536 0.038411 0.055817 0.122499 0.137809 0.123507 0.106355 0.093461 0.071929 0.073665 0.049690 0.089543 0.082461 0.095631 0.029598 0.043009 0.088073 0.134267 0.017190 0.066235 0.056272 0.129476 0.133270 0.149869 0.086552 0.128767
453000.021516 14.842941 0.145872 0.122176 0.125163 0.106878 0.112167 0.114078 0.143258 0.133895 0.113676 0.110100 0.106326 0.136267 0.128639 0.145335 0.137662 0.106039 0.143708 0.141913 0.123549 0.136891 0.117164 0.134183 0.145296 0.127762 0.122448 0.117662 0.147085 0.122188 0.104478 0.127199 0.127144 0.104268 0.077323 0.082276 0.023499 0.026579 0.053728 0.124667 0.138402 0.120569 0.102931 0.104864 0.077939 0.065463 0.053923 0.085647 0.077911 0.097325 0.019217 0.059101 0.103294 0.139279 0.026527 0.074235 0.050210 0.131517 0.136976 0.149404 0.092815 0.126627
454000.021564 4.865683 0.151312 0.128140 0.132671 0.108910 0.110418 0.118399 0.147538 0.140663 0.121590 0.106247 0.115170 0.130425 0.122684 0.142028 0.144286 0.112469 0.145519 0.149515 0.118886 0.143276 0.112507 0.127179 0.141816 0.129107 0.115976 0.115823 0.141757 0.118068 0.097181 0.124960 0.118420 0.105819 0.076344 0.086863 0.021234 0.033220 0.054861 0.124131 0.137977 0.122359 0.105982 0.096199 0.072810 0.069495 0.048769 0.086824 0.081305 0.095711 0.022328 0.047934 0.093362 0.135752 0.015188 0.069143 0.056690 0.129297 0.133623 0.150203 0.088371 0.128293
455000.021611 4.297337 0.147965 0.126079 0.131866 0.106673 0.106281 0.115338 0.146063 0.140561 0.119304 0.103701 0.114258 0.129500 0.119559 0.140931 0.140550 0.112222 0.145596 0.145956 0.113397 0.142413 0.107176 0.125034 0.136355 0.123844 0.117482 0.117599 0.138987 0.123105 0.101397 0.122518 0.115557 0.099082 0.068753 0.085339 0.035721 0.034186 0.050475 0.126766 0.133170 0.116528 0.107074 0.095861 0.062263 0.064853 0.039290 0.076495 0.076642 0.087212 0.025541 0.044991 0.093930 0.133544 0.014273 0.064361 0.058951 0.123425 0.131707 0.146566 0.080248 0.123057
456000.021659 4.527064 0.146007 0.124128 0.128988 0.106423 0.108131 0.114749 0.143936 0.137445 0.117489 0.105216 0.111586 0.131371 0.122088 0.141821 0.138851 0.110053 0.143874 0.144012 0.116278 0.139638 0.109648 0.125898 0.136791 0.122527 0.117551 0.115718 0.139391 0.121527 0.101471 0.121595 0.117606 0.098321 0.068526 0.081673 0.030826 0.029289 0.047846 0.123657 0.132402 0.115397 0.103192 0.097328 0.064995 0.062402 0.040800 0.077597 0.074140 0.088052 0.022914 0.047574 0.095586 0.132842 0.014650 0.064555 0.053838 0.123450 0.133293 0.145769 0.081973 0.121556
457000.021706 3.088771 0.148405 0.125724 0.132358 0.106662 0.107668 0.116028 0.146451 0.141575 0.120399 0.104273 0.116135 0.131888 0.120983 0.143397 0.141338 0.112395 0.147276 0.147594 0.115477 0.143028 0.107399 0.125541 0.136902 0.123666 0.118003 0.118480 0.139090 0.123516 0.102939 0.122819 0.116346 0.097108 0.065484 0.083827 0.032945 0.033670 0.047330 0.125297 0.132890 0.115501 0.106475 0.097621 0.061088 0.064141 0.036870 0.076023 0.074064 0.085164 0.029221 0.043859 0.093040 0.133185 0.012101 0.059919 0.055082 0.124677 0.135534 0.147293 0.077922 0.121907
458000.021754 11.133473 0.143174 0.120494 0.128577 0.103753 0.106824 0.110762 0.143665 0.139887 0.115227 0.105784 0.111262 0.136379 0.124639 0.146613 0.134858 0.109041 0.147796 0.142434 0.117204 0.139631 0.108954 0.127418 0.133562 0.116227 0.121521 0.119285 0.137850 0.127557 0.110517 0.119940 0.120060 0.086650 0.056610 0.076013 0.042734 0.028673 0.037908 0.123730 0.126532 0.105422 0.103458 0.103604 0.056358 0.053377 0.031037 0.063889 0.064032 0.076665 0.032001 0.052476 0.101063 0.130283 0.022974 0.057310 0.049822 0.119864 0.139102 0.143826 0.074093 0.113480
459000.021801 6.744615 0.145963 0.123213 0.129774 0.105080 0.107996 0.113962 0.144679 0.138897 0.117174 0.104731 0.112778 0.133219 0.122513 0.143848 0.138558 0.109190 0.146649 0.144620 0.116204 0.140833 0.107797 0.127690 0.137222 0.121626 0.119452 0.118683 0.140154 0.124569 0.105206 0.122597 0.119021 0.095663 0.065631 0.081235 0.035078 0.030104 0.045087 0.124841 0.132396 0.113538 0.104680 0.100313 0.062075 0.062088 0.039391 0.074846 0.071833 0.084167 0.025917 0.048114 0.096938 0.134170 0.017881 0.061873 0.052450 0.124489 0.136015 0.146421 0.078816 0.120333
460000.021849 3.726446 0.150534 0.130388 0.138058 0.110198 0.108628 0.121055 0.147584 0.144911 0.126852 0.102762 0.123438 0.127412 0.115829 0.138927 0.145950 0.118459 0.146836 0.152095 0.112114 0.146391 0.102000 0.116745 0.130378 0.121571 0.110204 0.114821 0.132289 0.118856 0.096756 0.117715 0.106022 0.098126 0.066165 0.087143 0.039673 0.043451 0.050449 0.122874 0.129550 0.115246 0.107047 0.088762 0.055948 0.069196 0.034623 0.076986 0.076975 0.084192 0.038672 0.033312 0.083038 0.127439 0.013291 0.057451 0.061262 0.119185 0.131531 0.145212 0.074837 0.121029
461000.021896 2.418229 0.150639 0.129595 0.135491 0.108771 0.107023 0.119073 0.147303 0.142335 0.123887 0.102020 0.119099 0.125134 0.115856 0.137185 0.144908 0.115277 0.144491 0.150106 0.111778 0.144693 0.105006 0.120075 0.134672 0.125511 0.111544 0.114617 0.135696 0.117508 0.094259 0.120865 0.109790 0.103245 0.072640 0.089300 0.033634 0.040464 0.054584 0.124660 0.133718 0.119733 0.107839 0.089366 0.063633 0.070956 0.042570 0.082412 0.081290 0.090160 0.029113 0.038165 0.086196 0.131343 0.010707 0.064746 0.062933 0.123140 0.128228 0.146693 0.081339 0.125493
462000.021944 6.031596 0.152190 0.129851 0.136751 0.111137 0.113384 0.122481 0.147772 0.143781 0.127571 0.106501 0.122570 0.131490 0.121349 0.142428 0.147729 0.117273 0.147694 0.154053 0.119909 0.146148 0.108119 0.120749 0.135875 0.124014 0.110871 0.113043 0.134967 0.115409 0.096606 0.119317 0.111626 0.100472 0.069326 0.083694 0.025861 0.038046 0.049900 0.118106 0.132362 0.117815 0.102861 0.093268 0.066328 0.069023 0.041606 0.083574 0.076350 0.089986 0.037896 0.040615 0.085823 0.128581 0.016910 0.058242 0.051331 0.124458 0.137622 0.148027 0.080957 0.122824
463000.021991 3.195982 0.153710 0.131198 0.139318 0.109932 0.110576 0.121930 0.149559 0.146450 0.128475 0.103401 0.124303 0.127872 0.117621 0.139661 0.149004 0.117846 0.148497 0.155610 0.115654 0.148919 0.104405 0.120282 0.135593 0.125352 0.110488 0.115190 0.134653 0.116906 0.095463 0.120634 0.109613 0.101826 0.070288 0.087558 0.029634 0.039927 0.051653 0.121938 0.133778 0.119363 0.107151 0.091169 0.063234 0.071305 0.040790 0.083059 0.079136 0.088866 0.034707 0.035787 0.084136 0.130179 0.012309 0.058649 0.056331 0.124951 0.134264 0.148441 0.079502 0.124897
464000.022039 2.966161 0.152858 0.130467 0.138579 0.109355 0.109864 0.120829 0.149465 0.145957 0.127023 0.103630 0.123194 0.128553 0.117438 0.139893 0.147797 0.117052 0.149316 0.153955 0.114970 0.148360 0.102942 0.120577 0.135164 0.124462 0.111011 0.115979 0.135187 0.117999 0.096605 0.120826 0.109577 0.100668 0.069155 0.087628 0.032592 0.040150 0.051689 0.123162 0.133481 0.118684 0.107785 0.091858 0.061372 0.070906 0.039810 0.080429 0.078266 0.087511 0.034087 0.036311 0.084580 0.130672 0.011858 0.058941 0.056689 0.124524 0.134315 0.148635 0.078525 0.124276
465000.022086 5.383752 0.158040 0.137280 0.143850 0.115039 0.112048 0.127103 0.152356 0.149044 0.133803 0.104383 0.129122 0.123488 0.114980 0.135703 0.154508 0.123245 0.147111 0.159857 0.114876 0.151948 0.105351 0.113936 0.134050 0.129402 0.103354 0.111154 0.131550 0.109344 0.085167 0.119447 0.102568 0.110319 0.079352 0.095748 0.031085 0.050127 0.062844 0.121385 0.135589 0.125915 0.110242 0.082062 0.068857 0.080541 0.048534 0.091538 0.088921 0.096895 0.039704 0.031073 0.075508 0.127851 0.015976 0.066120 0.067390 0.124448 0.129065 0.149604 0.085639 0.130373
466000.022134 4.560757 0.146383 0.123388 0.131968 0.104656 0.107208 0.114685 0.144692 0.141474 0.119969 0.102954 0.116970 0.132178 0.120098 0.143225 0.139863 0.111395 0.147420 0.147316 0.114967 0.142381 0.104630 0.124187 0.133984 0.119864 0.117097 0.118156 0.136510 0.123791 0.104877 0.120239 0.115210 0.091810 0.059888 0.080418 0.035802 0.033715 0.041846 0.122771 0.129144 0.110825 0.104715 0.098488 0.056971 0.061574 0.032951 0.071852 0.068881 0.080128 0.033132 0.043532 0.092717 0.130240 0.014704 0.054617 0.050929 0.122458 0.136641 0.144905 0.073484 0.117579
467000.022181 2.828459 0.150989 0.128977 0.135637 0.108099 0.107906 0.118891 0.147847 0.143222 0.124322 0.102684 0.120076 0.128161 0.117839 0.140104 0.145067 0.115010 0.146941 0.150877 0.113200 0.145939 0.104632 0.122743 0.136435 0.125632 0.114502 0.117283 0.137501 0.120736 0.098216 0.122536 0.112181 0.101681 0.069833 0.087965 0.032685 0.038537 0.052133 0.125613 0.134675 0.119519 0.107988 0.093015 0.062008 0.070124 0.039853 0.081273 0.079164 0.088015 0.030609 0.038384 0.088122 0.132991 0.011580 0.060935 0.059318 0.124950 0.132732 0.147811 0.078781 0.125193
468000.022229 3.070611 0.152346 0.130926 0.136385 0.110722 0.110530 0.121603 0.147576 0.142063 0.125632 0.104087 0.119998 0.125381 0.117236 0.136752 0.147349 0.116251 0.144328 0.152010 0.115060 0.145564 0.106801 0.119484 0.135925 0.126410 0.108222 0.111298 0.135561 0.112803 0.090412 0.119845 0.109438 0.106347 0.076927 0.088551 0.026305 0.039751 0.056655 0.121083 0.134917 0.121962 0.105346 0.087528 0.069455 0.072637 0.047790 0.087316 0.082841 0.095295 0.028187 0.039103 0.084443 0.130883 0.012065 0.067701 0.059960 0.124586 0.128684 0.147903 0.086281 0.127108
469000.022276 4.653261 0.151409 0.131069 0.140099 0.109174 0.106399 0.119953 0.149050 0.147383 0.127894 0.101197 0.125796 0.126065 0.113965 0.137836 0.146585 0.119021 0.148403 0.153252 0.109282 0.149193 0.098873 0.115951 0.129486 0.121683 0.109902 0.116952 0.131190 0.119851 0.096503 0.118625 0.103981 0.097871 0.065280 0.090751 0.044783 0.047432 0.052860 0.125812 0.129867 0.115906 0.111066 0.087914 0.052384 0.072434 0.033919 0.075682 0.078805 0.081242 0.040226 0.030501 0.081578 0.127835 0.014852 0.056106 0.065483 0.119327 0.131236 0.145271 0.071668 0.121846
470000.022324 4.496569 0.148583 0.126199 0.130360 0.107218 0.108080 0.117162 0.144735 0.137614 0.119539 0.103596 0.114062 0.127519 0.119346 0.138857 0.142104 0.110321 0.142643 0.146827 0.115105 0.140658 0.109016 0.124918 0.139456 0.127758 0.114619 0.114947 0.139910 0.117252 0.095675 0.123726 0.115886 0.105333 0.075588 0.087570 0.024244 0.035650 0.055197 0.123878 0.136801 0.121915 0.105382 0.093962 0.070776 0.070882 0.048169 0.086650 0.081303 0.094179 0.023775 0.045178 0.090624 0.134850 0.014600 0.068020 0.058515 0.127611 0.130152 0.147511 0.085806 0.127212
471000.022371 3.642391 0.150603 0.127664 0.133434 0.108040 0.109026 0.118080 0.146947 0.141591 0.122706 0.104339 0.117272 0.129650 0.120491 0.141366 0.144073 0.113447 0.145872 0.150059 0.116646 0.143880 0.108771 0.124722 0.138850 0.126885 0.115295 0.115882 0.138980 0.119032 0.098013 0.123099 0.115175 0.102574 0.071791 0.085940 0.024880 0.034765 0.052301 0.123595 0.135146 0.119862 0.105672 0.095140 0.067470 0.068412 0.042831 0.083343 0.078963 0.091515 0.028417 0.043743 0.090750 0.132883 0.013141 0.063501 0.055912 0.126543 0.134038 0.148218 0.083030 0.125730
472000.022419 4.194469 0.148007 0.126499 0.134792 0.108099 0.110357 0.118667 0.145345 0.142244 0.123326 0.104372 0.119294 0.130570 0.119511 0.140921 0.142969 0.114599 0.146552 0.149697 0.116078 0.143861 0.104808 0.119855 0.131277 0.117993 0.111379 0.113430 0.133128 0.118611 0.099705 0.116241 0.110915 0.093646 0.063454 0.079678 0.035916 0.034399 0.042515 0.118952 0.127752 0.110750 0.102153 0.093234 0.058444 0.062205 0.035683 0.074157 0.070126 0.082747 0.033465 0.040426 0.088772 0.127280 0.014101 0.057069 0.051121 0.119419 0.134475 0.144345 0.076191 0.117099
473000.022466 4.518447 0.148769 0.127294 0.136137 0.106698 0.106357 0.116681 0.147181 0.144818 0.123561 0.102239 0.120055 0.129412 0.117218 0.140763 0.142884 0.115512 0.148175 0.149793 0.112108 0.145806 0.101832 0.121028 0.131859 0.120297 0.114806 0.118130 0.134667 0.123593 0.102269 0.119512 0.110332 0.094352 0.062325 0.084958 0.041480 0.038322 0.046416 0.125697 0.129122 0.112659 0.108262 0.094256 0.053030 0.064807 0.030625 0.070965 0.073492 0.080336 0.034592 0.038470 0.089692 0.129248 0.014636 0.056117 0.057917 0.119730 0.133752 0.145259 0.072928 0.119504
474000.022514 7.578777 0.145838 0.123439 0.129918 0.105372 0.107239 0.113083 0.145484 0.139860 0.116689 0.105486 0.112070 0.134196 0.123325 0.144904 0.137737 0.109831 0.147518 0.143838 0.116096 0.141115 0.108709 0.127986 0.136614 0.120875 0.120803 0.119589 0.140296 0.126275 0.106734 0.122725 0.119497 0.094084 0.063997 0.081319 0.038896 0.030049 0.044720 0.126395 0.131627 0.112234 0.105781 0.101132 0.060046 0.060104 0.036861 0.071301 0.071185 0.082390 0.026307 0.049387 0.098659 0.134069 0.018955 0.062086 0.054325 0.123198 0.136505 0.146524 0.078014 0.119440
475000.022561 8.966597 0.143288 0.120145 0.124969 0.104334 0.108784 0.112121 0.141405 0.134610 0.113543 0.106542 0.107389 0.134997 0.125499 0.144642 0.135416 0.106167 0.143259 0.141102 0.119493 0.136312 0.112424 0.130309 0.139110 0.121576 0.121573 0.116974 0.141614 0.123943 0.106672 0.122632 0.123316 0.095516 0.066770 0.077147 0.028136 0.022094 0.043962 0.122243 0.132008 0.112974 0.100616 0.103583 0.067812 0.058011 0.042031 0.076223 0.069996 0.087564 0.022758 0.054118 0.101129 0.133990 0.020617 0.064210 0.046642 0.125243 0.136907 0.145057 0.082816 0.119456
476000.022609 6.742543 0.150218 0.127989 0.133357 0.109593 0.112013 0.118894 0.147377 0.140927 0.121487 0.107390 0.115219 0.132559 0.124023 0.143432 0.143447 0.113212 0.146617 0.148910 0.119534 0.143412 0.111981 0.126992 0.139378 0.125115 0.116658 0.115862 0.140812 0.120549 0.100485 0.122638 0.118449 0.102006 0.073272 0.083191 0.029831 0.030773 0.049967 0.123452 0.135168 0.117972 0.104191 0.097179 0.068895 0.065236 0.045750 0.082132 0.077203 0.091907 0.023665 0.048279 0.095649 0.134638 0.017879 0.067846 0.054600 0.126057 0.134916 0.149017 0.086067 0.124553
477000.022656 4.279407 0.150571 0.127561 0.134207 0.107346 0.108659 0.117841 0.147300 0.141996 0.122351 0.103484 0.117743 0.129097 0.119586 0.140688 0.144011 0.112900 0.146781 0.150047 0.115107 0.144970 0.106686 0.124793 0.138232 0.125789 0.115129 0.116647 0.138706 0.119983 0.098495 0.122908 0.114774 0.101999 0.071656 0.086274 0.029663 0.035131 0.051616 0.124613 0.135337 0.119291 0.106592 0.094766 0.065674 0.068812 0.043194 0.082331 0.078692 0.089819 0.027026 0.042579 0.090857 0.134014 0.014243 0.063637 0.056680 0.126336 0.133387 0.148118 0.081646 0.125355
478000.022704 6.963821 0.146532 0.123729 0.127666 0.106889 0.109774 0.115757 0.142735 0.135699 0.117470 0.106000 0.110942 0.130693 0.123289 0.140967 0.139655 0.108821 0.141436 0.144936 0.118964 0.138258 0.113186 0.126896 0.139627 0.125398 0.116570 0.113803 0.140116 0.117774 0.098820 0.122443 0.119563 0.102073 0.073417 0.082005 0.021202 0.029281 0.050901 0.120896 0.134508 0.118369 0.101413 0.097583 0.072802 0.065227 0.047791 0.084743 0.076822 0.093705 0.023106 0.050866 0.095600 0.133452 0.018170 0.067763 0.052387 0.126719 0.132965 0.145998 0.087015 0.124012
479000.022751 10.714826 0.147603 0.124449 0.128294 0.108627 0.113655 0.117803 0.143608 0.135801 0.118198 0.108944 0.111191 0.134703 0.126725 0.144386 0.140832 0.109517 0.143467 0.145790 0.123020 0.138837 0.115178 0.130440 0.142596 0.126195 0.118940 0.115025 0.143273 0.119892 0.102236 0.123911 0.123173 0.102979 0.075089 0.080162 0.019356 0.026776 0.050171 0.120706 0.136331 0.119029 0.100303 0.101406 0.075435 0.064536 0.050495 0.086047 0.076081 0.095855 0.024440 0.053979 0.098612 0.135879 0.022538 0.069524 0.047981 0.129262 0.136796 0.148237 0.089656 0.124784
480000.022799 9.288943 0.145302 0.121769 0.129042 0.105539 0.110660 0.114127 0.143413 0.138830 0.117769 0.107188 0.112200 0.136286 0.125673 0.145951 0.138281 0.109945 0.146491 0.145232 0.120979 0.140015 0.110992 0.127739 0.136557 0.118997 0.119328 0.115984 0.138932 0.123286 0.107005 0.119847 0.120497 0.092070 0.062694 0.074957 0.030951 0.023977 0.039907 0.120147 0.129028 0.109936 0.100205 0.102589 0.064168 0.056083 0.037616 0.072828 0.066681 0.084587 0.029936 0.051955 0.099469 0.130484 0.020985 0.059689 0.042854 0.122770 0.139750 0.145233 0.079984 0.116805
