#! FIELDS time restraint.bias r0 r1 r2 r3 r4 r5 r6 r7 r8 r9 r10 r11 r12 r13 r14 r15 r16 r17 r18 r19 r20 r21 r22 r23 r24 r25 r26 r27 r28 r29 r30 r31 r32 r33 r34 r35 r36 r37 r38 r39 r40 r41 r42 r43 r44 r45 r46 r47 r48 r49 r50 r51 r52 r53 r54 r55 r56 r57 r58 r59
1640000.077896 4.731006 0.121363 0.099375 0.123466 0.083932 0.089482 0.089788 0.130517 0.142167 0.107076 0.092086 0.119599 0.136022 0.113052 0.144418 0.114085 0.100211 0.149547 0.132097 0.100597 0.133273 0.083876 0.124303 0.113524 0.098561 0.131873 0.139231 0.123423 0.149323 0.140207 0.117456 0.116142 0.051178 0.026625 0.089619 0.098035 0.079833 0.052275 0.134063 0.102935 0.077069 0.123273 0.123102 0.026303 0.071681 0.040808 0.027688 0.058884 0.023011 0.088234 0.077285 0.112170 0.117828 0.074693 0.043019 0.078629 0.107610 0.144214 0.124191 0.034579 0.090043
1641000.077943 2.235283 0.111967 0.088944 0.114423 0.077232 0.086257 0.083976 0.119873 0.134220 0.100865 0.087848 0.115197 0.132894 0.110897 0.140196 0.105502 0.092387 0.141254 0.125839 0.099210 0.123908 0.084600 0.118869 0.105880 0.090308 0.127121 0.133193 0.113566 0.142594 0.139721 0.109568 0.114980 0.038904 0.018301 0.083301 0.099339 0.082323 0.050370 0.122954 0.092708 0.067141 0.115886 0.123357 0.039404 0.070309 0.047521 0.036123 0.051474 0.020229 0.093591 0.083104 0.112266 0.107609 0.080260 0.038243 0.075185 0.102799 0.141750 0.113269 0.031861 0.078604
1642000.077991 4.786354 0.115195 0.094647 0.117557 0.088162 0.098541 0.089465 0.126760 0.137581 0.101918 0.103409 0.113184 0.146476 0.125377 0.151550 0.107032 0.098534 0.150030 0.125051 0.112896 0.127450 0.097891 0.125474 0.110407 0.088557 0.132442 0.134677 0.122724 0.146803 0.143710 0.112019 0.122635 0.038551 0.026780 0.079899 0.102392 0.078933 0.049798 0.127647 0.095491 0.064604 0.115786 0.127827 0.043191 0.062824 0.049110 0.014504 0.048264 0.029479 0.091491 0.089154 0.121802 0.113811 0.081445 0.054175 0.074412 0.102247 0.151322 0.121589 0.049357 0.078715
1643000.078038 2.194615 0.121172 0.100317 0.121495 0.089827 0.099411 0.097088 0.127327 0.137564 0.108118 0.097935 0.116591 0.138844 0.119245 0.145748 0.115694 0.100970 0.145674 0.132661 0.109884 0.129673 0.094242 0.117059 0.108306 0.088659 0.120991 0.124469 0.117060 0.135128 0.131255 0.104844 0.113964 0.043463 0.018134 0.070979 0.087526 0.067060 0.032306 0.116043 0.096069 0.067192 0.105801 0.115619 0.036145 0.055405 0.036124 0.030998 0.040754 0.032763 0.080655 0.073861 0.108145 0.108858 0.067102 0.038930 0.061311 0.100319 0.145093 0.121393 0.043519 0.079595
1644000.078086 2.751492 0.115683 0.095279 0.116528 0.090737 0.104064 0.094410 0.123931 0.134446 0.104075 0.105395 0.111573 0.147256 0.127983 0.151263 0.109603 0.099531 0.146345 0.126828 0.117863 0.125661 0.102284 0.119411 0.106257 0.080973 0.124330 0.122942 0.117726 0.136560 0.137061 0.101777 0.119517 0.033303 0.020304 0.064337 0.094064 0.068831 0.035182 0.114349 0.090016 0.058273 0.102011 0.121693 0.046727 0.049069 0.043889 0.020157 0.032924 0.037617 0.086317 0.085824 0.118819 0.106179 0.076231 0.049432 0.059521 0.095418 0.151628 0.119083 0.052905 0.071261
1645000.078133 1.330111 0.121518 0.098929 0.119495 0.088939 0.100609 0.097218 0.125609 0.135544 0.108922 0.098583 0.115538 0.139555 0.121107 0.146010 0.116877 0.099895 0.143989 0.133513 0.113225 0.128949 0.097092 0.117002 0.109702 0.087317 0.119250 0.118641 0.116733 0.129646 0.128782 0.102212 0.115701 0.043758 0.014117 0.063697 0.080585 0.061012 0.026425 0.109016 0.095911 0.069348 0.098229 0.115530 0.044074 0.050892 0.035085 0.038210 0.034201 0.040792 0.077949 0.073930 0.108664 0.106486 0.064723 0.033354 0.049455 0.100715 0.147524 0.121146 0.046669 0.078426
1646000.078181 2.731215 0.125846 0.103222 0.126181 0.086279 0.091807 0.094882 0.132214 0.143225 0.111216 0.091552 0.121505 0.134112 0.112009 0.143181 0.119810 0.102752 0.149017 0.136897 0.101810 0.135669 0.083959 0.121133 0.113967 0.098722 0.126633 0.133463 0.122320 0.143166 0.133661 0.114290 0.112936 0.053048 0.020229 0.083989 0.088280 0.071469 0.043139 0.128247 0.104222 0.079339 0.117334 0.117269 0.021827 0.066301 0.030538 0.031416 0.054102 0.028694 0.080948 0.068312 0.105706 0.116188 0.065296 0.032931 0.069319 0.107268 0.143189 0.126054 0.033108 0.090805
1647000.078228 1.677313 0.114647 0.093736 0.115813 0.087286 0.099011 0.091094 0.123846 0.134619 0.102168 0.101376 0.112156 0.144574 0.124165 0.149635 0.107624 0.097175 0.146357 0.125518 0.112594 0.125352 0.097769 0.121041 0.107209 0.084235 0.127048 0.127904 0.118511 0.140236 0.139426 0.105915 0.120071 0.033528 0.015853 0.071063 0.096223 0.072750 0.039517 0.118862 0.092215 0.060985 0.107373 0.123690 0.042792 0.055894 0.044448 0.020808 0.038199 0.029438 0.087692 0.085333 0.118130 0.108973 0.076963 0.046865 0.065465 0.098937 0.149627 0.118734 0.046202 0.073773
1648000.078276 1.426685 0.124759 0.102506 0.123252 0.090819 0.100950 0.099173 0.129624 0.139132 0.110946 0.098761 0.118189 0.140023 0.120863 0.147562 0.119569 0.102358 0.147429 0.136152 0.112449 0.132203 0.096011 0.118753 0.111985 0.090714 0.120977 0.122037 0.119490 0.132514 0.129633 0.105502 0.115999 0.046206 0.014621 0.067528 0.081163 0.061822 0.027198 0.113016 0.099180 0.071385 0.102239 0.115717 0.039076 0.052803 0.032299 0.035849 0.037937 0.037811 0.077119 0.071443 0.107563 0.110095 0.062839 0.033284 0.053486 0.103173 0.148014 0.124697 0.044738 0.081796
1649000.078323 3.053254 0.117178 0.092922 0.119089 0.077380 0.085875 0.083846 0.126123 0.139636 0.103599 0.088496 0.117441 0.134714 0.112483 0.143225 0.109365 0.094421 0.146783 0.129909 0.099858 0.129912 0.084160 0.124620 0.112325 0.095570 0.132156 0.138396 0.120231 0.148161 0.142653 0.115554 0.118447 0.044477 0.021389 0.086953 0.099288 0.080967 0.051046 0.129694 0.099368 0.072474 0.121021 0.126568 0.034165 0.071447 0.044684 0.032032 0.055344 0.015647 0.091346 0.082181 0.115211 0.114451 0.078862 0.038965 0.076583 0.107346 0.144928 0.119844 0.030942 0.085321
1650000.078371 1.859880 0.124615 0.103978 0.125161 0.091558 0.098225 0.098285 0.130965 0.141390 0.111573 0.098055 0.119672 0.138026 0.117528 0.145445 0.119384 0.105048 0.148043 0.135543 0.108559 0.133444 0.091554 0.117324 0.110122 0.093014 0.122178 0.126951 0.119323 0.137348 0.129873 0.108352 0.111582 0.048381 0.016694 0.076629 0.086304 0.067638 0.037397 0.121800 0.099232 0.073521 0.110623 0.113820 0.027917 0.058619 0.028895 0.026259 0.046895 0.033209 0.079401 0.069053 0.105270 0.111087 0.063584 0.036156 0.064078 0.101738 0.145039 0.124551 0.041111 0.085045
1651000.078418 4.305799 0.108063 0.089529 0.110882 0.090504 0.105259 0.091966 0.117750 0.129482 0.099363 0.107491 0.108915 0.148462 0.130008 0.150356 0.101963 0.096533 0.142368 0.120348 0.119191 0.119209 0.105618 0.116915 0.100427 0.075106 0.123366 0.122807 0.112303 0.135544 0.139112 0.098582 0.119798 0.023145 0.025400 0.064969 0.102146 0.077211 0.042579 0.111695 0.082791 0.048624 0.101666 0.123660 0.054831 0.053350 0.054528 0.026816 0.032681 0.037388 0.094348 0.093962 0.121732 0.101439 0.084973 0.056293 0.066653 0.092128 0.151047 0.112185 0.056199 0.062805
1652000.078466 1.456822 0.114411 0.093108 0.115320 0.087405 0.100136 0.092358 0.121417 0.132824 0.103272 0.100441 0.112310 0.141670 0.122402 0.146154 0.108865 0.097227 0.142982 0.126670 0.113183 0.124232 0.097146 0.116282 0.104580 0.081961 0.120877 0.121994 0.114147 0.133782 0.133237 0.101040 0.115387 0.032840 0.014774 0.066351 0.091469 0.069470 0.034971 0.112746 0.089230 0.059576 0.102369 0.118200 0.044075 0.052797 0.042437 0.025962 0.034030 0.034410 0.085188 0.081468 0.113012 0.104081 0.073326 0.043687 0.059361 0.096519 0.147108 0.116200 0.047833 0.071776
1653000.078513 3.526868 0.126937 0.105320 0.128105 0.086988 0.090426 0.096871 0.132675 0.144276 0.113953 0.089144 0.125376 0.130955 0.108704 0.140721 0.121808 0.104296 0.148111 0.138760 0.098254 0.137165 0.081195 0.119200 0.112916 0.100329 0.125219 0.134531 0.120228 0.142450 0.132489 0.114999 0.110774 0.056093 0.022988 0.088267 0.090186 0.076071 0.047156 0.128316 0.105512 0.082296 0.119457 0.115865 0.021958 0.072316 0.034492 0.040480 0.058358 0.026408 0.083989 0.066691 0.101810 0.116315 0.066764 0.028974 0.073691 0.108668 0.141085 0.125386 0.027256 0.092438
1654000.078561 1.919869 0.109219 0.086631 0.111616 0.080718 0.094394 0.084960 0.117485 0.131606 0.099644 0.096282 0.111568 0.139619 0.119691 0.144194 0.103149 0.092443 0.141111 0.123344 0.109261 0.121521 0.093877 0.117810 0.103395 0.082267 0.124404 0.127175 0.112283 0.138164 0.138489 0.103574 0.116597 0.029131 0.016961 0.073263 0.098604 0.077871 0.044845 0.116560 0.086997 0.058421 0.108268 0.123133 0.046745 0.061381 0.049091 0.029761 0.041071 0.028133 0.092481 0.087534 0.116606 0.103273 0.081295 0.044288 0.067355 0.097539 0.146848 0.111877 0.044137 0.070878
1655000.078608 1.945546 0.117525 0.094903 0.119506 0.082266 0.090129 0.087830 0.126211 0.138921 0.104784 0.092468 0.117654 0.136783 0.114675 0.144360 0.110602 0.097556 0.146752 0.129679 0.102841 0.129486 0.086779 0.121647 0.110171 0.093700 0.129239 0.134964 0.119194 0.144961 0.139023 0.112959 0.115937 0.043379 0.017074 0.084106 0.096656 0.078609 0.048550 0.127572 0.097695 0.071431 0.117950 0.122642 0.032344 0.068248 0.041161 0.028439 0.052344 0.020511 0.089393 0.079130 0.112219 0.112581 0.075485 0.038757 0.073842 0.104763 0.145367 0.119875 0.033662 0.083650
1656000.078656 3.695924 0.116881 0.093374 0.119014 0.078606 0.085697 0.084112 0.126938 0.139690 0.102524 0.089659 0.117349 0.135779 0.112546 0.144152 0.108570 0.094894 0.147899 0.128404 0.099186 0.129539 0.083861 0.126187 0.113213 0.097537 0.134410 0.141329 0.122433 0.150911 0.144222 0.118340 0.119587 0.045965 0.023533 0.090484 0.101446 0.083564 0.054471 0.133502 0.101014 0.074312 0.124213 0.127887 0.033509 0.074209 0.046812 0.030823 0.058055 0.015145 0.092442 0.083158 0.115819 0.117159 0.079907 0.042641 0.080283 0.109273 0.144667 0.121056 0.031607 0.087096
1657000.078703 0.713895 0.120578 0.097457 0.120183 0.085156 0.094922 0.092559 0.126497 0.138013 0.107291 0.094519 0.116395 0.137293 0.117309 0.144787 0.114557 0.098725 0.145364 0.132863 0.107806 0.129737 0.091746 0.118748 0.110180 0.090855 0.123566 0.126183 0.117580 0.136831 0.132825 0.107057 0.114840 0.043168 0.010342 0.073007 0.086447 0.067385 0.034971 0.117925 0.096723 0.069999 0.107596 0.117912 0.035736 0.057760 0.033701 0.031590 0.042726 0.031027 0.081528 0.074243 0.109389 0.108917 0.067583 0.032924 0.060598 0.102149 0.145927 0.120723 0.038834 0.081403
1658000.078751 3.306548 0.111787 0.088574 0.114496 0.079220 0.090412 0.084122 0.121450 0.135254 0.099978 0.093196 0.115119 0.138690 0.117240 0.145210 0.103933 0.092358 0.144746 0.125015 0.104319 0.125020 0.090295 0.123050 0.108125 0.089784 0.130785 0.136484 0.116762 0.146003 0.144329 0.111840 0.120294 0.036183 0.022258 0.083701 0.103774 0.084431 0.051794 0.125155 0.093976 0.064842 0.117764 0.128274 0.044276 0.071056 0.053044 0.035358 0.050793 0.017604 0.096079 0.088908 0.118329 0.110999 0.084539 0.045242 0.077223 0.105068 0.146708 0.115242 0.037411 0.077810
1659000.078798 2.940298 0.113515 0.093754 0.114571 0.091069 0.106058 0.095993 0.120154 0.131261 0.104282 0.105508 0.111529 0.146504 0.128239 0.149542 0.109144 0.098317 0.142632 0.126514 0.119494 0.122631 0.103937 0.115152 0.102638 0.076437 0.118808 0.116613 0.112856 0.129203 0.133197 0.095919 0.117588 0.030224 0.020990 0.058254 0.092372 0.068450 0.031837 0.105225 0.085593 0.054138 0.095061 0.119073 0.052361 0.047622 0.047145 0.031418 0.026166 0.041031 0.087373 0.086537 0.116475 0.100378 0.076921 0.048046 0.054719 0.092662 0.150907 0.115504 0.054912 0.065762
1660000.078846 1.863782 0.125324 0.103565 0.122722 0.093414 0.103522 0.100660 0.129947 0.137900 0.110775 0.101849 0.116114 0.141177 0.122903 0.147743 0.120231 0.103403 0.146878 0.135398 0.115252 0.131683 0.098674 0.117673 0.111971 0.089927 0.118967 0.118899 0.119886 0.129826 0.126027 0.104067 0.115001 0.047567 0.016711 0.064251 0.076991 0.056600 0.023026 0.111804 0.099199 0.071946 0.099324 0.112852 0.039918 0.048000 0.029005 0.033487 0.035403 0.042325 0.072477 0.069249 0.106445 0.109591 0.058419 0.036155 0.048769 0.101772 0.147645 0.125514 0.049349 0.082068
1661000.078893 11.993585 0.093187 0.080260 0.100910 0.092254 0.110173 0.089152 0.104509 0.120289 0.095620 0.114353 0.105155 0.151013 0.134837 0.146902 0.090518 0.094615 0.133904 0.109197 0.125092 0.108327 0.112560 0.109369 0.086656 0.059537 0.118732 0.117960 0.100626 0.131049 0.139647 0.088675 0.116627 0.013665 0.042392 0.066452 0.116762 0.091559 0.060065 0.105802 0.065664 0.035410 0.098516 0.124804 0.072240 0.062865 0.072604 0.040872 0.040087 0.050203 0.110079 0.109486 0.127258 0.087703 0.102466 0.070709 0.076308 0.079625 0.151416 0.098118 0.069379 0.046294
1662000.078941 2.480032 0.124283 0.103791 0.121276 0.095103 0.104881 0.100551 0.130218 0.136725 0.108701 0.104726 0.112856 0.144158 0.126038 0.150196 0.118265 0.103680 0.147221 0.132551 0.116886 0.130236 0.102000 0.119362 0.112222 0.089518 0.121871 0.120126 0.122054 0.132701 0.128415 0.104893 0.117278 0.047775 0.019277 0.063475 0.078782 0.055636 0.023582 0.114432 0.099214 0.070813 0.099606 0.114412 0.039933 0.044308 0.028715 0.028360 0.035150 0.043359 0.071858 0.071934 0.110316 0.111190 0.059569 0.042183 0.051210 0.100335 0.148472 0.126114 0.052105 0.081789
1663000.078988 5.510581 0.117569 0.094688 0.121056 0.079532 0.086626 0.085264 0.127440 0.141212 0.104942 0.089733 0.119741 0.135514 0.112123 0.143657 0.110024 0.096936 0.148425 0.130142 0.098929 0.131389 0.082270 0.125333 0.112241 0.097256 0.134134 0.141977 0.121523 0.151887 0.145007 0.117847 0.117828 0.047930 0.028735 0.092288 0.104581 0.086308 0.057167 0.134662 0.100438 0.074356 0.125830 0.127679 0.032697 0.076375 0.048248 0.031782 0.060945 0.016693 0.095500 0.083916 0.116021 0.116466 0.082599 0.044740 0.083034 0.107723 0.145072 0.120688 0.032129 0.087673
1664000.079036 2.329753 0.123995 0.100722 0.124733 0.082540 0.088059 0.092693 0.129124 0.141864 0.110874 0.086295 0.122042 0.129415 0.107540 0.139190 0.118697 0.100567 0.145304 0.137050 0.098150 0.133697 0.080728 0.118491 0.111936 0.098536 0.124524 0.132178 0.118137 0.140896 0.132285 0.112609 0.110402 0.052412 0.018684 0.084507 0.087862 0.073628 0.044076 0.125264 0.101916 0.078775 0.116692 0.116148 0.024809 0.068749 0.032100 0.038488 0.054980 0.027562 0.083317 0.067818 0.102979 0.112530 0.066630 0.025755 0.069641 0.106737 0.140286 0.122311 0.027830 0.089668
1665000.079083 2.262650 0.119589 0.097561 0.121362 0.085259 0.093252 0.090693 0.128443 0.140337 0.106201 0.095386 0.118141 0.139256 0.117363 0.146786 0.112276 0.099776 0.148810 0.130799 0.105188 0.131346 0.089473 0.122822 0.111090 0.093529 0.129921 0.135422 0.121049 0.146121 0.139900 0.113218 0.117347 0.043808 0.018413 0.082928 0.096971 0.077215 0.046582 0.128308 0.099041 0.071116 0.117794 0.122999 0.031691 0.066097 0.040769 0.025617 0.051130 0.021930 0.088216 0.079352 0.113664 0.114486 0.074960 0.041391 0.073443 0.104918 0.146838 0.122111 0.036494 0.084030
1666000.079131 2.233879 0.124750 0.102725 0.125342 0.086051 0.090827 0.096020 0.129356 0.141438 0.112157 0.088626 0.122383 0.130003 0.108411 0.139332 0.120172 0.102633 0.144886 0.137484 0.099965 0.133381 0.082742 0.115769 0.110445 0.097480 0.121567 0.129001 0.116845 0.137500 0.128944 0.110341 0.108340 0.053064 0.018295 0.082615 0.085412 0.071837 0.042093 0.122633 0.101065 0.078618 0.114017 0.112880 0.024911 0.066930 0.029805 0.038784 0.053515 0.031120 0.081875 0.065088 0.099886 0.110789 0.063789 0.025622 0.067674 0.104985 0.139776 0.122364 0.030414 0.088831
1667000.079178 1.793726 0.117656 0.095248 0.120105 0.083368 0.092686 0.089291 0.126805 0.139804 0.105614 0.094776 0.118291 0.139634 0.117597 0.146986 0.110898 0.097977 0.148320 0.130327 0.105745 0.130054 0.089644 0.122817 0.109969 0.091454 0.130001 0.135055 0.119719 0.145492 0.141696 0.112131 0.118538 0.040172 0.016394 0.082110 0.099087 0.079249 0.047004 0.126016 0.096843 0.068424 0.116859 0.125225 0.035404 0.066773 0.043897 0.027331 0.049539 0.018553 0.091338 0.082624 0.115349 0.112437 0.078368 0.040195 0.073020 0.104208 0.148196 0.120534 0.035978 0.081020
1668000.079226 1.101313 0.115994 0.093656 0.117381 0.084395 0.095225 0.089376 0.124601 0.136951 0.103657 0.097265 0.114596 0.141371 0.120521 0.147713 0.109043 0.097042 0.146441 0.128246 0.109241 0.127180 0.093959 0.121115 0.108264 0.087689 0.127725 0.130213 0.117960 0.141677 0.139557 0.108024 0.118547 0.036014 0.012846 0.075288 0.095995 0.074590 0.041801 0.121134 0.093537 0.064147 0.110990 0.123646 0.039328 0.059911 0.042166 0.024189 0.043037 0.025446 0.088758 0.083250 0.116248 0.109107 0.076651 0.041634 0.067575 0.100797 0.148691 0.118731 0.040975 0.076928
1669000.079273 3.460732 0.129811 0.108777 0.128859 0.093085 0.097675 0.101058 0.135410 0.144259 0.114414 0.096785 0.121553 0.136643 0.115926 0.145515 0.124105 0.107453 0.150279 0.139298 0.106662 0.137433 0.089815 0.119277 0.114544 0.098939 0.123588 0.128941 0.123266 0.139102 0.128593 0.112234 0.111584 0.056680 0.022771 0.079853 0.082080 0.064654 0.037528 0.125571 0.105541 0.080865 0.113059 0.112465 0.022000 0.060364 0.022414 0.031504 0.051997 0.037154 0.074705 0.063164 0.102989 0.116030 0.057937 0.035127 0.064929 0.105599 0.144010 0.129205 0.040281 0.092024
1670000.079321 1.552568 0.121562 0.099844 0.121936 0.089358 0.098590 0.094208 0.130197 0.140665 0.107422 0.100716 0.116647 0.144109 0.123187 0.151075 0.114326 0.101839 0.150619 0.131923 0.111728 0.131800 0.096232 0.123536 0.112283 0.091485 0.129475 0.131374 0.122935 0.143448 0.138956 0.110969 0.119848 0.042541 0.015252 0.075809 0.092828 0.070657 0.039647 0.124381 0.098763 0.069389 0.112049 0.122901 0.035321 0.057851 0.036851 0.020531 0.044526 0.029428 0.084481 0.079620 0.115906 0.113829 0.072036 0.042342 0.066225 0.103100 0.150787 0.124650 0.043148 0.082055
1671000.079368 2.312386 0.109686 0.088210 0.112334 0.083354 0.097060 0.086611 0.119391 0.132560 0.099646 0.099874 0.111180 0.143695 0.123557 0.148000 0.102990 0.093645 0.143757 0.122746 0.112093 0.122235 0.097500 0.119957 0.104038 0.080842 0.126667 0.128283 0.114606 0.140050 0.141512 0.104146 0.120020 0.026757 0.018614 0.072266 0.101369 0.078274 0.044520 0.117325 0.087481 0.056117 0.108170 0.125956 0.048058 0.059545 0.050983 0.025397 0.039306 0.027311 0.093577 0.090805 0.120419 0.105130 0.083540 0.048377 0.068455 0.097177 0.149786 0.113872 0.046767 0.069234
1672000.079416 7.482421 0.099070 0.078680 0.104961 0.078778 0.093410 0.078831 0.111703 0.127146 0.091506 0.098366 0.107130 0.142293 0.121420 0.144810 0.091765 0.087542 0.139430 0.113745 0.109067 0.113967 0.095623 0.119868 0.099569 0.079955 0.129944 0.133973 0.110779 0.145145 0.147447 0.105780 0.119986 0.025185 0.033483 0.082018 0.113493 0.091508 0.059496 0.122718 0.081425 0.050994 0.115683 0.130961 0.055353 0.071046 0.063565 0.031355 0.050781 0.028384 0.104962 0.100809 0.125013 0.102494 0.095765 0.059745 0.082495 0.095813 0.147001 0.105803 0.050637 0.066362
1673000.079463 3.185281 0.128350 0.105373 0.127838 0.087645 0.092017 0.095273 0.135389 0.145563 0.112394 0.093313 0.122394 0.136148 0.113989 0.145650 0.121323 0.104473 0.151969 0.138030 0.102698 0.138335 0.085662 0.124423 0.117359 0.101789 0.130165 0.136271 0.126043 0.146194 0.135478 0.117997 0.115721 0.056009 0.021846 0.086482 0.088547 0.071600 0.045775 0.132087 0.107944 0.083188 0.119909 0.119432 0.021993 0.067607 0.029984 0.031514 0.056742 0.030168 0.080463 0.068960 0.107938 0.120034 0.065139 0.034586 0.071092 0.110159 0.145479 0.129355 0.033918 0.094249
1674000.079511 1.780976 0.110700 0.090099 0.113047 0.085774 0.099169 0.089425 0.119619 0.132201 0.101059 0.101106 0.111342 0.143651 0.124079 0.147679 0.104730 0.095188 0.142976 0.123789 0.113527 0.122036 0.098822 0.117564 0.102917 0.079698 0.123782 0.124995 0.113354 0.136666 0.138166 0.101690 0.118107 0.027003 0.016336 0.069043 0.098433 0.075371 0.040512 0.114174 0.086563 0.055431 0.104927 0.122939 0.047520 0.056485 0.048573 0.025788 0.035817 0.029687 0.091259 0.088318 0.117900 0.103238 0.080595 0.047091 0.065280 0.095436 0.149160 0.113968 0.047663 0.068213
1675000.079558 1.917163 0.122300 0.098523 0.123661 0.081810 0.089840 0.091405 0.128834 0.142040 0.109840 0.089163 0.122046 0.133882 0.112030 0.142984 0.116575 0.098861 0.147767 0.135877 0.101479 0.133737 0.084035 0.121494 0.112217 0.095168 0.127324 0.133437 0.119336 0.142632 0.137708 0.112508 0.115590 0.047226 0.016949 0.082794 0.093144 0.076156 0.044261 0.123986 0.100776 0.074806 0.115897 0.121942 0.031542 0.068696 0.039153 0.036956 0.051709 0.021441 0.087739 0.075450 0.109377 0.113115 0.073032 0.029519 0.069525 0.106819 0.145234 0.122322 0.029073 0.085785
1676000.079606 2.926395 0.112046 0.089372 0.115836 0.078233 0.087953 0.084601 0.120895 0.135725 0.101594 0.089654 0.116651 0.134513 0.112061 0.141386 0.105760 0.093257 0.143061 0.126450 0.100742 0.125030 0.084582 0.119756 0.106050 0.090250 0.127957 0.135383 0.114549 0.144580 0.141335 0.110626 0.115226 0.038015 0.020940 0.085418 0.102547 0.084744 0.052050 0.125302 0.092713 0.065948 0.118640 0.124675 0.038118 0.072145 0.049460 0.032883 0.052821 0.015311 0.095717 0.084538 0.113251 0.108605 0.082392 0.041123 0.077377 0.103143 0.143184 0.114248 0.033137 0.078825
1677000.079653 1.811093 0.114587 0.094787 0.115544 0.089017 0.099619 0.092317 0.123223 0.133506 0.102395 0.101825 0.110734 0.142914 0.123347 0.147616 0.108334 0.098343 0.144232 0.125242 0.112797 0.124140 0.098249 0.117642 0.105250 0.083441 0.123644 0.124254 0.116332 0.136636 0.134687 0.103339 0.116355 0.035356 0.016473 0.069150 0.092801 0.069661 0.037370 0.116899 0.090453 0.060740 0.104972 0.119084 0.041115 0.052511 0.040246 0.017902 0.037703 0.032780 0.084630 0.081815 0.114542 0.106168 0.073183 0.046343 0.063466 0.095688 0.147219 0.117751 0.047782 0.073503
1678000.079701 1.465660 0.116549 0.095040 0.119024 0.084488 0.093170 0.090079 0.125271 0.138138 0.105007 0.095074 0.116974 0.138844 0.117035 0.145711 0.110293 0.098192 0.146393 0.129260 0.105887 0.127988 0.090066 0.119753 0.107519 0.089569 0.127310 0.131765 0.117242 0.142305 0.138869 0.109209 0.116000 0.038975 0.014819 0.079978 0.097459 0.077822 0.045379 0.123255 0.094259 0.066584 0.114114 0.122447 0.035093 0.064575 0.041846 0.025568 0.047817 0.021677 0.090496 0.081138 0.113086 0.109353 0.076797 0.039967 0.071657 0.101145 0.146607 0.118697 0.036620 0.078946
1679000.079748 2.067543 0.113146 0.093613 0.115724 0.087902 0.098240 0.091432 0.122606 0.134407 0.102364 0.100692 0.112791 0.142990 0.122132 0.147858 0.107024 0.098104 0.144827 0.125046 0.111313 0.123705 0.096455 0.118209 0.104430 0.084263 0.125795 0.127884 0.115980 0.139782 0.138270 0.105055 0.116882 0.033868 0.017601 0.074126 0.098163 0.076248 0.043259 0.119540 0.089604 0.060113 0.109163 0.121971 0.041236 0.058736 0.044641 0.020081 0.041872 0.029042 0.090501 0.084940 0.115795 0.106184 0.078252 0.047287 0.069370 0.096651 0.147753 0.116694 0.045444 0.073130
1680000.079796 1.573741 0.116796 0.095542 0.119194 0.087275 0.099368 0.092857 0.125060 0.137814 0.106651 0.100220 0.116898 0.143441 0.123005 0.149081 0.111236 0.099191 0.147352 0.130115 0.112710 0.128508 0.096244 0.119565 0.106708 0.084287 0.125099 0.127450 0.116838 0.138755 0.138493 0.105018 0.118144 0.034249 0.015356 0.072311 0.096932 0.074673 0.039967 0.117260 0.091939 0.061771 0.108024 0.122908 0.042091 0.058809 0.044470 0.026273 0.039880 0.027390 0.090050 0.084287 0.116046 0.107185 0.077970 0.042418 0.065135 0.098827 0.150920 0.119117 0.044128 0.074090
1681000.079843 4.194972 0.112743 0.089753 0.116565 0.079930 0.092340 0.085344 0.122973 0.137679 0.101713 0.094764 0.115951 0.141311 0.118977 0.147817 0.105522 0.093925 0.147239 0.126935 0.106844 0.126369 0.090998 0.124322 0.108439 0.088797 0.132396 0.137168 0.118589 0.148259 0.147428 0.111459 0.121429 0.035471 0.025071 0.083004 0.106264 0.084998 0.051739 0.126191 0.092947 0.062673 0.118450 0.130533 0.043684 0.069444 0.053105 0.029494 0.050671 0.020627 0.098109 0.091353 0.121575 0.110730 0.087129 0.048023 0.077144 0.103135 0.149522 0.117080 0.040879 0.077034
1682000.079891 1.925063 0.119089 0.098303 0.120119 0.089233 0.099375 0.094389 0.127518 0.138247 0.106134 0.100497 0.115404 0.143333 0.122979 0.149764 0.112541 0.100387 0.148074 0.130298 0.111869 0.129085 0.096959 0.120888 0.109142 0.088192 0.126623 0.128790 0.119620 0.140510 0.137647 0.107577 0.118468 0.039817 0.016984 0.073267 0.093615 0.071244 0.037932 0.120408 0.095382 0.065076 0.109291 0.121550 0.038130 0.056709 0.039770 0.024171 0.041967 0.029114 0.085506 0.080756 0.115070 0.110554 0.073398 0.043390 0.065839 0.100400 0.149351 0.121727 0.044317 0.078212
1683000.079938 2.243641 0.116775 0.097395 0.118602 0.090234 0.098772 0.093484 0.126300 0.136941 0.104751 0.101882 0.114623 0.143467 0.122528 0.148889 0.110137 0.101109 0.147316 0.127014 0.111061 0.127319 0.096328 0.120014 0.107121 0.087564 0.127296 0.130002 0.119091 0.141891 0.138047 0.108152 0.117398 0.038947 0.018335 0.076655 0.097110 0.075222 0.044163 0.123327 0.094033 0.065316 0.111613 0.121439 0.037929 0.059548 0.042055 0.018288 0.044814 0.029638 0.088137 0.082386 0.115116 0.110266 0.075601 0.047170 0.070565 0.099194 0.148108 0.120285 0.045000 0.077676
1684000.079986 9.847180 0.120464 0.102317 0.113564 0.101577 0.115851 0.104624 0.124218 0.125945 0.104723 0.115203 0.102175 0.149832 0.136752 0.150702 0.115388 0.102000 0.139395 0.126051 0.129541 0.121613 0.116818 0.118281 0.111501 0.082004 0.116663 0.105340 0.120795 0.120720 0.123393 0.095516 0.122192 0.051400 0.038412 0.041352 0.072623 0.043310 0.014641 0.099017 0.095357 0.066952 0.079833 0.113514 0.062524 0.023757 0.043566 0.042571 0.022020 0.063416 0.067205 0.081608 0.117123 0.106070 0.062098 0.058169 0.032124 0.095223 0.148399 0.123419 0.072595 0.075738
1685000.080033 5.486410 0.131303 0.109861 0.126931 0.096239 0.104040 0.105706 0.133395 0.139806 0.115170 0.099819 0.117795 0.136238 0.119346 0.144311 0.126956 0.106699 0.145872 0.140582 0.113468 0.134984 0.097397 0.115809 0.114793 0.095796 0.115084 0.116186 0.120619 0.126301 0.118869 0.104706 0.111049 0.059277 0.028672 0.065750 0.067011 0.049203 0.019515 0.111350 0.104511 0.080204 0.098447 0.106141 0.038756 0.048236 0.021316 0.043257 0.042849 0.050833 0.063650 0.059025 0.099369 0.111353 0.047811 0.034780 0.046138 0.103708 0.142998 0.128865 0.052276 0.089749
1686000.080081 3.336411 0.123542 0.103589 0.123095 0.093244 0.100539 0.096930 0.132066 0.140615 0.108492 0.103275 0.114952 0.143811 0.123996 0.150477 0.116372 0.104421 0.150242 0.131908 0.113018 0.132214 0.098557 0.122277 0.112480 0.091980 0.127533 0.128850 0.123604 0.141327 0.134942 0.110208 0.118214 0.047326 0.022359 0.074847 0.089687 0.066341 0.038541 0.124495 0.100006 0.071692 0.110533 0.119279 0.034754 0.054279 0.033472 0.016973 0.045800 0.036070 0.079363 0.076708 0.114035 0.114190 0.067572 0.046273 0.065514 0.101374 0.148761 0.126473 0.048321 0.084120
1687000.080128 2.038355 0.125832 0.104114 0.122733 0.093142 0.101227 0.099244 0.131569 0.138674 0.109218 0.101233 0.115246 0.141074 0.122226 0.148311 0.119242 0.103560 0.148001 0.134170 0.112710 0.132252 0.097727 0.120075 0.113934 0.094037 0.123009 0.124002 0.122848 0.135188 0.128199 0.108680 0.115901 0.050499 0.017476 0.070010 0.078439 0.058373 0.028956 0.118995 0.102222 0.075135 0.104989 0.113853 0.035093 0.050975 0.026289 0.030470 0.041356 0.040541 0.071645 0.068266 0.107430 0.113763 0.057532 0.038469 0.055792 0.104094 0.146548 0.126991 0.047301 0.086104
1688000.080176 2.164170 0.122226 0.099477 0.123594 0.084840 0.092186 0.091688 0.130406 0.142525 0.108630 0.093592 0.120153 0.137991 0.116041 0.146472 0.115404 0.100582 0.149874 0.134109 0.104354 0.133697 0.087968 0.123115 0.112783 0.095365 0.129849 0.135085 0.121684 0.145401 0.139194 0.113904 0.117125 0.046728 0.018007 0.083274 0.094762 0.075763 0.045386 0.127697 0.100965 0.073772 0.117588 0.122794 0.029488 0.066425 0.037521 0.028610 0.052218 0.021720 0.087240 0.077015 0.112332 0.114879 0.073225 0.036669 0.071880 0.105835 0.147360 0.123855 0.033685 0.086056
1689000.080223 3.278813 0.129842 0.108208 0.127763 0.093399 0.099872 0.101843 0.134571 0.142609 0.113921 0.097949 0.119895 0.137062 0.117753 0.145523 0.124326 0.106161 0.149252 0.139246 0.109318 0.136701 0.092652 0.118790 0.114603 0.096397 0.120888 0.124767 0.122330 0.134912 0.126179 0.109374 0.112514 0.055083 0.022165 0.073814 0.077813 0.058942 0.029651 0.120123 0.104854 0.078895 0.107635 0.111376 0.028685 0.055049 0.022800 0.033635 0.046459 0.039552 0.070758 0.062756 0.102839 0.114784 0.055123 0.034192 0.057598 0.105060 0.144419 0.128939 0.043752 0.089728
1690000.080271 3.169657 0.125604 0.104653 0.122646 0.094176 0.103536 0.100702 0.131218 0.137757 0.109269 0.102557 0.114023 0.142250 0.123835 0.149071 0.119540 0.103248 0.147769 0.134026 0.114713 0.131543 0.099438 0.119747 0.113330 0.091339 0.121667 0.121397 0.122570 0.133306 0.128087 0.106110 0.116639 0.050162 0.021793 0.065751 0.078140 0.055523 0.023460 0.115608 0.101158 0.072635 0.101321 0.114000 0.037479 0.047050 0.028146 0.030445 0.038063 0.042079 0.070667 0.069669 0.108719 0.112723 0.058174 0.041068 0.052353 0.101959 0.147092 0.127019 0.050321 0.084009
1691000.080318 5.911546 0.129646 0.110273 0.129176 0.096285 0.099062 0.101359 0.137025 0.145332 0.114144 0.100955 0.120561 0.139985 0.119266 0.148356 0.123314 0.109797 0.152019 0.137737 0.109036 0.137299 0.094048 0.121119 0.115243 0.100228 0.127188 0.131428 0.125481 0.142444 0.131297 0.114534 0.113639 0.058943 0.029762 0.083648 0.087006 0.068471 0.045157 0.130152 0.105895 0.081879 0.116504 0.114903 0.026263 0.062103 0.027408 0.027596 0.056888 0.040655 0.078068 0.068288 0.107179 0.117366 0.062507 0.044407 0.071210 0.104744 0.145768 0.130490 0.046068 0.093428
1692000.080366 1.456912 0.116279 0.094657 0.117683 0.085491 0.095299 0.090076 0.125455 0.136902 0.103324 0.097810 0.114180 0.141701 0.120208 0.148002 0.109326 0.097662 0.147084 0.127605 0.108841 0.126974 0.093269 0.121516 0.108879 0.088815 0.128527 0.130938 0.119571 0.142637 0.139516 0.109182 0.118466 0.038053 0.014775 0.076623 0.095773 0.074473 0.042633 0.123018 0.094625 0.065651 0.112001 0.123443 0.037280 0.060331 0.041354 0.020766 0.044317 0.026419 0.087923 0.082304 0.115786 0.110583 0.075573 0.043470 0.068642 0.101136 0.148104 0.119957 0.041279 0.078331
1693000.080413 2.498188 0.114070 0.092756 0.117263 0.083973 0.094376 0.089388 0.123276 0.136600 0.103268 0.096175 0.115761 0.140672 0.118428 0.146742 0.107993 0.096971 0.146079 0.127229 0.107123 0.126122 0.090901 0.120242 0.106250 0.087403 0.128222 0.132197 0.117094 0.143613 0.141557 0.108259 0.117224 0.036585 0.019347 0.079246 0.100672 0.080056 0.047093 0.123176 0.092039 0.063411 0.113960 0.124472 0.038769 0.064734 0.046156 0.025013 0.047153 0.024167 0.093428 0.085072 0.116119 0.108599 0.080732 0.044534 0.072683 0.099852 0.147583 0.117207 0.039953 0.076378
1694000.080461 1.306094 0.121355 0.099328 0.121173 0.087701 0.097088 0.094318 0.128004 0.138641 0.107706 0.097164 0.115997 0.139434 0.119175 0.146538 0.115188 0.100641 0.146868 0.132529 0.109164 0.130590 0.093052 0.119496 0.110276 0.090578 0.124541 0.127129 0.119425 0.138789 0.133699 0.107548 0.115235 0.044083 0.013989 0.073037 0.087608 0.066705 0.034768 0.120327 0.097398 0.069847 0.108539 0.117860 0.033336 0.056022 0.032635 0.026225 0.042884 0.031837 0.080625 0.074309 0.110685 0.110597 0.067345 0.037437 0.061732 0.101222 0.146597 0.122360 0.041396 0.081884
1695000.080508 1.559880 0.116503 0.092826 0.118282 0.080745 0.091405 0.087290 0.124450 0.137868 0.104280 0.092520 0.116944 0.137423 0.116166 0.144673 0.109683 0.095491 0.145976 0.129762 0.104815 0.128708 0.088588 0.121423 0.109223 0.090055 0.127659 0.132358 0.117371 0.142523 0.139627 0.109861 0.117320 0.038690 0.015288 0.079341 0.096632 0.077197 0.044720 0.122558 0.095382 0.067143 0.113979 0.123781 0.037631 0.065348 0.043567 0.030519 0.047414 0.020668 0.089906 0.081751 0.114100 0.110257 0.077179 0.037916 0.069870 0.103559 0.146695 0.118277 0.035503 0.079662
1696000.080556 1.622043 0.112613 0.092714 0.114584 0.088245 0.100637 0.092072 0.121280 0.132680 0.102196 0.102141 0.111809 0.144077 0.124243 0.148166 0.106837 0.097275 0.143914 0.124713 0.113783 0.123157 0.098593 0.117114 0.103453 0.080566 0.123146 0.124003 0.114609 0.136047 0.136404 0.101670 0.117080 0.030251 0.015590 0.068150 0.095986 0.072948 0.038286 0.114493 0.087971 0.057041 0.104030 0.120834 0.044515 0.054392 0.045061 0.022567 0.035167 0.031165 0.088680 0.085168 0.115949 0.104364 0.077277 0.046823 0.063905 0.095183 0.148724 0.115793 0.047669 0.069723
1697000.080603 1.762469 0.120194 0.100298 0.121298 0.091888 0.101010 0.096151 0.128937 0.139013 0.107454 0.102872 0.115933 0.144541 0.124017 0.150484 0.113964 0.102733 0.149151 0.130642 0.113366 0.129954 0.097741 0.120362 0.109163 0.088326 0.126218 0.128077 0.120608 0.140064 0.136115 0.107677 0.117526 0.040945 0.016251 0.073549 0.092717 0.070231 0.038362 0.121414 0.095821 0.066551 0.109246 0.120141 0.036061 0.055891 0.037274 0.017978 0.042195 0.030976 0.084291 0.079147 0.113965 0.110808 0.071504 0.044237 0.065326 0.099644 0.149829 0.123202 0.045760 0.079093
1698000.080651 2.515870 0.126276 0.104166 0.125414 0.089247 0.094986 0.096080 0.133282 0.142418 0.110157 0.095680 0.119148 0.137554 0.116483 0.146207 0.119460 0.103292 0.150156 0.135675 0.105643 0.135196 0.089468 0.121764 0.114804 0.097851 0.126659 0.131457 0.123730 0.141567 0.132281 0.113723 0.114699 0.052712 0.019416 0.080643 0.085483 0.067260 0.039693 0.126914 0.104573 0.078401 0.114525 0.116606 0.024776 0.061681 0.027974 0.028669 0.051133 0.031137 0.077393 0.068190 0.106896 0.116849 0.062341 0.036145 0.066579 0.106646 0.145222 0.127495 0.037892 0.090050
1699000.080698 2.369143 0.110620 0.089246 0.113805 0.082417 0.094019 0.086114 0.120719 0.133819 0.099774 0.096907 0.112811 0.141063 0.119774 0.146282 0.103754 0.093790 0.144321 0.123561 0.107963 0.123098 0.092865 0.120304 0.105201 0.085210 0.127947 0.131816 0.115717 0.142715 0.141569 0.107545 0.118282 0.031935 0.018841 0.078167 0.101714 0.080403 0.047366 0.121995 0.090001 0.060081 0.113018 0.125380 0.042385 0.064460 0.049229 0.024705 0.045260 0.021303 0.093602 0.087755 0.117690 0.107465 0.082129 0.046816 0.072910 0.099497 0.147339 0.114810 0.041632 0.073680
1700000.080746 7.636151 0.118181 0.097512 0.122817 0.085488 0.091715 0.088546 0.130386 0.143463 0.105822 0.096790 0.121050 0.141851 0.118155 0.149330 0.109952 0.100811 0.152503 0.129467 0.103903 0.132543 0.088798 0.128546 0.113492 0.098416 0.138344 0.146153 0.125031 0.156430 0.149582 0.121022 0.121952 0.048737 0.033825 0.095790 0.110745 0.091111 0.062162 0.139307 0.101750 0.074220 0.129874 0.131606 0.037164 0.078803 0.053739 0.029661 0.063934 0.019793 0.099940 0.089518 0.120936 0.119803 0.087539 0.053314 0.088888 0.109075 0.149316 0.123498 0.039751 0.088289
1701000.080793 2.152010 0.112518 0.088589 0.114782 0.076280 0.086235 0.083189 0.120648 0.135082 0.100720 0.087847 0.115180 0.133989 0.111858 0.141538 0.105587 0.091718 0.142683 0.126488 0.099986 0.124691 0.084914 0.120533 0.107342 0.090460 0.128524 0.133763 0.114990 0.143489 0.141329 0.110191 0.116745 0.038174 0.017957 0.082672 0.099475 0.081812 0.049630 0.123062 0.093370 0.066747 0.115867 0.125194 0.039775 0.069697 0.047521 0.034994 0.050710 0.019280 0.093712 0.084211 0.114173 0.108531 0.080822 0.038466 0.074347 0.103531 0.143385 0.114345 0.031888 0.078706
1702000.080841 2.380095 0.116305 0.093948 0.118420 0.083663 0.093580 0.088117 0.125801 0.138221 0.103463 0.096379 0.115547 0.140692 0.119033 0.147253 0.108967 0.097135 0.147793 0.128162 0.107211 0.128429 0.091196 0.122885 0.109682 0.090286 0.129891 0.133981 0.119865 0.145184 0.141183 0.111266 0.118599 0.039174 0.018884 0.080409 0.098601 0.077589 0.046649 0.126105 0.095640 0.066702 0.115767 0.124836 0.036575 0.064262 0.043573 0.021715 0.048476 0.022737 0.089999 0.083377 0.116542 0.111905 0.077911 0.044115 0.072165 0.102771 0.148039 0.119921 0.040005 0.080149
1703000.080888 3.451064 0.131094 0.108213 0.130023 0.088812 0.092215 0.098222 0.136650 0.146510 0.115041 0.091545 0.124264 0.133481 0.111699 0.143811 0.124864 0.105984 0.151350 0.141113 0.101451 0.139905 0.084223 0.122484 0.117749 0.103413 0.127323 0.134206 0.125222 0.143334 0.131685 0.117240 0.113175 0.059356 0.022740 0.085935 0.083913 0.068766 0.043013 0.130032 0.109503 0.085734 0.118358 0.115870 0.018738 0.067416 0.024996 0.036875 0.057306 0.032887 0.077219 0.063150 0.103238 0.119694 0.060273 0.029115 0.068752 0.110677 0.143493 0.130371 0.032461 0.096198
1704000.080936 3.237475 0.128302 0.106827 0.126510 0.092426 0.098204 0.098947 0.135165 0.142890 0.111326 0.098964 0.118293 0.139872 0.119427 0.148341 0.121411 0.105312 0.151330 0.136455 0.108844 0.136113 0.093161 0.122589 0.116114 0.097819 0.126699 0.129942 0.125746 0.141073 0.131687 0.113310 0.116101 0.054362 0.022025 0.077778 0.083120 0.062977 0.036234 0.126234 0.105863 0.079118 0.112309 0.116131 0.026650 0.057390 0.025554 0.026935 0.049271 0.036354 0.073947 0.067651 0.108066 0.117997 0.059781 0.039088 0.063546 0.106261 0.146380 0.129867 0.042978 0.090637
1705000.080983 2.835248 0.128897 0.105765 0.127635 0.088415 0.094517 0.098858 0.132847 0.142974 0.113736 0.091383 0.122460 0.132200 0.111688 0.141679 0.123568 0.103967 0.147716 0.140096 0.103279 0.136846 0.085495 0.118464 0.114442 0.098913 0.121550 0.128078 0.120671 0.136947 0.127505 0.111343 0.110619 0.055629 0.020611 0.079120 0.080017 0.064876 0.035477 0.122227 0.105268 0.080829 0.111821 0.112180 0.025412 0.062594 0.025770 0.038989 0.050877 0.035397 0.075044 0.061721 0.100408 0.114784 0.057892 0.027105 0.061898 0.107673 0.141734 0.126772 0.035536 0.091463
1706000.081031 2.113695 0.123460 0.101654 0.124665 0.087792 0.095367 0.094930 0.131105 0.142510 0.109945 0.095911 0.120060 0.139250 0.117402 0.147309 0.117197 0.102444 0.150135 0.135022 0.106713 0.133809 0.089704 0.121818 0.112212 0.094368 0.127857 0.132629 0.121900 0.143546 0.137150 0.111992 0.116013 0.047188 0.017796 0.080336 0.092303 0.072540 0.041627 0.125962 0.100474 0.073158 0.115027 0.120556 0.028116 0.063069 0.034593 0.025900 0.049654 0.026465 0.084608 0.074838 0.110985 0.114036 0.070337 0.037536 0.068808 0.104265 0.147353 0.124900 0.037120 0.085530
1707000.081078 1.162753 0.119891 0.096746 0.120714 0.082135 0.089328 0.089723 0.127224 0.139360 0.106111 0.090247 0.118233 0.134326 0.112525 0.142882 0.113266 0.097502 0.146070 0.132092 0.101579 0.130207 0.085718 0.120686 0.111172 0.095158 0.127170 0.133160 0.118952 0.142423 0.136169 0.112486 0.114931 0.045467 0.013199 0.082499 0.091827 0.074856 0.043893 0.125105 0.099368 0.073300 0.115926 0.120423 0.030134 0.066688 0.037202 0.032135 0.050797 0.021450 0.085487 0.074766 0.108789 0.112560 0.070799 0.032778 0.070293 0.105943 0.143408 0.120983 0.030917 0.085022
1708000.081126 4.543749 0.114663 0.096758 0.116562 0.093986 0.105282 0.095204 0.125050 0.134475 0.102803 0.108401 0.110794 0.148977 0.129700 0.152463 0.107899 0.100842 0.147295 0.124390 0.118511 0.124551 0.104440 0.120043 0.105810 0.081923 0.126255 0.125845 0.118788 0.139033 0.138309 0.103961 0.120125 0.035223 0.026092 0.069330 0.098439 0.072829 0.041301 0.118571 0.090237 0.057725 0.105797 0.122598 0.046584 0.052643 0.046866 0.014113 0.038808 0.036276 0.088461 0.088026 0.119985 0.107747 0.078495 0.055581 0.067392 0.094950 0.151130 0.119601 0.054976 0.072021
1709000.081173 0.983766 0.117183 0.094424 0.118143 0.082371 0.092320 0.090284 0.123240 0.136200 0.105711 0.091746 0.116314 0.135398 0.114512 0.142572 0.111707 0.096753 0.143210 0.130706 0.104594 0.127389 0.088289 0.117075 0.106998 0.088859 0.123333 0.126961 0.114738 0.137589 0.134662 0.105778 0.113341 0.040904 0.012141 0.075097 0.091012 0.072537 0.039581 0.117904 0.093671 0.067792 0.108832 0.118749 0.036285 0.061588 0.038109 0.033253 0.044532 0.028146 0.086357 0.076898 0.109699 0.106579 0.072364 0.033619 0.064883 0.100215 0.144262 0.117035 0.035465 0.078868
1710000.081221 2.795600 0.114983 0.094486 0.116896 0.088833 0.101026 0.091925 0.124628 0.135826 0.103264 0.103583 0.112753 0.146378 0.126124 0.150959 0.108156 0.098667 0.147643 0.126186 0.114892 0.126306 0.099468 0.121164 0.106938 0.083136 0.127289 0.127868 0.118698 0.140659 0.140112 0.105369 0.120232 0.033204 0.020467 0.071119 0.098362 0.073835 0.041077 0.119328 0.091361 0.059626 0.107821 0.124317 0.044129 0.055640 0.045899 0.017200 0.039099 0.031282 0.089405 0.087216 0.119685 0.108519 0.079029 0.049908 0.066404 0.097518 0.151385 0.119235 0.049137 0.073146
1711000.081268 2.958754 0.128676 0.106824 0.126587 0.092967 0.100695 0.101703 0.132872 0.141350 0.113384 0.098147 0.119248 0.137437 0.118319 0.145500 0.123566 0.105255 0.148132 0.138905 0.110629 0.135204 0.093514 0.117716 0.113578 0.094866 0.119551 0.122665 0.121002 0.133006 0.125531 0.107319 0.112141 0.053601 0.021055 0.071111 0.076709 0.057975 0.027175 0.117302 0.102856 0.077010 0.105096 0.111015 0.031315 0.053498 0.023267 0.034513 0.043951 0.040702 0.071259 0.063421 0.102812 0.112408 0.055491 0.033277 0.054479 0.103800 0.144767 0.127532 0.044863 0.087835
1712000.081316 2.245715 0.116970 0.097064 0.116230 0.091425 0.103700 0.096500 0.123656 0.132404 0.104385 0.103517 0.110620 0.144245 0.125739 0.148780 0.111546 0.099245 0.143695 0.127295 0.116062 0.124843 0.101304 0.116981 0.106264 0.081844 0.120694 0.118884 0.116659 0.131815 0.131877 0.100034 0.117320 0.037735 0.018344 0.060852 0.086967 0.062829 0.027479 0.110174 0.091569 0.061097 0.097472 0.117176 0.045010 0.045677 0.039093 0.027441 0.030020 0.039370 0.080261 0.079907 0.113808 0.105729 0.069493 0.045164 0.054146 0.095525 0.148213 0.119210 0.051491 0.072623
1713000.081363 4.140961 0.109839 0.090946 0.111473 0.090889 0.105863 0.092830 0.119073 0.129480 0.099581 0.107852 0.107736 0.148891 0.130537 0.150951 0.103677 0.096410 0.142997 0.121120 0.120038 0.119877 0.105999 0.117837 0.102437 0.075532 0.123069 0.121064 0.114478 0.134448 0.137882 0.098425 0.120605 0.026107 0.024909 0.061598 0.098316 0.072248 0.037825 0.110610 0.084773 0.050567 0.099130 0.123041 0.053932 0.049174 0.051839 0.024245 0.029055 0.039277 0.090104 0.091948 0.121592 0.102778 0.081524 0.055645 0.061737 0.092569 0.151066 0.114466 0.057162 0.064353
1714000.081411 6.242158 0.128814 0.108706 0.127580 0.096985 0.103582 0.101171 0.137342 0.144307 0.111608 0.105795 0.117417 0.146211 0.125924 0.153611 0.121180 0.108154 0.154815 0.135383 0.114724 0.136983 0.099630 0.126466 0.117451 0.096604 0.130712 0.131992 0.129433 0.145098 0.136885 0.114484 0.121129 0.054292 0.030583 0.077484 0.089463 0.065636 0.040604 0.128946 0.106150 0.077121 0.113481 0.120847 0.034752 0.055309 0.034420 0.019792 0.049989 0.041713 0.077475 0.075930 0.115619 0.120388 0.066376 0.050950 0.066867 0.105694 0.150542 0.132434 0.052786 0.089872
1715000.081458 3.392145 0.115591 0.096772 0.117329 0.093192 0.105328 0.096150 0.124228 0.134947 0.105133 0.106944 0.112071 0.147582 0.128270 0.151268 0.110154 0.101659 0.146167 0.126838 0.118786 0.125123 0.103367 0.117662 0.104540 0.080400 0.123392 0.122129 0.116681 0.135849 0.135966 0.100804 0.117919 0.033903 0.022545 0.065429 0.095419 0.070571 0.037585 0.114422 0.088349 0.057384 0.102410 0.120356 0.046692 0.049224 0.044068 0.017094 0.034859 0.039227 0.087816 0.086034 0.117855 0.104359 0.076911 0.051374 0.061899 0.093175 0.151201 0.118819 0.054728 0.070533
1716000.081506 1.736390 0.113542 0.091044 0.115594 0.083890 0.097637 0.089718 0.121257 0.134678 0.103486 0.098260 0.114587 0.141959 0.121938 0.147125 0.107832 0.095313 0.144469 0.127675 0.111858 0.125235 0.095655 0.118613 0.105352 0.082456 0.123949 0.125908 0.114289 0.136806 0.138394 0.103166 0.118084 0.030706 0.016130 0.070636 0.097099 0.075429 0.040252 0.114270 0.089340 0.059049 0.106074 0.123387 0.046282 0.059128 0.047590 0.030502 0.038045 0.028772 0.091270 0.086387 0.116577 0.104731 0.079733 0.042699 0.064119 0.098365 0.149694 0.115611 0.044334 0.071372
1717000.081553 4.062771 0.130729 0.109830 0.130135 0.093315 0.096237 0.100896 0.137098 0.146151 0.115135 0.096429 0.123172 0.136873 0.115297 0.146251 0.124636 0.108534 0.151877 0.139877 0.105168 0.138872 0.088918 0.121060 0.115913 0.101552 0.126604 0.132651 0.124989 0.142624 0.131152 0.115462 0.112747 0.058611 0.024673 0.084635 0.085376 0.068629 0.042873 0.129780 0.107606 0.083490 0.117356 0.114658 0.019791 0.064636 0.024954 0.032027 0.056383 0.035710 0.077658 0.064499 0.104107 0.118484 0.060678 0.036324 0.069877 0.107559 0.144505 0.130519 0.038359 0.094416
1718000.081601 2.353253 0.116150 0.094840 0.117926 0.085923 0.095987 0.090119 0.125208 0.136789 0.103457 0.098164 0.113983 0.140892 0.120200 0.146935 0.109089 0.098082 0.146389 0.127447 0.108779 0.127404 0.093511 0.120650 0.107751 0.087899 0.127199 0.130827 0.118255 0.142510 0.138535 0.108329 0.117084 0.038056 0.018778 0.076607 0.096770 0.074701 0.042876 0.123295 0.093939 0.064331 0.112442 0.121986 0.037186 0.059873 0.042237 0.020319 0.044968 0.026439 0.087493 0.082144 0.115332 0.110133 0.075823 0.045341 0.069791 0.100152 0.146987 0.119138 0.042961 0.078066
1719000.081648 5.911070 0.132366 0.110779 0.132603 0.089902 0.091392 0.101167 0.135875 0.146811 0.118596 0.087822 0.127997 0.127351 0.105601 0.137836 0.128128 0.108307 0.148060 0.144059 0.097226 0.140947 0.078355 0.116312 0.114756 0.104673 0.121193 0.131673 0.120376 0.138836 0.125313 0.114883 0.104938 0.064506 0.029760 0.089348 0.082496 0.071337 0.046381 0.128625 0.108926 0.088661 0.119088 0.108845 0.013455 0.072547 0.024741 0.044821 0.062583 0.036633 0.077946 0.055593 0.094248 0.116572 0.057879 0.026111 0.071774 0.109031 0.138269 0.128218 0.029632 0.098518
1720000.081696 2.566045 0.126063 0.105079 0.125240 0.091353 0.097692 0.097821 0.133106 0.141818 0.110756 0.098385 0.117978 0.139537 0.119001 0.147597 0.119771 0.104384 0.150015 0.135320 0.108600 0.134477 0.092612 0.120929 0.113609 0.095231 0.125686 0.128732 0.123349 0.139912 0.131926 0.111217 0.115089 0.051601 0.019608 0.076887 0.084988 0.064857 0.036639 0.124218 0.102836 0.076307 0.111070 0.116254 0.027218 0.057465 0.026918 0.025833 0.048027 0.033931 0.076672 0.069471 0.108171 0.115056 0.062410 0.037826 0.063793 0.103735 0.146473 0.127458 0.041547 0.087785
1721000.081743 1.041871 0.118222 0.097047 0.116518 0.089805 0.101709 0.095534 0.123996 0.133311 0.105694 0.101697 0.111551 0.142368 0.124132 0.147525 0.112938 0.099075 0.143170 0.129043 0.115241 0.125816 0.100454 0.117218 0.107689 0.084102 0.120590 0.118789 0.116678 0.131069 0.130486 0.101238 0.117044 0.039282 0.012494 0.061859 0.083643 0.061249 0.027015 0.110097 0.093028 0.064994 0.097822 0.116801 0.044968 0.046907 0.036442 0.030935 0.031014 0.039923 0.078614 0.077888 0.112311 0.105582 0.067154 0.039741 0.051349 0.097584 0.148070 0.119692 0.049800 0.074933
1722000.081791 1.864625 0.120503 0.099728 0.122405 0.088346 0.096779 0.094367 0.129141 0.140576 0.108389 0.098254 0.118875 0.141451 0.119728 0.148485 0.114430 0.101657 0.149477 0.132006 0.108423 0.131703 0.092211 0.121555 0.109904 0.090727 0.128084 0.132239 0.120775 0.143380 0.138911 0.110520 0.117563 0.042797 0.016715 0.079154 0.095917 0.075007 0.042895 0.124534 0.097927 0.069667 0.113881 0.122329 0.033175 0.062896 0.039931 0.024945 0.047225 0.024595 0.087622 0.079352 0.113569 0.112801 0.074410 0.040768 0.069734 0.102553 0.148687 0.123033 0.039211 0.081487
1723000.081838 4.932282 0.128356 0.108490 0.127625 0.096705 0.102746 0.101389 0.136884 0.144267 0.111981 0.104778 0.118955 0.145387 0.124754 0.152918 0.121002 0.108198 0.154396 0.135503 0.113092 0.137056 0.098161 0.125100 0.116099 0.096361 0.129989 0.132551 0.127966 0.144814 0.136566 0.114346 0.119835 0.053154 0.027185 0.078888 0.090438 0.067810 0.040908 0.128822 0.105726 0.076942 0.114269 0.120051 0.032010 0.057780 0.034128 0.022209 0.050089 0.037633 0.079094 0.074748 0.113730 0.119985 0.066616 0.047972 0.068530 0.105726 0.150106 0.131369 0.048550 0.089216
1724000.081886 0.783137 0.120651 0.098161 0.120922 0.086224 0.095314 0.092469 0.128442 0.139426 0.106654 0.096459 0.116785 0.140343 0.119056 0.147889 0.113776 0.099662 0.148522 0.131736 0.108051 0.130655 0.092082 0.122093 0.111603 0.091915 0.127873 0.130564 0.121168 0.141812 0.137314 0.110456 0.117960 0.042535 0.010832 0.076268 0.090922 0.070817 0.039115 0.122773 0.098441 0.070187 0.111561 0.121559 0.033831 0.059610 0.036033 0.025604 0.044564 0.027560 0.083940 0.077279 0.112833 0.112684 0.070565 0.037731 0.065415 0.103840 0.148021 0.123009 0.038826 0.082162
1725000.081933 2.226586 0.118276 0.098982 0.118655 0.092616 0.103616 0.097204 0.125593 0.135001 0.106235 0.103829 0.112587 0.143901 0.125023 0.148765 0.112880 0.101369 0.145297 0.128831 0.115681 0.126617 0.100449 0.116432 0.105787 0.082491 0.120611 0.120256 0.116574 0.132941 0.131576 0.100775 0.115746 0.037836 0.018265 0.064067 0.088930 0.064887 0.030256 0.112567 0.091511 0.061226 0.100460 0.116461 0.041848 0.047470 0.037861 0.021990 0.033349 0.037251 0.081293 0.079074 0.112656 0.105643 0.069658 0.045535 0.057763 0.094934 0.148099 0.120205 0.050805 0.073536
1726000.081981 5.725345 0.129120 0.107581 0.131160 0.087379 0.089505 0.097504 0.134556 0.146714 0.116286 0.087568 0.127913 0.128844 0.106032 0.138797 0.124257 0.106370 0.148892 0.141283 0.096027 0.139952 0.076942 0.119048 0.113948 0.103068 0.125243 0.136298 0.120737 0.143908 0.131801 0.116689 0.108044 0.060393 0.029289 0.092266 0.091320 0.077953 0.050993 0.131924 0.107358 0.085331 0.123159 0.114611 0.014542 0.075566 0.033448 0.040726 0.063455 0.028315 0.084696 0.064090 0.099890 0.117548 0.066593 0.031390 0.077298 0.109306 0.139786 0.126614 0.026579 0.096205
1727000.082028 0.929925 0.119042 0.097492 0.118879 0.089054 0.099856 0.093671 0.127376 0.137283 0.105299 0.101784 0.114081 0.144610 0.124650 0.150672 0.112070 0.099505 0.148302 0.129392 0.113590 0.128750 0.098605 0.122015 0.110384 0.087363 0.126803 0.127213 0.120707 0.139024 0.137129 0.107435 0.120410 0.038037 0.011804 0.070320 0.091174 0.068300 0.035504 0.118603 0.096023 0.065489 0.106646 0.122272 0.040577 0.053945 0.039115 0.022758 0.037893 0.030771 0.083361 0.081151 0.116031 0.111030 0.071840 0.042467 0.061532 0.101361 0.150677 0.122425 0.045596 0.077520
1728000.082076 0.990066 0.116026 0.094085 0.116767 0.085891 0.097350 0.091165 0.123686 0.135815 0.104800 0.098928 0.113995 0.142279 0.122012 0.148010 0.110239 0.097956 0.145229 0.128486 0.111768 0.126546 0.096347 0.119556 0.107440 0.085709 0.125855 0.126357 0.117130 0.138508 0.137550 0.105324 0.118134 0.036502 0.012180 0.071269 0.093101 0.071580 0.039028 0.117462 0.092320 0.064466 0.106722 0.122243 0.042383 0.056671 0.041166 0.027033 0.039839 0.031810 0.087536 0.082817 0.115931 0.106908 0.075489 0.040511 0.062325 0.098716 0.149561 0.118326 0.044083 0.075507
1729000.082123 5.081305 0.114708 0.095902 0.117969 0.090881 0.100967 0.091595 0.126925 0.138016 0.102985 0.106028 0.113771 0.148875 0.127892 0.153542 0.106916 0.100669 0.150420 0.124872 0.114919 0.127219 0.100954 0.124733 0.108610 0.087114 0.132980 0.134956 0.121997 0.147616 0.145188 0.111115 0.122939 0.037585 0.027593 0.079859 0.105298 0.081030 0.050935 0.127760 0.093735 0.062393 0.115835 0.128395 0.044320 0.062690 0.050442 0.014348 0.048516 0.029452 0.094406 0.091460 0.123477 0.112658 0.084188 0.056004 0.076745 0.099844 0.152972 0.121016 0.050596 0.076772
1730000.082171 3.008520 0.128482 0.107422 0.125239 0.096801 0.105150 0.103014 0.134078 0.140466 0.111844 0.104693 0.116279 0.143880 0.125153 0.150888 0.122189 0.106625 0.150197 0.136264 0.116316 0.134299 0.100761 0.120893 0.115119 0.093626 0.123019 0.122819 0.124706 0.134990 0.128510 0.108067 0.117252 0.051735 0.021232 0.067462 0.077951 0.055763 0.025509 0.118156 0.103318 0.075434 0.103331 0.114152 0.036730 0.047380 0.026179 0.028993 0.039624 0.044316 0.070603 0.068707 0.108752 0.114775 0.056986 0.041509 0.053049 0.103756 0.148685 0.129713 0.051367 0.086348
1731000.082218 0.409210 0.121745 0.100388 0.121876 0.090405 0.100142 0.097486 0.127825 0.138622 0.109808 0.099443 0.118168 0.140816 0.120878 0.147423 0.116741 0.102192 0.146854 0.133904 0.112093 0.130481 0.095493 0.117250 0.108780 0.088457 0.121593 0.123635 0.117480 0.134278 0.131436 0.104896 0.114731 0.041829 0.007830 0.070211 0.086640 0.067023 0.032538 0.115094 0.095715 0.068315 0.104771 0.116619 0.037136 0.055441 0.034256 0.030383 0.038811 0.032976 0.082071 0.074310 0.108616 0.107794 0.067256 0.034609 0.058518 0.100505 0.148215 0.122029 0.042366 0.079003
1732000.082266 1.303751 0.116323 0.093855 0.116073 0.086475 0.099582 0.093709 0.121810 0.133411 0.105164 0.098497 0.114309 0.140526 0.121619 0.146112 0.111320 0.096604 0.142677 0.129524 0.113011 0.125088 0.097501 0.116900 0.106531 0.083687 0.120256 0.120494 0.114067 0.130900 0.132767 0.101244 0.117227 0.035627 0.013977 0.065143 0.088594 0.068829 0.032994 0.108384 0.091262 0.062543 0.099914 0.119224 0.048252 0.054243 0.043946 0.037299 0.032901 0.036760 0.085171 0.081367 0.112232 0.104011 0.072833 0.038565 0.055900 0.099634 0.147910 0.117035 0.046903 0.072719
1733000.082313 1.118339 0.122163 0.098237 0.122581 0.083694 0.092129 0.090842 0.129652 0.141788 0.108462 0.093679 0.120038 0.137730 0.116289 0.145991 0.115249 0.099594 0.149256 0.133924 0.105190 0.133613 0.088472 0.123859 0.113725 0.095296 0.129363 0.134374 0.121915 0.144158 0.138360 0.114128 0.118206 0.045477 0.012945 0.081893 0.092582 0.074474 0.044400 0.126276 0.101621 0.074885 0.116305 0.123031 0.033383 0.066056 0.038504 0.031428 0.049929 0.024136 0.085770 0.077011 0.112091 0.115180 0.072013 0.033817 0.068561 0.107978 0.147621 0.123892 0.034568 0.086012
1734000.082361 1.429827 0.121548 0.100375 0.122001 0.088268 0.095707 0.094095 0.129139 0.139598 0.107964 0.096934 0.116863 0.138866 0.118008 0.146195 0.115227 0.101643 0.147637 0.132170 0.107403 0.131157 0.091508 0.119594 0.110328 0.092217 0.125648 0.129346 0.120077 0.140453 0.133940 0.109613 0.114530 0.045623 0.014637 0.077249 0.089532 0.069525 0.039180 0.123563 0.098451 0.071692 0.111799 0.117823 0.029544 0.059316 0.032362 0.023788 0.046691 0.029030 0.081719 0.073716 0.109725 0.111902 0.067640 0.038142 0.066327 0.101845 0.145872 0.123031 0.039130 0.083632
1735000.082408 2.097237 0.121771 0.098323 0.123011 0.081266 0.087479 0.089674 0.129021 0.141945 0.108678 0.088590 0.121182 0.133417 0.110832 0.142590 0.115311 0.099119 0.147628 0.134194 0.099162 0.133442 0.082570 0.122515 0.112710 0.097493 0.129776 0.136550 0.120667 0.146055 0.138754 0.115283 0.115451 0.049208 0.017727 0.086815 0.094566 0.078027 0.048493 0.129026 0.102119 0.077493 0.119766 0.122371 0.028111 0.071074 0.038429 0.034986 0.055596 0.020687 0.088041 0.075329 0.109831 0.115139 0.073372 0.031691 0.073716 0.107758 0.144021 0.122493 0.027142 0.088323
1736000.082456 2.999994 0.122326 0.099708 0.124402 0.082812 0.088016 0.090502 0.130471 0.143597 0.109428 0.089831 0.121996 0.134882 0.111516 0.144090 0.115869 0.100631 0.149349 0.134790 0.099908 0.133869 0.083059 0.123364 0.113200 0.098498 0.131552 0.138108 0.121999 0.148014 0.140686 0.116457 0.116055 0.050259 0.021202 0.088901 0.097149 0.080212 0.051111 0.131208 0.102225 0.077661 0.121795 0.123908 0.027094 0.072349 0.039127 0.032205 0.057962 0.021325 0.090404 0.077054 0.111283 0.115615 0.075400 0.035499 0.076747 0.107361 0.145098 0.123710 0.028788 0.089088
1737000.082503 5.092142 0.132173 0.110621 0.129836 0.093389 0.097003 0.101277 0.137685 0.144856 0.114423 0.096367 0.121207 0.135675 0.115563 0.145142 0.125637 0.107258 0.151336 0.139959 0.105543 0.139355 0.089578 0.121301 0.117752 0.101890 0.124245 0.129835 0.125834 0.139289 0.127046 0.114878 0.112696 0.060967 0.027622 0.081449 0.079109 0.061914 0.038060 0.127470 0.109850 0.084990 0.114082 0.111874 0.022580 0.061282 0.022059 0.034928 0.054620 0.039306 0.070031 0.060404 0.102148 0.119935 0.054056 0.036862 0.065016 0.108823 0.143038 0.131910 0.041727 0.095906
1738000.082551 2.673595 0.114105 0.092687 0.116484 0.083772 0.094105 0.087567 0.124218 0.136580 0.101935 0.097523 0.113654 0.142036 0.120551 0.148014 0.106652 0.096131 0.146876 0.125946 0.108086 0.126271 0.093257 0.122443 0.108024 0.087962 0.130355 0.133485 0.118938 0.145245 0.142685 0.109873 0.119544 0.037038 0.020015 0.079329 0.100712 0.078466 0.046908 0.125102 0.093550 0.064117 0.114561 0.126153 0.039327 0.063740 0.045961 0.021878 0.047436 0.022757 0.091756 0.086469 0.118878 0.110587 0.080565 0.046633 0.073171 0.100538 0.148610 0.118231 0.041010 0.077548
1739000.082598 1.308110 0.122354 0.100693 0.122783 0.088285 0.096626 0.095527 0.128958 0.139895 0.109186 0.096130 0.118153 0.138319 0.117622 0.145929 0.116667 0.101773 0.147340 0.133979 0.107758 0.131714 0.091317 0.118691 0.110038 0.091692 0.124003 0.127822 0.118975 0.138697 0.133101 0.108143 0.113925 0.045430 0.014000 0.075329 0.088116 0.068589 0.036213 0.120829 0.098054 0.070941 0.109981 0.117004 0.030642 0.058521 0.032147 0.028177 0.045067 0.029687 0.081676 0.072624 0.108497 0.110764 0.067102 0.035348 0.063746 0.101769 0.145993 0.122778 0.038870 0.082871
1740000.082646 5.235111 0.113286 0.097588 0.114187 0.097940 0.110368 0.099804 0.121105 0.129534 0.103957 0.111515 0.107622 0.148489 0.131445 0.149889 0.108901 0.102559 0.141521 0.123096 0.122662 0.120609 0.108900 0.112679 0.099961 0.074016 0.117659 0.113771 0.112975 0.128549 0.130380 0.093540 0.115729 0.034056 0.028007 0.056138 0.092917 0.066106 0.032828 0.106617 0.083965 0.052952 0.092999 0.115383 0.052497 0.040509 0.045948 0.022675 0.027188 0.047160 0.085031 0.086551 0.116606 0.099545 0.075508 0.056459 0.057295 0.086557 0.148644 0.115959 0.061605 0.064939
1741000.082693 8.322109 0.135878 0.115489 0.133710 0.096459 0.097167 0.104849 0.140251 0.147703 0.119060 0.096184 0.124099 0.133431 0.113278 0.143495 0.130298 0.112181 0.151151 0.143712 0.104418 0.142123 0.088505 0.119655 0.118519 0.106342 0.123753 0.130432 0.126320 0.140015 0.124734 0.116288 0.109066 0.068566 0.035312 0.086419 0.078355 0.063419 0.044072 0.131150 0.112226 0.091129 0.117377 0.108665 0.019690 0.065108 0.018045 0.039815 0.062148 0.046915 0.070095 0.056057 0.099262 0.120214 0.052390 0.039150 0.069255 0.108621 0.140819 0.133690 0.044525 0.101441
1742000.082741 6.749950 0.135350 0.114868 0.134741 0.095090 0.095222 0.104421 0.139588 0.148808 0.120428 0.093611 0.127675 0.131043 0.110018 0.141208 0.130680 0.112208 0.150675 0.144981 0.101704 0.142855 0.084142 0.117651 0.116644 0.106210 0.122171 0.131504 0.123619 0.139229 0.124252 0.116349 0.106451 0.066946 0.031802 0.089335 0.080629 0.068367 0.046453 0.130779 0.111205 0.090952 0.119391 0.108122 0.014026 0.069808 0.020309 0.041491 0.063127 0.041687 0.074153 0.054689 0.095483 0.118678 0.054270 0.032500 0.071462 0.109318 0.140126 0.132132 0.037994 0.100775
1743000.082788 3.838234 0.129833 0.108462 0.130131 0.090996 0.095631 0.100171 0.135543 0.145675 0.115483 0.093937 0.124171 0.134779 0.113340 0.144074 0.124641 0.106671 0.150786 0.140702 0.104079 0.138806 0.086025 0.119911 0.114709 0.099327 0.124206 0.131088 0.122774 0.140407 0.130461 0.113337 0.111617 0.056769 0.023981 0.082852 0.085255 0.068502 0.040321 0.126324 0.106116 0.081359 0.115466 0.114428 0.020247 0.064999 0.027091 0.034230 0.054393 0.032404 0.078205 0.064206 0.102716 0.116578 0.061486 0.032528 0.067365 0.106933 0.143910 0.128959 0.035975 0.092405
1744000.082836 4.303501 0.122599 0.100966 0.124689 0.085304 0.090573 0.091768 0.130821 0.142705 0.108928 0.092132 0.120428 0.135066 0.112559 0.143558 0.115938 0.101801 0.148852 0.133789 0.101104 0.133911 0.084191 0.122226 0.112547 0.097979 0.129453 0.136998 0.121899 0.147004 0.137648 0.115587 0.113939 0.051451 0.025393 0.088041 0.095795 0.077820 0.049843 0.132073 0.102238 0.076881 0.121638 0.120509 0.024121 0.069881 0.037575 0.027841 0.057813 0.024803 0.086641 0.074540 0.109721 0.116122 0.072295 0.040690 0.076654 0.106173 0.143443 0.124075 0.034606 0.089766
1745000.082883 3.245529 0.122255 0.101523 0.124203 0.089382 0.095889 0.094227 0.131728 0.142841 0.108807 0.098778 0.119667 0.141865 0.119462 0.149318 0.115419 0.103398 0.151629 0.132800 0.107775 0.133345 0.091451 0.123709 0.112586 0.095368 0.131090 0.136011 0.123832 0.147079 0.139996 0.114724 0.117851 0.047623 0.022052 0.084421 0.096958 0.076970 0.048116 0.130518 0.100885 0.073726 0.118933 0.123072 0.029767 0.066116 0.038797 0.021357 0.053307 0.026505 0.087920 0.078684 0.113916 0.115941 0.074076 0.043880 0.074377 0.104898 0.148738 0.125547 0.040016 0.086325
1746000.082931 3.743964 0.125636 0.105343 0.122055 0.095028 0.102211 0.100537 0.131334 0.136964 0.108390 0.102296 0.112607 0.140702 0.122495 0.147552 0.119023 0.103988 0.146617 0.132603 0.112896 0.130786 0.098934 0.118679 0.112890 0.092671 0.121540 0.121148 0.122341 0.133353 0.126332 0.106582 0.114962 0.052395 0.023685 0.067605 0.077378 0.055305 0.027090 0.117493 0.101620 0.074510 0.102133 0.111789 0.035868 0.046895 0.025153 0.029040 0.041127 0.044222 0.069073 0.067758 0.107203 0.113008 0.055960 0.042981 0.055552 0.101183 0.144499 0.126678 0.050468 0.085564
1747000.082978 4.280004 0.124789 0.104396 0.125261 0.092170 0.097645 0.095952 0.134223 0.143101 0.109401 0.101081 0.118706 0.142305 0.121012 0.149708 0.117279 0.105036 0.152527 0.133022 0.108944 0.135093 0.093553 0.124406 0.114689 0.097081 0.130587 0.135283 0.126028 0.146128 0.136914 0.115975 0.117900 0.051705 0.025324 0.084181 0.093381 0.073027 0.046924 0.131770 0.104214 0.077208 0.118557 0.120727 0.029373 0.064253 0.036499 0.021786 0.053953 0.031346 0.082362 0.075553 0.112678 0.118844 0.069234 0.046437 0.073273 0.106372 0.148150 0.128327 0.043723 0.089528
1748000.083026 5.071013 0.107482 0.088650 0.111372 0.090138 0.105907 0.091461 0.117973 0.130696 0.099846 0.108793 0.110247 0.150835 0.131277 0.152291 0.101682 0.096778 0.144537 0.120379 0.120647 0.119971 0.105518 0.118907 0.100919 0.074376 0.125563 0.124839 0.114092 0.138003 0.142403 0.099773 0.121720 0.020846 0.027565 0.067175 0.105937 0.080697 0.046710 0.113705 0.082505 0.048355 0.103893 0.126937 0.056582 0.056261 0.057741 0.024253 0.034479 0.038206 0.097986 0.097470 0.124729 0.102276 0.088904 0.058612 0.068372 0.092770 0.153804 0.113066 0.057867 0.062229
1749000.083073 3.144279 0.125856 0.104772 0.126195 0.090694 0.096287 0.096849 0.133634 0.143506 0.111034 0.097690 0.119909 0.139459 0.117950 0.147702 0.119156 0.105165 0.151080 0.135401 0.106835 0.135545 0.090774 0.122450 0.113777 0.096879 0.128499 0.133375 0.124064 0.144560 0.135629 0.113940 0.115715 0.051513 0.021705 0.081969 0.090642 0.070898 0.042867 0.129005 0.103453 0.076915 0.116510 0.118769 0.025585 0.062357 0.031747 0.024540 0.052185 0.031172 0.081387 0.072242 0.110072 0.116813 0.067110 0.040387 0.070083 0.105314 0.146455 0.127399 0.040011 0.089018
1750000.083121 1.627136 0.119836 0.096884 0.121410 0.081658 0.089172 0.090899 0.126290 0.139320 0.107471 0.088468 0.120044 0.132560 0.110282 0.141195 0.114155 0.097816 0.145160 0.133071 0.099977 0.130465 0.083120 0.119224 0.109714 0.094246 0.125694 0.132563 0.117310 0.141692 0.136182 0.111117 0.113462 0.045664 0.015614 0.082747 0.093074 0.076834 0.044552 0.123547 0.098561 0.073107 0.115580 0.119902 0.030838 0.068441 0.039503 0.035879 0.051121 0.022489 0.087571 0.074701 0.107330 0.111390 0.072412 0.031426 0.070666 0.105491 0.142167 0.119874 0.029246 0.084246
1751000.083168 2.164075 0.113695 0.090699 0.116634 0.079008 0.089280 0.085948 0.121873 0.136091 0.102638 0.090203 0.116213 0.135064 0.113165 0.142105 0.107751 0.093676 0.143604 0.128090 0.102441 0.125837 0.085770 0.119119 0.106567 0.089175 0.126324 0.132013 0.114813 0.141713 0.139155 0.108639 0.114954 0.038087 0.018007 0.081070 0.098439 0.079980 0.047127 0.122025 0.092640 0.065376 0.114662 0.123044 0.037075 0.067627 0.045209 0.030951 0.049106 0.018727 0.092228 0.082174 0.112489 0.107487 0.078949 0.038448 0.072279 0.101646 0.144131 0.115499 0.034223 0.078106
1752000.083216 1.465065 0.118934 0.096711 0.119862 0.085792 0.094960 0.091317 0.127234 0.138608 0.105088 0.096478 0.115846 0.140060 0.118967 0.147217 0.111700 0.098774 0.147634 0.130195 0.107590 0.129369 0.092231 0.121461 0.110111 0.090894 0.127758 0.131330 0.119689 0.142485 0.138050 0.109956 0.117430 0.040778 0.014816 0.077272 0.093825 0.073081 0.040953 0.123454 0.096772 0.067667 0.112769 0.121807 0.034570 0.060495 0.038812 0.024020 0.045506 0.025511 0.085854 0.079177 0.113636 0.111821 0.072941 0.040842 0.068406 0.102706 0.147101 0.121190 0.039276 0.080813
1753000.083263 2.564271 0.113574 0.091865 0.115585 0.085199 0.097058 0.087848 0.123822 0.136114 0.101988 0.101136 0.113140 0.145309 0.124130 0.150276 0.106232 0.096999 0.147642 0.125016 0.112160 0.126130 0.096721 0.123813 0.108603 0.086546 0.131223 0.132711 0.120295 0.145276 0.143535 0.109651 0.121691 0.034815 0.019601 0.077044 0.100712 0.078001 0.047498 0.124569 0.093041 0.063720 0.113090 0.127512 0.043948 0.061770 0.047756 0.020086 0.044831 0.029009 0.092218 0.088983 0.121493 0.110689 0.081691 0.048914 0.070456 0.100814 0.151459 0.118833 0.046400 0.076269
1754000.083311 4.847697 0.122031 0.102092 0.123706 0.090872 0.097181 0.094927 0.132103 0.141614 0.107249 0.100043 0.118253 0.142436 0.120403 0.149695 0.114411 0.103116 0.151764 0.131042 0.107822 0.132630 0.092619 0.124378 0.112970 0.095649 0.131374 0.136556 0.124868 0.147532 0.139871 0.115379 0.118632 0.049044 0.026951 0.084761 0.097733 0.077247 0.048688 0.131380 0.101986 0.073481 0.119229 0.122841 0.031774 0.066209 0.041876 0.023413 0.053827 0.028481 0.086793 0.079354 0.114403 0.117963 0.073917 0.049090 0.076587 0.105740 0.147625 0.126117 0.043017 0.086847
1755000.083358 4.202955 0.131489 0.109097 0.128235 0.093475 0.100501 0.102345 0.135700 0.142991 0.114415 0.098263 0.119188 0.137667 0.118413 0.146432 0.125837 0.106408 0.150131 0.140241 0.110521 0.137527 0.093286 0.120838 0.117370 0.098298 0.122191 0.124464 0.125065 0.135478 0.126372 0.110571 0.114160 0.057933 0.025095 0.072516 0.074271 0.055164 0.028215 0.120522 0.107050 0.081567 0.106654 0.112122 0.030859 0.053173 0.020489 0.035083 0.046655 0.044419 0.067774 0.062008 0.103943 0.116509 0.052807 0.035084 0.053795 0.106679 0.145251 0.131136 0.046892 0.092076
1756000.083406 4.554538 0.130922 0.109285 0.130916 0.089422 0.092061 0.099517 0.135218 0.145871 0.117049 0.089945 0.125645 0.129398 0.108091 0.139162 0.126360 0.107154 0.148198 0.142052 0.099685 0.139746 0.080999 0.117773 0.114748 0.102317 0.122017 0.130958 0.121164 0.138894 0.126415 0.114299 0.107413 0.061220 0.026123 0.086502 0.082267 0.068874 0.043918 0.127743 0.107752 0.086408 0.117400 0.110723 0.016184 0.068921 0.023822 0.039584 0.059008 0.035238 0.076349 0.058567 0.097423 0.116229 0.057981 0.027275 0.068693 0.108188 0.139796 0.128268 0.032770 0.096251
1757000.083453 2.030886 0.112733 0.089272 0.114923 0.076894 0.086775 0.084038 0.120067 0.134189 0.101247 0.087479 0.114612 0.132099 0.110606 0.139292 0.106379 0.092169 0.141023 0.126637 0.099460 0.124642 0.083729 0.117892 0.105744 0.089174 0.125263 0.131306 0.113102 0.141052 0.137684 0.107956 0.113337 0.038784 0.017444 0.080875 0.096967 0.079014 0.046776 0.121686 0.092458 0.066272 0.114116 0.121370 0.036712 0.067584 0.044486 0.033374 0.049471 0.019700 0.090727 0.080674 0.111033 0.106970 0.077648 0.036979 0.072129 0.101378 0.141165 0.113444 0.031681 0.078580
1758000.083501 1.253158 0.119907 0.098684 0.120566 0.087777 0.095983 0.092959 0.128405 0.138799 0.106246 0.097948 0.116029 0.140881 0.119564 0.147835 0.113193 0.100311 0.148338 0.130414 0.108389 0.129851 0.092598 0.121120 0.110474 0.091176 0.127440 0.130226 0.120911 0.141448 0.136480 0.110096 0.116992 0.042993 0.013703 0.077113 0.091868 0.071387 0.040576 0.123515 0.097777 0.069924 0.111839 0.120676 0.032843 0.059886 0.036062 0.022421 0.045532 0.027558 0.084026 0.077306 0.112412 0.112332 0.070605 0.040453 0.067243 0.102266 0.147587 0.122795 0.039850 0.081826
1759000.083548 2.214991 0.127920 0.105420 0.125793 0.091238 0.099359 0.099813 0.132311 0.141497 0.113149 0.097367 0.118992 0.137711 0.118386 0.145977 0.122819 0.104535 0.148279 0.138540 0.110583 0.135058 0.093382 0.118827 0.114016 0.094492 0.121292 0.122965 0.121280 0.133842 0.127378 0.107721 0.113577 0.052356 0.018218 0.070859 0.077328 0.058675 0.028740 0.117187 0.102383 0.077040 0.104942 0.113242 0.032929 0.053441 0.023370 0.034116 0.043589 0.040194 0.073110 0.065733 0.104831 0.111967 0.057761 0.030913 0.053381 0.103776 0.146328 0.127153 0.043940 0.087256
1760000.083596 3.250063 0.120661 0.100085 0.119745 0.093068 0.104183 0.096330 0.129274 0.137548 0.105703 0.106470 0.111725 0.147818 0.128630 0.153091 0.113482 0.101990 0.149543 0.129326 0.118067 0.129222 0.103174 0.123209 0.111845 0.087510 0.127487 0.126063 0.123536 0.139724 0.136708 0.107220 0.121510 0.041739 0.022067 0.067518 0.089739 0.064116 0.033837 0.119870 0.096890 0.065889 0.105329 0.121718 0.042594 0.048129 0.038300 0.015997 0.037537 0.039288 0.080075 0.081741 0.118430 0.112359 0.070353 0.049553 0.059335 0.099937 0.151767 0.125028 0.053735 0.078928
