240000.011399	-121.788 1.49337
241000.011447	-106.858 -11.175
242000.011494	-118.181 -14.1574
243000.011542	-107.624 9.30614
244000.011589	-112.408 -0.0053741
245000.011637	-126.313 1.97841
246000.011684	-132.952 6.66968
247000.011732	-113.918 1.59788
248000.011779	-110.767 -10.4379
249000.011827	-103.613 8.64618
250000.011874	-109.011 -5.64538
251000.011922	-112.738 -13.4422
252000.011969	-119.656 4.80447
253000.012017	-109.917 -9.87391
254000.012064	-118.95 4.13648
255000.012112	-115.454 5.27333
256000.012159	-105.588 -16.4679
257000.012207	-136.023 6.20127
258000.012254	-110.999 4.19566
259000.012302	-106.625 -17.5439
260000.012349	-100.138 -9.89075
261000.012397	-123.319 8.46181
262000.012444	-119.711 2.30469
263000.012492	-104.074 -1.52632
264000.012539	-110.956 -4.40187
265000.012587	-123.133 9.98486
266000.012634	-112.478 -1.96472
267000.012682	-109.949 -0.542496
268000.012729	-116.852 -10.5111
269000.012777	-127.336 7.43438
270000.012824	-104.205 -7.8853
271000.012872	-117.993 -9.08336
272000.012919	-109.461 -5.60937
273000.012967	-132.157 6.81568
274000.013014	-113.56 12.7395
275000.013062	-110.568 14.1964
276000.013109	-118.57 -7.3925
277000.013157	-113.804 -0.0388324
278000.013204	-110.192 -14.7457
279000.013252	-109.831 -5.64333
280000.013299	-126.536 6.35327
281000.013347	-107.062 -12.7884
282000.013394	-119.496 -10.4306
283000.013442	-132.772 19.3123
284000.013489	-131.562 3.54383
285000.013537	-119.709 -17.0385
286000.013584	-111.942 -7.43458
287000.013632	-127.806 -0.542186
288000.013679	-111.988 -4.66496
289000.013727	-116.719 2.40806
290000.013774	-104.406 2.47482
291000.013822	-117.002 2.62839
292000.013869	-125.055 4.18011
293000.013917	-131.026 5.2818
294000.013964	-103.547 6.86481
295000.014012	-102.28 -13.9913
296000.014059	-120.028 -0.241025
297000.014107	-113.824 -1.88439
298000.014154	-131.666 2.90594
299000.014202	-117.782 -1.44589
300000.014249	-126.453 3.40186
301000.014297	-110.149 -0.857249
302000.014344	-92.3415 -17.6229
303000.014392	-97.2429 -9.98863
304000.014439	-120.714 -2.60099
305000.014487	-115.205 -5.06205
306000.014534	-103.553 -7.9545
307000.014582	-114.046 -2.80072
308000.014629	-120.559 4.74746
309000.014677	-132.896 -0.909858
310000.014724	-118.702 -15.4918
311000.014772	-98.2652 -20.2231
312000.014819	-116.811 1.77776
313000.014867	-120.443 -9.18454
314000.014914	-133.569 7.32521
315000.014962	-117.202 3.93756
316000.015009	-122.972 -3.12948
317000.015057	-121.577 16.4362
318000.015104	-126.465 -4.5021
319000.015152	-124.256 -3.2259
320000.015199	-110.099 -2.89055
321000.015247	-105.617 -6.93204
322000.015294	-117.122 -3.06628
323000.015342	-113.484 -0.750752
324000.015389	-128.644 -0.027241
325000.015437	-126.23 0.423728
326000.015484	-120.328 15.7788
327000.015532	-117.199 -8.03531
328000.015579	-124.26 8.78632
329000.015627	-100.312 -4.98814
330000.015674	-118.132 10.0512
331000.015722	-111.566 -5.3808
332000.015769	-113.873 1.57292
333000.015817	-103.897 -2.07906
334000.015864	-127.381 -8.4387
335000.015912	-123.095 -0.257056
336000.015959	-124.281 -7.55599
337000.016007	-128.339 -4.0157
338000.016054	-107.929 2.37737
339000.016102	-102.803 6.65746
340000.016149	-126.362 8.13592
341000.016197	-99.9493 -7.22347
342000.016244	-109.77 -4.1459
343000.016292	-111.836 -3.12291
344000.016339	-100.896 -12.0551
345000.016387	-112.328 -1.77219
346000.016434	-114.894 -3.15309
347000.016482	-117.473 4.51706
348000.016529	-120.591 -4.77388
349000.016577	-126.811 9.36348
350000.016624	-103.987 1.37869
351000.016672	-117.082 2.75047
352000.016719	-112.564 -3.20824
353000.016767	-98.1444 -5.46359
354000.016814	-124.751 -10.8446
355000.016862	-104.418 -10.6509
356000.016909	-116.945 -11.4726
357000.016957	-116.561 -12.8343
358000.017004	-132.021 3.28328
359000.017052	-112.966 -6.91344
360000.017099	-129.598 2.43913
