0.000000	-64.7874 -166.865
1000.000047	-61.4705 -167.604
2000.000095	-66.2608 -172.665
3000.000142	-70.0082 -171.049
4000.000190	-69.4357 -167.481
5000.000237	-68.4742 -172.825
6000.000285	-72.9359 -159.417
7000.000332	-68.5078 -166.176
8000.000380	-67.2439 -166.841
9000.000427	-80.6518 -173.034
10000.000475	-73.7111 -161.762
11000.000522	-73.0875 -163.947
12000.000570	-65.9318 -169.709
13000.000617	-73.8992 -159.173
14000.000665	-76.3917 -172.451
15000.000712	-78.4302 -168.875
16000.000760	-80.4476 -168.61
17000.000807	-63.5927 -178.738
18000.000855	-73.9119 -151.96
19000.000902	-67.9108 -167.15
20000.000950	-69.3137 -179.094
21000.000997	-65.6756 -166.19
22000.001045	-77.7404 -172.109
23000.001092	-75.1042 -171.715
24000.001140	-72.6257 -165.302
25000.001187	-84.0796 -169.023
26000.001235	-68.6638 -176.758
27000.001282	-64.3794 -177.878
28000.001330	-72.2311 -165.909
29000.001377	-71.0212 -174.246
30000.001425	-61.3493 -173.041
31000.001472	-74.3596 -172.07
32000.001520	-76.74 -161.565
33000.001567	-67.9741 -179.462
34000.001615	-72.6792 -168.309
35000.001662	-71.8702 -161.434
36000.001710	-79.6682 -158.69
37000.001757	-75.1609 -175.83
38000.001805	-71.2575 -170.662
39000.001852	-59.7174 -162.21
40000.001900	-79.3852 -162.464
41000.001947	-68.3192 -169.921
42000.001995	-66.6671 -171.98
43000.002042	-69.0579 -169.581
44000.002090	-77.6782 -166
45000.002137	-69.5451 -157.16
46000.002185	-69.4444 -176.08
47000.002232	-62.9055 -165.615
48000.002280	-74.0024 -164.941
49000.002327	-82.8999 -162.99
50000.002375	-70.8659 -167.88
51000.002422	-67.2501 -167.436
52000.002470	-77.8403 -168.279
53000.002517	-84.4878 -167.591
54000.002565	-71.0358 -168.384
55000.002612	-71.4845 -175.039
56000.002660	-66.1189 -159.506
57000.002707	-78.9714 174.846
58000.002755	-66.47 -170.633
59000.002802	-79.6951 -169.12
60000.002850	-75.1095 -176.63
61000.002897	-80.9204 -157.992
62000.002945	-69.2154 -169.225
63000.002992	-70.0126 -167.647
64000.003040	-67.632 -172.587
65000.003087	-67.1695 -168.659
66000.003135	-72.9032 -172.261
67000.003182	-58.4898 -169.254
68000.003230	-77.3633 -170.325
69000.003277	-62.555 -173.502
70000.003325	-77.743 -175.02
71000.003372	-74.3438 -175.718
72000.003420	-75.5832 -170.732
73000.003467	-65.8004 -176.255
74000.003515	-70.1139 -169.752
75000.003562	-77.649 -162.075
76000.003610	-71.9108 -174.584
77000.003657	-77.1995 -175.61
78000.003705	-78.2841 -156.909
79000.003752	-61.7424 -173.442
80000.003800	-74.1042 -153.903
81000.003847	-75.1559 -166.751
82000.003895	-64.7628 -171.195
83000.003942	-70.0297 -173.763
84000.003990	-69.1392 -170.65
85000.004037	-64.0991 -165.914
86000.004085	-71.0505 -172.578
87000.004132	-82.1976 -169.082
88000.004180	-68.7753 -176.821
89000.004227	-71.3636 -172.346
90000.004275	-73.1706 -172.543
91000.004322	-84.1764 -157.473
92000.004370	-73.7266 -172.148
93000.004417	-76.1052 -167.544
94000.004465	-72.6129 -171.617
95000.004512	-84.5267 -169.597
96000.004560	-81.3964 -167.742
97000.004607	-74.3279 -173.619
98000.004655	-59.5504 -177.685
99000.004702	-70.1055 -169.334
100000.004750	-72.7463 -154.557
101000.004797	-75.1733 176.024
102000.004845	-75.4059 177.151
103000.004892	-80.9585 -173.856
104000.004940	-69.7751 -167.407
105000.004987	-66.9201 -166.989
106000.005035	-76.2956 -166.644
107000.005082	-74.6431 -166.06
108000.005130	-66.4554 -172.119
109000.005177	-71.0295 -175.898
110000.005225	-88.2005 -170.331
111000.005272	-67.929 -165.287
112000.005320	-60.0489 -166.556
113000.005367	-80.4338 -162.659
114000.005415	-78.4826 -161.257
115000.005462	-72.1371 -168.915
116000.005510	-79.1152 -160.903
117000.005557	-62.5659 -173.064
118000.005605	-71.9518 -167.425
119000.005652	-77.0187 -158.187
120000.005700	-70.6492 -170.275
