560000.026599	-57.1763 -42.5361
561000.026646	-67.6402 -50.3303
562000.026694	-60.9983 -32.5173
563000.026741	-73.1568 -27.6456
564000.026789	-61.4169 -37.8955
565000.026836	-63.4856 -64.801
566000.026884	-57.3802 -39.8475
567000.026931	-61.5188 -47.1586
568000.026979	-69.1573 -53.1603
569000.027026	-63.1204 -54.6658
570000.027074	-57.7209 -44.452
571000.027121	-60.0851 -52.8843
572000.027169	-51.0457 -46.9921
573000.027216	-75.423 -28.1173
574000.027264	-58.5522 -54.3732
575000.027311	-65.1727 -43.7422
576000.027359	-67.6011 -46.4229
577000.027406	-65.9832 -42.809
578000.027454	-85.1178 -46.9388
579000.027501	-74.9745 -34.6577
580000.027549	-59.7169 -60.148
581000.027596	-63.3553 -40.7039
582000.027644	-66.5223 -27.1883
583000.027691	-74.3351 -35.4874
584000.027739	-63.9053 -46.5659
585000.027786	-72.5329 -41.2543
586000.027834	-72.7207 -44.2209
587000.027881	-69.1077 -47.3865
588000.027929	-75.7065 -42.7215
589000.027976	-67.8547 -36.2718
590000.028023	-64.4274 -46.1264
591000.028071	-56.1131 -45.6483
592000.028118	-57.8035 -63.4162
593000.028166	-68.8055 -40.2755
594000.028213	-51.126 -49.5068
595000.028261	-58.3084 -56.0633
596000.028308	-62.3991 -74.4705
597000.028356	-67.3976 -39.2605
598000.028403	-77.1774 -35.1247
599000.028451	-61.3811 -49.1532
600000.028498	-64.7968 -46.1595
601000.028546	-74.2723 -46.0519
602000.028593	-71.1631 -38.0268
603000.028641	-61.354 -38.6859
604000.028688	-67.7316 -41.0924
605000.028736	-76.6384 -42.6576
606000.028783	-63.2583 -27.5756
607000.028831	-64.3944 -26.946
608000.028878	-71.5746 -46.6117
609000.028926	-66.1638 -38.0846
610000.028973	-66.249 -41.929
611000.029021	-56.3603 -66.4585
612000.029068	-58.9414 -49.3267
613000.029116	-74.449 -28.8344
614000.029163	-62.376 -40.3001
615000.029211	-54.2959 -45.0853
616000.029258	-63.5022 -42.6715
617000.029306	-63.3411 -45.8221
618000.029353	-68.6727 -27.1101
619000.029401	-66.7022 -53.832
620000.029448	-66.4151 -53.48
621000.029496	-80.61 -42.0364
622000.029543	-59.3945 -40.6164
623000.029591	-71.4709 -49.7608
624000.029638	-70.5531 -50.6627
625000.029686	-78.6453 -29.0604
626000.029733	-80.626 -24.2864
627000.029781	-68.4898 -44.0974
628000.029828	-78.1883 -36.2208
629000.029876	-87.2433 -42.7115
630000.029923	-61.3989 -49.6281
631000.029971	-65.416 -47.133
632000.030018	-69.1123 -34.4845
633000.030066	-67.5987 -42.9201
634000.030113	-88.103 -28.2399
635000.030161	-71.4975 -37.6443
636000.030208	-66.5255 -30.7708
637000.030256	-46.3673 -65.0996
638000.030303	-70.8186 -48.3093
639000.030351	-70.6703 -20.4914
640000.030398	-54.6761 -49.8813
641000.030446	-63.3555 -53.5335
642000.030493	-73.4437 -51.8535
643000.030541	-71.5115 -48.2394
644000.030588	-55.8677 -48.8753
645000.030636	-74.6103 -42.2321
646000.030683	-70.8911 -37.5779
647000.030731	-58.9132 -46.9435
648000.030778	-69.3932 -43.2107
649000.030826	-65.169 -38.6625
650000.030873	-76.0613 -40.8994
651000.030921	-74.5451 -39.4044
652000.030968	-61.3754 -53.6814
653000.031016	-59.4538 -55.6567
654000.031063	-58.2919 -46.0272
655000.031111	-73.1015 -50.3923
656000.031158	-53.6908 -43.9484
657000.031206	-84.1085 -35.8876
658000.031253	-69.0149 -50.054
659000.031301	-58.5378 -48.5326
660000.031348	-63.9336 -40.2965
661000.031396	-45.5838 -46.4552
662000.031443	-62.5574 -55.3657
663000.031491	-53.124 -51.3755
664000.031538	-66.2228 -42.6731
665000.031586	-55.7538 -50.1151
666000.031633	-61.7438 -35.4217
667000.031681	-58.9724 -43.5538
668000.031728	-69.2216 -37.1587
669000.031776	-57.8977 -53.4734
670000.031823	-67.1206 -43.0583
671000.031871	-67.32 -39.6046
672000.031918	-53.4229 -38.168
673000.031966	-76.7341 -51.6376
674000.032013	-69.0698 -36.4998
675000.032061	-65.2744 -36.8932
676000.032108	-68.1558 -54.0553
677000.032156	-64.8175 -51.3262
678000.032203	-76.1974 -36.4689
679000.032251	-59.5048 -29.6542
680000.032298	-75.2884 -40.7327
