#! FIELDS time restraint.bias r0 r1 r2 r3 r4 r5 r6 r7 r8 r9 r10 r11 r12 r13 r14 r15 r16 r17 r18 r19 r20 r21 r22 r23 r24 r25 r26 r27 r28 r29 r30 r31 r32 r33 r34 r35 r36 r37 r38 r39 r40 r41 r42 r43 r44 r45 r46 r47 r48 r49 r50 r51 r52 r53 r54 r55 r56
 480000.022799 5.011512 0.084891 0.110176 0.106371 0.134904 0.139950 0.135001 0.072405 0.094252 0.128950 0.128263 0.128190 0.109681 0.109547 0.092263 0.111345 0.128077 0.082130 0.110691 0.123097 0.091707 0.112713 0.030734 0.028141 0.066101 0.054642 0.086630 0.017798 0.084249 0.087795 0.052938 0.042933 0.103478 0.118941 0.112071 0.147952 0.144671 0.123747 0.081395 0.049915 0.087888 0.099540 0.072332 0.120630 0.126854 0.126097 0.126186 0.112679 0.120972 0.150775 0.112914 0.070549 0.032501 0.134023 0.118352 0.131261 0.053919 0.106208
 481000.022846 4.827495 0.081024 0.104465 0.101843 0.131938 0.141377 0.130931 0.069607 0.091513 0.123536 0.130977 0.122796 0.115155 0.116099 0.096879 0.106327 0.122794 0.083855 0.107193 0.128122 0.088820 0.118294 0.032788 0.024271 0.055673 0.052601 0.080039 0.017468 0.079410 0.087376 0.043461 0.050097 0.096626 0.115774 0.102593 0.147099 0.139881 0.118676 0.072569 0.040744 0.078480 0.090670 0.073832 0.121954 0.119327 0.125388 0.121680 0.105052 0.119084 0.149090 0.117046 0.077065 0.023822 0.134588 0.119038 0.124609 0.046736 0.109793
 482000.022894 2.331684 0.084395 0.107462 0.104337 0.131407 0.137457 0.132252 0.069738 0.092264 0.126861 0.125028 0.126380 0.107184 0.107605 0.089464 0.109996 0.124854 0.079467 0.110438 0.120994 0.091144 0.110909 0.032655 0.032068 0.067080 0.054017 0.086316 0.012140 0.083662 0.088227 0.052861 0.043718 0.102998 0.118285 0.110896 0.146963 0.143141 0.122451 0.080077 0.051231 0.088015 0.098517 0.073167 0.120640 0.126199 0.125761 0.126580 0.111898 0.120229 0.150007 0.113064 0.070747 0.033404 0.133965 0.117039 0.129535 0.056609 0.104434
 483000.022941 3.309470 0.084522 0.108837 0.105556 0.133946 0.139866 0.134243 0.070835 0.093439 0.128173 0.127845 0.127674 0.109182 0.109586 0.091344 0.110958 0.126794 0.080981 0.111072 0.123355 0.090904 0.112994 0.031141 0.029995 0.067032 0.054699 0.086120 0.014463 0.083651 0.087949 0.052703 0.043275 0.103897 0.119755 0.111834 0.148430 0.145063 0.124304 0.080407 0.049510 0.087899 0.099046 0.072912 0.122090 0.127134 0.127060 0.127208 0.112967 0.122042 0.151787 0.114244 0.071534 0.030001 0.135209 0.119120 0.131080 0.054851 0.106044
 484000.022989 4.282170 0.080410 0.106284 0.101946 0.131628 0.136376 0.131613 0.066197 0.088022 0.125056 0.124023 0.124382 0.103868 0.104019 0.085505 0.107773 0.124668 0.076273 0.106194 0.117984 0.087291 0.107794 0.033369 0.028747 0.067107 0.056563 0.087566 0.016452 0.086599 0.089534 0.054403 0.040832 0.104058 0.119685 0.112318 0.148011 0.144159 0.124295 0.084032 0.049588 0.088243 0.099641 0.073087 0.120278 0.127065 0.126430 0.126049 0.113444 0.120973 0.149887 0.113278 0.071296 0.034812 0.134354 0.119149 0.131267 0.054754 0.099616
 485000.023036 2.109257 0.082187 0.106393 0.102676 0.131982 0.137527 0.131806 0.068113 0.089672 0.125165 0.125370 0.124570 0.105868 0.107027 0.088203 0.108011 0.124702 0.078112 0.107677 0.120460 0.088395 0.111150 0.032767 0.029684 0.065637 0.054370 0.085144 0.011547 0.083276 0.087738 0.052001 0.044030 0.101918 0.118019 0.109504 0.146616 0.142699 0.122292 0.079746 0.048572 0.085994 0.096901 0.072506 0.120799 0.124873 0.125769 0.125522 0.110890 0.120235 0.149077 0.113351 0.071128 0.032390 0.133466 0.117927 0.129382 0.055307 0.102056
 486000.023084 7.290794 0.082233 0.106531 0.104433 0.132206 0.139733 0.131841 0.071886 0.093627 0.125420 0.129059 0.125296 0.114530 0.113540 0.097178 0.107735 0.125055 0.086111 0.107966 0.124708 0.091482 0.114308 0.031360 0.018747 0.055417 0.054693 0.083486 0.021467 0.083978 0.089877 0.045276 0.047328 0.095877 0.113790 0.104016 0.146993 0.139758 0.117735 0.077327 0.041730 0.078698 0.093439 0.073490 0.117992 0.119654 0.123102 0.119508 0.104820 0.116233 0.148174 0.114787 0.075890 0.029362 0.133112 0.116781 0.125377 0.045222 0.108907
 487000.023131 6.727695 0.079516 0.104739 0.102175 0.130895 0.137946 0.130180 0.068759 0.091480 0.123769 0.127521 0.123410 0.112033 0.111124 0.094129 0.106051 0.123531 0.082808 0.106349 0.122857 0.088005 0.112644 0.033267 0.020936 0.058886 0.058249 0.085658 0.020622 0.086777 0.091727 0.048614 0.045917 0.097604 0.115357 0.106548 0.148190 0.141099 0.119933 0.080997 0.040814 0.080307 0.096045 0.075230 0.118700 0.121473 0.123957 0.120316 0.107417 0.117411 0.149404 0.115848 0.077379 0.027029 0.134558 0.117980 0.127133 0.045432 0.106894
 488000.023179 15.961921 0.076882 0.101959 0.100561 0.129237 0.138781 0.127565 0.069504 0.091430 0.120946 0.129526 0.120957 0.118636 0.116268 0.100748 0.102444 0.121694 0.088400 0.102690 0.125161 0.089268 0.114417 0.040846 0.016049 0.049212 0.062675 0.087134 0.031764 0.091728 0.097491 0.046174 0.053357 0.091729 0.111866 0.101272 0.149149 0.138107 0.115962 0.082303 0.036475 0.073242 0.093846 0.079505 0.116481 0.116352 0.122426 0.114580 0.101839 0.113403 0.147899 0.118593 0.084835 0.034276 0.134991 0.117883 0.123616 0.039704 0.111442
 489000.023226 1.285611 0.080605 0.104567 0.101023 0.130544 0.137685 0.130438 0.066592 0.089382 0.123790 0.126012 0.123255 0.108334 0.109140 0.089962 0.106396 0.122655 0.078005 0.106839 0.122203 0.087418 0.112772 0.034772 0.029662 0.064825 0.056067 0.086757 0.009015 0.085049 0.090634 0.052142 0.046821 0.101405 0.118445 0.109548 0.148780 0.143401 0.122579 0.079911 0.047622 0.085215 0.097680 0.075686 0.122200 0.125143 0.127164 0.126004 0.110863 0.120391 0.151147 0.116138 0.074475 0.031388 0.136092 0.118696 0.129435 0.055181 0.104621
 490000.023274 2.463705 0.078085 0.103641 0.099038 0.129860 0.135245 0.129074 0.064555 0.086970 0.122125 0.124094 0.122076 0.104780 0.105754 0.086395 0.104319 0.121786 0.074794 0.103908 0.119065 0.084064 0.110879 0.039166 0.032546 0.068927 0.060817 0.090578 0.012479 0.088147 0.093080 0.058155 0.049309 0.102963 0.119600 0.113172 0.150108 0.145734 0.125369 0.084181 0.049851 0.087737 0.101121 0.078812 0.123162 0.127932 0.128704 0.127530 0.113523 0.120918 0.152446 0.117195 0.074975 0.035255 0.137388 0.119303 0.132486 0.059781 0.101365
 491000.023321 12.317054 0.097117 0.117011 0.114583 0.140341 0.148359 0.141982 0.083079 0.101530 0.135344 0.135210 0.132461 0.116796 0.119410 0.100944 0.120938 0.133136 0.090916 0.121128 0.133343 0.101818 0.121937 0.021523 0.035555 0.059741 0.035066 0.067400 0.027903 0.064513 0.072075 0.035358 0.044768 0.101685 0.116461 0.098902 0.137881 0.135021 0.115175 0.060607 0.052341 0.084971 0.082880 0.059418 0.121056 0.117054 0.121871 0.124450 0.104250 0.122988 0.142452 0.108209 0.066680 0.028256 0.126279 0.116938 0.119880 0.049299 0.111920
 492000.023369 8.518785 0.085745 0.107198 0.105817 0.132259 0.141457 0.132552 0.074347 0.095507 0.126400 0.130545 0.124974 0.117154 0.117009 0.099920 0.110187 0.125233 0.087998 0.111207 0.128152 0.093690 0.116902 0.027655 0.021359 0.051298 0.048155 0.075364 0.023205 0.077103 0.084250 0.036374 0.046832 0.093512 0.111057 0.097134 0.142033 0.134321 0.112810 0.069052 0.040045 0.076268 0.085909 0.068480 0.116785 0.113920 0.119661 0.117075 0.099889 0.115871 0.143901 0.112182 0.074991 0.022683 0.129190 0.114419 0.118860 0.040606 0.111541
 493000.023416 9.307005 0.092128 0.110898 0.110004 0.135421 0.145187 0.136786 0.077851 0.099712 0.130866 0.133029 0.129317 0.117347 0.119295 0.100489 0.116324 0.127841 0.088275 0.118683 0.132924 0.096612 0.121185 0.028412 0.036464 0.060854 0.043507 0.071607 0.024255 0.069109 0.077592 0.039524 0.047710 0.099078 0.115083 0.099626 0.139700 0.136244 0.115832 0.062929 0.047414 0.082595 0.086015 0.065912 0.121876 0.117347 0.122276 0.123470 0.103820 0.121733 0.145202 0.111485 0.071906 0.018761 0.129068 0.115867 0.119401 0.050960 0.114272
 494000.023464 14.968820 0.093886 0.117375 0.115001 0.138560 0.141467 0.140061 0.081882 0.101151 0.135557 0.128563 0.133827 0.110823 0.109206 0.095723 0.119896 0.134686 0.090103 0.118095 0.122379 0.101345 0.109428 0.020845 0.027902 0.063297 0.046175 0.079446 0.030760 0.079460 0.079027 0.046317 0.031133 0.103001 0.115176 0.107580 0.139616 0.137548 0.117857 0.079294 0.052624 0.087923 0.094998 0.059578 0.112674 0.121375 0.117974 0.120362 0.108954 0.118314 0.141732 0.102695 0.062794 0.035561 0.124105 0.114379 0.125662 0.046121 0.106164
 495000.023511 5.115861 0.080897 0.106055 0.103028 0.129615 0.133866 0.129799 0.068605 0.091290 0.125332 0.122284 0.125492 0.105531 0.104046 0.088326 0.107410 0.124461 0.079426 0.106973 0.116183 0.089480 0.106007 0.035387 0.026971 0.066781 0.060305 0.091668 0.017982 0.091083 0.093152 0.056826 0.042007 0.101388 0.116268 0.112935 0.148260 0.143623 0.122555 0.087598 0.049319 0.086946 0.102608 0.075296 0.116729 0.126409 0.123781 0.123214 0.112076 0.116716 0.149621 0.112397 0.072529 0.036567 0.133652 0.115594 0.131151 0.054327 0.102561
 496000.023559 2.618472 0.083110 0.106487 0.103234 0.130718 0.135468 0.130676 0.069334 0.091554 0.125607 0.123774 0.124966 0.105434 0.105960 0.088237 0.108661 0.124691 0.078468 0.108756 0.118982 0.089213 0.109254 0.033240 0.031015 0.066959 0.055492 0.085878 0.012865 0.084099 0.087305 0.053621 0.042711 0.101283 0.116049 0.110077 0.144776 0.141593 0.121397 0.081222 0.049343 0.086917 0.098216 0.071808 0.118331 0.124344 0.123162 0.123971 0.110668 0.118434 0.147626 0.110866 0.070015 0.031608 0.131394 0.115007 0.128476 0.055330 0.103079
 497000.023606 11.063888 0.085562 0.111303 0.108310 0.136095 0.141395 0.135795 0.075520 0.095840 0.129307 0.130214 0.128102 0.113261 0.112283 0.096688 0.111934 0.129792 0.087503 0.110609 0.124060 0.094110 0.113541 0.027801 0.018676 0.058358 0.054316 0.082983 0.026445 0.084425 0.087584 0.046176 0.041780 0.099718 0.116016 0.106421 0.146637 0.140635 0.119641 0.080408 0.044420 0.082108 0.094937 0.069519 0.117237 0.121139 0.122669 0.120373 0.107833 0.118440 0.147564 0.112400 0.073387 0.031412 0.131820 0.118379 0.127644 0.042266 0.107251
 498000.023654 7.586609 0.091368 0.113698 0.111202 0.134962 0.138371 0.136461 0.077685 0.097837 0.132396 0.125106 0.130696 0.106768 0.106510 0.091347 0.116772 0.130864 0.084778 0.116145 0.119986 0.097778 0.108217 0.022922 0.030561 0.065618 0.046577 0.080155 0.021898 0.079050 0.079431 0.047918 0.031825 0.102559 0.114715 0.107701 0.139220 0.137392 0.117714 0.078418 0.052290 0.087986 0.095127 0.061256 0.113466 0.121679 0.118215 0.121658 0.109170 0.117678 0.142018 0.103075 0.062392 0.032887 0.124622 0.112752 0.125431 0.050038 0.103835
 499000.023701 1.004597 0.075201 0.098991 0.095010 0.126536 0.134746 0.125635 0.060709 0.083671 0.117761 0.123628 0.117432 0.106260 0.107914 0.087304 0.100550 0.117294 0.073400 0.101322 0.120551 0.081372 0.112554 0.040807 0.032128 0.064619 0.059682 0.087803 0.007969 0.086900 0.093916 0.053708 0.052179 0.099318 0.117743 0.107643 0.148768 0.141914 0.121702 0.079991 0.045750 0.082751 0.096359 0.079790 0.123320 0.123333 0.127858 0.125154 0.109315 0.119575 0.150395 0.119094 0.078628 0.032347 0.137396 0.119073 0.128029 0.057282 0.101888
 500000.023749 2.710982 0.085778 0.110161 0.105192 0.134143 0.137400 0.134633 0.070048 0.090752 0.128538 0.124049 0.127213 0.101445 0.103401 0.084178 0.111885 0.127564 0.075554 0.110685 0.118682 0.090096 0.109203 0.033449 0.037500 0.073577 0.053942 0.087245 0.013090 0.083207 0.085422 0.057728 0.040512 0.107936 0.121589 0.115267 0.145940 0.145464 0.126055 0.082929 0.056222 0.093263 0.101278 0.070792 0.121726 0.129899 0.127004 0.130202 0.116629 0.123289 0.149678 0.110383 0.065998 0.037627 0.132669 0.118250 0.133298 0.061887 0.099355
 501000.023796 2.442687 0.079776 0.102479 0.100461 0.128671 0.136930 0.128465 0.066818 0.090204 0.122573 0.125683 0.122619 0.110791 0.110718 0.092749 0.104955 0.121422 0.080626 0.106473 0.122509 0.088253 0.112341 0.036029 0.026548 0.060421 0.056802 0.086509 0.012426 0.086225 0.092196 0.049721 0.048087 0.096970 0.114767 0.105976 0.147546 0.140724 0.119088 0.079165 0.043751 0.080732 0.095851 0.076268 0.119473 0.121571 0.124487 0.121958 0.106773 0.116829 0.149204 0.115759 0.076684 0.030076 0.134621 0.116355 0.126186 0.052175 0.107076
 502000.023844 5.788839 0.077136 0.101436 0.099394 0.127870 0.136231 0.126940 0.066519 0.089992 0.120833 0.126401 0.120875 0.113079 0.111739 0.094745 0.102976 0.120277 0.082459 0.103790 0.122512 0.086612 0.112292 0.035529 0.019972 0.056291 0.058711 0.085992 0.019129 0.087297 0.093098 0.047924 0.048627 0.094998 0.113589 0.104921 0.148139 0.139996 0.118433 0.080199 0.039471 0.078194 0.095398 0.076906 0.118100 0.119872 0.123351 0.118730 0.105354 0.115542 0.148997 0.116512 0.078660 0.027808 0.134670 0.116659 0.125566 0.045629 0.107941
 503000.023891 4.340257 0.072282 0.098368 0.095034 0.126008 0.133132 0.124562 0.060462 0.084220 0.117737 0.122846 0.118283 0.107083 0.106194 0.088189 0.099058 0.118134 0.075971 0.098959 0.117756 0.081500 0.108411 0.040610 0.023773 0.061284 0.063247 0.091222 0.016563 0.092241 0.096959 0.054766 0.049437 0.096935 0.115359 0.108873 0.149832 0.142436 0.121348 0.085631 0.042178 0.080951 0.099478 0.080432 0.119158 0.123311 0.125687 0.121154 0.108538 0.116109 0.150149 0.117696 0.079347 0.034098 0.136503 0.117726 0.128785 0.052980 0.102213
 504000.023939 3.833161 0.081953 0.105124 0.103363 0.132354 0.141397 0.132074 0.069488 0.092726 0.125351 0.130176 0.125657 0.114463 0.114912 0.096219 0.107786 0.124229 0.083891 0.109282 0.127224 0.090200 0.116811 0.033566 0.025579 0.059077 0.054570 0.083508 0.015566 0.082318 0.089921 0.046851 0.049328 0.097947 0.116698 0.105382 0.148704 0.142345 0.120514 0.075253 0.042364 0.080423 0.093929 0.075452 0.122603 0.122195 0.126711 0.123691 0.107013 0.119739 0.151296 0.117821 0.077229 0.025708 0.136265 0.119156 0.126622 0.050873 0.110194
 505000.023986 6.616918 0.091952 0.114130 0.111701 0.138397 0.144846 0.139163 0.078281 0.099445 0.133454 0.132373 0.131836 0.113506 0.114864 0.096869 0.117422 0.131559 0.087259 0.117895 0.128832 0.097412 0.117466 0.022540 0.031494 0.063757 0.044720 0.076415 0.020451 0.073563 0.078268 0.044079 0.040457 0.103171 0.118112 0.106387 0.142605 0.140635 0.120481 0.071395 0.049693 0.086831 0.092104 0.064146 0.120958 0.122721 0.123678 0.125527 0.109391 0.122782 0.147058 0.109735 0.067290 0.024440 0.129739 0.117781 0.126169 0.050265 0.110184
 506000.024034 6.707925 0.095293 0.117250 0.113832 0.138389 0.141394 0.141033 0.078446 0.098928 0.136303 0.126449 0.134568 0.104903 0.106062 0.088906 0.121077 0.133887 0.082266 0.120344 0.122114 0.099116 0.109986 0.025244 0.039847 0.074438 0.045118 0.081953 0.020591 0.077491 0.078271 0.053407 0.033051 0.109634 0.120778 0.113599 0.140842 0.142547 0.123477 0.078467 0.059775 0.095722 0.098819 0.062233 0.119429 0.128466 0.123593 0.130045 0.115717 0.124369 0.146205 0.104620 0.059587 0.036561 0.127804 0.115971 0.129975 0.060825 0.103424
 507000.024081 5.708377 0.090442 0.110613 0.108347 0.133355 0.140217 0.135513 0.074146 0.095271 0.130259 0.126525 0.128544 0.108569 0.109813 0.091548 0.115533 0.127494 0.082041 0.115953 0.124113 0.095300 0.112144 0.025553 0.034588 0.064791 0.043081 0.075959 0.018995 0.073958 0.078656 0.044327 0.039206 0.101973 0.115690 0.103924 0.139152 0.136704 0.117064 0.070428 0.051719 0.087249 0.089980 0.063490 0.118490 0.120408 0.121200 0.124441 0.107119 0.120668 0.143487 0.107288 0.065852 0.028594 0.127282 0.114142 0.122008 0.053729 0.105610
 508000.024129 7.964240 0.085783 0.108702 0.106338 0.135490 0.144738 0.135245 0.074042 0.094371 0.127356 0.133198 0.126020 0.116650 0.117972 0.099250 0.110823 0.126873 0.087124 0.111190 0.130291 0.092871 0.120013 0.028708 0.024628 0.054512 0.048053 0.075970 0.022437 0.076105 0.084063 0.038628 0.048392 0.097307 0.115843 0.100005 0.145106 0.138330 0.117048 0.068969 0.041952 0.078291 0.087358 0.069527 0.121632 0.117587 0.124478 0.121683 0.103676 0.120296 0.147355 0.115343 0.075308 0.025040 0.132590 0.119362 0.123005 0.044920 0.110376
 509000.024176 9.835853 0.084917 0.105355 0.104388 0.133465 0.145063 0.132894 0.073073 0.094756 0.125353 0.134454 0.124082 0.120281 0.121414 0.102294 0.109079 0.124625 0.088591 0.110945 0.133486 0.092443 0.121602 0.032433 0.026215 0.049641 0.047415 0.073424 0.024934 0.074539 0.083881 0.034589 0.051579 0.092486 0.112363 0.095010 0.142792 0.135043 0.113445 0.064637 0.037847 0.073914 0.083732 0.070324 0.120550 0.113195 0.122289 0.118107 0.098787 0.118156 0.145126 0.115044 0.077985 0.020275 0.130845 0.117058 0.117755 0.043989 0.114591
 510000.024224 5.336162 0.089414 0.112836 0.109190 0.135341 0.138573 0.136363 0.075414 0.094962 0.131048 0.125366 0.129592 0.105010 0.105840 0.089041 0.114878 0.130006 0.082107 0.113678 0.119732 0.095474 0.109451 0.025339 0.031264 0.066776 0.048204 0.081607 0.018366 0.079059 0.081069 0.050109 0.036529 0.103992 0.117180 0.109440 0.141934 0.140192 0.120419 0.078547 0.053366 0.089044 0.095750 0.064652 0.117118 0.124205 0.122055 0.124848 0.111028 0.119678 0.144822 0.106662 0.063858 0.035134 0.127914 0.115435 0.128151 0.053653 0.101596
 511000.024271 2.924840 0.083563 0.107407 0.104732 0.132644 0.139328 0.132834 0.070373 0.093010 0.126802 0.127409 0.126318 0.110392 0.110285 0.092694 0.109460 0.125692 0.082052 0.109866 0.123232 0.090954 0.112603 0.030330 0.026382 0.062963 0.053475 0.084899 0.013597 0.083746 0.088237 0.049273 0.043030 0.100775 0.117268 0.108737 0.147361 0.142584 0.121347 0.079153 0.046593 0.084436 0.097083 0.072187 0.119894 0.124096 0.125018 0.124135 0.109880 0.119544 0.149872 0.113421 0.072075 0.029573 0.133754 0.117616 0.128595 0.051565 0.106507
 512000.024319 5.424465 0.082072 0.105756 0.103444 0.131410 0.138664 0.131350 0.069416 0.092805 0.125491 0.127682 0.125011 0.111364 0.111442 0.093419 0.108477 0.124106 0.081871 0.109515 0.124058 0.088645 0.113788 0.032165 0.027568 0.062486 0.056216 0.083720 0.018517 0.083317 0.088685 0.049151 0.045506 0.099571 0.116276 0.107159 0.146768 0.141496 0.120751 0.078222 0.043554 0.083272 0.095656 0.073798 0.120561 0.122676 0.124564 0.123026 0.108496 0.119620 0.149750 0.115139 0.075469 0.023885 0.134181 0.117597 0.126765 0.049787 0.107769
 513000.024366 4.675758 0.083173 0.106619 0.103865 0.130777 0.136310 0.131178 0.070092 0.091894 0.125807 0.124727 0.125281 0.107772 0.107423 0.090370 0.109053 0.124899 0.080936 0.108656 0.119823 0.090617 0.109372 0.029628 0.025011 0.061248 0.052962 0.082542 0.017192 0.082101 0.086296 0.048333 0.042297 0.098614 0.113918 0.106062 0.143508 0.138910 0.118400 0.078040 0.046360 0.083923 0.094183 0.070135 0.116882 0.121084 0.121630 0.121253 0.106915 0.116993 0.145810 0.110686 0.070742 0.030169 0.130260 0.114427 0.125048 0.050116 0.103898
 514000.024414 8.641955 0.080708 0.105731 0.103348 0.130559 0.136410 0.129780 0.071356 0.092840 0.124290 0.126463 0.124284 0.112068 0.110446 0.095010 0.106283 0.124383 0.085187 0.106050 0.120584 0.090549 0.111134 0.033796 0.018075 0.056978 0.059158 0.086391 0.023372 0.087760 0.092214 0.049198 0.047004 0.095824 0.112817 0.105810 0.147238 0.139756 0.118199 0.082298 0.042319 0.079774 0.095985 0.074974 0.116045 0.120151 0.121864 0.118157 0.105647 0.114545 0.147659 0.114338 0.076713 0.032417 0.132783 0.115785 0.126570 0.044736 0.106740
 515000.024461 5.998530 0.085846 0.108642 0.107177 0.132448 0.138896 0.133368 0.073685 0.095826 0.128238 0.126862 0.128458 0.112016 0.110455 0.095179 0.111294 0.126746 0.085897 0.111842 0.122748 0.094422 0.110975 0.029024 0.024008 0.060137 0.051412 0.083852 0.019472 0.082790 0.087078 0.047365 0.042223 0.098017 0.113763 0.106422 0.144591 0.139874 0.117912 0.077864 0.046481 0.082562 0.095608 0.070185 0.116142 0.121535 0.121581 0.120823 0.106608 0.116220 0.146899 0.110285 0.070053 0.031146 0.130389 0.114298 0.125699 0.050036 0.108033
 516000.024509 11.109304 0.074618 0.098312 0.097658 0.127641 0.138199 0.125293 0.067489 0.090638 0.117799 0.130241 0.118479 0.119759 0.118352 0.101655 0.099464 0.118897 0.087139 0.101537 0.127635 0.084636 0.117539 0.039831 0.014019 0.046851 0.061623 0.083766 0.026499 0.087056 0.095336 0.043434 0.056501 0.086671 0.108388 0.097372 0.146905 0.136419 0.113528 0.076086 0.027982 0.068115 0.090182 0.080043 0.117307 0.112918 0.121164 0.112481 0.097402 0.112115 0.147228 0.119295 0.085093 0.022374 0.133931 0.115624 0.120328 0.040416 0.113371
 517000.024556 2.311821 0.079909 0.104521 0.100337 0.130189 0.136497 0.130344 0.065060 0.086977 0.123351 0.123967 0.122833 0.104305 0.105461 0.085818 0.106633 0.122038 0.075125 0.106071 0.119617 0.086150 0.110167 0.035008 0.032124 0.067291 0.055543 0.086523 0.012088 0.084113 0.089148 0.053931 0.044719 0.103613 0.119900 0.110994 0.147802 0.143638 0.123653 0.080611 0.049865 0.087397 0.097968 0.074668 0.122295 0.126542 0.127535 0.127286 0.112638 0.121357 0.150333 0.114973 0.072246 0.033431 0.135338 0.119326 0.130172 0.057023 0.100458
 518000.024604 6.667228 0.085953 0.111114 0.107661 0.136707 0.141887 0.136521 0.073812 0.094596 0.129312 0.129966 0.128091 0.110436 0.110929 0.093594 0.112472 0.129298 0.083823 0.111650 0.124882 0.091868 0.114283 0.026401 0.025891 0.062979 0.050938 0.081324 0.020529 0.080120 0.083889 0.047436 0.040705 0.102106 0.118157 0.108061 0.145301 0.142005 0.121572 0.077274 0.046213 0.084594 0.094957 0.068099 0.119933 0.123324 0.124381 0.123828 0.110050 0.121247 0.148099 0.111594 0.069904 0.027018 0.131543 0.118934 0.128491 0.048707 0.105554
 519000.024651 8.251587 0.085014 0.110075 0.106484 0.133129 0.136379 0.133671 0.071873 0.092868 0.128329 0.124257 0.127113 0.104923 0.104574 0.088106 0.111885 0.127707 0.080560 0.110498 0.117698 0.091025 0.107759 0.028997 0.028500 0.067052 0.055563 0.084741 0.022838 0.084778 0.086327 0.052411 0.037296 0.103812 0.117551 0.110841 0.144838 0.141547 0.122072 0.083364 0.049693 0.088448 0.098219 0.069035 0.117346 0.124870 0.122712 0.123679 0.112025 0.119941 0.147101 0.110059 0.069420 0.032547 0.130865 0.116950 0.129408 0.050345 0.100864
 520000.024699 6.095624 0.090831 0.113135 0.110621 0.135817 0.141138 0.137410 0.076735 0.097192 0.131970 0.127800 0.130700 0.109660 0.109885 0.093371 0.116185 0.130272 0.085252 0.115768 0.123511 0.097256 0.112086 0.022794 0.029585 0.063764 0.045049 0.078921 0.019629 0.076889 0.080318 0.045487 0.037571 0.102446 0.116403 0.106613 0.141703 0.139158 0.118697 0.074491 0.051402 0.086904 0.093248 0.063779 0.117530 0.122198 0.121733 0.124003 0.108719 0.119941 0.145124 0.107361 0.064895 0.031801 0.128158 0.115340 0.125713 0.051164 0.105807
 521000.024746 10.560389 0.096086 0.116584 0.114472 0.136896 0.140446 0.139492 0.081105 0.100505 0.135390 0.126520 0.133177 0.107826 0.107999 0.092727 0.121111 0.133208 0.086989 0.120351 0.122201 0.101204 0.109427 0.016683 0.033920 0.065354 0.039069 0.073694 0.025836 0.071813 0.072668 0.043591 0.030164 0.102968 0.113848 0.104579 0.134484 0.134244 0.115332 0.072196 0.054663 0.089263 0.090488 0.055296 0.113288 0.119421 0.116385 0.121771 0.107087 0.119002 0.138651 0.099814 0.058334 0.032222 0.120928 0.111414 0.121510 0.050582 0.104846
 522000.024794 3.768365 0.085658 0.108614 0.105719 0.133595 0.140540 0.133955 0.072242 0.093417 0.127505 0.128541 0.126407 0.110810 0.111731 0.093395 0.111003 0.126365 0.082889 0.111065 0.124711 0.092394 0.114443 0.027394 0.026899 0.060652 0.048982 0.079572 0.015434 0.078163 0.083947 0.044883 0.043731 0.099981 0.116333 0.104955 0.144481 0.139714 0.119056 0.073651 0.046741 0.083491 0.091895 0.068946 0.120035 0.121202 0.123874 0.123498 0.107310 0.119783 0.147263 0.112363 0.070871 0.027829 0.131651 0.117131 0.125432 0.049687 0.106331
 523000.024841 2.918153 0.084099 0.106230 0.103823 0.131745 0.139976 0.132327 0.069575 0.092740 0.126114 0.128264 0.125715 0.111483 0.112343 0.093063 0.109636 0.123913 0.081282 0.110862 0.125638 0.090292 0.115161 0.031705 0.031003 0.063457 0.051960 0.082052 0.013581 0.079609 0.086574 0.048201 0.046887 0.100884 0.117756 0.107112 0.146706 0.142057 0.121226 0.074392 0.047287 0.085006 0.094262 0.073136 0.122798 0.123679 0.126397 0.125844 0.109077 0.121336 0.150417 0.115390 0.073399 0.026302 0.134783 0.118122 0.126689 0.054067 0.108066
 524000.024889 6.836924 0.094280 0.114920 0.111290 0.133837 0.135642 0.137114 0.076317 0.096435 0.133725 0.120504 0.132123 0.098517 0.100171 0.082780 0.119438 0.130293 0.077794 0.118794 0.116093 0.097522 0.105256 0.030587 0.044877 0.078374 0.049147 0.084309 0.020788 0.078850 0.079457 0.058416 0.034893 0.110452 0.119931 0.115251 0.139226 0.141501 0.123235 0.081160 0.063521 0.098454 0.100465 0.064699 0.118275 0.129340 0.122514 0.130560 0.116685 0.122780 0.144851 0.103576 0.058824 0.041107 0.126877 0.113399 0.129863 0.065091 0.098679
 525000.024936 6.358614 0.091018 0.111768 0.109509 0.134855 0.141690 0.136606 0.075498 0.096669 0.131538 0.128223 0.129719 0.109950 0.111063 0.093010 0.116365 0.128726 0.083947 0.116773 0.125487 0.096616 0.113066 0.023912 0.033855 0.063884 0.042052 0.075679 0.020048 0.073087 0.077359 0.043709 0.037762 0.102416 0.116321 0.104779 0.139503 0.137448 0.117746 0.070615 0.051448 0.087263 0.090675 0.062632 0.118336 0.121181 0.121348 0.124340 0.107871 0.120795 0.143671 0.106674 0.064965 0.028149 0.126941 0.114927 0.122992 0.052207 0.107019
 526000.024984 4.025330 0.070711 0.097179 0.092842 0.125288 0.131912 0.123234 0.059142 0.082343 0.115457 0.122408 0.116024 0.105591 0.106065 0.086773 0.096780 0.116442 0.073508 0.096924 0.117246 0.078465 0.110677 0.044735 0.029342 0.064828 0.067432 0.093314 0.015951 0.093535 0.099661 0.058670 0.055095 0.098178 0.117050 0.110314 0.151556 0.143796 0.123331 0.086854 0.044041 0.082049 0.100570 0.084680 0.122538 0.124647 0.128352 0.123545 0.110131 0.117706 0.152015 0.121650 0.082640 0.036214 0.139500 0.119658 0.130834 0.056894 0.100768
 527000.025031 11.269515 0.071481 0.096662 0.095333 0.126058 0.136607 0.123876 0.064128 0.087999 0.116208 0.128697 0.117442 0.118746 0.116833 0.099963 0.096883 0.117349 0.084985 0.098573 0.125388 0.083141 0.116177 0.043856 0.014849 0.049296 0.066114 0.089225 0.026690 0.092677 0.101211 0.048300 0.059265 0.088577 0.110689 0.100751 0.150709 0.139160 0.116308 0.081016 0.031426 0.070427 0.093896 0.085051 0.119315 0.116301 0.124449 0.115151 0.100264 0.112994 0.150171 0.123207 0.088592 0.030308 0.138165 0.117727 0.123596 0.044507 0.112000
 528000.025079 9.656532 0.079121 0.100191 0.100296 0.126099 0.136101 0.125591 0.069308 0.092609 0.120619 0.126673 0.120644 0.117025 0.115155 0.099417 0.103608 0.119718 0.086881 0.105748 0.124431 0.089497 0.112979 0.035319 0.017404 0.047980 0.056439 0.080655 0.024706 0.084097 0.091030 0.040541 0.050371 0.087836 0.106590 0.096166 0.142451 0.132988 0.110787 0.074229 0.034046 0.071648 0.088355 0.074513 0.113524 0.111759 0.117268 0.112045 0.096737 0.110623 0.143326 0.113573 0.080042 0.023608 0.129522 0.111385 0.117056 0.039534 0.112102
 529000.025126 2.751418 0.083567 0.106648 0.104245 0.132986 0.140856 0.133054 0.069932 0.092575 0.126276 0.128988 0.125885 0.111843 0.112585 0.093836 0.109176 0.125257 0.082303 0.110072 0.125588 0.090418 0.115239 0.030998 0.027343 0.061598 0.052479 0.082556 0.013188 0.081320 0.087588 0.047045 0.045994 0.099871 0.117362 0.106424 0.147248 0.142062 0.120834 0.075609 0.045033 0.082902 0.094304 0.072651 0.121907 0.122811 0.126015 0.124545 0.108383 0.120632 0.150164 0.115312 0.073856 0.026938 0.134593 0.118630 0.127141 0.051885 0.107649
 530000.025174 3.620102 0.083669 0.108375 0.104205 0.133420 0.137700 0.132909 0.070525 0.090889 0.126429 0.125871 0.125144 0.105495 0.106945 0.088564 0.109379 0.126525 0.079290 0.108359 0.120140 0.089574 0.111309 0.030362 0.028813 0.064963 0.053341 0.083178 0.015127 0.081715 0.085265 0.050854 0.042271 0.101963 0.117358 0.108707 0.144948 0.141418 0.121529 0.079411 0.048574 0.086034 0.095702 0.069774 0.119509 0.123671 0.124189 0.124335 0.110375 0.119867 0.147196 0.111445 0.069680 0.032104 0.131373 0.117409 0.128834 0.052658 0.101456
 531000.025221 5.240772 0.086007 0.109522 0.106609 0.132015 0.135769 0.133472 0.071506 0.092812 0.128494 0.122461 0.127965 0.103740 0.103025 0.087019 0.112292 0.127202 0.079854 0.111347 0.117001 0.092716 0.105525 0.028594 0.029856 0.067147 0.051872 0.085064 0.018201 0.083619 0.085275 0.052230 0.035694 0.102855 0.116250 0.110458 0.142963 0.140598 0.120441 0.081800 0.051723 0.088374 0.098235 0.067676 0.115750 0.124660 0.121655 0.123604 0.111053 0.118208 0.145620 0.107302 0.065754 0.035145 0.128938 0.114430 0.127996 0.054343 0.100471
 532000.025269 1.593591 0.082219 0.104970 0.102070 0.130789 0.138167 0.131053 0.067913 0.090421 0.124392 0.126279 0.124088 0.108699 0.109676 0.090611 0.107650 0.123004 0.079158 0.108499 0.123049 0.088611 0.113176 0.033068 0.030381 0.063667 0.053293 0.083752 0.010036 0.081415 0.087875 0.049776 0.046694 0.100133 0.117031 0.107271 0.146324 0.141565 0.120717 0.076299 0.047134 0.084136 0.095018 0.073770 0.121584 0.123332 0.125789 0.125025 0.108802 0.119845 0.149355 0.114706 0.073015 0.029385 0.134094 0.117444 0.127038 0.054998 0.105103
 533000.025316 4.219360 0.085587 0.106828 0.105074 0.131780 0.140280 0.132890 0.071071 0.093545 0.126870 0.127910 0.126115 0.111777 0.112381 0.094039 0.110999 0.124534 0.082675 0.112255 0.125826 0.091686 0.114242 0.028146 0.029435 0.060589 0.047410 0.078263 0.016331 0.076636 0.083135 0.043614 0.043854 0.098670 0.114946 0.103216 0.142686 0.138308 0.117351 0.070813 0.045662 0.082639 0.090631 0.068776 0.119671 0.120010 0.122857 0.122913 0.105540 0.119347 0.146355 0.111630 0.070795 0.024010 0.130593 0.115487 0.122734 0.051285 0.108123
 534000.025364 10.233994 0.086650 0.108888 0.107096 0.134064 0.142217 0.134242 0.074897 0.095673 0.127750 0.130891 0.125800 0.115745 0.115567 0.098573 0.111760 0.127279 0.087874 0.111880 0.127356 0.094131 0.115711 0.025774 0.021754 0.053522 0.048356 0.075362 0.025434 0.078108 0.083254 0.037209 0.042748 0.096045 0.112955 0.099075 0.142183 0.135230 0.114538 0.071926 0.041222 0.078385 0.087561 0.066262 0.116613 0.115202 0.119808 0.117646 0.102247 0.117673 0.143898 0.110942 0.073649 0.024179 0.128774 0.116036 0.120540 0.039033 0.109702
 535000.025411 5.094820 0.082770 0.107425 0.104354 0.132290 0.138227 0.132463 0.069971 0.091639 0.126394 0.126145 0.125580 0.108526 0.108152 0.091041 0.109233 0.125726 0.081431 0.108611 0.121013 0.090680 0.110229 0.029643 0.024424 0.062015 0.053351 0.084452 0.017945 0.084264 0.087716 0.048887 0.040448 0.100659 0.116675 0.108071 0.146163 0.141171 0.120437 0.080376 0.046410 0.084149 0.096356 0.070542 0.117978 0.123083 0.123581 0.122622 0.109330 0.118582 0.147785 0.111833 0.071258 0.031626 0.132096 0.117261 0.127906 0.049213 0.103946
 536000.025459 3.375956 0.087390 0.110298 0.106051 0.133349 0.137091 0.134690 0.071009 0.090978 0.128641 0.123017 0.127142 0.101103 0.102916 0.084258 0.113093 0.127191 0.076453 0.111875 0.118373 0.091648 0.107989 0.029327 0.036554 0.070653 0.048263 0.082401 0.014608 0.078747 0.081250 0.052904 0.037493 0.105908 0.119054 0.110939 0.141679 0.141152 0.121982 0.078284 0.055401 0.091216 0.096627 0.066118 0.119231 0.126022 0.123869 0.127591 0.112991 0.121638 0.145473 0.107185 0.063138 0.036157 0.128780 0.115994 0.128739 0.059340 0.098256
 537000.025506 3.059248 0.073755 0.099343 0.095883 0.127408 0.135356 0.125763 0.062325 0.085252 0.118271 0.125241 0.118391 0.109207 0.109555 0.090623 0.099837 0.118673 0.077437 0.100172 0.120891 0.082425 0.112546 0.039112 0.023735 0.059333 0.061001 0.088181 0.013906 0.088514 0.094974 0.051699 0.051493 0.096322 0.115505 0.106387 0.149467 0.141592 0.120453 0.081329 0.040855 0.079169 0.096289 0.079661 0.120937 0.121728 0.126248 0.121620 0.107062 0.116959 0.150106 0.118926 0.079843 0.031287 0.136790 0.118566 0.127660 0.051404 0.104086
 538000.025554 8.326969 0.079509 0.101355 0.101530 0.127119 0.136705 0.127104 0.069116 0.093309 0.122057 0.126655 0.122582 0.116290 0.114041 0.098547 0.104842 0.120698 0.086441 0.107204 0.124211 0.089461 0.112461 0.034319 0.018867 0.052510 0.057458 0.083513 0.022942 0.085866 0.092304 0.043736 0.048458 0.091042 0.109555 0.100485 0.145143 0.136600 0.114106 0.076983 0.035841 0.074444 0.092392 0.075589 0.115279 0.115883 0.119792 0.115084 0.100648 0.112825 0.146556 0.114763 0.079338 0.023664 0.131957 0.113424 0.120903 0.042402 0.111747
 539000.025601 4.513308 0.078265 0.102591 0.100109 0.129057 0.135953 0.128081 0.066864 0.089010 0.121843 0.125344 0.121989 0.109359 0.108897 0.091543 0.104133 0.121838 0.080979 0.104101 0.120387 0.087155 0.110443 0.033771 0.021140 0.057854 0.056363 0.084651 0.016890 0.084833 0.089894 0.048618 0.046184 0.095766 0.113390 0.105132 0.145931 0.139647 0.118419 0.079361 0.041748 0.079601 0.094575 0.073881 0.117383 0.120172 0.122656 0.119389 0.105501 0.115546 0.147054 0.113691 0.074578 0.030031 0.132198 0.115822 0.125646 0.048608 0.104572
 540000.025649 10.759412 0.083784 0.104143 0.103331 0.130153 0.141043 0.130148 0.072637 0.093752 0.123389 0.130606 0.121917 0.118847 0.118990 0.101391 0.107564 0.122522 0.088059 0.109180 0.129385 0.091714 0.118236 0.031554 0.021940 0.046985 0.049234 0.073263 0.026079 0.076649 0.085438 0.032732 0.051031 0.089803 0.108656 0.092165 0.140537 0.131262 0.109666 0.065772 0.036170 0.071835 0.081736 0.070142 0.116467 0.109752 0.118397 0.114342 0.095628 0.114389 0.142098 0.113565 0.078641 0.020628 0.128640 0.113583 0.114847 0.038737 0.112549
 541000.025696 2.230654 0.082522 0.106478 0.102203 0.130229 0.134785 0.130942 0.066827 0.088507 0.125431 0.121686 0.124982 0.101274 0.102443 0.083455 0.108622 0.123668 0.074482 0.107944 0.116731 0.088628 0.107305 0.035962 0.035972 0.071341 0.056057 0.088941 0.011874 0.085456 0.088892 0.057791 0.043159 0.105513 0.119906 0.113984 0.146911 0.144459 0.124570 0.083440 0.054778 0.091213 0.100979 0.074023 0.120980 0.128839 0.126842 0.128666 0.114738 0.120852 0.149835 0.112322 0.069032 0.038403 0.133934 0.117331 0.131788 0.061515 0.098969
 542000.025744 6.283271 0.077771 0.099373 0.098759 0.128434 0.140415 0.127160 0.067466 0.091240 0.119614 0.131183 0.120023 0.119487 0.119711 0.100863 0.102190 0.118826 0.085621 0.105428 0.130500 0.086241 0.120382 0.038155 0.024175 0.051069 0.056894 0.081039 0.019929 0.081648 0.091963 0.042076 0.056365 0.090532 0.111997 0.098329 0.147279 0.137924 0.115418 0.070758 0.033452 0.071762 0.089091 0.079010 0.121667 0.115485 0.124385 0.117953 0.100016 0.116107 0.149266 0.120399 0.083283 0.018905 0.135755 0.117510 0.120986 0.046189 0.114240
 543000.025791 5.514427 0.081020 0.103935 0.102215 0.131171 0.140892 0.131222 0.068337 0.091769 0.124052 0.129787 0.123910 0.114968 0.114998 0.096471 0.107081 0.122777 0.083186 0.108583 0.127651 0.088295 0.116417 0.032715 0.024692 0.057233 0.053099 0.081348 0.018670 0.081225 0.088953 0.044112 0.048694 0.096327 0.115066 0.102777 0.146616 0.139893 0.118222 0.073146 0.039930 0.078755 0.091579 0.074303 0.121321 0.119713 0.124946 0.121699 0.104714 0.119016 0.149239 0.116734 0.077309 0.021856 0.134538 0.117884 0.123712 0.048721 0.110120
 544000.025839 4.021749 0.079922 0.104823 0.101593 0.131167 0.138306 0.130627 0.067450 0.089521 0.123889 0.126895 0.123271 0.109832 0.109740 0.091614 0.106277 0.123532 0.080497 0.105830 0.122156 0.088123 0.111880 0.032304 0.022930 0.060043 0.054697 0.084679 0.015944 0.084816 0.089508 0.048437 0.044364 0.099240 0.116674 0.107037 0.147644 0.141534 0.120613 0.079602 0.044075 0.082306 0.095577 0.073090 0.119567 0.122487 0.124941 0.122502 0.108416 0.118680 0.148965 0.114476 0.074077 0.030357 0.133974 0.118256 0.127648 0.049228 0.104756
 545000.025886 19.687052 0.101905 0.121192 0.118565 0.144348 0.151705 0.145667 0.088371 0.105171 0.138952 0.138771 0.134625 0.118332 0.122451 0.103782 0.125435 0.137170 0.094683 0.125170 0.136749 0.105629 0.125371 0.020397 0.039537 0.058994 0.029538 0.059532 0.035276 0.056905 0.064519 0.030632 0.045204 0.102327 0.116211 0.095399 0.133249 0.131569 0.113363 0.054914 0.053852 0.085450 0.077582 0.053412 0.120910 0.113951 0.119815 0.123430 0.102605 0.124461 0.138073 0.105468 0.065832 0.027517 0.122181 0.117237 0.116597 0.046733 0.113280
 546000.025934 5.880355 0.087336 0.109564 0.107126 0.133908 0.140630 0.134347 0.074245 0.095249 0.128327 0.128818 0.126450 0.111609 0.112689 0.094890 0.112405 0.127293 0.084369 0.112852 0.125265 0.092974 0.115022 0.025019 0.027040 0.059936 0.048654 0.076715 0.019279 0.076966 0.081936 0.042198 0.042033 0.098893 0.114460 0.102416 0.141909 0.137073 0.116800 0.072326 0.044855 0.082259 0.089699 0.066303 0.118254 0.118329 0.121071 0.121237 0.105343 0.119138 0.144943 0.110599 0.071022 0.023124 0.129215 0.115651 0.122937 0.045693 0.107309
 547000.025981 5.704920 0.090009 0.113051 0.110261 0.135333 0.139099 0.136867 0.075875 0.096364 0.131863 0.125573 0.130813 0.106293 0.106304 0.090320 0.115938 0.130233 0.083299 0.115269 0.120600 0.096069 0.109051 0.023394 0.030842 0.066726 0.046737 0.081313 0.018990 0.078598 0.080407 0.049237 0.034179 0.103651 0.116653 0.109375 0.141174 0.140017 0.119884 0.077809 0.052426 0.088636 0.096137 0.063616 0.116277 0.124108 0.121201 0.124260 0.110664 0.119429 0.144647 0.105507 0.062607 0.032765 0.127118 0.114603 0.127411 0.053255 0.103181
 548000.026029 5.448004 0.077969 0.102102 0.099090 0.129509 0.138068 0.128477 0.066843 0.088546 0.120694 0.128100 0.120334 0.113018 0.113351 0.094744 0.103025 0.121087 0.081668 0.103228 0.124240 0.086366 0.115443 0.035978 0.021394 0.055125 0.057165 0.083469 0.018557 0.084283 0.092076 0.046136 0.052458 0.094593 0.113814 0.102144 0.147428 0.139008 0.117573 0.076088 0.040364 0.077293 0.091467 0.076932 0.120501 0.118283 0.124681 0.120068 0.103557 0.116881 0.148339 0.118189 0.079532 0.029872 0.135045 0.117739 0.124331 0.047808 0.107008
 549000.026076 4.571629 0.075811 0.101022 0.098082 0.128332 0.135933 0.127389 0.064343 0.087173 0.119865 0.125425 0.120487 0.110080 0.109305 0.091664 0.101690 0.120111 0.079520 0.101821 0.120937 0.084630 0.111596 0.038137 0.022883 0.059302 0.059982 0.088596 0.016999 0.088759 0.094897 0.051519 0.050548 0.096472 0.115277 0.107075 0.149404 0.141986 0.120269 0.081632 0.042314 0.079714 0.097124 0.079026 0.119974 0.122247 0.125864 0.121372 0.107150 0.116685 0.150200 0.117790 0.078362 0.033113 0.136192 0.118005 0.127895 0.052010 0.104498
 550000.026124 2.792365 0.072278 0.095540 0.093636 0.123908 0.133631 0.122652 0.060174 0.084856 0.115540 0.123940 0.116516 0.110718 0.110400 0.091681 0.097658 0.114979 0.077538 0.099700 0.121418 0.080933 0.112247 0.040983 0.025632 0.057818 0.061326 0.087762 0.013285 0.088059 0.095948 0.050724 0.053878 0.093171 0.113098 0.104127 0.148241 0.139852 0.118240 0.079186 0.038502 0.076612 0.095111 0.081437 0.120325 0.119688 0.125058 0.119693 0.104301 0.115179 0.149445 0.119486 0.081451 0.028337 0.136434 0.116584 0.124730 0.052354 0.106067
 551000.026171 2.902749 0.078756 0.103263 0.100015 0.128387 0.134560 0.128186 0.065804 0.088766 0.122749 0.123085 0.123164 0.106519 0.105949 0.088550 0.104780 0.121499 0.077702 0.104833 0.118495 0.087181 0.108494 0.037676 0.029220 0.065553 0.058525 0.090674 0.013545 0.088630 0.092726 0.056039 0.046505 0.100312 0.116603 0.111573 0.148466 0.143671 0.122316 0.083966 0.049035 0.085656 0.100928 0.076949 0.119097 0.126065 0.125549 0.124363 0.111006 0.117212 0.150185 0.114039 0.073119 0.036156 0.134663 0.116149 0.130186 0.057462 0.103463
 552000.026219 9.913620 0.078658 0.101968 0.101438 0.127498 0.136111 0.127247 0.069292 0.092882 0.121728 0.126447 0.122088 0.115645 0.113164 0.098135 0.104380 0.120969 0.086109 0.106045 0.123224 0.088372 0.112114 0.034725 0.016525 0.052873 0.059301 0.084560 0.025033 0.087386 0.093363 0.045068 0.048806 0.091397 0.109691 0.101240 0.145572 0.136798 0.114500 0.078746 0.035396 0.074520 0.093018 0.076330 0.114882 0.116123 0.119761 0.114645 0.101157 0.112584 0.146556 0.115138 0.080054 0.024181 0.132215 0.113789 0.121729 0.040908 0.110439
 553000.026266 2.352159 0.082309 0.103668 0.101705 0.129420 0.138100 0.129684 0.068598 0.091205 0.123438 0.126657 0.122850 0.111226 0.112040 0.093403 0.107034 0.121803 0.081130 0.108643 0.124489 0.089134 0.114160 0.032036 0.028175 0.059090 0.051323 0.080538 0.012193 0.079411 0.086581 0.045042 0.047348 0.096374 0.113708 0.102502 0.143847 0.137886 0.116712 0.072528 0.043648 0.080169 0.091004 0.072284 0.119462 0.118901 0.122877 0.121488 0.104373 0.117366 0.146587 0.113607 0.073969 0.025308 0.131790 0.115130 0.122710 0.050896 0.107458
 554000.026314 11.746600 0.087401 0.109597 0.107546 0.134802 0.142396 0.134489 0.076266 0.095720 0.127943 0.131353 0.125671 0.115017 0.115746 0.098464 0.112234 0.127870 0.088536 0.111831 0.127303 0.094740 0.116355 0.024547 0.022368 0.051857 0.046633 0.072096 0.027249 0.074586 0.079972 0.035248 0.043149 0.095259 0.111915 0.097001 0.139869 0.133366 0.113221 0.069407 0.041241 0.077611 0.084668 0.063891 0.116001 0.113310 0.118484 0.116480 0.100634 0.117120 0.141540 0.109581 0.072527 0.024132 0.126539 0.115539 0.118921 0.037343 0.108738
 555000.026361 3.784485 0.080220 0.104402 0.101502 0.132584 0.141831 0.131724 0.068185 0.090658 0.123261 0.131095 0.122916 0.114556 0.115590 0.096107 0.105820 0.122972 0.082240 0.106831 0.128318 0.086715 0.118861 0.034330 0.025994 0.059297 0.054848 0.082975 0.015467 0.081920 0.090024 0.046638 0.051341 0.098254 0.117803 0.105096 0.149411 0.142649 0.121055 0.074470 0.041292 0.079633 0.093334 0.076215 0.124244 0.121817 0.127963 0.124155 0.107265 0.121120 0.151828 0.119255 0.078011 0.024689 0.137185 0.120789 0.127330 0.050848 0.109128
 556000.026409 13.119834 0.096452 0.117851 0.115902 0.135337 0.135891 0.138655 0.081542 0.101450 0.136863 0.121617 0.135668 0.102934 0.101468 0.088635 0.122243 0.134146 0.085976 0.120948 0.115408 0.102441 0.102393 0.021893 0.036618 0.071596 0.046261 0.081344 0.028797 0.078898 0.076437 0.052895 0.024740 0.105968 0.114233 0.111264 0.135382 0.136733 0.118126 0.081526 0.059371 0.094390 0.098178 0.057458 0.110436 0.124196 0.115615 0.122744 0.111541 0.117542 0.139280 0.097429 0.055610 0.039242 0.120662 0.109557 0.125656 0.055483 0.101732
 557000.026456 5.197970 0.077353 0.102471 0.099988 0.129927 0.137645 0.128699 0.066646 0.090088 0.121867 0.127594 0.121819 0.112643 0.112055 0.094548 0.103560 0.122330 0.081746 0.104353 0.123360 0.086107 0.113646 0.036342 0.020416 0.058094 0.060336 0.087145 0.018126 0.088608 0.094241 0.049400 0.049117 0.095777 0.114553 0.105668 0.148979 0.141217 0.119648 0.081219 0.038812 0.078423 0.096188 0.077678 0.119480 0.120701 0.124556 0.120031 0.106289 0.116818 0.150044 0.117636 0.079937 0.027313 0.135789 0.117851 0.126771 0.047198 0.107778
 558000.026504 4.986537 0.085452 0.110885 0.106524 0.135348 0.139980 0.135414 0.072569 0.092586 0.128733 0.127264 0.127736 0.107268 0.107994 0.090388 0.111420 0.128205 0.081215 0.110060 0.121726 0.092437 0.112207 0.031587 0.030405 0.066925 0.053140 0.086371 0.017754 0.083884 0.087149 0.053078 0.042638 0.104888 0.120336 0.112068 0.147761 0.144440 0.123892 0.081558 0.052348 0.088336 0.098994 0.071155 0.120886 0.127083 0.126747 0.127159 0.113492 0.121421 0.149937 0.112445 0.069203 0.037015 0.133648 0.119491 0.132091 0.055321 0.102834
 559000.026551 8.636969 0.086393 0.108710 0.107836 0.135119 0.143844 0.134757 0.075684 0.097439 0.128720 0.132849 0.128599 0.118286 0.117774 0.101118 0.111418 0.128057 0.090359 0.112378 0.129423 0.095623 0.117455 0.028995 0.020884 0.053093 0.049178 0.078682 0.023365 0.078477 0.084886 0.040603 0.046659 0.094918 0.113084 0.101301 0.144604 0.138642 0.116432 0.071953 0.041220 0.077697 0.090320 0.069400 0.118217 0.117824 0.122098 0.118990 0.102789 0.117109 0.146693 0.112602 0.073567 0.026126 0.130670 0.116375 0.122954 0.044976 0.113286
 560000.026599 11.619532 0.096660 0.116907 0.114781 0.138714 0.144769 0.140705 0.082329 0.101704 0.135442 0.131602 0.132433 0.113515 0.115083 0.098000 0.121237 0.133247 0.089340 0.121204 0.128696 0.100949 0.116967 0.016396 0.033658 0.061961 0.037895 0.068756 0.027101 0.067988 0.072053 0.037357 0.037654 0.101993 0.114836 0.100496 0.136126 0.133983 0.114876 0.065767 0.051453 0.086418 0.085443 0.056639 0.117375 0.117005 0.118546 0.122421 0.105046 0.121480 0.140745 0.104734 0.064300 0.025065 0.123880 0.114278 0.119782 0.046376 0.109476
 561000.026646 7.444932 0.091286 0.115000 0.111283 0.135855 0.137499 0.137867 0.076228 0.095987 0.133205 0.123344 0.131676 0.102089 0.102249 0.086470 0.117642 0.131678 0.081089 0.115921 0.117310 0.096359 0.106056 0.024086 0.034611 0.071420 0.048014 0.082953 0.021693 0.080022 0.079771 0.053137 0.030255 0.107224 0.118459 0.112797 0.140598 0.140964 0.121886 0.081351 0.056682 0.093040 0.098872 0.062452 0.115909 0.126735 0.121312 0.126244 0.114050 0.120829 0.144210 0.103590 0.059849 0.037195 0.126392 0.114771 0.129642 0.056232 0.099422
 562000.026694 2.962216 0.077234 0.100595 0.098286 0.128059 0.136644 0.127216 0.065183 0.088006 0.119914 0.126189 0.120207 0.110962 0.111380 0.092703 0.102470 0.119598 0.079965 0.103845 0.122950 0.085122 0.113934 0.036664 0.024845 0.058066 0.057705 0.084671 0.013684 0.084500 0.092183 0.048192 0.051233 0.095057 0.114071 0.103681 0.147224 0.139696 0.118247 0.076879 0.040234 0.077872 0.093231 0.077590 0.120495 0.119675 0.124764 0.120759 0.104766 0.116686 0.148804 0.117747 0.078658 0.027461 0.135060 0.117221 0.124976 0.050510 0.106060
 563000.026741 6.883004 0.082410 0.107972 0.104457 0.132001 0.136074 0.132026 0.070251 0.091628 0.126417 0.124596 0.125464 0.106552 0.105778 0.089486 0.109069 0.126386 0.080717 0.107818 0.118144 0.089736 0.108130 0.029907 0.023438 0.063356 0.056438 0.085787 0.020858 0.086471 0.088657 0.051157 0.039645 0.100719 0.115655 0.109084 0.145662 0.140913 0.120585 0.083334 0.046586 0.085237 0.097633 0.070792 0.116496 0.123201 0.122358 0.121646 0.109654 0.117773 0.147048 0.111078 0.071459 0.032601 0.131321 0.116226 0.128413 0.048685 0.102031
 564000.026789 12.675402 0.093218 0.116208 0.113410 0.136744 0.139255 0.138328 0.080261 0.099556 0.134267 0.126588 0.131923 0.108073 0.107590 0.092916 0.118944 0.133194 0.087204 0.117313 0.120240 0.099492 0.108921 0.019264 0.028715 0.064107 0.047125 0.077603 0.028305 0.078256 0.078250 0.045745 0.031243 0.102978 0.114470 0.106326 0.138677 0.136224 0.117248 0.078187 0.052208 0.088559 0.093050 0.059347 0.113171 0.120391 0.117437 0.120745 0.108371 0.118493 0.141178 0.103258 0.063720 0.032982 0.124139 0.113478 0.124430 0.045314 0.104003
 565000.026836 1.399312 0.080228 0.101829 0.097427 0.126938 0.133843 0.127035 0.063318 0.085841 0.121105 0.121538 0.120024 0.102330 0.104867 0.083774 0.104933 0.118922 0.071235 0.105656 0.119070 0.084749 0.110075 0.041670 0.041086 0.071737 0.057299 0.088370 0.009405 0.084805 0.089910 0.058304 0.049279 0.103780 0.119175 0.111651 0.146205 0.142754 0.123333 0.080856 0.054513 0.089943 0.099236 0.077072 0.122844 0.126784 0.127242 0.128688 0.113107 0.120945 0.149456 0.114227 0.072738 0.037146 0.134654 0.116768 0.129193 0.064384 0.100911
 566000.026884 7.088304 0.084770 0.108593 0.105445 0.130868 0.134445 0.132283 0.070119 0.092904 0.127858 0.122072 0.127258 0.103458 0.102723 0.086209 0.111724 0.125942 0.078085 0.111306 0.116777 0.090167 0.105867 0.032470 0.033739 0.071145 0.057427 0.087927 0.021167 0.086282 0.088121 0.056666 0.038634 0.104793 0.117766 0.113489 0.144955 0.142832 0.123170 0.084698 0.052539 0.091059 0.101275 0.071853 0.117880 0.127232 0.123325 0.125549 0.113671 0.120019 0.148396 0.110080 0.069194 0.033614 0.131714 0.115385 0.129955 0.056381 0.101454
 567000.026931 9.032947 0.090387 0.113042 0.110819 0.135169 0.139884 0.136717 0.077338 0.097080 0.131571 0.126546 0.130447 0.109120 0.108538 0.093466 0.115809 0.130267 0.086382 0.114947 0.121607 0.097762 0.109814 0.023416 0.027519 0.062035 0.045888 0.079538 0.023895 0.078611 0.080841 0.045354 0.035907 0.100909 0.114502 0.105599 0.140465 0.137421 0.116843 0.076250 0.050684 0.085356 0.093096 0.062826 0.114506 0.120594 0.119473 0.121246 0.107179 0.117493 0.142835 0.105452 0.064481 0.034187 0.126047 0.113985 0.124648 0.049017 0.104693
 568000.026979 2.674036 0.069864 0.094070 0.091143 0.122133 0.130859 0.120771 0.056520 0.081530 0.114200 0.120730 0.114903 0.106070 0.105891 0.086649 0.096066 0.113535 0.072812 0.097309 0.117420 0.078410 0.108380 0.043529 0.029035 0.062236 0.063845 0.091163 0.013001 0.091544 0.097632 0.055568 0.052412 0.095762 0.114591 0.107633 0.148828 0.141140 0.120345 0.083893 0.042300 0.080385 0.098510 0.082532 0.120088 0.122428 0.125809 0.121418 0.107470 0.115617 0.149605 0.118843 0.080808 0.033075 0.136857 0.116718 0.126927 0.056071 0.102183
 569000.027026 2.404955 0.081807 0.105050 0.102487 0.131297 0.139242 0.131108 0.069120 0.091810 0.124334 0.128092 0.124011 0.111775 0.112419 0.093899 0.107256 0.123180 0.081540 0.108450 0.125110 0.088607 0.115345 0.032418 0.027151 0.061086 0.054067 0.083325 0.012329 0.081684 0.088485 0.047960 0.047897 0.098508 0.116203 0.106006 0.147038 0.141342 0.119980 0.075603 0.043930 0.081620 0.094305 0.074309 0.121391 0.122013 0.125406 0.123492 0.107469 0.119130 0.149821 0.115769 0.074934 0.025595 0.134575 0.117655 0.126554 0.051436 0.107763
 570000.027074 6.938185 0.080706 0.101682 0.100919 0.128216 0.138320 0.127658 0.069622 0.092631 0.121672 0.128720 0.121001 0.116812 0.116462 0.098838 0.105029 0.120731 0.085588 0.107223 0.126910 0.088879 0.116121 0.033038 0.021285 0.050775 0.053777 0.078099 0.020942 0.080330 0.088231 0.039399 0.050326 0.090549 0.109415 0.096874 0.143020 0.134385 0.112773 0.071146 0.035407 0.073662 0.087231 0.073264 0.117001 0.113175 0.119649 0.115314 0.098703 0.114238 0.144846 0.114762 0.079025 0.018469 0.130796 0.113730 0.118322 0.041397 0.111848
 571000.027121 2.591423 0.082770 0.104113 0.101427 0.131285 0.141237 0.131184 0.067983 0.091143 0.124057 0.129748 0.123410 0.112770 0.114977 0.094082 0.107726 0.121770 0.079932 0.109770 0.128766 0.088078 0.118627 0.036201 0.035358 0.063874 0.051918 0.081541 0.012798 0.078095 0.086567 0.048684 0.051270 0.100484 0.118592 0.105926 0.146918 0.142053 0.121334 0.071577 0.047096 0.083879 0.093056 0.075072 0.125353 0.123179 0.128062 0.127044 0.108660 0.122393 0.150904 0.117225 0.075525 0.025356 0.135847 0.119312 0.126006 0.057164 0.109725
 572000.027169 8.679560 0.088533 0.114071 0.110400 0.136656 0.139203 0.137742 0.076093 0.096034 0.131768 0.126361 0.131007 0.106893 0.105880 0.090860 0.115035 0.131429 0.084059 0.113157 0.119658 0.095230 0.109098 0.026733 0.027677 0.067281 0.052847 0.085741 0.023423 0.084239 0.085687 0.052551 0.037193 0.104931 0.118585 0.112415 0.145534 0.143188 0.122740 0.083147 0.052552 0.089280 0.099586 0.067934 0.117452 0.126470 0.123688 0.125018 0.113033 0.120343 0.147956 0.109043 0.066416 0.036769 0.130807 0.117456 0.131293 0.052523 0.102258
 573000.027216 7.566125 0.093285 0.115461 0.112749 0.138434 0.143442 0.140047 0.078750 0.098760 0.134333 0.129876 0.132830 0.109886 0.110999 0.093768 0.118954 0.132405 0.086312 0.118367 0.125527 0.098676 0.114027 0.020068 0.032551 0.065358 0.041889 0.075877 0.021869 0.072214 0.075999 0.044924 0.036866 0.104597 0.118132 0.107116 0.140394 0.139783 0.120047 0.071740 0.052992 0.088902 0.092092 0.061196 0.119398 0.123249 0.122636 0.125976 0.109956 0.122534 0.144932 0.106731 0.062717 0.030188 0.127437 0.116720 0.126127 0.052353 0.106313
 574000.027264 3.309619 0.084626 0.108018 0.104733 0.133599 0.140878 0.133494 0.071694 0.093322 0.126882 0.129537 0.125872 0.112100 0.113047 0.094334 0.109848 0.125742 0.082577 0.110095 0.125973 0.091094 0.116073 0.030168 0.027967 0.061629 0.050894 0.081500 0.014464 0.079368 0.085533 0.047195 0.046636 0.100309 0.117137 0.106496 0.146256 0.141539 0.120591 0.074549 0.046993 0.084095 0.093689 0.071415 0.121675 0.122602 0.125525 0.124708 0.108391 0.120533 0.149240 0.114077 0.072151 0.028105 0.133442 0.117902 0.127017 0.051970 0.107966
 575000.027311 4.052749 0.083686 0.106968 0.104434 0.132675 0.140589 0.132895 0.070213 0.092840 0.126751 0.128715 0.125826 0.111887 0.112241 0.093792 0.109821 0.125213 0.082455 0.110343 0.125306 0.091036 0.114154 0.029285 0.026543 0.060654 0.051094 0.081554 0.016005 0.080770 0.086144 0.045893 0.043268 0.100067 0.116953 0.106103 0.146134 0.140913 0.120062 0.075688 0.045146 0.083369 0.093899 0.070839 0.120414 0.122289 0.124675 0.123612 0.108215 0.120040 0.148777 0.113536 0.072793 0.026391 0.133138 0.117897 0.126140 0.049373 0.107788
 576000.027359 3.402135 0.085794 0.106957 0.104760 0.132428 0.140618 0.132853 0.071461 0.093358 0.126362 0.128710 0.125176 0.111702 0.113377 0.094195 0.110387 0.124907 0.082465 0.111670 0.126352 0.091357 0.116145 0.029433 0.030360 0.060602 0.048784 0.077598 0.014664 0.076346 0.083402 0.043454 0.046284 0.098474 0.115201 0.102429 0.143045 0.138143 0.117544 0.070382 0.045434 0.082045 0.089630 0.069473 0.120815 0.119227 0.123374 0.123066 0.105381 0.119884 0.146585 0.113012 0.072508 0.024095 0.131292 0.116325 0.122948 0.050946 0.107849
 577000.027406 9.201064 0.083100 0.104096 0.103325 0.130438 0.140027 0.129650 0.072742 0.094309 0.123760 0.130280 0.122781 0.117732 0.117619 0.100368 0.107077 0.123481 0.088275 0.108525 0.127611 0.092099 0.116712 0.031433 0.019042 0.047780 0.051769 0.075821 0.024116 0.078676 0.086190 0.036476 0.049597 0.089763 0.108382 0.094838 0.141604 0.132910 0.111315 0.069860 0.035876 0.072745 0.084955 0.070554 0.115642 0.111354 0.118203 0.113876 0.097056 0.113503 0.142926 0.113027 0.077960 0.021738 0.128756 0.113316 0.117060 0.038522 0.112217
 578000.027454 3.862767 0.076539 0.100331 0.098067 0.127572 0.136107 0.126409 0.065377 0.089112 0.120057 0.126567 0.120348 0.112563 0.112446 0.094196 0.101906 0.119561 0.080714 0.103502 0.123316 0.085003 0.114214 0.037768 0.023477 0.057479 0.059601 0.086075 0.015626 0.086254 0.093553 0.049302 0.052376 0.094147 0.113050 0.104192 0.147860 0.140006 0.118348 0.078213 0.039356 0.078026 0.094366 0.078905 0.120003 0.119832 0.124389 0.120047 0.104531 0.115793 0.149335 0.118138 0.080006 0.026516 0.135476 0.116274 0.124994 0.050015 0.108300
 579000.027501 6.523493 0.094989 0.116090 0.113142 0.138637 0.143949 0.140776 0.078743 0.098913 0.135007 0.129590 0.133014 0.108886 0.110869 0.092591 0.120242 0.132500 0.084581 0.120062 0.126270 0.099054 0.114726 0.022175 0.037802 0.069113 0.040906 0.075869 0.020306 0.071595 0.075377 0.046487 0.037113 0.107026 0.120028 0.108321 0.140220 0.140360 0.121142 0.071235 0.056117 0.091557 0.092775 0.061131 0.121152 0.124634 0.123833 0.128640 0.111956 0.124680 0.145668 0.106810 0.062238 0.031305 0.128089 0.117293 0.126625 0.056157 0.106086
 580000.027549 3.023445 0.076077 0.102099 0.097115 0.128087 0.133452 0.127851 0.061110 0.083837 0.120751 0.121407 0.120225 0.101565 0.102329 0.082678 0.103299 0.120283 0.070991 0.102418 0.116396 0.081605 0.107600 0.039776 0.033043 0.070019 0.061519 0.091294 0.013824 0.090341 0.094151 0.058666 0.046385 0.103858 0.119964 0.113363 0.149460 0.144813 0.125065 0.086154 0.049808 0.088423 0.101519 0.078548 0.122112 0.127902 0.128176 0.127360 0.114148 0.120982 0.151282 0.116483 0.075251 0.036099 0.136976 0.119296 0.131973 0.059625 0.097856
 581000.027596 3.435484 0.087902 0.109489 0.106006 0.133030 0.138053 0.134008 0.072362 0.093382 0.128431 0.125270 0.127509 0.105480 0.107392 0.088570 0.112619 0.126583 0.078926 0.112816 0.121771 0.092152 0.111939 0.032674 0.037635 0.069656 0.050347 0.082450 0.014736 0.078015 0.082772 0.053119 0.044771 0.103619 0.117527 0.109485 0.142375 0.141196 0.121383 0.075828 0.054351 0.089891 0.095753 0.069591 0.120969 0.124994 0.124455 0.127450 0.111038 0.121234 0.146929 0.109925 0.066904 0.033724 0.130369 0.115222 0.127395 0.060727 0.103616
 582000.027644 5.997754 0.085663 0.109377 0.106278 0.134372 0.141123 0.134277 0.073443 0.094451 0.127822 0.129837 0.126177 0.112214 0.113086 0.095015 0.111374 0.126928 0.084060 0.111252 0.125750 0.091747 0.115791 0.026521 0.025892 0.060384 0.050115 0.078627 0.019471 0.078109 0.083297 0.044316 0.043425 0.100110 0.116376 0.104755 0.144455 0.139564 0.119263 0.074112 0.044947 0.083109 0.091751 0.068269 0.119948 0.120544 0.123286 0.122602 0.107375 0.120298 0.147209 0.112504 0.071761 0.024218 0.131422 0.117682 0.125562 0.046167 0.107477
 583000.027691 5.189378 0.076860 0.102460 0.099471 0.129357 0.136126 0.128338 0.065324 0.088460 0.121806 0.125749 0.121906 0.109577 0.108705 0.091108 0.103656 0.122014 0.079839 0.103298 0.120422 0.085606 0.110432 0.035283 0.020802 0.059821 0.059496 0.087376 0.018111 0.088131 0.092806 0.051082 0.046549 0.097548 0.115337 0.107727 0.148569 0.141999 0.120904 0.082501 0.041907 0.081349 0.097328 0.076376 0.118988 0.122507 0.124683 0.121034 0.107947 0.117284 0.149683 0.115975 0.076859 0.030427 0.134985 0.117678 0.127924 0.049190 0.104714
 584000.027739 2.968175 0.078176 0.102671 0.099953 0.128802 0.135592 0.128314 0.065792 0.089213 0.122111 0.124773 0.122254 0.108630 0.108137 0.090415 0.104451 0.121440 0.079014 0.105106 0.120422 0.085934 0.110597 0.035153 0.025110 0.062410 0.058799 0.087605 0.013697 0.087255 0.092306 0.051998 0.046396 0.098428 0.115751 0.108526 0.148205 0.142172 0.121025 0.081758 0.043443 0.082337 0.097863 0.076553 0.119422 0.123334 0.124851 0.122265 0.108811 0.117517 0.150005 0.115668 0.075895 0.028857 0.135014 0.117074 0.128190 0.051571 0.104652
 585000.027786 15.131450 0.091468 0.113700 0.112140 0.138179 0.144982 0.138123 0.080989 0.100950 0.132269 0.134247 0.129888 0.118389 0.118497 0.102442 0.116366 0.132251 0.092760 0.116240 0.130036 0.098539 0.118282 0.022394 0.022317 0.052836 0.046559 0.072071 0.030926 0.074817 0.079210 0.035250 0.042327 0.095848 0.111666 0.097814 0.139719 0.133986 0.113608 0.069892 0.041767 0.078724 0.085720 0.062361 0.115505 0.113714 0.117716 0.116274 0.101042 0.117740 0.141885 0.108523 0.072181 0.021874 0.125886 0.115090 0.119297 0.035958 0.112644
 586000.027834 7.766631 0.076544 0.099262 0.098169 0.124540 0.132634 0.124407 0.064460 0.089502 0.119782 0.122428 0.120110 0.110432 0.108530 0.092371 0.102564 0.118447 0.079953 0.104366 0.119334 0.084970 0.108485 0.039166 0.025901 0.060367 0.062146 0.088331 0.022157 0.090657 0.095314 0.051652 0.048261 0.094521 0.111569 0.105258 0.145927 0.138461 0.117295 0.082886 0.040563 0.079694 0.096976 0.078274 0.116103 0.119526 0.121163 0.117880 0.105031 0.114192 0.147393 0.115220 0.079801 0.027978 0.133340 0.113633 0.123773 0.049266 0.106998
 587000.027881 1.936318 0.083589 0.107555 0.103279 0.133987 0.140761 0.133610 0.069611 0.090749 0.125948 0.128774 0.124752 0.108850 0.110830 0.090845 0.109214 0.125132 0.078932 0.108973 0.125082 0.088639 0.115690 0.032306 0.032286 0.066042 0.051900 0.083091 0.011063 0.079861 0.085666 0.050819 0.046359 0.103376 0.120182 0.109395 0.147252 0.143750 0.123429 0.076286 0.049467 0.086624 0.095797 0.072281 0.123937 0.125375 0.127885 0.127769 0.111736 0.123011 0.150682 0.114758 0.071323 0.030096 0.134779 0.120013 0.129744 0.056044 0.104898
 588000.027929 5.100967 0.076083 0.101006 0.098069 0.128818 0.136805 0.127462 0.065008 0.086746 0.119631 0.126233 0.119625 0.110466 0.110283 0.092296 0.101725 0.120335 0.080247 0.101659 0.121820 0.085008 0.112326 0.036585 0.021109 0.056105 0.057549 0.085253 0.017956 0.086304 0.092424 0.047834 0.049454 0.094964 0.114114 0.103826 0.147373 0.139533 0.118141 0.079126 0.040023 0.077273 0.093747 0.076341 0.118835 0.119315 0.124194 0.119325 0.104812 0.115956 0.147742 0.116353 0.077825 0.031442 0.134014 0.117704 0.125510 0.048456 0.104289
 589000.027976 9.385470 0.081132 0.103043 0.102575 0.130317 0.140097 0.129288 0.071878 0.094030 0.122594 0.130684 0.122604 0.118978 0.118175 0.101627 0.105223 0.122868 0.088827 0.107151 0.128066 0.090421 0.117362 0.033921 0.016056 0.047560 0.054992 0.079312 0.024357 0.081860 0.089892 0.038928 0.052234 0.088482 0.108309 0.095969 0.143889 0.134763 0.112094 0.071792 0.033237 0.070632 0.087219 0.074140 0.116230 0.112300 0.119502 0.113658 0.097058 0.112878 0.145008 0.115284 0.080081 0.022115 0.130793 0.114043 0.118737 0.040247 0.113078
 590000.028023 2.118798 0.081405 0.105511 0.101307 0.130858 0.136516 0.130855 0.066632 0.088610 0.124350 0.124602 0.123429 0.104931 0.106229 0.086628 0.107590 0.123307 0.075873 0.107114 0.120053 0.086679 0.110722 0.033347 0.031587 0.066998 0.054807 0.084804 0.011573 0.082676 0.087317 0.052977 0.044455 0.102794 0.118429 0.110063 0.146249 0.142634 0.122819 0.079453 0.049485 0.087679 0.096906 0.073061 0.121540 0.125377 0.126076 0.126408 0.111570 0.121088 0.149247 0.113591 0.071274 0.031166 0.133785 0.117778 0.129021 0.056331 0.101596
 591000.028071 4.956723 0.088794 0.109877 0.108044 0.133649 0.140684 0.134844 0.074870 0.096220 0.129186 0.128222 0.127867 0.111583 0.112194 0.094887 0.113662 0.127346 0.084776 0.114544 0.125495 0.094660 0.114021 0.024196 0.028762 0.060445 0.045110 0.076289 0.017701 0.075020 0.080347 0.041919 0.040976 0.098686 0.113858 0.102398 0.140422 0.136581 0.115955 0.070424 0.046624 0.082799 0.089590 0.065034 0.117471 0.118551 0.120422 0.121467 0.104929 0.118486 0.144039 0.108589 0.068193 0.024056 0.127777 0.114058 0.121911 0.048650 0.107843
 592000.028118 6.116141 0.073795 0.096416 0.095584 0.126063 0.137954 0.124240 0.064344 0.088927 0.116436 0.129407 0.117490 0.118702 0.118655 0.099984 0.098281 0.116064 0.083667 0.101961 0.128638 0.082747 0.119748 0.042626 0.024720 0.052643 0.062263 0.085743 0.019662 0.086574 0.097027 0.046748 0.059630 0.089858 0.112030 0.100043 0.149410 0.139103 0.116453 0.074839 0.032408 0.070998 0.091968 0.083781 0.122276 0.116614 0.125597 0.118033 0.100833 0.115129 0.150769 0.123330 0.086811 0.022004 0.138239 0.117957 0.122702 0.048412 0.113462
 593000.028166 5.536524 0.090631 0.112274 0.108761 0.132300 0.134765 0.134955 0.073445 0.094252 0.131579 0.119897 0.130604 0.098753 0.099556 0.082491 0.116371 0.128210 0.076822 0.115822 0.115453 0.095049 0.103780 0.032099 0.042293 0.076737 0.050373 0.086823 0.018707 0.081463 0.081717 0.059113 0.034378 0.108788 0.119111 0.115888 0.140442 0.142355 0.123252 0.082929 0.061214 0.096511 0.102110 0.066536 0.116961 0.129754 0.122383 0.129134 0.116307 0.120805 0.145308 0.103581 0.059165 0.040504 0.127114 0.112989 0.130583 0.064787 0.098787
 594000.028213 2.090077 0.079094 0.102622 0.099714 0.128757 0.136024 0.128591 0.065342 0.088162 0.122089 0.124677 0.121868 0.107708 0.108154 0.089324 0.105030 0.121180 0.077861 0.105453 0.120781 0.086191 0.111001 0.033622 0.026680 0.061555 0.055287 0.084209 0.011494 0.083480 0.089393 0.049429 0.046239 0.098275 0.115431 0.106192 0.146071 0.140387 0.119699 0.077911 0.044284 0.082407 0.094581 0.074321 0.119921 0.121871 0.124504 0.122682 0.107402 0.118111 0.148272 0.114755 0.074378 0.028610 0.133635 0.116647 0.126008 0.052287 0.103578
 595000.028261 4.193613 0.086001 0.109250 0.104971 0.131546 0.135768 0.133574 0.068688 0.090190 0.128182 0.121442 0.126880 0.100395 0.101345 0.082650 0.112477 0.125703 0.074395 0.111584 0.116953 0.090493 0.106159 0.033047 0.038216 0.073678 0.052938 0.087135 0.016281 0.084134 0.086207 0.056786 0.037699 0.108003 0.120831 0.114351 0.144874 0.143502 0.124249 0.082946 0.056962 0.093772 0.100715 0.070370 0.120158 0.129117 0.125687 0.129504 0.115884 0.122577 0.148474 0.109560 0.066055 0.037950 0.132046 0.116991 0.131054 0.061387 0.098135
 596000.028308 6.030266 0.080402 0.103658 0.101868 0.129584 0.136544 0.128684 0.070101 0.092028 0.122703 0.126681 0.122621 0.112158 0.111555 0.095014 0.105437 0.122818 0.084039 0.106128 0.122321 0.088680 0.112573 0.032134 0.019608 0.055346 0.055974 0.082068 0.019524 0.082927 0.088673 0.045622 0.047534 0.093118 0.110654 0.101941 0.143940 0.137171 0.115649 0.076665 0.039122 0.077038 0.091930 0.072894 0.116056 0.116859 0.120203 0.116743 0.102303 0.114115 0.145478 0.113068 0.075526 0.025777 0.130492 0.113968 0.122817 0.044865 0.107416
 597000.028356 13.342258 0.095739 0.116758 0.114747 0.137464 0.141869 0.139651 0.081638 0.101396 0.135539 0.128557 0.132778 0.110434 0.110731 0.095210 0.121229 0.133301 0.088496 0.120699 0.124361 0.101081 0.111814 0.017511 0.033347 0.064297 0.041880 0.073240 0.029041 0.072942 0.074082 0.042308 0.031422 0.103194 0.114755 0.103930 0.136177 0.134516 0.115824 0.072615 0.052721 0.088310 0.089951 0.056635 0.114319 0.118908 0.116996 0.121397 0.107214 0.119942 0.139944 0.102275 0.062714 0.029130 0.122723 0.113296 0.121607 0.045987 0.107024
 598000.028403 10.490898 0.087007 0.109350 0.107679 0.134038 0.141530 0.134167 0.075643 0.096387 0.128214 0.130345 0.126437 0.115599 0.115262 0.098953 0.111932 0.128016 0.088306 0.111941 0.126505 0.094619 0.115036 0.025475 0.019853 0.053029 0.048703 0.075722 0.025751 0.078649 0.083312 0.037568 0.042888 0.094735 0.111125 0.098364 0.141090 0.134408 0.113435 0.072045 0.040935 0.077884 0.087257 0.065626 0.115160 0.114273 0.118384 0.116519 0.100989 0.116218 0.142793 0.109796 0.073078 0.024545 0.127487 0.114221 0.119715 0.039286 0.109929
 599000.028451 4.718918 0.078469 0.099907 0.099067 0.126083 0.135170 0.125416 0.067495 0.090879 0.120060 0.125375 0.120072 0.113454 0.112830 0.095865 0.102837 0.119148 0.083113 0.105295 0.122998 0.087529 0.112965 0.035854 0.022488 0.053655 0.057257 0.082825 0.017271 0.084398 0.091420 0.044757 0.050316 0.090656 0.109079 0.099557 0.143794 0.135334 0.113509 0.075660 0.037023 0.074516 0.090949 0.075794 0.115894 0.115000 0.119696 0.115646 0.100162 0.112387 0.145167 0.114629 0.079114 0.024133 0.131278 0.112696 0.120225 0.045260 0.109413
 600000.028498 13.579157 0.097073 0.118909 0.116106 0.139845 0.143561 0.141658 0.082852 0.102707 0.137628 0.130422 0.134491 0.110840 0.111857 0.095548 0.122762 0.135482 0.088528 0.122023 0.125834 0.101890 0.113848 0.019590 0.035672 0.067109 0.043198 0.074367 0.029297 0.073304 0.073996 0.045082 0.032878 0.105998 0.117299 0.106802 0.137776 0.137023 0.118859 0.073926 0.054906 0.091326 0.091968 0.057525 0.116730 0.121763 0.119260 0.124316 0.110328 0.122470 0.141903 0.103484 0.063182 0.029783 0.124457 0.115203 0.124326 0.048588 0.108082
