0.000000	66.5004 13.7225
1000.000047	77.8075 16.7623
2000.000095	61.5237 13.5472
3000.000142	54.4345 24.0038
4000.000190	63.4831 14.7599
5000.000237	51.3023 30.1896
6000.000285	54.7919 34.2925
7000.000332	72.7795 13.6105
8000.000380	53.5286 32.5464
9000.000427	71.4808 15.6154
10000.000475	51.6568 13.949
11000.000522	71.4377 20.5761
12000.000570	67.9967 19.0572
13000.000617	61.5429 11.0752
14000.000665	57.6247 17.3589
15000.000712	65.933 18.6578
16000.000760	69.1077 29.0668
17000.000807	69.2432 23.8524
18000.000855	62.1421 21.0376
19000.000902	64.4741 25.5253
20000.000950	62.466 15.8068
21000.000997	55.0054 21.5409
22000.001045	69.0099 5.73701
23000.001092	58.2456 14.8525
24000.001140	71.3154 11.3398
25000.001187	61.1997 34.881
26000.001235	62.1849 18.3536
27000.001282	62.8035 16.1599
28000.001330	57.1945 16.5663
29000.001377	58.2078 21.2788
30000.001425	72.6954 17.3884
31000.001472	64.4968 18.548
32000.001520	70.6273 19.945
33000.001567	70.0741 15.7427
34000.001615	54.0526 28.1784
35000.001662	66.0818 17.4367
36000.001710	58.2822 17.8095
37000.001757	66.1524 16.5331
38000.001805	55.2301 11.6969
39000.001852	68.8119 6.23308
40000.001900	54.6375 10.6751
41000.001947	67.6293 2.87766
42000.001995	70.2427 22.496
43000.002042	62.1736 17.2391
44000.002090	57.0453 24.8193
45000.002137	52.2548 33.6759
46000.002185	61.1776 6.01164
47000.002232	63.1286 30.3479
48000.002280	65.7705 22.0551
49000.002327	60.8192 16.3739
50000.002375	69.1176 26.3653
51000.002422	67.6736 20.3211
52000.002470	63.3069 18.0226
53000.002517	50.2091 19.0265
54000.002565	59.5563 19.5266
55000.002612	71.5399 22.9929
56000.002660	61.0098 25.9253
57000.002707	56.6305 20.2528
58000.002755	51.4358 15.5285
59000.002802	54.2454 33.2726
60000.002850	62.1102 22.1737
61000.002897	63.6008 16.1692
62000.002945	61.827 21.3257
63000.002992	67.9065 10.9883
64000.003040	65.2322 9.15268
65000.003087	54.7458 32.3743
66000.003135	58.8769 20.4164
67000.003182	38.986 21.6204
68000.003230	62.4708 6.84652
69000.003277	54.6852 3.84593
70000.003325	62.3768 13.435
71000.003372	54.4799 17.5017
72000.003420	56.4278 18.5051
73000.003467	72.2621 0.872941
74000.003515	45.8672 37.6138
75000.003562	53.4219 20.8065
76000.003610	71.6339 16.9532
77000.003657	68.1478 19.6718
78000.003705	69.5542 17.8439
79000.003752	63.3193 5.91734
80000.003800	61.9626 16.5924
81000.003847	53.3033 17.0724
82000.003895	70.5819 12.7187
83000.003942	64.4006 25.0453
84000.003990	52.8372 27.911
85000.004037	62.2448 24.6527
86000.004085	54.6612 17.1354
87000.004132	66.3277 1.267
88000.004180	59.6595 16.3689
89000.004227	63.6643 16.4167
90000.004275	50.7315 24.1305
91000.004322	55.7512 21.7969
92000.004370	65.0826 18.9485
93000.004417	68.0309 11.9383
94000.004465	65.6352 14.1952
95000.004512	61.359 17.8251
96000.004560	59.8884 18.9213
97000.004607	54.3441 16.3901
98000.004655	53.7234 31.2072
99000.004702	64.6376 15.423
100000.004750	67.7623 21.3523
101000.004797	71.9845 12.4865
102000.004845	59.1398 15.1771
103000.004892	54.8275 12.7416
104000.004940	63.9138 37.0977
105000.004987	62.3658 32.7265
106000.005035	61.6994 9.00453
107000.005082	73.0053 8.75204
108000.005130	56.8504 21.9912
109000.005177	58.9549 26.9587
110000.005225	60.2435 39.5281
111000.005272	68.1618 22.2244
112000.005320	56.0149 12.4661
113000.005367	64.7974 17.5
114000.005415	64.3485 8.36757
115000.005462	60.2703 11.6963
116000.005510	51.6032 28.7704
117000.005557	65.8069 13.3375
118000.005605	56.5773 26.3658
119000.005652	62.0793 16.6575
120000.005700	52.1693 31.6804
121000.005747	76.2706 13.4204
122000.005795	54.3239 22.9626
123000.005842	59.1157 16.5668
124000.005890	73.7521 14.351
125000.005937	60.8658 13.5777
126000.005985	58.8344 25.7482
127000.006032	52.1648 31.703
128000.006080	67.8948 12.9192
129000.006127	55.6011 21.9336
130000.006175	62.0572 23.9632
131000.006222	57.0972 22.7489
132000.006270	52.5214 26.1271
133000.006317	58.2237 18.8354
134000.006365	64.7465 1.64384
135000.006412	67.3978 22.3922
136000.006460	69.4902 13.7336
137000.006507	52.2683 21.2368
138000.006555	67.6925 24.7292
139000.006602	66.8078 21.7117
140000.006650	48.7728 21.6801
141000.006697	67.0556 17.7042
142000.006745	62.8925 11.0545
143000.006792	63.5792 20.8658
144000.006840	62.2083 13.252
145000.006887	54.0897 20.1792
146000.006935	55.6886 19.3123
147000.006982	63.4741 19.7804
148000.007030	56.4573 30.8613
149000.007077	66.5842 -0.621974
150000.007125	66.476 9.7702
151000.007172	59.5516 18.9535
152000.007220	64.2898 16.0915
153000.007267	62.9453 21.005
154000.007315	63.868 14.4312
155000.007362	66.49 20.7798
156000.007410	61.584 21.9162
157000.007457	69.0961 18.559
158000.007505	66.4266 18.9536
159000.007552	60.6768 14.4253
160000.007600	57.3963 14.6578
161000.007647	58.3436 24.5651
162000.007695	66.0494 13.4382
163000.007742	62.8107 25.9745
164000.007790	58.7505 25.8446
165000.007837	64.2156 17.7054
166000.007885	53.8486 11.0428
167000.007932	69.6225 15.851
168000.007980	50.9705 28.9815
169000.008027	59.8665 9.52571
170000.008075	52.8936 24.4255
171000.008122	63.9991 17.5509
172000.008170	67.5828 20.5749
173000.008217	70.2106 15.2046
174000.008265	52.5908 21.1843
175000.008312	70.1331 2.50292
176000.008360	60.2578 5.71127
177000.008407	65.718 17.3552
178000.008455	46.8125 12.9166
179000.008502	60.1592 27.0384
180000.008550	62.0497 11.7821
181000.008597	67.8099 22.7264
182000.008645	69.765 28.0693
183000.008692	60.8688 19.4076
184000.008740	60.188 21.7539
185000.008787	51.6035 20.7748
186000.008835	53.694 28.1693
187000.008882	58.7385 25.4476
188000.008930	61.6879 20.0589
189000.008977	59.91 19.6579
190000.009025	60.3557 9.31119
191000.009072	48.7 35.6986
192000.009120	56.2839 8.52425
193000.009167	58.7424 18.3413
194000.009215	66.4839 4.35995
195000.009262	51.6497 25.4304
196000.009310	64.8115 23.8014
197000.009357	63.8343 5.03116
198000.009404	63.2122 16.7141
199000.009452	53.1337 25.8627
200000.009499	59.1324 20.4372
201000.009547	60.5359 17.4241
202000.009594	60.4255 12.6832
203000.009642	59.6139 17.0877
204000.009689	68.6849 23.0969
205000.009737	57.7977 21.3795
206000.009784	53.982 24.211
207000.009832	60.4513 14.1823
208000.009879	58.31 13.8282
209000.009927	73.0094 10.8964
210000.009974	72.3045 7.14837
211000.010022	47.8131 17.6167
212000.010069	67.1908 17.0151
213000.010117	47.6367 17.386
214000.010164	59.9987 22.3739
215000.010212	71.6189 5.82399
216000.010259	55.357 25.2759
217000.010307	72.5539 9.6864
218000.010354	55.5693 19.5261
219000.010402	60.7515 23.0655
220000.010449	63.0096 20.4713
221000.010497	64.4177 17.814
222000.010544	67.0311 17.6255
223000.010592	52.8712 24.2282
224000.010639	62.029 6.19918
225000.010687	63.9644 26.0968
226000.010734	64.7568 13.0511
227000.010782	60.6974 16.1596
228000.010829	65.9109 4.4974
229000.010877	56.2221 15.2548
230000.010924	54.3681 15.1867
231000.010972	59.153 23.762
232000.011019	61.5485 24.0209
233000.011067	67.3058 17.3942
234000.011114	54.9296 33.1732
235000.011162	60.135 15.5012
236000.011209	63.2508 17.9711
237000.011257	61.6816 20.0553
238000.011304	51.5418 24.2133
239000.011352	58.4726 32.7129
240000.011399	65.4474 18.3524
241000.011447	62.7714 24.2508
242000.011494	56.4965 24.0125
243000.011542	66.9138 27.7314
244000.011589	55.7703 34.6311
245000.011637	73.9171 11.0608
246000.011684	56.3587 22.7096
247000.011732	64.2743 7.23379
248000.011779	66.943 13.3652
249000.011827	61.5952 21.0601
250000.011874	70.7973 15.9154
251000.011922	54.18 19.1525
252000.011969	49.7292 25.776
253000.012017	69.3684 18.5523
254000.012064	66.6855 18.2899
255000.012112	67.1882 10.824
256000.012159	54.7116 18.7253
257000.012207	67.063 13.7084
258000.012254	57.9823 25.1503
259000.012302	68.7195 17.7409
260000.012349	62.0614 12.501
261000.012397	72.9418 14.1064
262000.012444	65.1676 16.8163
263000.012492	65.762 18.5526
264000.012539	74.1313 -2.0719
265000.012587	46.9002 25.0285
266000.012634	70.6092 22.1279
267000.012682	66.4946 25.1605
268000.012729	59.795 15.8792
269000.012777	55.753 25.4787
270000.012824	60.7691 12.4925
271000.012872	57.5931 16.4257
272000.012919	57.0232 34.577
273000.012967	63.5274 18.6802
274000.013014	68.6441 12.2293
275000.013062	58.1876 17.2888
276000.013109	65.6796 26.6789
277000.013157	59.0415 17.0172
278000.013204	41.3751 26.0849
279000.013252	61.9691 11.8095
280000.013299	53.7734 28.196
281000.013347	64.382 20.2913
282000.013394	64.0298 15.7808
283000.013442	63.5487 16.3227
284000.013489	68.7002 13.7586
285000.013537	56.269 24.2003
286000.013584	62.5823 26.1569
287000.013632	57.5739 14.4461
288000.013679	62.5772 10.8059
289000.013727	65.1094 16.3369
290000.013774	62.3229 13.0235
291000.013822	60.1802 17.3476
292000.013869	63.2372 17.2823
293000.013917	56.8164 15.9411
294000.013964	62.3765 15.2082
295000.014012	57.8942 14.871
296000.014059	70.4912 21.4515
297000.014107	50.6821 29.3637
298000.014154	63.1217 16.7256
299000.014202	72.3054 22.7591
300000.014249	64.5997 17.0845
301000.014297	61.3217 10.623
302000.014344	64.2106 16.3623
303000.014392	52.618 31.1114
304000.014439	60.8028 15.2455
305000.014487	72.9625 2.19095
306000.014534	64.4148 25.2965
307000.014582	54.2691 27.0631
308000.014629	68.0737 12.5541
309000.014677	73.3454 9.25391
310000.014724	64.3078 22.4235
311000.014772	59.7214 24.0944
312000.014819	49.1367 33.5538
313000.014867	66.2942 14.0289
314000.014914	55.0939 27.4256
315000.014962	54.2843 10.7568
316000.015009	61.8423 11.4555
317000.015057	57.6504 31.9167
318000.015104	66.7346 15.0459
319000.015152	64.6722 6.52456
320000.015199	59.717 10.5597
