0.000000	60.2952 134.409
1000.000047	56.009 128.596
2000.000095	46.9737 140.99
3000.000142	57.6644 138.06
4000.000190	54.9221 134.259
5000.000237	57.0011 139.36
6000.000285	47.1269 146.177
7000.000332	70.393 134.913
8000.000380	63.9545 143.902
9000.000427	68.6689 135.996
10000.000475	62.5744 143.615
11000.000522	64.1877 139.619
12000.000570	50.804 146.62
13000.000617	67.3888 136.379
14000.000665	53.575 132.212
15000.000712	60.5046 148.047
16000.000760	62.6133 134.28
17000.000807	56.7047 157.322
18000.000855	61.027 143.428
19000.000902	62.1884 132.11
20000.000950	72.5007 130.002
21000.000997	59.7104 125.694
22000.001045	69.0585 130.503
23000.001092	70.3687 137.379
24000.001140	62.0828 142.924
25000.001187	57.3438 132.88
26000.001235	62.8933 141.355
27000.001282	63.5169 145.154
28000.001330	64.4872 135.055
29000.001377	57.2829 137.216
30000.001425	66.3791 140.261
31000.001472	57.5615 140.23
32000.001520	69.4082 131.313
33000.001567	57.7392 142.683
34000.001615	60.6504 134.846
35000.001662	57.7496 138.08
36000.001710	57.7805 149.036
37000.001757	53.3931 130.956
38000.001805	54.0269 141.265
39000.001852	56.8598 135.93
40000.001900	70.137 136.39
41000.001947	58.6915 129.967
42000.001995	67.2919 153.559
43000.002042	65.4673 139.458
44000.002090	63.0845 140.997
45000.002137	59.3317 149.804
46000.002185	59.8932 134.512
47000.002232	69.6716 135.053
48000.002280	53.1549 146.62
49000.002327	59.6985 148.944
50000.002375	65.54 138.65
51000.002422	65.5043 143.484
52000.002470	62.4572 141.059
53000.002517	58.5735 147.956
54000.002565	67.476 142.933
55000.002612	60.4202 148.746
56000.002660	69.2063 135.109
57000.002707	64.9633 141.396
58000.002755	77.4559 131.438
59000.002802	64.2699 143.122
60000.002850	53.4599 140.95
61000.002897	53.4749 139.431
62000.002945	60.1317 137.002
63000.002992	64.9191 143.611
64000.003040	63.1391 149.927
65000.003087	49.1159 134.254
66000.003135	62.7896 143.549
67000.003182	60.963 132.768
68000.003230	62.8499 130.313
69000.003277	61.6153 131.794
70000.003325	59.2878 154.151
71000.003372	66.5771 138.081
72000.003420	59.8193 137.917
73000.003467	58.5445 135.044
74000.003515	60.0547 136.166
75000.003562	70.2264 133.094
76000.003610	55.4375 140.011
77000.003657	66.5357 131.359
78000.003705	48.9167 149.993
79000.003752	58.1846 129.173
80000.003800	61.4551 141.63
81000.003847	67.2455 133.777
82000.003895	54.4785 138.411
83000.003942	64.5213 137.316
84000.003990	60.816 138.862
85000.004037	57.0251 140.108
86000.004085	62.4585 135.999
87000.004132	65.5448 140.43
88000.004180	61.2095 152.594
89000.004227	76.6888 134.323
90000.004275	51.9972 146.115
91000.004322	65.0006 145.719
92000.004370	74.3434 138.51
93000.004417	68.0323 141.754
94000.004465	61.8483 135.444
95000.004512	67.0703 141.761
96000.004560	60.286 138.096
97000.004607	57.1787 130.656
98000.004655	61.3799 145.8
99000.004702	55.1872 134.762
100000.004750	55.6602 133.511
101000.004797	75.1331 134.668
102000.004845	62.6251 144.396
103000.004892	58.8306 140.105
104000.004940	65.6896 131.179
105000.004987	71.3328 137.326
106000.005035	60.0825 137.834
107000.005082	58.8589 147.921
108000.005130	65.6278 143.662
109000.005177	63.709 141.358
110000.005225	50.9317 129.937
111000.005272	56.2752 140.589
112000.005320	61.205 133.125
113000.005367	62.8041 136.838
114000.005415	70.5656 135.403
115000.005462	69.0282 142.65
116000.005510	55.664 137.535
117000.005557	69.099 131.178
118000.005605	48.2472 143.187
119000.005652	59.2071 132.676
120000.005700	67.4477 126.467
121000.005747	65.6015 130.285
122000.005795	63.7593 141.783
123000.005842	56.4117 146.348
124000.005890	57.756 136.003
125000.005937	68.2514 141.905
126000.005985	62.7078 144.046
127000.006032	61.3514 140.929
128000.006080	56.1832 140.648
129000.006127	57.1435 133.724
130000.006175	64.7872 139.361
131000.006222	68.9585 129.163
132000.006270	73.523 148.028
133000.006317	61.8109 150.969
134000.006365	59.0228 132.494
135000.006412	71.642 135.406
136000.006460	68.0058 133.141
137000.006507	63.374 143.162
138000.006555	49.8157 151.116
139000.006602	50.8316 145.138
140000.006650	64.4835 148.142
141000.006697	65.7184 141.622
142000.006745	62.2808 136.269
143000.006792	61.3837 129.726
144000.006840	58.0984 144.215
145000.006887	61.7749 146.363
146000.006935	48.0272 146.683
147000.006982	69.1868 145.148
148000.007030	64.1328 134.259
149000.007077	57.308 149.393
150000.007125	58.4219 140.671
151000.007172	61.7879 130.514
152000.007220	58.5293 131.323
153000.007267	65.0632 134.562
154000.007315	59.6952 144.032
155000.007362	58.6737 136.947
156000.007410	56.1484 145.12
157000.007457	68.3912 138.473
158000.007505	70.8078 134.365
159000.007552	54.4286 141.267
160000.007600	52.2798 144.761
161000.007647	63.7122 139.544
162000.007695	57.3478 137.23
163000.007742	65.4308 141.094
164000.007790	64.8968 138.284
165000.007837	64.1746 115.738
166000.007885	48.3718 151.576
167000.007932	67.3503 134.097
168000.007980	61.5704 144.102
169000.008027	58.9233 147.762
170000.008075	64.4415 134.829
171000.008122	57.1833 140.094
172000.008170	62.1383 137.37
173000.008217	59.9621 135.693
174000.008265	65.9095 132.283
175000.008312	65.9916 137.909
176000.008360	60.0569 145.823
177000.008407	48.0006 143.981
178000.008455	52.0555 129.246
179000.008502	62.7301 148.075
180000.008550	71.3827 141.63
181000.008597	57.5812 144.308
182000.008645	59.303 150.069
183000.008692	58.099 144.197
184000.008740	52.0495 134.964
185000.008787	57.9681 149.795
186000.008835	58.6643 133.73
187000.008882	57.1122 140.031
188000.008930	57.6661 142.058
189000.008977	65.0449 141.43
190000.009025	65.7753 140.798
191000.009072	72.7733 122.773
192000.009120	58.204 146.951
193000.009167	74.4441 138.895
194000.009215	57.5576 140.081
195000.009262	54.1922 143.246
196000.009310	64.5492 139.72
197000.009357	69.9794 133.735
198000.009404	58.0464 133.124
199000.009452	70.813 147.281
200000.009499	58.219 137.02
201000.009547	68.9497 148.17
202000.009594	63.9366 145.75
203000.009642	65.9447 126.216
204000.009689	62.235 136.149
205000.009737	66.4684 133.266
206000.009784	70.8003 138.656
207000.009832	63.1878 145.513
208000.009879	53.2719 145.621
209000.009927	62.6969 151.537
210000.009974	65.7219 139.713
211000.010022	54.9405 138.857
212000.010069	67.7723 138.674
213000.010117	62.8846 132.133
214000.010164	56.007 139.014
215000.010212	48.7791 148.467
216000.010259	62.1796 140.362
217000.010307	59.3453 140.914
218000.010354	55.863 161.773
219000.010402	66.6441 140.074
220000.010449	55.4449 151.104
