120000.005700	44.8278 59.4718
121000.005747	46.7761 57.8259
122000.005795	49.8912 61.2808
123000.005842	45.8924 61.1945
124000.005890	40.5869 52.259
125000.005937	43.8219 41.5094
126000.005985	38.193 65.949
127000.006032	41.4208 49.7963
128000.006080	27.8637 59.1447
129000.006127	39.0402 61.2514
130000.006175	37.7061 60.674
131000.006222	42.7752 64.6912
132000.006270	31.3924 59.5205
133000.006317	37.3605 52.6078
134000.006365	47.1083 52.9511
135000.006412	39.9423 54.7931
136000.006460	42.2277 61.2191
137000.006507	54.92 31.8969
138000.006555	42.3785 56.2324
139000.006602	32.007 55.7969
140000.006650	36.2757 54.9958
141000.006697	45.6886 46.9738
142000.006745	46.2192 45.7361
143000.006792	51.0938 38.1492
144000.006840	38.0164 58.0614
145000.006887	45.8129 55.9207
146000.006935	34.4168 62.3288
147000.006982	27.2837 63.8151
148000.007030	52.9148 50.1109
149000.007077	20.1478 75.2059
150000.007125	39.7438 50.7745
151000.007172	25.1259 60.8133
152000.007220	37.961 63.5107
153000.007267	29.7402 48.5804
154000.007315	41.825 47.0773
155000.007362	50.2243 56.0336
156000.007410	48.867 47.6425
157000.007457	43.8981 51.6303
158000.007505	59.4397 34.4135
159000.007552	40.6389 52.3514
160000.007600	30.6039 55.3802
161000.007647	42.6785 56.3772
162000.007695	26.2243 54.06
163000.007742	38.5877 55.7571
164000.007790	42.0069 52.8789
165000.007837	29.9178 56.9804
166000.007885	41.2151 57.957
167000.007932	43.1933 52.2468
168000.007980	46.6464 58.5831
169000.008027	40.4293 51.308
170000.008075	34.0346 53.7491
171000.008122	44.8799 47.9081
172000.008170	32.3213 62.7973
173000.008217	44.0425 61.4808
174000.008265	48.9691 41.5476
175000.008312	38.4336 48.0642
176000.008360	33.2107 59.0625
177000.008407	43.4838 46.0226
178000.008455	36.6501 59.7328
179000.008502	49.2077 47.2696
180000.008550	45.0935 48.9816
181000.008597	36.2445 48.6103
182000.008645	30.0962 60.2405
183000.008692	38.1633 63.4682
184000.008740	51.0896 42.6856
185000.008787	25.1661 67.7604
186000.008835	28.2515 61.2749
187000.008882	39.2235 55.3546
188000.008930	49.9087 39.5984
189000.008977	42.4305 54.0577
190000.009025	40.4956 62.2743
191000.009072	37.6315 55.9036
192000.009120	42.4481 63.5382
193000.009167	26.2328 60.549
194000.009215	42.4347 50.7383
195000.009262	54.9153 43.4515
196000.009310	42.3755 55.5198
197000.009357	39.205 53.5017
198000.009404	23.6217 68.6078
199000.009452	28.9401 67.1835
200000.009499	43.7016 53.7241
201000.009547	27.7597 72.2823
202000.009594	27.0149 66.0819
203000.009642	35.1093 65.4465
204000.009689	35.2837 64.5473
205000.009737	30.5888 63.7431
206000.009784	35.7286 63.2982
207000.009832	41.0043 43.0624
208000.009879	34.4214 60.1837
209000.009927	33.05 66.0256
210000.009974	36.7718 57.4342
211000.010022	39.4478 57.6227
212000.010069	42.2689 65.4013
213000.010117	37.2747 53.097
214000.010164	36.2229 57.4246
215000.010212	30.8876 61.2714
216000.010259	33.394 54.3682
217000.010307	36.1425 62.3963
218000.010354	49.7219 60.7928
219000.010402	35.519 63.3607
220000.010449	46.1623 58.259
221000.010497	30.0197 67.401
222000.010544	51.6463 36.18
223000.010592	42.8015 56.9214
224000.010639	45.963 53.1525
225000.010687	42.8424 49.7392
226000.010734	43.7084 53.7157
227000.010782	49.3936 51.6757
228000.010829	52.0681 52.7956
229000.010877	26.3431 62.6362
230000.010924	33.5455 51.3284
231000.010972	41.204 60.1838
232000.011019	41.0849 54.593
233000.011067	37.7244 60.0755
234000.011114	44.7593 59.5283
235000.011162	36.6725 62.7998
236000.011209	33.9463 56.1638
237000.011257	20.5474 54.5764
238000.011304	23.6899 70.2858
239000.011352	44.6112 52.6251
240000.011399	47.7607 63.6391
241000.011447	38.7789 43.3436
242000.011494	40.4734 64.3147
243000.011542	42.5105 51.4531
244000.011589	21.1244 74.8659
245000.011637	48.4419 55.0424
246000.011684	39.3529 55.9216
247000.011732	29.9797 58.4046
248000.011779	43.8351 45.7321
249000.011827	33.9014 63.6552
250000.011874	54.2659 52.5455
251000.011922	15.4031 79.8694
252000.011969	17.4082 68.9959
253000.012017	41.0755 54.7242
254000.012064	45.4815 63.3321
255000.012112	37.845 54.9349
256000.012159	53.1846 40.6798
257000.012207	30.9736 53.8292
258000.012254	42.3749 59.5946
259000.012302	38.4864 58.4566
260000.012349	41.641 39.3552
261000.012397	46.9892 50.6025
262000.012444	37.6774 50.1345
263000.012492	34.1365 49.7393
264000.012539	36.5326 55.7912
265000.012587	31.8456 58.5334
266000.012634	31.8731 58.8075
267000.012682	27.2503 53.9983
268000.012729	43.8687 49.8151
269000.012777	40.196 51.7196
270000.012824	26.1339 49.0904
271000.012872	34.44 57.2207
272000.012919	40.3605 46.1021
273000.012967	33.0291 63.1791
274000.013014	50.4363 44.0727
275000.013062	38.3558 54.921
276000.013109	45.8675 51.7634
277000.013157	46.5126 61.9821
278000.013204	46.1841 53.4151
279000.013252	36.202 54.8192
280000.013299	53.8313 41.4129
281000.013347	30.7008 58.9231
282000.013394	37.7947 54.4281
283000.013442	46.3595 50.2683
284000.013489	29.2133 52.0732
285000.013537	43.1034 63.7356
286000.013584	36.7764 57.4607
287000.013632	52.153 47.7708
288000.013679	48.1661 50.6249
289000.013727	43.7328 52.4913
290000.013774	48.6913 50.7706
291000.013822	45.0034 53.0525
292000.013869	42.8897 56.9828
293000.013917	58.3654 45.9809
294000.013964	60.9588 30.8352
295000.014012	34.3259 53.353
296000.014059	43.4687 48.6914
297000.014107	26.5374 67.3639
298000.014154	51.7414 40.8596
299000.014202	34.1539 53.5561
300000.014249	49.0687 51.8529
301000.014297	35.7403 46.9207
302000.014344	41.2137 59.3788
303000.014392	20.4847 65.8217
304000.014439	32.6758 58.4003
305000.014487	39.1522 48.969
306000.014534	32.277 67.0828
307000.014582	40.2304 49.9381
308000.014629	38.6988 57.5205
309000.014677	35.8601 55.9523
310000.014724	35.5891 49.64
311000.014772	36.1248 67.0672
312000.014819	38.117 63.6972
313000.014867	33.9231 60.5979
314000.014914	38.9004 61.1764
315000.014962	46.6341 45.8929
316000.015009	41.2689 56.1473
317000.015057	41.7461 57.108
318000.015104	18.444 71.6475
319000.015152	40.3692 57.5873
320000.015199	33.0037 56.6257
321000.015247	43.5743 43.8359
322000.015294	46.145 60.5158
323000.015342	43.2371 58.9034
324000.015389	39.5324 54.0652
325000.015437	34.7527 56.5772
326000.015484	42.4131 59.769
327000.015532	31.1437 50.4231
328000.015579	47.823 46.5503
329000.015627	22.6856 64.6727
330000.015674	46.7741 55.3723
331000.015722	44.1647 50.3036
332000.015769	35.3785 69.7642
333000.015817	30.8475 68.0487
334000.015864	49.9526 53.2858
335000.015912	32.6481 58.8103
336000.015959	44.0449 45.0544
337000.016007	50.1266 52.2548
338000.016054	40.5876 51.553
339000.016102	44.9067 56.5576
340000.016149	40.662 64.6317
