120000.005700	-73.2549 -170.227
121000.005747	-81.043 170.766
122000.005795	-66.3316 -179.031
123000.005842	-60.8342 178.11
124000.005890	-77.3719 -176.759
125000.005937	-86.3972 -172.359
126000.005985	-86.5839 177.488
127000.006032	-67.3911 179.08
128000.006080	-79.2849 178.892
129000.006127	-67.1806 174.403
130000.006175	-76.0258 -171.673
131000.006222	-67.0399 178.126
132000.006270	-73.0118 -178.943
133000.006317	-78.6286 172.988
134000.006365	-71.7712 -172.597
135000.006412	-61.0068 173.194
136000.006460	-74.9251 -179.927
137000.006507	-83.1772 -179.296
138000.006555	-72.0314 176.417
139000.006602	-74.539 -172.517
140000.006650	-83.9562 167.248
141000.006697	-72.5627 -164.736
142000.006745	-72.5951 -174.79
143000.006792	-71.3491 173.967
144000.006840	-74.1579 173.731
145000.006887	-80.8705 179.876
146000.006935	-69.787 -179.191
147000.006982	-78.8264 166.467
148000.007030	-85.4012 -173.383
149000.007077	-79.3549 175.435
150000.007125	-72.7224 -179.403
151000.007172	-62.1544 -175.278
152000.007220	-74.1915 -169.837
153000.007267	-64.7964 176.613
154000.007315	-77.0822 -178.28
155000.007362	-70.5476 173.938
156000.007410	-77.9727 -178.529
157000.007457	-78.7409 -162.365
158000.007505	-78.6433 178.283
159000.007552	-77.7652 -175.743
160000.007600	-69.3875 174.677
161000.007647	-76.1604 -177.158
162000.007695	-85.6202 -171.908
163000.007742	-77.5733 177.431
164000.007790	-69.0924 -174.796
165000.007837	-63.0219 -173.648
166000.007885	-73.5465 170.564
167000.007932	-70.5027 -172.666
168000.007980	-59.8177 168.366
169000.008027	-80.8592 177.138
170000.008075	-75.1626 176.262
171000.008122	-74.3619 177.137
172000.008170	-65.7651 -175.492
173000.008217	-74.294 -177.269
174000.008265	-77.643 -166.518
175000.008312	-78.0215 -171.641
176000.008360	-73.841 -177.013
177000.008407	-84.467 -163.909
178000.008455	-81.2341 -169.303
179000.008502	-66.147 175.529
180000.008550	-78.0555 177.855
181000.008597	-67.9235 161.706
182000.008645	-70.7121 175.2
183000.008692	-75.082 -175.754
184000.008740	-62.3282 179.367
185000.008787	-71.218 179.751
186000.008835	-71.6295 -175.932
187000.008882	-62.5979 -173.899
188000.008930	-72.1936 -161.134
189000.008977	-74.0027 -172.187
190000.009025	-74.7721 172.643
191000.009072	-77.7174 -178.487
192000.009120	-85.6666 -179.697
193000.009167	-59.8393 172.512
194000.009215	-80.8475 177.245
195000.009262	-67.4139 176.599
196000.009310	-73.5191 -173.969
197000.009357	-72.7737 172.48
198000.009404	-81.3199 -168.738
199000.009452	-72.0137 -175.449
200000.009499	-78.6396 171.371
201000.009547	-80.43 175.261
202000.009594	-69.8585 175.503
203000.009642	-73.7974 -176.185
204000.009689	-79.3335 -175.836
205000.009737	-72.3993 -174.66
206000.009784	-75.003 -176.314
207000.009832	-73.8375 169.892
208000.009879	-72.7681 177.688
209000.009927	-70.3486 172.065
210000.009974	-75.6876 -172.509
211000.010022	-82.904 -171.518
212000.010069	-79.5863 178.415
213000.010117	-81.1318 -176.072
214000.010164	-80.9639 -169.638
215000.010212	-68.6835 -177.63
216000.010259	-70.0659 179.066
217000.010307	-83.384 -178.54
218000.010354	-71.1714 174.902
219000.010402	-79.1365 175.926
220000.010449	-72.7829 172.424
221000.010497	-74.7512 -168.114
222000.010544	-71.3999 172.496
223000.010592	-66.2737 178.5
224000.010639	-71.4611 174.674
225000.010687	-65.8089 168.333
226000.010734	-60.9347 -179.808
227000.010782	-76.8118 -172.515
228000.010829	-66.8835 -175.744
229000.010877	-74.192 179.169
230000.010924	-70.5139 175.831
231000.010972	-79.5936 -176.731
232000.011019	-84.0272 -173.894
233000.011067	-83.1855 170.867
234000.011114	-76.837 174.121
235000.011162	-72.9809 -169.965
236000.011209	-83.2092 -172.93
237000.011257	-71.7375 -173.397
238000.011304	-70.0788 -171.642
239000.011352	-65.5248 176.069
240000.011399	-80.7986 -172.68
