#! FIELDS time restraint.bias r0 r1 r2 r3 r4 r5 r6 r7 r8 r9 r10 r11 r12 r13 r14 r15 r16 r17 r18 r19 r20 r21 r22 r23 r24 r25 r26 r27 r28 r29 r30 r31 r32 r33 r34 r35 r36 r37 r38 r39 r40 r41 r42 r43 r44 r45 r46 r47 r48 r49 r50 r51 r52 r53 r54 r55 r56 r57 r58 r59
940000.044648 1.827046 0.108913 0.121313 0.106022 0.116820 0.102333 0.126010 0.086631 0.077643 0.125081 0.083683 0.116808 0.024188 0.051954 0.016546 0.125783 0.120186 0.047611 0.112954 0.075551 0.094620 0.084699 0.103428 0.113280 0.135449 0.105483 0.105785 0.094540 0.104234 0.100051 0.118614 0.092617 0.151504 0.147926 0.142594 0.135643 0.145104 0.147740 0.121323 0.123476 0.148199 0.114913 0.101981 0.137917 0.151603 0.142513 0.159736 0.151536 0.145533 0.135269 0.120956 0.097439 0.112533 0.135248 0.130978 0.148618 0.123592 0.026001 0.087564 0.128796 0.141690
941000.044695 0.920899 0.100586 0.114732 0.099328 0.114573 0.101650 0.121429 0.078128 0.072641 0.120695 0.084704 0.113259 0.030378 0.053299 0.011747 0.118500 0.116724 0.041085 0.106403 0.075013 0.088110 0.082680 0.101337 0.107736 0.131850 0.107148 0.111255 0.087809 0.110587 0.106973 0.117785 0.089792 0.147041 0.145682 0.143285 0.140524 0.147787 0.148323 0.124369 0.117569 0.143837 0.118500 0.105755 0.136630 0.152090 0.142854 0.157434 0.150190 0.142021 0.140087 0.123378 0.098097 0.107657 0.139385 0.129608 0.149556 0.120692 0.034600 0.078305 0.126112 0.137229
942000.044743 1.164253 0.099931 0.117471 0.100116 0.120399 0.107859 0.127109 0.077246 0.070005 0.122581 0.090122 0.114614 0.034079 0.056683 0.013208 0.120071 0.119718 0.038887 0.106274 0.081356 0.085833 0.087723 0.098889 0.106173 0.129830 0.103609 0.107147 0.087202 0.105623 0.104346 0.114668 0.089306 0.149519 0.149950 0.141163 0.142531 0.149484 0.150449 0.119024 0.116139 0.143429 0.114039 0.104359 0.141197 0.152441 0.146997 0.160972 0.150607 0.147134 0.142646 0.125825 0.097284 0.105606 0.141885 0.134543 0.149647 0.119046 0.032461 0.078599 0.131982 0.135636
943000.044790 4.164318 0.110069 0.123233 0.106756 0.118255 0.101945 0.126446 0.090068 0.078041 0.123637 0.085191 0.114516 0.026768 0.053271 0.024979 0.125644 0.120586 0.051982 0.111237 0.074918 0.094918 0.088266 0.107272 0.116088 0.137121 0.109582 0.106690 0.100541 0.107149 0.101869 0.120824 0.097237 0.154001 0.150892 0.142966 0.135913 0.143981 0.148832 0.124884 0.126196 0.149706 0.115572 0.103691 0.140269 0.150929 0.144471 0.160078 0.152819 0.148454 0.133456 0.124203 0.103402 0.117152 0.135769 0.136374 0.149585 0.123903 0.013758 0.091443 0.132722 0.143908
944000.044838 2.332839 0.109519 0.120874 0.108572 0.112918 0.097452 0.124086 0.088338 0.081585 0.125494 0.077362 0.120291 0.018854 0.043182 0.018696 0.126247 0.118980 0.052846 0.114863 0.068778 0.097473 0.077006 0.103344 0.112578 0.136783 0.106623 0.111856 0.094448 0.108655 0.102564 0.121199 0.090491 0.149334 0.144075 0.147174 0.136237 0.146640 0.146097 0.126566 0.123912 0.147719 0.121776 0.102640 0.132462 0.153996 0.139031 0.156707 0.151661 0.140216 0.135333 0.117118 0.094075 0.113919 0.133193 0.126110 0.151070 0.125294 0.024916 0.088056 0.122880 0.142332
945000.044885 2.965907 0.107893 0.115412 0.106823 0.104257 0.088537 0.116125 0.088084 0.083730 0.120972 0.068512 0.118588 0.015695 0.034936 0.021081 0.122880 0.112280 0.057128 0.114288 0.059438 0.098357 0.067905 0.105666 0.113259 0.137399 0.110654 0.117378 0.095493 0.113762 0.106636 0.124239 0.090851 0.144429 0.138283 0.148546 0.134173 0.144087 0.142227 0.131915 0.123671 0.145407 0.127020 0.105838 0.126320 0.152762 0.134156 0.150951 0.148874 0.132880 0.132643 0.114895 0.095156 0.115208 0.130542 0.120533 0.148994 0.126422 0.028534 0.087264 0.115372 0.141763
946000.044933 4.939426 0.096720 0.116611 0.093685 0.125860 0.114225 0.127702 0.076242 0.061550 0.116661 0.100555 0.103243 0.045027 0.070373 0.027205 0.114742 0.118952 0.035498 0.097412 0.090497 0.079171 0.102526 0.101384 0.106561 0.125000 0.105521 0.099433 0.090716 0.103926 0.104172 0.110447 0.096590 0.149144 0.153599 0.130811 0.139019 0.141163 0.147483 0.114977 0.114379 0.139841 0.103147 0.105000 0.149022 0.142561 0.150626 0.159953 0.145289 0.153719 0.137895 0.134229 0.107843 0.106126 0.142935 0.145327 0.141685 0.113147 0.030242 0.078911 0.142205 0.131917
947000.044980 1.885338 0.105255 0.116107 0.103815 0.109751 0.095486 0.119626 0.084536 0.077112 0.120520 0.076396 0.115783 0.021551 0.043698 0.016807 0.121658 0.114104 0.051273 0.110291 0.067440 0.093859 0.076094 0.104333 0.111891 0.134476 0.107601 0.111261 0.094893 0.108805 0.103709 0.120415 0.091806 0.147047 0.143201 0.144416 0.135325 0.144512 0.144831 0.125777 0.122042 0.145277 0.119829 0.104174 0.132548 0.151717 0.139178 0.154800 0.149291 0.139054 0.133706 0.118980 0.096943 0.113471 0.133236 0.127178 0.148378 0.124123 0.023933 0.085720 0.122852 0.140126
948000.045028 6.351277 0.116729 0.122363 0.117236 0.106459 0.091323 0.121616 0.095209 0.094843 0.131966 0.068948 0.131377 0.026866 0.036323 0.030849 0.133382 0.119739 0.065637 0.126604 0.063086 0.108485 0.061841 0.106171 0.116976 0.142363 0.109723 0.121091 0.097824 0.113223 0.106324 0.127688 0.088324 0.146405 0.136071 0.155246 0.133962 0.147500 0.142202 0.132734 0.128103 0.150624 0.133376 0.105949 0.122179 0.158191 0.130511 0.151215 0.151253 0.131229 0.135866 0.108990 0.089330 0.116711 0.128504 0.114423 0.149864 0.131832 0.046978 0.094276 0.111141 0.146738
949000.045075 7.602486 0.115843 0.117259 0.114663 0.096866 0.079260 0.112499 0.097453 0.095857 0.124729 0.057052 0.125882 0.015461 0.024050 0.033751 0.128507 0.111900 0.069314 0.123551 0.050068 0.108585 0.055721 0.109763 0.118709 0.142697 0.113922 0.123604 0.100944 0.116746 0.107264 0.130457 0.091996 0.141234 0.130306 0.153130 0.129339 0.141590 0.136978 0.137652 0.129043 0.147387 0.135561 0.106964 0.116794 0.153000 0.125719 0.145331 0.146856 0.124042 0.128714 0.106549 0.091693 0.120491 0.123698 0.109512 0.146521 0.132672 0.041017 0.095527 0.104389 0.145651
950000.045123 5.036788 0.116482 0.122179 0.114798 0.106829 0.089629 0.120409 0.095945 0.091571 0.128098 0.068428 0.125430 0.013808 0.036521 0.027472 0.131032 0.118017 0.063296 0.123166 0.061600 0.105974 0.068924 0.106965 0.118243 0.142107 0.109620 0.114810 0.099317 0.108918 0.101934 0.126115 0.091575 0.148452 0.139403 0.151363 0.132243 0.145113 0.143554 0.129621 0.128734 0.150601 0.127113 0.103674 0.126437 0.155549 0.133399 0.153511 0.152080 0.134566 0.132484 0.111940 0.092864 0.117867 0.128654 0.118948 0.150407 0.130191 0.034657 0.094678 0.115427 0.146937
951000.045170 1.341703 0.107104 0.118249 0.106750 0.110861 0.095784 0.121439 0.085454 0.081225 0.124673 0.076502 0.120227 0.021163 0.042238 0.014179 0.124381 0.117523 0.051548 0.113897 0.066711 0.096303 0.073491 0.103898 0.111846 0.137061 0.109327 0.115496 0.093140 0.112380 0.106839 0.122681 0.089822 0.148315 0.143292 0.149252 0.138722 0.148694 0.147327 0.129278 0.122783 0.147696 0.124994 0.106012 0.131661 0.155882 0.139163 0.156096 0.152358 0.138706 0.138290 0.118659 0.095667 0.112773 0.135674 0.125149 0.152015 0.125532 0.031441 0.085149 0.120905 0.142221
952000.045218 2.708315 0.110075 0.119249 0.105833 0.110231 0.094342 0.120086 0.089790 0.080095 0.122131 0.076770 0.115472 0.018392 0.046196 0.020145 0.124657 0.115860 0.053461 0.112336 0.067187 0.097590 0.079286 0.108628 0.117211 0.138180 0.110572 0.108812 0.100569 0.107263 0.101513 0.123218 0.097100 0.150674 0.145519 0.144304 0.132745 0.142539 0.146143 0.125957 0.127291 0.149896 0.118062 0.104383 0.135043 0.151117 0.140224 0.157046 0.151208 0.142006 0.130737 0.120153 0.101225 0.118273 0.132362 0.129286 0.148049 0.126920 0.023254 0.091194 0.125332 0.144369
953000.045265 0.923380 0.100428 0.116329 0.101755 0.115460 0.101693 0.123701 0.078861 0.073414 0.121526 0.083403 0.115781 0.028719 0.048082 0.011762 0.119592 0.117527 0.044376 0.107002 0.072690 0.088703 0.079919 0.098804 0.105198 0.130825 0.105386 0.112389 0.087595 0.111125 0.106568 0.116696 0.086869 0.146881 0.145475 0.144716 0.141192 0.148582 0.147552 0.125521 0.116482 0.142741 0.120469 0.103935 0.134955 0.153025 0.142103 0.156318 0.150098 0.141627 0.139995 0.121803 0.095407 0.107336 0.138270 0.130155 0.150964 0.119032 0.025991 0.078641 0.125831 0.136353
954000.045313 2.380433 0.109398 0.119863 0.107701 0.111802 0.096485 0.122677 0.088352 0.081105 0.124298 0.076756 0.119162 0.019161 0.043957 0.018886 0.125874 0.117154 0.053404 0.114978 0.069246 0.097055 0.077544 0.104595 0.114140 0.136891 0.107080 0.109735 0.095950 0.105887 0.101669 0.121245 0.092211 0.149851 0.144879 0.145842 0.135552 0.146068 0.146621 0.124162 0.124324 0.147946 0.119287 0.103760 0.133662 0.153789 0.139926 0.157276 0.151753 0.140700 0.135004 0.118685 0.095981 0.114101 0.133721 0.127032 0.150065 0.125701 0.026699 0.088877 0.123624 0.142571
955000.045360 1.328396 0.106917 0.117834 0.105788 0.110765 0.096057 0.121055 0.085496 0.079597 0.123467 0.076696 0.118494 0.020771 0.043536 0.014108 0.123933 0.116271 0.051350 0.113067 0.067713 0.095981 0.075062 0.103473 0.111960 0.135515 0.107398 0.111633 0.093723 0.108542 0.103612 0.120827 0.090240 0.148113 0.143496 0.146204 0.136435 0.146222 0.146074 0.125853 0.122547 0.146857 0.120935 0.104155 0.132133 0.153693 0.139037 0.155813 0.150889 0.139063 0.135691 0.118273 0.095565 0.112613 0.134124 0.126012 0.149656 0.124402 0.029313 0.085855 0.121968 0.141232
956000.045408 2.446957 0.109834 0.119164 0.108508 0.109446 0.093934 0.120751 0.088839 0.083116 0.124653 0.073712 0.120158 0.016258 0.040844 0.019148 0.125858 0.117007 0.054664 0.115787 0.065255 0.098934 0.073164 0.103631 0.113038 0.136793 0.106873 0.112099 0.094736 0.108467 0.101786 0.121553 0.089612 0.147399 0.141305 0.146886 0.134013 0.144761 0.144037 0.126818 0.123841 0.147086 0.122484 0.102079 0.129385 0.152924 0.136145 0.154192 0.150240 0.137009 0.133202 0.114740 0.093429 0.113813 0.130862 0.123081 0.149215 0.125371 0.028963 0.088365 0.119440 0.142256
957000.045455 1.866085 0.107714 0.120367 0.107779 0.116070 0.103119 0.126565 0.084215 0.080885 0.128347 0.082507 0.122944 0.029258 0.049641 0.016721 0.126797 0.120994 0.048750 0.116417 0.075974 0.096308 0.078232 0.101044 0.110749 0.135963 0.104941 0.113179 0.089273 0.108464 0.105170 0.120124 0.087378 0.149896 0.145530 0.148678 0.141234 0.151823 0.149178 0.124269 0.121523 0.147804 0.122318 0.104998 0.133950 0.157908 0.141084 0.159337 0.153662 0.141265 0.142600 0.118564 0.092155 0.109307 0.137861 0.125710 0.152936 0.125274 0.040277 0.084008 0.123692 0.141317
958000.045503 2.979774 0.112398 0.122683 0.109196 0.113257 0.096160 0.123631 0.091984 0.082616 0.125491 0.078139 0.118731 0.017687 0.046061 0.021130 0.127902 0.119316 0.054962 0.115551 0.068831 0.098866 0.080626 0.107577 0.117555 0.139431 0.109856 0.107924 0.100650 0.105471 0.100509 0.123076 0.096250 0.153172 0.147553 0.145911 0.134449 0.145176 0.148476 0.124743 0.127866 0.151555 0.118215 0.103970 0.136426 0.153481 0.141615 0.159334 0.153609 0.144140 0.133433 0.120627 0.100063 0.117632 0.133892 0.130179 0.150428 0.126981 0.023217 0.092841 0.126655 0.145655
959000.045550 6.232519 0.111735 0.119603 0.109418 0.105694 0.086257 0.116779 0.094839 0.085897 0.120812 0.069286 0.117178 0.017790 0.036452 0.030559 0.125053 0.113876 0.063285 0.113933 0.057568 0.100483 0.072178 0.109950 0.117993 0.140038 0.113304 0.113957 0.104213 0.111253 0.103429 0.126400 0.096828 0.148611 0.141365 0.148356 0.132095 0.142202 0.143916 0.131741 0.128595 0.149260 0.124589 0.105099 0.128511 0.151886 0.135435 0.151954 0.151034 0.136253 0.128491 0.116247 0.099836 0.121181 0.128756 0.125073 0.150036 0.127636 0.018849 0.095173 0.119252 0.145621
960000.045598 3.448719 0.103722 0.118378 0.098814 0.122684 0.112570 0.128348 0.080274 0.067414 0.120717 0.095267 0.109103 0.039035 0.066559 0.022732 0.121076 0.118441 0.039435 0.106620 0.088863 0.087193 0.098149 0.102837 0.111491 0.129383 0.102960 0.098064 0.092972 0.099358 0.099489 0.112552 0.096420 0.151021 0.152671 0.132317 0.134385 0.140266 0.146621 0.112693 0.119479 0.143926 0.103121 0.102876 0.147133 0.144723 0.148700 0.162127 0.146490 0.152879 0.134890 0.129295 0.103594 0.108952 0.139118 0.140792 0.140598 0.119353 0.031511 0.083860 0.139401 0.136211
961000.045645 3.781698 0.109590 0.120550 0.105979 0.112167 0.094746 0.120820 0.090651 0.079868 0.121795 0.078677 0.114170 0.021438 0.047396 0.023804 0.124222 0.117190 0.054600 0.110715 0.066889 0.096738 0.081348 0.108439 0.116504 0.137587 0.111375 0.108595 0.101612 0.108307 0.101823 0.122763 0.097123 0.151494 0.146718 0.144059 0.133528 0.142340 0.146798 0.126994 0.126839 0.149707 0.117971 0.103893 0.135508 0.150421 0.140581 0.156626 0.151649 0.143174 0.130551 0.121110 0.102773 0.118418 0.132724 0.131649 0.148678 0.124735 0.018864 0.091817 0.126898 0.144250
962000.045693 1.462487 0.105674 0.119403 0.103013 0.119464 0.108144 0.127857 0.081723 0.073171 0.124255 0.088684 0.116017 0.031876 0.057384 0.014803 0.123776 0.119472 0.042527 0.110879 0.082188 0.091530 0.088570 0.104068 0.112745 0.134849 0.106100 0.108177 0.092227 0.106580 0.104911 0.118741 0.093930 0.152447 0.151433 0.142806 0.140267 0.148351 0.150638 0.121139 0.122430 0.147784 0.114981 0.106390 0.142538 0.153720 0.147674 0.163352 0.152705 0.148754 0.140545 0.126034 0.099489 0.111597 0.141155 0.134813 0.149659 0.124968 0.031933 0.083858 0.133026 0.140788
963000.045740 3.833942 0.113494 0.124425 0.109627 0.116264 0.099254 0.125832 0.092893 0.082085 0.126157 0.081686 0.117813 0.021440 0.050568 0.023968 0.128796 0.121223 0.054682 0.115612 0.072447 0.098838 0.085028 0.107526 0.118107 0.139037 0.108815 0.105276 0.101429 0.103843 0.098882 0.121747 0.096844 0.154579 0.149573 0.144021 0.134070 0.144261 0.148879 0.123031 0.128134 0.151758 0.115582 0.102513 0.138589 0.152182 0.142788 0.160440 0.153651 0.146885 0.132809 0.121550 0.101139 0.117664 0.134029 0.132826 0.149622 0.125936 0.021520 0.093972 0.129823 0.145793
964000.045788 1.493178 0.108390 0.120405 0.106047 0.114922 0.099946 0.124413 0.086557 0.078447 0.125037 0.081368 0.118336 0.023017 0.049109 0.014958 0.125474 0.119290 0.049544 0.113129 0.073135 0.095309 0.081330 0.105449 0.114478 0.136782 0.108049 0.108240 0.095666 0.105400 0.102710 0.121065 0.094088 0.152150 0.148373 0.145073 0.138599 0.148463 0.150224 0.122533 0.124407 0.149401 0.117023 0.105464 0.137827 0.154713 0.143875 0.160659 0.153549 0.144356 0.138371 0.122531 0.098729 0.113812 0.137738 0.130473 0.151096 0.125865 0.029962 0.087705 0.127347 0.142802
965000.045835 1.679126 0.109675 0.120519 0.107171 0.113176 0.097955 0.123544 0.088084 0.080236 0.125019 0.078924 0.118987 0.019578 0.046389 0.015862 0.125985 0.118625 0.051236 0.114052 0.070517 0.096813 0.079539 0.107178 0.116003 0.139004 0.110234 0.111418 0.097297 0.108683 0.104475 0.123590 0.095287 0.152016 0.147294 0.147485 0.137844 0.148167 0.149438 0.126337 0.126356 0.150531 0.120530 0.106599 0.136657 0.155504 0.142870 0.160039 0.154019 0.143340 0.137285 0.121773 0.099208 0.116298 0.136758 0.129245 0.152077 0.128054 0.027243 0.088964 0.125976 0.144607
966000.045883 1.411912 0.108341 0.120161 0.105993 0.115907 0.102765 0.125731 0.085176 0.078166 0.125579 0.082903 0.118500 0.025137 0.051387 0.014545 0.125724 0.119280 0.047224 0.114167 0.076099 0.095308 0.082898 0.103244 0.112950 0.135802 0.105576 0.108430 0.092636 0.105659 0.102229 0.119407 0.091716 0.150886 0.147424 0.144301 0.137276 0.146984 0.148136 0.122156 0.123181 0.148077 0.117105 0.103880 0.137367 0.153662 0.142823 0.160250 0.152090 0.144255 0.137606 0.121003 0.096267 0.111873 0.136735 0.129516 0.149561 0.124985 0.031567 0.085925 0.127454 0.141625
967000.045930 2.721487 0.097756 0.114749 0.094688 0.118824 0.105727 0.122770 0.077777 0.064014 0.115211 0.091479 0.104841 0.036375 0.060366 0.020193 0.114684 0.115629 0.040269 0.098100 0.079983 0.082395 0.092839 0.104641 0.109082 0.128929 0.109041 0.104991 0.094291 0.108248 0.105960 0.115601 0.096981 0.148981 0.150844 0.136147 0.138398 0.142630 0.147887 0.121428 0.117817 0.142375 0.109865 0.106284 0.143817 0.145965 0.147519 0.158118 0.147541 0.149082 0.135843 0.130544 0.107062 0.110918 0.140116 0.140711 0.145033 0.117581 0.019569 0.080774 0.136067 0.135563
968000.045978 0.681292 0.103434 0.117091 0.102076 0.114930 0.101617 0.123446 0.081097 0.074266 0.122388 0.083273 0.115439 0.026448 0.050713 0.010104 0.121641 0.117284 0.043761 0.109255 0.074629 0.090888 0.082029 0.100946 0.109010 0.132135 0.104836 0.107775 0.090183 0.105865 0.102617 0.117009 0.090018 0.148395 0.146318 0.142064 0.137615 0.146018 0.147270 0.121346 0.119261 0.144891 0.115710 0.103196 0.136839 0.151493 0.142544 0.158107 0.149756 0.143115 0.137323 0.121842 0.096656 0.108927 0.136909 0.130226 0.148069 0.121178 0.029756 0.081855 0.127158 0.137961
969000.046025 3.085786 0.112212 0.121186 0.112278 0.109914 0.094769 0.122905 0.090396 0.087480 0.128841 0.073407 0.125982 0.021646 0.039482 0.021503 0.129672 0.119001 0.057969 0.120624 0.065966 0.102404 0.069462 0.104053 0.114284 0.139394 0.108011 0.115861 0.095192 0.110040 0.104443 0.124097 0.088823 0.148666 0.141187 0.151504 0.136137 0.148398 0.145591 0.128671 0.125533 0.149679 0.126885 0.104822 0.128504 0.157523 0.136074 0.155360 0.152589 0.136599 0.137106 0.114308 0.091875 0.114262 0.132472 0.121069 0.151442 0.128215 0.037495 0.089940 0.117784 0.144491
970000.046073 2.074504 0.103255 0.120061 0.101538 0.121722 0.107924 0.128047 0.081623 0.070716 0.122360 0.090992 0.112529 0.032328 0.058285 0.017630 0.121578 0.120651 0.042121 0.106628 0.081210 0.087985 0.091634 0.101239 0.109118 0.130789 0.104840 0.103498 0.092122 0.104153 0.101783 0.114714 0.092722 0.151534 0.151796 0.138748 0.139126 0.145513 0.149348 0.118902 0.118971 0.144822 0.110703 0.102734 0.143163 0.149442 0.147294 0.161030 0.150160 0.149944 0.138148 0.127050 0.101182 0.109106 0.139861 0.138385 0.147520 0.118466 0.023123 0.083084 0.135274 0.137490
971000.046120 5.507553 0.116011 0.121679 0.115723 0.105575 0.088698 0.120336 0.095544 0.092757 0.128611 0.066678 0.127489 0.017403 0.032215 0.028727 0.131358 0.117751 0.064571 0.124015 0.060258 0.105996 0.064363 0.106405 0.117244 0.142309 0.109832 0.118609 0.098723 0.111773 0.104441 0.127059 0.089924 0.146607 0.136838 0.153356 0.132480 0.145749 0.142048 0.132125 0.128052 0.149728 0.130941 0.104756 0.123479 0.156251 0.131218 0.151371 0.151056 0.132152 0.133315 0.109954 0.090518 0.117519 0.127729 0.115961 0.150046 0.130901 0.036491 0.094373 0.112489 0.146427
972000.046168 2.499571 0.106459 0.119239 0.102489 0.115552 0.100765 0.123145 0.085987 0.073829 0.120704 0.084273 0.111680 0.026892 0.053251 0.019353 0.122324 0.117223 0.048255 0.107580 0.073898 0.092360 0.086320 0.106596 0.114338 0.134532 0.108821 0.105444 0.098808 0.106145 0.101523 0.119420 0.096828 0.151458 0.148912 0.140350 0.134241 0.142029 0.147074 0.122934 0.124252 0.147856 0.113205 0.103655 0.139394 0.148782 0.143529 0.158483 0.150082 0.146653 0.131998 0.123914 0.103197 0.115553 0.134940 0.135057 0.146404 0.122822 0.018090 0.088388 0.131324 0.141467
973000.046215 2.212198 0.110054 0.120515 0.107400 0.112396 0.096755 0.122468 0.088812 0.081735 0.125098 0.078245 0.118449 0.019634 0.046246 0.018206 0.125844 0.118835 0.051563 0.114234 0.068564 0.097888 0.078611 0.106861 0.115365 0.139049 0.110788 0.113122 0.096810 0.111432 0.104948 0.123901 0.093882 0.150786 0.145482 0.147822 0.136489 0.146227 0.147619 0.129104 0.126163 0.150117 0.122579 0.105443 0.134233 0.154106 0.140325 0.157869 0.153100 0.141620 0.135245 0.119757 0.098991 0.116223 0.134904 0.127725 0.151162 0.126954 0.028577 0.088737 0.124187 0.144634
974000.046263 1.142187 0.094713 0.112618 0.094722 0.118448 0.107382 0.123219 0.071697 0.066163 0.118328 0.091173 0.109947 0.037591 0.059204 0.013082 0.113980 0.116758 0.032972 0.100886 0.081523 0.081443 0.088409 0.098336 0.103050 0.127800 0.105250 0.111128 0.082524 0.111586 0.109420 0.114255 0.088395 0.146000 0.148064 0.141301 0.144975 0.149637 0.149762 0.122662 0.112723 0.140207 0.116824 0.106574 0.140320 0.151426 0.146721 0.158619 0.149416 0.144591 0.144123 0.127507 0.098950 0.103485 0.143897 0.133963 0.150217 0.117095 0.035865 0.071760 0.130400 0.133020
975000.046310 0.900038 0.100706 0.115550 0.098656 0.115395 0.102160 0.121997 0.079106 0.070471 0.119615 0.085611 0.111267 0.029050 0.053760 0.011613 0.118222 0.116496 0.040599 0.104455 0.075341 0.087578 0.085011 0.102720 0.108787 0.131406 0.107323 0.108593 0.091024 0.108972 0.105148 0.117371 0.092401 0.148265 0.147414 0.141021 0.138709 0.145377 0.147805 0.123226 0.118758 0.144218 0.115297 0.104857 0.138665 0.149996 0.144150 0.157927 0.149450 0.144348 0.137145 0.124840 0.100835 0.109811 0.138463 0.133219 0.147988 0.120332 0.027180 0.080289 0.129405 0.137456
976000.046358 1.781133 0.110793 0.120921 0.108250 0.112698 0.097295 0.123204 0.088821 0.082467 0.126440 0.078298 0.120410 0.020110 0.046253 0.016336 0.126996 0.119394 0.052016 0.115908 0.069680 0.098570 0.077823 0.107351 0.116385 0.140118 0.110941 0.113197 0.096665 0.110263 0.105540 0.124691 0.094176 0.151739 0.146172 0.149232 0.138336 0.148828 0.149404 0.128052 0.126834 0.151301 0.122756 0.107110 0.134928 0.156648 0.141452 0.159424 0.154749 0.141821 0.138056 0.120536 0.098518 0.116150 0.136693 0.127105 0.152769 0.128643 0.032257 0.089006 0.123855 0.145580
977000.046405 1.977211 0.106877 0.118536 0.107790 0.112443 0.099235 0.123636 0.083829 0.082516 0.127349 0.078882 0.123616 0.028266 0.045005 0.017212 0.125773 0.119318 0.050850 0.116115 0.070745 0.097004 0.072768 0.101693 0.110032 0.136386 0.107324 0.117672 0.089892 0.113234 0.108165 0.121886 0.086832 0.147681 0.142715 0.150713 0.140631 0.151150 0.147549 0.128877 0.121317 0.147284 0.127144 0.106174 0.130992 0.157853 0.138905 0.156543 0.152499 0.138320 0.141599 0.117532 0.092634 0.110233 0.136769 0.123520 0.152510 0.125651 0.040474 0.083386 0.120308 0.141231
978000.046453 4.159634 0.107988 0.121722 0.105572 0.116056 0.098799 0.124057 0.089215 0.077323 0.122089 0.082940 0.113788 0.026255 0.050302 0.024965 0.123880 0.119107 0.052895 0.108995 0.071233 0.093713 0.084999 0.106242 0.114212 0.135395 0.109276 0.106806 0.100222 0.107018 0.101473 0.120200 0.096101 0.152017 0.148555 0.142643 0.135462 0.143547 0.147707 0.124832 0.124666 0.148251 0.115761 0.103006 0.137641 0.150151 0.142469 0.157598 0.151418 0.145702 0.132451 0.122637 0.102133 0.116299 0.134260 0.134309 0.149147 0.122332 0.013223 0.090761 0.129985 0.142271
979000.046500 2.347067 0.106945 0.118456 0.108220 0.110112 0.094115 0.120982 0.086079 0.083540 0.125618 0.074527 0.121907 0.021330 0.039765 0.018753 0.124658 0.118122 0.053429 0.115213 0.065005 0.097047 0.070371 0.099069 0.108019 0.134128 0.104903 0.114129 0.089102 0.109871 0.103352 0.119431 0.084163 0.144879 0.138921 0.148082 0.136800 0.147244 0.143944 0.127072 0.119430 0.144470 0.124814 0.101495 0.126451 0.154092 0.134370 0.152202 0.149614 0.133991 0.136736 0.113099 0.089349 0.108688 0.131679 0.119934 0.150423 0.121992 0.034684 0.084017 0.116060 0.139193
980000.046548 2.670670 0.102498 0.116848 0.099412 0.115265 0.100362 0.121475 0.082908 0.070956 0.117747 0.085462 0.109017 0.030355 0.053794 0.020004 0.118665 0.115576 0.046852 0.103499 0.073421 0.088371 0.086879 0.107238 0.112898 0.133594 0.111479 0.108167 0.098466 0.109837 0.105708 0.119918 0.097625 0.150643 0.149492 0.140712 0.136477 0.142943 0.148031 0.125438 0.122294 0.146358 0.114870 0.106680 0.140458 0.148927 0.144971 0.157835 0.150073 0.146908 0.133824 0.127225 0.106361 0.114982 0.137406 0.137340 0.147115 0.121565 0.016630 0.085606 0.132234 0.140149
981000.046595 3.451061 0.102047 0.118277 0.097847 0.121466 0.108723 0.126325 0.081084 0.066873 0.118636 0.093265 0.106790 0.036258 0.062993 0.022740 0.118533 0.118548 0.040258 0.102202 0.083626 0.085691 0.096038 0.103768 0.110363 0.129690 0.106241 0.101808 0.094149 0.104933 0.102189 0.114430 0.096780 0.150428 0.151511 0.134951 0.136535 0.141296 0.147056 0.118722 0.119534 0.143690 0.107347 0.103284 0.144604 0.144998 0.147173 0.159670 0.147576 0.150762 0.134357 0.128678 0.105035 0.111098 0.138505 0.140364 0.144317 0.118114 0.021561 0.083454 0.137466 0.136611
982000.046642 0.787591 0.096373 0.113512 0.097821 0.117126 0.105722 0.123666 0.073217 0.069162 0.120561 0.087684 0.113806 0.034690 0.054387 0.010863 0.116559 0.117487 0.037436 0.104237 0.078576 0.084682 0.082835 0.094668 0.100884 0.126235 0.100673 0.109343 0.080885 0.107812 0.104804 0.111999 0.083249 0.144254 0.144773 0.141305 0.142842 0.149308 0.147180 0.120155 0.111509 0.138981 0.116703 0.101799 0.135444 0.151371 0.142450 0.155997 0.147864 0.141150 0.142407 0.121436 0.092574 0.101434 0.139450 0.129491 0.149326 0.115695 0.035698 0.072838 0.126315 0.131851
983000.046690 3.870938 0.101271 0.118036 0.096986 0.125780 0.116213 0.130037 0.077289 0.066120 0.120903 0.099625 0.108648 0.043519 0.070376 0.024083 0.119187 0.120217 0.033374 0.104605 0.093028 0.083810 0.101599 0.103301 0.110483 0.130696 0.105912 0.103617 0.089274 0.105345 0.106193 0.114543 0.097042 0.152275 0.155559 0.135709 0.140732 0.145130 0.150952 0.116426 0.118519 0.144374 0.107554 0.107783 0.150502 0.147899 0.153089 0.165383 0.149762 0.154956 0.141727 0.133755 0.105266 0.107711 0.145913 0.142655 0.145277 0.120429 0.038000 0.079661 0.141601 0.136466
984000.046737 2.584481 0.101902 0.115508 0.096634 0.117527 0.106094 0.122961 0.079912 0.066835 0.117514 0.090262 0.106681 0.034896 0.061652 0.019679 0.118259 0.115422 0.040227 0.103278 0.081759 0.086233 0.092863 0.105221 0.112105 0.130572 0.106769 0.101865 0.095327 0.103881 0.101704 0.115549 0.097428 0.149477 0.149770 0.134407 0.133409 0.139642 0.145811 0.117743 0.120272 0.144228 0.107110 0.104079 0.143502 0.144741 0.145851 0.159026 0.146470 0.149244 0.132448 0.127642 0.105273 0.111446 0.136872 0.138145 0.141639 0.120315 0.026805 0.083687 0.135485 0.137219
985000.046785 4.566215 0.109296 0.117115 0.109724 0.103553 0.085496 0.115867 0.090868 0.088090 0.122809 0.065874 0.121074 0.015080 0.029730 0.026157 0.123961 0.114280 0.060755 0.115934 0.054301 0.100873 0.063701 0.104559 0.111805 0.137731 0.111384 0.121090 0.094831 0.117602 0.107943 0.125165 0.088253 0.142737 0.135093 0.150747 0.134500 0.144171 0.140687 0.135943 0.123365 0.144888 0.131738 0.104832 0.121481 0.152722 0.130497 0.147873 0.148391 0.128964 0.132330 0.111205 0.092572 0.115213 0.128514 0.116584 0.149843 0.125535 0.030591 0.088084 0.110687 0.141766
986000.046832 2.990329 0.105602 0.118632 0.101909 0.114646 0.098924 0.121777 0.086134 0.073924 0.119400 0.083183 0.110488 0.026086 0.052183 0.021167 0.121057 0.116392 0.049004 0.106468 0.072355 0.091484 0.085964 0.106420 0.113725 0.133867 0.109115 0.105418 0.098579 0.106182 0.101590 0.119163 0.096709 0.150608 0.148207 0.139968 0.134403 0.141709 0.146708 0.123083 0.123397 0.146703 0.113121 0.103647 0.138489 0.148068 0.142835 0.157257 0.149656 0.145357 0.131679 0.123876 0.103419 0.115082 0.134652 0.134587 0.146510 0.121681 0.016309 0.088059 0.130333 0.140679
987000.046880 0.615527 0.101300 0.114122 0.099098 0.112486 0.099489 0.120267 0.079625 0.071513 0.118407 0.081947 0.111722 0.026148 0.050041 0.009604 0.118403 0.113856 0.043697 0.105950 0.072719 0.088592 0.081953 0.103432 0.109919 0.132180 0.107751 0.109228 0.092133 0.108414 0.105060 0.118246 0.092663 0.147505 0.146132 0.141431 0.136993 0.144535 0.146605 0.123442 0.119426 0.143992 0.116121 0.105556 0.137246 0.150225 0.142914 0.156911 0.148874 0.142764 0.135888 0.123851 0.100314 0.110652 0.137083 0.131694 0.147153 0.121658 0.024985 0.081192 0.127502 0.137847
988000.046927 1.006306 0.101586 0.117488 0.099721 0.120171 0.108237 0.126732 0.078393 0.069535 0.121713 0.090375 0.112860 0.032705 0.058265 0.012279 0.119995 0.119184 0.038406 0.106206 0.081698 0.087159 0.090077 0.101878 0.108941 0.131795 0.105908 0.107659 0.089314 0.107708 0.105581 0.116413 0.092455 0.150626 0.151187 0.141051 0.141471 0.147968 0.150396 0.121201 0.118690 0.144852 0.114131 0.105563 0.143074 0.151684 0.148103 0.161926 0.151161 0.148687 0.141049 0.127659 0.100538 0.108795 0.142149 0.136562 0.149350 0.120993 0.029219 0.079701 0.133760 0.137655
989000.046975 0.847845 0.099785 0.114141 0.099359 0.112136 0.097801 0.119702 0.079239 0.072325 0.118416 0.080798 0.112254 0.025394 0.047115 0.011271 0.117066 0.114766 0.044247 0.104322 0.069310 0.088433 0.079118 0.100965 0.106407 0.130578 0.107072 0.111678 0.089304 0.111482 0.106150 0.117461 0.089372 0.145294 0.143697 0.142875 0.138818 0.145512 0.145701 0.126240 0.117244 0.142111 0.119204 0.104034 0.133715 0.150301 0.140590 0.154226 0.148355 0.139489 0.136399 0.121456 0.097682 0.109270 0.136222 0.129192 0.149031 0.119209 0.023087 0.078950 0.124243 0.136163
990000.047022 2.226366 0.107719 0.117414 0.107945 0.107676 0.092087 0.119488 0.086839 0.083931 0.124200 0.071958 0.121249 0.018461 0.036984 0.018264 0.124544 0.115823 0.054533 0.115466 0.062926 0.097702 0.069086 0.103360 0.111467 0.137256 0.109172 0.117680 0.092690 0.113472 0.107042 0.123342 0.088338 0.145722 0.139523 0.150116 0.136847 0.147325 0.144386 0.130911 0.122495 0.146260 0.127590 0.105615 0.127399 0.155181 0.135353 0.152936 0.150625 0.134494 0.136557 0.115231 0.093012 0.112654 0.132805 0.120603 0.150997 0.125742 0.032378 0.085745 0.116348 0.141658
991000.047070 2.134378 0.110262 0.120979 0.106814 0.114519 0.099885 0.124377 0.088358 0.079195 0.124694 0.080867 0.117216 0.021726 0.049799 0.017883 0.126474 0.118716 0.050549 0.114247 0.073282 0.096602 0.082665 0.105334 0.115383 0.136754 0.106663 0.106006 0.097052 0.103737 0.099612 0.120132 0.094134 0.151708 0.147416 0.143068 0.134117 0.144244 0.147223 0.121690 0.125270 0.149156 0.115354 0.102637 0.137094 0.151776 0.141817 0.159299 0.151664 0.144591 0.133691 0.120436 0.098339 0.114613 0.134111 0.130348 0.148100 0.125307 0.026118 0.089692 0.127774 0.143037
992000.047117 1.236101 0.106535 0.118879 0.104057 0.116047 0.103375 0.125216 0.083336 0.075599 0.123853 0.084136 0.116481 0.026565 0.052513 0.013609 0.124051 0.118417 0.045416 0.112004 0.076980 0.092955 0.084125 0.103030 0.112169 0.134375 0.105173 0.107011 0.092870 0.104901 0.101880 0.118107 0.092115 0.150515 0.148126 0.142329 0.136886 0.146013 0.147951 0.120824 0.121867 0.146853 0.115133 0.103482 0.138707 0.152127 0.143763 0.160022 0.150945 0.145522 0.136965 0.122419 0.097847 0.111150 0.136954 0.131777 0.148184 0.123736 0.029310 0.084893 0.129320 0.140297
993000.047165 1.965017 0.109260 0.120994 0.109012 0.114847 0.100803 0.125794 0.086054 0.082612 0.128444 0.080382 0.123010 0.025652 0.047386 0.017159 0.127528 0.121139 0.050234 0.117395 0.073445 0.097263 0.077042 0.100971 0.111230 0.136562 0.104842 0.112555 0.090053 0.108034 0.103594 0.120202 0.087112 0.149214 0.143835 0.148508 0.138769 0.149930 0.147558 0.124696 0.122022 0.147848 0.122654 0.103365 0.132284 0.156611 0.138951 0.157815 0.152808 0.140075 0.140120 0.116551 0.091296 0.109782 0.135348 0.123833 0.151989 0.125130 0.037590 0.085359 0.121922 0.141770
994000.047212 1.200959 0.098150 0.112173 0.095767 0.111948 0.098516 0.118132 0.077725 0.068266 0.114957 0.082877 0.107343 0.028436 0.051341 0.013414 0.114469 0.112555 0.041705 0.100762 0.071613 0.085158 0.083299 0.103723 0.108242 0.130495 0.109125 0.110186 0.091801 0.111620 0.106957 0.117759 0.093354 0.145631 0.145086 0.140086 0.137115 0.142911 0.145423 0.125649 0.117769 0.141909 0.116294 0.105747 0.136623 0.147709 0.142106 0.154556 0.147313 0.141876 0.134383 0.124593 0.102335 0.110689 0.136629 0.132418 0.146661 0.119488 0.020225 0.079126 0.127471 0.136088
995000.047260 1.700283 0.097702 0.113406 0.094201 0.118889 0.108664 0.123478 0.074741 0.063727 0.116744 0.092457 0.106122 0.037400 0.063017 0.015961 0.115631 0.115039 0.034710 0.101302 0.084353 0.082557 0.093487 0.100338 0.106860 0.126494 0.103286 0.101199 0.088438 0.102930 0.102191 0.111542 0.092895 0.146976 0.149149 0.133022 0.135925 0.140936 0.145603 0.115110 0.115048 0.140394 0.106030 0.103265 0.143360 0.144406 0.146365 0.158401 0.145053 0.148228 0.135747 0.128089 0.102154 0.105622 0.139163 0.137665 0.141314 0.116307 0.030612 0.077570 0.135029 0.132909
996000.047307 0.808568 0.098642 0.114568 0.097199 0.117581 0.106202 0.123925 0.076075 0.067010 0.119145 0.088514 0.110928 0.032893 0.056772 0.011007 0.117422 0.116206 0.038180 0.103535 0.079907 0.085469 0.087494 0.099078 0.105692 0.127482 0.102542 0.104607 0.087386 0.104280 0.102392 0.112982 0.090027 0.146898 0.147725 0.137438 0.138717 0.144910 0.146768 0.117625 0.115504 0.141228 0.110751 0.102584 0.139949 0.148337 0.145042 0.158200 0.147037 0.145251 0.137886 0.124835 0.097942 0.106050 0.138787 0.134165 0.145624 0.117680 0.029028 0.077798 0.131162 0.133776
997000.047355 4.565284 0.118588 0.125725 0.115465 0.112593 0.096938 0.126112 0.096642 0.089796 0.130505 0.075248 0.125357 0.017084 0.044158 0.026154 0.133842 0.121033 0.060119 0.124070 0.069678 0.105818 0.077652 0.109468 0.121485 0.144589 0.110444 0.112914 0.102048 0.107993 0.101874 0.127156 0.095783 0.153834 0.145639 0.151122 0.133163 0.146129 0.146972 0.128555 0.132144 0.154542 0.124364 0.105129 0.133577 0.157028 0.138961 0.159703 0.155270 0.142365 0.133662 0.116615 0.096660 0.120584 0.132058 0.125379 0.151685 0.132666 0.031065 0.096925 0.123526 0.149930
998000.047402 3.884366 0.110326 0.117292 0.109514 0.103369 0.085467 0.115481 0.091335 0.087722 0.123129 0.066584 0.120920 0.015501 0.032092 0.024125 0.125009 0.114097 0.060732 0.116395 0.054960 0.101602 0.064323 0.106543 0.114349 0.139094 0.112528 0.118865 0.097592 0.115160 0.106696 0.126171 0.090746 0.144736 0.136861 0.150767 0.133649 0.144056 0.142212 0.134393 0.125445 0.147458 0.129836 0.105724 0.123789 0.153482 0.132034 0.149640 0.149611 0.131271 0.131962 0.112906 0.095076 0.116798 0.129183 0.118464 0.149570 0.127082 0.032032 0.089899 0.112707 0.143646
999000.047450 0.920656 0.094888 0.112062 0.093853 0.117771 0.107345 0.122613 0.071859 0.064309 0.117056 0.090864 0.108140 0.036685 0.059735 0.011745 0.113906 0.115321 0.032664 0.100196 0.081379 0.081371 0.089520 0.098090 0.103054 0.126187 0.103732 0.107086 0.083957 0.108319 0.106032 0.112325 0.089103 0.145296 0.147334 0.137403 0.140307 0.145179 0.146859 0.119637 0.112584 0.139295 0.112405 0.104116 0.140608 0.147695 0.145546 0.157455 0.146538 0.145188 0.139548 0.126952 0.099555 0.103472 0.140913 0.134882 0.145883 0.115682 0.032232 0.072909 0.131550 0.131938
1000000.047497 7.174271 0.116142 0.120537 0.114748 0.101500 0.081129 0.115154 0.098582 0.094020 0.124856 0.062180 0.123782 0.014471 0.028000 0.032787 0.129047 0.114522 0.068774 0.121369 0.051153 0.106980 0.062479 0.110510 0.119752 0.143750 0.114997 0.119589 0.103964 0.114302 0.105627 0.130165 0.094229 0.146380 0.136139 0.153712 0.131521 0.143326 0.141842 0.136080 0.130534 0.150586 0.132104 0.106586 0.121972 0.154659 0.130199 0.148981 0.151133 0.130103 0.129607 0.111143 0.095894 0.121876 0.126636 0.116754 0.150536 0.131112 0.032400 0.097255 0.110790 0.148100
1001000.047545 0.864209 0.097387 0.113163 0.095884 0.116979 0.105869 0.122633 0.074613 0.066496 0.117846 0.088761 0.109267 0.033551 0.057693 0.011379 0.115801 0.115340 0.036392 0.102686 0.079794 0.083943 0.088230 0.098514 0.104725 0.127098 0.103182 0.105577 0.085815 0.106163 0.103751 0.112558 0.089189 0.145750 0.146963 0.137140 0.138504 0.144103 0.146050 0.118830 0.114035 0.139999 0.111617 0.102849 0.139640 0.147487 0.144427 0.157137 0.146465 0.144669 0.137735 0.125365 0.098815 0.104736 0.138957 0.134077 0.145198 0.116404 0.029715 0.075642 0.130693 0.133032
1002000.047592 3.493076 0.109400 0.118355 0.110047 0.106083 0.088363 0.117995 0.089995 0.087452 0.124893 0.069064 0.122704 0.017060 0.032714 0.022878 0.125234 0.116652 0.058924 0.116398 0.057138 0.100658 0.065164 0.105046 0.112426 0.138944 0.112230 0.121221 0.094938 0.117609 0.109056 0.125959 0.088826 0.145389 0.138091 0.152673 0.137403 0.147522 0.144211 0.135748 0.124126 0.147305 0.131997 0.106400 0.124681 0.155740 0.133674 0.151105 0.151199 0.132182 0.136002 0.113995 0.094029 0.115246 0.131948 0.119220 0.152284 0.126645 0.032893 0.087727 0.113556 0.143271
1003000.047640 3.130432 0.112957 0.120770 0.111560 0.108718 0.092907 0.121219 0.091410 0.087764 0.127443 0.072425 0.123439 0.017610 0.039513 0.021658 0.128832 0.118343 0.057486 0.119881 0.063927 0.102454 0.070573 0.105826 0.115634 0.140427 0.110057 0.116442 0.096654 0.112280 0.104870 0.125163 0.090393 0.148414 0.140798 0.150739 0.134346 0.145832 0.144571 0.131142 0.126588 0.149926 0.127517 0.104679 0.128290 0.155328 0.135209 0.154440 0.151982 0.136643 0.134345 0.114292 0.094343 0.115913 0.131276 0.121331 0.150332 0.128345 0.034336 0.090558 0.117724 0.145378
1004000.047687 4.323440 0.092508 0.111640 0.089829 0.121000 0.111149 0.123075 0.071977 0.057612 0.112029 0.097272 0.100093 0.044928 0.067685 0.025452 0.110509 0.113795 0.034433 0.093456 0.086665 0.076731 0.098591 0.100818 0.104135 0.123083 0.105687 0.102217 0.089563 0.107297 0.106010 0.110087 0.094889 0.145446 0.149656 0.130430 0.136577 0.138634 0.144126 0.117597 0.112254 0.137028 0.105097 0.104790 0.144961 0.140987 0.146951 0.155785 0.142779 0.149629 0.134462 0.132057 0.107481 0.105739 0.139897 0.142843 0.140055 0.111893 0.026171 0.075447 0.138756 0.129883
1005000.047735 3.343218 0.111329 0.119653 0.110555 0.108126 0.091957 0.119990 0.090247 0.087708 0.127008 0.072300 0.123365 0.020211 0.039791 0.022382 0.127320 0.118236 0.057279 0.118455 0.062694 0.101980 0.069304 0.104741 0.113599 0.139010 0.110220 0.117628 0.094245 0.113626 0.106186 0.124750 0.089207 0.146691 0.139249 0.151081 0.135930 0.146886 0.144481 0.131838 0.124952 0.148620 0.128514 0.105089 0.126779 0.155449 0.134368 0.153213 0.151429 0.134283 0.135834 0.113952 0.093414 0.114434 0.131927 0.119432 0.150896 0.127084 0.038179 0.088425 0.115456 0.143809
1006000.047782 4.609024 0.109372 0.117997 0.107237 0.105724 0.086543 0.115662 0.091740 0.084549 0.120719 0.070450 0.116118 0.017652 0.037866 0.026279 0.123040 0.114398 0.059501 0.112024 0.056592 0.099142 0.071187 0.107798 0.114949 0.138184 0.113281 0.115117 0.100093 0.113829 0.104926 0.125134 0.093932 0.146569 0.139756 0.147764 0.132892 0.141959 0.143288 0.133118 0.125915 0.147767 0.125549 0.104606 0.127150 0.150864 0.134189 0.150611 0.149871 0.134729 0.129394 0.115695 0.099191 0.118276 0.129284 0.123479 0.149293 0.125122 0.023871 0.090867 0.117359 0.143652
1007000.047830 1.671820 0.104469 0.117331 0.103198 0.112276 0.096188 0.120425 0.084305 0.076649 0.121259 0.079803 0.115143 0.024166 0.046595 0.015827 0.121366 0.116651 0.050273 0.108504 0.067531 0.092810 0.078509 0.103921 0.110923 0.133842 0.108998 0.109590 0.095168 0.108536 0.103748 0.119787 0.092264 0.148801 0.145558 0.143965 0.137081 0.145606 0.147648 0.125362 0.121311 0.146377 0.118460 0.104257 0.135044 0.151815 0.141281 0.156133 0.150580 0.141685 0.135455 0.121847 0.099823 0.112488 0.135600 0.130469 0.149176 0.121768 0.025322 0.085076 0.125287 0.140058
1008000.047877 2.357783 0.109900 0.121148 0.107791 0.113663 0.097788 0.123835 0.088920 0.080903 0.124782 0.078793 0.118316 0.018642 0.045955 0.018796 0.126165 0.118922 0.052012 0.114248 0.069698 0.097005 0.080190 0.104843 0.114203 0.137368 0.108032 0.109723 0.096449 0.107476 0.101749 0.121388 0.092830 0.150946 0.146180 0.145661 0.135300 0.145283 0.147064 0.125639 0.124904 0.148821 0.119503 0.103024 0.135079 0.152897 0.140668 0.158053 0.152191 0.142720 0.134279 0.119529 0.097587 0.114866 0.133982 0.129078 0.150147 0.125039 0.023309 0.089053 0.125706 0.143217
1009000.047925 0.529450 0.099163 0.114587 0.097187 0.117839 0.106753 0.124087 0.075743 0.067361 0.119657 0.089383 0.111217 0.034225 0.057816 0.008907 0.117906 0.116472 0.037662 0.104444 0.080932 0.085341 0.087822 0.101279 0.107835 0.129819 0.105075 0.106660 0.088746 0.106379 0.105146 0.115205 0.091625 0.148575 0.149382 0.139336 0.140271 0.146682 0.149009 0.119391 0.116964 0.143252 0.112596 0.105590 0.141493 0.150443 0.146789 0.159994 0.149164 0.146814 0.140092 0.126808 0.100007 0.107232 0.141169 0.135158 0.146883 0.119962 0.032053 0.078255 0.132054 0.135839
1010000.047972 0.793195 0.101486 0.116043 0.101407 0.113655 0.099142 0.121706 0.080646 0.073636 0.120573 0.081398 0.114426 0.025125 0.047130 0.010902 0.119371 0.116383 0.045347 0.106666 0.070422 0.089593 0.079585 0.101114 0.107508 0.131922 0.106994 0.111543 0.090207 0.110680 0.105681 0.118082 0.089358 0.147088 0.145009 0.144129 0.139372 0.146885 0.146963 0.125886 0.118391 0.143765 0.119592 0.104220 0.134700 0.152024 0.141562 0.155956 0.149843 0.141006 0.137628 0.121620 0.097143 0.109648 0.136922 0.129774 0.150091 0.120380 0.023698 0.080637 0.125210 0.137618
1011000.048020 1.762255 0.109669 0.121760 0.108942 0.114003 0.097613 0.124544 0.088402 0.081970 0.126682 0.078370 0.121145 0.019464 0.043564 0.016250 0.126872 0.120462 0.052712 0.115143 0.068614 0.097536 0.076747 0.104821 0.113795 0.138523 0.109087 0.113097 0.095279 0.109936 0.104913 0.123033 0.091328 0.151459 0.146070 0.149560 0.139536 0.149923 0.149470 0.127837 0.124901 0.149865 0.123089 0.105328 0.133817 0.156981 0.140938 0.158554 0.154729 0.141462 0.138890 0.119475 0.096112 0.114517 0.136394 0.127278 0.153978 0.126297 0.027779 0.088224 0.123514 0.144228
1012000.048067 1.881580 0.108359 0.119035 0.107866 0.111365 0.097434 0.123081 0.086202 0.081723 0.125724 0.076550 0.121589 0.022031 0.042843 0.016791 0.125799 0.117706 0.051792 0.115671 0.069613 0.097056 0.074237 0.103642 0.112520 0.137369 0.107334 0.115030 0.092712 0.110601 0.105689 0.122454 0.089819 0.148190 0.142733 0.149174 0.137934 0.148781 0.146289 0.127545 0.123390 0.147564 0.124323 0.105546 0.131329 0.156183 0.138604 0.156534 0.151974 0.138420 0.138184 0.117078 0.093108 0.112836 0.134634 0.123505 0.151648 0.127039 0.032882 0.086254 0.120702 0.142223
1013000.048115 1.623896 0.094118 0.113479 0.092947 0.121250 0.110090 0.124655 0.072080 0.061668 0.116538 0.094923 0.106378 0.039445 0.063150 0.015599 0.113243 0.116840 0.032122 0.097545 0.084260 0.079114 0.094278 0.100417 0.104481 0.126730 0.106393 0.106486 0.086793 0.108954 0.107903 0.113237 0.092873 0.147924 0.151381 0.136910 0.142467 0.146170 0.149629 0.119980 0.113594 0.140415 0.110818 0.106719 0.145244 0.147935 0.149700 0.159990 0.147985 0.149454 0.141372 0.131891 0.104028 0.105329 0.144329 0.140337 0.146719 0.115832 0.029726 0.074111 0.136460 0.132748
1014000.048162 5.060158 0.109706 0.118540 0.112628 0.108031 0.093641 0.121158 0.088116 0.090244 0.129047 0.071631 0.128224 0.028674 0.037573 0.027535 0.127636 0.119135 0.059994 0.121276 0.064096 0.102623 0.062827 0.097043 0.106717 0.134261 0.103497 0.119907 0.086542 0.113618 0.105403 0.119991 0.079037 0.141099 0.133432 0.150678 0.135747 0.147261 0.140032 0.130255 0.118662 0.142781 0.131731 0.100781 0.119753 0.154600 0.128832 0.148059 0.147224 0.128203 0.137408 0.106966 0.083285 0.107340 0.128428 0.112853 0.148670 0.122949 0.046221 0.084410 0.109167 0.138490
1015000.048210 2.267965 0.093734 0.113207 0.091996 0.124175 0.115482 0.127450 0.069666 0.059195 0.116959 0.099393 0.106388 0.044714 0.068187 0.018434 0.113714 0.117221 0.028732 0.098182 0.091002 0.077590 0.098274 0.099429 0.104350 0.125379 0.103625 0.103944 0.085189 0.105696 0.107142 0.111036 0.093075 0.148264 0.153366 0.134400 0.142686 0.146073 0.149921 0.115428 0.112608 0.139626 0.107366 0.106923 0.148667 0.147208 0.152355 0.162175 0.147006 0.152595 0.143123 0.133659 0.103351 0.103422 0.146402 0.142537 0.144536 0.116088 0.035457 0.073236 0.140057 0.131259
1016000.048257 1.192172 0.102689 0.117835 0.100721 0.119327 0.107548 0.126647 0.079423 0.070764 0.122363 0.089210 0.113381 0.032126 0.057411 0.013365 0.121441 0.118720 0.039785 0.108141 0.081486 0.088187 0.088856 0.100205 0.108633 0.130790 0.103269 0.104800 0.089589 0.103997 0.101899 0.114627 0.090645 0.149805 0.149534 0.139160 0.138069 0.145371 0.147948 0.118197 0.118267 0.144251 0.111747 0.102735 0.141127 0.149962 0.145588 0.160397 0.149325 0.147679 0.138134 0.124784 0.098345 0.107541 0.138932 0.134848 0.146551 0.119729 0.030012 0.081214 0.132575 0.136980
1017000.048305 0.998991 0.099546 0.112952 0.098939 0.113906 0.103935 0.122358 0.075695 0.070795 0.119887 0.084502 0.114406 0.032902 0.052994 0.012235 0.118469 0.114345 0.041183 0.107225 0.077624 0.087548 0.081962 0.099965 0.106739 0.130319 0.103995 0.111100 0.086729 0.108896 0.106402 0.116118 0.088775 0.145635 0.145074 0.142047 0.139312 0.147148 0.146314 0.121891 0.116378 0.141881 0.117643 0.105247 0.136838 0.151801 0.142943 0.157311 0.148116 0.142143 0.139580 0.122697 0.095704 0.106566 0.138497 0.129579 0.147614 0.121412 0.034311 0.077406 0.126852 0.135322
1018000.048352 0.996628 0.100163 0.114762 0.098865 0.114201 0.100707 0.120897 0.078673 0.072126 0.119529 0.084401 0.111868 0.029669 0.052438 0.012220 0.117722 0.115890 0.041567 0.104964 0.073322 0.087759 0.083234 0.102697 0.108176 0.132406 0.109432 0.112597 0.089781 0.113168 0.108549 0.118935 0.091500 0.147557 0.146337 0.143565 0.139818 0.146428 0.148058 0.127018 0.118395 0.144313 0.119455 0.106816 0.137281 0.151463 0.143335 0.157171 0.150205 0.142819 0.138493 0.124880 0.100871 0.109417 0.139350 0.131644 0.149415 0.120546 0.029686 0.078797 0.127282 0.137864
1019000.048400 1.464997 0.103573 0.117874 0.101517 0.119084 0.107736 0.126747 0.079873 0.071784 0.122981 0.088775 0.114682 0.031941 0.057714 0.014816 0.122005 0.118792 0.041036 0.109490 0.081935 0.089416 0.088806 0.100407 0.109179 0.131100 0.102673 0.104725 0.089243 0.103173 0.101481 0.114746 0.090874 0.149665 0.149350 0.139327 0.138331 0.146081 0.148110 0.117462 0.118549 0.144264 0.111803 0.102731 0.141297 0.150579 0.145853 0.160932 0.149414 0.147291 0.138711 0.124546 0.097596 0.107598 0.139017 0.134120 0.146889 0.120877 0.032101 0.081428 0.132144 0.137120
1020000.048447 1.974457 0.105775 0.116604 0.105669 0.107837 0.091262 0.118121 0.086076 0.081352 0.121951 0.072935 0.118219 0.018023 0.037738 0.017200 0.122074 0.115233 0.053568 0.111498 0.060994 0.096069 0.070439 0.104026 0.110736 0.135928 0.110352 0.116566 0.093830 0.114193 0.106975 0.122852 0.089735 0.145953 0.140726 0.148602 0.137181 0.146269 0.145011 0.131511 0.122082 0.145897 0.126141 0.105299 0.128579 0.153645 0.136658 0.152704 0.150436 0.135404 0.135188 0.117096 0.096026 0.113629 0.133253 0.123680 0.150954 0.124037 0.027197 0.085011 0.118144 0.141013
1021000.048495 2.110952 0.106626 0.117918 0.107387 0.111004 0.096058 0.121568 0.084902 0.082135 0.125117 0.076278 0.121068 0.023481 0.042327 0.017785 0.124396 0.117912 0.052301 0.115059 0.067903 0.096078 0.072361 0.099514 0.108674 0.134092 0.104713 0.113147 0.089201 0.108883 0.103539 0.118927 0.084869 0.145704 0.140611 0.147391 0.137505 0.147825 0.144942 0.125649 0.119302 0.144444 0.123469 0.102230 0.128457 0.154327 0.136046 0.153421 0.150132 0.135925 0.137806 0.114811 0.090669 0.108425 0.133083 0.122003 0.150424 0.122265 0.035003 0.083582 0.118280 0.139240
1022000.048542 0.644837 0.103285 0.116887 0.102206 0.114237 0.100154 0.122536 0.081511 0.074383 0.121978 0.082367 0.115666 0.026218 0.048846 0.009830 0.121331 0.117267 0.046036 0.108694 0.072208 0.090967 0.080210 0.103641 0.110640 0.134158 0.108456 0.110813 0.092993 0.109213 0.105804 0.119796 0.091800 0.149701 0.147489 0.144783 0.139923 0.148340 0.149475 0.124785 0.120728 0.146473 0.118709 0.106111 0.137261 0.153814 0.143810 0.158645 0.151891 0.143631 0.139124 0.123710 0.099449 0.111335 0.138797 0.131672 0.150517 0.123000 0.028572 0.082920 0.127319 0.139965
1023000.048590 2.163702 0.109058 0.118267 0.108520 0.108232 0.093213 0.120365 0.087768 0.084104 0.125255 0.072629 0.121975 0.018805 0.038565 0.018006 0.125723 0.116406 0.054453 0.116423 0.064925 0.098879 0.069826 0.104394 0.113024 0.138008 0.108729 0.116691 0.093603 0.112040 0.106147 0.123820 0.089506 0.146732 0.140228 0.150236 0.136772 0.147649 0.144772 0.129753 0.123965 0.147472 0.126548 0.105743 0.128057 0.155843 0.135945 0.153995 0.151277 0.135128 0.136608 0.115052 0.092965 0.113758 0.132780 0.120717 0.151066 0.127343 0.033807 0.087056 0.117107 0.142697
1024000.048637 1.922559 0.103442 0.117550 0.099546 0.120009 0.109367 0.126592 0.079625 0.069554 0.121499 0.091324 0.111403 0.034700 0.061672 0.016973 0.120950 0.118209 0.038945 0.107519 0.084625 0.088466 0.092611 0.102906 0.111094 0.131455 0.104381 0.103647 0.090985 0.103726 0.102553 0.115285 0.094178 0.150706 0.151221 0.137499 0.137708 0.144330 0.148470 0.117369 0.119860 0.144957 0.109570 0.104354 0.143895 0.148848 0.147624 0.161950 0.149360 0.149517 0.137793 0.127200 0.101198 0.109352 0.140190 0.136826 0.145334 0.121389 0.032343 0.082013 0.134999 0.137777
1025000.048685 2.505460 0.104125 0.119762 0.101015 0.120045 0.105549 0.126122 0.083198 0.070689 0.120803 0.089714 0.110735 0.031691 0.057736 0.019375 0.120879 0.119607 0.044080 0.105151 0.079037 0.088319 0.091197 0.105868 0.112725 0.133716 0.109206 0.106010 0.096405 0.107737 0.104614 0.118470 0.097007 0.152680 0.152252 0.140442 0.139142 0.145502 0.150341 0.122786 0.122223 0.147056 0.112902 0.105766 0.143481 0.150055 0.147690 0.161129 0.151646 0.150126 0.137193 0.128320 0.104725 0.113578 0.139999 0.138747 0.148727 0.121669 0.018661 0.085497 0.135182 0.140330
1026000.048732 1.375664 0.100815 0.113976 0.098325 0.111507 0.097093 0.118443 0.080783 0.071417 0.116752 0.080952 0.109470 0.025190 0.049293 0.014357 0.116761 0.113431 0.044835 0.103371 0.069570 0.088421 0.081882 0.104973 0.110191 0.132549 0.110094 0.110884 0.093597 0.111656 0.106478 0.119583 0.094051 0.146922 0.145257 0.141879 0.136880 0.143457 0.146005 0.126843 0.120112 0.143927 0.117713 0.105902 0.135963 0.149105 0.141772 0.155244 0.148761 0.141445 0.134099 0.123680 0.102035 0.112704 0.136145 0.131483 0.147826 0.121257 0.020445 0.081760 0.126489 0.138280
1027000.048780 3.431961 0.099194 0.114482 0.098914 0.120857 0.113281 0.127609 0.073149 0.071447 0.123473 0.094094 0.115872 0.044465 0.064615 0.022677 0.119653 0.118695 0.036459 0.109446 0.089334 0.086446 0.090390 0.094928 0.103296 0.127561 0.098890 0.108712 0.078968 0.105661 0.105328 0.111586 0.084804 0.146134 0.147614 0.140460 0.143407 0.150114 0.148598 0.116257 0.112498 0.140440 0.115155 0.103789 0.140293 0.152411 0.145684 0.160582 0.148677 0.145422 0.145736 0.123805 0.092745 0.099520 0.142735 0.131153 0.147905 0.118403 0.049160 0.073345 0.130685 0.132515
1028000.048827 1.890653 0.103102 0.116942 0.101158 0.114160 0.098802 0.121138 0.082962 0.073280 0.119431 0.082855 0.111797 0.026767 0.050219 0.016831 0.119439 0.116646 0.047589 0.105435 0.070468 0.090325 0.082536 0.104381 0.110606 0.133000 0.109270 0.109316 0.095062 0.110250 0.104877 0.118994 0.093295 0.148818 0.146820 0.142446 0.137567 0.144559 0.147349 0.126107 0.120822 0.145342 0.117333 0.104357 0.136691 0.150105 0.142399 0.156163 0.150031 0.143483 0.134889 0.123428 0.101704 0.112924 0.136248 0.133099 0.148748 0.120767 0.018920 0.084008 0.128029 0.139400
1029000.048875 7.497776 0.113993 0.116329 0.112707 0.096596 0.077622 0.111162 0.096705 0.094112 0.122162 0.057351 0.122978 0.015067 0.022710 0.033518 0.126168 0.110702 0.069230 0.120093 0.046058 0.106927 0.056584 0.110821 0.118242 0.142334 0.116386 0.124308 0.102478 0.119250 0.108826 0.131007 0.093730 0.141889 0.131806 0.152811 0.130201 0.141267 0.138201 0.140076 0.129020 0.147496 0.135802 0.107829 0.118198 0.152353 0.127257 0.145441 0.147369 0.125448 0.127953 0.109077 0.095207 0.121761 0.124809 0.112811 0.147629 0.131510 0.035801 0.094904 0.106181 0.145545
1030000.048922 1.433871 0.097162 0.111724 0.095229 0.112084 0.098473 0.117680 0.077287 0.067794 0.114462 0.083287 0.107132 0.029434 0.051827 0.014658 0.113538 0.112378 0.042495 0.099725 0.071128 0.084884 0.083682 0.104021 0.107863 0.130131 0.110187 0.110829 0.091943 0.112533 0.108039 0.117990 0.093859 0.145706 0.145668 0.140305 0.138212 0.143630 0.146204 0.126361 0.117377 0.141699 0.116682 0.106668 0.137369 0.148113 0.143111 0.154811 0.147564 0.142062 0.135308 0.126067 0.103668 0.110827 0.137804 0.133682 0.147220 0.119108 0.021350 0.078470 0.127950 0.135842
1031000.048970 4.388934 0.092818 0.109955 0.088147 0.122401 0.116630 0.124862 0.068535 0.055661 0.113226 0.101108 0.101690 0.048912 0.073674 0.025644 0.111371 0.113112 0.027401 0.096493 0.095010 0.076087 0.103122 0.101896 0.106309 0.123434 0.103687 0.100121 0.087525 0.102808 0.105846 0.109599 0.097625 0.145894 0.151724 0.127789 0.136226 0.139187 0.144989 0.111064 0.112537 0.137349 0.100865 0.107494 0.150799 0.141134 0.151511 0.160454 0.141821 0.153036 0.137320 0.135945 0.107945 0.104094 0.143404 0.144473 0.137377 0.116254 0.039996 0.074050 0.142659 0.129148
1032000.049017 1.356090 0.101258 0.116904 0.099786 0.118304 0.106036 0.125299 0.078997 0.070078 0.121077 0.087876 0.112913 0.031577 0.055859 0.014254 0.119493 0.117697 0.040342 0.105992 0.080183 0.087538 0.087406 0.101543 0.108663 0.131115 0.104847 0.107791 0.088976 0.106668 0.104859 0.116352 0.091732 0.149268 0.149212 0.141224 0.141480 0.148021 0.149315 0.120558 0.118531 0.143906 0.114142 0.105344 0.140143 0.151825 0.146156 0.160270 0.150613 0.145492 0.140465 0.125202 0.098146 0.108671 0.140656 0.133366 0.149514 0.121086 0.029451 0.080201 0.130820 0.137056
1033000.049065 2.480109 0.087236 0.105762 0.088335 0.117293 0.111284 0.121049 0.062314 0.059100 0.113687 0.094249 0.106343 0.046205 0.064735 0.019277 0.108174 0.111655 0.027021 0.096341 0.087091 0.075676 0.090624 0.091625 0.095229 0.119109 0.097664 0.107590 0.073511 0.107406 0.107263 0.106324 0.083257 0.139215 0.144300 0.134702 0.143339 0.146384 0.144670 0.115188 0.104312 0.131941 0.111672 0.103267 0.139268 0.146436 0.145080 0.154907 0.142453 0.141826 0.143188 0.126482 0.094710 0.095088 0.142807 0.132703 0.144292 0.111067 0.043453 0.062955 0.129938 0.124222
1034000.049112 2.411474 0.110446 0.119758 0.107606 0.110654 0.094981 0.121178 0.089328 0.082564 0.124147 0.076040 0.118092 0.017577 0.044500 0.019009 0.125652 0.117132 0.053203 0.114920 0.066840 0.098480 0.077490 0.107075 0.115777 0.139212 0.110934 0.113248 0.097047 0.111240 0.104689 0.124106 0.093878 0.149843 0.144204 0.147571 0.134872 0.144819 0.146205 0.129399 0.126283 0.149501 0.122866 0.105440 0.133011 0.153381 0.138953 0.156678 0.152229 0.140244 0.133780 0.118842 0.098585 0.116396 0.133570 0.126365 0.150161 0.127081 0.027213 0.089111 0.122661 0.144558
1035000.049160 1.794692 0.097527 0.115039 0.097130 0.118685 0.106747 0.124515 0.076240 0.066700 0.118284 0.089415 0.110032 0.034366 0.056915 0.016398 0.116228 0.116238 0.038758 0.101941 0.080132 0.084054 0.089060 0.099978 0.105516 0.128394 0.104981 0.108395 0.087489 0.108794 0.106369 0.114588 0.090863 0.147537 0.148926 0.139719 0.141576 0.146530 0.147996 0.121580 0.115649 0.141100 0.114004 0.105126 0.140538 0.149792 0.146338 0.158542 0.148695 0.145550 0.139674 0.126860 0.099569 0.107106 0.140969 0.135647 0.148476 0.117730 0.025433 0.077209 0.131988 0.134386
1036000.049207 3.938317 0.114239 0.122854 0.113779 0.108997 0.090854 0.121641 0.094069 0.090026 0.128701 0.070977 0.125169 0.014801 0.036264 0.024292 0.130120 0.119741 0.060492 0.120686 0.060734 0.104136 0.068986 0.105873 0.115873 0.141360 0.110776 0.116925 0.097901 0.112377 0.104504 0.126188 0.090303 0.149125 0.140539 0.152634 0.135120 0.146853 0.145267 0.132314 0.127629 0.150976 0.128842 0.104438 0.126936 0.156629 0.134545 0.154101 0.153228 0.135512 0.134569 0.113434 0.093602 0.117059 0.130904 0.120461 0.152271 0.128350 0.032786 0.092489 0.116327 0.146479
1037000.049255 1.487377 0.105592 0.120173 0.103571 0.120549 0.108265 0.128594 0.081579 0.074230 0.125384 0.089458 0.116610 0.032111 0.057542 0.014929 0.124123 0.121423 0.041421 0.111407 0.082372 0.090581 0.088541 0.101777 0.110873 0.134119 0.104742 0.107389 0.089968 0.105723 0.103728 0.117314 0.091372 0.151987 0.150684 0.142863 0.140911 0.149233 0.150877 0.120185 0.120571 0.147030 0.115009 0.104620 0.141504 0.153631 0.146520 0.162712 0.152737 0.148349 0.141671 0.124638 0.097636 0.108825 0.140870 0.133536 0.150302 0.123009 0.033919 0.082786 0.132049 0.139838
1038000.049302 1.502565 0.107394 0.119419 0.105462 0.113472 0.097789 0.122625 0.086173 0.078584 0.123461 0.080043 0.116794 0.021774 0.047017 0.015005 0.124152 0.118094 0.050046 0.111911 0.069723 0.094646 0.079817 0.104873 0.113267 0.136405 0.109008 0.109837 0.095846 0.108181 0.103514 0.121047 0.092804 0.150721 0.146792 0.145291 0.136862 0.146176 0.148332 0.125502 0.123497 0.148376 0.119038 0.104606 0.135948 0.153191 0.141798 0.158060 0.152313 0.143184 0.135936 0.121594 0.099336 0.113644 0.135918 0.130301 0.150074 0.124026 0.025228 0.086938 0.126172 0.142379
1039000.049350 2.084309 0.106095 0.120953 0.103132 0.120342 0.106415 0.127487 0.084132 0.073598 0.123687 0.088941 0.113911 0.029383 0.057414 0.017672 0.123355 0.120766 0.043604 0.109254 0.080174 0.091136 0.090671 0.103949 0.112370 0.133910 0.106660 0.105032 0.093805 0.105001 0.102338 0.117659 0.094731 0.152829 0.151827 0.140693 0.138860 0.146118 0.150196 0.120526 0.122153 0.147396 0.112399 0.104179 0.142860 0.150983 0.147218 0.162311 0.151973 0.149278 0.138022 0.126526 0.101586 0.111832 0.139809 0.136611 0.148805 0.121994 0.026539 0.085296 0.133928 0.140400
1040000.049397 0.996480 0.105800 0.120101 0.103755 0.118312 0.104510 0.126448 0.083250 0.074626 0.124254 0.086358 0.115965 0.027623 0.053810 0.012219 0.123867 0.119914 0.044595 0.110421 0.077303 0.092061 0.086041 0.103171 0.111761 0.134258 0.106512 0.106745 0.093178 0.105615 0.102889 0.118267 0.092804 0.152131 0.150247 0.142566 0.138768 0.147111 0.150061 0.121428 0.121936 0.147787 0.114721 0.104417 0.140588 0.152707 0.145744 0.161459 0.152282 0.147384 0.138577 0.124725 0.099505 0.111310 0.139195 0.134112 0.149247 0.122632 0.027797 0.084660 0.131167 0.140629
1041000.049445 1.280559 0.105279 0.119571 0.103628 0.119068 0.106023 0.127141 0.081999 0.074578 0.124900 0.087364 0.116811 0.030391 0.055258 0.013852 0.123909 0.120537 0.043412 0.111359 0.080006 0.090906 0.086191 0.101753 0.110901 0.133760 0.104940 0.106857 0.090643 0.104633 0.103015 0.117347 0.091083 0.151500 0.149847 0.142768 0.140580 0.149202 0.150670 0.119620 0.120372 0.146772 0.114786 0.104576 0.140190 0.153722 0.145667 0.161760 0.152476 0.146884 0.141295 0.123931 0.097328 0.108863 0.140163 0.132519 0.149994 0.122729 0.033653 0.083260 0.130478 0.139611
1042000.049492 0.626688 0.101346 0.115515 0.099983 0.114213 0.100573 0.121654 0.079840 0.072037 0.119680 0.083085 0.112574 0.026377 0.050208 0.009690 0.118692 0.115799 0.043056 0.105885 0.072965 0.088700 0.082409 0.103092 0.109290 0.132848 0.108339 0.111502 0.090971 0.111204 0.107033 0.118923 0.091687 0.148184 0.146818 0.143643 0.139838 0.146793 0.148020 0.125916 0.119437 0.144531 0.118694 0.106157 0.137094 0.152015 0.143498 0.157544 0.150618 0.142840 0.138148 0.124034 0.099743 0.110710 0.138693 0.131684 0.149923 0.121616 0.024403 0.080509 0.127396 0.138510
1043000.049540 1.142433 0.099821 0.114525 0.100609 0.115202 0.102961 0.122809 0.076869 0.073974 0.121702 0.084519 0.115663 0.031275 0.052006 0.013083 0.118779 0.117110 0.041775 0.108317 0.075698 0.088278 0.081534 0.096647 0.103718 0.129489 0.103427 0.111643 0.082896 0.109829 0.106035 0.114815 0.084588 0.144963 0.144090 0.143340 0.141273 0.148558 0.146822 0.123158 0.114025 0.140880 0.119590 0.103295 0.134752 0.152311 0.141469 0.156117 0.148883 0.140306 0.141387 0.121316 0.093795 0.103428 0.138804 0.128077 0.149704 0.117946 0.035987 0.075309 0.124553 0.134505
1044000.049587 1.133121 0.097440 0.114161 0.095319 0.119824 0.109726 0.125178 0.073776 0.064455 0.118464 0.092562 0.109118 0.037235 0.061347 0.013030 0.116165 0.116560 0.033354 0.101954 0.084537 0.082584 0.091739 0.100994 0.106933 0.128912 0.104669 0.106970 0.087180 0.107566 0.106576 0.114368 0.092315 0.148434 0.150567 0.138376 0.141576 0.146697 0.149217 0.119305 0.115989 0.142093 0.111910 0.106170 0.143626 0.149637 0.148518 0.160814 0.148869 0.148380 0.140983 0.128768 0.100916 0.106618 0.142811 0.137081 0.147139 0.119355 0.031327 0.076277 0.134552 0.134729
1045000.049635 2.614862 0.111454 0.120604 0.109249 0.111299 0.096939 0.123085 0.089463 0.083318 0.126384 0.076165 0.121135 0.019522 0.044886 0.019794 0.127948 0.117942 0.053521 0.117749 0.070308 0.099501 0.076537 0.104401 0.115006 0.137798 0.105970 0.109772 0.095387 0.105138 0.100413 0.121579 0.091466 0.149456 0.143333 0.146250 0.133686 0.145280 0.145247 0.123551 0.125341 0.148802 0.119750 0.102778 0.132116 0.153818 0.138007 0.157001 0.151344 0.139597 0.134088 0.116015 0.093793 0.114022 0.131988 0.124106 0.148928 0.127059 0.032576 0.089826 0.122038 0.143302
1046000.049682 0.563694 0.097984 0.113618 0.099027 0.113989 0.101786 0.121628 0.075604 0.071983 0.120561 0.083620 0.114640 0.031080 0.050126 0.009190 0.117237 0.115851 0.040641 0.105571 0.073927 0.087362 0.079229 0.097721 0.103469 0.129252 0.104404 0.113619 0.083653 0.112015 0.107905 0.115980 0.085288 0.144578 0.143516 0.144384 0.142246 0.149029 0.146822 0.125108 0.114581 0.141122 0.120828 0.104656 0.133503 0.152910 0.141151 0.155382 0.149044 0.138998 0.141306 0.121038 0.093841 0.104963 0.138869 0.127342 0.150462 0.118577 0.034333 0.074947 0.123429 0.134577
1047000.049730 1.263780 0.102604 0.115644 0.100142 0.115242 0.103380 0.122937 0.079778 0.071359 0.119934 0.084968 0.112199 0.028921 0.054136 0.013761 0.119917 0.115775 0.042759 0.107470 0.076990 0.089258 0.085442 0.101373 0.109174 0.130809 0.104085 0.105761 0.090576 0.105160 0.101922 0.115372 0.091054 0.147619 0.146712 0.138958 0.135743 0.143308 0.145623 0.119907 0.118536 0.143132 0.112970 0.102370 0.138245 0.148605 0.142859 0.157485 0.147822 0.144391 0.135115 0.122847 0.098326 0.108936 0.136143 0.132376 0.145466 0.120223 0.026598 0.081413 0.129369 0.136828
1048000.049777 2.990973 0.111489 0.120318 0.110405 0.108905 0.092847 0.121386 0.090567 0.085784 0.125976 0.072367 0.122347 0.015322 0.038205 0.021170 0.127176 0.117760 0.056562 0.117393 0.063481 0.100764 0.071431 0.105757 0.114645 0.139603 0.109756 0.116673 0.096126 0.112868 0.105333 0.124894 0.091239 0.147909 0.140883 0.150400 0.135290 0.146328 0.144607 0.131438 0.126071 0.148880 0.127174 0.104749 0.128785 0.155062 0.136047 0.154552 0.151640 0.136436 0.134435 0.114899 0.093987 0.116383 0.131568 0.121759 0.151197 0.128291 0.029107 0.089675 0.118106 0.144338
1049000.049825 0.814566 0.103182 0.115419 0.101421 0.111794 0.097747 0.120199 0.081865 0.074418 0.120151 0.079694 0.113869 0.023036 0.047571 0.011048 0.120087 0.115009 0.046409 0.108130 0.070247 0.091229 0.079345 0.102203 0.109589 0.132325 0.106331 0.108814 0.091534 0.107322 0.102988 0.117994 0.090605 0.146847 0.144197 0.142237 0.136351 0.144653 0.145696 0.123298 0.119625 0.144129 0.116933 0.103330 0.134394 0.150519 0.140473 0.155654 0.148792 0.140397 0.135163 0.120500 0.097137 0.110349 0.134975 0.128492 0.147669 0.121429 0.026361 0.082416 0.124477 0.138126
1050000.049872 3.584943 0.115362 0.122539 0.111994 0.110437 0.094791 0.122822 0.093607 0.086883 0.127896 0.074398 0.122773 0.017330 0.044008 0.023177 0.130494 0.119047 0.057529 0.120682 0.068729 0.102671 0.075870 0.109007 0.120047 0.142517 0.110172 0.111673 0.100118 0.106772 0.102255 0.125955 0.095419 0.151851 0.144202 0.149623 0.134416 0.146920 0.147176 0.126278 0.129799 0.152619 0.122379 0.105875 0.132597 0.156455 0.138511 0.158232 0.154410 0.140141 0.134864 0.117027 0.096853 0.118520 0.132753 0.123850 0.151503 0.131450 0.033619 0.094139 0.121615 0.147801
1051000.049920 10.297499 0.114844 0.114937 0.115468 0.092996 0.075297 0.109544 0.097721 0.099027 0.123617 0.052670 0.127247 0.024041 0.017572 0.039280 0.127497 0.109739 0.073730 0.124469 0.045181 0.109910 0.047192 0.107550 0.115719 0.140091 0.113415 0.127072 0.099447 0.119581 0.108833 0.129453 0.088509 0.136206 0.124695 0.151863 0.127506 0.139231 0.132670 0.139770 0.126106 0.143385 0.139129 0.106284 0.110232 0.150265 0.120414 0.139447 0.142668 0.117887 0.127136 0.102264 0.088434 0.118389 0.120361 0.104217 0.143232 0.130251 0.046761 0.094799 0.097914 0.142300
1052000.049967 5.003756 0.110434 0.117325 0.110402 0.102293 0.083910 0.114886 0.092227 0.088995 0.123063 0.065236 0.122065 0.018163 0.029260 0.027381 0.125293 0.113731 0.063491 0.116710 0.052356 0.102486 0.061737 0.107436 0.114743 0.139689 0.113663 0.120514 0.099690 0.116302 0.107583 0.127359 0.091341 0.144920 0.136747 0.151903 0.133828 0.144504 0.142533 0.135881 0.126045 0.147924 0.131591 0.106408 0.123230 0.154224 0.132042 0.149209 0.149916 0.130927 0.131817 0.113057 0.095796 0.118160 0.129020 0.118935 0.150126 0.127779 0.032775 0.091292 0.112287 0.144240
1053000.050015 5.738783 0.112535 0.120902 0.109550 0.108427 0.089887 0.119082 0.094536 0.085178 0.122085 0.072649 0.116909 0.018187 0.040857 0.029324 0.126055 0.115754 0.061228 0.114548 0.060919 0.100579 0.075986 0.109187 0.117926 0.139865 0.112254 0.112208 0.103813 0.110561 0.101887 0.125162 0.096362 0.149855 0.143011 0.146744 0.130861 0.140833 0.143905 0.130868 0.128596 0.149827 0.122883 0.103253 0.130620 0.150730 0.136318 0.153479 0.150890 0.139181 0.127511 0.116612 0.100346 0.120634 0.128571 0.127349 0.148800 0.126779 0.016903 0.094924 0.122144 0.145776
1054000.050062 0.945294 0.099320 0.116459 0.098837 0.118458 0.105304 0.124825 0.077814 0.068647 0.120009 0.088309 0.111924 0.032101 0.054686 0.011901 0.118159 0.117534 0.040405 0.103694 0.078181 0.085813 0.086700 0.101066 0.107147 0.130177 0.106092 0.108396 0.089612 0.108451 0.106036 0.116047 0.091280 0.149178 0.149589 0.141365 0.141870 0.147764 0.149573 0.122225 0.117391 0.143475 0.114860 0.105531 0.140314 0.151526 0.146444 0.159327 0.150384 0.146111 0.140310 0.126463 0.099858 0.108388 0.141074 0.135389 0.149488 0.119103 0.024636 0.079222 0.131520 0.136386
1055000.050110 1.660880 0.102786 0.117381 0.099808 0.120444 0.110358 0.127321 0.078241 0.069902 0.122714 0.091963 0.113568 0.036542 0.061715 0.015775 0.121568 0.118612 0.038338 0.108605 0.085598 0.087962 0.091594 0.103275 0.111362 0.132643 0.105450 0.106146 0.090683 0.104988 0.104949 0.116729 0.094006 0.151740 0.152316 0.139716 0.140001 0.147225 0.150740 0.118053 0.119987 0.146146 0.111744 0.106895 0.144832 0.151759 0.149290 0.163821 0.151104 0.150319 0.141201 0.128512 0.101203 0.108870 0.142848 0.136927 0.146907 0.123101 0.036938 0.081382 0.135237 0.138536
1056000.050157 2.124863 0.099556 0.117680 0.097661 0.124081 0.113162 0.129046 0.076310 0.065171 0.120680 0.095942 0.110010 0.038803 0.064177 0.017843 0.118612 0.119915 0.035557 0.103324 0.087434 0.083729 0.095859 0.100060 0.107018 0.128313 0.103145 0.103113 0.088258 0.104362 0.103779 0.112510 0.092464 0.150524 0.153164 0.136593 0.141466 0.146279 0.149932 0.116639 0.116264 0.142588 0.108536 0.104061 0.146131 0.148692 0.150083 0.162390 0.149103 0.151779 0.140989 0.129814 0.101218 0.106388 0.143194 0.140374 0.146464 0.117589 0.029380 0.078710 0.138081 0.134846
1057000.050205 2.283444 0.092979 0.111662 0.090637 0.120622 0.111032 0.123544 0.070420 0.059173 0.114463 0.096236 0.103178 0.042156 0.066166 0.018497 0.111826 0.114790 0.029529 0.096168 0.086589 0.077414 0.096418 0.098529 0.102964 0.123401 0.103311 0.101982 0.085755 0.105395 0.104656 0.109472 0.092146 0.145275 0.149127 0.131656 0.137641 0.140827 0.145244 0.115683 0.111385 0.137588 0.105665 0.103774 0.144579 0.142919 0.147223 0.157276 0.143589 0.148891 0.136865 0.130589 0.103811 0.102971 0.140851 0.140032 0.141173 0.112762 0.030683 0.073168 0.136934 0.129729
1058000.050252 4.049356 0.115577 0.124577 0.111566 0.115309 0.100427 0.126771 0.093150 0.084637 0.129022 0.080530 0.121841 0.023243 0.051255 0.024632 0.131465 0.121471 0.055022 0.120364 0.075893 0.100984 0.083372 0.107518 0.119683 0.140424 0.106916 0.105303 0.099768 0.100689 0.098269 0.122321 0.096420 0.154456 0.148303 0.145059 0.134257 0.146634 0.149121 0.119618 0.128892 0.152615 0.115464 0.103776 0.137830 0.154792 0.142285 0.161960 0.154455 0.145442 0.135395 0.119832 0.097734 0.116605 0.134390 0.128517 0.150122 0.129485 0.034235 0.094527 0.127474 0.146439
1059000.050300 2.295838 0.105266 0.117769 0.104279 0.110943 0.094195 0.119972 0.086126 0.077872 0.120691 0.077059 0.115269 0.020319 0.042485 0.018547 0.121383 0.115931 0.051943 0.108674 0.065042 0.093532 0.076666 0.105849 0.112367 0.135984 0.110948 0.113573 0.096775 0.112393 0.106227 0.122500 0.093347 0.148780 0.144845 0.146718 0.137894 0.146176 0.147160 0.129645 0.123195 0.146839 0.122298 0.105788 0.133243 0.152997 0.140423 0.155329 0.151592 0.140076 0.134979 0.120928 0.099877 0.115420 0.135027 0.129273 0.151418 0.123982 0.018120 0.086530 0.123856 0.141720
1060000.050347 0.604441 0.098854 0.114330 0.099584 0.115440 0.103359 0.122817 0.076109 0.072128 0.121071 0.085071 0.114751 0.031276 0.051972 0.009517 0.118024 0.116869 0.040492 0.106327 0.075284 0.087989 0.081474 0.096986 0.103296 0.128852 0.103729 0.111639 0.083444 0.110639 0.106466 0.114781 0.085232 0.145223 0.144741 0.143004 0.141454 0.148114 0.146896 0.123776 0.114353 0.141092 0.119159 0.103367 0.135245 0.151908 0.142142 0.156226 0.148754 0.140883 0.140801 0.121989 0.094718 0.104448 0.139086 0.129423 0.149490 0.117583 0.033396 0.074904 0.125588 0.134337
