#! FIELDS time restraint.bias r0 r1 r2 r3 r4 r5 r6 r7 r8 r9 r10 r11 r12 r13 r14 r15 r16 r17 r18 r19 r20 r21 r22 r23 r24 r25 r26 r27 r28 r29 r30 r31 r32 r33 r34 r35 r36 r37 r38 r39 r40 r41 r42 r43 r44 r45 r46 r47 r48 r49 r50 r51 r52 r53 r54 r55 r56 r57 r58 r59
680000.032298 4.831677 0.081576 0.101968 0.102345 0.129061 0.140590 0.127970 0.073570 0.094644 0.121499 0.131684 0.121181 0.122608 0.121484 0.105276 0.104667 0.121515 0.092186 0.106803 0.130024 0.092322 0.118753 0.036723 0.017476 0.040188 0.055010 0.076629 0.030905 0.080982 0.090233 0.034141 0.055724 0.084769 0.105493 0.090524 0.142112 0.130824 0.107950 0.068953 0.031757 0.066397 0.082778 0.074693 0.114490 0.107547 0.117235 0.109853 0.092239 0.110420 0.142346 0.115459 0.083173 0.025403 0.129215 0.112873 0.114168 0.035416 0.115690 0.057195 0.113650 0.050667
681000.032346 3.996763 0.082544 0.104615 0.104413 0.132994 0.144675 0.131059 0.076014 0.096414 0.123381 0.136127 0.122784 0.125899 0.125031 0.108503 0.105900 0.124486 0.095070 0.107416 0.133807 0.093531 0.122691 0.037958 0.015894 0.039500 0.056421 0.077700 0.033955 0.082389 0.091564 0.034520 0.057427 0.086670 0.108671 0.092292 0.145735 0.133862 0.110868 0.070650 0.031118 0.066157 0.084345 0.075940 0.117208 0.109276 0.120243 0.111250 0.094552 0.113117 0.145352 0.118339 0.085360 0.026785 0.132133 0.117055 0.117464 0.033125 0.117826 0.059700 0.117463 0.050624
682000.032393 1.973206 0.075674 0.099828 0.099110 0.127726 0.136761 0.125465 0.069614 0.090818 0.118553 0.128785 0.119337 0.118444 0.116007 0.100941 0.100218 0.120370 0.089278 0.100713 0.123965 0.087962 0.113787 0.041008 0.011168 0.044712 0.063593 0.085265 0.032886 0.090099 0.096801 0.044696 0.055705 0.086329 0.107019 0.097237 0.146141 0.134887 0.112285 0.080247 0.032220 0.068697 0.090575 0.079578 0.113822 0.112122 0.119102 0.109895 0.096593 0.109666 0.144869 0.117398 0.085160 0.033028 0.131986 0.114805 0.120035 0.037866 0.110817 0.052351 0.112588 0.054074
683000.032441 5.625309 0.083321 0.107472 0.105069 0.132816 0.139909 0.132739 0.072106 0.093235 0.126157 0.128770 0.125214 0.112973 0.112571 0.095691 0.109197 0.125957 0.085179 0.108948 0.124130 0.091520 0.113734 0.028273 0.018857 0.055803 0.052775 0.080449 0.022145 0.081968 0.087277 0.042936 0.044231 0.096815 0.113963 0.102672 0.145096 0.138199 0.117078 0.076038 0.041444 0.079392 0.091225 0.070368 0.117575 0.118464 0.122001 0.119346 0.104560 0.117273 0.146456 0.113333 0.074677 0.026982 0.131578 0.116819 0.124052 0.042600 0.107117 0.054332 0.116877 0.065018
684000.032488 5.616344 0.085720 0.107672 0.106631 0.134094 0.144466 0.133616 0.076253 0.097154 0.126729 0.134657 0.125451 0.121983 0.121833 0.104575 0.110115 0.126195 0.091810 0.111181 0.132501 0.094303 0.121045 0.029475 0.018842 0.046303 0.049312 0.073792 0.028601 0.076155 0.084780 0.033251 0.051136 0.091384 0.110649 0.094835 0.143213 0.134423 0.112410 0.066803 0.036398 0.072943 0.083845 0.070109 0.118057 0.112236 0.120413 0.115526 0.097748 0.116066 0.144827 0.114718 0.078479 0.020427 0.130346 0.116034 0.117957 0.036779 0.115296 0.060165 0.118073 0.056627
685000.032536 5.100704 0.088209 0.111591 0.109526 0.136025 0.142255 0.135747 0.078483 0.098323 0.129807 0.131884 0.127925 0.116365 0.115988 0.100202 0.113250 0.130095 0.090635 0.112803 0.126851 0.096181 0.116129 0.024680 0.017956 0.052522 0.050636 0.075990 0.028791 0.078667 0.083261 0.038602 0.043592 0.095168 0.111320 0.099331 0.141846 0.135052 0.114178 0.073504 0.040992 0.078176 0.087804 0.066091 0.115071 0.114787 0.118429 0.116058 0.101550 0.116112 0.143204 0.110319 0.073806 0.025257 0.127723 0.115056 0.121040 0.036142 0.110333 0.061014 0.116072 0.063142
686000.032583 2.497975 0.070417 0.095973 0.095369 0.124028 0.133213 0.121538 0.065129 0.088453 0.115258 0.125584 0.116889 0.117117 0.113313 0.099267 0.095873 0.116803 0.086596 0.096933 0.120806 0.084233 0.110750 0.045812 0.012566 0.048714 0.069275 0.092332 0.032190 0.097195 0.102971 0.051256 0.057005 0.086991 0.108018 0.101786 0.149454 0.137668 0.114763 0.086824 0.032338 0.069775 0.096825 0.084864 0.113814 0.115377 0.120709 0.110687 0.099729 0.108681 0.147534 0.119719 0.087988 0.035849 0.135184 0.115142 0.123392 0.041713 0.110361 0.047292 0.111613 0.056468
687000.032631 2.464470 0.076928 0.099827 0.099352 0.128129 0.139143 0.126090 0.070361 0.092117 0.118649 0.131325 0.118517 0.122249 0.120733 0.104315 0.100859 0.119997 0.090303 0.102508 0.128609 0.087838 0.118757 0.039975 0.012481 0.041618 0.061824 0.080995 0.031512 0.086676 0.095552 0.038872 0.058076 0.085352 0.107059 0.093410 0.145734 0.133438 0.110865 0.074681 0.027790 0.066123 0.086459 0.079545 0.116109 0.109379 0.119399 0.110102 0.094573 0.111346 0.145443 0.119649 0.087633 0.025501 0.133100 0.115481 0.117492 0.033474 0.114556 0.053536 0.114701 0.050544
688000.032678 3.698237 0.085854 0.109505 0.107705 0.134149 0.140836 0.133464 0.077724 0.097025 0.126935 0.131288 0.125143 0.117950 0.116685 0.101766 0.110422 0.128311 0.091747 0.109747 0.125888 0.094603 0.115776 0.030585 0.015289 0.049445 0.056468 0.077988 0.033994 0.083614 0.088391 0.038981 0.047822 0.092468 0.109533 0.097117 0.142756 0.133571 0.112474 0.076543 0.038068 0.074733 0.087452 0.069923 0.113710 0.112037 0.117345 0.112688 0.099150 0.114247 0.142935 0.112639 0.079187 0.029058 0.128620 0.115205 0.119852 0.031347 0.110396 0.060610 0.114829 0.060233
689000.032726 1.999597 0.075964 0.100134 0.099868 0.127248 0.136144 0.124420 0.072235 0.093499 0.118417 0.129354 0.118697 0.121512 0.118227 0.104608 0.099963 0.120653 0.092394 0.100902 0.124601 0.088908 0.114744 0.043935 0.011242 0.043160 0.068107 0.086872 0.037595 0.093762 0.099680 0.045771 0.057858 0.084475 0.105037 0.096320 0.146219 0.133519 0.110934 0.083302 0.029674 0.066603 0.091500 0.081581 0.111708 0.109852 0.116816 0.106425 0.095363 0.107638 0.144398 0.118002 0.089045 0.033035 0.131802 0.113835 0.119200 0.031339 0.114008 0.054878 0.111291 0.052645
690000.032773 3.455753 0.077441 0.100462 0.099955 0.127984 0.137395 0.126663 0.068878 0.091318 0.119988 0.128128 0.120519 0.116809 0.115389 0.099297 0.102160 0.120606 0.086964 0.103876 0.124704 0.087982 0.114517 0.036925 0.014780 0.048299 0.059653 0.083154 0.025109 0.086506 0.093853 0.042742 0.052621 0.088403 0.108473 0.097769 0.145383 0.135508 0.112918 0.076666 0.032388 0.070370 0.090023 0.077286 0.115523 0.113390 0.119923 0.113058 0.098127 0.111681 0.145697 0.116651 0.082319 0.026413 0.132166 0.114587 0.120215 0.040282 0.110647 0.050694 0.113613 0.056110
691000.032821 2.528718 0.084449 0.108195 0.106582 0.135062 0.143711 0.133171 0.078203 0.097109 0.125590 0.135315 0.123492 0.122994 0.122011 0.106409 0.108469 0.127926 0.094681 0.108102 0.130651 0.094112 0.120105 0.034932 0.012643 0.042332 0.057942 0.077170 0.038015 0.084156 0.090277 0.035688 0.053129 0.088698 0.108143 0.093113 0.143618 0.132328 0.110624 0.074745 0.032979 0.069415 0.084653 0.072503 0.114330 0.108758 0.117516 0.109818 0.095456 0.113326 0.142734 0.115146 0.083851 0.028569 0.129295 0.116318 0.117614 0.026469 0.114369 0.062084 0.116265 0.054388
692000.032868 3.215612 0.079169 0.101373 0.101478 0.129350 0.140401 0.127190 0.073068 0.094612 0.120523 0.132376 0.120697 0.123492 0.121725 0.106091 0.102553 0.121411 0.092873 0.104529 0.129740 0.091165 0.119068 0.039673 0.014257 0.040954 0.059777 0.081458 0.031576 0.085829 0.094169 0.039048 0.057119 0.085317 0.106997 0.094219 0.145869 0.133933 0.110797 0.074592 0.030492 0.066180 0.087610 0.078216 0.115201 0.110032 0.119089 0.109957 0.094879 0.110362 0.145223 0.117835 0.085519 0.028044 0.132038 0.114955 0.118120 0.034807 0.116333 0.055899 0.114367 0.051062
693000.032916 3.960217 0.081467 0.105230 0.104262 0.131994 0.141115 0.129766 0.076624 0.096469 0.122741 0.133759 0.121128 0.124210 0.121717 0.107180 0.105582 0.125063 0.095002 0.105544 0.129298 0.091986 0.118481 0.040646 0.015822 0.043125 0.064305 0.081339 0.041598 0.089733 0.095426 0.040550 0.056026 0.087570 0.107364 0.094367 0.145071 0.132560 0.110966 0.079832 0.031663 0.068702 0.087875 0.077299 0.113401 0.108689 0.117087 0.107636 0.095702 0.111932 0.143785 0.117245 0.088202 0.030712 0.130908 0.116175 0.117898 0.025191 0.115460 0.061058 0.115155 0.054327
694000.032963 5.093052 0.076759 0.097117 0.098275 0.126147 0.139111 0.123621 0.071474 0.093214 0.116592 0.132184 0.116505 0.125822 0.124251 0.108189 0.099320 0.117801 0.093234 0.102580 0.131344 0.088096 0.120591 0.043716 0.017942 0.034967 0.062336 0.078662 0.035862 0.085436 0.095546 0.035591 0.061722 0.079266 0.102311 0.087089 0.142451 0.128868 0.105745 0.071175 0.021458 0.059423 0.082285 0.080318 0.113715 0.103431 0.115783 0.104754 0.088258 0.107694 0.141979 0.118835 0.090301 0.023192 0.130092 0.112498 0.111706 0.030818 0.118325 0.055846 0.112792 0.043878
695000.033011 3.365019 0.082359 0.105948 0.103996 0.132800 0.141453 0.131455 0.073609 0.094426 0.124357 0.132252 0.123317 0.118641 0.118414 0.101297 0.106959 0.125101 0.088807 0.107396 0.128437 0.091141 0.118581 0.031566 0.014584 0.048659 0.054434 0.078230 0.025649 0.081042 0.088409 0.038835 0.051081 0.091581 0.110791 0.097561 0.144969 0.135879 0.114127 0.072692 0.035569 0.073438 0.087352 0.072619 0.117593 0.113677 0.120794 0.115389 0.099504 0.115238 0.145794 0.115712 0.079529 0.023246 0.131641 0.116296 0.120775 0.037342 0.111968 0.055948 0.116874 0.057664
696000.033058 8.266256 0.086039 0.111383 0.108354 0.134309 0.138274 0.134793 0.074796 0.095622 0.129791 0.126767 0.129012 0.109730 0.108027 0.092965 0.112678 0.129191 0.085489 0.111060 0.119919 0.094589 0.109162 0.028389 0.022858 0.062416 0.055376 0.085108 0.026096 0.085648 0.087733 0.050307 0.039403 0.101805 0.116262 0.109647 0.146133 0.141391 0.120911 0.083260 0.048796 0.086454 0.097737 0.069742 0.116231 0.123784 0.122332 0.121770 0.110176 0.118197 0.147536 0.110745 0.070925 0.034620 0.131321 0.116815 0.128818 0.046616 0.104820 0.056745 0.115914 0.072309
697000.033106 1.491043 0.072506 0.098014 0.097685 0.126669 0.136205 0.124009 0.068034 0.091463 0.117144 0.129264 0.118897 0.121148 0.117549 0.103207 0.097625 0.119070 0.089749 0.099174 0.124895 0.085492 0.115125 0.045278 0.009708 0.046965 0.069463 0.090947 0.033434 0.095752 0.102947 0.049461 0.059589 0.086201 0.108154 0.100771 0.150612 0.138547 0.115126 0.084659 0.029266 0.068249 0.095608 0.085693 0.115820 0.114880 0.121707 0.110821 0.098902 0.110045 0.149402 0.122011 0.089881 0.032400 0.136674 0.116357 0.123435 0.039759 0.113987 0.050193 0.113466 0.053662
698000.033153 13.797606 0.084909 0.102716 0.104544 0.130398 0.144322 0.127266 0.084216 0.101402 0.118896 0.139478 0.116772 0.137746 0.135431 0.121497 0.103696 0.122389 0.105810 0.106506 0.139827 0.095140 0.128676 0.053011 0.029532 0.024151 0.069278 0.075995 0.054444 0.088352 0.099205 0.033145 0.072801 0.072965 0.097079 0.076546 0.139684 0.121807 0.098174 0.070704 0.024585 0.050886 0.075685 0.083764 0.110488 0.092030 0.110388 0.095200 0.078802 0.105136 0.137552 0.120096 0.099484 0.034793 0.126823 0.111783 0.104654 0.018093 0.127273 0.070988 0.112970 0.035534
699000.033201 3.672965 0.076953 0.099912 0.099955 0.129965 0.142387 0.127029 0.072680 0.093500 0.118460 0.135331 0.118797 0.126738 0.125515 0.108933 0.100308 0.120597 0.094234 0.102377 0.133125 0.088797 0.123139 0.043841 0.015237 0.037437 0.063662 0.081656 0.036145 0.087053 0.097399 0.038824 0.062941 0.083203 0.107168 0.091765 0.147611 0.134077 0.110606 0.073806 0.025185 0.061744 0.085781 0.082382 0.117662 0.108208 0.120822 0.108954 0.092804 0.111160 0.146625 0.122496 0.091093 0.028196 0.134608 0.117549 0.117543 0.033299 0.118158 0.056434 0.116659 0.046173
700000.033248 1.861114 0.078652 0.102984 0.101923 0.131780 0.141965 0.129212 0.073635 0.093942 0.120518 0.134338 0.119697 0.124066 0.122199 0.106720 0.102892 0.123264 0.092981 0.103326 0.130748 0.088541 0.120142 0.040172 0.010846 0.041546 0.062140 0.081091 0.037550 0.087905 0.095173 0.039050 0.057410 0.085973 0.107718 0.093608 0.145929 0.133734 0.111147 0.076436 0.027273 0.065528 0.086896 0.078067 0.115390 0.108882 0.119058 0.108721 0.094806 0.112250 0.144855 0.118618 0.087420 0.027123 0.132011 0.116940 0.118274 0.030199 0.115060 0.058073 0.116463 0.050962
701000.033296 2.296651 0.074426 0.098178 0.097550 0.126937 0.137113 0.124518 0.067387 0.090264 0.117676 0.128926 0.118309 0.118579 0.116988 0.100740 0.099000 0.118818 0.087177 0.100930 0.125626 0.086003 0.115673 0.040155 0.012049 0.046133 0.062157 0.085075 0.025847 0.088788 0.096266 0.043939 0.055375 0.086698 0.108137 0.097775 0.147074 0.136043 0.113238 0.078202 0.029495 0.068164 0.090976 0.079946 0.115802 0.113011 0.120474 0.111834 0.097691 0.110717 0.146535 0.118476 0.084914 0.026540 0.133515 0.115164 0.120741 0.039245 0.112228 0.049191 0.113901 0.053906
702000.033343 2.922838 0.078294 0.102123 0.102109 0.130818 0.142125 0.128433 0.073868 0.095366 0.120632 0.134677 0.120335 0.126661 0.124047 0.109006 0.102623 0.122651 0.094914 0.104136 0.131815 0.089926 0.120776 0.043032 0.013592 0.040726 0.065178 0.083562 0.038921 0.090846 0.098654 0.040396 0.059441 0.085599 0.107967 0.094252 0.147962 0.134648 0.111643 0.078497 0.026262 0.064793 0.088818 0.081356 0.115904 0.109569 0.119878 0.108649 0.095217 0.111805 0.146835 0.120979 0.090918 0.028332 0.134316 0.117486 0.118716 0.029307 0.118102 0.058039 0.116397 0.050312
703000.033391 2.380109 0.081587 0.106683 0.105278 0.134063 0.142391 0.132317 0.074654 0.095764 0.125041 0.133425 0.124293 0.120762 0.118574 0.103413 0.107239 0.126740 0.091991 0.106957 0.128417 0.091886 0.116993 0.035356 0.012266 0.048856 0.059764 0.082850 0.034078 0.087823 0.092763 0.042498 0.050102 0.092408 0.111981 0.100482 0.147602 0.137891 0.115965 0.079983 0.034819 0.073376 0.092117 0.074817 0.116172 0.115192 0.121055 0.113597 0.101512 0.115297 0.147221 0.116318 0.082195 0.028976 0.132798 0.118410 0.123270 0.033934 0.113085 0.058157 0.117542 0.059134
704000.033438 3.451299 0.080418 0.104415 0.102694 0.132111 0.141268 0.130577 0.071690 0.093518 0.123273 0.131982 0.122681 0.118626 0.118208 0.101004 0.105273 0.123995 0.088027 0.106408 0.128429 0.089741 0.118488 0.033823 0.014770 0.049503 0.056675 0.081228 0.023813 0.083794 0.091244 0.041021 0.051685 0.091695 0.111704 0.099193 0.147014 0.137553 0.115354 0.074887 0.034153 0.072794 0.089751 0.075314 0.118412 0.115253 0.122267 0.116094 0.100749 0.115241 0.147625 0.117410 0.081167 0.023331 0.133587 0.117312 0.122424 0.039029 0.112203 0.053495 0.117251 0.057941
705000.033486 2.091347 0.074832 0.098717 0.098865 0.129302 0.141523 0.125782 0.071222 0.093064 0.117935 0.134837 0.118741 0.127007 0.124744 0.108964 0.098645 0.120412 0.094166 0.100485 0.131981 0.088311 0.121270 0.046041 0.011497 0.037485 0.065869 0.085470 0.037075 0.091309 0.100112 0.042229 0.062793 0.082636 0.106857 0.093930 0.149115 0.135475 0.111756 0.078091 0.025069 0.062393 0.089134 0.083839 0.116665 0.109661 0.121048 0.108337 0.093759 0.110138 0.147313 0.122341 0.091645 0.031314 0.135178 0.117231 0.118956 0.035274 0.118834 0.055148 0.115947 0.046745
706000.033533 5.647057 0.074998 0.097368 0.097148 0.127362 0.139993 0.125134 0.067364 0.090720 0.117120 0.131831 0.117480 0.122119 0.121411 0.103676 0.099186 0.117478 0.087857 0.102332 0.130965 0.084999 0.120647 0.040666 0.018893 0.045445 0.060056 0.082207 0.025460 0.085146 0.094958 0.040797 0.058383 0.086753 0.109726 0.095793 0.147678 0.136280 0.113255 0.072793 0.027439 0.066438 0.088509 0.080749 0.119435 0.112271 0.122670 0.113528 0.096997 0.113299 0.148123 0.121130 0.086629 0.020158 0.135361 0.117159 0.119552 0.040408 0.115635 0.050476 0.117336 0.051965
707000.033581 3.501131 0.084991 0.106888 0.106264 0.133687 0.143640 0.132281 0.077616 0.097154 0.125233 0.134670 0.123636 0.123202 0.122339 0.106483 0.108739 0.126404 0.094428 0.109143 0.131524 0.094650 0.119914 0.033093 0.014876 0.040546 0.052762 0.073746 0.035216 0.079487 0.086654 0.031734 0.052275 0.087194 0.106799 0.090737 0.141121 0.130689 0.108741 0.069429 0.032661 0.068283 0.081964 0.069846 0.113923 0.107212 0.116419 0.109513 0.093361 0.112540 0.141089 0.113057 0.080939 0.024825 0.127254 0.114271 0.114763 0.029501 0.115287 0.061960 0.115671 0.052623
708000.033628 3.044912 0.073216 0.097787 0.098463 0.127294 0.138044 0.123172 0.072693 0.094760 0.116328 0.133006 0.117707 0.127762 0.124110 0.110567 0.096514 0.119540 0.096053 0.099032 0.129359 0.087453 0.119931 0.050610 0.013873 0.039825 0.074036 0.090874 0.041657 0.097998 0.105824 0.048530 0.066068 0.080426 0.104177 0.095558 0.149923 0.135282 0.111263 0.084885 0.023189 0.060914 0.093199 0.088652 0.113944 0.109102 0.118906 0.104700 0.093371 0.106672 0.147603 0.123655 0.096140 0.034170 0.135638 0.115582 0.119966 0.033170 0.119946 0.055540 0.112680 0.046525
709000.033676 1.983061 0.071655 0.098196 0.096741 0.128190 0.138494 0.124991 0.067396 0.089722 0.116398 0.131571 0.117140 0.122141 0.119748 0.103806 0.096745 0.119192 0.089147 0.097778 0.127280 0.083937 0.118373 0.046059 0.011196 0.046007 0.070081 0.090113 0.034318 0.095857 0.103769 0.048133 0.061506 0.087417 0.110448 0.099723 0.152011 0.138813 0.115905 0.084017 0.028143 0.067310 0.094030 0.086685 0.118513 0.114494 0.123880 0.112118 0.099326 0.112483 0.150325 0.124869 0.092584 0.032636 0.138681 0.119639 0.123975 0.037793 0.113655 0.049826 0.116526 0.053200
710000.033723 2.537877 0.080018 0.103972 0.103011 0.131510 0.140800 0.129436 0.073812 0.094271 0.121927 0.132526 0.121010 0.121344 0.119663 0.104186 0.104627 0.123970 0.092098 0.104904 0.128224 0.090365 0.117717 0.037604 0.012666 0.044136 0.060901 0.080413 0.035603 0.086855 0.093291 0.039332 0.053692 0.088269 0.108581 0.095204 0.145179 0.133840 0.111996 0.077298 0.030592 0.068656 0.087671 0.075814 0.114750 0.110309 0.118539 0.109919 0.096750 0.112664 0.144456 0.116890 0.085119 0.027586 0.131251 0.116575 0.118973 0.029463 0.113043 0.057545 0.115667 0.054484
711000.033771 9.937392 0.095761 0.118278 0.115851 0.141622 0.147106 0.142025 0.085171 0.102692 0.135558 0.135470 0.132196 0.118014 0.118373 0.102927 0.120433 0.135988 0.094939 0.118671 0.130294 0.102636 0.118492 0.018971 0.025063 0.053683 0.042248 0.069581 0.035360 0.072645 0.075624 0.033683 0.039707 0.098798 0.113378 0.097948 0.138251 0.133129 0.113528 0.069668 0.047192 0.081431 0.084535 0.057443 0.114978 0.113766 0.117436 0.117239 0.102205 0.119314 0.139864 0.105927 0.068947 0.030205 0.123804 0.116338 0.119734 0.035356 0.110919 0.069155 0.118922 0.066671
712000.033818 6.533042 0.065606 0.088697 0.089474 0.121011 0.134776 0.116698 0.062746 0.086766 0.108386 0.129481 0.110349 0.124719 0.122586 0.106181 0.088668 0.110648 0.088509 0.093281 0.128666 0.078828 0.120001 0.052789 0.020321 0.040246 0.072640 0.089921 0.034303 0.095691 0.106416 0.047654 0.068761 0.078340 0.104309 0.092972 0.148811 0.133823 0.110184 0.080097 0.017625 0.057798 0.090455 0.091415 0.117113 0.108161 0.120960 0.106632 0.091760 0.106915 0.147136 0.126468 0.097478 0.029278 0.137137 0.115565 0.117463 0.040868 0.117297 0.045773 0.113331 0.043761
713000.033866 3.538574 0.076159 0.101965 0.099924 0.129971 0.138883 0.128431 0.067315 0.090303 0.121196 0.129306 0.121408 0.116036 0.114550 0.097744 0.102546 0.121812 0.084908 0.103081 0.125013 0.086789 0.114722 0.037440 0.014956 0.053281 0.060955 0.087128 0.024007 0.089599 0.095801 0.047248 0.051037 0.093922 0.114012 0.104037 0.150187 0.140786 0.118636 0.081175 0.036068 0.075358 0.095170 0.078929 0.118944 0.119350 0.124593 0.117949 0.104561 0.115722 0.150153 0.119052 0.082230 0.028873 0.136435 0.118853 0.126100 0.043002 0.109725 0.049247 0.117390 0.061408
714000.033913 5.345942 0.080312 0.103060 0.103396 0.131124 0.143474 0.128876 0.076596 0.097406 0.121376 0.136626 0.120543 0.130371 0.127338 0.112526 0.103954 0.122994 0.098228 0.105317 0.134491 0.092217 0.122644 0.045185 0.018382 0.037858 0.065676 0.082131 0.044137 0.090451 0.098736 0.039002 0.062170 0.084919 0.107457 0.092265 0.147690 0.133264 0.110430 0.077518 0.028537 0.064438 0.086995 0.082012 0.115827 0.107748 0.119306 0.107246 0.093641 0.111863 0.146204 0.121664 0.092988 0.031006 0.134133 0.117623 0.116841 0.026412 0.121186 0.062240 0.116967 0.049313
715000.033961 3.057806 0.078509 0.103990 0.101991 0.131124 0.138931 0.129537 0.069965 0.092302 0.122881 0.129581 0.122728 0.115767 0.114603 0.098145 0.104451 0.123705 0.086298 0.104881 0.124646 0.088481 0.114948 0.035024 0.013903 0.053066 0.060272 0.085090 0.024661 0.087822 0.093537 0.046012 0.049754 0.093708 0.112841 0.103125 0.148477 0.139612 0.117756 0.080327 0.035987 0.075595 0.093910 0.076664 0.117781 0.118190 0.122825 0.116932 0.103756 0.115293 0.148786 0.117404 0.080969 0.026991 0.134568 0.117738 0.125299 0.040499 0.109693 0.051501 0.116475 0.061428
716000.034008 2.013539 0.075848 0.102255 0.100256 0.130651 0.139782 0.128778 0.068678 0.091049 0.120963 0.131096 0.121338 0.118816 0.116858 0.100452 0.102087 0.122289 0.087497 0.102207 0.126321 0.087046 0.116509 0.039167 0.011282 0.050487 0.063532 0.087429 0.028995 0.090931 0.097874 0.046861 0.054388 0.092691 0.113554 0.102952 0.151372 0.140787 0.118394 0.081820 0.034322 0.073596 0.094643 0.080966 0.119450 0.118275 0.124964 0.116678 0.103281 0.115616 0.150913 0.121363 0.085454 0.030619 0.137680 0.119941 0.125955 0.040238 0.111324 0.051015 0.117800 0.058907
717000.034056 3.031787 0.078309 0.102253 0.100532 0.129897 0.138937 0.128627 0.068769 0.090726 0.121316 0.129535 0.120819 0.116405 0.115138 0.098183 0.103784 0.122165 0.085926 0.103986 0.125471 0.087645 0.114575 0.034397 0.013843 0.049201 0.056993 0.081003 0.026667 0.084778 0.091235 0.041382 0.050009 0.091119 0.110601 0.098712 0.145358 0.136139 0.114494 0.076162 0.034501 0.073513 0.089438 0.074609 0.116607 0.114450 0.120852 0.114595 0.099920 0.114562 0.145713 0.115784 0.080281 0.026053 0.131979 0.116186 0.120845 0.039370 0.109465 0.052185 0.115848 0.058431
718000.034103 1.816444 0.080502 0.104349 0.102985 0.131928 0.141100 0.129983 0.073462 0.093775 0.122464 0.132370 0.121326 0.120219 0.118833 0.102999 0.105138 0.124184 0.090838 0.105178 0.128247 0.090520 0.117253 0.034867 0.010715 0.044274 0.057064 0.079156 0.032405 0.084501 0.090622 0.038021 0.051383 0.088796 0.108831 0.095404 0.144338 0.133833 0.111949 0.075374 0.031980 0.069607 0.087080 0.073268 0.114618 0.110749 0.118561 0.110869 0.097005 0.112863 0.143695 0.114933 0.081810 0.026439 0.130056 0.115948 0.118914 0.031718 0.112273 0.057069 0.115748 0.055037
719000.034151 4.135803 0.079876 0.102144 0.101741 0.130840 0.142650 0.128734 0.073977 0.094535 0.120277 0.135066 0.119149 0.125635 0.124832 0.108022 0.103370 0.121946 0.093319 0.105126 0.133297 0.089050 0.122868 0.039217 0.016169 0.038812 0.059765 0.076581 0.035968 0.083201 0.092931 0.033842 0.059240 0.084360 0.106553 0.089518 0.144073 0.131378 0.108830 0.070347 0.024802 0.063403 0.082315 0.077596 0.116531 0.106151 0.118437 0.108512 0.091976 0.112318 0.144068 0.119448 0.088469 0.020659 0.131605 0.116075 0.114785 0.028502 0.117043 0.058473 0.116645 0.047849
720000.034198 3.570719 0.075398 0.098129 0.098438 0.127928 0.140731 0.124726 0.071861 0.092911 0.116765 0.134336 0.117016 0.127783 0.125761 0.109765 0.098303 0.119018 0.094799 0.100396 0.132120 0.088436 0.121990 0.046696 0.015023 0.034540 0.066414 0.083142 0.038985 0.090169 0.100118 0.039576 0.064706 0.081212 0.105394 0.090554 0.147416 0.132606 0.109243 0.076033 0.024402 0.060484 0.085820 0.084328 0.116046 0.106636 0.119502 0.106568 0.091222 0.109269 0.145642 0.122926 0.093654 0.031150 0.134403 0.116445 0.116140 0.031304 0.118921 0.056108 0.115000 0.044792
721000.034246 8.528498 0.076657 0.098492 0.099195 0.129230 0.143680 0.124745 0.076919 0.095612 0.115812 0.139244 0.115409 0.135638 0.133725 0.117888 0.097516 0.119669 0.101333 0.099784 0.138000 0.090064 0.128185 0.054888 0.023218 0.025238 0.072711 0.083187 0.050108 0.093199 0.104641 0.039826 0.074180 0.075815 0.102171 0.084067 0.147105 0.129158 0.105437 0.076063 0.021749 0.053306 0.082063 0.089463 0.115814 0.100291 0.117889 0.101111 0.085049 0.107432 0.144127 0.126595 0.102142 0.036793 0.134440 0.116922 0.112069 0.027009 0.125115 0.063049 0.115781 0.036546
722000.034293 3.524713 0.085540 0.109115 0.107502 0.136718 0.146509 0.135427 0.077525 0.097099 0.127160 0.136995 0.125591 0.123016 0.122985 0.105849 0.110155 0.128400 0.093628 0.110098 0.133330 0.094347 0.122436 0.031005 0.014926 0.044716 0.052536 0.074823 0.033054 0.078927 0.086865 0.033563 0.052270 0.091777 0.111877 0.095006 0.145161 0.135521 0.113549 0.069790 0.034900 0.071651 0.084311 0.071094 0.118677 0.112105 0.121442 0.114863 0.098191 0.117132 0.145762 0.116535 0.080939 0.024430 0.131621 0.118861 0.119722 0.032847 0.114737 0.061531 0.119795 0.055891
723000.034341 14.513469 0.099251 0.121145 0.118603 0.141369 0.143574 0.143105 0.086970 0.104525 0.138361 0.131021 0.135363 0.112365 0.112490 0.098464 0.123852 0.137918 0.093113 0.121973 0.125035 0.104747 0.113580 0.012946 0.030288 0.061702 0.040554 0.071086 0.033497 0.071706 0.072077 0.040075 0.033299 0.102140 0.113182 0.102227 0.134900 0.133226 0.114489 0.072179 0.053461 0.087533 0.087959 0.053218 0.112806 0.116815 0.115465 0.119402 0.105310 0.119185 0.137935 0.100666 0.061309 0.033180 0.120481 0.112978 0.121248 0.043193 0.107294 0.070088 0.116009 0.073090
724000.034388 5.365282 0.082828 0.104199 0.103131 0.131273 0.141903 0.130296 0.073847 0.094186 0.122725 0.132645 0.121497 0.120675 0.120888 0.103324 0.106394 0.122984 0.089903 0.107763 0.130733 0.091298 0.120441 0.032579 0.018416 0.044057 0.051897 0.073900 0.027430 0.077196 0.086808 0.032974 0.053823 0.088226 0.108319 0.091868 0.142118 0.131959 0.109946 0.066541 0.033312 0.069253 0.081908 0.072197 0.117013 0.109083 0.118943 0.113000 0.094814 0.113773 0.143170 0.115567 0.080868 0.020773 0.129807 0.114799 0.115805 0.035595 0.113547 0.057248 0.116292 0.053347
725000.034436 7.035242 0.083907 0.105460 0.104281 0.131266 0.140544 0.130887 0.073293 0.094526 0.124739 0.130361 0.123247 0.116784 0.117093 0.099617 0.108521 0.124028 0.087677 0.109872 0.127809 0.091876 0.117078 0.029455 0.021088 0.049861 0.051077 0.074767 0.025023 0.077427 0.084831 0.036236 0.047965 0.091789 0.109753 0.095508 0.141263 0.132988 0.111869 0.069331 0.036493 0.074092 0.084693 0.069594 0.116266 0.112184 0.118581 0.115080 0.098366 0.114841 0.142968 0.112914 0.077438 0.018704 0.128785 0.114226 0.117469 0.037460 0.111193 0.056464 0.115798 0.059273
726000.034483 12.638984 0.098609 0.120529 0.118378 0.143527 0.149723 0.144297 0.087862 0.105302 0.137709 0.137684 0.133902 0.120808 0.121099 0.105867 0.122930 0.137777 0.097511 0.121495 0.133232 0.105070 0.120837 0.019552 0.028265 0.054828 0.041106 0.068891 0.037813 0.072429 0.075153 0.032660 0.040238 0.100282 0.114750 0.098068 0.138667 0.133470 0.113829 0.069098 0.049065 0.082271 0.084580 0.056697 0.115820 0.113969 0.117975 0.118174 0.103026 0.120899 0.140518 0.106141 0.069362 0.031107 0.124190 0.117493 0.120086 0.035303 0.113474 0.072155 0.120603 0.068108
727000.034531 2.352412 0.076610 0.102501 0.100646 0.131508 0.140720 0.129060 0.070160 0.091858 0.120578 0.132580 0.120403 0.120009 0.118854 0.102097 0.102078 0.122806 0.088639 0.102672 0.128156 0.086458 0.118914 0.039120 0.012194 0.048853 0.063822 0.084840 0.030508 0.089433 0.096790 0.044426 0.055797 0.090762 0.112151 0.099928 0.149787 0.138808 0.116592 0.079708 0.030405 0.070605 0.091821 0.080267 0.119126 0.115203 0.123479 0.114492 0.100911 0.115312 0.149492 0.121384 0.086790 0.026414 0.136406 0.119718 0.123925 0.036588 0.112136 0.052548 0.118159 0.056335
728000.034578 3.190526 0.080428 0.106903 0.105160 0.134574 0.142129 0.131488 0.077011 0.096478 0.123856 0.135082 0.123122 0.123941 0.120718 0.106957 0.105434 0.127561 0.095918 0.103814 0.128312 0.092265 0.117800 0.043772 0.014201 0.046360 0.068075 0.086957 0.044356 0.094551 0.098839 0.047157 0.056998 0.090322 0.110477 0.100077 0.149372 0.137482 0.115693 0.086072 0.035186 0.071654 0.093695 0.079988 0.114933 0.113538 0.120498 0.109806 0.100062 0.113550 0.147074 0.119092 0.088783 0.038081 0.133806 0.119479 0.123610 0.031241 0.114552 0.061450 0.116989 0.057511
729000.034626 2.215185 0.077037 0.100896 0.100053 0.129765 0.140519 0.127642 0.069985 0.092221 0.120084 0.132178 0.120018 0.121415 0.120276 0.103407 0.101790 0.121290 0.089406 0.103441 0.129196 0.087944 0.119066 0.038603 0.011833 0.044569 0.060712 0.082408 0.028534 0.086807 0.095144 0.040455 0.055957 0.087821 0.109568 0.096358 0.147593 0.136102 0.113439 0.075704 0.028789 0.068078 0.088774 0.079034 0.117679 0.112457 0.121541 0.112784 0.097546 0.113087 0.147371 0.119855 0.086131 0.024343 0.134479 0.117151 0.120284 0.035870 0.114248 0.052575 0.116455 0.053062
730000.034673 8.905170 0.085847 0.109386 0.107499 0.133629 0.139393 0.134104 0.073784 0.095990 0.128840 0.127908 0.128571 0.111635 0.110475 0.094518 0.112085 0.127721 0.085572 0.112091 0.123014 0.093477 0.111493 0.026747 0.023725 0.061026 0.052291 0.082145 0.021230 0.081584 0.085369 0.047197 0.040543 0.099484 0.114951 0.107104 0.144544 0.140479 0.119489 0.078157 0.045563 0.083869 0.095375 0.068996 0.117181 0.122010 0.121906 0.121254 0.107837 0.118192 0.147343 0.110662 0.070365 0.027356 0.130620 0.115742 0.126329 0.047483 0.107577 0.055920 0.116430 0.069387
731000.034721 3.897990 0.086747 0.109514 0.108900 0.132529 0.138670 0.132708 0.078204 0.098380 0.127847 0.128311 0.127368 0.116722 0.113768 0.100978 0.111246 0.128156 0.092501 0.110916 0.122798 0.097044 0.111329 0.030519 0.015697 0.051327 0.055764 0.081274 0.032836 0.085601 0.088998 0.042233 0.044947 0.092387 0.108316 0.099607 0.142344 0.134227 0.112311 0.079102 0.041559 0.076406 0.090995 0.069298 0.110856 0.113798 0.116050 0.112430 0.099911 0.111821 0.142531 0.109560 0.075521 0.033513 0.127175 0.112445 0.120656 0.036774 0.110336 0.060552 0.111657 0.062260
732000.034768 5.346014 0.085767 0.109377 0.107665 0.133074 0.139468 0.132779 0.076971 0.096865 0.127358 0.129396 0.125449 0.116269 0.114094 0.099932 0.111048 0.127798 0.090723 0.110097 0.123959 0.095102 0.112288 0.030824 0.018383 0.051962 0.055744 0.079749 0.034739 0.085076 0.087878 0.041579 0.043562 0.094261 0.110159 0.099618 0.142187 0.133717 0.113146 0.079298 0.041098 0.077569 0.090129 0.068618 0.111937 0.113816 0.116591 0.112930 0.101207 0.113852 0.142030 0.109991 0.076780 0.031219 0.127374 0.114348 0.120397 0.033206 0.109413 0.060630 0.114031 0.063817
733000.034816 4.203373 0.084257 0.107196 0.105753 0.134126 0.143378 0.133090 0.075417 0.096130 0.125689 0.133819 0.124033 0.120332 0.120176 0.103239 0.108953 0.126422 0.090724 0.109690 0.130636 0.092436 0.119899 0.030228 0.016300 0.047539 0.053221 0.075793 0.028917 0.079785 0.086968 0.035420 0.049799 0.091448 0.110610 0.095564 0.143661 0.134467 0.112816 0.071009 0.033909 0.072145 0.085546 0.070773 0.117118 0.111880 0.119695 0.114299 0.098400 0.115780 0.144749 0.114913 0.079975 0.019797 0.130473 0.116528 0.118999 0.033353 0.113401 0.058610 0.117717 0.057170
734000.034863 4.683798 0.088104 0.110536 0.109471 0.136631 0.145831 0.135840 0.079895 0.099574 0.128900 0.136193 0.127305 0.122833 0.122782 0.106337 0.112242 0.129366 0.094803 0.112859 0.132857 0.097013 0.121913 0.028827 0.017206 0.045527 0.050850 0.073628 0.032076 0.077041 0.084818 0.032902 0.050904 0.091404 0.110322 0.094451 0.143137 0.134052 0.112076 0.068528 0.036468 0.072313 0.083711 0.069139 0.116974 0.111331 0.119363 0.114215 0.097443 0.115731 0.144207 0.114220 0.079069 0.023046 0.129559 0.116475 0.118453 0.032474 0.115637 0.063090 0.117951 0.056438
735000.034911 0.749486 0.077161 0.103034 0.101707 0.132032 0.141633 0.129315 0.071873 0.093922 0.121643 0.133950 0.121919 0.122877 0.120879 0.104947 0.102443 0.123714 0.091442 0.103126 0.129502 0.088810 0.119531 0.040227 0.006883 0.046510 0.064213 0.086324 0.031869 0.090738 0.097902 0.044832 0.056850 0.089677 0.111540 0.100422 0.151107 0.139669 0.116740 0.080685 0.030578 0.070019 0.093087 0.081073 0.118564 0.115511 0.123531 0.113751 0.100600 0.114218 0.150317 0.121523 0.087281 0.028647 0.136879 0.119344 0.124434 0.036195 0.115265 0.054123 0.117752 0.054922
736000.034958 3.370966 0.082323 0.107338 0.104793 0.134415 0.141820 0.132689 0.073469 0.094481 0.125763 0.132149 0.124811 0.116885 0.116683 0.099727 0.107449 0.126973 0.087960 0.107347 0.127165 0.091583 0.117490 0.031775 0.014597 0.052331 0.055787 0.081781 0.023448 0.083954 0.089524 0.043075 0.048887 0.094472 0.113282 0.101969 0.147208 0.139142 0.117427 0.077036 0.038213 0.076376 0.091731 0.072837 0.118305 0.117420 0.122687 0.117782 0.103436 0.116532 0.147776 0.115542 0.078136 0.027132 0.132966 0.117868 0.124884 0.040543 0.110764 0.054863 0.117779 0.061465
737000.035006 1.257662 0.081210 0.106044 0.104463 0.133199 0.141912 0.131255 0.074786 0.095216 0.124126 0.133463 0.123265 0.121390 0.119727 0.104087 0.106133 0.125841 0.092350 0.105838 0.128473 0.092174 0.118047 0.035838 0.008916 0.045252 0.059705 0.081453 0.033898 0.086657 0.092857 0.040463 0.052840 0.090462 0.110396 0.097847 0.147053 0.136224 0.114221 0.077941 0.034016 0.071565 0.089320 0.075444 0.116015 0.113165 0.120437 0.112538 0.099099 0.113916 0.146287 0.117196 0.083594 0.029546 0.132637 0.117580 0.121524 0.031839 0.113363 0.057889 0.116523 0.056372
738000.035053 2.433999 0.077873 0.101440 0.100368 0.129637 0.139239 0.127691 0.070139 0.091694 0.120133 0.130645 0.119421 0.119032 0.117735 0.101364 0.102682 0.121848 0.088379 0.103481 0.126988 0.087484 0.116421 0.036825 0.012404 0.045561 0.059641 0.080491 0.030562 0.086190 0.092922 0.039572 0.052692 0.087843 0.108250 0.095252 0.144528 0.133827 0.111951 0.076082 0.029377 0.068892 0.087556 0.075742 0.115212 0.110708 0.118847 0.110926 0.096683 0.112634 0.144368 0.116549 0.083911 0.024096 0.131200 0.115568 0.118465 0.033872 0.111551 0.053516 0.115199 0.054549
739000.035101 4.013717 0.072287 0.094556 0.095516 0.125328 0.138559 0.122247 0.068115 0.090704 0.114047 0.132116 0.115394 0.126079 0.124096 0.107848 0.095549 0.115978 0.091836 0.098958 0.130884 0.084532 0.120993 0.047365 0.015928 0.037483 0.067286 0.084482 0.035369 0.090498 0.101268 0.041519 0.065285 0.079684 0.104436 0.090769 0.147008 0.132893 0.109078 0.075405 0.019844 0.059011 0.086561 0.086010 0.116503 0.106985 0.119713 0.106905 0.090669 0.108519 0.146111 0.123655 0.093889 0.026571 0.134871 0.115300 0.115778 0.036191 0.118086 0.051864 0.114200 0.043552
740000.035148 5.238468 0.080315 0.103102 0.101866 0.130536 0.140086 0.129128 0.070925 0.093057 0.122604 0.130602 0.122575 0.117988 0.117702 0.100477 0.104426 0.122830 0.087436 0.106103 0.127554 0.090341 0.117603 0.035598 0.018197 0.049826 0.056096 0.081986 0.021563 0.083581 0.091398 0.042223 0.053131 0.090592 0.110550 0.098813 0.146281 0.137130 0.114579 0.074012 0.036393 0.072929 0.089714 0.075810 0.118008 0.115135 0.121972 0.116315 0.099826 0.113962 0.146975 0.116742 0.080357 0.026672 0.132978 0.115642 0.121654 0.043701 0.112478 0.052444 0.115867 0.057859
741000.035196 1.749723 0.078758 0.103668 0.102557 0.132168 0.142518 0.130371 0.072186 0.094289 0.122465 0.134249 0.122350 0.123181 0.121687 0.105132 0.104131 0.123778 0.091350 0.105110 0.130771 0.089316 0.120558 0.037970 0.010517 0.045642 0.061676 0.082871 0.031876 0.087323 0.095663 0.041147 0.056426 0.089809 0.111314 0.098097 0.149352 0.138095 0.115303 0.076560 0.030166 0.069851 0.089905 0.079566 0.119155 0.114209 0.123121 0.114255 0.099259 0.115085 0.149442 0.121318 0.086897 0.025174 0.136183 0.118966 0.122123 0.034987 0.115491 0.055292 0.118171 0.054371
742000.035243 2.392042 0.072419 0.097696 0.097157 0.127036 0.137451 0.123488 0.069321 0.091606 0.116281 0.131520 0.117148 0.123870 0.120910 0.105730 0.096812 0.118804 0.091665 0.098303 0.127378 0.085678 0.118034 0.047266 0.012296 0.042909 0.070785 0.089050 0.037284 0.095480 0.103296 0.047431 0.062513 0.084587 0.107448 0.097631 0.150228 0.136516 0.113676 0.083773 0.026667 0.065670 0.092805 0.086505 0.116094 0.111939 0.121068 0.108619 0.096673 0.109887 0.148377 0.123516 0.093278 0.032313 0.136619 0.117283 0.121388 0.034618 0.115764 0.052189 0.114384 0.050766
743000.035291 1.825177 0.077730 0.101877 0.100929 0.130300 0.140458 0.128419 0.070502 0.092695 0.120911 0.132018 0.121011 0.120952 0.119210 0.102818 0.102772 0.122077 0.089718 0.103751 0.128423 0.088639 0.117815 0.037548 0.010741 0.045690 0.060371 0.082809 0.029458 0.086929 0.094632 0.041370 0.054540 0.089092 0.110323 0.098103 0.147988 0.137087 0.114509 0.076913 0.031210 0.070019 0.090123 0.078377 0.117475 0.113804 0.121812 0.113289 0.098903 0.113675 0.147859 0.119161 0.084686 0.026359 0.134458 0.117466 0.121425 0.036335 0.113543 0.053420 0.116516 0.054798
744000.035338 2.557268 0.080504 0.104302 0.103261 0.131338 0.140571 0.130181 0.072375 0.094205 0.123395 0.131346 0.123200 0.119539 0.117764 0.101860 0.105642 0.123904 0.089835 0.106347 0.127490 0.091092 0.116457 0.034426 0.012714 0.047616 0.057484 0.081848 0.028409 0.085295 0.092171 0.040970 0.051116 0.090814 0.110566 0.098913 0.146633 0.136795 0.114402 0.076469 0.034561 0.072469 0.090265 0.075351 0.116466 0.114592 0.120978 0.114198 0.099841 0.113861 0.146846 0.116511 0.081400 0.027035 0.132745 0.116446 0.121504 0.037088 0.112631 0.054984 0.115820 0.057391
745000.035386 5.326869 0.085437 0.109667 0.107527 0.133870 0.138475 0.133659 0.075387 0.095571 0.127670 0.127621 0.127214 0.111784 0.110217 0.095667 0.110745 0.128454 0.087520 0.109751 0.121336 0.093890 0.110838 0.028174 0.018350 0.057150 0.054123 0.082207 0.025955 0.083782 0.086868 0.045863 0.042157 0.096423 0.112232 0.104294 0.143605 0.137941 0.116718 0.079702 0.043752 0.080319 0.093741 0.068636 0.114190 0.118476 0.119489 0.117192 0.104703 0.115247 0.144644 0.109804 0.071701 0.032216 0.128670 0.114802 0.124962 0.043361 0.105932 0.057040 0.114273 0.066321
746000.035433 2.690419 0.086233 0.110177 0.108623 0.135732 0.142235 0.134457 0.078826 0.098084 0.127808 0.132816 0.126407 0.118941 0.117502 0.102992 0.110803 0.129585 0.093331 0.110132 0.127217 0.095571 0.116326 0.030016 0.013041 0.048163 0.054843 0.078272 0.033869 0.082940 0.087148 0.038920 0.046968 0.091747 0.109387 0.097665 0.142833 0.134307 0.112763 0.076448 0.037396 0.073788 0.088350 0.068787 0.113213 0.112403 0.117363 0.112021 0.099053 0.113715 0.142703 0.111327 0.077366 0.029171 0.127663 0.115305 0.120500 0.032413 0.111474 0.061652 0.115197 0.059261
747000.035481 6.570899 0.071367 0.094943 0.095930 0.127020 0.140762 0.122432 0.071372 0.093068 0.112952 0.136148 0.114404 0.131570 0.129068 0.113585 0.093812 0.116492 0.096520 0.097463 0.135010 0.083923 0.125679 0.053429 0.020380 0.035893 0.073616 0.088053 0.043066 0.095015 0.106002 0.045448 0.071496 0.077955 0.104813 0.091358 0.150277 0.134375 0.110018 0.079322 0.015880 0.054937 0.089225 0.091272 0.117730 0.106300 0.121046 0.104520 0.090445 0.108357 0.148307 0.127746 0.099717 0.030900 0.137485 0.118091 0.117680 0.034684 0.122411 0.056079 0.116236 0.040244
748000.035528 2.503710 0.083823 0.107165 0.106055 0.134611 0.144442 0.132899 0.077629 0.097283 0.124892 0.136183 0.123343 0.124843 0.123804 0.107792 0.107788 0.126779 0.094936 0.108218 0.132695 0.093208 0.122006 0.035210 0.012580 0.041308 0.057743 0.076707 0.036566 0.083088 0.090897 0.034425 0.055396 0.087836 0.108357 0.092527 0.144631 0.133093 0.110775 0.072375 0.030633 0.067818 0.084097 0.074243 0.116015 0.108714 0.118771 0.110369 0.094867 0.113794 0.144472 0.117201 0.085118 0.024719 0.130994 0.116800 0.117378 0.027677 0.116197 0.061447 0.117169 0.052043
749000.035576 4.665423 0.086079 0.109000 0.107536 0.133732 0.140977 0.133490 0.076266 0.096627 0.127592 0.130557 0.126096 0.117063 0.115211 0.100168 0.111103 0.128020 0.090602 0.110371 0.125608 0.095464 0.113436 0.029420 0.017173 0.050792 0.052786 0.078376 0.031614 0.082882 0.086613 0.039472 0.043945 0.093946 0.110675 0.099079 0.142545 0.134548 0.113559 0.076585 0.040904 0.077213 0.089170 0.067875 0.113466 0.114064 0.117867 0.114118 0.100844 0.114849 0.142918 0.110321 0.075537 0.030158 0.127936 0.114805 0.120263 0.036049 0.110271 0.059773 0.115103 0.062637
750000.035623 2.151245 0.082670 0.107119 0.105134 0.133807 0.141200 0.132461 0.074181 0.094408 0.125164 0.131501 0.124024 0.117251 0.116177 0.100384 0.107719 0.126891 0.089434 0.107135 0.126349 0.091861 0.115748 0.031317 0.011661 0.048982 0.055437 0.079669 0.029565 0.083960 0.088967 0.039930 0.047797 0.092074 0.110600 0.098479 0.144380 0.135700 0.114082 0.076436 0.036186 0.073840 0.089048 0.070981 0.115204 0.113740 0.119514 0.113922 0.100010 0.114665 0.144444 0.113426 0.078318 0.028128 0.129955 0.116253 0.121375 0.036032 0.109904 0.057000 0.116019 0.059251
751000.035671 5.473131 0.080626 0.103394 0.102719 0.130670 0.140828 0.129657 0.071868 0.094614 0.122642 0.131625 0.122280 0.120314 0.119444 0.102672 0.105421 0.122582 0.088822 0.107681 0.129517 0.089088 0.119215 0.034843 0.018600 0.050471 0.057891 0.080810 0.025531 0.083872 0.091959 0.040675 0.052892 0.091008 0.111128 0.098293 0.146622 0.136926 0.114568 0.073971 0.032298 0.071798 0.089520 0.076404 0.118593 0.114289 0.121693 0.115482 0.099991 0.115333 0.148021 0.118334 0.082914 0.018053 0.133987 0.116811 0.121160 0.038369 0.114253 0.054283 0.117285 0.057371
752000.035718 10.506490 0.073340 0.091813 0.095108 0.122685 0.138682 0.118836 0.073010 0.094404 0.110826 0.134343 0.112070 0.134562 0.131609 0.116998 0.093328 0.113096 0.099306 0.098914 0.135965 0.086284 0.125464 0.055638 0.025770 0.025807 0.072214 0.083483 0.046369 0.092003 0.104744 0.039807 0.074381 0.069973 0.097481 0.081588 0.143846 0.126396 0.101465 0.073024 0.011749 0.047270 0.081896 0.090644 0.113145 0.097496 0.114701 0.097865 0.080999 0.102863 0.142000 0.124828 0.101246 0.030540 0.132059 0.111898 0.108185 0.031985 0.125932 0.059185 0.111580 0.031218
753000.035766 3.498344 0.073539 0.098768 0.096708 0.128030 0.137124 0.125204 0.065993 0.088359 0.117399 0.129077 0.117348 0.116024 0.115603 0.097985 0.098857 0.119253 0.084158 0.099843 0.125026 0.083187 0.116280 0.039465 0.014870 0.049483 0.062741 0.084263 0.025035 0.087856 0.095209 0.045298 0.055004 0.089174 0.110152 0.099060 0.147203 0.136949 0.115200 0.078405 0.030103 0.070517 0.090906 0.079593 0.117868 0.114282 0.121931 0.113858 0.099712 0.113274 0.147123 0.119347 0.084754 0.024602 0.134297 0.116966 0.122072 0.040098 0.109412 0.047891 0.115876 0.056263
754000.035813 1.100320 0.075583 0.101173 0.099462 0.130172 0.139461 0.127197 0.070350 0.091322 0.119170 0.132059 0.118999 0.120501 0.119154 0.102821 0.100422 0.121774 0.089566 0.100780 0.127362 0.086718 0.118220 0.040598 0.008340 0.044498 0.064363 0.084291 0.032680 0.089552 0.096931 0.043499 0.057360 0.087478 0.109080 0.097196 0.148064 0.136247 0.113891 0.079295 0.029033 0.068044 0.089883 0.080354 0.116737 0.112322 0.121135 0.111259 0.097624 0.112287 0.146931 0.120245 0.087436 0.028933 0.134328 0.117600 0.121397 0.034426 0.112440 0.052947 0.115828 0.053163
755000.035861 7.823667 0.083339 0.106706 0.104468 0.131553 0.138367 0.131409 0.071943 0.094101 0.125943 0.127792 0.125514 0.112659 0.112242 0.095351 0.108617 0.125094 0.084550 0.109142 0.123528 0.091722 0.113535 0.030572 0.022238 0.057882 0.054288 0.082575 0.018304 0.082396 0.088076 0.046364 0.046327 0.096646 0.113359 0.104492 0.145439 0.139179 0.117829 0.076779 0.043478 0.080918 0.093343 0.072425 0.117888 0.119878 0.122245 0.120262 0.105348 0.116443 0.147439 0.113495 0.074473 0.027610 0.132131 0.115278 0.124817 0.046844 0.108444 0.053177 0.115711 0.065963
756000.035908 6.217163 0.075821 0.102819 0.099944 0.130397 0.137845 0.128787 0.066768 0.088786 0.121553 0.127638 0.122335 0.112920 0.110850 0.094652 0.102419 0.122447 0.083664 0.101427 0.121715 0.087247 0.111389 0.040401 0.019824 0.057682 0.062651 0.091504 0.026353 0.092894 0.097434 0.053153 0.050540 0.097202 0.116433 0.108998 0.152066 0.143872 0.121810 0.086274 0.042940 0.079758 0.099874 0.080020 0.119090 0.123587 0.126536 0.120418 0.108515 0.116508 0.151384 0.118356 0.080033 0.038403 0.137165 0.120085 0.130279 0.049698 0.106355 0.048933 0.117420 0.066453
757000.035956 5.719668 0.087454 0.109311 0.108340 0.136825 0.148102 0.135607 0.079730 0.099030 0.127511 0.139004 0.125688 0.126464 0.126797 0.109282 0.111002 0.128280 0.096251 0.111682 0.136745 0.096361 0.125548 0.032551 0.019014 0.040956 0.050773 0.071506 0.035017 0.075748 0.085486 0.029108 0.055583 0.089748 0.110506 0.091364 0.143948 0.133457 0.111264 0.065093 0.034579 0.069445 0.080721 0.071079 0.119030 0.109227 0.120674 0.113632 0.095295 0.116616 0.144765 0.116971 0.082411 0.023505 0.130950 0.118151 0.116729 0.031593 0.118121 0.064182 0.120087 0.052792
758000.036003 2.325873 0.085176 0.110170 0.107792 0.136972 0.144596 0.134898 0.078897 0.097604 0.127051 0.135914 0.124830 0.121927 0.121305 0.105570 0.109673 0.129615 0.094106 0.108626 0.130547 0.094442 0.120614 0.033097 0.012125 0.045652 0.057257 0.077914 0.036251 0.083863 0.089260 0.037615 0.051564 0.091764 0.110869 0.096371 0.145179 0.134900 0.113501 0.075907 0.035340 0.072121 0.086938 0.071556 0.115924 0.111602 0.119444 0.112484 0.098858 0.115404 0.144497 0.115323 0.082094 0.028850 0.130545 0.118154 0.120859 0.028126 0.113410 0.062197 0.118053 0.057278
759000.036051 3.039820 0.081172 0.103534 0.103154 0.131308 0.141906 0.129881 0.073446 0.094636 0.122663 0.132766 0.122178 0.121738 0.120861 0.104570 0.105256 0.123443 0.091399 0.106893 0.130240 0.091248 0.119276 0.034942 0.013862 0.043039 0.055353 0.078120 0.029441 0.082135 0.090361 0.035889 0.053661 0.087002 0.107736 0.093368 0.143897 0.133421 0.110562 0.071107 0.030480 0.067599 0.085291 0.074172 0.115717 0.109989 0.118931 0.111620 0.095042 0.112328 0.144139 0.115881 0.082247 0.023467 0.130460 0.114897 0.117352 0.035339 0.114753 0.056678 0.115454 0.052482
760000.036098 12.628484 0.099648 0.120582 0.118773 0.144013 0.151343 0.144075 0.091299 0.106666 0.136713 0.140987 0.132200 0.126045 0.126476 0.111456 0.122713 0.138109 0.102491 0.120735 0.136691 0.106588 0.124551 0.027188 0.028253 0.046227 0.044673 0.064295 0.046623 0.071618 0.076298 0.026338 0.049068 0.094737 0.110154 0.089811 0.136372 0.128150 0.108417 0.065450 0.046404 0.076620 0.077131 0.058513 0.114019 0.106312 0.114728 0.112157 0.095526 0.118223 0.136995 0.107483 0.075796 0.033524 0.122168 0.116228 0.113699 0.026580 0.116737 0.076786 0.119817 0.061267
761000.036146 3.244311 0.085531 0.107806 0.107127 0.134190 0.143944 0.132929 0.078546 0.098311 0.126044 0.135269 0.124323 0.124060 0.122927 0.107244 0.109468 0.127071 0.095284 0.109948 0.131956 0.095111 0.120492 0.032736 0.014320 0.041480 0.054431 0.074455 0.036032 0.080354 0.087561 0.032594 0.052516 0.088105 0.107557 0.092040 0.142383 0.131691 0.109740 0.070725 0.032773 0.069183 0.083079 0.070977 0.114448 0.108194 0.116985 0.109979 0.094547 0.113200 0.142476 0.114216 0.081993 0.024087 0.128531 0.115045 0.115981 0.027171 0.116116 0.062684 0.116049 0.053364
762000.036193 4.014107 0.087600 0.109917 0.108867 0.134474 0.142617 0.133682 0.080427 0.099357 0.127478 0.133570 0.125142 0.122791 0.120656 0.106567 0.111360 0.128858 0.095907 0.110645 0.129123 0.097370 0.117295 0.033256 0.015929 0.043628 0.055596 0.075915 0.039605 0.083489 0.088122 0.035030 0.050065 0.089386 0.106807 0.092907 0.140927 0.130318 0.108991 0.074777 0.037555 0.071969 0.084511 0.069115 0.111373 0.107857 0.114677 0.108824 0.095161 0.112300 0.140341 0.111197 0.080746 0.031060 0.126333 0.113528 0.115742 0.026267 0.114633 0.064765 0.114164 0.056947
763000.036241 1.651497 0.080389 0.105882 0.104022 0.133905 0.142675 0.131696 0.074381 0.094589 0.123870 0.134307 0.123559 0.121621 0.120083 0.104101 0.105363 0.125896 0.092269 0.104856 0.129070 0.091650 0.119105 0.037413 0.010217 0.045853 0.060826 0.083130 0.033539 0.087280 0.094164 0.042614 0.055069 0.091054 0.111727 0.099453 0.149021 0.138357 0.115912 0.078542 0.035087 0.071971 0.090801 0.077553 0.117940 0.114950 0.122751 0.114202 0.100218 0.114837 0.148276 0.119085 0.084215 0.032245 0.134593 0.119191 0.123513 0.036088 0.113399 0.057248 0.117659 0.056326
764000.036288 8.591904 0.089205 0.113161 0.111020 0.135439 0.139384 0.136158 0.078554 0.097891 0.130985 0.127637 0.129515 0.111403 0.109375 0.095717 0.115218 0.130982 0.089424 0.113375 0.120942 0.097649 0.109106 0.026178 0.023304 0.059122 0.052250 0.080399 0.032768 0.083045 0.084005 0.045392 0.036463 0.099770 0.113623 0.104966 0.141666 0.136605 0.116667 0.080853 0.047781 0.083753 0.093628 0.064448 0.112556 0.118784 0.117967 0.117373 0.106345 0.116583 0.142513 0.106702 0.069621 0.034948 0.126399 0.115212 0.124393 0.040698 0.105331 0.061861 0.114817 0.070495
765000.036336 2.164758 0.083277 0.108216 0.106381 0.134854 0.142732 0.133470 0.075618 0.095836 0.126311 0.133247 0.125089 0.119607 0.118500 0.102717 0.108614 0.127825 0.091453 0.108192 0.128149 0.093002 0.117679 0.032546 0.011698 0.048189 0.057362 0.080252 0.032571 0.085214 0.090677 0.039827 0.049605 0.092550 0.111412 0.098507 0.146022 0.136420 0.114665 0.077092 0.035535 0.073618 0.089123 0.072699 0.116254 0.114174 0.120536 0.114298 0.100351 0.115347 0.145901 0.115617 0.081195 0.027992 0.131730 0.117686 0.121895 0.033466 0.111920 0.058547 0.117144 0.058948
766000.036383 2.901196 0.086514 0.110619 0.109110 0.136817 0.145029 0.135851 0.078386 0.098979 0.129216 0.135402 0.127710 0.121960 0.120523 0.104911 0.111738 0.130150 0.093928 0.111455 0.130661 0.096388 0.118927 0.030336 0.013542 0.048539 0.054722 0.079042 0.033135 0.083415 0.088652 0.038425 0.048110 0.093858 0.112407 0.099347 0.146226 0.137169 0.115379 0.076036 0.037939 0.075409 0.089456 0.070854 0.116656 0.114988 0.120779 0.115228 0.101376 0.116638 0.146478 0.114644 0.079524 0.027828 0.131558 0.117989 0.122294 0.033014 0.114727 0.061563 0.118225 0.060120
767000.036431 2.852150 0.083022 0.106387 0.105282 0.133969 0.143323 0.131929 0.076956 0.096752 0.124050 0.135329 0.122570 0.123711 0.122703 0.106802 0.107135 0.126247 0.094098 0.107364 0.131559 0.091947 0.121064 0.035567 0.013427 0.042698 0.058554 0.076794 0.036698 0.083179 0.090407 0.035958 0.054851 0.087597 0.107837 0.092898 0.143796 0.132844 0.110849 0.073165 0.030152 0.068065 0.084647 0.073866 0.115466 0.108491 0.117990 0.109734 0.094971 0.113538 0.143822 0.116462 0.084576 0.023857 0.130174 0.116226 0.117282 0.027991 0.115380 0.060954 0.116772 0.052655
768000.036478 3.546315 0.083269 0.105410 0.104916 0.130765 0.139198 0.130253 0.074744 0.095710 0.124250 0.129637 0.123779 0.117983 0.116766 0.101546 0.107595 0.124315 0.090246 0.108874 0.126351 0.092554 0.115555 0.031025 0.014972 0.047098 0.054305 0.077668 0.028445 0.081020 0.087932 0.037686 0.049552 0.088530 0.106716 0.094933 0.141294 0.132322 0.110064 0.072043 0.034371 0.071074 0.085867 0.071368 0.113179 0.110771 0.116539 0.111606 0.096018 0.111244 0.142222 0.112359 0.078492 0.022628 0.127837 0.112193 0.117065 0.035576 0.111801 0.057301 0.112858 0.056181
769000.036526 1.813449 0.077043 0.100392 0.099854 0.128430 0.138647 0.126377 0.070944 0.091928 0.118840 0.130726 0.118571 0.120971 0.118978 0.103442 0.101390 0.120515 0.090521 0.102359 0.127279 0.087801 0.116631 0.039003 0.010706 0.041285 0.060946 0.080678 0.034065 0.086689 0.094319 0.038855 0.055589 0.084908 0.106002 0.093090 0.144081 0.132197 0.109750 0.075707 0.027529 0.065817 0.086319 0.077484 0.113742 0.108595 0.117558 0.108166 0.093857 0.110153 0.143254 0.116984 0.085682 0.026677 0.130547 0.114488 0.116706 0.031684 0.112789 0.054848 0.113564 0.050945
770000.036573 2.620102 0.080910 0.106510 0.104156 0.133092 0.139815 0.131813 0.072036 0.093696 0.124952 0.129961 0.124372 0.115519 0.113769 0.098303 0.106758 0.126359 0.087061 0.106224 0.124471 0.090181 0.113798 0.033001 0.012869 0.054245 0.058097 0.084928 0.026184 0.087900 0.091859 0.045981 0.046590 0.094686 0.112838 0.103938 0.147340 0.139547 0.117686 0.081158 0.038526 0.077201 0.094793 0.073588 0.116231 0.118335 0.121725 0.116760 0.104349 0.115628 0.147566 0.114322 0.077668 0.029794 0.132497 0.116969 0.125673 0.041316 0.109224 0.054109 0.116268 0.063134
771000.036621 3.278561 0.078723 0.105704 0.103427 0.131400 0.137045 0.129894 0.071621 0.092659 0.123740 0.127484 0.124048 0.114092 0.110997 0.097187 0.104953 0.125426 0.087661 0.103713 0.120316 0.090425 0.110206 0.039093 0.014396 0.055582 0.064782 0.090748 0.032245 0.094758 0.097632 0.051846 0.048773 0.095264 0.113152 0.106866 0.149829 0.140844 0.118992 0.088311 0.040988 0.078179 0.098857 0.078101 0.114797 0.120313 0.122271 0.115965 0.106073 0.113768 0.148468 0.116031 0.081181 0.038115 0.134237 0.117777 0.128136 0.042436 0.107167 0.053322 0.114580 0.065127
772000.036668 2.063515 0.082336 0.106008 0.104896 0.133705 0.143351 0.131600 0.076416 0.096090 0.123724 0.135235 0.122285 0.123966 0.122518 0.106815 0.106468 0.126025 0.094460 0.106438 0.131098 0.092494 0.120205 0.036786 0.011421 0.041301 0.059243 0.078236 0.037595 0.085164 0.092008 0.036257 0.054829 0.087744 0.108355 0.093360 0.144938 0.133217 0.111175 0.074999 0.030915 0.067983 0.085416 0.074720 0.115128 0.108970 0.118482 0.109537 0.095380 0.113242 0.144107 0.116887 0.085324 0.027741 0.130845 0.116942 0.117902 0.027230 0.115126 0.060541 0.116696 0.052829
773000.036716 1.788884 0.076032 0.100306 0.099594 0.128697 0.138646 0.126674 0.069816 0.091804 0.118836 0.130862 0.119257 0.121119 0.118840 0.103154 0.100840 0.120646 0.089726 0.101878 0.127204 0.086650 0.117103 0.040496 0.010634 0.044740 0.063787 0.083775 0.033006 0.089311 0.097247 0.042497 0.057281 0.086659 0.108088 0.096362 0.147089 0.135430 0.112787 0.078128 0.028426 0.067715 0.089426 0.080540 0.116142 0.111675 0.120327 0.110689 0.096636 0.111915 0.146718 0.119941 0.087434 0.026954 0.133973 0.116300 0.119779 0.035417 0.113054 0.053061 0.114975 0.052595
774000.036763 3.110682 0.076462 0.102035 0.100266 0.129001 0.136095 0.127299 0.068491 0.089997 0.120561 0.126859 0.120691 0.113527 0.111310 0.096053 0.102552 0.122107 0.085661 0.102111 0.120930 0.086984 0.110710 0.037348 0.014022 0.052154 0.062256 0.085973 0.029966 0.090205 0.094649 0.047305 0.048913 0.092033 0.110751 0.102185 0.146553 0.137458 0.115938 0.083117 0.035808 0.074582 0.094041 0.076591 0.114563 0.116437 0.120405 0.113660 0.102118 0.112965 0.145914 0.115440 0.080993 0.032030 0.132109 0.116344 0.123740 0.039869 0.106499 0.051144 0.113983 0.061189
775000.036811 1.605499 0.079325 0.103755 0.102745 0.131493 0.141296 0.129705 0.072506 0.094488 0.122846 0.132766 0.122558 0.121510 0.119980 0.103896 0.104577 0.123669 0.090813 0.105648 0.129183 0.090187 0.118554 0.036118 0.010074 0.045836 0.059438 0.082162 0.030021 0.086110 0.093341 0.040817 0.053513 0.089476 0.110056 0.097977 0.147375 0.136794 0.114181 0.076317 0.031306 0.070436 0.089776 0.076962 0.116913 0.113738 0.121121 0.113328 0.098862 0.113497 0.147306 0.118081 0.083858 0.024590 0.133568 0.116873 0.121250 0.034904 0.114644 0.055356 0.116414 0.055181
776000.036858 7.122575 0.088089 0.108766 0.107871 0.135794 0.146981 0.133865 0.082279 0.099825 0.125784 0.139295 0.122843 0.128821 0.129427 0.112425 0.109887 0.127904 0.098753 0.110613 0.137277 0.096796 0.126978 0.037721 0.021218 0.034406 0.055406 0.069337 0.041675 0.077456 0.087503 0.026056 0.060595 0.084073 0.104799 0.083803 0.140114 0.127133 0.105175 0.064364 0.031368 0.063825 0.075103 0.072363 0.115250 0.101322 0.115415 0.106963 0.088300 0.112514 0.139984 0.116414 0.087425 0.025507 0.127463 0.114764 0.110563 0.022733 0.119702 0.067012 0.117081 0.047053
777000.036906 6.609503 0.074719 0.095483 0.096266 0.124918 0.138587 0.123333 0.067360 0.090352 0.115484 0.130654 0.115905 0.123402 0.122312 0.104975 0.098460 0.115493 0.089077 0.102147 0.130746 0.084961 0.120278 0.042683 0.020440 0.040654 0.061333 0.079722 0.030879 0.084481 0.095865 0.037470 0.061097 0.082812 0.105875 0.090277 0.144330 0.131668 0.108643 0.070064 0.023758 0.062546 0.083942 0.081813 0.117324 0.107475 0.119553 0.109761 0.091824 0.110660 0.144874 0.121256 0.089714 0.020050 0.133318 0.114658 0.114157 0.037087 0.116308 0.051803 0.114898 0.047432
778000.036953 2.051169 0.082155 0.105025 0.104211 0.130639 0.138526 0.129379 0.074765 0.095174 0.123328 0.129751 0.122486 0.118655 0.116758 0.102125 0.106267 0.124722 0.091228 0.106611 0.125093 0.092300 0.114568 0.034389 0.011387 0.045377 0.058398 0.079461 0.033054 0.085329 0.090854 0.039081 0.050601 0.087676 0.105989 0.094736 0.142070 0.131886 0.110020 0.076422 0.033569 0.070501 0.086888 0.072684 0.111816 0.109638 0.115662 0.109324 0.095615 0.110555 0.141775 0.112876 0.081164 0.027953 0.127932 0.112690 0.117346 0.031871 0.111535 0.057624 0.112215 0.055729
779000.037001 7.614641 0.092259 0.113825 0.112054 0.138466 0.147444 0.138262 0.083812 0.101429 0.131028 0.137600 0.127623 0.124127 0.124612 0.108169 0.115709 0.131627 0.096772 0.115289 0.134479 0.099908 0.123484 0.027719 0.021939 0.044119 0.048083 0.068268 0.037823 0.073878 0.081439 0.027499 0.051079 0.091948 0.109366 0.090421 0.139670 0.130016 0.109040 0.065255 0.039803 0.073168 0.078716 0.065282 0.115729 0.107564 0.116838 0.112923 0.095199 0.116284 0.140650 0.112061 0.078938 0.026129 0.126537 0.115621 0.114738 0.027426 0.115914 0.068184 0.118136 0.057076
780000.037048 2.598489 0.076903 0.102884 0.101001 0.130538 0.138955 0.128416 0.070119 0.091295 0.121213 0.130226 0.121184 0.117713 0.115579 0.099836 0.102805 0.122794 0.088463 0.102198 0.124642 0.088632 0.114452 0.039090 0.012816 0.049601 0.063124 0.086229 0.032245 0.090765 0.096264 0.046398 0.052518 0.092428 0.112468 0.102014 0.149348 0.138832 0.117079 0.082762 0.035903 0.073769 0.093757 0.078639 0.116864 0.116740 0.122636 0.114475 0.102476 0.114292 0.148236 0.118656 0.084138 0.033181 0.134947 0.118905 0.124657 0.037599 0.109878 0.052964 0.116487 0.059762
781000.037096 1.969786 0.074432 0.099490 0.098207 0.128502 0.139044 0.126257 0.067575 0.090481 0.118611 0.130892 0.118684 0.120303 0.118759 0.102063 0.099878 0.119841 0.087445 0.101321 0.127723 0.085306 0.117762 0.040069 0.011158 0.046345 0.062832 0.084958 0.028585 0.089403 0.097248 0.043315 0.056174 0.088324 0.110015 0.098107 0.148586 0.137081 0.114487 0.078237 0.028467 0.068872 0.090875 0.080789 0.117831 0.113812 0.122257 0.113249 0.098759 0.113059 0.148147 0.120685 0.086943 0.025128 0.135508 0.117390 0.121517 0.037508 0.113159 0.050375 0.116284 0.054192
782000.037143 4.504354 0.079873 0.103247 0.101570 0.130066 0.139471 0.129504 0.069167 0.091091 0.122451 0.129089 0.121583 0.115904 0.115007 0.097857 0.105447 0.122439 0.085332 0.105825 0.125756 0.088613 0.114621 0.032545 0.016874 0.050731 0.054360 0.079762 0.025162 0.083328 0.089730 0.040028 0.048129 0.092669 0.111495 0.098487 0.144633 0.135782 0.114312 0.074533 0.036260 0.074730 0.088655 0.072733 0.116973 0.114739 0.120946 0.116065 0.100558 0.115536 0.145404 0.114990 0.078898 0.024844 0.131620 0.116124 0.120460 0.040014 0.109250 0.052761 0.116394 0.060197
783000.037191 5.648450 0.084905 0.109453 0.107405 0.133194 0.138233 0.133276 0.074840 0.094957 0.127632 0.126932 0.127004 0.111444 0.109526 0.095186 0.110913 0.127840 0.087411 0.109650 0.120645 0.094172 0.109510 0.028722 0.018895 0.057085 0.054495 0.082689 0.028472 0.084931 0.087430 0.046002 0.040505 0.097381 0.112964 0.104620 0.143894 0.137743 0.116789 0.080893 0.044362 0.080866 0.094034 0.068576 0.113642 0.118869 0.119487 0.117190 0.105326 0.115258 0.144415 0.109709 0.072254 0.033485 0.128833 0.115386 0.124914 0.041862 0.105365 0.057253 0.114392 0.067446
784000.037238 7.898853 0.090090 0.111547 0.110124 0.135802 0.143940 0.136153 0.079545 0.099218 0.129909 0.133191 0.127400 0.118606 0.118713 0.102315 0.114619 0.129259 0.091830 0.114851 0.130089 0.097017 0.118395 0.022948 0.022345 0.050630 0.045907 0.070553 0.030480 0.073567 0.079541 0.032501 0.044207 0.094313 0.110656 0.095296 0.139140 0.132168 0.111534 0.067292 0.040606 0.076675 0.083097 0.063499 0.115317 0.111718 0.117205 0.115290 0.098954 0.116693 0.141244 0.109422 0.073457 0.020385 0.125965 0.114452 0.117128 0.034125 0.112271 0.063512 0.117039 0.061673
785000.037285 5.718662 0.079180 0.106110 0.102320 0.133584 0.139947 0.131930 0.069353 0.090324 0.124083 0.129619 0.123751 0.112073 0.111865 0.094280 0.105485 0.125402 0.083316 0.104235 0.123485 0.088308 0.114433 0.034679 0.019012 0.058078 0.058557 0.086572 0.021564 0.087139 0.092282 0.049677 0.048464 0.098595 0.117250 0.107597 0.150298 0.143198 0.121875 0.081801 0.042591 0.080587 0.096490 0.075926 0.120684 0.122789 0.126502 0.121912 0.108533 0.118756 0.150703 0.117388 0.077426 0.033250 0.136046 0.120602 0.129762 0.047354 0.105654 0.050638 0.119144 0.066514
786000.037333 1.633688 0.081290 0.105500 0.104349 0.133284 0.142727 0.131648 0.074437 0.095098 0.123790 0.133953 0.123325 0.122071 0.120376 0.104595 0.106140 0.125338 0.092340 0.106371 0.129914 0.091548 0.118851 0.035376 0.010162 0.044492 0.057913 0.080294 0.033171 0.084947 0.092126 0.038751 0.053389 0.089431 0.109998 0.096651 0.146423 0.135879 0.113370 0.075316 0.032505 0.070085 0.088095 0.075344 0.116472 0.112519 0.120618 0.112469 0.097922 0.113997 0.146185 0.117177 0.083087 0.027196 0.132356 0.117355 0.120390 0.033850 0.113866 0.057962 0.116955 0.054664
787000.037380 2.089457 0.079261 0.105415 0.102957 0.132979 0.140540 0.131108 0.071662 0.093020 0.123528 0.131311 0.123378 0.117297 0.116027 0.099928 0.104837 0.125196 0.087723 0.104639 0.126087 0.089212 0.116597 0.035480 0.011492 0.052291 0.060080 0.085609 0.025930 0.088179 0.094046 0.046069 0.051405 0.093608 0.113292 0.103244 0.149437 0.140416 0.118103 0.080372 0.036596 0.074974 0.094147 0.076914 0.118365 0.118189 0.123642 0.117117 0.103746 0.115687 0.149399 0.117964 0.081044 0.029731 0.135065 0.118641 0.126291 0.041078 0.110431 0.053106 0.117403 0.060472
788000.037428 1.010419 0.075000 0.099238 0.099356 0.128330 0.139442 0.125380 0.071296 0.093520 0.118256 0.132812 0.119089 0.125762 0.122618 0.107858 0.099117 0.120455 0.093729 0.100714 0.129315 0.088218 0.118873 0.045233 0.007992 0.039825 0.067438 0.086673 0.037375 0.093104 0.101115 0.043737 0.061467 0.083460 0.106391 0.095405 0.149001 0.135547 0.112004 0.080515 0.026058 0.064337 0.090644 0.084003 0.115324 0.110402 0.120065 0.108058 0.094704 0.109640 0.147381 0.121794 0.091433 0.031322 0.135058 0.116192 0.119611 0.033722 0.117713 0.054814 0.114271 0.048807
789000.037475 2.164799 0.082741 0.106559 0.105484 0.132373 0.139514 0.131160 0.074919 0.095829 0.125057 0.130283 0.124285 0.117940 0.115550 0.101246 0.107666 0.126476 0.090921 0.107552 0.125049 0.092597 0.113579 0.033037 0.011698 0.049188 0.057901 0.081608 0.032349 0.086704 0.090587 0.041863 0.047265 0.090753 0.108676 0.098914 0.143872 0.134947 0.113130 0.079228 0.035925 0.073638 0.090759 0.071814 0.112574 0.113203 0.117413 0.111539 0.099341 0.112561 0.143646 0.112156 0.078825 0.028876 0.128849 0.114310 0.120730 0.034899 0.111088 0.057847 0.113762 0.059427
790000.037523 2.828908 0.080347 0.103526 0.102870 0.132932 0.144630 0.130569 0.074580 0.095426 0.121968 0.136912 0.121142 0.126764 0.126004 0.108984 0.104114 0.123971 0.094131 0.105733 0.134617 0.090212 0.124210 0.039395 0.013372 0.039666 0.060338 0.078756 0.035055 0.084759 0.094317 0.035551 0.059674 0.085746 0.108458 0.091883 0.146849 0.134288 0.111276 0.071901 0.025956 0.064620 0.084525 0.078665 0.118350 0.108690 0.120859 0.110708 0.094060 0.113805 0.146686 0.121053 0.088901 0.022725 0.133923 0.117973 0.117616 0.031080 0.118333 0.058434 0.118302 0.048631
791000.037570 4.672553 0.080758 0.104139 0.102934 0.132036 0.142178 0.130428 0.072694 0.094214 0.122794 0.133380 0.121725 0.120881 0.120447 0.103146 0.105626 0.123560 0.089943 0.106903 0.130415 0.089561 0.120060 0.034736 0.017186 0.047359 0.057605 0.078582 0.029713 0.082849 0.090747 0.038253 0.052966 0.090708 0.111139 0.096523 0.145997 0.135676 0.113952 0.073485 0.031442 0.070851 0.087303 0.075245 0.118309 0.112695 0.121195 0.114039 0.098929 0.115587 0.146692 0.118149 0.083646 0.020012 0.133096 0.117910 0.120081 0.033767 0.113640 0.056031 0.118125 0.056200
792000.037618 5.156388 0.083464 0.104912 0.104010 0.132754 0.143507 0.131383 0.074816 0.095168 0.123454 0.134519 0.121830 0.122125 0.122526 0.104822 0.107087 0.124405 0.091261 0.108439 0.132480 0.091306 0.121833 0.032676 0.018054 0.043177 0.052701 0.072739 0.030353 0.077392 0.086501 0.031447 0.053950 0.087692 0.108103 0.090747 0.141839 0.131687 0.109765 0.066387 0.030835 0.068182 0.081036 0.071604 0.117091 0.107950 0.118543 0.111968 0.094043 0.114498 0.142975 0.115679 0.081951 0.017623 0.129427 0.115420 0.115158 0.033092 0.114761 0.058792 0.117320 0.052518
793000.037665 5.177872 0.078684 0.100120 0.100103 0.129036 0.141641 0.127007 0.071635 0.093105 0.119598 0.133387 0.119750 0.124601 0.123702 0.106663 0.101765 0.120205 0.091893 0.103975 0.131970 0.090279 0.121393 0.041168 0.018091 0.039831 0.058066 0.079876 0.030919 0.083716 0.093940 0.037286 0.060101 0.084894 0.107583 0.092142 0.145930 0.133701 0.110438 0.070502 0.030947 0.065461 0.084960 0.079087 0.117712 0.109374 0.120836 0.111642 0.093672 0.111731 0.145589 0.119711 0.086651 0.028216 0.133181 0.115762 0.116765 0.038832 0.117320 0.055323 0.116096 0.049438
794000.037713 4.482514 0.081376 0.103202 0.103300 0.130635 0.141032 0.129209 0.074460 0.096243 0.121973 0.132836 0.121709 0.123157 0.121887 0.106095 0.105022 0.122792 0.092382 0.107555 0.130894 0.090125 0.120518 0.036528 0.016833 0.044763 0.058749 0.078644 0.031051 0.082998 0.091901 0.037509 0.056016 0.086043 0.106813 0.093402 0.144034 0.133306 0.110365 0.071780 0.028009 0.066629 0.085993 0.076487 0.115891 0.109259 0.118279 0.110453 0.094651 0.112084 0.145031 0.117396 0.084670 0.018289 0.131179 0.114449 0.117177 0.033943 0.116305 0.057416 0.115129 0.051616
795000.037760 4.614421 0.080399 0.104875 0.102971 0.131979 0.140153 0.130978 0.070521 0.092964 0.124036 0.130232 0.123541 0.115684 0.114956 0.097885 0.106366 0.124300 0.085895 0.107052 0.126140 0.089014 0.115711 0.031875 0.017078 0.053931 0.056714 0.082290 0.022663 0.084279 0.090401 0.043756 0.047807 0.094578 0.113377 0.102465 0.147055 0.139130 0.117443 0.077130 0.036701 0.076480 0.092408 0.074250 0.118492 0.118031 0.122792 0.117984 0.103739 0.116699 0.148325 0.116160 0.078743 0.023336 0.133605 0.117624 0.124267 0.041281 0.109904 0.052619 0.117439 0.062037
796000.037808 1.345053 0.076945 0.102352 0.100904 0.130489 0.138650 0.127901 0.070912 0.092034 0.120624 0.130567 0.120814 0.118407 0.116713 0.101128 0.101971 0.122984 0.089318 0.102189 0.125163 0.088090 0.115755 0.039112 0.009221 0.047158 0.063535 0.084925 0.031695 0.089746 0.095874 0.044827 0.054346 0.088817 0.109255 0.099022 0.147452 0.136828 0.114559 0.080750 0.031664 0.070309 0.091568 0.078597 0.115582 0.113805 0.120537 0.111892 0.099042 0.112175 0.146557 0.118078 0.084764 0.030230 0.133181 0.116806 0.122402 0.036567 0.110898 0.053126 0.114828 0.055906
797000.037855 5.946991 0.077795 0.098897 0.099082 0.126724 0.138478 0.125637 0.068835 0.092308 0.119056 0.129777 0.118805 0.120698 0.119741 0.102750 0.101987 0.118735 0.087792 0.105137 0.128977 0.086973 0.118259 0.038187 0.019388 0.045797 0.058706 0.079445 0.027083 0.083733 0.092910 0.038415 0.055777 0.086091 0.106885 0.093268 0.143558 0.132789 0.110294 0.071295 0.028221 0.067651 0.085796 0.077746 0.116489 0.109799 0.118901 0.111808 0.094824 0.111986 0.144770 0.117914 0.085236 0.016857 0.131894 0.113583 0.115883 0.037968 0.114970 0.052336 0.114610 0.052796
798000.037903 4.838835 0.086201 0.108964 0.107310 0.134961 0.143653 0.134301 0.076969 0.096773 0.127077 0.133871 0.125189 0.119587 0.119581 0.102642 0.110832 0.127532 0.091353 0.110908 0.130183 0.094227 0.119320 0.027931 0.017489 0.047561 0.050874 0.073485 0.030628 0.077323 0.084454 0.033909 0.048631 0.092486 0.110843 0.095251 0.142438 0.133693 0.112554 0.069630 0.036683 0.073785 0.083916 0.068525 0.116717 0.111827 0.119194 0.114511 0.098460 0.116211 0.143583 0.113577 0.078111 0.021657 0.129207 0.116398 0.118418 0.032657 0.112162 0.060550 0.117663 0.058359
799000.037950 2.231719 0.075391 0.100493 0.099832 0.130291 0.141246 0.126783 0.072017 0.092781 0.118557 0.134172 0.118627 0.125121 0.122921 0.107568 0.099548 0.121510 0.093728 0.100476 0.130198 0.088267 0.120116 0.045279 0.011877 0.040089 0.066866 0.086002 0.038498 0.092775 0.100184 0.043229 0.060735 0.085167 0.108302 0.095364 0.149227 0.135588 0.112582 0.080850 0.026975 0.064130 0.090229 0.082876 0.116029 0.110462 0.120873 0.108630 0.095729 0.110923 0.146951 0.121684 0.091325 0.032946 0.134896 0.118404 0.120452 0.032178 0.116205 0.055758 0.116215 0.050202
800000.037998 1.639445 0.077084 0.101483 0.100964 0.130234 0.140904 0.127729 0.072139 0.093538 0.119906 0.133277 0.119743 0.124005 0.121855 0.106322 0.101609 0.121959 0.092624 0.102851 0.129793 0.088504 0.119418 0.041355 0.010180 0.042000 0.064291 0.083574 0.035715 0.090048 0.097717 0.040934 0.058030 0.086241 0.108349 0.095278 0.147922 0.135198 0.112353 0.078437 0.026768 0.065838 0.089008 0.080639 0.116060 0.110663 0.120276 0.109684 0.096083 0.111881 0.146814 0.120518 0.089133 0.027638 0.134217 0.117426 0.119713 0.031040 0.115614 0.055621 0.115960 0.051320
