#! FIELDS time restraint.bias r0 r1 r2 r3 r4 r5 r6 r7 r8 r9 r10 r11 r12 r13 r14 r15 r16 r17 r18 r19 r20 r21 r22 r23 r24 r25 r26 r27 r28 r29 r30 r31 r32 r33 r34 r35 r36 r37 r38 r39 r40 r41 r42 r43 r44 r45 r46 r47 r48 r49 r50 r51 r52 r53 r54 r55 r56 r57 r58 r59
120000.005700 6.530857 0.133878 0.146884 0.136672 0.162687 0.158582 0.164743 0.117774 0.115266 0.153945 0.146550 0.138473 0.111624 0.129518 0.106182 0.152127 0.154896 0.105534 0.143474 0.144008 0.126152 0.144232 0.062302 0.086896 0.084683 0.043093 0.013197 0.086069 0.025544 0.038464 0.051138 0.078983 0.124079 0.128936 0.084727 0.112016 0.114690 0.112061 0.040584 0.093459 0.111606 0.048654 0.048311 0.135399 0.105785 0.122699 0.135516 0.106197 0.146903 0.118330 0.106867 0.083080 0.072211 0.111459 0.130399 0.102804 0.073577 0.103460 0.112393 0.144587 0.097879
121000.005747 4.745778 0.131889 0.143893 0.132448 0.163178 0.165096 0.164073 0.116317 0.111482 0.150018 0.153644 0.133074 0.116369 0.136633 0.109048 0.148882 0.151734 0.104411 0.140061 0.151998 0.122316 0.152785 0.071305 0.091079 0.082856 0.052792 0.011250 0.091060 0.031322 0.052244 0.052328 0.090137 0.121226 0.127922 0.076268 0.114406 0.111841 0.108578 0.033653 0.093828 0.108282 0.037061 0.062250 0.139556 0.099954 0.124758 0.134390 0.100890 0.147502 0.121157 0.116262 0.095467 0.075519 0.116530 0.132012 0.096606 0.075882 0.106770 0.113400 0.147417 0.094824
122000.005795 6.865322 0.127078 0.138940 0.130281 0.159364 0.164651 0.160249 0.112533 0.111429 0.147461 0.153116 0.133115 0.119244 0.137238 0.111072 0.144191 0.148707 0.105167 0.137861 0.152021 0.120248 0.149968 0.063585 0.082362 0.074870 0.046309 0.013531 0.082180 0.029086 0.051470 0.043765 0.084200 0.114213 0.122999 0.074046 0.116199 0.112812 0.106005 0.027843 0.085109 0.100190 0.038320 0.058894 0.135162 0.097950 0.121890 0.129560 0.096518 0.141405 0.122408 0.113855 0.090387 0.066671 0.115740 0.127896 0.096924 0.068834 0.110324 0.107157 0.141954 0.086581
123000.005842 4.512865 0.132547 0.145897 0.134073 0.164010 0.160838 0.164724 0.117185 0.112559 0.151530 0.149273 0.134731 0.112526 0.132073 0.106834 0.149898 0.153697 0.104069 0.140636 0.147249 0.123332 0.149196 0.067220 0.088934 0.083726 0.048315 0.010970 0.088469 0.027796 0.045108 0.051932 0.085329 0.123649 0.130260 0.081255 0.114899 0.114588 0.111924 0.037870 0.093722 0.110016 0.043051 0.055654 0.139175 0.103463 0.125595 0.136023 0.104812 0.148621 0.120329 0.112885 0.089912 0.074327 0.115190 0.133713 0.102023 0.074300 0.103519 0.112804 0.148036 0.096508
124000.005890 2.393983 0.129518 0.142307 0.131679 0.162468 0.165785 0.162843 0.115057 0.111666 0.148690 0.154850 0.132162 0.119239 0.138168 0.111394 0.146458 0.151324 0.105586 0.138131 0.152721 0.121156 0.152142 0.066739 0.085620 0.077619 0.049873 0.007990 0.087203 0.033960 0.052495 0.046193 0.086329 0.117866 0.125875 0.074350 0.116089 0.111867 0.107247 0.034358 0.088661 0.103501 0.037119 0.058995 0.136731 0.097562 0.122796 0.130729 0.098770 0.144813 0.121514 0.114886 0.093591 0.071045 0.116034 0.131033 0.097228 0.068917 0.108520 0.110722 0.145340 0.090228
125000.005937 5.601876 0.124870 0.136656 0.127624 0.157252 0.165566 0.157980 0.111236 0.109522 0.144487 0.154961 0.129200 0.122751 0.140295 0.113197 0.141437 0.146387 0.105226 0.134640 0.154102 0.118168 0.150715 0.064595 0.080861 0.070665 0.049192 0.012222 0.083120 0.036047 0.056615 0.040695 0.085530 0.110784 0.119756 0.068489 0.115681 0.108946 0.101999 0.029411 0.082937 0.096786 0.032571 0.061118 0.132570 0.092617 0.118893 0.125229 0.092160 0.138686 0.120932 0.114390 0.093797 0.066598 0.114992 0.125788 0.092621 0.064426 0.111825 0.106460 0.139771 0.083109
126000.005985 6.461602 0.130840 0.144791 0.135345 0.163142 0.161492 0.164483 0.115791 0.115201 0.152833 0.149817 0.137750 0.115633 0.132552 0.109230 0.149503 0.154145 0.106093 0.141879 0.147419 0.123813 0.146145 0.058351 0.081821 0.079356 0.039758 0.013127 0.081893 0.025475 0.040900 0.045207 0.077064 0.120459 0.127378 0.082732 0.115133 0.115970 0.110962 0.036161 0.087960 0.106289 0.047936 0.048714 0.134693 0.104215 0.122655 0.133214 0.103858 0.144740 0.121033 0.108195 0.082901 0.066648 0.113347 0.129918 0.103128 0.068053 0.107107 0.109598 0.143859 0.092438
127000.006032 6.167510 0.131284 0.143744 0.133229 0.164413 0.167380 0.164917 0.116668 0.113040 0.150616 0.155906 0.134571 0.118557 0.138714 0.111532 0.148192 0.152645 0.106338 0.140423 0.154359 0.122699 0.155142 0.069237 0.088293 0.079963 0.051872 0.012824 0.088249 0.030296 0.053440 0.049401 0.089829 0.119535 0.128017 0.076323 0.118544 0.114754 0.109556 0.031259 0.090829 0.105247 0.038139 0.063125 0.140430 0.100363 0.126175 0.134032 0.100518 0.146922 0.124765 0.118592 0.095722 0.072602 0.119386 0.133098 0.099296 0.073070 0.109423 0.112182 0.147611 0.091654
128000.006080 6.793207 0.128523 0.141769 0.132877 0.160139 0.160996 0.161613 0.113927 0.112879 0.149958 0.149325 0.135564 0.116459 0.132535 0.109194 0.146986 0.151138 0.105997 0.139193 0.146891 0.122720 0.144253 0.058662 0.080130 0.075371 0.040081 0.013459 0.081966 0.027964 0.044063 0.043176 0.077335 0.116462 0.123329 0.078569 0.113542 0.112695 0.107083 0.035355 0.086260 0.103379 0.044055 0.049868 0.131514 0.100678 0.119661 0.129296 0.099296 0.140902 0.118820 0.107126 0.083402 0.067054 0.111380 0.126623 0.098750 0.066440 0.106645 0.108289 0.140338 0.089075
129000.006127 11.152466 0.126487 0.138449 0.125592 0.159796 0.164484 0.159053 0.112358 0.105170 0.142871 0.154337 0.125086 0.116662 0.137751 0.108092 0.142173 0.146202 0.100997 0.132748 0.152767 0.116140 0.154684 0.075837 0.090940 0.078812 0.060111 0.017245 0.092350 0.039769 0.061385 0.052639 0.095405 0.116469 0.124449 0.068816 0.114383 0.107482 0.104353 0.034820 0.091202 0.103140 0.027622 0.069799 0.138753 0.093298 0.123038 0.129726 0.095105 0.144449 0.119756 0.120281 0.102551 0.076388 0.117163 0.131053 0.091541 0.073987 0.105606 0.110625 0.146120 0.090221
130000.006175 3.604606 0.131205 0.143210 0.131452 0.161718 0.162456 0.162507 0.115245 0.110294 0.149073 0.150999 0.131835 0.114092 0.134211 0.106750 0.148104 0.150870 0.102595 0.139018 0.149064 0.121511 0.150122 0.070392 0.090672 0.083748 0.052320 0.009804 0.090111 0.032490 0.050290 0.052648 0.088017 0.121982 0.128054 0.077235 0.112934 0.111044 0.108826 0.036921 0.093850 0.109215 0.038261 0.059748 0.138492 0.100093 0.123789 0.134283 0.101878 0.147479 0.119420 0.114195 0.093717 0.075140 0.114964 0.131671 0.096867 0.075299 0.104527 0.112155 0.146807 0.096057
131000.006222 11.474988 0.136847 0.147437 0.136641 0.165056 0.162437 0.166728 0.120457 0.115426 0.153869 0.150608 0.137510 0.113757 0.134348 0.108398 0.154045 0.154412 0.106984 0.145528 0.149897 0.126959 0.152356 0.075148 0.096712 0.089078 0.054788 0.017493 0.095056 0.026404 0.049732 0.058835 0.092714 0.125051 0.130477 0.080961 0.112562 0.113606 0.111320 0.034455 0.099148 0.113398 0.042648 0.063959 0.142111 0.104220 0.126740 0.138317 0.104528 0.150325 0.121030 0.116175 0.095477 0.079338 0.116387 0.133018 0.097905 0.082978 0.106464 0.117936 0.149648 0.100083
132000.006270 7.864319 0.127870 0.138703 0.130230 0.159056 0.167837 0.160526 0.113556 0.112251 0.147407 0.156922 0.132469 0.123191 0.141759 0.114145 0.144882 0.148092 0.106774 0.138858 0.156637 0.120459 0.153539 0.068187 0.085421 0.074954 0.051392 0.014482 0.086163 0.032462 0.056986 0.045402 0.089137 0.112805 0.121336 0.070264 0.115444 0.110426 0.103368 0.023685 0.085953 0.099490 0.033982 0.064895 0.135684 0.095171 0.121230 0.128398 0.093669 0.140860 0.122805 0.116673 0.096123 0.067994 0.116745 0.126508 0.092121 0.070478 0.114044 0.109564 0.142029 0.085734
133000.006317 5.074168 0.129941 0.142507 0.133248 0.162407 0.164568 0.163561 0.114816 0.113680 0.150773 0.152866 0.135688 0.117765 0.136036 0.110590 0.147852 0.151761 0.105680 0.140922 0.151484 0.122083 0.150319 0.063574 0.084719 0.079018 0.044635 0.011632 0.083928 0.025005 0.047270 0.046403 0.083402 0.118648 0.126771 0.078499 0.116235 0.115116 0.109388 0.029128 0.088086 0.104388 0.042398 0.056674 0.137544 0.101775 0.124289 0.133227 0.100966 0.145044 0.123045 0.113426 0.088989 0.067770 0.116274 0.130497 0.099846 0.071120 0.109421 0.109779 0.145197 0.090759
134000.006365 7.135442 0.131068 0.143909 0.134307 0.163600 0.163922 0.164204 0.116324 0.114615 0.151432 0.152334 0.136155 0.116992 0.135625 0.110703 0.148331 0.153216 0.106643 0.141155 0.150615 0.123612 0.150728 0.063707 0.084844 0.079451 0.045790 0.013794 0.083933 0.027214 0.047033 0.047055 0.083400 0.119672 0.127781 0.079715 0.117238 0.115796 0.110564 0.034144 0.088987 0.105083 0.044219 0.055863 0.137705 0.102237 0.124544 0.133552 0.102369 0.145600 0.123084 0.113400 0.088885 0.069373 0.116411 0.131764 0.102229 0.070338 0.108601 0.110305 0.145583 0.091767
135000.006412 6.652701 0.134091 0.145449 0.135649 0.164262 0.166838 0.165647 0.118500 0.116067 0.152956 0.155236 0.136606 0.119405 0.139153 0.112517 0.151155 0.153812 0.107624 0.144187 0.154249 0.125281 0.153926 0.069274 0.090654 0.083598 0.050978 0.013319 0.089170 0.029916 0.050673 0.051247 0.088275 0.121457 0.128150 0.078018 0.115055 0.113360 0.109193 0.032501 0.092934 0.107983 0.041514 0.060677 0.139367 0.101282 0.124633 0.135035 0.102054 0.147409 0.122729 0.115329 0.093935 0.072801 0.116812 0.131484 0.098204 0.075252 0.111337 0.114016 0.147112 0.094959
136000.006460 5.930233 0.134890 0.147232 0.137942 0.165053 0.162691 0.166895 0.118953 0.117672 0.155417 0.150799 0.140121 0.116114 0.134108 0.110436 0.153118 0.156054 0.108225 0.145601 0.149249 0.127233 0.148722 0.064171 0.087981 0.084081 0.043203 0.012575 0.086528 0.021555 0.040964 0.050597 0.082280 0.123306 0.129601 0.083611 0.113983 0.116254 0.112382 0.034360 0.093099 0.110238 0.047823 0.052557 0.138146 0.105661 0.124873 0.136497 0.105487 0.147979 0.121187 0.110222 0.085848 0.071549 0.114236 0.131567 0.102476 0.075004 0.108611 0.113753 0.146794 0.096346
137000.006507 5.733381 0.128284 0.141263 0.132858 0.160848 0.162299 0.161762 0.113918 0.114072 0.150056 0.150980 0.135785 0.117310 0.134406 0.110327 0.146296 0.151269 0.106140 0.139779 0.148963 0.122097 0.147340 0.058684 0.079997 0.075467 0.041778 0.012365 0.079937 0.025730 0.045113 0.042569 0.078859 0.115988 0.124117 0.078705 0.115879 0.114707 0.108260 0.031983 0.084577 0.101751 0.044667 0.052619 0.133770 0.100821 0.121294 0.130095 0.099729 0.141654 0.121947 0.110145 0.085212 0.064095 0.114191 0.127832 0.100414 0.065856 0.109126 0.107314 0.141633 0.087862
138000.006555 6.477891 0.135688 0.147945 0.137185 0.166501 0.166169 0.168135 0.119390 0.115884 0.154749 0.153781 0.138205 0.116401 0.136519 0.110211 0.153271 0.155876 0.106694 0.145146 0.152482 0.126117 0.153240 0.069446 0.092148 0.086809 0.049690 0.013143 0.090332 0.027301 0.047800 0.053595 0.087860 0.125522 0.131997 0.081997 0.116200 0.116122 0.112802 0.035005 0.095921 0.111783 0.043899 0.058956 0.141860 0.105062 0.127578 0.138720 0.106098 0.150931 0.123699 0.115665 0.092405 0.075419 0.117988 0.134707 0.101945 0.077753 0.107951 0.115236 0.149989 0.098587
139000.006602 6.386428 0.135204 0.147241 0.136890 0.166350 0.164932 0.167414 0.119526 0.115935 0.154345 0.152929 0.138201 0.115944 0.136166 0.110507 0.152637 0.155464 0.107822 0.144573 0.151790 0.126775 0.153455 0.070406 0.091894 0.084838 0.050128 0.013050 0.090514 0.025017 0.048083 0.053332 0.089106 0.124086 0.131271 0.081103 0.116791 0.116254 0.112648 0.033204 0.095382 0.110567 0.042946 0.060458 0.142032 0.104668 0.127815 0.137936 0.105000 0.149914 0.123639 0.116570 0.093342 0.075594 0.118368 0.134550 0.101371 0.077512 0.108018 0.115348 0.149799 0.097038
140000.006650 8.988877 0.132517 0.145727 0.137051 0.164558 0.164336 0.166898 0.116383 0.116486 0.155117 0.151817 0.140881 0.116259 0.133885 0.109607 0.151802 0.155082 0.106838 0.144788 0.149876 0.125235 0.148205 0.060629 0.084756 0.082312 0.040749 0.015482 0.083370 0.020668 0.042645 0.047983 0.079823 0.122383 0.129485 0.084625 0.116990 0.118844 0.113132 0.032265 0.090243 0.108716 0.048820 0.053015 0.138308 0.107456 0.125948 0.136780 0.105563 0.147294 0.124807 0.111632 0.084645 0.067887 0.116811 0.131370 0.103883 0.072926 0.108528 0.110928 0.145945 0.094337
141000.006697 2.293203 0.131450 0.143545 0.133963 0.163146 0.166582 0.164216 0.116678 0.114588 0.151175 0.155272 0.135248 0.119853 0.138707 0.112665 0.148643 0.152489 0.107430 0.141279 0.153743 0.123628 0.152791 0.066339 0.086531 0.079032 0.047766 0.007820 0.086585 0.028502 0.049580 0.047132 0.086257 0.118787 0.126609 0.076711 0.116243 0.113580 0.108470 0.030781 0.089811 0.104946 0.040010 0.058673 0.137729 0.099859 0.123816 0.132589 0.100195 0.145368 0.122639 0.114581 0.091901 0.070527 0.116542 0.130695 0.098382 0.071179 0.110753 0.111918 0.145625 0.091267
142000.006745 4.881923 0.129436 0.142367 0.133349 0.161560 0.163884 0.162891 0.114499 0.113930 0.150777 0.152038 0.135681 0.118315 0.135507 0.110812 0.147561 0.151788 0.105914 0.140719 0.150442 0.122529 0.148113 0.060093 0.081905 0.077179 0.041852 0.011410 0.081829 0.027477 0.045829 0.043502 0.079501 0.117754 0.125311 0.078403 0.115491 0.113937 0.108140 0.032207 0.086496 0.103550 0.043200 0.052738 0.134525 0.101034 0.121887 0.131449 0.100454 0.143107 0.121557 0.110349 0.086358 0.065995 0.114305 0.128625 0.099603 0.067371 0.109355 0.108583 0.142879 0.089886
143000.006792 7.232415 0.127067 0.138307 0.128699 0.158038 0.164561 0.159096 0.112701 0.109878 0.145616 0.153926 0.130051 0.120045 0.138795 0.111112 0.143815 0.147232 0.104483 0.136656 0.152913 0.119080 0.150860 0.067888 0.085269 0.075379 0.052649 0.013888 0.086867 0.035398 0.056754 0.046012 0.087900 0.112777 0.119997 0.069192 0.112513 0.107503 0.101757 0.030346 0.086391 0.099919 0.032475 0.062909 0.133157 0.093324 0.118424 0.126554 0.092932 0.139764 0.119461 0.114084 0.095384 0.069355 0.113657 0.125204 0.090731 0.068988 0.110004 0.108910 0.140292 0.086610
144000.006840 4.245087 0.131555 0.144089 0.134376 0.163525 0.164178 0.164739 0.116273 0.114342 0.151904 0.152606 0.136461 0.116370 0.135486 0.109724 0.149393 0.152972 0.105809 0.141984 0.150922 0.123194 0.151046 0.065227 0.086755 0.081182 0.047187 0.010640 0.085875 0.025065 0.047300 0.048756 0.084964 0.120305 0.127773 0.079644 0.116092 0.115323 0.110225 0.031066 0.090254 0.106504 0.042896 0.057894 0.138516 0.102597 0.124824 0.134388 0.102229 0.146339 0.123345 0.114195 0.090128 0.069789 0.116789 0.131254 0.100289 0.072673 0.108348 0.111402 0.146076 0.092790
145000.006887 4.405303 0.131867 0.142818 0.133192 0.161587 0.164660 0.163287 0.115895 0.113063 0.150474 0.152764 0.134761 0.117626 0.136470 0.110157 0.149075 0.151098 0.105901 0.141583 0.151766 0.123438 0.150504 0.068863 0.089522 0.081969 0.048660 0.010839 0.088625 0.027621 0.049365 0.050516 0.087195 0.119818 0.126532 0.076816 0.113163 0.111905 0.107865 0.030931 0.092404 0.107304 0.039316 0.059602 0.137764 0.100433 0.123477 0.133600 0.100299 0.145874 0.120402 0.113479 0.091768 0.073262 0.114818 0.129860 0.096157 0.075766 0.108598 0.112443 0.145361 0.093829
146000.006935 7.399145 0.133600 0.145516 0.135810 0.164306 0.165423 0.166142 0.117620 0.115181 0.153536 0.153207 0.137926 0.116681 0.136229 0.110130 0.151686 0.153768 0.106610 0.144286 0.152043 0.125141 0.151881 0.068103 0.090076 0.083943 0.048451 0.014047 0.088640 0.024934 0.048223 0.051724 0.086894 0.122443 0.129166 0.080436 0.115566 0.115273 0.110788 0.030766 0.093376 0.109261 0.042795 0.059788 0.139991 0.104168 0.126024 0.136666 0.103477 0.147886 0.123412 0.115027 0.091746 0.072686 0.117366 0.131839 0.099510 0.076407 0.108816 0.113568 0.147394 0.095605
147000.006982 9.718248 0.126773 0.139979 0.132587 0.158877 0.160921 0.160509 0.111783 0.113918 0.150231 0.148791 0.137011 0.117439 0.132294 0.109590 0.145697 0.150560 0.105602 0.139604 0.146763 0.122158 0.142506 0.053222 0.076036 0.073771 0.033935 0.016098 0.075770 0.025204 0.041353 0.039493 0.072389 0.115088 0.122751 0.080548 0.114811 0.114992 0.108002 0.033401 0.082547 0.101478 0.048024 0.046341 0.130548 0.102280 0.119459 0.129237 0.100044 0.139533 0.120583 0.105509 0.079022 0.061214 0.111717 0.125184 0.100949 0.063969 0.109167 0.104624 0.138696 0.087132
148000.007030 4.095177 0.129131 0.141708 0.132254 0.161289 0.164320 0.162438 0.113836 0.112698 0.149640 0.152865 0.134182 0.118593 0.136365 0.110484 0.146919 0.151159 0.105022 0.139728 0.151101 0.121128 0.149108 0.062925 0.083682 0.078237 0.045451 0.010450 0.083973 0.030484 0.048921 0.044936 0.082071 0.117654 0.125264 0.076734 0.115020 0.113011 0.107689 0.032413 0.087003 0.103566 0.041040 0.055492 0.135471 0.099713 0.122068 0.131196 0.099664 0.143999 0.121594 0.112103 0.089265 0.067218 0.114812 0.129211 0.098014 0.068900 0.109176 0.108970 0.143812 0.090241
149000.007077 8.913341 0.134480 0.147613 0.138800 0.165614 0.161864 0.167631 0.118757 0.118420 0.156337 0.150069 0.141873 0.114936 0.132761 0.109614 0.153358 0.156840 0.108269 0.146114 0.148013 0.127110 0.147934 0.061260 0.085911 0.083742 0.042348 0.015417 0.084614 0.020339 0.040352 0.049761 0.080191 0.123228 0.129654 0.085789 0.115504 0.118494 0.113622 0.035316 0.091548 0.109817 0.050715 0.051787 0.137873 0.107530 0.125154 0.136641 0.106431 0.147607 0.123265 0.110260 0.084050 0.069099 0.115244 0.131444 0.104766 0.073401 0.107959 0.112758 0.146035 0.095625
150000.007125 7.178018 0.123947 0.135454 0.126252 0.156089 0.163901 0.156535 0.110515 0.108478 0.143023 0.153880 0.127858 0.121067 0.139269 0.111670 0.140320 0.144986 0.103899 0.133674 0.152997 0.116644 0.150594 0.066033 0.081675 0.070947 0.051996 0.013835 0.083751 0.036191 0.057897 0.042365 0.087144 0.109326 0.117987 0.067080 0.113997 0.107407 0.100495 0.028379 0.082433 0.095787 0.031063 0.063407 0.131892 0.091204 0.117603 0.123874 0.090465 0.137307 0.119979 0.114638 0.095211 0.066081 0.114142 0.124288 0.090584 0.065194 0.110906 0.106049 0.138648 0.082303
151000.007172 8.435553 0.126145 0.137371 0.127676 0.158128 0.165730 0.158105 0.112879 0.110030 0.144122 0.155701 0.127959 0.122353 0.141327 0.113724 0.141726 0.146423 0.105386 0.135121 0.155189 0.118182 0.153734 0.068984 0.084776 0.073423 0.053749 0.014998 0.085887 0.037238 0.058530 0.044859 0.089780 0.111767 0.120765 0.067697 0.115182 0.108047 0.102049 0.029942 0.085058 0.097502 0.031606 0.064839 0.134546 0.091696 0.119809 0.126050 0.092495 0.139961 0.120505 0.116622 0.097409 0.068974 0.115561 0.127248 0.092231 0.067449 0.112320 0.108382 0.141712 0.084768
152000.007220 6.210484 0.132339 0.144569 0.133790 0.162886 0.161371 0.163699 0.116889 0.112867 0.150912 0.149456 0.134909 0.113456 0.132938 0.107626 0.149151 0.152615 0.104762 0.140818 0.147932 0.123693 0.149305 0.067439 0.088942 0.083364 0.048574 0.012869 0.087481 0.027815 0.045909 0.051844 0.085688 0.122257 0.128944 0.080311 0.114469 0.114050 0.110820 0.037019 0.093304 0.108955 0.042960 0.056487 0.138452 0.102628 0.124752 0.135195 0.103540 0.147313 0.120328 0.112700 0.089568 0.074092 0.114801 0.132376 0.101177 0.075020 0.104965 0.112070 0.146509 0.095772
153000.007267 9.329028 0.134381 0.146587 0.136522 0.163931 0.161584 0.165932 0.117777 0.115467 0.154358 0.148792 0.138773 0.112957 0.132048 0.107443 0.152415 0.154410 0.105383 0.144697 0.147884 0.126227 0.148233 0.066220 0.090024 0.086182 0.044774 0.015773 0.086786 0.021074 0.042021 0.053191 0.083695 0.125078 0.131073 0.084492 0.114366 0.116437 0.113201 0.034949 0.095169 0.112153 0.047234 0.054784 0.139696 0.106980 0.126381 0.138665 0.106957 0.148926 0.121595 0.111626 0.086821 0.073641 0.115476 0.132436 0.102993 0.077538 0.105891 0.112969 0.147436 0.098559
154000.007315 9.997333 0.134458 0.148440 0.136664 0.165483 0.158039 0.166874 0.118668 0.114366 0.154087 0.146071 0.137913 0.109010 0.128586 0.104827 0.152307 0.156000 0.104278 0.142909 0.144317 0.125019 0.147574 0.066686 0.090185 0.087201 0.047487 0.016328 0.088291 0.024122 0.041541 0.054783 0.084384 0.127351 0.133919 0.087056 0.116288 0.118734 0.116287 0.040597 0.095952 0.113325 0.049549 0.054625 0.141398 0.108521 0.128520 0.139717 0.109568 0.151434 0.122255 0.112811 0.087273 0.075452 0.116538 0.136357 0.107239 0.076990 0.101114 0.113767 0.150033 0.099752
155000.007362 7.564055 0.121761 0.133954 0.124941 0.155367 0.163938 0.155919 0.108101 0.106854 0.142271 0.153591 0.127532 0.121676 0.138639 0.111236 0.138893 0.144220 0.102993 0.132035 0.152520 0.115201 0.148757 0.063293 0.078572 0.068386 0.048872 0.014202 0.081494 0.036682 0.057691 0.039129 0.084375 0.108669 0.118173 0.067578 0.115659 0.108807 0.101255 0.028369 0.080200 0.094810 0.031880 0.061664 0.131689 0.092161 0.118380 0.123781 0.090511 0.137181 0.121017 0.114402 0.093538 0.064140 0.114967 0.124678 0.091447 0.063081 0.110564 0.103799 0.138516 0.080620
156000.007410 4.274506 0.128696 0.139780 0.131124 0.159192 0.164658 0.160608 0.114031 0.112366 0.148290 0.153696 0.133245 0.120259 0.137920 0.111826 0.146100 0.149086 0.106627 0.139027 0.152283 0.121738 0.149452 0.065971 0.084814 0.075939 0.048378 0.010676 0.086116 0.030877 0.051737 0.045780 0.085421 0.114431 0.121786 0.073069 0.113197 0.110066 0.104367 0.029579 0.087315 0.102130 0.037168 0.059578 0.133910 0.096682 0.120009 0.128418 0.095517 0.141160 0.119995 0.112419 0.091745 0.068865 0.113692 0.126119 0.093010 0.070056 0.110745 0.109972 0.141428 0.088030
157000.007457 8.204483 0.125946 0.138087 0.127699 0.158565 0.162438 0.158955 0.111580 0.108367 0.144864 0.152020 0.129405 0.116670 0.135636 0.108227 0.142935 0.147044 0.102267 0.135264 0.150361 0.116974 0.150089 0.067557 0.084935 0.076387 0.052385 0.014791 0.086226 0.033208 0.055119 0.047317 0.087720 0.113776 0.121680 0.071643 0.113561 0.109666 0.104048 0.030367 0.086132 0.100431 0.034710 0.062833 0.134897 0.095315 0.120482 0.127938 0.094687 0.141210 0.120271 0.114961 0.094397 0.068729 0.114635 0.127292 0.093431 0.070080 0.107169 0.108018 0.142060 0.087039
158000.007505 2.837822 0.129042 0.140717 0.132618 0.159861 0.165365 0.161676 0.114232 0.114089 0.149806 0.153902 0.135042 0.120769 0.138036 0.112510 0.146861 0.150293 0.107065 0.140546 0.152602 0.122448 0.149178 0.062019 0.082490 0.075693 0.044621 0.008699 0.082993 0.028692 0.049328 0.042968 0.081897 0.115104 0.122628 0.075131 0.114653 0.111934 0.105535 0.029308 0.085741 0.101823 0.040202 0.056256 0.133598 0.098304 0.120210 0.129189 0.097252 0.141319 0.121566 0.111450 0.088936 0.065903 0.114279 0.126322 0.095811 0.067377 0.111631 0.108891 0.141126 0.087877
159000.007552 2.751273 0.131737 0.143784 0.132366 0.161835 0.161088 0.162328 0.116711 0.111968 0.149357 0.150236 0.132275 0.114447 0.134070 0.108077 0.148376 0.151530 0.104374 0.139454 0.148306 0.122538 0.149762 0.069022 0.089432 0.082327 0.051306 0.008565 0.089632 0.031245 0.048178 0.051590 0.087043 0.120554 0.126542 0.076720 0.111847 0.110289 0.107792 0.036983 0.092790 0.107719 0.039130 0.057610 0.136673 0.098796 0.122027 0.132412 0.100737 0.145840 0.117825 0.112184 0.092163 0.074190 0.112944 0.130452 0.096884 0.073449 0.105371 0.112825 0.145538 0.094633
160000.007600 4.454980 0.125330 0.137835 0.128154 0.157823 0.163446 0.158846 0.110707 0.108749 0.145716 0.152401 0.130331 0.118252 0.136202 0.109156 0.143004 0.147045 0.102861 0.135483 0.150706 0.117852 0.148354 0.063811 0.082001 0.074116 0.047815 0.010900 0.083610 0.032720 0.052990 0.043347 0.083631 0.113820 0.121655 0.072446 0.114431 0.110136 0.104184 0.030403 0.084781 0.100438 0.035531 0.059131 0.133407 0.096279 0.119957 0.127862 0.095319 0.140463 0.120564 0.113064 0.091504 0.066705 0.114514 0.126408 0.093901 0.066769 0.108013 0.106647 0.140781 0.086529
161000.007647 5.590122 0.133777 0.145741 0.136970 0.164085 0.163682 0.165941 0.117624 0.117212 0.154612 0.151602 0.139662 0.116864 0.134934 0.110508 0.151918 0.154937 0.107536 0.145145 0.150113 0.126175 0.148975 0.063255 0.086976 0.083347 0.043158 0.012209 0.084756 0.022157 0.042347 0.049303 0.081688 0.122153 0.128770 0.082781 0.114690 0.116307 0.111781 0.033007 0.091504 0.108930 0.047255 0.053236 0.137936 0.105115 0.124552 0.135936 0.104683 0.147193 0.122344 0.110869 0.086110 0.069453 0.114993 0.130791 0.101963 0.074010 0.109648 0.112060 0.145932 0.095227
162000.007695 6.864451 0.133867 0.147302 0.136130 0.164056 0.159110 0.165329 0.118591 0.114950 0.153235 0.147801 0.136847 0.111693 0.130680 0.106735 0.151565 0.154922 0.105168 0.142531 0.145420 0.124744 0.147441 0.064731 0.088192 0.085098 0.047147 0.013530 0.087638 0.027328 0.041733 0.052437 0.082561 0.124302 0.129755 0.084052 0.113501 0.114958 0.112277 0.040657 0.093875 0.111115 0.047487 0.052513 0.137212 0.104810 0.123883 0.135637 0.106112 0.147867 0.119678 0.109925 0.086484 0.072993 0.113361 0.132071 0.103359 0.073431 0.103433 0.113374 0.146328 0.097669
163000.007742 5.862377 0.131477 0.144456 0.135170 0.163376 0.163136 0.164510 0.116543 0.115344 0.152343 0.151391 0.137298 0.116736 0.134616 0.110568 0.149194 0.153566 0.107043 0.142016 0.149675 0.124358 0.148979 0.061785 0.084004 0.079400 0.042511 0.012503 0.083311 0.024416 0.043888 0.046325 0.081183 0.119839 0.127338 0.080810 0.115891 0.115598 0.110372 0.033734 0.089067 0.105769 0.045377 0.053011 0.136340 0.103067 0.123617 0.133441 0.102720 0.145005 0.121846 0.110937 0.085957 0.068797 0.114714 0.130559 0.102273 0.070150 0.108307 0.110523 0.144528 0.092104
164000.007790 3.374636 0.127258 0.139444 0.129505 0.159543 0.163404 0.159851 0.113020 0.110347 0.146370 0.152556 0.130555 0.118745 0.136886 0.110658 0.143921 0.148710 0.104455 0.136432 0.151044 0.119416 0.149790 0.064915 0.083436 0.075296 0.048242 0.009486 0.084523 0.032972 0.051723 0.044336 0.084676 0.114715 0.122831 0.072309 0.114195 0.110105 0.104797 0.032151 0.086029 0.100667 0.036155 0.057838 0.134207 0.095517 0.120433 0.128235 0.095975 0.141725 0.119572 0.112716 0.091591 0.068578 0.113731 0.128182 0.095362 0.067740 0.108681 0.108262 0.142359 0.087505
165000.007837 11.389593 0.135515 0.147439 0.139217 0.165382 0.162325 0.167463 0.119101 0.119461 0.156938 0.149987 0.142442 0.115797 0.133775 0.110624 0.154035 0.156583 0.108764 0.147827 0.149162 0.128313 0.148538 0.063491 0.088524 0.085889 0.041984 0.017428 0.084675 0.017654 0.039325 0.051709 0.081244 0.124607 0.131213 0.086584 0.114993 0.118816 0.114536 0.033629 0.093206 0.111160 0.051778 0.052715 0.139539 0.108684 0.126535 0.138770 0.107864 0.148919 0.123035 0.110474 0.084482 0.070064 0.115492 0.132278 0.104943 0.076722 0.110066 0.113154 0.147481 0.097568
166000.007885 8.238714 0.123111 0.137099 0.127332 0.158695 0.164615 0.158557 0.110330 0.108822 0.144557 0.154358 0.129249 0.121365 0.138354 0.111961 0.140600 0.147568 0.104060 0.133027 0.152183 0.116406 0.149695 0.060691 0.076871 0.068919 0.047842 0.014822 0.080863 0.037596 0.055555 0.038472 0.082325 0.110851 0.120513 0.070897 0.117902 0.111447 0.103885 0.032737 0.080015 0.095676 0.036110 0.058477 0.132275 0.094128 0.119617 0.125010 0.093494 0.138795 0.122309 0.113999 0.091924 0.063350 0.115801 0.127096 0.095977 0.060084 0.110245 0.104764 0.140330 0.081621
167000.007932 2.992324 0.131563 0.143347 0.134297 0.162620 0.165510 0.164132 0.116402 0.114585 0.151572 0.153905 0.136261 0.118870 0.137266 0.111773 0.149266 0.152290 0.107587 0.142009 0.152410 0.124197 0.150947 0.065931 0.086648 0.079238 0.046231 0.008933 0.086710 0.025970 0.048224 0.047456 0.085194 0.118740 0.126196 0.077352 0.115106 0.113484 0.108334 0.029865 0.090080 0.105513 0.040704 0.057916 0.137119 0.100880 0.123484 0.132739 0.100177 0.144912 0.121872 0.113338 0.090526 0.070561 0.115559 0.129816 0.097658 0.072293 0.109883 0.111979 0.144916 0.091595
168000.007980 4.974939 0.128745 0.141121 0.132414 0.160647 0.163994 0.162130 0.113853 0.112968 0.149741 0.152318 0.135095 0.118285 0.135707 0.110699 0.146906 0.150447 0.105976 0.139967 0.150834 0.121804 0.148443 0.062433 0.082972 0.076647 0.043323 0.011518 0.083460 0.025767 0.047591 0.044568 0.081998 0.116450 0.124308 0.076837 0.114931 0.113340 0.107240 0.028841 0.086690 0.102854 0.040966 0.055790 0.134942 0.100261 0.122010 0.130836 0.098745 0.142552 0.121400 0.111665 0.087930 0.067009 0.114507 0.128025 0.097562 0.069306 0.109241 0.109030 0.142698 0.088916
169000.008027 4.004773 0.127927 0.140566 0.131245 0.160578 0.163941 0.161280 0.113489 0.112004 0.148546 0.152489 0.133432 0.118553 0.136346 0.110800 0.145450 0.150134 0.105242 0.138385 0.150993 0.121032 0.149272 0.062482 0.082124 0.075316 0.044755 0.010334 0.082616 0.028896 0.048950 0.043460 0.082492 0.115669 0.123902 0.075135 0.115498 0.112591 0.106588 0.030100 0.085747 0.101469 0.039205 0.055918 0.134732 0.098431 0.121633 0.129974 0.097856 0.142096 0.121212 0.112188 0.089147 0.066862 0.114697 0.128382 0.097553 0.067553 0.109362 0.108051 0.142651 0.087770
170000.008075 3.159087 0.133235 0.145115 0.134141 0.164310 0.164707 0.164970 0.117884 0.113570 0.151515 0.153249 0.134695 0.116137 0.136509 0.109764 0.149980 0.153317 0.105925 0.141553 0.151598 0.124161 0.153144 0.070305 0.090896 0.083365 0.052082 0.009178 0.090091 0.029631 0.049907 0.052235 0.089238 0.122108 0.129001 0.078080 0.115408 0.113405 0.110139 0.034927 0.093967 0.108838 0.039905 0.060628 0.140108 0.101107 0.125395 0.135184 0.102452 0.148267 0.121950 0.115970 0.094252 0.075048 0.116916 0.132973 0.098975 0.075376 0.107433 0.113832 0.147976 0.095480
171000.008122 5.695622 0.131571 0.144791 0.133755 0.163001 0.163789 0.164319 0.116062 0.112531 0.151084 0.151743 0.134688 0.116239 0.134711 0.108980 0.149128 0.153014 0.104660 0.140335 0.149630 0.123187 0.148908 0.064707 0.086320 0.081279 0.046339 0.012324 0.086795 0.032036 0.047519 0.048406 0.082979 0.121430 0.127726 0.078866 0.114460 0.112816 0.109139 0.037820 0.091645 0.107751 0.041576 0.053936 0.136203 0.101272 0.122968 0.133549 0.102421 0.146100 0.120119 0.111276 0.089016 0.072664 0.114157 0.131030 0.099812 0.071228 0.105885 0.111365 0.145253 0.094422
172000.008170 9.335540 0.123556 0.136461 0.128609 0.155762 0.161857 0.156888 0.109901 0.111123 0.145879 0.151085 0.131273 0.121886 0.136381 0.112074 0.141714 0.147069 0.105352 0.135214 0.149258 0.118909 0.143882 0.055993 0.074493 0.068382 0.042410 0.015778 0.077985 0.037662 0.051456 0.035886 0.075417 0.110080 0.117917 0.072764 0.114637 0.109633 0.102349 0.036027 0.079095 0.096670 0.041095 0.052028 0.127334 0.094775 0.115397 0.123045 0.093665 0.135800 0.119386 0.107497 0.086066 0.060538 0.111591 0.122358 0.094342 0.057491 0.111376 0.103642 0.135854 0.082405
173000.008217 5.301238 0.128539 0.142273 0.133017 0.161589 0.161929 0.162730 0.113525 0.113051 0.150526 0.150203 0.135912 0.115562 0.132762 0.108427 0.146917 0.151924 0.104547 0.139541 0.147772 0.121492 0.146393 0.058216 0.080545 0.077465 0.040646 0.011890 0.080379 0.025905 0.043771 0.043632 0.077861 0.118378 0.126109 0.080750 0.116204 0.115773 0.109968 0.034296 0.086039 0.104091 0.045798 0.050983 0.134713 0.102776 0.122568 0.131978 0.101966 0.143599 0.122225 0.109886 0.083993 0.065419 0.114509 0.129353 0.102185 0.067025 0.106655 0.107377 0.142847 0.090120
174000.008265 5.136364 0.134594 0.146404 0.136342 0.163871 0.161176 0.165683 0.118377 0.115260 0.153704 0.149155 0.138050 0.113534 0.132430 0.107955 0.152359 0.154385 0.106510 0.144132 0.147667 0.126168 0.148323 0.067408 0.090387 0.085311 0.046643 0.011703 0.088951 0.022714 0.042918 0.053060 0.084918 0.123759 0.129595 0.082464 0.112987 0.114738 0.111760 0.035395 0.094987 0.111386 0.045228 0.055398 0.138778 0.104922 0.125007 0.136671 0.104925 0.148391 0.120108 0.111387 0.088089 0.074430 0.114120 0.131861 0.100802 0.077300 0.105593 0.114210 0.146999 0.097608
175000.008312 4.769197 0.129858 0.142186 0.131559 0.162208 0.166495 0.162665 0.115398 0.111688 0.148499 0.155312 0.131883 0.120932 0.139449 0.112685 0.146424 0.151082 0.106173 0.138210 0.153808 0.121711 0.152400 0.067643 0.086089 0.077405 0.050069 0.011277 0.087751 0.035884 0.053533 0.046441 0.087061 0.117467 0.125294 0.072976 0.115387 0.110707 0.106123 0.034387 0.089277 0.103309 0.035509 0.059223 0.136228 0.096467 0.122292 0.130402 0.097787 0.144342 0.120475 0.114385 0.094052 0.072205 0.115264 0.130524 0.096073 0.069748 0.109898 0.111091 0.145030 0.090238
176000.008360 5.225820 0.133171 0.145711 0.134661 0.163273 0.161119 0.164573 0.117617 0.113313 0.151795 0.149306 0.135483 0.113796 0.132537 0.107906 0.150668 0.153352 0.105379 0.141621 0.147635 0.124471 0.148292 0.067540 0.089419 0.083686 0.046992 0.011805 0.089198 0.026884 0.044293 0.052150 0.085072 0.123036 0.129143 0.080635 0.112902 0.113322 0.110636 0.036674 0.094278 0.110036 0.042947 0.054861 0.137905 0.102937 0.124395 0.135306 0.103773 0.147643 0.118740 0.111117 0.088864 0.074940 0.113430 0.132125 0.100116 0.075520 0.104601 0.113627 0.146996 0.096527
177000.008407 8.428806 0.132952 0.146752 0.134530 0.165189 0.160189 0.165560 0.117932 0.112869 0.152144 0.148809 0.135535 0.111119 0.131439 0.106072 0.150271 0.154584 0.104026 0.140876 0.146776 0.123573 0.150340 0.068350 0.089683 0.084347 0.051130 0.014992 0.089159 0.027885 0.046922 0.053518 0.087360 0.124157 0.131086 0.082323 0.116733 0.116305 0.113282 0.038478 0.094243 0.110430 0.044133 0.058548 0.140884 0.104660 0.127141 0.137052 0.105547 0.149441 0.122370 0.115297 0.091756 0.074976 0.117245 0.135021 0.103598 0.075147 0.102974 0.113303 0.149087 0.096666
178000.008455 7.134295 0.131496 0.143053 0.131504 0.161130 0.162631 0.162446 0.115167 0.110085 0.149275 0.150442 0.132437 0.113631 0.133746 0.106259 0.148508 0.150236 0.102325 0.139624 0.149115 0.122261 0.149641 0.071017 0.091608 0.084421 0.051862 0.013793 0.090110 0.031328 0.050477 0.053783 0.088464 0.122423 0.128131 0.077746 0.112655 0.110947 0.108708 0.036257 0.095187 0.110233 0.038486 0.060563 0.138673 0.101001 0.124124 0.135250 0.102135 0.147227 0.119381 0.114129 0.093461 0.076434 0.115079 0.131063 0.096485 0.077153 0.104265 0.112169 0.146320 0.096847
179000.008502 4.146616 0.129037 0.141636 0.132656 0.162136 0.165355 0.162983 0.114135 0.113296 0.150085 0.153675 0.135277 0.118588 0.136801 0.111122 0.146670 0.151469 0.105984 0.139893 0.152048 0.121945 0.150721 0.062924 0.083258 0.077097 0.044578 0.010516 0.082647 0.026409 0.048504 0.044480 0.083205 0.117567 0.126487 0.077669 0.117752 0.115566 0.109432 0.029452 0.086720 0.102910 0.041837 0.056875 0.137465 0.101073 0.124397 0.132420 0.100358 0.144556 0.123997 0.114251 0.089406 0.067147 0.117207 0.130798 0.100277 0.069325 0.109829 0.108624 0.144909 0.089191
180000.008550 4.009650 0.133637 0.146722 0.136977 0.164314 0.162339 0.165848 0.118381 0.116468 0.154082 0.150601 0.138323 0.116058 0.133704 0.110239 0.151651 0.155338 0.107722 0.143609 0.148459 0.126175 0.147802 0.062019 0.085675 0.081885 0.042439 0.010340 0.085528 0.025898 0.041020 0.048171 0.080127 0.122330 0.128491 0.082545 0.114071 0.114901 0.111065 0.037597 0.091604 0.108873 0.046937 0.050042 0.135827 0.103994 0.123080 0.134323 0.104523 0.146412 0.119968 0.108696 0.084824 0.070895 0.112958 0.130888 0.102411 0.071138 0.107192 0.112681 0.145156 0.095160
181000.008597 7.807538 0.129451 0.142051 0.134032 0.162116 0.166771 0.163651 0.114153 0.114932 0.151901 0.154324 0.137836 0.120791 0.137943 0.112653 0.147745 0.152299 0.107123 0.141867 0.153147 0.123589 0.149738 0.059930 0.081432 0.076426 0.040782 0.014429 0.080397 0.026378 0.047543 0.042464 0.080210 0.117411 0.126021 0.078772 0.118151 0.116419 0.109367 0.028469 0.085794 0.102932 0.043865 0.054556 0.136323 0.102599 0.123994 0.132921 0.100709 0.143664 0.124713 0.112588 0.087053 0.065119 0.117007 0.129446 0.100718 0.068600 0.112380 0.107868 0.143647 0.088921
182000.008645 4.036776 0.128930 0.141596 0.132827 0.161072 0.162602 0.161941 0.114351 0.113815 0.150128 0.151233 0.135432 0.117523 0.134877 0.110458 0.146674 0.151415 0.106201 0.139935 0.149390 0.122472 0.147851 0.060332 0.081428 0.076109 0.042522 0.010375 0.081390 0.025915 0.045359 0.043484 0.080137 0.116419 0.124292 0.077835 0.115241 0.113875 0.107946 0.031721 0.085772 0.102580 0.043013 0.053136 0.134261 0.100358 0.121458 0.130492 0.099472 0.142282 0.121108 0.110357 0.086212 0.065798 0.113838 0.128133 0.099523 0.067332 0.109147 0.108199 0.142184 0.088673
183000.008692 5.198143 0.129726 0.142776 0.133856 0.162019 0.163140 0.163353 0.114562 0.113778 0.151259 0.150922 0.136801 0.116924 0.133999 0.109780 0.147894 0.152466 0.106078 0.140685 0.148999 0.123377 0.147013 0.059690 0.081729 0.077374 0.040352 0.011774 0.081518 0.025418 0.044014 0.043977 0.078958 0.118484 0.126186 0.079857 0.115838 0.115277 0.109498 0.033075 0.087281 0.104404 0.044641 0.051367 0.134971 0.102490 0.122809 0.132389 0.101482 0.143731 0.121707 0.109881 0.084640 0.067384 0.114276 0.129485 0.101274 0.068675 0.107916 0.108527 0.143182 0.090472
184000.008740 4.392726 0.132675 0.144214 0.134534 0.163435 0.164512 0.164789 0.117118 0.114185 0.151692 0.152657 0.136298 0.116736 0.135960 0.110124 0.150010 0.152851 0.106567 0.142414 0.151402 0.124165 0.151390 0.068115 0.089213 0.082374 0.048734 0.010823 0.088326 0.025754 0.048337 0.050761 0.087268 0.120515 0.127689 0.078299 0.114664 0.114006 0.109518 0.031071 0.092265 0.107323 0.041028 0.059153 0.138904 0.101664 0.124759 0.134473 0.101428 0.146817 0.121983 0.114347 0.091498 0.072798 0.115944 0.131343 0.098598 0.075573 0.108297 0.112911 0.146511 0.093824
185000.008787 7.601874 0.128587 0.141825 0.133167 0.161730 0.165354 0.162945 0.114101 0.113712 0.150726 0.153458 0.136301 0.119597 0.136678 0.111941 0.146847 0.151612 0.106972 0.140015 0.151748 0.122896 0.149021 0.060478 0.080856 0.074642 0.041528 0.014238 0.081626 0.027131 0.047912 0.042326 0.080732 0.116507 0.125034 0.077885 0.117562 0.115136 0.108375 0.030296 0.085752 0.102306 0.042681 0.054888 0.135089 0.101401 0.122989 0.131271 0.099608 0.142464 0.123084 0.112085 0.087244 0.066526 0.115939 0.128982 0.099957 0.067204 0.110235 0.108333 0.142812 0.087901
186000.008835 9.113995 0.135289 0.146868 0.137044 0.166634 0.165058 0.167608 0.119611 0.116731 0.154647 0.152951 0.139132 0.116552 0.136587 0.111215 0.152450 0.155564 0.108361 0.145120 0.152494 0.126923 0.154161 0.070676 0.091983 0.085033 0.050060 0.015590 0.089583 0.022459 0.048015 0.053882 0.090091 0.123655 0.131538 0.081753 0.117770 0.117832 0.113506 0.030879 0.095123 0.110130 0.044158 0.061738 0.143298 0.105429 0.129058 0.138689 0.105119 0.150263 0.124997 0.117586 0.093169 0.075032 0.119405 0.135059 0.102563 0.079037 0.109694 0.115073 0.150342 0.096482
187000.008882 3.901115 0.130883 0.144354 0.134971 0.164340 0.164390 0.165179 0.116028 0.115073 0.152481 0.152968 0.137262 0.117867 0.135682 0.111071 0.149152 0.154239 0.107003 0.141740 0.150710 0.123458 0.149857 0.061614 0.083400 0.078883 0.043539 0.010199 0.083712 0.026460 0.045355 0.045391 0.081281 0.119815 0.128008 0.080452 0.117247 0.116653 0.111164 0.033031 0.087758 0.105094 0.044976 0.053684 0.137433 0.103027 0.124646 0.133555 0.102683 0.146127 0.123424 0.112477 0.087617 0.067305 0.116258 0.131855 0.102243 0.069165 0.109167 0.110389 0.146087 0.091250
188000.008930 9.398842 0.129488 0.141140 0.133988 0.160727 0.165111 0.162850 0.113937 0.115494 0.151670 0.152694 0.138375 0.119415 0.136284 0.111865 0.147916 0.151054 0.107196 0.142636 0.151970 0.123611 0.148485 0.060608 0.082501 0.077583 0.039803 0.015831 0.080316 0.019870 0.045443 0.044443 0.080503 0.117019 0.125443 0.079945 0.116434 0.116443 0.109315 0.025295 0.086411 0.103373 0.045680 0.055326 0.136238 0.103423 0.123725 0.133087 0.100764 0.143073 0.123957 0.111686 0.085452 0.064974 0.116050 0.128135 0.100161 0.071055 0.112094 0.108100 0.142916 0.089194
189000.008977 8.355302 0.126376 0.139281 0.131648 0.158612 0.163261 0.160628 0.110981 0.112588 0.149641 0.150775 0.136298 0.118609 0.134309 0.109798 0.145343 0.149622 0.104785 0.139238 0.149190 0.121287 0.144597 0.055685 0.077440 0.073770 0.037095 0.014927 0.077261 0.026237 0.045647 0.039737 0.075551 0.114912 0.122818 0.078525 0.115978 0.114755 0.107304 0.029853 0.083075 0.101346 0.044584 0.050993 0.132214 0.101650 0.120647 0.130010 0.098892 0.140160 0.122483 0.108734 0.082747 0.062280 0.114109 0.125657 0.099130 0.065430 0.109856 0.104736 0.139458 0.086768
190000.009025 8.862647 0.132534 0.145671 0.136383 0.162050 0.159148 0.164246 0.116564 0.115720 0.153801 0.146624 0.138978 0.113001 0.129726 0.107225 0.150992 0.154245 0.105771 0.143311 0.144627 0.125911 0.143274 0.058700 0.083852 0.082378 0.038035 0.015373 0.082033 0.023247 0.036544 0.048201 0.075749 0.122627 0.128073 0.085284 0.112734 0.115461 0.111637 0.039152 0.091208 0.109744 0.050564 0.045795 0.133942 0.106103 0.122121 0.134810 0.105921 0.145092 0.118771 0.105150 0.079550 0.069637 0.111086 0.129056 0.103918 0.071474 0.105091 0.110209 0.142815 0.095900
191000.009072 11.670536 0.135715 0.147459 0.138789 0.162677 0.159158 0.165623 0.118974 0.118182 0.155983 0.146368 0.141504 0.113141 0.130281 0.108045 0.154105 0.155435 0.107667 0.146981 0.145298 0.128832 0.144016 0.062508 0.088341 0.086227 0.039998 0.017641 0.085228 0.019305 0.035822 0.052357 0.078712 0.124547 0.129181 0.086428 0.110803 0.115389 0.112343 0.037567 0.094694 0.112566 0.051533 0.048289 0.135683 0.107734 0.123110 0.137090 0.107087 0.146779 0.118237 0.105512 0.080828 0.072345 0.110823 0.129324 0.102998 0.076981 0.106537 0.113238 0.144243 0.098918
192000.009120 5.515185 0.133528 0.146085 0.137200 0.164522 0.165181 0.166272 0.118299 0.117549 0.154722 0.153259 0.139591 0.118758 0.136549 0.112330 0.151796 0.155274 0.108830 0.144739 0.151578 0.126755 0.149952 0.062323 0.085245 0.080602 0.042782 0.012127 0.084764 0.024218 0.043816 0.047213 0.081569 0.120674 0.127376 0.081141 0.115377 0.115468 0.110287 0.032819 0.090440 0.107331 0.045597 0.053142 0.136542 0.103616 0.123464 0.134264 0.103000 0.145522 0.122227 0.110795 0.086707 0.069171 0.114894 0.129858 0.101052 0.071177 0.110705 0.112405 0.144869 0.093210
193000.009167 14.012081 0.135273 0.147710 0.140223 0.167364 0.165867 0.169321 0.119657 0.120835 0.158040 0.153688 0.144217 0.119297 0.137068 0.114016 0.154123 0.157527 0.111370 0.148540 0.153008 0.129063 0.151923 0.063098 0.086953 0.083081 0.041343 0.019330 0.084234 0.016317 0.042685 0.049426 0.082610 0.123359 0.131728 0.086213 0.119006 0.121487 0.115339 0.029615 0.091425 0.108949 0.051475 0.055739 0.141251 0.109457 0.128802 0.138995 0.107267 0.148988 0.126719 0.113824 0.086465 0.068764 0.118871 0.133854 0.106247 0.075334 0.113123 0.113411 0.148768 0.094857
194000.009215 4.458946 0.130521 0.142796 0.131065 0.161247 0.161247 0.161970 0.114903 0.110079 0.148600 0.149794 0.131785 0.112947 0.132859 0.106046 0.147321 0.150392 0.102316 0.138366 0.147939 0.121311 0.149299 0.069036 0.089213 0.082321 0.050960 0.010904 0.088530 0.030320 0.049461 0.051697 0.087249 0.120864 0.127156 0.077338 0.113317 0.111255 0.108578 0.036390 0.092922 0.108214 0.038468 0.059148 0.137721 0.100046 0.123302 0.133508 0.101359 0.146168 0.119298 0.113707 0.092415 0.074354 0.114643 0.130870 0.097562 0.074120 0.103586 0.111209 0.145577 0.094743
195000.009262 12.202437 0.138487 0.151198 0.140055 0.168548 0.161013 0.170068 0.122266 0.118478 0.157724 0.149140 0.141182 0.112520 0.132878 0.108812 0.156335 0.158798 0.107890 0.147782 0.148498 0.128761 0.151946 0.071355 0.095018 0.090649 0.050541 0.018039 0.092293 0.022098 0.043438 0.058193 0.089151 0.129290 0.135775 0.087395 0.116501 0.119665 0.117379 0.037024 0.099218 0.115639 0.049487 0.059033 0.144930 0.109753 0.130824 0.142607 0.110676 0.154215 0.123926 0.115875 0.091468 0.077572 0.118655 0.137866 0.106390 0.081764 0.106405 0.118057 0.153431 0.102231
196000.009310 6.543063 0.124581 0.137834 0.129055 0.157961 0.162067 0.158918 0.109918 0.109854 0.146606 0.150281 0.132228 0.118247 0.134111 0.109312 0.142723 0.148105 0.103334 0.135841 0.148510 0.118570 0.144895 0.057086 0.077007 0.072096 0.039680 0.013209 0.078134 0.031064 0.047800 0.038807 0.076678 0.113637 0.122158 0.075470 0.115571 0.112607 0.105768 0.032258 0.081932 0.099236 0.041188 0.051485 0.131563 0.098377 0.119781 0.127865 0.097029 0.139678 0.120583 0.109092 0.084808 0.062997 0.113199 0.126438 0.097943 0.063359 0.108214 0.104037 0.139768 0.085372
197000.009357 7.753462 0.128389 0.139431 0.131281 0.159097 0.166952 0.161047 0.113824 0.112911 0.148676 0.155721 0.134367 0.120901 0.139420 0.112570 0.145883 0.148793 0.106746 0.139642 0.154675 0.121521 0.152059 0.066654 0.084893 0.075856 0.049275 0.014379 0.085211 0.028411 0.053887 0.046165 0.087584 0.113951 0.122162 0.073547 0.115941 0.112354 0.105270 0.024489 0.086800 0.101324 0.037418 0.063119 0.135916 0.097870 0.121938 0.129697 0.095627 0.141282 0.123462 0.115787 0.093390 0.067983 0.116925 0.126495 0.094328 0.071179 0.112405 0.109542 0.141787 0.086905
198000.009404 5.492409 0.134837 0.147089 0.137338 0.166242 0.164022 0.167182 0.119510 0.117259 0.154537 0.152741 0.138651 0.116764 0.136169 0.111329 0.152372 0.155943 0.108374 0.144870 0.151185 0.126061 0.152482 0.067449 0.089763 0.084485 0.048665 0.012102 0.088551 0.025361 0.045635 0.051782 0.086376 0.123282 0.130558 0.082054 0.116171 0.116761 0.112717 0.034174 0.093099 0.109247 0.045839 0.057556 0.140599 0.104473 0.126553 0.136669 0.105016 0.149313 0.123365 0.114483 0.090773 0.072207 0.117006 0.133889 0.102541 0.075343 0.109356 0.114572 0.148996 0.095994
199000.009452 8.814047 0.126198 0.139939 0.131259 0.160142 0.165081 0.161011 0.112358 0.112442 0.148740 0.153520 0.134052 0.121758 0.137539 0.112922 0.144441 0.150346 0.106400 0.137499 0.151637 0.120940 0.147557 0.057431 0.076796 0.070966 0.040734 0.015331 0.079405 0.033603 0.049788 0.037985 0.077751 0.113767 0.122456 0.075340 0.117420 0.113312 0.105958 0.033229 0.082134 0.099041 0.041490 0.052442 0.131851 0.098329 0.120175 0.127783 0.097092 0.139825 0.121987 0.110294 0.086623 0.063499 0.114511 0.127017 0.098489 0.061582 0.111337 0.105999 0.140467 0.084893
200000.009499 7.682612 0.132669 0.145489 0.136718 0.163588 0.164664 0.165683 0.117051 0.116976 0.154514 0.152518 0.139433 0.118407 0.135667 0.111504 0.151435 0.154549 0.107705 0.144451 0.150786 0.125752 0.148335 0.061000 0.084581 0.081082 0.041222 0.014313 0.083796 0.025195 0.043040 0.047042 0.079537 0.121156 0.127547 0.082346 0.115033 0.115714 0.110564 0.033799 0.089995 0.107836 0.047314 0.051809 0.135927 0.104619 0.123261 0.134560 0.103809 0.145448 0.122130 0.109654 0.085079 0.068061 0.114499 0.129398 0.101355 0.071026 0.110312 0.111420 0.144384 0.093774
201000.009547 5.377299 0.133409 0.145422 0.134946 0.165004 0.165673 0.165871 0.118202 0.114353 0.152016 0.154283 0.135843 0.116933 0.137320 0.110608 0.150452 0.153836 0.106751 0.142355 0.152652 0.124034 0.154141 0.070467 0.090854 0.083447 0.052585 0.011975 0.090585 0.029340 0.051295 0.052233 0.089998 0.121537 0.128863 0.078050 0.116065 0.114403 0.110205 0.032940 0.093227 0.107804 0.040205 0.061967 0.140504 0.101433 0.125847 0.135033 0.102030 0.148223 0.123318 0.117046 0.094873 0.074217 0.117746 0.133115 0.099160 0.075808 0.108379 0.114293 0.148255 0.094701
202000.009594 3.395605 0.130291 0.141902 0.131886 0.161731 0.164709 0.162533 0.115367 0.111963 0.148930 0.153286 0.133016 0.117960 0.136824 0.110693 0.147128 0.150465 0.105925 0.139301 0.152026 0.122257 0.151436 0.068431 0.087724 0.078869 0.048858 0.009516 0.087765 0.028701 0.050597 0.048482 0.087614 0.118260 0.126175 0.075241 0.114979 0.112009 0.107538 0.030930 0.090618 0.104847 0.037636 0.060188 0.137694 0.098901 0.123727 0.132106 0.099067 0.144988 0.120832 0.114676 0.092792 0.072675 0.115651 0.130707 0.096653 0.072990 0.108226 0.111494 0.145486 0.091301
203000.009642 3.256578 0.132907 0.146104 0.134766 0.164369 0.161649 0.165192 0.117266 0.113061 0.152241 0.149947 0.135725 0.113402 0.132611 0.107392 0.150439 0.154415 0.105031 0.141060 0.147456 0.124230 0.148824 0.066845 0.088672 0.083702 0.047681 0.009319 0.088594 0.028747 0.044596 0.051529 0.084512 0.123984 0.130581 0.081749 0.115105 0.115159 0.112526 0.038809 0.093800 0.110466 0.043868 0.054440 0.139058 0.103967 0.125687 0.136129 0.105212 0.149063 0.120611 0.112435 0.089256 0.074463 0.115179 0.133926 0.102263 0.074318 0.104022 0.112961 0.148121 0.096890
204000.009689 4.191185 0.128065 0.141086 0.131718 0.161580 0.165682 0.162563 0.113444 0.112037 0.149369 0.154149 0.134437 0.118427 0.136896 0.110573 0.146001 0.150743 0.105195 0.138777 0.152193 0.120853 0.150838 0.062981 0.082616 0.075913 0.045826 0.010572 0.083202 0.027804 0.050404 0.044024 0.083761 0.116557 0.125230 0.076297 0.117795 0.114686 0.108219 0.029034 0.086092 0.102233 0.039552 0.058215 0.136764 0.100147 0.123645 0.131404 0.098907 0.143522 0.124047 0.114915 0.090617 0.066927 0.117384 0.129811 0.098818 0.068241 0.109172 0.108330 0.143929 0.088106
205000.009737 4.538372 0.127928 0.141076 0.128774 0.160187 0.160557 0.160036 0.113211 0.107775 0.146098 0.149689 0.128885 0.113322 0.132875 0.105907 0.144430 0.149042 0.101218 0.134881 0.147126 0.118934 0.148586 0.067671 0.086438 0.079255 0.051486 0.011001 0.087303 0.035359 0.051079 0.049240 0.085933 0.119140 0.126051 0.075386 0.113950 0.110181 0.107442 0.039230 0.090369 0.105622 0.036891 0.058080 0.135987 0.097765 0.122089 0.131034 0.099783 0.144648 0.118431 0.113240 0.092724 0.073128 0.114076 0.130892 0.097326 0.070083 0.102632 0.109178 0.144648 0.092450
206000.009784 4.644612 0.131960 0.143178 0.132589 0.161760 0.162454 0.162723 0.116479 0.112592 0.149815 0.151422 0.133510 0.115615 0.135237 0.108675 0.148818 0.151223 0.104841 0.140741 0.149976 0.122598 0.150721 0.070072 0.090391 0.082915 0.052095 0.011129 0.089894 0.029437 0.049855 0.052356 0.088634 0.119775 0.125941 0.076390 0.111940 0.110865 0.107459 0.033105 0.092700 0.107413 0.038912 0.060546 0.137603 0.099261 0.122632 0.132860 0.099882 0.145770 0.119386 0.113615 0.093233 0.073541 0.114039 0.129714 0.095658 0.075752 0.107292 0.112969 0.145453 0.094143
207000.009832 7.562994 0.129639 0.141140 0.134085 0.160673 0.167492 0.162881 0.114423 0.115705 0.151607 0.155097 0.137879 0.122611 0.139299 0.114287 0.147815 0.151121 0.108617 0.142511 0.154512 0.124229 0.149831 0.061134 0.082174 0.075681 0.040899 0.014201 0.081320 0.025437 0.048471 0.042403 0.081222 0.115965 0.124454 0.077323 0.117054 0.115014 0.107650 0.025879 0.085872 0.102223 0.042916 0.056086 0.135400 0.101387 0.122849 0.131635 0.098989 0.142326 0.123970 0.112319 0.087602 0.065443 0.116264 0.127694 0.098290 0.069212 0.114032 0.108624 0.142366 0.088068
208000.009879 9.984861 0.132425 0.145095 0.135978 0.162926 0.163656 0.165263 0.115971 0.115190 0.153864 0.150504 0.139111 0.115663 0.133338 0.108860 0.150987 0.153695 0.105860 0.143802 0.149110 0.125608 0.146997 0.061720 0.085616 0.082437 0.040406 0.016318 0.083361 0.023500 0.042683 0.048421 0.079632 0.122657 0.129102 0.083583 0.115536 0.116463 0.111758 0.034626 0.091746 0.109397 0.047400 0.052061 0.137002 0.106309 0.124727 0.136447 0.105342 0.146382 0.122333 0.110073 0.084321 0.070367 0.115162 0.130538 0.102704 0.073300 0.107370 0.110466 0.144826 0.095529
209000.009927 6.304113 0.126274 0.137741 0.130858 0.157809 0.165833 0.159535 0.112095 0.113625 0.148113 0.154520 0.134509 0.122586 0.139124 0.113859 0.144180 0.148013 0.107287 0.139053 0.153795 0.120794 0.149281 0.060580 0.079580 0.072010 0.043059 0.012966 0.079906 0.027373 0.050598 0.040116 0.081562 0.111871 0.121057 0.074105 0.116477 0.113138 0.105005 0.024000 0.082060 0.098088 0.040541 0.057830 0.133343 0.097800 0.120517 0.127766 0.095301 0.139222 0.123205 0.112572 0.088686 0.062244 0.115563 0.125398 0.095779 0.065759 0.114063 0.106410 0.140007 0.083775
210000.009974 5.386153 0.124381 0.136725 0.128208 0.157439 0.164240 0.158339 0.110323 0.109578 0.145219 0.153006 0.130729 0.121017 0.137566 0.111689 0.141843 0.146798 0.104763 0.135183 0.151838 0.118233 0.148013 0.061273 0.078917 0.070436 0.044438 0.011985 0.080968 0.032722 0.052946 0.039036 0.081691 0.111409 0.120612 0.071219 0.115756 0.110727 0.103431 0.028632 0.081899 0.097075 0.036194 0.057407 0.132178 0.095236 0.119532 0.126130 0.093772 0.138828 0.120972 0.112253 0.089812 0.064730 0.114344 0.126080 0.094524 0.064041 0.110279 0.105307 0.139761 0.083274
211000.010022 4.296561 0.131339 0.143188 0.133700 0.162829 0.165443 0.164007 0.115926 0.113654 0.150835 0.153442 0.135595 0.118130 0.136854 0.110948 0.148472 0.152198 0.106420 0.141179 0.152201 0.123516 0.151253 0.066313 0.086943 0.080084 0.046754 0.010704 0.086023 0.027085 0.048809 0.047982 0.085770 0.119399 0.127277 0.077580 0.115886 0.114196 0.109161 0.030921 0.090457 0.105547 0.040813 0.058033 0.138143 0.100995 0.124515 0.133616 0.100918 0.145877 0.122450 0.114109 0.090599 0.071507 0.116257 0.131247 0.099250 0.073231 0.109061 0.111153 0.145771 0.092120
212000.010069 6.766859 0.132576 0.144670 0.134565 0.162995 0.162524 0.164686 0.116773 0.113484 0.151958 0.150281 0.136447 0.114481 0.133355 0.108220 0.150494 0.152619 0.105529 0.142421 0.149047 0.124283 0.149009 0.067126 0.089076 0.082946 0.046679 0.013433 0.088141 0.023974 0.045969 0.051364 0.085342 0.121884 0.128380 0.080238 0.113879 0.114065 0.110095 0.032719 0.093256 0.108971 0.042695 0.057304 0.138311 0.103483 0.124807 0.135486 0.102894 0.146830 0.120792 0.112587 0.089389 0.073524 0.114959 0.131225 0.099350 0.075878 0.105918 0.112799 0.146205 0.095252
213000.010117 4.582949 0.129779 0.141166 0.131877 0.160895 0.167596 0.161832 0.115585 0.113232 0.148839 0.156569 0.133061 0.122247 0.141208 0.114134 0.146252 0.150247 0.107511 0.139323 0.155565 0.122638 0.153579 0.067659 0.085784 0.076012 0.050461 0.011055 0.086507 0.033036 0.054454 0.045685 0.088178 0.115249 0.123251 0.071917 0.115758 0.110667 0.104903 0.029686 0.088104 0.101750 0.035016 0.061649 0.135780 0.095883 0.121471 0.129440 0.096058 0.142322 0.121830 0.115434 0.094770 0.070390 0.116087 0.128188 0.094672 0.069562 0.112601 0.110742 0.143045 0.088215
214000.010164 15.689689 0.140641 0.152988 0.143164 0.169201 0.162059 0.171960 0.123596 0.121410 0.160731 0.149093 0.145341 0.113280 0.132714 0.109842 0.158938 0.160640 0.110021 0.151247 0.148740 0.132070 0.150523 0.068458 0.094446 0.092059 0.045671 0.020455 0.090454 0.017571 0.038931 0.057952 0.085558 0.130803 0.136383 0.090641 0.115843 0.121100 0.118558 0.038416 0.100215 0.117621 0.053550 0.054750 0.143802 0.112815 0.130467 0.144078 0.112843 0.154206 0.123912 0.112752 0.086634 0.077328 0.117321 0.136821 0.108615 0.082644 0.107396 0.118317 0.152044 0.104093
215000.010212 6.070291 0.132466 0.145787 0.135885 0.164294 0.162067 0.165570 0.117074 0.115208 0.153393 0.150088 0.138201 0.114318 0.132860 0.108536 0.150580 0.154713 0.105959 0.142775 0.148091 0.124667 0.148490 0.062304 0.085465 0.082052 0.043775 0.012723 0.084393 0.023646 0.042640 0.048764 0.081423 0.122092 0.128979 0.082764 0.115789 0.116689 0.112080 0.035230 0.090840 0.108172 0.046531 0.052713 0.137671 0.104898 0.124785 0.135455 0.104655 0.146842 0.122372 0.111279 0.085983 0.069851 0.115276 0.131740 0.103463 0.072051 0.106451 0.111237 0.145867 0.094426
216000.010259 5.691044 0.126409 0.138263 0.131024 0.158191 0.165635 0.160046 0.111990 0.113138 0.148185 0.154034 0.134556 0.121984 0.138535 0.113022 0.144332 0.148503 0.106555 0.138898 0.153151 0.120502 0.148666 0.059240 0.078959 0.072355 0.042761 0.012319 0.079462 0.028659 0.050771 0.039362 0.080446 0.112287 0.121061 0.074139 0.116439 0.112999 0.104799 0.026129 0.081995 0.098237 0.040354 0.056592 0.132735 0.097751 0.120022 0.127683 0.095464 0.139278 0.123312 0.112053 0.088021 0.062282 0.115272 0.125403 0.096282 0.064869 0.112880 0.105956 0.139495 0.084167
217000.010307 7.358724 0.129313 0.141138 0.131697 0.161495 0.164656 0.162641 0.113791 0.111839 0.149425 0.152864 0.134561 0.116528 0.135948 0.108971 0.146969 0.150216 0.104129 0.140114 0.151738 0.120854 0.151472 0.067366 0.087292 0.080267 0.049284 0.014008 0.085765 0.026057 0.051230 0.049177 0.087334 0.118359 0.126616 0.077150 0.116407 0.114708 0.108992 0.026984 0.089163 0.104642 0.040071 0.061961 0.139292 0.101362 0.125328 0.133859 0.100010 0.145480 0.124096 0.116524 0.092715 0.069577 0.118005 0.130770 0.098043 0.074427 0.108685 0.109715 0.145744 0.091007
218000.010354 6.756947 0.133992 0.146324 0.135186 0.165512 0.163787 0.166139 0.118498 0.114458 0.152453 0.152168 0.135719 0.115099 0.135449 0.109501 0.150892 0.154320 0.105822 0.142696 0.151022 0.124249 0.153177 0.070239 0.091610 0.085251 0.051108 0.013423 0.089890 0.027444 0.048408 0.053473 0.089019 0.123916 0.131218 0.080588 0.116279 0.115521 0.112280 0.034863 0.094627 0.109788 0.042897 0.060188 0.141814 0.103406 0.127368 0.137270 0.104799 0.149992 0.122874 0.116335 0.093302 0.075016 0.117739 0.134956 0.101817 0.076845 0.107041 0.114291 0.149887 0.096838
219000.010402 7.229755 0.133638 0.146193 0.136109 0.164053 0.161322 0.165534 0.117862 0.115324 0.153691 0.149229 0.138403 0.113538 0.132507 0.108077 0.151482 0.154533 0.106142 0.143568 0.147839 0.125899 0.148672 0.065565 0.088286 0.083564 0.045528 0.013885 0.086619 0.021739 0.043122 0.051457 0.084168 0.122753 0.129159 0.082530 0.114507 0.115831 0.111942 0.034087 0.093309 0.109819 0.045623 0.055075 0.138620 0.105070 0.125235 0.136455 0.104679 0.147372 0.121362 0.111814 0.087461 0.072730 0.115043 0.131638 0.102132 0.075531 0.106229 0.112787 0.146417 0.095848
220000.010449 6.641407 0.130861 0.143248 0.132219 0.163956 0.166791 0.164608 0.115822 0.111179 0.149925 0.155199 0.133668 0.117076 0.137479 0.109784 0.148127 0.151830 0.105208 0.139482 0.153417 0.122084 0.154499 0.071515 0.090001 0.080615 0.053327 0.013308 0.090525 0.030693 0.054713 0.051217 0.091400 0.120074 0.128221 0.075870 0.117800 0.114044 0.109502 0.031339 0.092370 0.106535 0.036411 0.064922 0.141099 0.100512 0.126655 0.134476 0.100317 0.147475 0.124195 0.119420 0.097292 0.074854 0.119550 0.133188 0.097566 0.075132 0.107376 0.112764 0.148135 0.092599
221000.010497 9.443282 0.124055 0.135521 0.128787 0.156191 0.166342 0.158182 0.109396 0.111316 0.146142 0.154532 0.133060 0.124209 0.139954 0.113854 0.141976 0.146107 0.105883 0.137069 0.154691 0.118867 0.148533 0.059834 0.077763 0.069871 0.042264 0.015869 0.078265 0.031093 0.054276 0.037297 0.081050 0.110387 0.120370 0.072205 0.117887 0.112990 0.104018 0.022946 0.080206 0.096070 0.038511 0.058972 0.132953 0.096924 0.120626 0.126997 0.093865 0.138360 0.124377 0.113679 0.089483 0.061410 0.116769 0.125126 0.094939 0.064595 0.114343 0.103903 0.139164 0.081839
222000.010544 6.023028 0.129242 0.141098 0.131604 0.160336 0.163353 0.161330 0.114543 0.112440 0.148719 0.151970 0.133435 0.116843 0.135743 0.109786 0.146193 0.149812 0.104955 0.139266 0.150727 0.121646 0.150247 0.065213 0.085223 0.078015 0.047926 0.012673 0.084292 0.027708 0.049832 0.047017 0.085222 0.116733 0.124250 0.075897 0.114863 0.112145 0.106744 0.030964 0.088315 0.103356 0.039811 0.058895 0.135731 0.098862 0.121873 0.130912 0.098566 0.142658 0.121331 0.113385 0.090671 0.069257 0.115096 0.128273 0.097396 0.070460 0.108432 0.109302 0.142660 0.089789
223000.010592 11.463295 0.123344 0.137787 0.130154 0.158391 0.163548 0.159384 0.109699 0.112023 0.147780 0.152109 0.134394 0.121530 0.135932 0.112033 0.142259 0.149277 0.105487 0.136153 0.149785 0.118970 0.144755 0.051355 0.071191 0.067651 0.037429 0.017484 0.074295 0.033838 0.049255 0.032920 0.072918 0.111047 0.120362 0.076262 0.118509 0.114790 0.105799 0.033360 0.077075 0.095908 0.044663 0.049869 0.129496 0.098698 0.118741 0.125655 0.096171 0.137346 0.123433 0.108771 0.083136 0.057486 0.114404 0.125021 0.099759 0.056824 0.111505 0.102231 0.137624 0.081293
224000.010639 4.235902 0.131512 0.142530 0.133007 0.161228 0.162686 0.162629 0.115887 0.113220 0.150141 0.151253 0.134511 0.116195 0.135119 0.109305 0.148845 0.150772 0.105582 0.141521 0.150175 0.122920 0.149783 0.068371 0.089216 0.081909 0.048952 0.010628 0.088221 0.026122 0.048272 0.050709 0.086689 0.119312 0.125972 0.077086 0.112405 0.111711 0.107658 0.030467 0.091559 0.106668 0.040167 0.059357 0.137256 0.100334 0.122885 0.132974 0.100085 0.145172 0.119885 0.112892 0.091365 0.071809 0.114154 0.129290 0.095976 0.075159 0.107966 0.112181 0.144942 0.093362
225000.010687 5.146684 0.132399 0.144996 0.136294 0.162350 0.161642 0.164204 0.116843 0.116332 0.153286 0.149580 0.138473 0.116317 0.133029 0.109920 0.150439 0.154114 0.107432 0.143207 0.147450 0.125809 0.145471 0.059233 0.083336 0.080482 0.039778 0.011715 0.082615 0.025993 0.040095 0.046051 0.077080 0.120492 0.126501 0.082209 0.113232 0.114300 0.109829 0.037575 0.089571 0.107321 0.047889 0.047565 0.133492 0.103439 0.121116 0.132683 0.103391 0.144185 0.119395 0.106474 0.082073 0.068506 0.111529 0.128488 0.101773 0.069539 0.107689 0.110451 0.142448 0.093745
226000.010734 7.275197 0.125018 0.137331 0.129884 0.158014 0.165911 0.159300 0.111140 0.112238 0.147220 0.154654 0.133386 0.123778 0.139623 0.114201 0.143010 0.148094 0.106883 0.137285 0.153762 0.119888 0.148624 0.059118 0.077189 0.069194 0.042656 0.013929 0.079400 0.032016 0.052688 0.037011 0.080344 0.110488 0.119864 0.071926 0.116854 0.112116 0.103639 0.026379 0.080289 0.096213 0.038398 0.056735 0.131782 0.096050 0.119370 0.125983 0.093575 0.138061 0.122687 0.112064 0.089043 0.061792 0.115048 0.125013 0.094950 0.062598 0.113899 0.105338 0.139119 0.081840
227000.010782 8.484897 0.125189 0.137484 0.130318 0.158272 0.166570 0.159787 0.111221 0.112764 0.147589 0.155109 0.134154 0.123595 0.139483 0.114255 0.143234 0.148115 0.107094 0.137849 0.154314 0.120050 0.149165 0.058902 0.077313 0.069705 0.041501 0.015042 0.078687 0.029448 0.052161 0.037330 0.080493 0.111093 0.121031 0.073578 0.118176 0.113788 0.104973 0.024722 0.080504 0.096512 0.040094 0.057379 0.133012 0.097609 0.120843 0.127130 0.094840 0.138780 0.124144 0.113021 0.088531 0.061552 0.116359 0.125966 0.096637 0.063420 0.113901 0.105242 0.139897 0.082064
228000.010829 3.519829 0.128043 0.140261 0.131094 0.159607 0.163515 0.160968 0.112871 0.111713 0.148846 0.151974 0.133778 0.117388 0.135471 0.109367 0.145984 0.149500 0.104311 0.138888 0.150338 0.120911 0.148385 0.063084 0.083351 0.076943 0.045266 0.009688 0.083266 0.027336 0.048608 0.045062 0.082655 0.116352 0.123794 0.076068 0.114564 0.112396 0.106757 0.029543 0.086878 0.103262 0.039603 0.056780 0.134916 0.099473 0.121512 0.130716 0.098385 0.142373 0.121286 0.112177 0.089080 0.067102 0.114728 0.127402 0.096544 0.069257 0.108651 0.108173 0.142180 0.089165
229000.010877 10.167425 0.135211 0.149075 0.137361 0.168549 0.165000 0.169299 0.119846 0.114846 0.154754 0.152704 0.138290 0.114855 0.134765 0.109629 0.152790 0.157170 0.107136 0.143255 0.150945 0.126029 0.153188 0.069758 0.091268 0.085648 0.049573 0.016466 0.091039 0.028523 0.047716 0.053983 0.088487 0.126819 0.134634 0.084117 0.119521 0.119219 0.115849 0.038475 0.096435 0.112172 0.045524 0.058924 0.143671 0.107146 0.130564 0.139946 0.108028 0.152646 0.124923 0.117171 0.092186 0.077697 0.119756 0.138497 0.106132 0.077497 0.105176 0.115677 0.152406 0.098583
230000.010924 4.389065 0.131001 0.144158 0.134602 0.163653 0.164682 0.165185 0.115495 0.114136 0.152480 0.152746 0.137140 0.116614 0.135053 0.109528 0.149676 0.153316 0.105639 0.142110 0.150665 0.123116 0.149758 0.063058 0.085185 0.080628 0.044748 0.010819 0.084827 0.025524 0.046383 0.047293 0.082304 0.120916 0.128433 0.080867 0.116939 0.116330 0.111072 0.032096 0.089416 0.106843 0.044120 0.055811 0.138171 0.103936 0.125149 0.134832 0.103221 0.146616 0.123961 0.113453 0.088664 0.068431 0.117116 0.131514 0.101110 0.071134 0.107974 0.110625 0.146148 0.092845
231000.010972 4.856677 0.125880 0.138107 0.128952 0.159343 0.166371 0.159804 0.112294 0.110804 0.145980 0.156021 0.130644 0.121720 0.140063 0.112865 0.142962 0.147998 0.105493 0.136216 0.154573 0.118355 0.152547 0.065355 0.082163 0.072678 0.050335 0.011380 0.084094 0.033758 0.055936 0.042486 0.086571 0.112318 0.121725 0.070672 0.116926 0.111198 0.104218 0.027749 0.083271 0.097746 0.034789 0.062409 0.135034 0.094689 0.121086 0.127085 0.094119 0.140724 0.122969 0.116324 0.094890 0.065686 0.116895 0.127794 0.094297 0.065719 0.111812 0.107636 0.142283 0.084104
232000.011019 10.629914 0.129108 0.141463 0.134277 0.161340 0.168954 0.163549 0.114840 0.116249 0.151543 0.157309 0.138001 0.122205 0.140205 0.114649 0.147197 0.151368 0.108787 0.141998 0.155850 0.122954 0.153112 0.061542 0.081744 0.075676 0.044723 0.016836 0.081167 0.025969 0.051137 0.043034 0.083486 0.116045 0.125674 0.078747 0.120839 0.118009 0.109648 0.026434 0.084661 0.101131 0.044830 0.059809 0.137692 0.102396 0.125000 0.132172 0.100021 0.143265 0.128057 0.116478 0.090141 0.064069 0.120047 0.129815 0.101383 0.067942 0.114207 0.108585 0.143740 0.086967
233000.011067 8.698777 0.135282 0.146156 0.134321 0.164034 0.162900 0.164994 0.119371 0.113269 0.151243 0.151314 0.133956 0.113623 0.135070 0.107898 0.151370 0.152710 0.104874 0.142651 0.150498 0.124546 0.153592 0.075343 0.096114 0.088043 0.056690 0.015230 0.094267 0.030899 0.051789 0.057835 0.093394 0.124220 0.129719 0.078424 0.112553 0.111436 0.109663 0.036708 0.098278 0.111817 0.039635 0.064384 0.141213 0.101154 0.125439 0.136609 0.103210 0.149482 0.120154 0.116613 0.096907 0.079414 0.116020 0.133067 0.097357 0.080712 0.105481 0.116400 0.148903 0.099167
234000.011114 5.713614 0.133845 0.147114 0.136537 0.164678 0.160959 0.166222 0.118179 0.114993 0.154214 0.149107 0.138413 0.113147 0.131702 0.107583 0.152324 0.155356 0.106313 0.143342 0.146779 0.126044 0.147588 0.064988 0.087997 0.083636 0.045240 0.012344 0.087948 0.024265 0.042157 0.051443 0.082774 0.123981 0.129982 0.083504 0.114499 0.115898 0.112648 0.037190 0.093792 0.111098 0.046247 0.053267 0.138211 0.105781 0.125230 0.136523 0.105611 0.148168 0.120766 0.110938 0.087115 0.073271 0.114615 0.132377 0.102342 0.074420 0.104669 0.113569 0.147034 0.096829
235000.011162 5.010632 0.130664 0.141542 0.133144 0.160649 0.163937 0.162339 0.115067 0.114048 0.150575 0.152261 0.135903 0.117931 0.136145 0.110597 0.148320 0.150630 0.106524 0.141833 0.151237 0.123376 0.149459 0.066046 0.086806 0.079728 0.046297 0.011559 0.085567 0.024188 0.047958 0.048286 0.085005 0.117607 0.124891 0.077123 0.113705 0.112913 0.107625 0.027801 0.089443 0.105088 0.041002 0.058522 0.136621 0.100736 0.122725 0.132367 0.099348 0.143848 0.121265 0.112703 0.089882 0.069254 0.114775 0.128117 0.096358 0.073665 0.110086 0.110663 0.143644 0.091242
236000.011209 6.390254 0.129353 0.142791 0.130654 0.161593 0.162516 0.162039 0.114587 0.109220 0.147900 0.151144 0.130629 0.115132 0.134169 0.107742 0.146372 0.150554 0.102884 0.136661 0.148784 0.120493 0.149187 0.067388 0.086844 0.079846 0.049942 0.013054 0.088401 0.035429 0.050696 0.049245 0.085447 0.120320 0.126976 0.076302 0.114295 0.110844 0.107866 0.039350 0.091437 0.106655 0.037964 0.057025 0.136154 0.098885 0.122653 0.132020 0.100653 0.145441 0.118708 0.112771 0.092071 0.074211 0.114134 0.131390 0.097953 0.070641 0.103819 0.110821 0.145326 0.093420
237000.011257 10.786654 0.124760 0.136415 0.127973 0.157107 0.165282 0.158132 0.110830 0.110117 0.145055 0.154316 0.130921 0.120857 0.139034 0.111800 0.141609 0.146177 0.104313 0.135908 0.153790 0.117964 0.151141 0.064266 0.081221 0.072244 0.049263 0.016960 0.081319 0.032100 0.056374 0.042445 0.086098 0.110906 0.120217 0.070863 0.116781 0.111310 0.103371 0.025322 0.082630 0.096828 0.035740 0.063073 0.134071 0.095129 0.120435 0.126992 0.093282 0.138752 0.123299 0.115842 0.093323 0.064970 0.116730 0.125793 0.094475 0.066885 0.111812 0.105472 0.139787 0.083074
238000.011304 6.875608 0.124434 0.136734 0.129452 0.156963 0.163299 0.157882 0.110523 0.112190 0.146480 0.152094 0.132633 0.121990 0.137274 0.112977 0.142113 0.147467 0.106098 0.136643 0.151044 0.119528 0.146321 0.057051 0.075929 0.069377 0.039904 0.013541 0.077065 0.031135 0.049365 0.036288 0.077386 0.110575 0.119804 0.073366 0.115711 0.111822 0.103940 0.029254 0.079568 0.096161 0.041155 0.053015 0.130336 0.096220 0.118228 0.125416 0.094619 0.137407 0.120887 0.109288 0.085667 0.060605 0.113065 0.124448 0.096322 0.061301 0.112576 0.104022 0.138154 0.082298
239000.011352 2.914782 0.127886 0.140496 0.131276 0.160099 0.164784 0.161259 0.113219 0.111962 0.148566 0.153364 0.133106 0.119520 0.137121 0.111211 0.145618 0.149788 0.105344 0.138435 0.151710 0.120839 0.149101 0.062308 0.082197 0.075377 0.044920 0.008816 0.083203 0.030917 0.049933 0.042794 0.081907 0.115940 0.123837 0.075022 0.115504 0.111938 0.106155 0.031543 0.085847 0.101952 0.039013 0.056033 0.134161 0.098311 0.121080 0.129565 0.097947 0.142091 0.121292 0.112112 0.089562 0.066809 0.114780 0.127982 0.096713 0.066490 0.109462 0.108198 0.142244 0.088267
240000.011399 4.979157 0.133012 0.145109 0.135689 0.163313 0.163966 0.165135 0.116999 0.115184 0.153079 0.151433 0.137789 0.116669 0.134845 0.110059 0.150845 0.153724 0.106619 0.143444 0.150185 0.125389 0.148850 0.064295 0.087146 0.082414 0.043313 0.011523 0.085618 0.024506 0.043831 0.048995 0.082503 0.121825 0.128409 0.080825 0.114276 0.114709 0.110447 0.033236 0.092009 0.108429 0.044250 0.053466 0.137355 0.103604 0.124161 0.135285 0.103495 0.146613 0.121072 0.110844 0.086876 0.071403 0.114425 0.130809 0.100681 0.073960 0.108193 0.111914 0.145636 0.094945
