1280000.060797	-82.3127 -14.4738
1281000.060844	-71.2544 -36.7706
1282000.060892	-92.2562 0.435986
1283000.060939	-67.4611 5.78455
1284000.060987	-67.7377 -4.67861
1285000.061034	-75.9289 -23.2182
1286000.061082	-80.2397 0.318789
1287000.061129	-67.0792 -6.94854
1288000.061177	-72.232 -21.5397
1289000.061224	-85.757 -4.65416
1290000.061272	-99.6534 -10.4116
1291000.061319	-57.5289 -15.5933
1292000.061367	-77.5605 4.24926
1293000.061414	-74.2159 -18.7203
1294000.061462	-71.512 -8.27326
1295000.061509	-67.064 -8.52291
1296000.061557	-84.0956 -34.1179
1297000.061604	-86.2624 -8.44435
1298000.061652	-77.2058 14.8168
1299000.061699	-67.5739 2.8458
1300000.061747	-92.9085 -17.0102
1301000.061794	-67.5255 1.38538
1302000.061842	-81.8505 -12.7249
1303000.061889	-59.8014 -35.1668
1304000.061937	-77.8737 -27.1352
1305000.061984	-92.2901 3.91047
1306000.062032	-66.5512 -35.6452
1307000.062079	-74.4334 -16.4011
1308000.062127	-75.1727 14.6836
1309000.062174	-66.2131 -16.7434
1310000.062222	-95.9257 -0.170943
1311000.062269	-66.1447 -14.3559
1312000.062317	-78.5611 -28.2303
1313000.062364	-84.6443 -22.3588
1314000.062412	-60.9154 -46.1234
1315000.062459	-80.3082 -19.5433
1316000.062507	-86.3874 1.04237
1317000.062554	-73.8185 -2.83644
1318000.062602	-72.3106 -6.34958
1319000.062649	-71.0082 -3.82594
1320000.062697	-79.2861 -3.12838
1321000.062744	-69.2198 -35.8715
1322000.062792	-68.3894 -33.0607
1323000.062839	-84.044 -11.7708
1324000.062887	-76.4108 -30.2902
1325000.062934	-99.9508 -19.4612
1326000.062982	-80.8809 -30.9001
1327000.063029	-69.1905 -33.1283
1328000.063077	-61.9572 -12.0263
1329000.063124	-67.0116 -1.23126
1330000.063172	-91.8083 -14.0093
1331000.063219	-60.6377 -29.4888
1332000.063267	-61.5269 -36.7812
1333000.063314	-90.9521 -25.7344
1334000.063362	-81.8998 -23.0907
1335000.063409	-73.2433 -28.1631
1336000.063457	-74.008 -28.7204
1337000.063504	-75.0039 -12.0283
1338000.063552	-83.7922 -7.71438
1339000.063599	-67.5709 -37.845
1340000.063647	-76.5051 -0.275638
1341000.063694	-71.6027 -22.3972
1342000.063742	-83.333 4.01741
1343000.063789	-83.1836 -6.43093
1344000.063837	-82.0866 -8.92422
1345000.063884	-78.9538 -31.01
1346000.063932	-70.9548 -13.012
1347000.063979	-75.0578 -8.41119
1348000.064027	-74.0333 3.71506
1349000.064074	-63.3169 -28.1429
1350000.064122	-71.982 -24.4926
1351000.064169	-81.714 -20.7635
1352000.064217	-87.0684 -6.82154
1353000.064264	-79.7204 -23.2705
1354000.064312	-85.2018 -40.3259
1355000.064359	-56.8302 -26.6321
1356000.064407	-77.7927 -11.9363
1357000.064454	-89.3719 -5.45806
1358000.064502	-71.5164 -11.0618
1359000.064549	-57.4423 -0.348184
1360000.064597	-64.4057 -30.5698
1361000.064644	-74.8833 -20.8739
1362000.064692	-67.5919 -14.5694
1363000.064739	-84.0614 -4.1058
1364000.064787	-93.2741 -0.0172459
1365000.064834	-84.7814 -0.453381
1366000.064882	-86.3539 -23.9772
1367000.064929	-61.9057 -29.8576
1368000.064977	-83.4557 -4.24213
1369000.065024	-70.1038 -23.2562
1370000.065072	-80.8564 -19.7731
1371000.065119	-83.5019 -23.655
1372000.065167	-88.8869 -8.66954
1373000.065214	-85.1706 -22.1202
1374000.065261	-60.0145 -23.2766
1375000.065309	-57.3602 -21.5775
1376000.065356	-62.2411 -3.89874
1377000.065404	-89.5422 17.7633
1378000.065451	-74.3488 -26.6807
1379000.065499	-62.3427 -18.1674
1380000.065546	-89.9337 4.02356
1381000.065594	-48.8605 -36.7245
1382000.065641	-63.6669 -19.946
1383000.065689	-73.349 -26.4636
1384000.065736	-69.4421 -51.271
1385000.065784	-72.3539 -10.2972
1386000.065831	-92.6221 7.4763
1387000.065879	-61.3699 -20.1716
1388000.065926	-75.0271 -21.4926
1389000.065974	-65.3683 -15.6918
1390000.066021	-79.0471 -12.38
1391000.066069	-65.0524 -26.8317
1392000.066116	-60.5684 -27.8589
1393000.066164	-85.0733 -20.2026
1394000.066211	-73.1127 -7.53492
1395000.066259	-67.4105 -12.9852
1396000.066306	-71.845 -17.8788
1397000.066354	-72.7196 -24.0989
1398000.066401	-80.5383 -17.1714
1399000.066449	-79.8267 -35.2219
1400000.066496	-71.5921 -19.219
