120000.005700	50.6855 89.5895
121000.005747	51.2402 90.6965
122000.005795	52.0518 101.556
123000.005842	59.4318 80.733
124000.005890	45.8414 95.4719
125000.005937	56.1672 101.785
126000.005985	48.3287 95.6364
127000.006032	56.5801 86.5336
128000.006080	43.7239 108.749
129000.006127	45.1972 98.1546
130000.006175	51.9138 103.824
131000.006222	54.8654 90.3882
132000.006270	54.5153 92.6539
133000.006317	62.9606 90.8634
134000.006365	57.0831 96.9776
135000.006412	54.9175 92.6104
136000.006460	46.8715 97.287
137000.006507	55.013 85.9042
138000.006555	60.9485 94.2983
139000.006602	45.4464 90.2007
140000.006650	48.5272 87.0439
141000.006697	59.2783 90.841
142000.006745	63.9097 96.1872
143000.006792	53.8962 102.17
144000.006840	59.4204 86.7503
145000.006887	53.2012 80.8616
146000.006935	69.3214 80.0249
147000.006982	55.649 89.9693
148000.007030	47.7948 95.7118
149000.007077	68.1979 93.2873
150000.007125	51.3398 89.2515
151000.007172	53.0401 94.097
152000.007220	51.7672 107.094
153000.007267	56.5791 96.6476
154000.007315	60.8249 95.8878
155000.007362	54.5321 99.6418
156000.007410	60.1989 78.5924
157000.007457	45.9421 94.755
158000.007505	58.9422 107.312
159000.007552	56.3267 105.081
160000.007600	57.426 82.5494
161000.007647	66.0656 78.1684
162000.007695	46.6761 92.6525
163000.007742	62.5419 92.1229
164000.007790	64.4599 86.1932
165000.007837	62.3517 93.8762
166000.007885	46.8348 99.7468
167000.007932	70.6945 93.3092
168000.007980	62.9897 109.385
169000.008027	68.6277 70.0297
170000.008075	70.9219 91.0604
171000.008122	55.3709 76.8928
172000.008170	52.1181 94.3761
173000.008217	47.8992 103.068
174000.008265	55.377 101.207
175000.008312	63.0484 90.5373
176000.008360	57.5518 94.2457
177000.008407	60.3976 92.3388
178000.008455	57.9648 92.9661
179000.008502	53.2443 84.1769
180000.008550	55.4769 91.4005
181000.008597	58.7425 90.6616
182000.008645	55.1005 86.7299
183000.008692	62.0834 88.4102
184000.008740	50.2726 91.9624
185000.008787	56.0022 94.4841
186000.008835	57.6864 95.0044
187000.008882	61.2473 87.8056
188000.008930	55.2921 102.566
189000.008977	45.5115 85.2055
190000.009025	70.8141 81.6503
191000.009072	47.416 94.8486
192000.009120	50.8017 83.5997
193000.009167	63.2484 97.0947
194000.009215	53.8735 102.251
195000.009262	63.5421 91.6711
196000.009310	52.2723 96.7679
197000.009357	65.1634 86.8967
198000.009404	56.8747 87.2788
199000.009452	55.818 80.8625
200000.009499	55.8842 94.5464
201000.009547	52.9239 86.7628
202000.009594	65.8221 98.576
203000.009642	56.7636 92.3441
204000.009689	53.3734 100.154
205000.009737	69.003 88.5076
206000.009784	52.4436 99.8673
207000.009832	53.373 104.115
208000.009879	53.472 99.278
209000.009927	56.8289 92.7179
210000.009974	67.6769 95.3487
211000.010022	53.7954 98.9004
212000.010069	71.7655 90.2245
213000.010117	41.9546 99.7353
214000.010164	62.1925 96.6914
215000.010212	56.2211 99.7908
216000.010259	45.1542 101.405
217000.010307	50.77 90.3476
218000.010354	52.6417 91.2124
219000.010402	52.622 83.693
220000.010449	61.894 96.2891
221000.010497	46.0228 101.071
222000.010544	62.1015 88.4507
223000.010592	48.9772 105.653
224000.010639	47.1364 97.5423
225000.010687	48.1742 96.574
226000.010734	56.7708 86.9604
227000.010782	50.0053 90.3902
228000.010829	56.7764 88.148
229000.010877	60.7855 84.816
230000.010924	52.6651 109.667
231000.010972	54.2728 103.884
232000.011019	48.6963 88.3237
233000.011067	49.3664 90.8932
234000.011114	54.03 86.4919
235000.011162	63.3199 91.2751
236000.011209	58.0922 85.3344
237000.011257	68.809 86.6391
238000.011304	55.0885 82.2393
239000.011352	56.6648 92.2984
240000.011399	57.6434 88.8461
