120000.005700	52.2324 -24.9975
121000.005747	70.0549 -44.6569
122000.005795	66.3994 -22.9064
123000.005842	53.3824 -9.51881
124000.005890	71.888 -30.1183
125000.005937	63.1318 -38.5081
126000.005985	58.9544 -39.9362
127000.006032	66.6472 -34.4964
128000.006080	58.4488 -21.8812
129000.006127	57.7347 -38.9524
130000.006175	67.4324 -34.0114
131000.006222	65.7207 -30.0963
132000.006270	62.4008 -29.6346
133000.006317	68.8556 -26.6825
134000.006365	51.8005 -27.1583
135000.006412	49.0909 -24.7034
136000.006460	62.4639 -25.5411
137000.006507	60.1799 -31.6558
138000.006555	63.861 -27.4352
139000.006602	69.4471 -30.9448
140000.006650	54.9836 -29.3323
141000.006697	45.0679 -33.7418
142000.006745	59.8434 -37.3865
143000.006792	48.5058 -20.7333
144000.006840	60.1897 -27.1523
145000.006887	56.7484 -37.9378
146000.006935	66.4106 -24.1268
147000.006982	58.4333 -25.1204
148000.007030	57.2917 -29.4151
149000.007077	70.4883 -34.2238
150000.007125	59.3002 -27.8353
151000.007172	76.1543 -39.2158
152000.007220	62.4584 -30.4663
153000.007267	52.7318 -19.8061
154000.007315	53.1483 -40.307
155000.007362	65.9363 -24.6238
156000.007410	50.3986 -27.8241
157000.007457	55.063 -30.2547
158000.007505	63.857 -29.6946
159000.007552	66.989 -29.9309
160000.007600	70.4431 -46.7981
161000.007647	52.4497 -33.1216
162000.007695	57.2577 -31.3723
163000.007742	63.6932 -32.3031
164000.007790	53.0906 -17.2144
165000.007837	62.6749 -33.8848
166000.007885	64.4275 -34.5678
167000.007932	55.3918 -23.893
168000.007980	64.0535 -30.0116
169000.008027	55.542 -35.4589
170000.008075	69.5879 -37.6975
171000.008122	65.8636 -40.9391
172000.008170	58.7658 -43.1262
173000.008217	53.3368 -35.1118
174000.008265	50.5685 -19.9257
175000.008312	54.9941 -35.0374
176000.008360	64.4311 -30.3565
177000.008407	65.2091 -26.2616
178000.008455	68.3776 -43.0896
179000.008502	60.1677 -32.6982
180000.008550	65.7018 -40.7015
181000.008597	54.8483 -40.0115
182000.008645	60.5958 -27.1823
183000.008692	65.4696 -33.8054
184000.008740	61.7773 -51.2207
185000.008787	68.1526 -29.6639
186000.008835	64.1236 -42.759
187000.008882	60.7612 -44.256
188000.008930	51.2385 -37.0088
189000.008977	67.1006 -27.0713
190000.009025	58.3377 -21.7029
191000.009072	49.0461 -21.3681
192000.009120	59.5469 -38.2405
193000.009167	59.7725 -28.5253
194000.009215	56.4936 -25.5676
195000.009262	60.2277 -36.587
196000.009310	61.3483 -29.7967
197000.009357	72.4022 -24.0844
198000.009404	64.8432 -37.9975
199000.009452	57.8022 -28.3876
200000.009499	64.15 -32.0009
201000.009547	52.3857 -38.9473
202000.009594	65.5177 -45.6013
203000.009642	56.4478 -21.0348
204000.009689	63.6041 -31.0584
205000.009737	52.1478 -15.1921
206000.009784	50.856 -29.576
207000.009832	56.7764 -26.0109
208000.009879	57.6991 -30.2144
209000.009927	64.1372 -15.687
210000.009974	48.3018 -20.3827
211000.010022	57.7497 -28.0788
212000.010069	59.7969 -40.3336
213000.010117	63.7368 -27.7174
214000.010164	66.6665 -28.5952
215000.010212	53.1916 -24.1117
216000.010259	53.7389 -28.1058
217000.010307	55.3722 -23.6007
218000.010354	66.0013 -29.8589
219000.010402	43.7143 -9.52829
220000.010449	59.5861 -38.6258
221000.010497	70.5689 -34.437
222000.010544	72.9779 -43.0738
223000.010592	55.54 -29.929
224000.010639	52.7068 -29.5876
225000.010687	73.4439 -49.6244
226000.010734	59.5446 -41.7535
227000.010782	65.6822 -20.6659
228000.010829	61.9944 -38.1667
229000.010877	55.9157 -21.9972
230000.010924	69.8832 -37.2615
231000.010972	56.2855 -35.7473
232000.011019	64.1369 -39.3565
233000.011067	70.3472 -23.3597
234000.011114	50.6255 -21.1497
235000.011162	57.3922 -35.9788
236000.011209	55.7688 -27.841
237000.011257	63.7829 -47.3889
238000.011304	67.7734 -38.9126
239000.011352	45.2802 -36.1273
240000.011399	71.6885 -37.2305
