0.000000	-99.0415 -30.269
1000.000047	-85.6348 -21.8413
2000.000095	-84.8568 -26.0577
3000.000142	-88.9134 -27.4001
4000.000190	-93.3253 -32.7631
5000.000237	-83.9505 -31.6064
6000.000285	-89.1458 -27.4333
7000.000332	-82.4924 -31.4887
8000.000380	-86.1128 -31.6222
9000.000427	-96.9496 -15.0605
10000.000475	-98.5187 -22.889
11000.000522	-77.9185 -32.6743
12000.000570	-96.2983 -22.3013
13000.000617	-89.7635 -20.1905
14000.000665	-100.362 -23.4263
15000.000712	-90.6468 -24.7176
16000.000760	-78.9162 -32.8334
17000.000807	-91.7984 -33.1459
18000.000855	-89.0027 -28.4214
19000.000902	-94.5791 -27.2946
20000.000950	-93.6121 -27.7829
21000.000997	-95.4462 -14.4737
22000.001045	-73.3102 -14.2693
23000.001092	-93.3142 -21.2365
24000.001140	-97.9521 -28.2991
25000.001187	-67.2486 -37.9141
26000.001235	-97.7761 -24.698
27000.001282	-96.6051 -23.7848
28000.001330	-92.1429 -21.5123
29000.001377	-88.9214 -24.7159
30000.001425	-84.2258 -30.5816
31000.001472	-94.0622 -16.7012
32000.001520	-79.3195 -28.9143
33000.001567	-82.9666 -22.5773
34000.001615	-97.9048 -24.9221
35000.001662	-81.0871 -17.4184
36000.001710	-84.6207 -13.8926
37000.001757	-98.5907 -38.8564
38000.001805	-96.4231 -19.9684
39000.001852	-100.821 -26.9197
40000.001900	-93.983 -10.7709
41000.001947	-101.471 -27.7625
42000.001995	-95.7809 -26.581
43000.002042	-85.8472 -20.0463
44000.002090	-91.9194 -21.4561
45000.002137	-89.1465 -37.0523
46000.002185	-92.9772 -18.6924
47000.002232	-78.9523 -35.8536
48000.002280	-96.9355 -25.1461
49000.002327	-84.3356 -34.7246
50000.002375	-94.3254 -25.1986
51000.002422	-87.6937 -35.7195
52000.002470	-94.6985 -20.9172
53000.002517	-100.094 -15.1848
54000.002565	-89.6742 -31.6433
55000.002612	-96.5463 -7.33387
56000.002660	-84.5163 -31.2534
57000.002707	-93.9964 -13.667
58000.002755	-89.001 -23.6129
59000.002802	-82.7912 -34.2405
60000.002850	-82.3804 -25.5483
61000.002897	-93.6383 -24.2774
62000.002945	-80.9326 -21.6205
63000.002992	-94.8844 -24.2747
64000.003040	-90.6347 -23.7094
65000.003087	-99.3256 -24.5953
66000.003135	-102.52 -21.2421
67000.003182	-94.5457 -31.4941
68000.003230	-93.8356 -29.4001
69000.003277	-103.623 -27.5665
70000.003325	-81.9854 -26.4855
71000.003372	-95.7512 -30.9224
72000.003420	-97.5904 -19.2884
73000.003467	-98.6056 -9.77672
74000.003515	-88.1566 -25.8587
75000.003562	-95.0268 -24.4623
76000.003610	-82.4137 -36.1802
77000.003657	-86.5947 -19.5312
78000.003705	-102.081 -14.6521
79000.003752	-95.7821 -21.1677
80000.003800	-93.6814 -29.0779
81000.003847	-88.9709 -11.6955
82000.003895	-99.5872 -16.4101
83000.003942	-103.073 -14.8983
84000.003990	-93.4779 -10.585
85000.004037	-100.474 -24.1079
86000.004085	-101.17 -16.6199
87000.004132	-92.8951 -17.2741
88000.004180	-87.0141 -27.7789
89000.004227	-92.7794 -36.0279
90000.004275	-102.953 -10.669
91000.004322	-87.0481 -26.8681
92000.004370	-93.9412 -23.9006
93000.004417	-81.062 -23.6912
94000.004465	-86.0052 -33.9476
95000.004512	-89.3962 -23.7931
96000.004560	-84.0224 -24.0371
97000.004607	-89.766 -32.0888
98000.004655	-93.0248 -21.0273
99000.004702	-100.149 -29.8028
100000.004750	-101.247 -13.0132
101000.004797	-93.2383 -22.1842
102000.004845	-73.418 -39.7796
103000.004892	-94.1074 -33.4989
104000.004940	-97.515 -24.2674
105000.004987	-90.5708 -36.1728
106000.005035	-79.1502 -16.6496
107000.005082	-78.558 -30.6719
108000.005130	-87.4408 -25.951
109000.005177	-107.729 -15.5903
110000.005225	-88.6825 -17.7016
111000.005272	-85.5868 -31.8924
112000.005320	-90.2724 -18.0056
113000.005367	-82.2861 -36.2264
114000.005415	-92.6596 -13.9953
115000.005462	-91.7604 -30.7336
116000.005510	-89.6103 -16.2377
117000.005557	-89.1336 -25.1777
118000.005605	-90.1483 -26.2397
119000.005652	-93.7734 -33.1245
120000.005700	-95.3031 -27.6512
