360000.017099	-46.5437 152.707
361000.017147	-50.4946 163.38
362000.017194	-83.9409 164.675
363000.017242	-76.1543 157.169
364000.017289	-75.0886 161.063
365000.017337	-60.3749 171.274
366000.017384	-64.6942 174.714
367000.017432	-52.4561 162.208
368000.017479	-74.961 170.197
369000.017527	-82.3874 168.189
370000.017574	-66.7995 158.86
371000.017622	-86.5458 155.162
372000.017669	-70.5959 164.653
373000.017717	-70.0933 161.9
374000.017764	-70.2938 167.084
375000.017812	-67.5918 164.816
376000.017859	-74.2847 167.474
377000.017907	-79.1417 176.049
378000.017954	-63.5079 168.161
379000.018002	-63.3635 146.947
380000.018049	-75.2102 147.223
381000.018097	-59.7394 164.964
382000.018144	-79.3812 167.699
383000.018192	-65.1447 161.475
384000.018239	-58.0202 150.803
385000.018287	-64.051 156.387
386000.018334	-63.2673 163.753
387000.018382	-79.8889 168.733
388000.018429	-71.2479 170.319
389000.018477	-91.105 165.549
390000.018524	-64.5536 155.395
391000.018572	-78.1746 174.98
392000.018619	-63.2812 160.165
393000.018666	-81.6457 164.262
394000.018714	-74.4847 157.638
395000.018761	-68.2999 158.827
396000.018809	-72.5138 172.042
397000.018856	-54.7688 165.761
398000.018904	-83.6191 163.957
399000.018951	-67.3433 161.371
400000.018999	-76.3023 162.766
401000.019046	-66.1604 164.917
402000.019094	-61.2467 172.274
403000.019141	-79.9422 164.908
404000.019189	-70.9564 171.665
405000.019236	-68.1834 160.521
406000.019284	-64.6947 168.446
407000.019331	-74.3686 174.953
408000.019379	-59.0164 164.847
409000.019426	-58.0158 167.424
410000.019474	-73.8181 166.422
411000.019521	-51.0868 151.071
412000.019569	-75.7232 169.733
413000.019616	-63.7921 156.558
414000.019664	-76.2767 152.918
415000.019711	-70.8523 154.724
416000.019759	-75.4766 163.465
417000.019806	-87.381 167.414
418000.019854	-65.7335 159.906
419000.019901	-65.693 161.158
420000.019949	-66.4948 165.989
421000.019996	-78.9146 167.367
422000.020044	-49.0143 148.136
423000.020091	-79.7781 168.241
424000.020139	-62.1794 174.554
425000.020186	-84.7127 167.794
426000.020234	-49.9583 156.644
427000.020281	-64.6258 172.644
428000.020329	-72.2832 165.518
429000.020376	-74.1918 158.578
430000.020424	-78.8339 170.052
431000.020471	-71.904 -179.739
432000.020519	-65.9181 168.282
433000.020566	-66.8421 166.233
434000.020614	-68.6236 161.077
435000.020661	-62.6695 146.614
436000.020709	-84.4732 160.544
437000.020756	-78.1391 165.632
438000.020804	-59.6124 159.603
439000.020851	-63.4292 166.787
440000.020899	-66.6221 158.322
441000.020946	-57.9785 179.307
442000.020994	-77.1791 169.435
443000.021041	-64.8308 156.903
444000.021089	-70.8257 157.584
445000.021136	-68.4305 164.415
446000.021184	-46.3026 164.29
447000.021231	-60.8006 161.944
448000.021279	-74.5977 158.222
449000.021326	-69.1367 174.49
450000.021374	-71.4375 173.761
451000.021421	-64.9463 169.001
452000.021469	-69.8931 158.282
453000.021516	-63.4868 164.645
454000.021564	-61.2944 154.288
455000.021611	-59.421 162.282
456000.021659	-67.0698 171.14
457000.021706	-77.7174 161.881
458000.021754	-68.1663 165.246
459000.021801	-62.5313 163.56
460000.021849	-68.3294 164.083
461000.021896	-62.452 155.219
462000.021944	-75.5249 168.497
463000.021991	-62.3069 157.288
464000.022039	-63.8835 165.761
465000.022086	-72.0899 163.399
466000.022134	-70.2065 169.302
467000.022181	-58.7152 152.706
468000.022229	-63.317 156.003
469000.022276	-76.4909 159.69
470000.022324	-69.2787 171.646
471000.022371	-69.8769 155.672
472000.022419	-67.889 151.724
473000.022466	-76.5526 159.265
474000.022514	-65.095 157.725
475000.022561	-53.0032 153.318
476000.022609	-52.188 160.812
477000.022656	-65.9828 168.674
478000.022704	-71.7665 176.709
479000.022751	-53.0317 158.869
480000.022799	-52.9314 167.139
