#! FIELDS time restraint.bias r0 r1 r2 r3 r4 r5 r6 r7 r8 r9 r10 r11 r12 r13 r14 r15 r16 r17 r18 r19 r20 r21 r22 r23 r24 r25 r26 r27 r28 r29 r30 r31 r32 r33 r34 r35 r36 r37 r38 r39 r40 r41 r42 r43 r44 r45 r46 r47 r48 r49 r50 r51 r52 r53 r54 r55 r56
 600000.028498 1.409583 0.148239 0.124271 0.125251 0.107120 0.110564 0.115674 0.142398 0.132949 0.116555 0.107431 0.108327 0.129666 0.125241 0.139944 0.140832 0.106274 0.138914 0.144703 0.121737 0.137153 0.118789 0.134323 0.150801 0.137566 0.120535 0.117239 0.148947 0.116550 0.096839 0.132065 0.126555 0.116530 0.089329 0.092806 0.010899 0.039226 0.067580 0.126722 0.145412 0.132004 0.107260 0.101888 0.088724 0.078685 0.064574 0.100578 0.091354 0.108783 0.026612 0.060904 0.099680 0.142269 0.033197 0.081332 0.061059 0.138045 0.132156
 601000.028546 3.274979 0.143678 0.120971 0.123190 0.108195 0.115531 0.116724 0.138392 0.130131 0.116148 0.111049 0.108038 0.136582 0.129560 0.143872 0.137943 0.106869 0.138300 0.142405 0.126846 0.133733 0.118761 0.132066 0.143609 0.125860 0.120248 0.113065 0.143446 0.118077 0.103832 0.123508 0.126487 0.103727 0.077258 0.078240 0.016614 0.029811 0.053006 0.116793 0.135232 0.119428 0.096204 0.105292 0.082011 0.066123 0.056091 0.090339 0.076230 0.099515 0.033656 0.061112 0.101480 0.134230 0.032892 0.071197 0.043736 0.130096 0.138505
 602000.028593 4.675351 0.145863 0.122731 0.126327 0.107579 0.113013 0.116663 0.141738 0.133776 0.116526 0.108310 0.109996 0.134210 0.126406 0.143557 0.139179 0.107751 0.141730 0.144057 0.122422 0.137040 0.115147 0.130662 0.142416 0.125956 0.119347 0.115040 0.143139 0.119887 0.102475 0.123995 0.123802 0.102725 0.075122 0.080055 0.019850 0.028056 0.050514 0.120330 0.136085 0.118792 0.099837 0.101831 0.076221 0.064979 0.051798 0.086799 0.075862 0.095806 0.025440 0.054908 0.098882 0.136025 0.024218 0.069828 0.048144 0.129610 0.136005
 603000.028641 2.243151 0.149088 0.124650 0.127163 0.106416 0.110126 0.115704 0.144314 0.135228 0.116937 0.106486 0.109941 0.130901 0.124537 0.141818 0.141422 0.106733 0.142397 0.145769 0.120435 0.139153 0.115659 0.134560 0.149891 0.136089 0.121452 0.119561 0.149062 0.119782 0.099191 0.132100 0.125860 0.113623 0.085369 0.091787 0.013749 0.036542 0.063609 0.128464 0.144835 0.129955 0.108583 0.102241 0.083485 0.076765 0.060221 0.096434 0.088439 0.104367 0.022542 0.057005 0.099065 0.143000 0.028189 0.077643 0.059202 0.137513 0.133684
 604000.028688 2.198717 0.149075 0.125805 0.128250 0.109984 0.114527 0.118774 0.144205 0.135504 0.118835 0.110184 0.110874 0.134472 0.127952 0.144201 0.142014 0.110252 0.142595 0.146314 0.124186 0.139382 0.118061 0.132492 0.146080 0.130532 0.120351 0.115729 0.146094 0.119785 0.101039 0.126896 0.125050 0.108329 0.080615 0.083746 0.013613 0.029462 0.056253 0.123006 0.140057 0.123992 0.102082 0.101646 0.080634 0.068414 0.055176 0.091518 0.081452 0.101523 0.023898 0.056225 0.099883 0.138711 0.025448 0.074344 0.051834 0.132439 0.136347
 605000.028736 3.897351 0.142934 0.119082 0.119426 0.104032 0.109060 0.110977 0.138369 0.128492 0.110201 0.107754 0.101969 0.132634 0.127916 0.141489 0.134281 0.101229 0.136673 0.138436 0.121796 0.132249 0.120526 0.139608 0.151376 0.135119 0.127824 0.120766 0.151104 0.123984 0.104939 0.133480 0.132614 0.112301 0.085808 0.088668 0.018123 0.033021 0.063537 0.129065 0.143745 0.128153 0.105843 0.108491 0.087558 0.073252 0.062901 0.096441 0.086815 0.105472 0.022182 0.065557 0.107473 0.144307 0.034834 0.081070 0.058340 0.137871 0.133600
 606000.028783 7.876554 0.139189 0.116678 0.117782 0.105186 0.112076 0.111162 0.135951 0.126387 0.107867 0.110444 0.099057 0.136154 0.130231 0.143068 0.130804 0.101716 0.136230 0.134961 0.124266 0.129105 0.120540 0.135397 0.142902 0.123257 0.125100 0.114830 0.144697 0.123369 0.108654 0.123885 0.130924 0.100250 0.075949 0.074368 0.025765 0.019191 0.049501 0.119978 0.133810 0.115137 0.095587 0.108375 0.080996 0.057618 0.055330 0.084544 0.072498 0.097375 0.021037 0.066085 0.109375 0.136492 0.032629 0.075838 0.046047 0.128264 0.134801
 607000.028831 1.756904 0.149177 0.124895 0.127830 0.106872 0.110796 0.116335 0.143895 0.135287 0.118256 0.106351 0.111010 0.129461 0.123534 0.140021 0.142334 0.107728 0.141488 0.146697 0.120858 0.139279 0.115127 0.131565 0.147593 0.134427 0.117818 0.116296 0.146076 0.115814 0.096332 0.129234 0.123310 0.113059 0.085507 0.090636 0.012168 0.038137 0.063623 0.124674 0.142593 0.128812 0.106513 0.099955 0.084256 0.076782 0.061045 0.096981 0.087832 0.104887 0.026133 0.056802 0.096798 0.139515 0.029363 0.077313 0.057758 0.135571 0.132610
 608000.028878 7.753675 0.141205 0.119058 0.120012 0.107375 0.114472 0.113355 0.138045 0.128000 0.109954 0.112427 0.100259 0.137229 0.131610 0.144000 0.133248 0.103779 0.137911 0.136894 0.126365 0.130926 0.121822 0.135219 0.143546 0.123738 0.123878 0.114094 0.145648 0.122089 0.107410 0.123781 0.130673 0.102068 0.077998 0.074896 0.025563 0.018598 0.050370 0.119909 0.134769 0.116295 0.095709 0.107609 0.081992 0.058587 0.056662 0.085594 0.073884 0.099002 0.019939 0.066070 0.109263 0.136865 0.033017 0.077534 0.045489 0.128278 0.135511
 609000.028926 2.554603 0.144472 0.119719 0.119993 0.104742 0.110102 0.111922 0.138811 0.128716 0.110986 0.108309 0.102390 0.131162 0.127840 0.140149 0.135974 0.101406 0.136068 0.140074 0.123389 0.132650 0.122351 0.139272 0.153267 0.137809 0.125369 0.118959 0.151686 0.119578 0.101481 0.134127 0.132724 0.116025 0.090766 0.090941 0.014673 0.037705 0.068018 0.127541 0.145652 0.130994 0.106204 0.107444 0.093024 0.076850 0.068565 0.101390 0.090461 0.110454 0.025685 0.068367 0.106631 0.144663 0.038411 0.085305 0.060213 0.140235 0.132402
 610000.028973 9.574223 0.138435 0.115169 0.115470 0.104614 0.112978 0.109050 0.135740 0.125160 0.105116 0.112844 0.094961 0.138554 0.133876 0.144515 0.128940 0.099516 0.136433 0.132921 0.127157 0.128190 0.124867 0.140803 0.146890 0.125822 0.130097 0.117907 0.148794 0.126874 0.112656 0.127664 0.136880 0.103128 0.080236 0.075821 0.028406 0.018805 0.053635 0.123530 0.136508 0.117521 0.097480 0.113737 0.086374 0.058908 0.060858 0.087319 0.075418 0.101192 0.020355 0.072933 0.116365 0.140144 0.039241 0.081441 0.046986 0.131549 0.136551
 611000.029021 2.504881 0.149795 0.126382 0.128724 0.108806 0.112106 0.117551 0.145431 0.136461 0.118835 0.108576 0.110978 0.132482 0.125761 0.142961 0.142656 0.109490 0.143367 0.146570 0.122190 0.140062 0.116343 0.131804 0.146769 0.132586 0.119102 0.116817 0.146431 0.118261 0.098445 0.128656 0.123710 0.110570 0.082182 0.088332 0.014529 0.033255 0.059889 0.125229 0.141875 0.126817 0.105700 0.100459 0.080560 0.072587 0.056279 0.092612 0.084917 0.101953 0.022291 0.054884 0.097518 0.139570 0.024954 0.074882 0.055646 0.133759 0.134990
 612000.029068 2.301910 0.146306 0.123042 0.124390 0.107925 0.112937 0.115570 0.141726 0.132210 0.114993 0.110113 0.105928 0.134001 0.128292 0.142867 0.138655 0.106922 0.140045 0.142337 0.124064 0.136003 0.119517 0.134919 0.147320 0.130872 0.122592 0.116200 0.147803 0.120699 0.102577 0.128081 0.128131 0.108988 0.082348 0.083660 0.013928 0.027663 0.057978 0.124100 0.140346 0.124517 0.101899 0.104310 0.083582 0.068070 0.058186 0.092014 0.082114 0.103438 0.020023 0.061035 0.103775 0.139892 0.029108 0.077749 0.051828 0.133226 0.134710
 613000.029116 10.605726 0.140062 0.118234 0.120832 0.107751 0.115898 0.114069 0.137235 0.129041 0.111386 0.113093 0.102526 0.139956 0.132837 0.146210 0.132731 0.105330 0.138891 0.137692 0.127758 0.131110 0.120976 0.132144 0.138828 0.117541 0.122132 0.111458 0.141212 0.121289 0.109566 0.118604 0.128738 0.094484 0.070484 0.067530 0.029897 0.014640 0.041437 0.114358 0.128948 0.108958 0.090954 0.107747 0.077101 0.050978 0.050508 0.079199 0.065513 0.092800 0.028556 0.065185 0.108599 0.131428 0.033287 0.070936 0.037909 0.123275 0.139048
 614000.029163 3.883197 0.148928 0.126226 0.128970 0.109963 0.114153 0.118864 0.144747 0.136353 0.119347 0.110058 0.111358 0.135101 0.127551 0.144854 0.142212 0.110733 0.143709 0.146430 0.123707 0.139749 0.116534 0.131361 0.144491 0.128671 0.119815 0.115921 0.144974 0.120207 0.101628 0.125834 0.123756 0.106300 0.077887 0.083174 0.018091 0.028018 0.053926 0.122911 0.138768 0.122429 0.102149 0.101441 0.077070 0.067260 0.051634 0.088335 0.079821 0.098388 0.024438 0.054116 0.098793 0.137600 0.023841 0.071261 0.050607 0.130516 0.137257
 615000.029211 5.617295 0.143835 0.120240 0.121521 0.105148 0.109861 0.112030 0.139877 0.130120 0.110697 0.107975 0.101947 0.131627 0.127123 0.140766 0.134998 0.102951 0.137763 0.139371 0.121645 0.133231 0.120023 0.136132 0.147160 0.130659 0.124211 0.116898 0.147545 0.121685 0.103495 0.128578 0.129906 0.108570 0.083368 0.083974 0.021758 0.027585 0.058409 0.125358 0.139867 0.123146 0.102418 0.105487 0.084588 0.067443 0.060270 0.091804 0.082519 0.102781 0.015197 0.064371 0.107105 0.140558 0.031780 0.080593 0.055665 0.133048 0.131359
 616000.029258 2.616085 0.146808 0.123026 0.124688 0.105817 0.108601 0.114210 0.141937 0.132356 0.114635 0.105735 0.107445 0.128033 0.122807 0.138393 0.139164 0.105217 0.138975 0.142811 0.118695 0.136482 0.115480 0.130924 0.146267 0.133014 0.117791 0.114941 0.145587 0.115427 0.095332 0.128424 0.123275 0.111829 0.084642 0.089651 0.014849 0.036226 0.063113 0.124672 0.141897 0.127610 0.105173 0.098579 0.083634 0.074473 0.060272 0.095140 0.086729 0.103904 0.019634 0.057045 0.097140 0.139632 0.026735 0.078224 0.059268 0.134085 0.129611
 617000.029306 3.260418 0.146267 0.122360 0.124203 0.106102 0.110174 0.114380 0.141198 0.131862 0.114165 0.106893 0.106440 0.129213 0.124935 0.139059 0.138352 0.104936 0.138231 0.142747 0.120621 0.135859 0.118135 0.132772 0.146481 0.131818 0.119715 0.114765 0.145707 0.116997 0.098045 0.127729 0.126014 0.110519 0.084434 0.086509 0.016577 0.033010 0.060719 0.123486 0.140832 0.125521 0.102934 0.100919 0.085092 0.071638 0.061172 0.095073 0.084732 0.103950 0.018918 0.060451 0.101297 0.139570 0.029283 0.079265 0.057325 0.133739 0.130318
 618000.029353 6.280456 0.146904 0.124182 0.127885 0.107245 0.109405 0.115312 0.143640 0.136158 0.116790 0.106521 0.109906 0.130814 0.123381 0.141210 0.139405 0.109307 0.142175 0.144237 0.118741 0.138516 0.113529 0.127373 0.139916 0.125892 0.117129 0.114151 0.141232 0.118634 0.099029 0.122987 0.119803 0.102597 0.074329 0.082638 0.023007 0.029166 0.052141 0.122541 0.134840 0.118602 0.102463 0.097427 0.072693 0.064416 0.047926 0.083462 0.077512 0.094598 0.019916 0.051559 0.096591 0.134130 0.017117 0.070177 0.054019 0.126569 0.132122
 619000.029401 3.319033 0.141843 0.119295 0.119179 0.107184 0.114214 0.114014 0.136944 0.126752 0.111091 0.111745 0.101596 0.136093 0.131241 0.142785 0.134538 0.102996 0.135559 0.138127 0.126742 0.130341 0.122701 0.137335 0.148070 0.129865 0.125172 0.116037 0.148295 0.121347 0.105650 0.128146 0.132022 0.108427 0.083208 0.081271 0.016725 0.027388 0.057833 0.121991 0.139336 0.123114 0.098727 0.108473 0.087027 0.067480 0.061345 0.093651 0.080900 0.104248 0.025746 0.066360 0.107525 0.139740 0.035372 0.079253 0.049690 0.133645 0.135672
 620000.029448 4.332268 0.147335 0.123912 0.127375 0.107379 0.111328 0.116141 0.143313 0.135415 0.116940 0.107439 0.110129 0.132527 0.125579 0.142791 0.139860 0.108246 0.142161 0.145053 0.121044 0.138411 0.115616 0.130773 0.143360 0.128221 0.119567 0.115801 0.143744 0.119882 0.100956 0.125434 0.123397 0.104763 0.076810 0.082895 0.019108 0.029036 0.053191 0.122724 0.137549 0.120750 0.102277 0.100631 0.076665 0.066479 0.051896 0.087784 0.078815 0.097004 0.021597 0.054482 0.098895 0.136937 0.022205 0.071440 0.052695 0.130315 0.134506
 621000.029496 16.711154 0.134170 0.113064 0.114896 0.106317 0.116221 0.110086 0.132796 0.124425 0.106759 0.116001 0.097143 0.144486 0.136722 0.147649 0.126497 0.103001 0.136978 0.130761 0.130192 0.126586 0.123195 0.133612 0.136236 0.111970 0.126071 0.111345 0.140730 0.124602 0.116106 0.116643 0.132318 0.088120 0.065206 0.060998 0.037528 0.011071 0.038190 0.113616 0.124361 0.103839 0.087426 0.113124 0.076783 0.043142 0.049163 0.072876 0.058323 0.090064 0.035166 0.071694 0.115322 0.129222 0.040238 0.070250 0.030413 0.119669 0.142127
 622000.029543 9.697754 0.146662 0.123528 0.129936 0.105590 0.108843 0.115370 0.143927 0.138429 0.118444 0.104455 0.113500 0.131592 0.121478 0.142144 0.139917 0.109825 0.145150 0.145927 0.116971 0.140616 0.108010 0.126258 0.137195 0.122046 0.116935 0.115894 0.138749 0.121264 0.102406 0.121220 0.117859 0.096750 0.067033 0.080014 0.028589 0.028781 0.045313 0.121670 0.132188 0.114449 0.102350 0.098543 0.065158 0.062166 0.041059 0.077751 0.072001 0.087219 0.025871 0.047221 0.094578 0.132568 0.015423 0.061655 0.049334 0.124842 0.134899
 623000.029591 7.125983 0.158159 0.135990 0.140126 0.113986 0.113464 0.126316 0.151659 0.144528 0.130363 0.105454 0.124408 0.123590 0.117533 0.135725 0.153782 0.118425 0.145690 0.157632 0.117473 0.149403 0.109683 0.120828 0.142183 0.135721 0.106302 0.112108 0.138454 0.107789 0.084323 0.125216 0.110479 0.118719 0.089652 0.099016 0.024506 0.050213 0.069713 0.123041 0.143503 0.133709 0.110795 0.086537 0.081266 0.086157 0.061644 0.101744 0.095285 0.106518 0.034750 0.043312 0.081860 0.135456 0.026722 0.076582 0.068443 0.132632 0.128384
 624000.029638 4.332809 0.148339 0.124672 0.126040 0.106994 0.109777 0.114742 0.144412 0.134492 0.115031 0.107796 0.106814 0.131713 0.125992 0.142379 0.139648 0.106593 0.141938 0.143353 0.120507 0.138153 0.117839 0.135991 0.149736 0.134948 0.123604 0.119451 0.150098 0.121979 0.101093 0.131938 0.127809 0.112637 0.085097 0.090000 0.019109 0.032260 0.062510 0.129612 0.144378 0.128567 0.107677 0.103334 0.083092 0.072866 0.059229 0.093697 0.087255 0.104092 0.014223 0.059308 0.102843 0.143699 0.027677 0.079834 0.059857 0.136022 0.132769
 625000.029686 6.683305 0.141112 0.118351 0.120441 0.105214 0.110411 0.111513 0.137979 0.129196 0.110128 0.108806 0.102164 0.133793 0.127690 0.141805 0.132902 0.103601 0.137701 0.137424 0.121959 0.131887 0.118116 0.131550 0.140907 0.123183 0.121358 0.113539 0.142607 0.120437 0.104149 0.122632 0.126290 0.099949 0.074213 0.076468 0.023733 0.021480 0.049497 0.120105 0.133211 0.115381 0.097239 0.103546 0.077525 0.059066 0.051800 0.083142 0.073276 0.095375 0.019153 0.060816 0.104457 0.134696 0.026748 0.073123 0.048005 0.126637 0.133375
 626000.029733 4.627418 0.145052 0.121234 0.122900 0.104283 0.107553 0.112194 0.140869 0.131174 0.111957 0.105218 0.104411 0.128773 0.123461 0.138964 0.136523 0.103572 0.138468 0.140427 0.117858 0.135132 0.116018 0.134587 0.147196 0.132657 0.122736 0.117758 0.147617 0.121013 0.100511 0.129927 0.126963 0.110554 0.083794 0.088093 0.019748 0.032215 0.061168 0.127699 0.141747 0.126159 0.105502 0.102349 0.082824 0.071408 0.059481 0.093069 0.085311 0.102831 0.013300 0.059743 0.102770 0.141724 0.028117 0.079332 0.059037 0.134235 0.129364
 627000.029781 1.994184 0.151615 0.127877 0.129820 0.110318 0.113793 0.119366 0.146111 0.137254 0.120614 0.109582 0.112161 0.132624 0.127385 0.143409 0.144197 0.110735 0.142914 0.148664 0.123972 0.141127 0.119531 0.134284 0.149910 0.135622 0.121017 0.117423 0.148296 0.118968 0.099117 0.130500 0.126247 0.113937 0.086297 0.089554 0.012964 0.034779 0.062700 0.125944 0.144366 0.129499 0.106069 0.102132 0.085390 0.074694 0.060525 0.097420 0.088021 0.106165 0.025425 0.058436 0.100179 0.141677 0.029795 0.078471 0.058071 0.136447 0.135466
 628000.029828 8.129777 0.159060 0.137301 0.141874 0.114554 0.111736 0.126536 0.152590 0.146865 0.131941 0.104278 0.125916 0.122139 0.116087 0.135331 0.154293 0.120945 0.145543 0.158870 0.115453 0.150712 0.109438 0.119340 0.140558 0.135348 0.106693 0.112194 0.137193 0.109400 0.084584 0.124272 0.108363 0.117190 0.087367 0.098871 0.026176 0.049947 0.068439 0.124170 0.141700 0.132010 0.111626 0.084757 0.077925 0.083979 0.057198 0.099007 0.094715 0.104562 0.035338 0.040039 0.081083 0.133708 0.022540 0.074542 0.070609 0.130138 0.126930
 629000.029876 2.724112 0.156634 0.132657 0.136410 0.112216 0.113101 0.122638 0.151209 0.143672 0.126601 0.107917 0.119616 0.129674 0.123060 0.141928 0.149955 0.116146 0.147529 0.154497 0.121013 0.147670 0.114412 0.127954 0.146341 0.135835 0.114766 0.116360 0.143905 0.115283 0.093269 0.128718 0.118368 0.114172 0.084425 0.093626 0.015152 0.040889 0.064107 0.125917 0.143935 0.130803 0.109705 0.095056 0.080379 0.078024 0.056631 0.096226 0.089674 0.104041 0.028358 0.049026 0.090903 0.138620 0.022408 0.074078 0.061469 0.134822 0.134443
 630000.029923 8.471806 0.142791 0.120088 0.124154 0.104918 0.110109 0.112693 0.140287 0.132844 0.113040 0.107188 0.106104 0.134174 0.126061 0.143245 0.135157 0.105470 0.141230 0.140610 0.120534 0.134911 0.114125 0.130238 0.139439 0.121871 0.120414 0.115081 0.141522 0.121862 0.105089 0.121873 0.123712 0.097649 0.070487 0.076564 0.026721 0.021877 0.045675 0.120645 0.132155 0.113639 0.098837 0.102892 0.071716 0.059003 0.046727 0.079729 0.071400 0.090824 0.020997 0.056320 0.101969 0.133773 0.023371 0.068059 0.047135 0.125368 0.135135
 631000.029971 6.204913 0.155629 0.132678 0.135982 0.110965 0.110157 0.122012 0.149459 0.141376 0.125399 0.103976 0.118859 0.122488 0.118062 0.135324 0.149309 0.114537 0.142808 0.153367 0.115768 0.146214 0.112502 0.125483 0.144948 0.136798 0.111443 0.113215 0.142441 0.111179 0.087292 0.127470 0.115860 0.118408 0.090253 0.097502 0.022868 0.046134 0.069153 0.125736 0.144567 0.133119 0.110286 0.089843 0.083474 0.082837 0.062746 0.101102 0.094737 0.107399 0.026170 0.049326 0.089349 0.138780 0.026080 0.080232 0.069384 0.133968 0.125612
 632000.030018 3.451587 0.148139 0.123777 0.126516 0.105346 0.108229 0.114307 0.143734 0.134733 0.115464 0.105003 0.108615 0.128950 0.122926 0.140064 0.139924 0.105795 0.141387 0.144530 0.118281 0.138352 0.114706 0.133174 0.147635 0.133849 0.120557 0.117919 0.147079 0.119252 0.098455 0.130085 0.124702 0.111288 0.083575 0.089886 0.017056 0.034254 0.061414 0.127403 0.142744 0.127385 0.107125 0.100811 0.081675 0.073846 0.058507 0.093804 0.086340 0.102340 0.017249 0.056464 0.099167 0.141407 0.025670 0.077159 0.059404 0.135156 0.131061
 633000.030066 7.574741 0.143141 0.119532 0.120814 0.103704 0.107244 0.110150 0.140169 0.130523 0.109451 0.106744 0.101531 0.131944 0.126309 0.141721 0.133659 0.101973 0.138790 0.137923 0.119361 0.133291 0.118341 0.136770 0.147114 0.130576 0.126023 0.119454 0.148155 0.124300 0.105053 0.130098 0.130013 0.106898 0.080500 0.085306 0.025266 0.028164 0.057856 0.128027 0.140300 0.122850 0.104751 0.106280 0.081299 0.066942 0.057117 0.088810 0.081818 0.099543 0.013281 0.062915 0.106705 0.141823 0.029615 0.078046 0.057486 0.133263 0.132111
 634000.030113 4.076282 0.146016 0.121889 0.123899 0.104487 0.108255 0.112421 0.142318 0.132995 0.113500 0.106313 0.106299 0.132135 0.125618 0.142583 0.137579 0.104066 0.141118 0.141961 0.119801 0.136510 0.116319 0.136275 0.149257 0.133851 0.124620 0.120677 0.149395 0.122902 0.102673 0.132117 0.128118 0.110246 0.082090 0.089203 0.018535 0.032451 0.060716 0.129169 0.143184 0.127121 0.107449 0.105055 0.081517 0.072770 0.057607 0.092614 0.085226 0.101153 0.019051 0.059015 0.102548 0.143025 0.028221 0.076183 0.057684 0.136161 0.134419
 635000.030161 18.749904 0.141500 0.119074 0.127579 0.104030 0.108799 0.112291 0.140861 0.137797 0.115852 0.105668 0.112094 0.136224 0.124131 0.145495 0.134722 0.108963 0.145573 0.142643 0.118438 0.137619 0.107992 0.123931 0.130485 0.112899 0.117891 0.114962 0.134304 0.123560 0.108700 0.115544 0.117479 0.084013 0.053951 0.071208 0.039752 0.027333 0.032323 0.117641 0.122908 0.102388 0.098247 0.101640 0.056265 0.050992 0.029413 0.064425 0.059608 0.076177 0.035964 0.050693 0.098131 0.125896 0.022595 0.053555 0.043143 0.117122 0.139287
 636000.030208 8.643826 0.141150 0.117120 0.118190 0.103603 0.110375 0.109221 0.138415 0.127738 0.106483 0.109902 0.097384 0.135653 0.130241 0.143538 0.131363 0.099992 0.138663 0.135247 0.123513 0.131041 0.121120 0.140920 0.148975 0.129636 0.129404 0.120174 0.150713 0.126978 0.110004 0.130583 0.134967 0.106752 0.082696 0.081771 0.026990 0.024366 0.057673 0.127636 0.140052 0.121715 0.102435 0.111540 0.085541 0.064688 0.061438 0.089361 0.080188 0.102345 0.014494 0.069594 0.113239 0.143161 0.036390 0.082190 0.052647 0.134313 0.134455
 637000.030256 3.193441 0.152153 0.128320 0.130707 0.110822 0.114668 0.119746 0.147235 0.137863 0.120559 0.110428 0.112067 0.132950 0.127139 0.143283 0.145060 0.111189 0.144441 0.148871 0.124701 0.141667 0.118693 0.133355 0.149252 0.135218 0.119197 0.116774 0.148313 0.117438 0.098116 0.129974 0.125368 0.114448 0.087384 0.090270 0.016405 0.036578 0.063769 0.125587 0.144102 0.129624 0.106740 0.101372 0.085637 0.075552 0.062051 0.096978 0.088379 0.107013 0.025357 0.058691 0.099520 0.141165 0.030701 0.080185 0.057610 0.136132 0.135066
 638000.030303 2.442201 0.146072 0.122838 0.124521 0.107467 0.112111 0.115338 0.141669 0.132365 0.114881 0.109094 0.106365 0.133357 0.127203 0.142495 0.138559 0.106844 0.140104 0.142327 0.122813 0.136088 0.118136 0.133990 0.146434 0.130435 0.122154 0.116322 0.147075 0.120834 0.102159 0.127765 0.126962 0.108307 0.081189 0.083830 0.014347 0.027774 0.057156 0.124349 0.139844 0.123979 0.102296 0.103338 0.081734 0.067801 0.056540 0.091005 0.081623 0.102031 0.019696 0.058996 0.102506 0.139445 0.027206 0.076329 0.052059 0.132557 0.134220
 639000.030351 9.238534 0.142901 0.120158 0.124218 0.106492 0.112643 0.113649 0.140732 0.133375 0.113606 0.110150 0.106204 0.138321 0.129558 0.146662 0.135164 0.106976 0.142754 0.140580 0.123856 0.135368 0.116518 0.131676 0.139589 0.120286 0.122558 0.115336 0.142375 0.123940 0.108629 0.121454 0.125992 0.095103 0.067789 0.072968 0.027903 0.017103 0.042133 0.119817 0.131208 0.111611 0.097056 0.105676 0.071177 0.054402 0.044476 0.076898 0.067794 0.089788 0.024576 0.058367 0.104779 0.133516 0.025219 0.066683 0.042111 0.124739 0.139193
 640000.030398 1.869816 0.148754 0.125235 0.127579 0.108845 0.113384 0.117656 0.143923 0.135171 0.118155 0.109314 0.109695 0.133664 0.127156 0.143505 0.141560 0.109324 0.142176 0.145790 0.123632 0.138856 0.117911 0.134021 0.147419 0.131960 0.121829 0.116982 0.147405 0.120875 0.101891 0.128443 0.126378 0.109698 0.082074 0.085249 0.012553 0.029894 0.057931 0.124659 0.141042 0.125489 0.103499 0.103214 0.081984 0.069682 0.056778 0.092604 0.083043 0.102982 0.023138 0.057854 0.101292 0.139808 0.027571 0.075771 0.052595 0.133732 0.135658
 641000.030446 6.238253 0.141297 0.117326 0.119297 0.102984 0.109082 0.109502 0.138297 0.128791 0.108351 0.107937 0.100201 0.134291 0.128038 0.142694 0.132196 0.100942 0.138602 0.136742 0.121676 0.131877 0.118260 0.137265 0.146077 0.127633 0.126435 0.118414 0.147501 0.124859 0.107584 0.128086 0.131034 0.103834 0.078160 0.080445 0.022929 0.022712 0.053991 0.125279 0.137719 0.119793 0.101232 0.108397 0.081084 0.063347 0.056249 0.086797 0.077499 0.098521 0.015175 0.064425 0.108622 0.139998 0.030896 0.076470 0.050325 0.131962 0.134356
 642000.030493 11.129633 0.140851 0.117864 0.122369 0.106059 0.115617 0.113702 0.137949 0.131143 0.114299 0.112300 0.106367 0.142111 0.132691 0.148666 0.134464 0.106515 0.142048 0.139916 0.128169 0.134047 0.118066 0.134072 0.140159 0.118218 0.124827 0.114620 0.142655 0.124703 0.113414 0.120554 0.129660 0.093671 0.067650 0.069206 0.030627 0.021745 0.042766 0.116184 0.129614 0.110729 0.093281 0.111324 0.075887 0.054814 0.049083 0.079314 0.065345 0.091482 0.036234 0.065121 0.109025 0.132018 0.036721 0.065613 0.032844 0.125222 0.144353
 643000.030541 6.158053 0.144549 0.121772 0.124907 0.108608 0.115758 0.116655 0.140436 0.132234 0.115412 0.111532 0.106995 0.137009 0.130106 0.144698 0.137590 0.107915 0.140942 0.142386 0.126076 0.135633 0.118767 0.132246 0.141993 0.123295 0.120905 0.113099 0.143356 0.120748 0.105670 0.121897 0.126654 0.101182 0.075658 0.074669 0.022781 0.021533 0.048305 0.118179 0.133893 0.116035 0.095667 0.104656 0.078866 0.059675 0.053131 0.085393 0.072953 0.097468 0.025766 0.060916 0.104775 0.134650 0.029910 0.072778 0.043079 0.127416 0.137393
 644000.030588 2.271771 0.149075 0.125166 0.125680 0.108292 0.112182 0.116462 0.143240 0.133585 0.116900 0.109161 0.107793 0.131625 0.127765 0.141944 0.141134 0.107045 0.139705 0.144943 0.123547 0.137960 0.121558 0.137662 0.152917 0.138178 0.123757 0.118906 0.151130 0.119638 0.099901 0.133630 0.130104 0.117008 0.090385 0.091874 0.013837 0.037039 0.067287 0.128112 0.146866 0.132278 0.107300 0.104791 0.090459 0.077112 0.065750 0.101111 0.091358 0.109845 0.024737 0.063919 0.103755 0.144750 0.035218 0.083181 0.060968 0.139460 0.133882
 645000.030636 4.699224 0.142055 0.118722 0.121565 0.104317 0.110179 0.111686 0.138587 0.130633 0.112280 0.107785 0.104582 0.134640 0.127410 0.143163 0.134423 0.104188 0.139034 0.139438 0.122094 0.133468 0.116713 0.133159 0.142701 0.124980 0.123194 0.116031 0.143869 0.122523 0.105933 0.124699 0.127102 0.100687 0.073402 0.078085 0.019901 0.023189 0.049906 0.121421 0.134584 0.117322 0.099056 0.105692 0.077019 0.061623 0.050897 0.084570 0.074166 0.095100 0.023228 0.059754 0.104089 0.135628 0.027318 0.070051 0.046319 0.128868 0.136214
 646000.030683 2.541146 0.143595 0.120416 0.122309 0.103962 0.107535 0.112395 0.138943 0.130325 0.112792 0.104391 0.105251 0.128361 0.122568 0.138264 0.136303 0.103562 0.136652 0.140658 0.118088 0.133442 0.114799 0.131443 0.144557 0.130258 0.119949 0.115504 0.144297 0.118284 0.099056 0.126964 0.124134 0.108041 0.080771 0.085822 0.014634 0.031685 0.058240 0.123668 0.138548 0.123609 0.102904 0.100875 0.080708 0.070289 0.056473 0.091787 0.082760 0.100424 0.020495 0.057208 0.099225 0.137674 0.026264 0.074859 0.055751 0.131626 0.129888
 647000.030731 4.056441 0.143477 0.120179 0.121460 0.106335 0.112228 0.113899 0.138894 0.129008 0.111701 0.109161 0.103251 0.132931 0.127671 0.141230 0.135633 0.103751 0.137536 0.139470 0.123186 0.132793 0.119226 0.134831 0.145933 0.128573 0.122382 0.114927 0.146335 0.120099 0.103055 0.126551 0.128848 0.106883 0.081776 0.081023 0.018490 0.026931 0.056234 0.121854 0.138607 0.121847 0.099266 0.104887 0.084385 0.066095 0.059774 0.091534 0.079665 0.102452 0.019173 0.063235 0.104950 0.139151 0.031073 0.078502 0.051053 0.132398 0.132759
 648000.030778 2.664551 0.146992 0.122852 0.125873 0.107012 0.111833 0.115120 0.142657 0.134030 0.116108 0.108684 0.108496 0.133142 0.126342 0.142474 0.139558 0.107388 0.141834 0.143969 0.122917 0.137629 0.116487 0.131941 0.145203 0.129582 0.119598 0.115222 0.145226 0.118336 0.100427 0.126518 0.124652 0.106933 0.079762 0.083971 0.014985 0.030968 0.057210 0.122604 0.138595 0.123144 0.102426 0.102165 0.080969 0.068759 0.056115 0.090169 0.080786 0.100912 0.024409 0.058035 0.099896 0.137257 0.027175 0.074404 0.050938 0.132139 0.135187
 649000.030826 2.576629 0.149918 0.126135 0.127323 0.108341 0.110311 0.116620 0.144813 0.135089 0.117222 0.107573 0.108882 0.129288 0.124523 0.140203 0.141840 0.108518 0.140832 0.145286 0.120375 0.139186 0.118181 0.133616 0.149326 0.136365 0.120604 0.116964 0.148718 0.118263 0.097062 0.131101 0.125662 0.115128 0.087687 0.091695 0.014736 0.036241 0.065411 0.127916 0.144832 0.130659 0.107506 0.100171 0.085730 0.075340 0.061728 0.097181 0.089736 0.107331 0.018926 0.058564 0.099991 0.142414 0.028123 0.081416 0.061679 0.136248 0.130590
 650000.030873 4.055127 0.144855 0.123016 0.124600 0.110674 0.118510 0.119624 0.139109 0.130061 0.117823 0.112875 0.109060 0.137238 0.130709 0.144063 0.139887 0.108522 0.138302 0.143546 0.128684 0.134269 0.119935 0.132052 0.144243 0.126275 0.119134 0.111920 0.144000 0.116757 0.102918 0.123154 0.126615 0.106128 0.080534 0.078513 0.018487 0.031544 0.054676 0.115668 0.136366 0.120796 0.095288 0.104706 0.084431 0.067776 0.059354 0.093215 0.077890 0.102201 0.034902 0.061947 0.101342 0.135037 0.035365 0.073933 0.044313 0.130553 0.138471
 651000.030921 4.018013 0.144826 0.120891 0.123134 0.105518 0.110589 0.112922 0.140869 0.131916 0.112582 0.108151 0.104151 0.133161 0.127312 0.142504 0.136287 0.104709 0.139809 0.140957 0.122213 0.135007 0.118530 0.135318 0.146244 0.129239 0.123701 0.116872 0.146732 0.122245 0.104251 0.127539 0.128661 0.106111 0.080005 0.081917 0.018402 0.024985 0.055232 0.124257 0.138683 0.121549 0.101686 0.105339 0.081664 0.065029 0.056439 0.089096 0.079717 0.100488 0.016938 0.061773 0.105429 0.139282 0.028665 0.076652 0.051697 0.132172 0.133925
 652000.030968 2.112082 0.148594 0.124350 0.126912 0.107205 0.111789 0.116127 0.144035 0.135080 0.116964 0.108249 0.109343 0.133244 0.126688 0.143494 0.140962 0.107370 0.142669 0.145425 0.122577 0.138850 0.117242 0.135207 0.148979 0.133627 0.122672 0.118933 0.148630 0.121311 0.101770 0.130603 0.127260 0.110654 0.082673 0.087729 0.013342 0.031771 0.059680 0.126706 0.142897 0.127122 0.105835 0.103962 0.082463 0.072313 0.058031 0.093694 0.084676 0.102765 0.021680 0.058083 0.101294 0.141832 0.027787 0.075939 0.054643 0.135954 0.135762
 653000.031016 6.427230 0.136152 0.112848 0.112436 0.100841 0.107416 0.106131 0.132250 0.121878 0.102967 0.107288 0.093598 0.131518 0.127610 0.138246 0.127121 0.095947 0.131343 0.130822 0.121123 0.125178 0.120931 0.138834 0.146692 0.128507 0.128070 0.117349 0.147176 0.123901 0.107662 0.128759 0.134028 0.106334 0.082647 0.081138 0.023274 0.026279 0.058727 0.124541 0.137537 0.121095 0.099514 0.110276 0.087456 0.065277 0.062574 0.091489 0.080267 0.102926 0.018664 0.070404 0.111885 0.140042 0.037544 0.081673 0.053016 0.132784 0.130204
 654000.031063 7.124630 0.142842 0.118951 0.122543 0.103185 0.107303 0.110131 0.140299 0.132378 0.111242 0.106056 0.104380 0.132423 0.125122 0.141913 0.134097 0.103929 0.140537 0.139351 0.118843 0.134865 0.114651 0.131890 0.141635 0.125048 0.122225 0.116714 0.143357 0.122532 0.104311 0.124940 0.125081 0.100115 0.072605 0.080262 0.024504 0.024535 0.050580 0.124021 0.134645 0.117025 0.101849 0.103316 0.074337 0.061682 0.049131 0.081929 0.074925 0.093287 0.016921 0.057822 0.103041 0.136100 0.023301 0.070592 0.050994 0.128075 0.133636
 655000.031111 3.775904 0.147028 0.123508 0.126361 0.108465 0.113591 0.116634 0.142846 0.134594 0.116881 0.110186 0.109234 0.135989 0.128894 0.145336 0.139429 0.108622 0.142447 0.144362 0.124305 0.137912 0.118145 0.133003 0.144700 0.127643 0.121830 0.115997 0.145146 0.121334 0.103944 0.125754 0.126197 0.103923 0.076222 0.080316 0.017839 0.026005 0.052151 0.121861 0.137616 0.120300 0.100415 0.103877 0.078434 0.064267 0.052101 0.087468 0.077044 0.097802 0.024563 0.057765 0.101879 0.137435 0.025541 0.071401 0.048725 0.130887 0.138018
 656000.031158 5.404807 0.155161 0.132300 0.134898 0.111424 0.110840 0.121372 0.149824 0.141020 0.123953 0.106097 0.116478 0.125643 0.120483 0.137968 0.148270 0.114369 0.144025 0.151771 0.117631 0.145360 0.114095 0.127667 0.146214 0.136811 0.114071 0.114731 0.144960 0.113882 0.090404 0.128656 0.118136 0.117786 0.089413 0.096304 0.021343 0.042712 0.068008 0.127405 0.144904 0.132714 0.110442 0.092506 0.082671 0.080354 0.060972 0.098591 0.093524 0.107292 0.022601 0.050633 0.092260 0.140005 0.024579 0.080773 0.067361 0.134072 0.127775
 657000.031206 11.934467 0.138635 0.116628 0.118748 0.107806 0.117568 0.113140 0.136095 0.127476 0.109846 0.115604 0.099852 0.143006 0.136054 0.147808 0.131024 0.104778 0.138727 0.135627 0.130717 0.129762 0.123845 0.135303 0.140300 0.117469 0.125833 0.112669 0.143464 0.124414 0.113964 0.119654 0.132700 0.094431 0.071431 0.065387 0.031715 0.011228 0.042175 0.115534 0.128939 0.108951 0.090283 0.112075 0.080149 0.048892 0.053116 0.079374 0.064522 0.095079 0.030713 0.070326 0.114176 0.132514 0.038251 0.073726 0.034141 0.124007 0.141308
 658000.031253 4.722903 0.137931 0.115318 0.115187 0.105107 0.112370 0.111117 0.133099 0.122677 0.106847 0.110218 0.098002 0.133351 0.129071 0.139101 0.130355 0.100011 0.131972 0.133751 0.124555 0.126350 0.121382 0.134564 0.144159 0.126008 0.122896 0.112528 0.144794 0.118837 0.104311 0.124545 0.130273 0.104922 0.081344 0.077631 0.019951 0.027608 0.056010 0.118616 0.135266 0.119036 0.095167 0.106575 0.086760 0.063935 0.061661 0.091317 0.077270 0.102982 0.025647 0.067454 0.107174 0.136475 0.035507 0.079960 0.048566 0.130508 0.131570
 659000.031301 3.724175 0.153764 0.130564 0.135811 0.112159 0.115530 0.124022 0.147720 0.141670 0.127069 0.107495 0.121430 0.130275 0.122494 0.141318 0.149098 0.115689 0.145736 0.154636 0.122096 0.145279 0.112028 0.124149 0.141465 0.129993 0.111085 0.113002 0.138870 0.112752 0.093603 0.123131 0.115359 0.108659 0.079625 0.087808 0.017716 0.041100 0.057664 0.118707 0.138229 0.124557 0.103912 0.094002 0.077391 0.075461 0.054431 0.094121 0.083433 0.099488 0.036120 0.046672 0.087363 0.133368 0.024056 0.068234 0.054934 0.130872 0.135572
 660000.031348 3.089108 0.150195 0.126296 0.129157 0.108305 0.111538 0.117402 0.145752 0.136871 0.118655 0.107652 0.111540 0.131875 0.125135 0.142811 0.142564 0.109150 0.143910 0.146991 0.121114 0.140591 0.115305 0.132204 0.147236 0.132995 0.119421 0.117414 0.146612 0.118948 0.098662 0.129039 0.123489 0.110594 0.082358 0.088525 0.016135 0.033699 0.059918 0.125972 0.142366 0.126781 0.106153 0.100361 0.080309 0.072956 0.056405 0.092821 0.085044 0.101673 0.021740 0.054544 0.097565 0.140381 0.024335 0.075092 0.056962 0.134355 0.134585
 661000.031396 2.335790 0.145364 0.121312 0.122378 0.106732 0.113053 0.114241 0.140558 0.130605 0.113157 0.110275 0.104308 0.134907 0.129667 0.143509 0.137536 0.104132 0.139103 0.141569 0.125653 0.134146 0.121351 0.138417 0.151138 0.134260 0.125183 0.118770 0.150776 0.121487 0.104071 0.131675 0.131696 0.112101 0.086195 0.086588 0.014031 0.032199 0.061966 0.125786 0.143042 0.127249 0.103946 0.108029 0.088202 0.072332 0.063494 0.096471 0.085453 0.106454 0.024908 0.065363 0.106171 0.142643 0.035090 0.080933 0.053852 0.137361 0.136005
 662000.031443 8.260291 0.141015 0.117696 0.119044 0.105183 0.112033 0.111119 0.137917 0.127847 0.108212 0.110589 0.099536 0.136002 0.130596 0.143525 0.131972 0.101580 0.137983 0.136250 0.124414 0.131005 0.121251 0.137365 0.145470 0.125874 0.126102 0.116544 0.146955 0.124064 0.108355 0.126385 0.132322 0.103109 0.079057 0.077344 0.026385 0.021308 0.052740 0.122610 0.136687 0.117887 0.098223 0.109056 0.083137 0.060772 0.058363 0.087013 0.075708 0.099417 0.017842 0.067216 0.110571 0.139256 0.033845 0.078647 0.048904 0.130968 0.134829
 663000.031491 1.380091 0.147520 0.123752 0.124564 0.106984 0.110423 0.115803 0.141477 0.131680 0.115924 0.106814 0.108278 0.128561 0.124153 0.138625 0.140398 0.105682 0.137861 0.143850 0.120661 0.136396 0.117864 0.133377 0.149903 0.136999 0.119620 0.116333 0.148303 0.115867 0.095649 0.131427 0.125739 0.116439 0.089253 0.092622 0.010785 0.039749 0.067438 0.126162 0.145181 0.131927 0.106555 0.100463 0.088539 0.078827 0.065036 0.100909 0.091023 0.108708 0.025625 0.059689 0.098428 0.142194 0.032112 0.081441 0.061214 0.137792 0.130484
 664000.031538 7.398412 0.144375 0.121442 0.125654 0.108334 0.115247 0.116242 0.141210 0.133428 0.115309 0.111167 0.108187 0.137491 0.129406 0.145485 0.137556 0.107982 0.142594 0.142683 0.125613 0.135966 0.117045 0.130102 0.139890 0.121336 0.118965 0.112835 0.141878 0.119592 0.104820 0.120591 0.124500 0.097918 0.071940 0.073998 0.024970 0.023118 0.045239 0.117132 0.131969 0.113322 0.096071 0.103316 0.075166 0.058348 0.050131 0.081650 0.069967 0.093648 0.026734 0.058316 0.102047 0.132974 0.026671 0.069760 0.041928 0.126028 0.138092
 665000.031586 1.978800 0.149755 0.125955 0.127847 0.110049 0.115291 0.118727 0.144544 0.135014 0.118692 0.110929 0.110762 0.134578 0.128905 0.144298 0.142796 0.108800 0.142427 0.146904 0.126027 0.138931 0.119945 0.133974 0.149391 0.134240 0.119856 0.116622 0.148130 0.117263 0.099134 0.129778 0.126648 0.112776 0.085792 0.088124 0.012914 0.035850 0.062069 0.123614 0.143368 0.128074 0.104485 0.102824 0.086142 0.074587 0.062010 0.097212 0.086290 0.105639 0.027670 0.059714 0.099685 0.140855 0.031360 0.078382 0.055100 0.136565 0.136913
 666000.031633 2.698060 0.150297 0.127010 0.130346 0.110368 0.114578 0.119624 0.145578 0.137998 0.121829 0.110141 0.114378 0.135031 0.127623 0.145199 0.144010 0.112277 0.144492 0.148708 0.124419 0.141724 0.116837 0.130210 0.144356 0.129391 0.118572 0.115696 0.143797 0.118638 0.100298 0.125896 0.122753 0.106293 0.077075 0.084060 0.015079 0.032122 0.055046 0.121692 0.138793 0.123225 0.102651 0.100656 0.077869 0.069049 0.051960 0.090037 0.080141 0.098475 0.029206 0.053430 0.096683 0.136404 0.024176 0.069010 0.050435 0.131477 0.138908
 667000.031681 1.566738 0.146144 0.122063 0.124275 0.106408 0.111331 0.114954 0.141035 0.131959 0.115144 0.107700 0.108059 0.131589 0.125755 0.140960 0.138857 0.105508 0.139374 0.143292 0.122097 0.135939 0.116990 0.132387 0.146627 0.131783 0.119596 0.115506 0.145928 0.117218 0.098845 0.127960 0.125154 0.109571 0.082397 0.086313 0.011491 0.034178 0.059955 0.122972 0.140481 0.125532 0.103014 0.101702 0.083661 0.072405 0.059352 0.094411 0.083566 0.102941 0.025142 0.058508 0.099085 0.138858 0.028454 0.076138 0.054311 0.134271 0.133602
 668000.031728 8.135518 0.145768 0.121345 0.126518 0.104099 0.109547 0.113083 0.143076 0.135549 0.114775 0.105956 0.109169 0.133757 0.125233 0.144035 0.137849 0.105612 0.144397 0.143564 0.119732 0.138547 0.112673 0.133390 0.143574 0.126467 0.122541 0.119323 0.144815 0.124141 0.105711 0.126676 0.125585 0.101341 0.073424 0.081836 0.026185 0.027918 0.050337 0.124793 0.137083 0.118513 0.103766 0.104649 0.073791 0.065114 0.050687 0.084038 0.075708 0.092747 0.020921 0.056129 0.101919 0.138454 0.024936 0.068977 0.050166 0.131042 0.136517
 669000.031776 1.864748 0.144852 0.121648 0.122700 0.108468 0.114872 0.116178 0.139317 0.130259 0.115229 0.111430 0.106521 0.136160 0.130509 0.143900 0.137858 0.106639 0.138031 0.142036 0.126647 0.134258 0.121394 0.135704 0.147856 0.130817 0.123825 0.116033 0.147503 0.120838 0.104422 0.127998 0.129544 0.108617 0.082115 0.082353 0.012536 0.030707 0.058176 0.121885 0.139588 0.124041 0.099942 0.106605 0.085702 0.068763 0.059436 0.094129 0.081394 0.104078 0.030177 0.063218 0.104411 0.138860 0.033465 0.076659 0.049899 0.133951 0.137504
 670000.031823 4.858896 0.140263 0.118357 0.119209 0.107763 0.115763 0.114776 0.135778 0.126252 0.111164 0.112403 0.101842 0.137433 0.131357 0.143270 0.133712 0.104112 0.135709 0.137368 0.127418 0.129470 0.121192 0.133839 0.142844 0.123442 0.122496 0.112307 0.144220 0.120052 0.106658 0.122468 0.129580 0.102009 0.077435 0.073863 0.020236 0.021843 0.050139 0.116638 0.133624 0.116375 0.093271 0.107234 0.082753 0.060082 0.056725 0.087632 0.073209 0.099700 0.027482 0.064983 0.106780 0.134695 0.033654 0.075118 0.041824 0.128175 0.136292
 671000.031871 7.676326 0.142225 0.119275 0.122400 0.105111 0.111008 0.112719 0.139344 0.130426 0.111274 0.108067 0.104214 0.133856 0.126334 0.142213 0.134664 0.103749 0.140022 0.139059 0.121460 0.133249 0.114977 0.131384 0.141224 0.123448 0.120113 0.114575 0.143205 0.120248 0.103760 0.123134 0.125056 0.100653 0.074774 0.078194 0.025435 0.025048 0.049871 0.120636 0.134172 0.116157 0.098734 0.103276 0.076290 0.062139 0.052664 0.083511 0.073973 0.094788 0.020205 0.058916 0.102297 0.135633 0.026710 0.072508 0.047928 0.127704 0.133822
 672000.031918 4.361478 0.148750 0.124144 0.125702 0.104560 0.106544 0.113629 0.143704 0.133812 0.114680 0.103756 0.107678 0.126157 0.121455 0.137927 0.140315 0.104364 0.139943 0.144097 0.116660 0.138034 0.115612 0.135841 0.152268 0.140281 0.121999 0.120129 0.151165 0.118635 0.096576 0.135112 0.127014 0.118857 0.091512 0.097397 0.019172 0.041951 0.070511 0.131898 0.148352 0.134605 0.112079 0.101352 0.088219 0.081904 0.066443 0.101410 0.094750 0.109093 0.019376 0.060336 0.100386 0.146269 0.032466 0.084234 0.067215 0.140342 0.128023
 673000.031966 4.912421 0.143284 0.118491 0.119699 0.100765 0.104173 0.108708 0.138246 0.128324 0.109025 0.102387 0.101297 0.124638 0.121102 0.135067 0.134489 0.099044 0.134866 0.138500 0.115995 0.132409 0.116359 0.136508 0.150110 0.136120 0.123058 0.117798 0.148724 0.118325 0.098464 0.132511 0.129204 0.114818 0.089640 0.092212 0.020347 0.037885 0.067768 0.128452 0.144195 0.129957 0.107259 0.103768 0.089648 0.077102 0.067141 0.099214 0.090620 0.107592 0.017368 0.065371 0.104448 0.143516 0.035798 0.084281 0.063222 0.137812 0.125754
 674000.032013 7.509383 0.158296 0.134677 0.138823 0.112291 0.112384 0.124365 0.152051 0.144220 0.128870 0.105295 0.123630 0.124535 0.118848 0.136971 0.152715 0.116157 0.146859 0.156974 0.117514 0.149667 0.110627 0.124089 0.145496 0.138364 0.109257 0.114685 0.141239 0.109301 0.085946 0.128626 0.113669 0.120247 0.090949 0.101072 0.025157 0.051504 0.072084 0.125754 0.146542 0.136226 0.113092 0.089664 0.083890 0.088448 0.064338 0.103923 0.096999 0.107625 0.034649 0.047249 0.084885 0.138640 0.029583 0.078106 0.070074 0.136403 0.130173
 675000.032061 2.675749 0.147696 0.123274 0.125535 0.107579 0.113805 0.115978 0.142800 0.133511 0.116190 0.110124 0.108330 0.134984 0.129238 0.144348 0.140277 0.106123 0.141723 0.144821 0.125629 0.137422 0.119919 0.136384 0.150153 0.133713 0.122696 0.118241 0.149080 0.119717 0.102188 0.130728 0.129262 0.111398 0.084842 0.087094 0.015017 0.034058 0.061294 0.124584 0.143018 0.127103 0.104415 0.105945 0.086487 0.073452 0.062155 0.096254 0.085154 0.104680 0.027122 0.062483 0.102987 0.141708 0.033722 0.078049 0.053425 0.137127 0.137543
 676000.032108 4.029259 0.146243 0.122296 0.123723 0.106188 0.110689 0.113177 0.142566 0.132727 0.113087 0.109099 0.104735 0.134131 0.128516 0.143768 0.137455 0.104651 0.141051 0.141713 0.122941 0.135986 0.119825 0.137288 0.149804 0.133491 0.125028 0.119446 0.150223 0.122531 0.103517 0.131483 0.129959 0.110565 0.083655 0.087256 0.018428 0.030054 0.060536 0.127955 0.142777 0.126338 0.105732 0.106128 0.083958 0.070754 0.059352 0.092761 0.084778 0.103159 0.017992 0.062239 0.105364 0.142773 0.030310 0.079190 0.056310 0.135739 0.135177
 677000.032156 4.423776 0.144836 0.121863 0.124714 0.106982 0.112063 0.115194 0.141142 0.132317 0.114675 0.108522 0.107667 0.133711 0.126387 0.142564 0.137867 0.106437 0.140766 0.142096 0.122031 0.135763 0.115480 0.130511 0.142471 0.126192 0.119174 0.114601 0.143677 0.119069 0.101303 0.124313 0.123740 0.103603 0.076144 0.081002 0.019309 0.027553 0.052276 0.121291 0.136334 0.119650 0.100245 0.101247 0.076893 0.065498 0.052530 0.086749 0.076933 0.096726 0.022046 0.055533 0.099303 0.136296 0.023704 0.071643 0.049242 0.129314 0.134700
 678000.032203 3.816800 0.148052 0.125111 0.128187 0.108315 0.111790 0.117454 0.143597 0.135168 0.117784 0.107451 0.110555 0.130719 0.123937 0.140675 0.141178 0.109206 0.141728 0.145362 0.120354 0.138800 0.114354 0.128998 0.142732 0.128478 0.116819 0.113967 0.143235 0.117325 0.097844 0.124547 0.121247 0.106953 0.079309 0.084327 0.017935 0.030832 0.055633 0.122343 0.138009 0.122524 0.102335 0.097830 0.077753 0.068705 0.053937 0.089404 0.080828 0.099417 0.020003 0.053068 0.096610 0.136663 0.021389 0.073625 0.053807 0.129896 0.131948
 679000.032251 8.390490 0.149241 0.125635 0.132994 0.106834 0.110872 0.117578 0.146011 0.141551 0.122704 0.105426 0.117582 0.133111 0.122495 0.143955 0.143532 0.112502 0.147783 0.150131 0.119586 0.143638 0.108110 0.126363 0.138453 0.123492 0.116565 0.116674 0.138736 0.120675 0.102703 0.122030 0.117525 0.097859 0.067125 0.081339 0.026592 0.032049 0.046706 0.120891 0.132954 0.116153 0.103251 0.099754 0.065997 0.065319 0.041154 0.080043 0.073291 0.087767 0.032775 0.046734 0.093137 0.131746 0.019650 0.058375 0.047004 0.126303 0.139031
 680000.032298 3.714187 0.144772 0.121095 0.123074 0.105104 0.109202 0.113000 0.140510 0.131479 0.112798 0.106636 0.105079 0.130805 0.125312 0.140539 0.136620 0.104350 0.138665 0.141107 0.120089 0.134942 0.117146 0.133518 0.145655 0.130238 0.121945 0.116404 0.145843 0.120333 0.101272 0.127738 0.126576 0.107560 0.080715 0.084523 0.017692 0.029151 0.057421 0.124586 0.139367 0.123181 0.102721 0.102628 0.081405 0.068082 0.056708 0.090878 0.081778 0.100644 0.017111 0.059408 0.102462 0.139196 0.026966 0.076163 0.054958 0.132350 0.131876
 681000.032346 3.876673 0.141815 0.117336 0.117670 0.103960 0.110684 0.110513 0.136700 0.126377 0.108427 0.108928 0.099744 0.132447 0.129094 0.140307 0.133022 0.099701 0.134926 0.137251 0.123879 0.130467 0.122752 0.139859 0.150906 0.133659 0.126872 0.118104 0.150119 0.121706 0.104731 0.131716 0.134187 0.111734 0.087475 0.085631 0.018075 0.032431 0.063314 0.125465 0.142401 0.126428 0.102383 0.109255 0.091408 0.071490 0.066787 0.097800 0.085417 0.107532 0.022700 0.069829 0.109758 0.143029 0.038358 0.084081 0.055808 0.137654 0.132595
 682000.032393 2.421678 0.142106 0.118544 0.118978 0.105579 0.112186 0.112257 0.136951 0.127150 0.110683 0.109975 0.101126 0.133493 0.129295 0.140799 0.134287 0.102442 0.135277 0.138169 0.124974 0.130996 0.121928 0.136944 0.148026 0.130555 0.124518 0.115486 0.147703 0.120257 0.104115 0.128273 0.131451 0.109102 0.084281 0.082249 0.014286 0.028678 0.059627 0.122389 0.139368 0.123886 0.099574 0.107580 0.088399 0.068157 0.062719 0.094620 0.082148 0.105557 0.024322 0.067140 0.107626 0.139391 0.035781 0.080603 0.050962 0.133976 0.133704
 683000.032441 16.277157 0.146552 0.123078 0.132566 0.105379 0.110545 0.115537 0.145094 0.142240 0.120843 0.105713 0.117123 0.136367 0.123848 0.146604 0.140388 0.111891 0.149740 0.148335 0.119425 0.143061 0.106537 0.126345 0.134765 0.117543 0.118594 0.117839 0.137365 0.124851 0.108691 0.119240 0.118065 0.089276 0.058368 0.075845 0.037038 0.029760 0.037251 0.120413 0.127962 0.108201 0.101911 0.102569 0.058056 0.057834 0.032892 0.069834 0.064936 0.079341 0.036121 0.048200 0.096761 0.129625 0.022278 0.053399 0.043401 0.121945 0.141761
 684000.032488 3.767779 0.149336 0.126092 0.128604 0.107981 0.109342 0.117138 0.144310 0.135709 0.118151 0.105369 0.111459 0.126903 0.121488 0.138136 0.142054 0.108895 0.140418 0.146300 0.117852 0.139318 0.114557 0.127738 0.143794 0.132058 0.115177 0.113539 0.142967 0.114362 0.093291 0.126144 0.119764 0.111026 0.083356 0.089647 0.017820 0.037314 0.061500 0.123604 0.140469 0.126337 0.105252 0.094953 0.080707 0.073927 0.057624 0.093971 0.086290 0.102343 0.021449 0.052695 0.093837 0.137563 0.022560 0.076502 0.061084 0.131772 0.128598
 685000.032536 3.435717 0.145434 0.122260 0.123863 0.108353 0.113644 0.115867 0.140572 0.131806 0.115005 0.110514 0.106189 0.134782 0.129311 0.143331 0.137701 0.107259 0.139007 0.142249 0.124824 0.135262 0.120597 0.134027 0.145435 0.128421 0.122710 0.114716 0.145450 0.120769 0.103811 0.125814 0.128055 0.105977 0.079806 0.080061 0.017016 0.025996 0.054702 0.121309 0.137752 0.121169 0.098936 0.104688 0.082736 0.064334 0.056230 0.090341 0.078866 0.101493 0.024541 0.061785 0.104572 0.137495 0.029991 0.075815 0.050046 0.131116 0.135658
 686000.032583 2.257055 0.146322 0.122920 0.125080 0.108511 0.114868 0.116913 0.141550 0.132452 0.116467 0.110919 0.108395 0.135914 0.129229 0.144359 0.139657 0.107315 0.140925 0.143785 0.125976 0.136296 0.118860 0.133576 0.146352 0.129403 0.120889 0.115486 0.146332 0.119018 0.102414 0.126791 0.126996 0.107227 0.080232 0.082409 0.013792 0.029982 0.056137 0.121168 0.139127 0.123109 0.100493 0.104426 0.082651 0.068751 0.057493 0.091904 0.080049 0.101481 0.027406 0.059815 0.101332 0.138106 0.030042 0.074214 0.048236 0.133012 0.137722
 687000.032631 4.529323 0.141848 0.118277 0.119830 0.104019 0.109455 0.110731 0.138373 0.129079 0.109641 0.108098 0.101384 0.133941 0.127716 0.142421 0.133338 0.102369 0.138062 0.137503 0.121710 0.132237 0.118458 0.136230 0.145981 0.128563 0.125670 0.118073 0.147354 0.124083 0.106300 0.128168 0.129977 0.104929 0.078454 0.081571 0.019538 0.024316 0.054867 0.125251 0.138112 0.120963 0.101668 0.106940 0.080863 0.064369 0.055479 0.087743 0.078632 0.099263 0.017339 0.062571 0.106708 0.139734 0.029259 0.075861 0.050893 0.131941 0.134153
 688000.032678 6.506021 0.143629 0.119974 0.122451 0.104478 0.108789 0.111668 0.140638 0.131569 0.111052 0.107134 0.103839 0.132907 0.126163 0.142386 0.134772 0.103630 0.140222 0.139421 0.119977 0.134420 0.116424 0.134152 0.144481 0.127701 0.123514 0.117604 0.145946 0.123080 0.104476 0.127108 0.127277 0.103702 0.076830 0.082052 0.023416 0.025522 0.053494 0.125247 0.137682 0.119929 0.102496 0.104390 0.077851 0.064220 0.053352 0.085763 0.077892 0.096852 0.014690 0.059487 0.104133 0.139156 0.025452 0.074392 0.053112 0.130881 0.133297
 689000.032726 4.876442 0.145832 0.122258 0.125620 0.104912 0.107705 0.113370 0.142305 0.134141 0.114515 0.104964 0.107954 0.129804 0.122474 0.140252 0.137964 0.106198 0.141040 0.142633 0.117522 0.137059 0.112893 0.130224 0.142716 0.128410 0.119467 0.116316 0.143683 0.120033 0.100022 0.125993 0.122356 0.104810 0.076568 0.084854 0.020273 0.029824 0.054729 0.124814 0.137540 0.121446 0.104090 0.099743 0.075399 0.067447 0.051444 0.086496 0.079760 0.096508 0.016781 0.053570 0.098157 0.137301 0.020034 0.071898 0.054877 0.130024 0.131314
 690000.032773 2.226322 0.147336 0.123489 0.126361 0.106786 0.110866 0.115398 0.142977 0.134641 0.116570 0.107524 0.109231 0.132519 0.125703 0.142638 0.139859 0.107308 0.141696 0.144681 0.121616 0.137834 0.116007 0.131966 0.145540 0.130425 0.120118 0.116449 0.145289 0.119226 0.100396 0.127292 0.124297 0.107190 0.079051 0.085078 0.013698 0.030343 0.056456 0.123745 0.139384 0.123575 0.103507 0.101727 0.079286 0.069422 0.054189 0.090275 0.081432 0.099496 0.022739 0.055847 0.098937 0.138106 0.024314 0.072706 0.052968 0.132396 0.135022
 691000.032821 1.926748 0.150737 0.126499 0.128798 0.109274 0.113402 0.118138 0.145304 0.135910 0.119018 0.109110 0.110974 0.131567 0.126322 0.141795 0.143256 0.109342 0.142599 0.147308 0.123325 0.140460 0.118098 0.133386 0.149077 0.134784 0.119194 0.115893 0.147736 0.116854 0.097430 0.129583 0.125346 0.113933 0.087156 0.089322 0.012743 0.035881 0.063713 0.124843 0.143778 0.129277 0.105385 0.101011 0.086333 0.075167 0.062402 0.097576 0.087879 0.106996 0.024133 0.059000 0.099489 0.141027 0.030482 0.080043 0.057221 0.136229 0.133872
 692000.032868 1.605215 0.147426 0.123498 0.125640 0.108234 0.113670 0.116525 0.142504 0.133341 0.116422 0.110001 0.108317 0.134328 0.128272 0.143492 0.140061 0.107374 0.141145 0.144329 0.124736 0.137254 0.118988 0.134058 0.147454 0.131201 0.121196 0.115928 0.147037 0.119117 0.101323 0.127960 0.127112 0.108972 0.082093 0.084206 0.011631 0.030082 0.057963 0.122862 0.140632 0.124746 0.102056 0.103733 0.083637 0.069670 0.058501 0.093086 0.082186 0.103002 0.024217 0.059760 0.101572 0.139401 0.029146 0.076258 0.051169 0.134099 0.136124
 693000.032916 2.733544 0.146839 0.123693 0.125206 0.108582 0.114412 0.117437 0.141460 0.131813 0.116272 0.109886 0.108006 0.133653 0.127869 0.142498 0.140144 0.106680 0.139705 0.143963 0.124730 0.135869 0.118698 0.134593 0.148476 0.132430 0.121014 0.116164 0.147802 0.118619 0.100930 0.128679 0.127335 0.111647 0.085375 0.086080 0.015178 0.033499 0.060737 0.123146 0.141835 0.126552 0.102386 0.103935 0.085855 0.073120 0.061835 0.096273 0.084889 0.105230 0.027097 0.060884 0.101383 0.140502 0.032853 0.078549 0.053500 0.135099 0.134990
 694000.032963 3.387125 0.148310 0.126071 0.129353 0.110600 0.115039 0.120076 0.143343 0.136266 0.121316 0.109783 0.113821 0.134519 0.126877 0.144038 0.142717 0.112126 0.142177 0.147584 0.124183 0.139349 0.116221 0.127764 0.141187 0.125981 0.116689 0.112791 0.140997 0.117124 0.100078 0.122182 0.121047 0.103413 0.074796 0.080303 0.016896 0.030262 0.051063 0.117896 0.135224 0.119508 0.098873 0.099435 0.076034 0.065901 0.049935 0.087910 0.076699 0.096581 0.031150 0.052592 0.095642 0.133125 0.023632 0.067391 0.047922 0.127994 0.137471
 695000.033011 2.697953 0.142526 0.120665 0.120303 0.108310 0.113852 0.116214 0.135808 0.126329 0.113546 0.109625 0.104604 0.130702 0.127441 0.137825 0.136414 0.104731 0.132155 0.139927 0.124195 0.130571 0.121515 0.132456 0.145585 0.130370 0.119973 0.111922 0.144382 0.115702 0.099237 0.125612 0.127275 0.110950 0.085948 0.083463 0.015079 0.034545 0.061058 0.118927 0.138599 0.124555 0.097657 0.102438 0.088743 0.071213 0.063697 0.097998 0.084052 0.106708 0.030431 0.063773 0.102202 0.136972 0.035522 0.080398 0.054503 0.132295 0.130549
 696000.033058 7.147675 0.146633 0.123730 0.126607 0.106405 0.109474 0.114434 0.143581 0.134994 0.115577 0.106926 0.108168 0.132252 0.125030 0.142537 0.138628 0.107452 0.142568 0.142914 0.119106 0.138387 0.114488 0.132249 0.143746 0.127930 0.121644 0.117584 0.145072 0.122546 0.102604 0.126698 0.124394 0.104854 0.076710 0.083974 0.024544 0.027257 0.053942 0.125888 0.138468 0.121413 0.103947 0.101846 0.075162 0.066138 0.051011 0.085813 0.079427 0.095989 0.015934 0.055120 0.101028 0.138829 0.022811 0.072195 0.054429 0.130015 0.133777
 697000.033106 2.372847 0.149318 0.126218 0.128465 0.108328 0.110743 0.117269 0.144534 0.135992 0.118871 0.106983 0.111067 0.130323 0.124109 0.141120 0.142161 0.109569 0.141672 0.146383 0.120189 0.139606 0.115455 0.130541 0.145751 0.132530 0.118546 0.115930 0.145225 0.117852 0.097289 0.127813 0.122148 0.110779 0.082213 0.088506 0.014141 0.033854 0.060151 0.125124 0.141080 0.126611 0.105285 0.098736 0.079905 0.072614 0.055314 0.092934 0.085460 0.101909 0.022641 0.053595 0.096636 0.138519 0.023652 0.074679 0.057666 0.132508 0.132812
 698000.033153 1.795881 0.148021 0.123365 0.126605 0.105971 0.110160 0.114804 0.143457 0.135329 0.117022 0.106855 0.110282 0.132075 0.125437 0.142615 0.140520 0.106923 0.142206 0.145620 0.121422 0.138803 0.116025 0.132866 0.147293 0.132935 0.120757 0.118072 0.146398 0.119249 0.099982 0.129513 0.124982 0.109207 0.080690 0.088065 0.012303 0.034344 0.059563 0.125358 0.141308 0.126093 0.105979 0.102329 0.081119 0.072905 0.056519 0.093015 0.084049 0.100904 0.025254 0.056503 0.098717 0.139474 0.026534 0.073345 0.055021 0.134943 0.135613
 699000.033201 2.119357 0.148339 0.123631 0.125661 0.106346 0.110646 0.114921 0.143342 0.133820 0.115356 0.107498 0.107890 0.130959 0.125910 0.141402 0.140211 0.105503 0.140937 0.144644 0.121837 0.137702 0.118360 0.135534 0.150491 0.136211 0.121747 0.118315 0.149535 0.118710 0.099111 0.131935 0.127782 0.114029 0.087118 0.090707 0.013365 0.036287 0.064503 0.127149 0.144697 0.129661 0.107072 0.103086 0.086855 0.075966 0.063213 0.097798 0.088482 0.106475 0.021141 0.060957 0.101567 0.142976 0.030851 0.080677 0.059212 0.137983 0.132939
 700000.033248 3.574470 0.151771 0.127084 0.130104 0.106342 0.107466 0.116216 0.146517 0.137804 0.119285 0.103543 0.112861 0.125482 0.120384 0.137854 0.143919 0.108366 0.142424 0.148441 0.116418 0.142239 0.113524 0.130994 0.148593 0.137735 0.117388 0.117229 0.146521 0.115434 0.093019 0.131358 0.121704 0.116443 0.088158 0.095918 0.017357 0.041729 0.067803 0.128538 0.145796 0.132558 0.110758 0.096810 0.084246 0.080536 0.062065 0.099160 0.092582 0.106008 0.021730 0.054446 0.095095 0.141906 0.027339 0.079288 0.065516 0.137123 0.129038
 701000.033296 7.176233 0.141700 0.117863 0.119913 0.104691 0.110939 0.111014 0.138437 0.129329 0.109127 0.109406 0.101174 0.135126 0.129574 0.143364 0.132623 0.102181 0.138320 0.137715 0.123483 0.131936 0.120700 0.136254 0.144970 0.126548 0.125549 0.116940 0.146079 0.123745 0.107495 0.126487 0.131091 0.102484 0.077491 0.078332 0.024593 0.023060 0.052156 0.122862 0.136365 0.117764 0.099440 0.107889 0.081704 0.061135 0.056484 0.086654 0.075763 0.098215 0.019201 0.065332 0.108880 0.138533 0.031548 0.076648 0.049988 0.130995 0.134840
 702000.033343 2.779462 0.146592 0.123581 0.125895 0.107645 0.111644 0.116387 0.141869 0.132987 0.116256 0.107656 0.108978 0.130890 0.124718 0.140512 0.139760 0.107135 0.139893 0.143864 0.121216 0.136612 0.115667 0.129245 0.143260 0.128569 0.116606 0.113141 0.143007 0.115555 0.097096 0.124701 0.122174 0.107047 0.079870 0.084026 0.015305 0.031654 0.056528 0.120619 0.138089 0.122640 0.101007 0.098610 0.080018 0.069285 0.055800 0.090958 0.080931 0.100004 0.022112 0.055170 0.096517 0.136351 0.024105 0.073742 0.053148 0.130659 0.132409
 703000.033391 7.268357 0.147458 0.124025 0.127803 0.106827 0.110126 0.114473 0.144684 0.136878 0.116447 0.107893 0.108873 0.133828 0.126334 0.144156 0.139066 0.108777 0.144215 0.144162 0.120607 0.139683 0.115410 0.132112 0.143126 0.126784 0.121896 0.117253 0.144470 0.123064 0.103851 0.125695 0.124453 0.102650 0.074575 0.081838 0.024750 0.024690 0.051564 0.125055 0.136907 0.119316 0.103264 0.102526 0.073954 0.062982 0.048528 0.083138 0.077178 0.094746 0.017740 0.055600 0.102022 0.137327 0.022301 0.070802 0.052034 0.128858 0.135785
 704000.033438 2.796625 0.148800 0.125056 0.127480 0.107050 0.109336 0.115773 0.144052 0.135506 0.117383 0.106101 0.110061 0.129026 0.123625 0.140025 0.141128 0.107916 0.140824 0.145733 0.119320 0.139002 0.116149 0.130865 0.145998 0.132974 0.118661 0.115897 0.145200 0.117185 0.096646 0.128230 0.123000 0.110885 0.082835 0.089166 0.015352 0.034672 0.060940 0.125298 0.141378 0.126746 0.105882 0.098730 0.081400 0.073155 0.057206 0.093824 0.085944 0.102247 0.020496 0.055264 0.097579 0.139084 0.024432 0.076063 0.059281 0.133281 0.131371
 705000.033486 4.698584 0.146063 0.122398 0.126560 0.106591 0.111951 0.115234 0.142330 0.134892 0.116242 0.108052 0.109177 0.134209 0.126653 0.143792 0.138722 0.107607 0.142521 0.144208 0.122373 0.137747 0.115469 0.131007 0.142181 0.125207 0.119857 0.115038 0.142759 0.120367 0.103173 0.123613 0.124195 0.101237 0.073807 0.078815 0.019899 0.024552 0.049120 0.120487 0.135187 0.117536 0.099766 0.102498 0.075541 0.062564 0.050091 0.084689 0.074684 0.094818 0.022629 0.056009 0.100549 0.135284 0.023613 0.069184 0.046970 0.128750 0.136467
 706000.033533 5.255617 0.148129 0.123580 0.125748 0.103916 0.106033 0.112731 0.143918 0.134200 0.114105 0.103616 0.107494 0.127232 0.121654 0.138892 0.139561 0.104080 0.141074 0.143626 0.116288 0.138128 0.114261 0.135272 0.150790 0.138253 0.122161 0.120501 0.150296 0.119758 0.097818 0.134137 0.126189 0.116198 0.088515 0.095762 0.021046 0.039967 0.067942 0.131791 0.146652 0.132278 0.111613 0.101538 0.084941 0.079758 0.063216 0.098024 0.092236 0.105893 0.017603 0.058733 0.100287 0.145109 0.030316 0.081576 0.065430 0.138621 0.129274
 707000.033581 10.833380 0.141528 0.118845 0.121678 0.105398 0.111055 0.111753 0.139551 0.131206 0.110331 0.109670 0.102259 0.136879 0.129160 0.145148 0.132816 0.104741 0.140825 0.137540 0.122506 0.133311 0.117928 0.134357 0.141313 0.122200 0.125369 0.117178 0.144463 0.126405 0.110081 0.123823 0.128904 0.097516 0.071408 0.074958 0.030216 0.017401 0.045852 0.123029 0.133110 0.113444 0.098778 0.107381 0.074299 0.055053 0.048749 0.078680 0.070588 0.092637 0.019173 0.062060 0.108385 0.136414 0.028244 0.071958 0.046784 0.126466 0.136242
 708000.033628 4.159019 0.139472 0.115894 0.116044 0.103986 0.111378 0.109727 0.135173 0.124975 0.107226 0.110272 0.097447 0.135031 0.130390 0.141567 0.131036 0.100033 0.134648 0.134719 0.125056 0.128572 0.122346 0.139364 0.148271 0.129568 0.127918 0.117387 0.148893 0.123921 0.108211 0.129085 0.134212 0.107410 0.083121 0.080681 0.018722 0.025790 0.058437 0.124004 0.138621 0.122317 0.099454 0.110905 0.087981 0.065684 0.062345 0.092308 0.080334 0.104512 0.022959 0.069690 0.111403 0.140296 0.037394 0.081166 0.049477 0.133811 0.134330
 709000.033676 3.409400 0.148919 0.126024 0.129290 0.108199 0.110457 0.117768 0.144286 0.136163 0.119131 0.105811 0.112625 0.128893 0.121726 0.139542 0.142333 0.110056 0.141954 0.146478 0.118273 0.139968 0.112147 0.127030 0.142132 0.129549 0.115228 0.113977 0.142187 0.116167 0.095367 0.124785 0.118519 0.108006 0.079320 0.086961 0.016951 0.034422 0.057460 0.123028 0.138541 0.124041 0.104031 0.095343 0.076325 0.071338 0.052932 0.090250 0.082685 0.099072 0.022379 0.049242 0.092828 0.136186 0.018579 0.072150 0.056411 0.129979 0.130988
 710000.033723 8.950270 0.151342 0.128609 0.133966 0.108283 0.108403 0.117931 0.148454 0.142063 0.122149 0.104637 0.116902 0.129288 0.120102 0.141026 0.144545 0.113036 0.146999 0.149718 0.115804 0.144596 0.108243 0.124454 0.139130 0.127668 0.114375 0.116453 0.139704 0.118185 0.096229 0.124132 0.114638 0.104244 0.073524 0.088833 0.027465 0.036340 0.054791 0.125515 0.136788 0.121646 0.108033 0.093913 0.067268 0.070829 0.044594 0.083497 0.081122 0.091789 0.024428 0.042751 0.089749 0.134471 0.010270 0.065792 0.059044 0.127235 0.132963
 711000.033771 10.084150 0.143810 0.119877 0.125230 0.104446 0.111261 0.112294 0.141842 0.134733 0.113888 0.108701 0.107115 0.137220 0.128088 0.146009 0.136119 0.105850 0.144681 0.141826 0.122887 0.137075 0.114170 0.132997 0.141367 0.122218 0.122761 0.117575 0.143717 0.124300 0.108471 0.123719 0.126197 0.097014 0.069902 0.076759 0.029153 0.023232 0.046320 0.122152 0.133152 0.114169 0.100429 0.106713 0.072537 0.059729 0.047888 0.078990 0.070799 0.090732 0.024916 0.059263 0.104721 0.135246 0.028183 0.067469 0.043728 0.127369 0.139449
 712000.033818 7.373027 0.143125 0.120736 0.124639 0.108869 0.116401 0.116430 0.139244 0.132574 0.116548 0.112458 0.108316 0.138797 0.131282 0.145827 0.137002 0.109037 0.140595 0.142495 0.127772 0.135119 0.119346 0.128910 0.137963 0.118496 0.118662 0.109978 0.139151 0.118143 0.105759 0.117645 0.124831 0.095149 0.069328 0.069533 0.024928 0.021017 0.042674 0.112809 0.128832 0.110785 0.091771 0.104219 0.076102 0.054612 0.048560 0.080989 0.066837 0.092942 0.032850 0.060755 0.103411 0.129151 0.030562 0.066757 0.036421 0.123306 0.140272
 713000.033866 2.957246 0.146439 0.122419 0.125780 0.107457 0.113947 0.115905 0.142041 0.133893 0.116537 0.109970 0.108695 0.135942 0.128759 0.144855 0.139285 0.107775 0.142271 0.144130 0.125053 0.137534 0.117778 0.133903 0.145366 0.127931 0.122011 0.116105 0.145741 0.121222 0.104487 0.126095 0.127143 0.104642 0.077600 0.080251 0.015787 0.027016 0.053253 0.121534 0.137640 0.120826 0.100279 0.105172 0.080367 0.065381 0.054745 0.088880 0.077483 0.099331 0.025948 0.059630 0.102882 0.137378 0.028819 0.072510 0.046270 0.131827 0.138222
 714000.033913 5.690431 0.143729 0.121080 0.124879 0.106887 0.112431 0.115019 0.140110 0.133026 0.115639 0.108658 0.108352 0.134826 0.127094 0.143421 0.137025 0.107672 0.140541 0.142353 0.122734 0.135615 0.115599 0.128670 0.138903 0.121625 0.118652 0.112707 0.140171 0.119250 0.103404 0.120431 0.122807 0.097927 0.070367 0.075231 0.021899 0.023023 0.045508 0.117463 0.131583 0.114051 0.096501 0.101757 0.073451 0.059099 0.047042 0.081913 0.070875 0.092345 0.026239 0.055743 0.100177 0.131832 0.023588 0.066672 0.044040 0.125088 0.136509
 715000.033961 2.395572 0.145313 0.121575 0.123200 0.106625 0.112616 0.114466 0.140444 0.131064 0.114004 0.109318 0.105026 0.133689 0.128319 0.142407 0.137680 0.105189 0.139062 0.141816 0.124151 0.135034 0.119550 0.136158 0.148132 0.131085 0.123501 0.116582 0.147878 0.120892 0.103390 0.128589 0.129407 0.109399 0.083467 0.083514 0.014209 0.028444 0.058652 0.123698 0.140454 0.124530 0.101497 0.105968 0.085366 0.068878 0.060193 0.093639 0.082568 0.104011 0.022529 0.063125 0.105174 0.140079 0.032552 0.078326 0.051317 0.134094 0.134950
 716000.034008 3.220957 0.144063 0.120072 0.121942 0.105579 0.111728 0.112935 0.139895 0.130487 0.112320 0.109338 0.104207 0.134485 0.128818 0.143021 0.136004 0.103608 0.139190 0.140563 0.123988 0.134012 0.119445 0.135560 0.147045 0.129623 0.123331 0.116650 0.147199 0.120700 0.103709 0.128009 0.129241 0.106743 0.080532 0.082372 0.016476 0.027577 0.056549 0.123115 0.139251 0.122518 0.101102 0.106066 0.083491 0.067393 0.058280 0.091161 0.080100 0.101184 0.021461 0.062794 0.104910 0.139400 0.030689 0.076366 0.050609 0.133402 0.135658
 717000.034056 6.583276 0.142371 0.118219 0.119193 0.102547 0.107032 0.108740 0.138928 0.129089 0.108218 0.106639 0.098958 0.131294 0.126652 0.140605 0.132745 0.100717 0.137159 0.137019 0.120179 0.132033 0.119898 0.139483 0.149323 0.132589 0.128422 0.120210 0.149833 0.125456 0.106649 0.131775 0.132945 0.109526 0.084237 0.086023 0.023555 0.028287 0.060853 0.129246 0.141307 0.124836 0.105127 0.109027 0.085830 0.068261 0.061396 0.092114 0.084237 0.103695 0.014047 0.067379 0.110697 0.142893 0.034758 0.081917 0.057453 0.135039 0.131391
 718000.034103 1.246488 0.149338 0.126175 0.127582 0.109255 0.112002 0.118169 0.143633 0.134501 0.118642 0.107964 0.110584 0.129404 0.124538 0.139778 0.142424 0.109124 0.139785 0.146161 0.121471 0.138607 0.117681 0.130144 0.146240 0.133242 0.116837 0.113714 0.144963 0.114621 0.094737 0.127421 0.122744 0.112633 0.085181 0.088755 0.010249 0.035793 0.062372 0.122864 0.141903 0.127926 0.103858 0.097767 0.084312 0.073990 0.059869 0.096458 0.086837 0.105222 0.023392 0.056095 0.096216 0.138616 0.026539 0.077767 0.058212 0.133649 0.131324
 719000.034151 2.830952 0.143567 0.120209 0.121691 0.105555 0.111025 0.113286 0.139066 0.129916 0.112304 0.108210 0.103987 0.133271 0.127443 0.141997 0.135875 0.103702 0.137804 0.140297 0.122748 0.133013 0.118633 0.135209 0.146830 0.130152 0.123523 0.116842 0.146929 0.121276 0.103643 0.128025 0.128619 0.107539 0.081087 0.083138 0.015446 0.027566 0.056719 0.123689 0.139159 0.122894 0.101413 0.105574 0.082824 0.067923 0.057625 0.091507 0.081119 0.101427 0.021935 0.061535 0.104188 0.139263 0.030115 0.076356 0.051930 0.132902 0.134112
 720000.034198 6.187001 0.142766 0.119261 0.121591 0.105936 0.113151 0.112964 0.139271 0.129979 0.111332 0.110496 0.102713 0.136316 0.130054 0.144134 0.134630 0.103808 0.139685 0.139149 0.125033 0.133221 0.119644 0.135716 0.144739 0.125355 0.124029 0.115623 0.146005 0.122598 0.107098 0.125197 0.130179 0.102597 0.077706 0.076829 0.022835 0.021107 0.051176 0.121058 0.136095 0.117777 0.097782 0.107688 0.081565 0.061106 0.056456 0.086685 0.074919 0.098696 0.020299 0.064536 0.107905 0.137774 0.031861 0.075810 0.045754 0.130345 0.136337
