660000.031348	-100.21 22.6632
661000.031396	-109.015 6.50362
662000.031443	-109.043 19.0387
663000.031491	-92.783 5.91099
664000.031538	-109.512 25.8464
665000.031586	-98.3098 26.8104
666000.031633	-106.482 12.7094
667000.031681	-99.3651 18.1609
668000.031728	-102.279 18.3652
669000.031776	-107.035 35.1842
670000.031823	-95.0675 32.4316
671000.031871	-114.872 9.65612
672000.031918	-97.2841 33.4357
673000.031966	-104.515 33.1384
674000.032013	-73.0591 13.7109
675000.032061	-109.909 24.9044
676000.032108	-99.4667 36.9616
677000.032156	-112.189 16.628
678000.032203	-103.238 15.7794
679000.032251	-90.6508 24.6366
680000.032298	-101.667 16.9942
681000.032346	-102.253 20.9612
682000.032393	-109.552 9.78817
683000.032441	-113.475 20.4263
684000.032488	-105.687 18.3029
685000.032536	-84.1696 21.2668
686000.032583	-96.1171 26.936
687000.032631	-85.6703 5.45026
688000.032678	-98.6988 25.0044
689000.032726	-103.946 14.5257
690000.032773	-107.426 32.7673
691000.032821	-96.3134 22.5307
692000.032868	-81.5534 11.7452
693000.032916	-104.908 17.6025
694000.032963	-93.6881 14.3918
695000.033011	-83.1275 18.2428
696000.033058	-102.24 20.4548
697000.033106	-109.404 19.205
698000.033153	-107.402 18.5545
699000.033201	-118.391 17.9034
700000.033248	-119.852 34.9966
701000.033296	-107.853 21.1074
702000.033343	-98.524 20.6755
703000.033391	-92.2023 18.9304
704000.033438	-107.441 12.2852
705000.033486	-74.3904 6.94856
706000.033533	-97.9496 23.2181
707000.033581	-95.0073 26.1047
708000.033628	-104.202 10.5913
709000.033676	-98.3723 24.2282
710000.033723	-95.3345 24.2003
711000.033771	-93.7207 35.3785
712000.033818	-92.5325 4.09655
713000.033866	-103.288 14.7787
714000.033913	-102.945 17.0536
715000.033961	-99.3834 16.111
716000.034008	-109.041 36.0377
717000.034056	-116.205 19.4692
718000.034103	-116.569 28.6173
719000.034151	-91.9706 -3.06831
720000.034198	-78.1969 21.5942
721000.034246	-95.9009 9.46797
722000.034293	-97.6944 11.5202
723000.034341	-99.7038 10.6073
724000.034388	-108.988 20.8967
725000.034436	-111.102 17.7184
726000.034483	-89.6556 9.23203
727000.034531	-98.5818 10.6098
728000.034578	-93.3656 26.2244
729000.034626	-105.503 32.1157
730000.034673	-106.639 11.6591
731000.034721	-82.6303 21.7546
732000.034768	-99.6275 25.723
733000.034816	-89.914 25.1057
734000.034863	-86.1459 22.8793
735000.034911	-103.623 15.237
736000.034958	-100.701 27.6848
737000.035006	-74.15 1.72268
738000.035053	-97.0099 25.9108
739000.035101	-103.072 18.2204
740000.035148	-106.882 18.3577
741000.035196	-88.6224 10.4457
742000.035243	-93.1964 13.4249
743000.035291	-108.28 17.3678
744000.035338	-105.683 16.9933
745000.035386	-102.614 23.9678
746000.035433	-117.662 14.9301
747000.035481	-98.3506 26.0787
748000.035528	-84.4267 13.0313
749000.035576	-102.511 12.9092
750000.035623	-95.6835 2.83503
751000.035671	-123.322 43.1032
752000.035718	-95.0415 14.1941
753000.035766	-105.38 29.9733
754000.035813	-112.779 30.5151
755000.035861	-104.581 21.231
756000.035908	-95.1217 9.0971
757000.035956	-100.756 12.4947
758000.036003	-98.9401 30.1206
759000.036051	-96.1146 17.2114
760000.036098	-115.172 8.50978
761000.036146	-90.8802 29.1744
762000.036193	-109.61 36.0534
763000.036241	-118.629 15.5181
764000.036288	-109.792 17.1005
765000.036336	-89.0065 9.0559
766000.036383	-104.708 19.1876
767000.036431	-103.489 26.4625
768000.036478	-87.1229 14.4568
769000.036526	-75.4943 9.69771
770000.036573	-85.1232 11.3735
771000.036621	-114.224 27.0234
772000.036668	-103.657 23.4587
773000.036716	-103.1 16.5561
774000.036763	-92.4588 21.464
775000.036811	-92.914 18.1528
776000.036858	-89.5054 14.5492
777000.036906	-110.676 12.8137
778000.036953	-86.2689 12.4087
779000.037001	-94.4189 24.7091
780000.037048	-73.3578 18.4845
