#! FIELDS time restraint.bias r0 r1 r2 r3 r4 r5 r6 r7 r8 r9 r10 r11 r12 r13 r14 r15 r16 r17 r18 r19 r20 r21 r22 r23 r24 r25 r26 r27 r28
 0.000000 0.000021 0.141134 0.119804 0.103508 0.109339 0.117433 0.140718 0.137226 0.148450 0.118594 0.135209 0.115037 0.124804 0.128882 0.111412 0.119661 0.113500 0.116911 0.081010 0.050308 0.074484 0.051180 0.110079 0.049041 0.047636 0.000021 0.043502 0.104505 0.142863 0.136729
 1000.000047 5.550331 0.140041 0.118299 0.102206 0.107890 0.118129 0.140535 0.136333 0.148037 0.116690 0.134641 0.115004 0.123072 0.126971 0.109939 0.119548 0.113161 0.115632 0.078318 0.047176 0.074251 0.052612 0.107821 0.049923 0.044517 0.010536 0.043010 0.103204 0.141024 0.137258
 2000.000095 7.202210 0.138987 0.117754 0.101529 0.106876 0.119567 0.141558 0.135246 0.147862 0.114803 0.134473 0.115484 0.119867 0.123414 0.107165 0.118561 0.112672 0.113048 0.074842 0.042787 0.074048 0.055626 0.104746 0.052240 0.040501 0.012002 0.038843 0.100304 0.137460 0.138169
 3000.000142 7.428029 0.136828 0.115949 0.103023 0.111712 0.115290 0.137316 0.140072 0.148718 0.120566 0.131881 0.114753 0.123153 0.125066 0.105234 0.116243 0.115832 0.112043 0.074174 0.044554 0.066646 0.053321 0.103448 0.043679 0.048495 0.012189 0.045693 0.105981 0.140489 0.133582
 4000.000190 7.000499 0.143642 0.123819 0.107216 0.108632 0.121150 0.143220 0.135717 0.147460 0.117979 0.138054 0.117604 0.121667 0.127122 0.112547 0.119393 0.110649 0.116386 0.084298 0.054014 0.079084 0.055079 0.112956 0.056821 0.047108 0.011833 0.040450 0.099054 0.141537 0.139281
 5000.000237 8.043834 0.140153 0.118786 0.105144 0.113719 0.115271 0.139593 0.142690 0.151110 0.124128 0.133255 0.113849 0.128873 0.130623 0.109725 0.120471 0.118466 0.117330 0.079379 0.051957 0.070463 0.054764 0.109473 0.045350 0.055892 0.012684 0.047458 0.110080 0.146514 0.134269
 6000.000285 8.865828 0.139702 0.117474 0.102744 0.111190 0.114395 0.138218 0.139603 0.148726 0.121325 0.132924 0.112820 0.128340 0.131302 0.111377 0.120455 0.115602 0.118293 0.080886 0.052632 0.072438 0.051114 0.110141 0.044879 0.053958 0.013316 0.049837 0.109527 0.145838 0.134209
 7000.000332 5.087845 0.139380 0.118672 0.104773 0.111927 0.117090 0.138393 0.138304 0.147333 0.120206 0.135030 0.116610 0.122271 0.126061 0.107313 0.115316 0.111966 0.112503 0.078228 0.049172 0.068784 0.050432 0.106473 0.044294 0.049169 0.010087 0.047786 0.104065 0.140508 0.135736
 8000.000380 17.054177 0.147090 0.126127 0.105000 0.103822 0.127126 0.146825 0.128646 0.145288 0.108655 0.143450 0.122141 0.118473 0.127388 0.116516 0.120362 0.106080 0.117523 0.088364 0.055257 0.085054 0.051235 0.115815 0.061187 0.036290 0.018468 0.040226 0.094082 0.137875 0.146052
 9000.000427 14.297738 0.138090 0.116425 0.103206 0.113895 0.116857 0.137891 0.141098 0.149780 0.121068 0.134032 0.117230 0.124472 0.126641 0.105440 0.115916 0.116170 0.112122 0.074663 0.045682 0.064807 0.051679 0.103569 0.040102 0.049698 0.016910 0.051295 0.108620 0.141379 0.135772
 10000.000475 6.170868 0.139523 0.118424 0.105403 0.113291 0.114587 0.138827 0.142197 0.150144 0.124702 0.132531 0.113338 0.127687 0.129708 0.109773 0.119932 0.117159 0.117052 0.078907 0.050681 0.070797 0.054194 0.108583 0.046170 0.054467 0.011109 0.047727 0.109195 0.145554 0.133529
 11000.000522 8.221609 0.141245 0.120179 0.103098 0.107602 0.121630 0.143733 0.136148 0.149566 0.115069 0.136656 0.117275 0.121212 0.125280 0.109343 0.120255 0.113874 0.114798 0.077441 0.045237 0.076058 0.056006 0.107548 0.054051 0.040737 0.012823 0.037346 0.100325 0.139298 0.140091
 12000.000570 4.420235 0.145145 0.123509 0.105256 0.108680 0.123085 0.145206 0.136164 0.150114 0.116098 0.139704 0.119364 0.123769 0.129486 0.114134 0.121505 0.112563 0.118374 0.083469 0.050760 0.078783 0.051909 0.112818 0.054247 0.041991 0.009402 0.040930 0.101789 0.142644 0.142229
 13000.000617 4.673605 0.138869 0.117451 0.102689 0.109908 0.116662 0.140033 0.138417 0.148768 0.119471 0.133640 0.114524 0.123531 0.126167 0.107879 0.118673 0.115398 0.114125 0.076058 0.045874 0.070808 0.054350 0.105483 0.048058 0.047113 0.009668 0.044330 0.105205 0.140734 0.136144
 14000.000665 13.009440 0.141392 0.118949 0.104584 0.115617 0.117173 0.139006 0.141799 0.151006 0.122590 0.136483 0.118748 0.128084 0.132036 0.111213 0.117481 0.115633 0.116447 0.081322 0.051655 0.067969 0.044938 0.109400 0.038259 0.051799 0.016130 0.054706 0.111073 0.145287 0.137220
 15000.000712 12.858104 0.138708 0.117577 0.102007 0.108208 0.120805 0.141654 0.135535 0.147736 0.114615 0.135720 0.117562 0.118445 0.121722 0.104647 0.116695 0.113072 0.110179 0.073110 0.042283 0.070773 0.056689 0.102520 0.051014 0.040955 0.016036 0.041405 0.100216 0.135782 0.139384
 16000.000760 10.174600 0.138249 0.117144 0.102343 0.109254 0.119518 0.141940 0.139090 0.150164 0.118052 0.133668 0.115260 0.121795 0.123329 0.105093 0.120095 0.116852 0.112992 0.071798 0.040835 0.071775 0.060208 0.102795 0.051941 0.043780 0.014265 0.039157 0.103631 0.139141 0.137853
 17000.000807 6.238439 0.142715 0.121297 0.104636 0.109321 0.120514 0.141535 0.135274 0.147309 0.116069 0.138027 0.118525 0.121882 0.127803 0.111550 0.117452 0.109574 0.115171 0.082626 0.051950 0.074986 0.048591 0.111188 0.049641 0.045208 0.011170 0.045446 0.100979 0.141041 0.139532
 18000.000855 14.143792 0.138779 0.117969 0.101231 0.106042 0.121116 0.143919 0.136387 0.149433 0.114515 0.134282 0.114765 0.120991 0.122641 0.106315 0.122249 0.117245 0.113949 0.073156 0.042156 0.076337 0.063364 0.104446 0.057651 0.041943 0.016819 0.032426 0.100774 0.138047 0.139199
 19000.000902 11.031073 0.139869 0.117878 0.101483 0.108629 0.121223 0.144277 0.138134 0.151575 0.116295 0.135212 0.116582 0.122040 0.124415 0.107022 0.121009 0.117081 0.114134 0.072430 0.039237 0.073467 0.058794 0.103443 0.053020 0.039779 0.014853 0.038355 0.103532 0.138758 0.140367
 20000.000950 2.908050 0.139682 0.117935 0.102765 0.110511 0.117111 0.140391 0.138818 0.149557 0.119502 0.134403 0.115106 0.124703 0.127385 0.108394 0.119010 0.115994 0.114858 0.076626 0.046200 0.070463 0.053084 0.106015 0.046473 0.047344 0.007626 0.044738 0.106413 0.141697 0.136525
 21000.000997 7.003099 0.140581 0.118693 0.103018 0.110133 0.118849 0.139977 0.136182 0.147689 0.116713 0.136427 0.117824 0.121815 0.126829 0.109112 0.116005 0.110942 0.113326 0.078953 0.048259 0.070705 0.047590 0.107305 0.045174 0.044693 0.011835 0.047578 0.103097 0.139742 0.138321
 22000.001045 12.237852 0.144188 0.121756 0.104247 0.110919 0.118702 0.140093 0.135402 0.147525 0.117336 0.138472 0.118923 0.126222 0.133614 0.116896 0.118404 0.108961 0.119533 0.088784 0.057515 0.076838 0.039296 0.116155 0.045820 0.048860 0.015645 0.053010 0.105416 0.144950 0.138698
 23000.001092 12.731282 0.143499 0.121599 0.102560 0.106107 0.123436 0.143382 0.131001 0.146026 0.110690 0.140085 0.120522 0.119338 0.126768 0.113152 0.118120 0.107614 0.115319 0.083434 0.050396 0.078412 0.046893 0.111341 0.053202 0.037234 0.015957 0.044375 0.097980 0.137798 0.142676
 24000.001140 2.369509 0.142410 0.120433 0.104293 0.111019 0.119073 0.142247 0.138985 0.150683 0.119381 0.136074 0.116697 0.125474 0.129802 0.111859 0.120102 0.113966 0.117452 0.080763 0.049604 0.074271 0.050451 0.110815 0.048437 0.046907 0.006884 0.044002 0.105295 0.143879 0.138454
 25000.001187 8.026092 0.143748 0.121898 0.104387 0.108807 0.120963 0.141690 0.134165 0.147032 0.115148 0.138979 0.119370 0.121722 0.129179 0.113942 0.117426 0.107499 0.116460 0.085170 0.053260 0.077022 0.044566 0.113001 0.049709 0.043031 0.012670 0.047139 0.100537 0.141088 0.140543
 26000.001235 7.100496 0.141161 0.120121 0.104685 0.110913 0.119466 0.143105 0.139639 0.150983 0.119870 0.135396 0.116130 0.124396 0.126982 0.109014 0.120551 0.116664 0.115499 0.077711 0.047985 0.073505 0.057435 0.108343 0.052112 0.048324 0.011917 0.040469 0.104370 0.142350 0.138133
 27000.001282 9.139604 0.139533 0.117694 0.101593 0.109199 0.119721 0.142409 0.138968 0.151402 0.117118 0.134735 0.116422 0.123928 0.125979 0.107542 0.120831 0.118430 0.114737 0.074176 0.041326 0.071936 0.056693 0.104363 0.050034 0.041973 0.013520 0.040303 0.105607 0.140606 0.138654
 28000.001330 3.284920 0.139342 0.117972 0.103534 0.110975 0.115324 0.138969 0.139705 0.149172 0.121137 0.133368 0.113894 0.126410 0.128862 0.109741 0.119653 0.116620 0.116282 0.078569 0.049145 0.070957 0.052737 0.107824 0.046120 0.050695 0.008105 0.045994 0.107579 0.143806 0.134499
 29000.001377 4.939626 0.142409 0.120779 0.104652 0.111910 0.119063 0.141964 0.138583 0.149908 0.119544 0.137373 0.117788 0.125300 0.129455 0.111048 0.118782 0.114516 0.115961 0.081291 0.051365 0.072296 0.050485 0.110177 0.047036 0.049016 0.009939 0.046522 0.105789 0.143052 0.138656
 30000.001425 3.639950 0.144076 0.121681 0.104591 0.110321 0.117323 0.141842 0.137644 0.149592 0.119950 0.136726 0.115381 0.128273 0.133656 0.116199 0.121268 0.113250 0.120718 0.086100 0.055766 0.077117 0.047335 0.114839 0.049029 0.051230 0.008532 0.047923 0.106948 0.146503 0.137820
 31000.001472 4.234753 0.143993 0.122134 0.103638 0.107436 0.121378 0.143886 0.135127 0.148913 0.115116 0.138369 0.117440 0.124077 0.129648 0.113932 0.121436 0.112103 0.118455 0.083500 0.051494 0.078818 0.051139 0.112717 0.053191 0.043512 0.009203 0.041160 0.101947 0.142577 0.140831
 32000.001520 8.792440 0.141097 0.118835 0.103288 0.111988 0.120029 0.142484 0.139305 0.151233 0.118870 0.136253 0.118124 0.123977 0.127277 0.108455 0.118723 0.115435 0.114502 0.076318 0.045035 0.070526 0.052484 0.106342 0.046981 0.044970 0.013261 0.045840 0.105999 0.141222 0.139386
 33000.001567 2.470838 0.140353 0.118665 0.102413 0.109150 0.117044 0.139879 0.136734 0.147941 0.117580 0.134858 0.115197 0.124791 0.128442 0.110217 0.118836 0.114139 0.115764 0.080154 0.049872 0.072393 0.050520 0.108924 0.046965 0.047612 0.007030 0.044891 0.105285 0.142110 0.136569
 34000.001615 8.742379 0.143935 0.121889 0.104575 0.111125 0.121737 0.142580 0.135964 0.148718 0.116794 0.140210 0.120792 0.123152 0.129420 0.112568 0.117705 0.110543 0.115871 0.082980 0.051170 0.073905 0.045837 0.110511 0.047114 0.043869 0.013223 0.049814 0.103812 0.141212 0.141618
 35000.001662 3.878298 0.142656 0.122054 0.105906 0.110212 0.119527 0.140995 0.135806 0.146812 0.118268 0.138164 0.118061 0.122188 0.127981 0.111834 0.117040 0.109566 0.115200 0.083574 0.053576 0.074672 0.048815 0.111414 0.049572 0.047718 0.008807 0.046363 0.101350 0.141370 0.138460
 36000.001710 16.764711 0.141720 0.119779 0.106246 0.115295 0.115104 0.136114 0.138786 0.146729 0.122655 0.136745 0.118431 0.126990 0.132995 0.113669 0.114307 0.110223 0.116305 0.086442 0.058708 0.068773 0.038435 0.112743 0.037565 0.056131 0.018311 0.059645 0.109051 0.145304 0.135220
 37000.001757 7.012299 0.139032 0.117264 0.101148 0.108686 0.118702 0.142606 0.139292 0.151141 0.118046 0.133323 0.113999 0.124760 0.126072 0.107412 0.122492 0.118780 0.115785 0.073673 0.042183 0.073453 0.059527 0.104974 0.051875 0.044730 0.011843 0.038590 0.105964 0.141465 0.137807
 38000.001805 12.350653 0.135784 0.114839 0.101403 0.110082 0.117200 0.139204 0.138407 0.148478 0.118168 0.132376 0.114956 0.119890 0.121011 0.101703 0.115957 0.116129 0.108969 0.068946 0.039381 0.066037 0.058551 0.098789 0.047378 0.045325 0.015717 0.043446 0.103888 0.136264 0.135684
 39000.001852 3.807105 0.142533 0.120258 0.102087 0.107342 0.119440 0.142804 0.135373 0.148751 0.115414 0.136498 0.115872 0.125440 0.129652 0.112869 0.121716 0.114480 0.118248 0.081936 0.050510 0.076820 0.052112 0.111463 0.051835 0.045134 0.008726 0.042053 0.104392 0.142889 0.139218
 40000.001900 7.786108 0.139667 0.118196 0.103929 0.112403 0.116632 0.141261 0.143278 0.152528 0.123429 0.132877 0.113638 0.128622 0.129207 0.108605 0.123009 0.121195 0.117602 0.075925 0.046535 0.071655 0.059378 0.106871 0.048871 0.051768 0.012479 0.043850 0.110386 0.145622 0.135700
 41000.001947 3.292804 0.141139 0.119635 0.103548 0.109774 0.117627 0.140767 0.138015 0.148724 0.119208 0.135300 0.115028 0.125658 0.129228 0.111104 0.120442 0.114516 0.117184 0.080719 0.050635 0.074199 0.052534 0.109879 0.048882 0.048888 0.008115 0.044942 0.105741 0.143548 0.137064
 42000.001995 7.779674 0.136353 0.114773 0.102249 0.112434 0.111583 0.135739 0.141076 0.148308 0.123204 0.130286 0.111596 0.127338 0.128178 0.106737 0.117943 0.118321 0.114472 0.075811 0.048615 0.065862 0.053366 0.104664 0.040845 0.054977 0.012474 0.050350 0.110867 0.143437 0.131168
 43000.002042 4.985485 0.141986 0.120836 0.103660 0.107826 0.119556 0.142047 0.134847 0.147493 0.116219 0.136553 0.116604 0.122128 0.127542 0.112435 0.119329 0.110864 0.116479 0.082205 0.050314 0.077478 0.050708 0.111091 0.052897 0.043827 0.009985 0.042305 0.100791 0.140752 0.138534
 44000.002090 6.066216 0.140730 0.119037 0.102210 0.108589 0.119075 0.142063 0.137820 0.149918 0.117115 0.134683 0.115054 0.125081 0.127890 0.109617 0.121489 0.115984 0.116824 0.078284 0.047265 0.074902 0.055733 0.108575 0.050933 0.046027 0.011015 0.040354 0.104970 0.142511 0.137980
 45000.002137 3.438650 0.142485 0.121502 0.103959 0.107721 0.120084 0.142526 0.135429 0.147946 0.116074 0.137129 0.116428 0.123458 0.128211 0.111997 0.120415 0.112610 0.116952 0.082349 0.051535 0.077248 0.053129 0.111467 0.052876 0.045767 0.008293 0.040586 0.101750 0.141932 0.138914
 46000.002185 4.088375 0.139014 0.118332 0.103562 0.109671 0.117253 0.140457 0.138699 0.149250 0.119443 0.133201 0.114396 0.123065 0.125657 0.107941 0.119154 0.115267 0.114559 0.076501 0.045762 0.072735 0.055860 0.106347 0.050509 0.046614 0.009043 0.040190 0.103596 0.140928 0.135576
 47000.002232 10.824508 0.140512 0.118477 0.101593 0.107622 0.119770 0.140363 0.133339 0.146050 0.113630 0.137328 0.118003 0.120317 0.126028 0.109908 0.116540 0.109647 0.113359 0.079455 0.048202 0.073069 0.047763 0.107233 0.047780 0.041759 0.014714 0.047402 0.101251 0.138020 0.139488
 48000.002280 7.999518 0.138997 0.117972 0.101463 0.107848 0.119745 0.141145 0.134672 0.147121 0.114501 0.135931 0.117073 0.119449 0.123265 0.106604 0.116921 0.112500 0.111554 0.075636 0.044145 0.071869 0.053724 0.104261 0.049853 0.041240 0.012649 0.042037 0.100651 0.136524 0.138688
 49000.002327 6.140015 0.141158 0.119118 0.101599 0.106739 0.119539 0.143317 0.136597 0.150050 0.116009 0.134511 0.114609 0.124380 0.127869 0.111708 0.123041 0.115547 0.118248 0.078654 0.045705 0.078126 0.055760 0.109419 0.054639 0.042030 0.011082 0.037791 0.103484 0.142017 0.138623
 50000.002375 3.158757 0.140284 0.118896 0.103186 0.109297 0.117421 0.140866 0.138599 0.149585 0.118813 0.134184 0.114511 0.125608 0.128384 0.110371 0.120986 0.116425 0.116870 0.079059 0.048724 0.073804 0.054404 0.109088 0.049875 0.048045 0.007948 0.041392 0.105415 0.143470 0.136240
 51000.002422 8.070273 0.140081 0.118772 0.104732 0.111995 0.117485 0.138714 0.137632 0.147670 0.119272 0.135555 0.117739 0.121979 0.126609 0.108320 0.114388 0.111289 0.112434 0.078820 0.049160 0.068522 0.047785 0.106710 0.043963 0.047804 0.012705 0.049450 0.103992 0.140074 0.136531
 52000.002470 5.117996 0.141225 0.119028 0.101543 0.108555 0.118962 0.141631 0.136700 0.149532 0.116085 0.135475 0.115880 0.125321 0.129168 0.111285 0.120844 0.114551 0.117422 0.079928 0.048136 0.074812 0.051061 0.109552 0.048794 0.044826 0.010117 0.043089 0.105240 0.142621 0.138296
 53000.002517 7.135031 0.138299 0.117056 0.103327 0.111885 0.116131 0.138471 0.139022 0.148250 0.120758 0.133964 0.115310 0.123135 0.125951 0.106479 0.116340 0.114191 0.112590 0.075422 0.046202 0.067689 0.051953 0.103907 0.043625 0.049133 0.011946 0.048647 0.106138 0.140174 0.135318
 54000.002565 6.268411 0.140571 0.118369 0.102043 0.109689 0.119114 0.142016 0.139065 0.150894 0.118313 0.135114 0.115755 0.125516 0.128421 0.110046 0.121845 0.116559 0.117164 0.077115 0.045010 0.073963 0.054101 0.107510 0.048935 0.044357 0.011197 0.042987 0.106458 0.142857 0.138374
 55000.002612 5.980182 0.143483 0.122095 0.104915 0.108981 0.121286 0.142468 0.135554 0.148100 0.116146 0.138162 0.118470 0.122851 0.128563 0.112490 0.119130 0.110552 0.116734 0.083184 0.051861 0.076742 0.050047 0.112108 0.051552 0.044711 0.010936 0.043819 0.101534 0.141971 0.139946
 56000.002660 3.890186 0.140614 0.119336 0.102968 0.108109 0.118229 0.139946 0.135054 0.146693 0.116124 0.135643 0.115949 0.122415 0.127274 0.110665 0.118065 0.111071 0.115274 0.080760 0.049987 0.074297 0.049548 0.109365 0.049054 0.045408 0.008821 0.044228 0.102036 0.140759 0.137046
 57000.002707 7.933335 0.140693 0.118663 0.102930 0.110637 0.118770 0.140094 0.137332 0.148964 0.117386 0.136166 0.118079 0.123615 0.128113 0.110255 0.117606 0.113230 0.114964 0.079340 0.047461 0.071258 0.047422 0.107818 0.045192 0.044264 0.012596 0.047646 0.105036 0.141275 0.137969
 58000.002755 13.436110 0.139290 0.117802 0.100781 0.107462 0.120414 0.144752 0.139549 0.152527 0.117244 0.133432 0.113694 0.125467 0.125891 0.108042 0.125757 0.121409 0.117481 0.072966 0.040690 0.077020 0.064042 0.105181 0.056782 0.043571 0.016393 0.033512 0.105844 0.141776 0.138849
 59000.002802 4.395020 0.139649 0.118920 0.103697 0.109481 0.118801 0.140671 0.137000 0.148089 0.117803 0.135395 0.116272 0.121352 0.124761 0.107254 0.117462 0.113327 0.112948 0.076393 0.045882 0.071461 0.054251 0.105298 0.049245 0.045033 0.009376 0.042462 0.102417 0.139118 0.137227
 60000.002850 12.366382 0.144033 0.122157 0.105725 0.112521 0.117731 0.139237 0.135579 0.146513 0.119051 0.139009 0.119353 0.125540 0.132981 0.115818 0.115744 0.108173 0.117540 0.088933 0.059213 0.074175 0.038546 0.115219 0.043806 0.052036 0.015727 0.055652 0.105450 0.144094 0.138069
 61000.002897 3.026073 0.140441 0.118885 0.102621 0.108678 0.116958 0.141623 0.138197 0.149763 0.119057 0.133707 0.113289 0.126224 0.128847 0.111202 0.122262 0.116900 0.118119 0.079272 0.048450 0.075604 0.055415 0.109230 0.051771 0.048147 0.007780 0.040724 0.105990 0.143528 0.136126
 62000.002945 5.995323 0.140541 0.119666 0.104206 0.110537 0.118581 0.142582 0.139530 0.150455 0.120288 0.135120 0.114994 0.124841 0.126896 0.108568 0.121008 0.117346 0.115538 0.077014 0.047802 0.073239 0.058420 0.107409 0.051636 0.049360 0.010950 0.041002 0.105145 0.142279 0.137390
 63000.002992 6.839003 0.144457 0.123703 0.105655 0.108073 0.120145 0.142024 0.133465 0.145593 0.116591 0.139686 0.117956 0.123305 0.130224 0.115607 0.119168 0.108736 0.118065 0.088109 0.057698 0.079554 0.048579 0.115211 0.053414 0.048214 0.011695 0.046954 0.100955 0.142568 0.139752
 64000.003040 7.992840 0.140261 0.118828 0.105018 0.113226 0.113648 0.136006 0.138272 0.146245 0.122171 0.134680 0.115425 0.126584 0.131395 0.112153 0.115491 0.111418 0.116115 0.084432 0.056640 0.069514 0.043165 0.111447 0.040021 0.055485 0.012643 0.054803 0.107977 0.144653 0.133467
 65000.003087 6.742659 0.138850 0.117151 0.102577 0.110801 0.115783 0.137525 0.136240 0.146049 0.118234 0.134545 0.115792 0.122442 0.126602 0.107718 0.114501 0.111161 0.112248 0.078602 0.050065 0.068048 0.047528 0.106467 0.042219 0.049530 0.011613 0.050282 0.104706 0.139778 0.135441
 66000.003135 4.466114 0.140118 0.118001 0.101600 0.109055 0.118904 0.141703 0.137930 0.150113 0.116946 0.134793 0.115675 0.124248 0.127193 0.108649 0.120177 0.115851 0.115431 0.076376 0.044801 0.072473 0.053919 0.106558 0.048428 0.044152 0.009451 0.041777 0.105251 0.141401 0.138225
 67000.003182 6.828086 0.138980 0.116971 0.102142 0.111159 0.117005 0.140368 0.139409 0.150053 0.119491 0.134185 0.115414 0.124458 0.126791 0.107194 0.118355 0.116877 0.113682 0.075168 0.045347 0.068740 0.053730 0.104721 0.045343 0.047866 0.011686 0.045709 0.106997 0.141076 0.136749
 68000.003230 3.134440 0.140221 0.118887 0.103786 0.110520 0.116661 0.139511 0.138160 0.148279 0.119846 0.135028 0.115427 0.124817 0.128367 0.110051 0.118561 0.114484 0.115490 0.079578 0.049566 0.071463 0.050977 0.108110 0.046417 0.048739 0.007918 0.046724 0.105795 0.142435 0.136058
 69000.003277 14.383780 0.140967 0.119735 0.101348 0.104962 0.123111 0.145512 0.134867 0.149385 0.112645 0.136656 0.116581 0.121408 0.124321 0.109394 0.123685 0.116621 0.115861 0.076207 0.043628 0.079128 0.061528 0.107112 0.059251 0.038425 0.016961 0.032910 0.100182 0.138670 0.141528
 70000.003325 5.561068 0.141904 0.120103 0.104475 0.112345 0.116482 0.141868 0.141693 0.151875 0.123117 0.134339 0.114125 0.129723 0.132312 0.113089 0.123200 0.118503 0.120279 0.081977 0.052097 0.075222 0.054239 0.112131 0.049279 0.052987 0.010546 0.045429 0.109819 0.147349 0.136200
 71000.003372 7.000468 0.139699 0.118824 0.102334 0.107436 0.120279 0.143421 0.137109 0.149803 0.116378 0.135061 0.115395 0.121870 0.124228 0.107620 0.121234 0.116665 0.114432 0.074595 0.042767 0.074858 0.059695 0.104995 0.054744 0.042078 0.011833 0.035890 0.102089 0.139058 0.138801
 72000.003420 6.022817 0.141942 0.119646 0.102162 0.107576 0.119046 0.140585 0.133334 0.146197 0.114447 0.136991 0.117110 0.122249 0.128647 0.112950 0.117830 0.108691 0.116250 0.083057 0.051477 0.075891 0.044994 0.111362 0.048614 0.043642 0.010975 0.046941 0.101713 0.140653 0.138801
 73000.003467 12.676594 0.139196 0.116737 0.098801 0.105566 0.121240 0.143901 0.135194 0.149942 0.112674 0.134802 0.115632 0.121747 0.124336 0.107767 0.122089 0.116610 0.114895 0.072719 0.038614 0.075357 0.058059 0.103686 0.053959 0.036613 0.015923 0.037039 0.102812 0.137818 0.140423
 74000.003515 4.760596 0.141348 0.120359 0.105166 0.110328 0.117397 0.139625 0.136857 0.147234 0.119438 0.136063 0.116461 0.123565 0.128541 0.111750 0.117483 0.111508 0.115716 0.082360 0.052356 0.073430 0.048869 0.110369 0.048263 0.048675 0.009758 0.047349 0.103500 0.142225 0.136503
 75000.003562 10.015888 0.138723 0.117817 0.100983 0.105882 0.121021 0.142826 0.134909 0.148266 0.113543 0.135143 0.116022 0.119271 0.122005 0.105984 0.119740 0.114954 0.112414 0.072953 0.040222 0.074251 0.059317 0.102770 0.054703 0.038101 0.014153 0.035920 0.100087 0.136191 0.139368
 76000.003610 4.923482 0.138252 0.116510 0.102672 0.111695 0.115146 0.138592 0.140029 0.149241 0.121191 0.132364 0.113655 0.125279 0.127389 0.107311 0.118205 0.115792 0.114499 0.075836 0.046879 0.068791 0.052888 0.105751 0.044062 0.050712 0.009923 0.046745 0.107557 0.142467 0.134374
 77000.003657 4.632924 0.141364 0.119854 0.102967 0.109045 0.120703 0.142872 0.137155 0.150011 0.116268 0.136901 0.117535 0.122704 0.126722 0.109445 0.119569 0.114365 0.115052 0.077888 0.045701 0.073877 0.053410 0.107250 0.050160 0.042344 0.009626 0.040626 0.102891 0.140420 0.139742
 78000.003705 8.287630 0.144730 0.123311 0.104896 0.109009 0.124111 0.144927 0.134560 0.148881 0.114259 0.140930 0.121232 0.120909 0.127635 0.112522 0.118640 0.109841 0.115601 0.083030 0.050455 0.077387 0.049596 0.111512 0.052532 0.040259 0.012874 0.042714 0.099421 0.139632 0.143247
 79000.003752 5.778559 0.141588 0.119573 0.101418 0.106157 0.118966 0.140917 0.132118 0.145208 0.113599 0.136819 0.116026 0.121597 0.127664 0.112112 0.118142 0.108640 0.115774 0.082516 0.051385 0.076694 0.048008 0.110441 0.050564 0.043673 0.010750 0.045670 0.101058 0.139400 0.139094
 80000.003800 10.949108 0.143827 0.122214 0.103115 0.106812 0.125071 0.146462 0.134253 0.149893 0.112246 0.139710 0.120093 0.120959 0.126184 0.111335 0.121365 0.113216 0.116014 0.079681 0.046026 0.078815 0.055488 0.109558 0.056338 0.036563 0.014798 0.036663 0.099426 0.138838 0.143779
 81000.003847 4.588715 0.142980 0.121083 0.103685 0.109812 0.120568 0.142553 0.136235 0.149064 0.116536 0.138081 0.118395 0.123332 0.128965 0.112148 0.118724 0.111270 0.116357 0.082131 0.050410 0.075128 0.048164 0.110872 0.048682 0.044209 0.009580 0.044852 0.102925 0.141564 0.140220
 82000.003895 8.019873 0.140156 0.119200 0.102605 0.107477 0.120546 0.144279 0.138137 0.150976 0.117122 0.134467 0.114884 0.122754 0.124896 0.108377 0.122715 0.117383 0.115906 0.074897 0.042307 0.076764 0.061131 0.105782 0.056482 0.041910 0.012665 0.033969 0.102597 0.140083 0.139097
 83000.003942 5.845309 0.143552 0.121125 0.102780 0.108154 0.121348 0.143620 0.134261 0.148448 0.114503 0.138632 0.118400 0.122723 0.128861 0.113047 0.119344 0.110606 0.116689 0.082298 0.050248 0.076682 0.048041 0.111364 0.050751 0.042212 0.010812 0.044385 0.101828 0.140706 0.141334
 84000.003990 7.186336 0.142514 0.121280 0.103300 0.106805 0.122603 0.144398 0.135638 0.149564 0.114301 0.137392 0.117708 0.121902 0.126429 0.110936 0.121503 0.113553 0.116484 0.079557 0.046499 0.078328 0.055821 0.109410 0.055477 0.039456 0.011989 0.036282 0.100402 0.140248 0.141076
 85000.004037 6.900742 0.143625 0.122551 0.104839 0.108608 0.122045 0.142458 0.133056 0.146051 0.114626 0.140035 0.120023 0.119888 0.127126 0.112432 0.116577 0.106870 0.114660 0.084002 0.052577 0.076594 0.046591 0.111594 0.051001 0.042741 0.011748 0.046255 0.098734 0.138980 0.141248
 86000.004085 5.045167 0.139736 0.117858 0.102012 0.109727 0.116842 0.139037 0.136749 0.147528 0.117815 0.135007 0.115453 0.124451 0.128358 0.109970 0.118359 0.113251 0.115513 0.079404 0.049051 0.071705 0.048954 0.107805 0.045090 0.047445 0.010045 0.047891 0.105823 0.141753 0.136330
 87000.004132 4.789965 0.144274 0.122955 0.104065 0.106908 0.121556 0.145232 0.135900 0.149890 0.115990 0.138100 0.116500 0.125605 0.130131 0.114763 0.124137 0.115262 0.120101 0.083712 0.051732 0.080959 0.055639 0.113579 0.056835 0.044800 0.009788 0.037410 0.102741 0.143808 0.140582
 88000.004180 6.490899 0.140389 0.119111 0.102268 0.107458 0.120217 0.142443 0.136490 0.149068 0.115526 0.135654 0.116182 0.122602 0.125847 0.109098 0.120890 0.115322 0.115256 0.077266 0.045453 0.075002 0.056181 0.107329 0.052694 0.042379 0.011394 0.038562 0.102269 0.140392 0.138755
 89000.004227 12.047597 0.145594 0.123710 0.104463 0.106521 0.119791 0.141386 0.130534 0.144213 0.114122 0.140101 0.118241 0.123684 0.132717 0.119469 0.118767 0.105263 0.120172 0.091989 0.060682 0.082082 0.040921 0.118546 0.053154 0.047410 0.015523 0.050752 0.100576 0.143190 0.140005
 90000.004275 7.619889 0.143029 0.122221 0.104646 0.108096 0.121359 0.141687 0.132997 0.145303 0.114771 0.139246 0.119054 0.120523 0.127015 0.111927 0.117158 0.107824 0.114825 0.084114 0.053460 0.076588 0.048859 0.111638 0.051712 0.044536 0.012345 0.046035 0.099409 0.139492 0.140332
 91000.004322 3.997956 0.141516 0.119423 0.101614 0.106732 0.120170 0.142505 0.134441 0.147899 0.114369 0.136515 0.116461 0.122292 0.127060 0.111195 0.120112 0.112112 0.116126 0.079522 0.046949 0.076242 0.051502 0.108867 0.051732 0.040717 0.008942 0.041718 0.101868 0.140006 0.139777
 92000.004370 4.735257 0.143204 0.121975 0.104120 0.106971 0.121081 0.143195 0.134681 0.148111 0.115007 0.137718 0.117411 0.122428 0.128224 0.113556 0.120566 0.111303 0.117513 0.083259 0.050948 0.079097 0.051485 0.112382 0.054541 0.042359 0.009732 0.039782 0.100035 0.141543 0.139845
 93000.004417 2.567013 0.141659 0.120562 0.104484 0.110610 0.119241 0.141952 0.138757 0.149921 0.119206 0.136643 0.116869 0.124683 0.128312 0.110387 0.120014 0.115197 0.116148 0.079863 0.049053 0.073568 0.053398 0.109149 0.049171 0.046982 0.007165 0.042793 0.104654 0.142792 0.138196
 94000.004465 5.189278 0.140937 0.119546 0.101827 0.105613 0.119920 0.142882 0.134643 0.147851 0.114459 0.135210 0.114718 0.122280 0.126041 0.110237 0.121416 0.113570 0.116266 0.078853 0.047187 0.077875 0.056671 0.108861 0.055296 0.042520 0.010188 0.036899 0.100988 0.140061 0.138863
 95000.004512 11.613141 0.144286 0.123967 0.105839 0.106825 0.124612 0.145141 0.134256 0.148026 0.113799 0.140280 0.120142 0.120227 0.126091 0.112380 0.120634 0.111378 0.116036 0.083057 0.051033 0.080209 0.056121 0.111830 0.058340 0.040558 0.015240 0.037594 0.097411 0.139813 0.142597
 96000.004560 6.571716 0.139709 0.117795 0.104154 0.112975 0.112789 0.137291 0.140404 0.148806 0.123405 0.132259 0.113047 0.128592 0.131653 0.111620 0.118415 0.115455 0.117633 0.081877 0.053813 0.070276 0.048437 0.110587 0.042768 0.055719 0.011464 0.051176 0.109978 0.146021 0.132643
 97000.004607 5.683224 0.140685 0.118758 0.103086 0.110670 0.118242 0.140358 0.138110 0.149136 0.118565 0.136075 0.116757 0.124354 0.128259 0.109596 0.118384 0.114073 0.115130 0.078581 0.047894 0.071150 0.050397 0.107232 0.045384 0.046481 0.010661 0.047199 0.105838 0.141814 0.137886
 98000.004655 7.986152 0.137100 0.116091 0.102795 0.111717 0.115221 0.137228 0.139182 0.147902 0.120444 0.132795 0.114582 0.122968 0.125310 0.105137 0.115470 0.114483 0.111726 0.074400 0.045813 0.066343 0.052549 0.102858 0.042296 0.049855 0.012638 0.048173 0.106318 0.139812 0.134103
 99000.004702 3.417702 0.139080 0.117507 0.102492 0.110548 0.117198 0.140172 0.138855 0.149491 0.119091 0.133985 0.115306 0.123900 0.126633 0.107756 0.118523 0.115584 0.114197 0.076071 0.045426 0.070233 0.052996 0.105791 0.046370 0.046605 0.008268 0.043935 0.105568 0.141196 0.136367
 100000.004750 8.895586 0.142450 0.120028 0.103415 0.110956 0.118464 0.139602 0.136324 0.147813 0.117385 0.137408 0.118424 0.124899 0.131126 0.113475 0.117489 0.110173 0.117110 0.084528 0.053314 0.073743 0.042282 0.112185 0.043992 0.047002 0.013338 0.051184 0.105380 0.143174 0.138417
 101000.004797 9.903246 0.144035 0.121818 0.104670 0.110761 0.119365 0.140345 0.135178 0.147374 0.116760 0.138824 0.119268 0.124858 0.132045 0.115145 0.117231 0.108669 0.117744 0.087079 0.056456 0.075139 0.040761 0.114611 0.045496 0.048310 0.014074 0.051601 0.104092 0.143683 0.139099
 102000.004845 4.583896 0.142049 0.119784 0.102724 0.109516 0.120258 0.142895 0.137598 0.150588 0.116971 0.136966 0.117703 0.124378 0.128650 0.111303 0.120444 0.114872 0.116652 0.079128 0.046289 0.074142 0.051072 0.108612 0.049113 0.042277 0.009575 0.043402 0.104781 0.141961 0.139952
 103000.004892 6.072515 0.137691 0.115708 0.101725 0.111036 0.114129 0.137551 0.139062 0.148195 0.120629 0.132063 0.113631 0.125314 0.127705 0.108343 0.118132 0.115749 0.114764 0.076862 0.047028 0.068829 0.050809 0.105852 0.043537 0.049468 0.011020 0.048676 0.107981 0.142106 0.133904
 104000.004940 6.702887 0.143060 0.121802 0.104252 0.107909 0.120128 0.141271 0.132924 0.145742 0.115186 0.138737 0.118530 0.121096 0.128380 0.114069 0.117272 0.107420 0.116194 0.085153 0.053288 0.077392 0.045110 0.112232 0.051056 0.043357 0.011578 0.046953 0.099928 0.140033 0.139591
 105000.004987 6.410463 0.143652 0.122450 0.103826 0.106354 0.122840 0.145349 0.135285 0.149317 0.114896 0.138103 0.117314 0.122901 0.127678 0.113040 0.123177 0.113510 0.118381 0.081689 0.048729 0.080939 0.056379 0.111654 0.057725 0.040673 0.011323 0.036353 0.100546 0.141449 0.141531
 106000.005035 7.193611 0.140208 0.119035 0.101510 0.106373 0.121052 0.143820 0.136254 0.149801 0.114823 0.135447 0.115819 0.122102 0.124883 0.108745 0.122218 0.116424 0.115554 0.075628 0.042222 0.076566 0.058778 0.105932 0.055314 0.039217 0.011995 0.035068 0.101874 0.139275 0.139623
 107000.005082 5.070253 0.140124 0.118341 0.103009 0.110665 0.117851 0.141800 0.139606 0.150650 0.120003 0.134231 0.114699 0.125536 0.127525 0.108494 0.120694 0.117282 0.115730 0.076091 0.046317 0.071713 0.056104 0.106719 0.049070 0.048574 0.010070 0.043184 0.106704 0.142609 0.137082
 108000.005130 8.630937 0.138912 0.117023 0.102336 0.111262 0.117352 0.139390 0.138326 0.148972 0.118978 0.134578 0.116599 0.123305 0.126376 0.107438 0.116957 0.114735 0.113238 0.075744 0.044704 0.068378 0.050525 0.104197 0.044242 0.045617 0.013138 0.048341 0.106448 0.139923 0.136766
 109000.005177 8.125570 0.139589 0.117503 0.102994 0.111914 0.113853 0.140436 0.142867 0.152258 0.123932 0.131296 0.110776 0.130937 0.131653 0.110656 0.123626 0.121305 0.119612 0.078215 0.050236 0.072746 0.057755 0.108991 0.048061 0.055753 0.012748 0.045158 0.112033 0.147413 0.133755
 110000.005225 9.026645 0.138873 0.117007 0.102981 0.111605 0.115550 0.136889 0.137647 0.146783 0.119635 0.134192 0.115904 0.124010 0.127969 0.108877 0.115746 0.112122 0.113962 0.079094 0.049743 0.068559 0.046638 0.106780 0.041526 0.049526 0.013436 0.051943 0.106690 0.141419 0.134935
 111000.005272 8.415518 0.140429 0.118439 0.103953 0.112913 0.116926 0.138611 0.138759 0.148416 0.120287 0.135532 0.117094 0.124898 0.129071 0.109531 0.116262 0.112553 0.114596 0.079929 0.050835 0.068881 0.046648 0.108422 0.041391 0.050475 0.012973 0.051630 0.107022 0.142659 0.136376
 112000.005320 6.761416 0.137062 0.115979 0.103173 0.112469 0.111947 0.135787 0.140314 0.147447 0.123308 0.130990 0.111852 0.126791 0.128529 0.107726 0.117466 0.116116 0.114812 0.077954 0.051001 0.067500 0.052041 0.106479 0.041738 0.055758 0.011629 0.050473 0.109444 0.143615 0.131290
 113000.005367 4.514091 0.138917 0.117742 0.103250 0.110952 0.117167 0.140926 0.140077 0.150351 0.120606 0.133400 0.114531 0.124167 0.125859 0.106722 0.119302 0.117219 0.114030 0.074524 0.044482 0.070140 0.056905 0.104648 0.048520 0.047907 0.009502 0.042405 0.105981 0.141194 0.136217
 114000.005415 7.562082 0.147053 0.125486 0.107275 0.110562 0.123470 0.145001 0.134836 0.148539 0.116824 0.142579 0.121727 0.122961 0.130843 0.116112 0.118498 0.108480 0.117663 0.087615 0.056329 0.078340 0.045720 0.115334 0.052219 0.045459 0.012298 0.047773 0.100861 0.142357 0.143283
 115000.005462 9.867982 0.141804 0.119504 0.103955 0.112649 0.119891 0.141784 0.138766 0.150466 0.119112 0.136709 0.118613 0.123818 0.128317 0.109746 0.117425 0.112500 0.114893 0.078792 0.047963 0.071158 0.048359 0.108267 0.045264 0.046364 0.014048 0.048428 0.105454 0.141524 0.139311
 116000.005510 7.767479 0.141215 0.118846 0.102997 0.111507 0.118379 0.141521 0.138857 0.150108 0.119500 0.135896 0.116270 0.125977 0.129177 0.109903 0.119812 0.115490 0.116202 0.078590 0.048899 0.071572 0.051760 0.108273 0.046171 0.049064 0.012464 0.047638 0.107473 0.143043 0.138083
 117000.005557 6.888712 0.141399 0.120469 0.103311 0.108178 0.121297 0.144213 0.137750 0.150524 0.116720 0.136176 0.116340 0.123563 0.126224 0.109182 0.122322 0.116913 0.116180 0.077484 0.045906 0.076464 0.059401 0.108003 0.054961 0.043788 0.011738 0.035771 0.102851 0.141201 0.139645
 118000.005605 4.990850 0.142503 0.121011 0.104828 0.110025 0.119344 0.140868 0.135591 0.147093 0.117635 0.137656 0.118030 0.121923 0.128298 0.112246 0.116759 0.108469 0.115421 0.082967 0.052092 0.074751 0.046205 0.111107 0.048324 0.045716 0.009991 0.047787 0.101646 0.141078 0.138871
 119000.005652 2.720866 0.143979 0.122731 0.105137 0.108934 0.121068 0.143944 0.136092 0.149097 0.117054 0.138622 0.117793 0.123633 0.129048 0.113319 0.120433 0.112322 0.117446 0.083243 0.052003 0.077632 0.051897 0.112359 0.053193 0.045475 0.007377 0.041544 0.101724 0.142413 0.140285
 120000.005700 5.925561 0.138909 0.116810 0.102428 0.111394 0.115980 0.139244 0.139273 0.149501 0.119757 0.133165 0.114653 0.124927 0.127548 0.107718 0.117679 0.115449 0.114178 0.076350 0.047264 0.068603 0.051607 0.106218 0.044060 0.049625 0.010886 0.046509 0.106921 0.142066 0.135412
#! FIELDS time restraint.bias r0 r1 r2 r3 r4 r5 r6 r7 r8 r9 r10 r11 r12 r13 r14 r15 r16 r17 r18 r19 r20 r21 r22 r23 r24 r25 r26 r27 r28
 120000.005700 5.925561 0.138909 0.116810 0.102428 0.111394 0.115980 0.139244 0.139273 0.149501 0.119757 0.133165 0.114653 0.124927 0.127548 0.107718 0.117679 0.115449 0.114178 0.076350 0.047264 0.068603 0.051607 0.106218 0.044060 0.049625 0.010886 0.046509 0.106921 0.142066 0.135412
 121000.005747 6.182136 0.144187 0.121726 0.104849 0.111439 0.120127 0.143235 0.139083 0.151636 0.119109 0.137585 0.117996 0.127744 0.132188 0.113991 0.121529 0.115495 0.119356 0.083144 0.052053 0.075040 0.049478 0.112929 0.048684 0.048228 0.011119 0.045889 0.107073 0.145869 0.139610
 122000.005795 5.151006 0.140228 0.119251 0.105513 0.112964 0.115433 0.137276 0.138634 0.147021 0.121887 0.134990 0.116273 0.124447 0.129182 0.110549 0.115451 0.111127 0.114917 0.082087 0.052987 0.069934 0.045733 0.109473 0.042472 0.051791 0.010150 0.051392 0.105924 0.142895 0.134598
 123000.005842 6.641614 0.141502 0.119491 0.103097 0.111449 0.119562 0.141722 0.138527 0.150307 0.118698 0.137170 0.118168 0.124869 0.128803 0.110378 0.119255 0.114918 0.115820 0.079011 0.047266 0.071782 0.049969 0.107844 0.045893 0.045060 0.011525 0.047327 0.106481 0.142035 0.139208
 124000.005890 4.944237 0.143590 0.122436 0.104524 0.108005 0.121555 0.143419 0.133978 0.147476 0.115124 0.138834 0.118311 0.121666 0.127615 0.112456 0.118716 0.109958 0.115913 0.082921 0.051739 0.077220 0.050415 0.111597 0.052958 0.043883 0.009944 0.042438 0.099846 0.140200 0.140586
 125000.005937 5.767617 0.138683 0.117585 0.103177 0.111585 0.116750 0.138199 0.137758 0.147585 0.119062 0.134793 0.116767 0.122361 0.125869 0.106806 0.114961 0.113050 0.111930 0.076896 0.047009 0.067304 0.049288 0.104827 0.042554 0.047536 0.010740 0.048606 0.105075 0.139514 0.135791
 126000.005985 4.815219 0.135561 0.114479 0.101136 0.109789 0.111463 0.134316 0.137046 0.145050 0.119718 0.130281 0.111698 0.123899 0.126233 0.106589 0.115403 0.113945 0.112723 0.076989 0.048826 0.066977 0.049883 0.104695 0.041436 0.051772 0.009813 0.049120 0.106704 0.140382 0.130726
 127000.006032 8.355476 0.139869 0.116831 0.101582 0.111856 0.114894 0.138553 0.139632 0.149670 0.120450 0.133486 0.114208 0.128407 0.131677 0.111300 0.119649 0.115661 0.117784 0.080126 0.050808 0.070661 0.047704 0.109492 0.041444 0.051790 0.012927 0.051114 0.110352 0.145310 0.135347
 128000.006080 4.179726 0.138974 0.118627 0.103972 0.109357 0.116506 0.139393 0.138182 0.147914 0.119650 0.133289 0.113814 0.123634 0.126286 0.108446 0.119165 0.114849 0.114913 0.078115 0.048772 0.072869 0.055786 0.107553 0.050256 0.049192 0.009143 0.041870 0.103784 0.141796 0.134712
 129000.006127 6.170772 0.142217 0.119500 0.101950 0.108752 0.118390 0.140592 0.134888 0.147730 0.115681 0.136536 0.116818 0.124558 0.130556 0.113666 0.118798 0.110356 0.117698 0.083401 0.051606 0.075427 0.043979 0.111865 0.046686 0.045115 0.011109 0.048217 0.104329 0.142481 0.138506
 130000.006175 19.851816 0.132285 0.111227 0.101580 0.114881 0.109419 0.134040 0.144619 0.149459 0.126284 0.126652 0.109837 0.126596 0.124527 0.100407 0.116541 0.122137 0.110623 0.068215 0.043841 0.059812 0.060196 0.098004 0.039052 0.058411 0.019926 0.051731 0.113376 0.141337 0.128471
 131000.006222 5.030843 0.142824 0.121341 0.104616 0.110075 0.119116 0.141196 0.137414 0.148518 0.118387 0.137719 0.117563 0.125833 0.130712 0.113563 0.120449 0.113609 0.118128 0.084244 0.053421 0.075608 0.049561 0.112630 0.048978 0.047946 0.010031 0.046497 0.105089 0.144466 0.138519
 132000.006270 5.558717 0.140390 0.118555 0.100823 0.106657 0.119504 0.143139 0.136080 0.149306 0.115248 0.134719 0.114519 0.123899 0.126760 0.109841 0.122407 0.116057 0.116718 0.077402 0.045613 0.076536 0.057073 0.108057 0.053758 0.043259 0.010544 0.037591 0.103461 0.140962 0.138724
 133000.006317 3.032138 0.142902 0.121544 0.105932 0.112731 0.118074 0.140993 0.139265 0.149436 0.121496 0.137342 0.117314 0.126237 0.130988 0.112661 0.118850 0.113243 0.117408 0.083589 0.053760 0.073319 0.048649 0.112005 0.046271 0.051032 0.007787 0.048426 0.106340 0.144751 0.137632
 134000.006365 10.190499 0.138164 0.115790 0.102055 0.112578 0.115240 0.138151 0.140126 0.149418 0.120807 0.133411 0.115291 0.125401 0.127808 0.107301 0.117223 0.116571 0.113591 0.075759 0.046785 0.066445 0.050781 0.104843 0.040976 0.050256 0.014276 0.050464 0.108901 0.142015 0.135128
 135000.006412 7.397838 0.141170 0.119549 0.104188 0.112330 0.118724 0.140850 0.138996 0.150043 0.119498 0.136491 0.118282 0.124344 0.128505 0.110057 0.117569 0.114295 0.114910 0.079679 0.048712 0.070751 0.048849 0.108349 0.045160 0.046926 0.012164 0.047408 0.105800 0.141989 0.137995
 136000.006460 3.536670 0.143580 0.122428 0.105369 0.109078 0.120895 0.142907 0.136332 0.148757 0.117485 0.138036 0.118001 0.122949 0.128767 0.113330 0.119791 0.110901 0.117390 0.083282 0.051215 0.077717 0.050373 0.112242 0.052541 0.043946 0.008410 0.042738 0.101340 0.142277 0.139807
 137000.006507 11.259771 0.140314 0.118757 0.101789 0.108777 0.121556 0.142266 0.135615 0.148811 0.114138 0.137157 0.118852 0.120469 0.124720 0.107572 0.117743 0.113008 0.112717 0.076476 0.044245 0.072463 0.052768 0.105483 0.049273 0.040075 0.015007 0.042553 0.101647 0.137814 0.140344
 138000.006555 5.291001 0.140800 0.119960 0.104510 0.110381 0.120039 0.140654 0.136673 0.147736 0.117361 0.136965 0.118472 0.120572 0.125430 0.108335 0.116151 0.110637 0.112834 0.078697 0.047603 0.071876 0.050317 0.107152 0.047686 0.043793 0.010287 0.044899 0.101354 0.139181 0.138570
 139000.006602 4.341918 0.140736 0.118828 0.103731 0.111566 0.118037 0.140397 0.138513 0.149371 0.119471 0.135428 0.116859 0.123922 0.127931 0.109335 0.117535 0.113274 0.114756 0.078450 0.047656 0.070620 0.049339 0.107575 0.045232 0.046713 0.009319 0.047051 0.105438 0.141686 0.137394
 140000.006650 11.386156 0.137513 0.116770 0.105004 0.114275 0.111786 0.135735 0.142973 0.149281 0.125752 0.130436 0.112190 0.129245 0.130061 0.108566 0.118923 0.119184 0.116487 0.078662 0.051906 0.067597 0.054154 0.107496 0.042671 0.057931 0.015090 0.050956 0.111938 0.146105 0.130210
 141000.006697 4.019997 0.140808 0.118907 0.103211 0.110339 0.115676 0.138720 0.136687 0.147212 0.119172 0.134579 0.115138 0.125353 0.130253 0.112582 0.117907 0.111676 0.117023 0.083119 0.052861 0.073213 0.045539 0.111347 0.045561 0.049690 0.008967 0.049128 0.105757 0.143351 0.135507
 142000.006745 7.034589 0.142849 0.121403 0.104129 0.108452 0.121444 0.142180 0.134599 0.147368 0.115027 0.138735 0.119136 0.121710 0.127491 0.111662 0.118287 0.110573 0.115303 0.082075 0.050490 0.075398 0.049542 0.110377 0.050682 0.042683 0.011861 0.044846 0.101073 0.140344 0.140461
 143000.006792 4.538823 0.141331 0.119760 0.104304 0.111357 0.117251 0.139162 0.137296 0.147637 0.119236 0.136482 0.117350 0.124146 0.129635 0.112076 0.116855 0.111047 0.115782 0.082756 0.052243 0.072261 0.044901 0.110591 0.044426 0.048140 0.009528 0.049689 0.104723 0.142614 0.136978
 144000.006840 4.250131 0.142609 0.121263 0.104713 0.109953 0.118571 0.140427 0.136549 0.147761 0.118094 0.137080 0.117285 0.124213 0.130365 0.113912 0.118816 0.110386 0.117791 0.085067 0.053670 0.076493 0.046364 0.113220 0.048616 0.047024 0.009220 0.046354 0.103084 0.143553 0.137712
 145000.006887 11.981465 0.141567 0.119461 0.101596 0.106673 0.122232 0.145137 0.137157 0.151112 0.114932 0.135971 0.116090 0.123851 0.126677 0.109996 0.124169 0.117228 0.117463 0.076434 0.043524 0.078185 0.059817 0.107650 0.056282 0.040371 0.015480 0.035974 0.103338 0.141194 0.141134
 146000.006935 13.491407 0.138903 0.117287 0.104964 0.115569 0.114820 0.136344 0.141233 0.149048 0.122932 0.133966 0.117194 0.125441 0.128934 0.107867 0.113728 0.114144 0.112920 0.078690 0.050743 0.064278 0.045995 0.106386 0.036969 0.053562 0.016426 0.054364 0.109121 0.142803 0.133974
 147000.006982 5.399014 0.140587 0.119536 0.104480 0.111734 0.117874 0.141001 0.138769 0.149405 0.120076 0.135236 0.116285 0.123588 0.127269 0.108915 0.117609 0.113740 0.114386 0.078912 0.049264 0.071648 0.052208 0.108220 0.047598 0.049090 0.010391 0.044746 0.104326 0.141494 0.136902
 148000.007030 9.914287 0.135465 0.115359 0.102468 0.109024 0.113809 0.137525 0.139306 0.147887 0.120555 0.129605 0.111023 0.123153 0.123741 0.104930 0.118988 0.117792 0.113043 0.073218 0.044748 0.070436 0.060223 0.103038 0.050373 0.050256 0.014081 0.040684 0.105048 0.140154 0.131647
 149000.007077 14.029995 0.145846 0.123860 0.105125 0.108817 0.123769 0.143723 0.132751 0.147042 0.113308 0.141422 0.121493 0.121639 0.129790 0.115016 0.117868 0.106547 0.117020 0.086951 0.055524 0.078845 0.044798 0.114955 0.051710 0.043636 0.016751 0.047958 0.099720 0.140886 0.143002
 150000.007125 6.209143 0.141590 0.119040 0.103346 0.111001 0.116235 0.138601 0.137518 0.147995 0.119188 0.135404 0.116179 0.126695 0.131859 0.113489 0.118338 0.112128 0.117930 0.083894 0.053536 0.072724 0.043725 0.112048 0.043510 0.049663 0.011144 0.051188 0.107254 0.144793 0.136402
 151000.007172 10.009866 0.142665 0.121313 0.106615 0.114002 0.115201 0.137812 0.138558 0.147210 0.122636 0.136529 0.116971 0.127943 0.133367 0.114507 0.116631 0.111665 0.117893 0.087807 0.059795 0.072008 0.043044 0.114902 0.042538 0.056758 0.014149 0.055048 0.108166 0.146446 0.135019
 152000.007220 2.047755 0.141172 0.119380 0.102603 0.107841 0.116145 0.140061 0.136223 0.147829 0.117700 0.134347 0.113618 0.126381 0.130665 0.113636 0.121032 0.113930 0.118907 0.083172 0.052603 0.076332 0.050064 0.112234 0.049944 0.048795 0.006400 0.044014 0.105181 0.144404 0.135696
 153000.007267 8.269554 0.142565 0.120593 0.104402 0.111582 0.120447 0.141278 0.137300 0.149157 0.117493 0.138465 0.119843 0.123357 0.128769 0.110703 0.116920 0.111912 0.114716 0.081117 0.050058 0.071525 0.046969 0.109290 0.045024 0.045232 0.012860 0.048649 0.104382 0.141483 0.139893
 154000.007315 7.415751 0.143074 0.122193 0.105207 0.108236 0.120528 0.140886 0.132600 0.144880 0.114977 0.138903 0.119136 0.119663 0.127184 0.112942 0.115609 0.105826 0.114640 0.085258 0.054291 0.076661 0.045490 0.112466 0.051164 0.044308 0.012178 0.046837 0.098135 0.139359 0.139492
 155000.007362 7.447086 0.141580 0.119868 0.104992 0.112706 0.117963 0.143338 0.143996 0.154331 0.123698 0.133823 0.114296 0.129951 0.130823 0.110742 0.124786 0.122135 0.119694 0.077822 0.047844 0.074193 0.059945 0.109429 0.051420 0.051802 0.012204 0.041219 0.110437 0.147436 0.136833
 156000.007410 6.517276 0.140256 0.118321 0.101757 0.107898 0.119895 0.142962 0.137433 0.150086 0.116322 0.134837 0.115465 0.122924 0.126047 0.109004 0.121298 0.115440 0.115644 0.076120 0.044043 0.075204 0.056483 0.106958 0.052570 0.042128 0.011417 0.038260 0.102989 0.140582 0.138986
 157000.007457 9.927942 0.140592 0.119372 0.102919 0.107749 0.120576 0.141360 0.136050 0.148340 0.115182 0.136281 0.117445 0.121863 0.126215 0.110034 0.119684 0.113146 0.115331 0.078716 0.046573 0.075281 0.053285 0.107962 0.051590 0.041488 0.014091 0.041764 0.101830 0.140324 0.138808
 158000.007505 13.762527 0.138771 0.115254 0.100640 0.112161 0.114428 0.137168 0.138738 0.148694 0.119686 0.132966 0.114911 0.127127 0.130668 0.110377 0.117656 0.114408 0.116198 0.079032 0.049646 0.068520 0.044877 0.107826 0.039082 0.050822 0.016591 0.054242 0.110400 0.143627 0.134946
 159000.007552 6.935125 0.139975 0.117455 0.102520 0.112019 0.115686 0.139663 0.139960 0.150131 0.120755 0.134132 0.114704 0.127523 0.130044 0.109727 0.119396 0.117181 0.116185 0.078474 0.049705 0.069303 0.050913 0.107928 0.043233 0.051802 0.011777 0.048986 0.109418 0.144220 0.135807
 160000.007600 4.423194 0.140653 0.118387 0.102179 0.109668 0.118792 0.141170 0.137070 0.148989 0.117333 0.135743 0.116493 0.123406 0.127482 0.109530 0.118645 0.113176 0.115069 0.077823 0.046399 0.072183 0.050343 0.107173 0.046901 0.044322 0.009406 0.045484 0.104651 0.140839 0.138517
 161000.007647 5.594893 0.143722 0.121351 0.102671 0.108132 0.121142 0.144056 0.135446 0.149978 0.115022 0.137854 0.117757 0.124828 0.130167 0.113943 0.121484 0.113257 0.118711 0.082658 0.049806 0.077943 0.049890 0.112112 0.051911 0.042525 0.010578 0.042153 0.103599 0.142516 0.140750
 162000.007695 7.713322 0.141860 0.119782 0.101986 0.108065 0.121773 0.143772 0.136100 0.150330 0.114501 0.137345 0.118133 0.122474 0.127048 0.110452 0.120308 0.113974 0.115796 0.078142 0.044694 0.075399 0.052510 0.107740 0.051130 0.039281 0.012420 0.040255 0.102415 0.139963 0.141012
 163000.007742 3.887778 0.142029 0.120303 0.103182 0.109081 0.119186 0.142426 0.136442 0.149126 0.117032 0.136288 0.116488 0.124073 0.128580 0.111735 0.119742 0.113317 0.116647 0.081110 0.049800 0.075294 0.051049 0.110492 0.050507 0.045578 0.008818 0.042690 0.103435 0.141898 0.138677
 164000.007790 5.169810 0.143550 0.121900 0.104324 0.109513 0.122332 0.144199 0.136912 0.149976 0.116592 0.138740 0.119118 0.123373 0.128286 0.111896 0.120662 0.113272 0.116833 0.081243 0.048791 0.076424 0.052370 0.110582 0.052110 0.042273 0.010168 0.042058 0.102775 0.141747 0.141477
 165000.007837 6.345983 0.139189 0.117409 0.101706 0.108801 0.118407 0.140434 0.137318 0.148599 0.116948 0.134507 0.115920 0.122426 0.125900 0.108313 0.118992 0.114167 0.114337 0.076579 0.044595 0.072449 0.053050 0.105967 0.048575 0.042787 0.011266 0.043078 0.103811 0.140102 0.137657
 166000.007885 7.084728 0.141627 0.120161 0.104074 0.110900 0.119760 0.142972 0.139534 0.151192 0.119182 0.136363 0.116970 0.125522 0.128267 0.109910 0.121055 0.117487 0.116235 0.078684 0.048361 0.073208 0.055713 0.108883 0.050244 0.047564 0.011904 0.041962 0.105702 0.143117 0.138699
 167000.007932 2.349327 0.142588 0.120937 0.103906 0.109076 0.118222 0.141758 0.136444 0.148540 0.118060 0.136689 0.116022 0.125292 0.130068 0.113271 0.120125 0.113385 0.117835 0.083015 0.052079 0.075752 0.050348 0.111475 0.050293 0.047486 0.006855 0.044972 0.104560 0.143233 0.138147
 168000.007980 5.418755 0.140813 0.119047 0.103803 0.112286 0.117706 0.141085 0.140122 0.150796 0.120759 0.135481 0.116522 0.125985 0.128945 0.109533 0.119082 0.116687 0.115569 0.078466 0.048303 0.070241 0.051851 0.107718 0.045514 0.049019 0.010410 0.046505 0.107577 0.143062 0.137323
 169000.008027 8.250620 0.142134 0.119883 0.101770 0.107465 0.121324 0.143098 0.134629 0.148495 0.113899 0.137632 0.118193 0.122053 0.127265 0.111253 0.119680 0.112192 0.115711 0.080126 0.047297 0.075978 0.051113 0.109127 0.051390 0.039806 0.012846 0.042991 0.101992 0.139725 0.141174
 170000.008075 7.742498 0.143971 0.122006 0.105114 0.111026 0.122327 0.143911 0.136925 0.149680 0.117311 0.139805 0.120443 0.122506 0.128248 0.111625 0.118259 0.111554 0.115213 0.081403 0.050029 0.074124 0.049621 0.110236 0.049568 0.043594 0.012444 0.046471 0.102658 0.140998 0.142159
 171000.008122 17.116168 0.138420 0.115865 0.099452 0.108067 0.120598 0.143579 0.137305 0.151010 0.114959 0.134131 0.115934 0.121878 0.123661 0.105667 0.120743 0.117818 0.113168 0.070590 0.038016 0.072150 0.059173 0.101905 0.052236 0.040152 0.018502 0.039796 0.104247 0.137687 0.139884
 172000.008170 7.553846 0.144659 0.122919 0.105108 0.110057 0.123017 0.144645 0.136754 0.149865 0.116688 0.139893 0.119824 0.123632 0.129309 0.113076 0.120600 0.111864 0.117451 0.083073 0.051376 0.077471 0.050881 0.112373 0.052021 0.043963 0.012291 0.043938 0.102459 0.142431 0.142260
 173000.008217 5.103334 0.143437 0.121749 0.105759 0.112364 0.118635 0.141374 0.138204 0.149395 0.120080 0.137086 0.117618 0.125632 0.130767 0.112424 0.117716 0.111819 0.116864 0.083799 0.054305 0.073221 0.047571 0.112621 0.046617 0.050998 0.010103 0.048227 0.105366 0.144109 0.138118
 174000.008265 7.044651 0.139722 0.117922 0.103860 0.112998 0.114250 0.136813 0.139477 0.148169 0.121716 0.133956 0.115595 0.127081 0.131066 0.111569 0.117070 0.114063 0.116511 0.082171 0.052650 0.069447 0.044603 0.109905 0.040382 0.052159 0.011870 0.052274 0.108919 0.144557 0.133909
 175000.008312 5.159977 0.143314 0.121599 0.104403 0.109154 0.119603 0.141438 0.133927 0.146456 0.116442 0.138411 0.118255 0.121988 0.128911 0.113485 0.116815 0.107818 0.115974 0.084530 0.053379 0.075817 0.044918 0.112085 0.049332 0.045248 0.010159 0.048290 0.101392 0.140661 0.139579
 176000.008360 5.831682 0.138569 0.117290 0.104070 0.112736 0.114455 0.137572 0.141192 0.149296 0.122582 0.132411 0.113952 0.126773 0.128686 0.107960 0.118009 0.116877 0.115117 0.077665 0.049442 0.067949 0.052688 0.106632 0.043082 0.053163 0.010800 0.048241 0.109080 0.144008 0.133468
 177000.008407 7.372737 0.139052 0.117201 0.102701 0.112227 0.117658 0.141410 0.142121 0.152571 0.121248 0.133053 0.115055 0.126103 0.127404 0.107339 0.120843 0.119027 0.115642 0.074005 0.042815 0.070409 0.056400 0.105116 0.047136 0.047470 0.012143 0.042780 0.108239 0.143083 0.136573
 178000.008455 4.871571 0.141261 0.118403 0.101443 0.107822 0.117220 0.140264 0.135406 0.147568 0.116396 0.134780 0.114616 0.125020 0.129991 0.112996 0.120060 0.111696 0.118068 0.081900 0.050654 0.075771 0.047677 0.111055 0.048543 0.046030 0.009871 0.046559 0.104880 0.142979 0.137341
 179000.008502 10.376101 0.138910 0.117558 0.104323 0.112818 0.111901 0.135255 0.139572 0.146998 0.123118 0.131577 0.112972 0.128490 0.131849 0.112201 0.117769 0.114189 0.117822 0.083791 0.056156 0.070751 0.046962 0.112100 0.042370 0.057068 0.014406 0.053028 0.109622 0.146537 0.130990
 180000.008550 7.485935 0.138556 0.116718 0.102677 0.112428 0.115370 0.140153 0.141622 0.151333 0.122427 0.131637 0.112968 0.126760 0.127754 0.106891 0.119851 0.118411 0.115422 0.074606 0.045720 0.069478 0.056620 0.105351 0.046243 0.051788 0.012236 0.045150 0.109294 0.143217 0.134661
 181000.008597 5.457698 0.141858 0.120493 0.103767 0.109285 0.121263 0.142899 0.135851 0.148825 0.115974 0.137670 0.118471 0.121136 0.125944 0.109385 0.117817 0.111768 0.113910 0.078391 0.046660 0.073469 0.051409 0.107452 0.050149 0.042105 0.010448 0.042853 0.101290 0.139021 0.140258
 182000.008645 14.631403 0.143023 0.121684 0.103787 0.108601 0.125150 0.145052 0.134493 0.149023 0.113078 0.140326 0.121898 0.118845 0.124715 0.109794 0.118272 0.110928 0.113366 0.078944 0.045525 0.075765 0.052322 0.107656 0.053388 0.036066 0.017106 0.042196 0.098860 0.137008 0.143874
 183000.008692 4.911640 0.141164 0.119254 0.104852 0.113433 0.117493 0.141755 0.142108 0.152037 0.123024 0.134709 0.115428 0.127371 0.129594 0.109548 0.120590 0.117650 0.116827 0.077661 0.048451 0.070903 0.054466 0.108163 0.046748 0.051451 0.009911 0.046208 0.108909 0.144915 0.136904
 184000.008740 10.090678 0.141073 0.120522 0.106581 0.112765 0.117057 0.139175 0.137744 0.147284 0.121140 0.136135 0.117559 0.122642 0.127569 0.109984 0.114504 0.110957 0.113306 0.081803 0.053353 0.070162 0.048438 0.109052 0.046390 0.051629 0.014206 0.050403 0.103758 0.140961 0.136191
 185000.008787 2.943512 0.142889 0.121349 0.104307 0.109125 0.120903 0.143797 0.136740 0.149636 0.117135 0.137433 0.117371 0.122862 0.127776 0.111733 0.120045 0.112417 0.116477 0.080605 0.049034 0.076480 0.052530 0.110454 0.052521 0.043848 0.007673 0.040842 0.101806 0.141448 0.140142
 186000.008835 4.042763 0.138988 0.118187 0.103617 0.110027 0.115822 0.137877 0.137321 0.146669 0.119238 0.133694 0.114587 0.123197 0.126872 0.108428 0.116806 0.112385 0.114074 0.079244 0.049909 0.071154 0.051241 0.107595 0.046060 0.049262 0.008992 0.046181 0.104187 0.141246 0.134623
 187000.008882 7.860955 0.145024 0.122818 0.103435 0.106600 0.121697 0.143166 0.132796 0.147386 0.113287 0.139459 0.118814 0.123484 0.131108 0.116894 0.120613 0.108663 0.119604 0.087273 0.054152 0.080890 0.045281 0.115437 0.053099 0.041536 0.012539 0.045101 0.100841 0.142569 0.141431
 188000.008930 3.842917 0.139244 0.117978 0.102439 0.108767 0.116945 0.140553 0.136707 0.147881 0.118250 0.133651 0.113905 0.122875 0.125965 0.108634 0.118891 0.113689 0.114618 0.077195 0.047125 0.073099 0.054053 0.106905 0.050182 0.047042 0.008767 0.042700 0.103439 0.140272 0.136086
 189000.008977 2.407126 0.143115 0.121832 0.104525 0.108433 0.120192 0.142913 0.135956 0.148490 0.117297 0.137452 0.116780 0.123832 0.128745 0.112827 0.120594 0.112437 0.117569 0.082426 0.050984 0.077289 0.052107 0.111448 0.052859 0.045177 0.006938 0.042235 0.102539 0.142292 0.139285
 190000.009025 8.219131 0.143151 0.122298 0.104317 0.107724 0.124106 0.144508 0.134199 0.147993 0.113685 0.139834 0.120354 0.119373 0.125163 0.110563 0.118956 0.110455 0.114365 0.080480 0.047797 0.077266 0.053289 0.109291 0.054531 0.038262 0.012821 0.040120 0.098355 0.138125 0.142677
 191000.009072 4.964939 0.141419 0.120603 0.105048 0.110354 0.119008 0.142976 0.138728 0.150007 0.120205 0.136115 0.115720 0.123875 0.127044 0.109769 0.120291 0.115626 0.115594 0.078384 0.048564 0.074220 0.056733 0.107947 0.052438 0.048214 0.009965 0.041684 0.103904 0.141665 0.138093
 192000.009120 7.723480 0.145213 0.123366 0.104177 0.106235 0.119912 0.142581 0.131853 0.145737 0.114569 0.138823 0.116917 0.123747 0.131675 0.117926 0.120005 0.107201 0.120086 0.089511 0.057985 0.082189 0.045804 0.117258 0.054778 0.046451 0.012429 0.046346 0.100475 0.143155 0.139943
 193000.009167 3.391511 0.143243 0.121759 0.105135 0.111137 0.120631 0.144308 0.140138 0.152100 0.120308 0.137313 0.117213 0.126357 0.129618 0.111601 0.122416 0.117143 0.118092 0.080036 0.048539 0.075384 0.055575 0.110130 0.051596 0.046679 0.008236 0.041454 0.106045 0.144226 0.139863
 194000.009215 3.123871 0.144879 0.122795 0.105583 0.111406 0.119393 0.142665 0.137954 0.149812 0.119788 0.138494 0.117630 0.127246 0.132965 0.115565 0.120644 0.112366 0.119799 0.086137 0.055676 0.076693 0.047008 0.115068 0.048676 0.050159 0.007904 0.047952 0.105999 0.146037 0.139385
 195000.009262 11.884351 0.140427 0.118798 0.101708 0.108057 0.121261 0.145155 0.138560 0.151983 0.116760 0.135194 0.115526 0.124303 0.125482 0.107639 0.123650 0.120101 0.115830 0.073582 0.041738 0.075120 0.062420 0.104962 0.055558 0.042891 0.015417 0.035733 0.104992 0.140530 0.140117
 196000.009310 5.317695 0.143964 0.123053 0.104718 0.108048 0.123350 0.146111 0.136780 0.150716 0.116031 0.138780 0.118191 0.123417 0.127665 0.112004 0.122829 0.115062 0.117674 0.080810 0.048400 0.079208 0.057420 0.110798 0.056756 0.042234 0.010313 0.035771 0.101395 0.141695 0.141967
 197000.009357 3.529499 0.142783 0.121384 0.103947 0.108436 0.120907 0.143619 0.136180 0.149107 0.116494 0.137850 0.117330 0.123377 0.127749 0.111177 0.120408 0.113843 0.116213 0.080408 0.049121 0.075722 0.053882 0.109543 0.052432 0.044332 0.008402 0.041306 0.102568 0.141271 0.140294
 198000.009404 3.263548 0.143166 0.121835 0.104074 0.107402 0.120002 0.142275 0.134345 0.147257 0.115898 0.137699 0.116890 0.123253 0.128989 0.113698 0.119965 0.110851 0.117635 0.083789 0.052111 0.078005 0.049824 0.112195 0.052657 0.044426 0.008079 0.043283 0.101608 0.141789 0.139213
 199000.009452 3.344159 0.141628 0.119172 0.101559 0.107631 0.118540 0.141078 0.134577 0.147603 0.115142 0.136082 0.116017 0.123755 0.129026 0.112478 0.119299 0.111321 0.116964 0.081622 0.049825 0.075435 0.047449 0.110494 0.048701 0.043783 0.008178 0.044921 0.103378 0.141505 0.138441
 200000.009499 9.425764 0.142886 0.121039 0.102670 0.107705 0.122750 0.143817 0.133849 0.148154 0.113074 0.139342 0.119677 0.121420 0.126929 0.111355 0.119227 0.111765 0.115111 0.080648 0.048384 0.075868 0.050680 0.109466 0.051765 0.040067 0.013730 0.043081 0.100794 0.139192 0.142033
 201000.009547 9.949229 0.139281 0.116574 0.101265 0.111627 0.117047 0.140493 0.140509 0.151622 0.119845 0.133837 0.115788 0.126809 0.128971 0.109113 0.120383 0.118670 0.116165 0.075929 0.044103 0.069849 0.051960 0.105676 0.044539 0.046356 0.014106 0.047416 0.109674 0.142985 0.136966
 202000.009594 6.079159 0.141669 0.120609 0.103098 0.106573 0.121537 0.143342 0.134270 0.147693 0.114148 0.137118 0.117339 0.120622 0.125249 0.110194 0.119850 0.112285 0.114923 0.079288 0.047127 0.076907 0.054746 0.108665 0.054867 0.040380 0.011026 0.038332 0.099540 0.138819 0.140154
 203000.009642 10.307783 0.140977 0.119013 0.104107 0.112873 0.117047 0.138347 0.138181 0.148248 0.119879 0.135619 0.117904 0.124943 0.130147 0.111700 0.116227 0.111204 0.115861 0.082507 0.052049 0.070812 0.043055 0.110457 0.042191 0.049129 0.014358 0.052338 0.106544 0.143080 0.136415
 204000.009689 13.399013 0.139236 0.117207 0.100524 0.108245 0.121096 0.143424 0.137223 0.150453 0.115378 0.135309 0.116765 0.121988 0.124023 0.106226 0.120693 0.117236 0.113458 0.072372 0.039572 0.072559 0.058334 0.102872 0.051800 0.039845 0.016370 0.040115 0.104066 0.138093 0.140163
 205000.009737 3.267219 0.139720 0.118678 0.103794 0.109896 0.115181 0.138486 0.136475 0.146246 0.119796 0.133953 0.113849 0.123680 0.127764 0.110144 0.117002 0.111534 0.114975 0.080806 0.052222 0.072164 0.050267 0.109145 0.047367 0.051224 0.008084 0.047594 0.104198 0.141722 0.134675
 206000.009784 9.247282 0.139214 0.116898 0.102788 0.113621 0.115760 0.139060 0.142279 0.151494 0.122537 0.133235 0.115216 0.128429 0.130109 0.108847 0.120046 0.118959 0.116648 0.076987 0.046928 0.068447 0.051850 0.106622 0.041912 0.050903 0.013599 0.049605 0.111576 0.144944 0.135168
 207000.009832 5.885934 0.144898 0.122966 0.104347 0.107128 0.120073 0.143648 0.135736 0.149167 0.116470 0.137523 0.115743 0.126794 0.132606 0.117164 0.123624 0.112741 0.121890 0.087075 0.055629 0.082090 0.051531 0.116598 0.055364 0.047542 0.010850 0.041499 0.103437 0.146007 0.139424
 208000.009879 4.708556 0.142209 0.120767 0.102226 0.105753 0.121428 0.143839 0.133140 0.147457 0.113111 0.137571 0.116747 0.121242 0.126196 0.111022 0.120210 0.111894 0.115658 0.079951 0.047982 0.077652 0.053983 0.109170 0.054576 0.040943 0.009704 0.038553 0.099763 0.138893 0.140655
 209000.009927 9.986350 0.134713 0.113910 0.101462 0.110933 0.113404 0.136558 0.139756 0.147664 0.121227 0.129903 0.111757 0.123007 0.123463 0.102951 0.116965 0.116822 0.111225 0.070963 0.043249 0.066017 0.057512 0.100639 0.044675 0.051180 0.014132 0.046394 0.106894 0.139330 0.132015
 210000.009974 2.887472 0.140318 0.119695 0.103351 0.107510 0.119198 0.141264 0.135296 0.147172 0.116157 0.135690 0.115822 0.120939 0.125165 0.109111 0.118523 0.112038 0.114246 0.078686 0.047460 0.074933 0.054002 0.107529 0.052096 0.043495 0.007599 0.039898 0.100493 0.139154 0.137730
 211000.010022 5.344889 0.141600 0.119505 0.103156 0.111256 0.118864 0.141368 0.138967 0.150402 0.118885 0.136337 0.117041 0.126154 0.129900 0.110966 0.120138 0.115321 0.117016 0.080103 0.049210 0.072626 0.050415 0.109540 0.046019 0.047376 0.010339 0.046155 0.107026 0.143759 0.138279
 212000.010069 5.243576 0.141998 0.121673 0.104889 0.108255 0.121702 0.142734 0.135183 0.147267 0.115901 0.137977 0.118275 0.120163 0.125002 0.109502 0.118399 0.110972 0.114027 0.080150 0.048954 0.075895 0.054595 0.108790 0.053740 0.042803 0.010241 0.040669 0.099302 0.138996 0.140093
 213000.010117 8.389940 0.143176 0.120942 0.103699 0.109592 0.120943 0.142080 0.134944 0.147590 0.116070 0.138788 0.119132 0.122618 0.128665 0.112260 0.118003 0.109828 0.115826 0.082419 0.051026 0.074775 0.046792 0.110568 0.048514 0.043890 0.012954 0.048618 0.103001 0.140760 0.140789
 214000.010164 7.801156 0.142059 0.119356 0.102628 0.110353 0.120133 0.142500 0.138076 0.150580 0.117388 0.137075 0.117895 0.125211 0.129324 0.111200 0.120332 0.114949 0.116639 0.079105 0.047485 0.072986 0.050301 0.108875 0.047391 0.044439 0.012491 0.046429 0.106071 0.142726 0.140051
 215000.010212 3.871576 0.140169 0.118946 0.103269 0.108117 0.116559 0.139184 0.135394 0.146302 0.117540 0.134625 0.114552 0.122936 0.127479 0.110767 0.117927 0.111538 0.115387 0.080901 0.050765 0.073995 0.050332 0.109117 0.049203 0.047493 0.008800 0.045074 0.102693 0.141100 0.135782
 216000.010259 6.014959 0.138968 0.117110 0.102514 0.111561 0.116327 0.140765 0.141560 0.151446 0.121726 0.132774 0.113501 0.127024 0.128075 0.107671 0.121435 0.119403 0.116157 0.074914 0.045190 0.070571 0.057270 0.105610 0.047178 0.050017 0.010968 0.043999 0.109102 0.143693 0.135704
 217000.010307 19.977363 0.134006 0.113904 0.101446 0.109159 0.115101 0.139572 0.141815 0.150697 0.121067 0.128213 0.110091 0.123708 0.121519 0.101531 0.121859 0.122915 0.112471 0.067025 0.039162 0.070129 0.068294 0.098859 0.054318 0.050497 0.019989 0.036728 0.106789 0.139603 0.132465
 218000.010354 7.713639 0.143461 0.122151 0.104659 0.108056 0.122385 0.143674 0.134981 0.148288 0.114915 0.138827 0.118888 0.121847 0.127256 0.111704 0.119546 0.111599 0.115779 0.081673 0.050391 0.076775 0.052661 0.110772 0.053516 0.042893 0.012421 0.041752 0.100419 0.140636 0.141151
 219000.010402 3.932760 0.144065 0.122424 0.104450 0.108097 0.119382 0.143556 0.135544 0.148507 0.117495 0.137483 0.115736 0.125623 0.130725 0.114877 0.121650 0.112893 0.119285 0.084879 0.054414 0.079011 0.052108 0.114015 0.054084 0.048455 0.008869 0.043060 0.103433 0.143875 0.139242
 220000.010449 2.689090 0.142384 0.120808 0.104375 0.109858 0.119262 0.141946 0.136878 0.148729 0.118024 0.137144 0.117011 0.124115 0.128661 0.111376 0.119097 0.113154 0.116123 0.081194 0.050813 0.073918 0.051022 0.110145 0.049331 0.047137 0.007334 0.044537 0.103833 0.142301 0.138606
