#! FIELDS time restraint.bias r0 r1 r2 r3 r4 r5 r6 r7 r8 r9 r10 r11 r12 r13 r14 r15 r16 r17 r18 r19 r20 r21 r22 r23 r24 r25 r26 r27 r28 r29 r30 r31 r32 r33 r34 r35 r36 r37 r38 r39 r40 r41 r42 r43 r44 r45 r46 r47 r48 r49 r50 r51 r52 r53 r54 r55 r56
 0.000000 0.000051 0.037561 0.060728 0.032143 0.103751 0.116874 0.082479 0.054433 0.045791 0.052055 0.126101 0.048461 0.121664 0.125427 0.103416 0.035011 0.076278 0.077405 0.000032 0.121744 0.038833 0.132947 0.130384 0.103368 0.103314 0.142757 0.139740 0.103765 0.153896 0.161853 0.121126 0.135848 0.109950 0.130746 0.118025 0.147402 0.131748 0.132345 0.139470 0.093785 0.101573 0.121049 0.152527 0.146458 0.121153 0.145847 0.125865 0.119027 0.129326 0.137622 0.165864 0.157850 0.112705 0.152129 0.148622 0.131773 0.111395 0.105698
 1000.000047 14.071257 0.034935 0.047801 0.023224 0.090680 0.105673 0.068958 0.051559 0.047378 0.041873 0.115963 0.042821 0.118496 0.120097 0.101959 0.027051 0.064058 0.077654 0.016776 0.114218 0.039292 0.124267 0.129361 0.102815 0.101048 0.141277 0.138382 0.102115 0.152074 0.159382 0.119507 0.133745 0.101964 0.121253 0.113453 0.138654 0.124305 0.124456 0.137014 0.090908 0.096695 0.119275 0.150371 0.137367 0.115419 0.136785 0.117801 0.112113 0.119605 0.129649 0.157830 0.155023 0.109893 0.143697 0.138204 0.123985 0.110385 0.105772
 2000.000095 2.672420 0.040855 0.063720 0.034164 0.105708 0.118189 0.084303 0.056808 0.046729 0.053681 0.127667 0.047371 0.122326 0.126664 0.104061 0.038407 0.078336 0.077946 0.007311 0.122915 0.040882 0.134756 0.131529 0.104885 0.104485 0.143925 0.139616 0.105554 0.154564 0.162183 0.121920 0.136965 0.112054 0.132148 0.117984 0.146743 0.130832 0.132701 0.140428 0.095638 0.103507 0.120756 0.152947 0.147505 0.120695 0.146040 0.126671 0.119931 0.131312 0.136885 0.166318 0.159395 0.114174 0.151905 0.150030 0.131472 0.111471 0.105865
 3000.000142 7.209947 0.041782 0.062679 0.035541 0.103945 0.116289 0.082219 0.059594 0.050666 0.051478 0.126868 0.046582 0.124326 0.127230 0.106887 0.036930 0.077086 0.081528 0.012008 0.122409 0.041874 0.134024 0.133553 0.106309 0.105329 0.146661 0.141752 0.108389 0.157276 0.164235 0.123605 0.138797 0.110236 0.129970 0.118129 0.146447 0.129994 0.131274 0.142800 0.095977 0.102507 0.122478 0.154645 0.144993 0.119710 0.143963 0.123553 0.118767 0.128917 0.135982 0.165302 0.161533 0.115556 0.150665 0.148485 0.130957 0.112031 0.107901
 4000.000190 6.372523 0.036280 0.052832 0.023532 0.096242 0.111345 0.075020 0.051995 0.044244 0.043997 0.121066 0.041803 0.120381 0.123549 0.102674 0.030388 0.067413 0.076586 0.011289 0.119064 0.036462 0.129808 0.131501 0.105371 0.103824 0.142920 0.139266 0.104309 0.153165 0.161487 0.121386 0.136612 0.107195 0.126783 0.115131 0.140469 0.126088 0.127887 0.138056 0.093958 0.100369 0.119518 0.152966 0.143218 0.117780 0.141531 0.122917 0.115594 0.125900 0.131579 0.162445 0.158087 0.112410 0.146829 0.144093 0.126257 0.112885 0.105822
 5000.000237 7.095201 0.032889 0.056322 0.025315 0.100195 0.113789 0.080755 0.045489 0.038439 0.050581 0.121071 0.046226 0.115090 0.119662 0.096231 0.033904 0.072629 0.068659 0.011912 0.117899 0.030514 0.128435 0.123905 0.098327 0.100193 0.135704 0.134319 0.095897 0.147511 0.155833 0.115513 0.129142 0.107719 0.128747 0.115004 0.144146 0.129641 0.129797 0.133111 0.088857 0.098764 0.116646 0.146622 0.144516 0.119315 0.143884 0.125771 0.116790 0.127738 0.135533 0.161998 0.150876 0.105938 0.149762 0.144903 0.129041 0.107798 0.100056
 6000.000285 6.320923 0.038686 0.056649 0.025881 0.099851 0.114880 0.078904 0.054022 0.043572 0.045670 0.124174 0.039623 0.121978 0.126150 0.104025 0.033437 0.070255 0.076813 0.011244 0.122160 0.036038 0.133252 0.131138 0.105216 0.102407 0.142284 0.136805 0.105009 0.151677 0.160305 0.119753 0.137173 0.107367 0.126864 0.111978 0.139383 0.123715 0.126045 0.136201 0.093685 0.099415 0.116187 0.151947 0.143598 0.114737 0.140697 0.122249 0.113823 0.127236 0.130058 0.162146 0.158881 0.112214 0.145651 0.145021 0.124167 0.111023 0.106098
 7000.000332 10.451489 0.032087 0.054024 0.028974 0.098163 0.112443 0.077221 0.049825 0.048666 0.050241 0.121549 0.050774 0.120687 0.122900 0.102891 0.028132 0.071931 0.076545 0.014458 0.118499 0.039238 0.128926 0.127250 0.099250 0.101045 0.140278 0.141623 0.097575 0.154018 0.162476 0.119303 0.132474 0.105927 0.128153 0.119884 0.149379 0.134202 0.132404 0.138506 0.089527 0.098050 0.124083 0.152098 0.144166 0.123004 0.145441 0.125178 0.118856 0.124680 0.139900 0.165160 0.154582 0.108343 0.153809 0.144620 0.133870 0.110129 0.107493
 8000.000380 13.265982 0.036935 0.048156 0.019961 0.092279 0.108388 0.070611 0.052898 0.046773 0.039211 0.118775 0.038277 0.121075 0.123440 0.104280 0.026786 0.063175 0.078171 0.016289 0.118368 0.037034 0.128669 0.131837 0.105745 0.102771 0.142717 0.138966 0.104317 0.152634 0.161084 0.120893 0.137028 0.103615 0.123217 0.112910 0.138335 0.123603 0.124753 0.136813 0.093063 0.097735 0.118837 0.152876 0.140494 0.114838 0.138730 0.119774 0.112488 0.122325 0.129189 0.160439 0.157770 0.111804 0.144458 0.140685 0.123703 0.112988 0.107847
 9000.000427 5.931876 0.033941 0.055328 0.024886 0.099339 0.113727 0.079186 0.047485 0.039821 0.049458 0.121792 0.045727 0.117426 0.121739 0.098445 0.033301 0.071547 0.071819 0.010892 0.118663 0.034737 0.129191 0.126465 0.100505 0.100655 0.138349 0.135514 0.098937 0.149350 0.157803 0.117147 0.131827 0.107436 0.127777 0.114345 0.142054 0.127750 0.128759 0.134681 0.090523 0.099365 0.116855 0.148828 0.143946 0.118344 0.142537 0.124425 0.115860 0.127233 0.133869 0.162085 0.153977 0.108237 0.148291 0.144654 0.127036 0.108898 0.102389
 10000.000475 10.361032 0.034533 0.052121 0.019273 0.095891 0.111333 0.075940 0.047563 0.039236 0.044735 0.119508 0.040290 0.116973 0.121338 0.098822 0.031204 0.066440 0.071210 0.014395 0.118172 0.032193 0.128936 0.127602 0.102417 0.101483 0.138465 0.135267 0.099749 0.148763 0.157575 0.117617 0.133105 0.106461 0.126136 0.112379 0.138300 0.124135 0.126008 0.133472 0.091399 0.098859 0.115561 0.149333 0.142893 0.116008 0.140680 0.123601 0.113982 0.125832 0.129878 0.160596 0.154328 0.108584 0.145340 0.142680 0.124218 0.110435 0.102660
 11000.000522 7.290266 0.034665 0.052384 0.026606 0.097292 0.112972 0.075206 0.053921 0.048637 0.044213 0.123377 0.044588 0.124328 0.126573 0.106779 0.026926 0.068488 0.080438 0.012075 0.121752 0.036906 0.131752 0.131848 0.104489 0.102675 0.143943 0.141236 0.104364 0.154782 0.163741 0.121582 0.137598 0.105062 0.126243 0.116128 0.144272 0.128906 0.128754 0.138829 0.092095 0.097757 0.121621 0.154765 0.143312 0.118698 0.142604 0.121688 0.115336 0.124527 0.134978 0.164612 0.159236 0.111723 0.149546 0.144560 0.128399 0.112493 0.110077
 12000.000570 5.424736 0.037464 0.055037 0.025040 0.098069 0.112815 0.076570 0.052906 0.045476 0.046447 0.122791 0.042182 0.121458 0.124992 0.103465 0.031656 0.069775 0.076766 0.010416 0.120460 0.038149 0.131549 0.131028 0.104704 0.103281 0.142504 0.139077 0.103589 0.153174 0.161647 0.120878 0.136518 0.107967 0.127846 0.115490 0.141689 0.126909 0.128916 0.137955 0.093958 0.100956 0.119601 0.152906 0.144517 0.118015 0.142584 0.123957 0.116430 0.127169 0.132687 0.163707 0.158128 0.112128 0.148194 0.145163 0.127325 0.112133 0.106988
 13000.000617 9.192610 0.040660 0.058434 0.027926 0.100691 0.114501 0.080417 0.053360 0.042388 0.047080 0.123095 0.039141 0.119214 0.123820 0.101431 0.035531 0.072098 0.074170 0.013559 0.120612 0.034806 0.132072 0.128724 0.103629 0.102168 0.139738 0.134782 0.102610 0.149942 0.157917 0.117877 0.134565 0.108031 0.127899 0.112018 0.140381 0.124609 0.126767 0.134937 0.092889 0.099471 0.115345 0.149100 0.143794 0.114824 0.141361 0.123042 0.114650 0.128324 0.130766 0.161474 0.155985 0.110683 0.146271 0.145482 0.125443 0.109677 0.102704
 14000.000665 8.311925 0.040537 0.056131 0.028884 0.099008 0.114141 0.077381 0.057147 0.048716 0.043722 0.124643 0.041195 0.125219 0.128021 0.107823 0.031630 0.069650 0.081478 0.012893 0.122685 0.039551 0.133900 0.135013 0.108292 0.105551 0.146637 0.141872 0.108471 0.156696 0.165219 0.123770 0.140830 0.108169 0.127886 0.115676 0.141690 0.126137 0.128294 0.140832 0.096339 0.100909 0.121275 0.156365 0.144317 0.117413 0.142139 0.122476 0.116166 0.127276 0.131968 0.164412 0.162595 0.115674 0.147636 0.146339 0.127169 0.114514 0.109245
 15000.000712 5.882497 0.038154 0.054110 0.025559 0.098232 0.113633 0.076437 0.054751 0.046003 0.043916 0.123543 0.041048 0.122962 0.126388 0.105425 0.030388 0.068930 0.079006 0.010847 0.121800 0.038156 0.132497 0.132074 0.105618 0.102480 0.143117 0.138507 0.105222 0.152747 0.161492 0.120791 0.137897 0.105889 0.126064 0.113165 0.141004 0.125373 0.126725 0.137161 0.093657 0.098538 0.118169 0.153163 0.143182 0.115681 0.141117 0.121520 0.113876 0.125492 0.131548 0.162845 0.159081 0.112779 0.146765 0.144414 0.125366 0.112292 0.108025
 16000.000760 7.696140 0.031126 0.058867 0.029109 0.101692 0.114281 0.082444 0.046129 0.039731 0.054066 0.121498 0.049883 0.114986 0.119077 0.095893 0.035981 0.075071 0.069417 0.012407 0.116906 0.032489 0.127599 0.122892 0.096529 0.099228 0.136304 0.134780 0.095729 0.148281 0.156035 0.115320 0.127897 0.108119 0.128578 0.116013 0.144869 0.130275 0.130079 0.134487 0.087828 0.098925 0.117457 0.146321 0.143383 0.120278 0.143168 0.125195 0.117322 0.127199 0.136325 0.161403 0.151009 0.105342 0.149804 0.144864 0.129696 0.105446 0.099665
 17000.000807 13.832080 0.026778 0.048354 0.021200 0.094169 0.110163 0.074480 0.044215 0.043284 0.044361 0.118589 0.045524 0.118697 0.120938 0.100316 0.025782 0.065507 0.072923 0.016633 0.117612 0.029298 0.126937 0.124434 0.097634 0.098281 0.137092 0.136737 0.095704 0.149069 0.158723 0.115498 0.130260 0.102233 0.123731 0.113970 0.141762 0.127525 0.126260 0.132992 0.085704 0.093998 0.118339 0.149307 0.140596 0.117605 0.140153 0.120937 0.113205 0.122013 0.133764 0.160860 0.152513 0.103919 0.147488 0.140473 0.126393 0.107205 0.105039
 18000.000855 8.411007 0.030350 0.055975 0.027648 0.101423 0.116452 0.081318 0.048374 0.042365 0.049759 0.124292 0.047231 0.120565 0.124249 0.101785 0.031682 0.072545 0.074121 0.012970 0.121837 0.031016 0.131521 0.125401 0.098426 0.098289 0.138051 0.135684 0.098324 0.149222 0.158448 0.115693 0.131544 0.105212 0.126982 0.113443 0.144684 0.128874 0.127929 0.133630 0.087057 0.095266 0.116744 0.149153 0.143441 0.117744 0.142662 0.122738 0.114366 0.125829 0.135858 0.163003 0.154390 0.105907 0.149657 0.144869 0.127553 0.106472 0.105101
 19000.000902 9.171713 0.030909 0.049575 0.022541 0.094812 0.110591 0.074279 0.048717 0.044806 0.043555 0.119921 0.044360 0.120590 0.122607 0.102617 0.026717 0.066310 0.076206 0.013544 0.118467 0.032896 0.128030 0.128347 0.101351 0.100455 0.140671 0.138464 0.100853 0.151797 0.160641 0.118554 0.133824 0.103271 0.123949 0.114199 0.141587 0.126948 0.126342 0.135933 0.089214 0.096092 0.119257 0.151486 0.140801 0.117202 0.140098 0.120409 0.113306 0.122722 0.132956 0.161249 0.155825 0.108337 0.146944 0.141503 0.126020 0.109900 0.106466
 20000.000950 10.917300 0.028614 0.054798 0.024156 0.100244 0.114924 0.081351 0.041629 0.037330 0.051738 0.121538 0.048786 0.115612 0.120197 0.095860 0.032899 0.072332 0.067626 0.014777 0.118743 0.029181 0.128564 0.121305 0.095231 0.097333 0.133547 0.133093 0.092482 0.145647 0.155050 0.112973 0.127166 0.105940 0.127623 0.113886 0.143955 0.129691 0.128963 0.130681 0.085533 0.096322 0.115464 0.145708 0.144141 0.119093 0.143387 0.125336 0.115443 0.126740 0.136282 0.161915 0.149565 0.102637 0.149894 0.143906 0.128167 0.105455 0.100946
 21000.000997 11.213392 0.036865 0.052330 0.029434 0.095039 0.109095 0.072483 0.056778 0.052938 0.043115 0.120560 0.043398 0.123642 0.124646 0.107496 0.026304 0.068539 0.082371 0.014976 0.118389 0.040276 0.129004 0.131430 0.103606 0.101716 0.144462 0.141353 0.104522 0.155669 0.163140 0.121222 0.136669 0.102165 0.122666 0.115240 0.143385 0.127139 0.126283 0.139958 0.091145 0.095809 0.122186 0.153384 0.138819 0.116069 0.138661 0.117303 0.113405 0.120506 0.133115 0.161182 0.158459 0.111485 0.146987 0.141024 0.127535 0.110361 0.109915
 22000.001045 12.282456 0.036318 0.049948 0.024927 0.092913 0.107922 0.070890 0.054988 0.050756 0.040369 0.119101 0.041170 0.122779 0.124076 0.106551 0.024900 0.065071 0.080851 0.015673 0.117686 0.038909 0.128733 0.133106 0.105730 0.103844 0.145762 0.142540 0.105500 0.156692 0.164399 0.122864 0.138237 0.103593 0.123205 0.115531 0.140879 0.125511 0.125957 0.140664 0.093119 0.097699 0.122445 0.155023 0.139609 0.116525 0.138723 0.118943 0.113953 0.121310 0.131063 0.161183 0.160031 0.112885 0.145800 0.141023 0.126519 0.112859 0.109201
 23000.001092 9.850105 0.032773 0.051482 0.024613 0.095578 0.109840 0.075042 0.049309 0.044879 0.044606 0.119262 0.044590 0.118611 0.120882 0.100854 0.028818 0.068042 0.075069 0.014036 0.116982 0.032578 0.127210 0.128003 0.101469 0.101673 0.140687 0.138191 0.100560 0.151634 0.159798 0.118977 0.133035 0.104441 0.124742 0.115280 0.141998 0.127723 0.127400 0.136695 0.089783 0.097287 0.119794 0.150638 0.140915 0.117860 0.140320 0.120875 0.114586 0.123468 0.133459 0.160926 0.154894 0.108513 0.147099 0.141980 0.127214 0.109924 0.104329
 24000.001140 6.336890 0.040181 0.063072 0.029600 0.104697 0.116694 0.084974 0.051302 0.038276 0.053740 0.124530 0.045002 0.115688 0.121759 0.096718 0.040678 0.076775 0.069436 0.011258 0.120139 0.033992 0.132153 0.127735 0.103173 0.104188 0.139087 0.134499 0.101550 0.148953 0.156682 0.118879 0.133049 0.112853 0.132125 0.115557 0.142758 0.128220 0.131178 0.135646 0.094657 0.104298 0.115939 0.148401 0.147588 0.119365 0.145188 0.128345 0.119030 0.132511 0.133929 0.163555 0.154525 0.111001 0.149180 0.148707 0.128842 0.110556 0.099130
 25000.001187 6.787827 0.032193 0.053372 0.025396 0.096946 0.110972 0.076395 0.048290 0.044220 0.047467 0.119969 0.045516 0.118282 0.121140 0.100149 0.029399 0.070006 0.073886 0.011651 0.116967 0.034759 0.127683 0.126290 0.099376 0.100127 0.139214 0.137459 0.098225 0.151130 0.159288 0.117409 0.131541 0.105105 0.125726 0.115329 0.142914 0.128244 0.128170 0.136098 0.088848 0.097361 0.119251 0.149541 0.141611 0.118265 0.141036 0.122070 0.115397 0.124247 0.134227 0.161374 0.154012 0.107283 0.148198 0.142615 0.128076 0.107916 0.103940
 26000.001235 11.761798 0.035425 0.048910 0.021135 0.092824 0.108908 0.071609 0.051740 0.045239 0.041133 0.118671 0.040506 0.120266 0.122653 0.103256 0.027990 0.064064 0.077493 0.015337 0.117706 0.037048 0.127612 0.130675 0.104418 0.101426 0.141654 0.137851 0.103869 0.151638 0.159821 0.119734 0.135712 0.103162 0.122608 0.111994 0.138102 0.123221 0.124022 0.135995 0.092066 0.097104 0.117595 0.151432 0.139533 0.114539 0.138006 0.119201 0.111655 0.121796 0.128876 0.159239 0.156794 0.111062 0.143788 0.140111 0.122854 0.111583 0.106635
 27000.001282 6.716202 0.033779 0.054547 0.024267 0.098410 0.112609 0.078452 0.048268 0.040437 0.046630 0.121018 0.043493 0.117381 0.121114 0.098863 0.032337 0.069663 0.072213 0.011590 0.118491 0.030381 0.128937 0.127107 0.101478 0.101631 0.138989 0.135884 0.100081 0.149462 0.157999 0.117865 0.132400 0.106981 0.127160 0.114331 0.141380 0.127061 0.127944 0.134895 0.090570 0.098782 0.117240 0.149359 0.143225 0.117814 0.141848 0.123314 0.115367 0.126537 0.132950 0.161641 0.154148 0.108332 0.147346 0.144217 0.126672 0.109550 0.101958
 28000.001330 4.122890 0.042072 0.062909 0.031098 0.104572 0.117282 0.083693 0.055142 0.042750 0.051997 0.126127 0.043018 0.119706 0.125128 0.101407 0.039092 0.076524 0.074505 0.009081 0.122095 0.038221 0.134146 0.130198 0.104914 0.104042 0.141387 0.136201 0.104309 0.151356 0.159082 0.120019 0.135764 0.111928 0.131522 0.114996 0.143143 0.127528 0.130545 0.137319 0.095581 0.103370 0.117035 0.150467 0.147136 0.118050 0.144632 0.126572 0.118256 0.131737 0.133548 0.164342 0.157429 0.113073 0.149234 0.148991 0.128437 0.111025 0.103043
 29000.001377 8.628658 0.041559 0.058552 0.027310 0.100374 0.114451 0.079395 0.054455 0.043498 0.047982 0.123514 0.039790 0.120056 0.125082 0.102428 0.035636 0.072056 0.075228 0.013137 0.120876 0.039537 0.132839 0.130488 0.105042 0.102738 0.141169 0.135934 0.103858 0.151099 0.159028 0.119309 0.136279 0.108635 0.127942 0.112173 0.139672 0.123879 0.126914 0.135989 0.094748 0.100922 0.115672 0.150443 0.144270 0.114912 0.141336 0.123791 0.114960 0.128241 0.129967 0.161872 0.157656 0.112507 0.146021 0.145362 0.125022 0.110966 0.104475
 30000.001425 22.649505 0.026522 0.042286 0.022911 0.089510 0.106942 0.068742 0.047243 0.050605 0.041478 0.116647 0.048722 0.122116 0.121889 0.105171 0.018414 0.062219 0.079221 0.021284 0.116638 0.035946 0.124822 0.127596 0.099281 0.099041 0.140418 0.141911 0.098214 0.153691 0.163007 0.118447 0.132775 0.098771 0.121134 0.116394 0.144798 0.130146 0.126566 0.136564 0.086135 0.092307 0.123449 0.152796 0.138384 0.119280 0.139855 0.118621 0.112859 0.117703 0.136003 0.161397 0.154795 0.106167 0.149080 0.138149 0.128343 0.110058 0.110411
 31000.001472 12.975602 0.028710 0.047318 0.023456 0.092551 0.108359 0.071893 0.046721 0.046512 0.044960 0.117658 0.047856 0.119373 0.120546 0.101545 0.024596 0.065743 0.076148 0.016109 0.115882 0.035776 0.124867 0.126268 0.098756 0.099102 0.138946 0.139223 0.097682 0.151752 0.160359 0.117510 0.131174 0.101985 0.123395 0.116132 0.143829 0.129581 0.127715 0.136023 0.087339 0.095234 0.121248 0.150439 0.139780 0.119375 0.140554 0.120449 0.114267 0.120866 0.135306 0.161042 0.153278 0.106398 0.148719 0.140102 0.128179 0.108822 0.106533
 32000.001520 6.951717 0.035646 0.050648 0.024320 0.094773 0.110401 0.072984 0.053736 0.048515 0.041799 0.120891 0.041926 0.123132 0.125023 0.106173 0.025562 0.066436 0.080014 0.011791 0.119412 0.038243 0.129916 0.132038 0.104732 0.102431 0.143953 0.140993 0.104518 0.154977 0.163329 0.121381 0.137552 0.103884 0.124297 0.114739 0.141978 0.126415 0.126596 0.138816 0.092519 0.097361 0.120969 0.154090 0.141184 0.116658 0.140261 0.120133 0.113829 0.122789 0.132205 0.162256 0.159096 0.112266 0.147051 0.142356 0.126657 0.112387 0.109048
 33000.001567 9.883735 0.032556 0.053359 0.023063 0.096962 0.110545 0.077195 0.046557 0.039872 0.046613 0.118399 0.043172 0.114515 0.118414 0.096651 0.031030 0.069210 0.069789 0.014060 0.115853 0.029575 0.126664 0.124914 0.099344 0.100529 0.137079 0.134774 0.097023 0.148201 0.156061 0.116253 0.129800 0.105608 0.125968 0.113760 0.141582 0.127011 0.127173 0.133772 0.088607 0.097220 0.116594 0.147032 0.141564 0.117233 0.140853 0.122769 0.114787 0.124688 0.132805 0.159781 0.151599 0.106172 0.146903 0.142326 0.126875 0.107863 0.100017
 34000.001615 9.737864 0.027004 0.054964 0.026058 0.099571 0.113667 0.080352 0.043201 0.040079 0.051803 0.121180 0.049929 0.116490 0.119885 0.096952 0.032590 0.072366 0.069931 0.013956 0.117783 0.029432 0.127379 0.122536 0.095770 0.098177 0.135937 0.135084 0.094813 0.148005 0.156758 0.114655 0.127877 0.105845 0.126996 0.115449 0.144366 0.130226 0.129264 0.133369 0.085774 0.096857 0.117609 0.147124 0.142838 0.119986 0.142585 0.123914 0.115938 0.125758 0.136614 0.161741 0.151095 0.103573 0.149770 0.143529 0.128673 0.105373 0.101814
 35000.001662 10.363488 0.038278 0.055767 0.022285 0.098893 0.113922 0.078472 0.050469 0.039740 0.047554 0.122491 0.040847 0.118371 0.123692 0.099893 0.035429 0.069537 0.072098 0.014397 0.120734 0.035149 0.131784 0.129239 0.104487 0.102601 0.139426 0.134752 0.102196 0.148635 0.157550 0.118710 0.135039 0.108575 0.127733 0.112086 0.138095 0.123835 0.126843 0.133693 0.093921 0.101306 0.114674 0.149967 0.145038 0.115778 0.141765 0.125054 0.114620 0.128439 0.129772 0.161853 0.155842 0.110759 0.145583 0.144629 0.123868 0.111745 0.103768
 36000.001710 5.357664 0.036906 0.056459 0.025223 0.098856 0.112072 0.078385 0.050858 0.041470 0.046932 0.120936 0.041177 0.116888 0.121174 0.099019 0.033550 0.070733 0.072354 0.010351 0.118016 0.032937 0.129513 0.127940 0.102550 0.102269 0.139599 0.135410 0.101121 0.149622 0.157472 0.118379 0.133207 0.107539 0.127078 0.113607 0.140458 0.125665 0.127406 0.135354 0.092011 0.099723 0.116503 0.148956 0.142958 0.116395 0.141065 0.123079 0.115257 0.126728 0.131415 0.160911 0.154589 0.109621 0.146262 0.144100 0.126195 0.109672 0.101579
 37000.001757 5.752840 0.034130 0.053117 0.026295 0.097125 0.111907 0.075611 0.052610 0.047819 0.044905 0.121841 0.043719 0.122074 0.124512 0.104778 0.027296 0.068949 0.078027 0.010726 0.119877 0.036281 0.130478 0.129295 0.101987 0.101091 0.141586 0.139627 0.101414 0.153115 0.161746 0.119485 0.135071 0.104468 0.125655 0.115384 0.144093 0.128323 0.127973 0.137264 0.090509 0.096706 0.120454 0.152330 0.142243 0.117720 0.141717 0.121442 0.114932 0.123673 0.134320 0.163089 0.156733 0.109613 0.148915 0.143327 0.128459 0.110120 0.107850
 38000.001805 5.282930 0.040725 0.059709 0.029748 0.100857 0.114138 0.079755 0.055626 0.045494 0.049299 0.124103 0.043194 0.121043 0.124864 0.102951 0.036792 0.072901 0.077084 0.010279 0.120604 0.039486 0.132236 0.131706 0.105904 0.104557 0.143346 0.138558 0.105794 0.153337 0.161123 0.121738 0.137105 0.110359 0.129231 0.115962 0.141393 0.126584 0.129460 0.139029 0.096011 0.103331 0.119310 0.152577 0.145023 0.118169 0.142691 0.124515 0.117432 0.129161 0.132144 0.163356 0.158660 0.113932 0.147601 0.146666 0.127493 0.112307 0.105227
 39000.001852 2.598640 0.037345 0.059526 0.032030 0.101681 0.114174 0.080123 0.054615 0.047361 0.051685 0.123774 0.048811 0.120442 0.123608 0.102837 0.033893 0.075554 0.077714 0.007209 0.119019 0.040432 0.130596 0.131015 0.103702 0.104350 0.144153 0.141295 0.104065 0.155647 0.162585 0.122371 0.135642 0.109701 0.129931 0.119346 0.147424 0.132095 0.132534 0.141549 0.094118 0.102105 0.122897 0.152877 0.144928 0.121857 0.144947 0.125215 0.119665 0.127858 0.137574 0.164858 0.158126 0.113277 0.151792 0.147369 0.132458 0.111765 0.105415
 40000.001900 9.308378 0.033566 0.056360 0.025443 0.101306 0.116128 0.081354 0.047410 0.039747 0.049536 0.123500 0.044245 0.118118 0.123151 0.099482 0.032884 0.072375 0.071009 0.013644 0.121326 0.030955 0.131592 0.124353 0.098586 0.098213 0.135546 0.133044 0.096667 0.146460 0.155727 0.114266 0.130518 0.105869 0.127510 0.111734 0.143208 0.127437 0.127476 0.131121 0.087805 0.095973 0.114132 0.146927 0.144307 0.116377 0.142828 0.124049 0.114119 0.126918 0.134269 0.162229 0.152276 0.105496 0.148807 0.144741 0.126593 0.106696 0.102897
 41000.001947 4.111741 0.035421 0.057876 0.027845 0.101227 0.114830 0.079988 0.051385 0.043552 0.050388 0.123792 0.045673 0.119325 0.123537 0.101018 0.033638 0.073392 0.074235 0.009068 0.120404 0.035733 0.131308 0.128410 0.102108 0.102477 0.140446 0.137821 0.100994 0.151561 0.159725 0.119385 0.133576 0.109116 0.129893 0.116739 0.145180 0.130093 0.131159 0.137146 0.092070 0.100703 0.119325 0.150769 0.145749 0.120185 0.144860 0.125767 0.118216 0.128406 0.136078 0.164583 0.155579 0.109975 0.150961 0.146896 0.129952 0.110116 0.104562
 42000.001995 2.027711 0.034613 0.058518 0.031121 0.102396 0.116517 0.081402 0.052486 0.045733 0.051705 0.125651 0.049803 0.122439 0.125597 0.103683 0.033446 0.074854 0.077821 0.006368 0.121656 0.038659 0.132035 0.128973 0.101438 0.101163 0.141717 0.139291 0.102212 0.153163 0.161702 0.119622 0.134719 0.107917 0.128977 0.117127 0.146576 0.131186 0.131112 0.138261 0.091550 0.099590 0.120590 0.152182 0.145063 0.120622 0.144518 0.124342 0.117431 0.127603 0.137409 0.165109 0.157198 0.110758 0.151453 0.146990 0.130455 0.109785 0.106763
 43000.002042 7.993577 0.031638 0.058215 0.027503 0.101658 0.114907 0.083059 0.043868 0.036127 0.053530 0.121529 0.049293 0.114123 0.118611 0.094334 0.037166 0.074443 0.067453 0.012644 0.117412 0.030013 0.127513 0.122732 0.097224 0.099863 0.135154 0.133562 0.095785 0.146964 0.155093 0.114921 0.127732 0.109096 0.129621 0.115606 0.144080 0.130223 0.130466 0.133136 0.088516 0.099941 0.116357 0.145747 0.144732 0.120482 0.144152 0.126487 0.117502 0.129045 0.136105 0.161698 0.150264 0.105437 0.149840 0.145669 0.129036 0.106695 0.098252
 44000.002090 9.917112 0.033977 0.050810 0.024092 0.094262 0.108931 0.073398 0.050964 0.046529 0.042296 0.118790 0.043032 0.119631 0.121578 0.102468 0.027178 0.065704 0.076500 0.014083 0.117133 0.034185 0.127824 0.130237 0.103756 0.104012 0.142532 0.141149 0.102015 0.154098 0.162509 0.121413 0.135219 0.106014 0.126442 0.117624 0.142745 0.128523 0.128903 0.138801 0.092261 0.098991 0.122457 0.153364 0.142361 0.119745 0.142057 0.122698 0.116716 0.124088 0.133603 0.162776 0.156603 0.110656 0.148409 0.143194 0.129085 0.112624 0.105590
 45000.002137 9.687806 0.039488 0.055519 0.032639 0.097870 0.112136 0.075085 0.059789 0.054713 0.045256 0.124082 0.045416 0.127149 0.127977 0.110535 0.029515 0.071022 0.085630 0.013920 0.121417 0.043291 0.131874 0.134769 0.106525 0.103837 0.147690 0.143889 0.108758 0.158672 0.166263 0.124052 0.140101 0.104900 0.125141 0.117184 0.145072 0.128631 0.128437 0.142911 0.094370 0.098684 0.124206 0.156556 0.141272 0.117952 0.140883 0.118970 0.115464 0.123288 0.134582 0.163900 0.162230 0.115133 0.148864 0.144136 0.129027 0.112828 0.112434
 46000.002185 8.839251 0.036391 0.054235 0.030705 0.097636 0.111698 0.074854 0.055455 0.051983 0.047401 0.122480 0.047963 0.123379 0.125324 0.106435 0.027893 0.071304 0.081393 0.013296 0.119465 0.042738 0.130234 0.131152 0.103192 0.102465 0.143985 0.142505 0.102835 0.155947 0.163941 0.121848 0.136288 0.105237 0.126601 0.118557 0.147080 0.131483 0.130736 0.140657 0.092162 0.098321 0.124081 0.154202 0.142745 0.120504 0.143152 0.122022 0.117312 0.123522 0.137322 0.164635 0.158091 0.111834 0.151387 0.144281 0.131463 0.111626 0.109970
 47000.002232 2.061527 0.035643 0.056701 0.029852 0.100137 0.113878 0.078707 0.053536 0.047424 0.048929 0.123655 0.047260 0.121991 0.124592 0.104147 0.030927 0.073106 0.078372 0.006421 0.120038 0.038830 0.130786 0.130008 0.102432 0.102241 0.142747 0.140459 0.102840 0.154562 0.162419 0.120653 0.135340 0.107008 0.127998 0.117467 0.146531 0.130819 0.130611 0.139499 0.092128 0.099327 0.121756 0.152646 0.143834 0.120050 0.143724 0.123264 0.117296 0.126133 0.136701 0.164369 0.157554 0.111528 0.150948 0.145815 0.130753 0.110715 0.106887
 48000.002280 7.734646 0.039431 0.055833 0.025769 0.098424 0.112416 0.076901 0.054690 0.046656 0.044880 0.122581 0.040293 0.121066 0.124837 0.103951 0.031394 0.069789 0.076763 0.012438 0.120551 0.036507 0.132515 0.132425 0.106470 0.105454 0.143826 0.140141 0.104636 0.154111 0.162356 0.122472 0.137942 0.108647 0.128534 0.116230 0.142407 0.127316 0.129377 0.138954 0.095272 0.101433 0.120556 0.153818 0.145187 0.118150 0.143261 0.124581 0.117193 0.127585 0.132775 0.164278 0.158880 0.113373 0.148492 0.145860 0.128644 0.113953 0.106548
 49000.002327 5.573765 0.036410 0.058214 0.025723 0.101567 0.115638 0.081715 0.049694 0.038992 0.049107 0.123710 0.042723 0.118232 0.123269 0.099294 0.035672 0.072383 0.071659 0.010558 0.120838 0.031844 0.132063 0.127824 0.102499 0.101906 0.139339 0.134741 0.101255 0.149069 0.157811 0.117815 0.133737 0.108968 0.128650 0.113039 0.140406 0.125705 0.127838 0.134391 0.092091 0.100319 0.115315 0.149455 0.145025 0.116762 0.142354 0.124795 0.115510 0.129129 0.131961 0.162331 0.155622 0.109559 0.146976 0.146010 0.125761 0.109579 0.101991
 50000.002375 3.729125 0.034633 0.061067 0.031086 0.104577 0.116857 0.084328 0.049306 0.040486 0.054982 0.124573 0.050226 0.116618 0.121401 0.097502 0.037437 0.077765 0.071358 0.008636 0.119607 0.034487 0.130261 0.125190 0.098968 0.100699 0.137808 0.135102 0.098546 0.148869 0.156654 0.116980 0.130246 0.109595 0.130516 0.116539 0.146998 0.131956 0.132005 0.135416 0.090103 0.100372 0.117564 0.147505 0.145792 0.120910 0.145415 0.126334 0.118420 0.129394 0.138176 0.163660 0.152662 0.107867 0.151733 0.147525 0.130879 0.107551 0.100889
 51000.002422 5.443539 0.031552 0.058909 0.032494 0.101856 0.114420 0.081584 0.049620 0.045515 0.054436 0.122998 0.053161 0.118780 0.121356 0.100000 0.034485 0.076138 0.074894 0.010434 0.117880 0.037616 0.128152 0.125695 0.097925 0.100382 0.139748 0.139035 0.098607 0.152458 0.160046 0.118265 0.130530 0.107848 0.128910 0.119216 0.148490 0.133545 0.132368 0.138425 0.089145 0.099458 0.121888 0.149748 0.143679 0.122763 0.144574 0.124692 0.118919 0.126487 0.139447 0.163695 0.153804 0.107942 0.152483 0.145798 0.132697 0.107348 0.103715
 52000.002470 6.979127 0.033197 0.056895 0.025648 0.099769 0.112915 0.080436 0.046616 0.039133 0.050340 0.120597 0.045094 0.115238 0.119604 0.096552 0.034280 0.072423 0.069216 0.011815 0.117085 0.030666 0.128198 0.124101 0.098365 0.099930 0.136657 0.134118 0.096814 0.148011 0.155987 0.115550 0.129518 0.107159 0.127213 0.113837 0.141848 0.127231 0.127913 0.133638 0.088777 0.098530 0.115969 0.146608 0.142789 0.117590 0.141509 0.123973 0.115474 0.126784 0.133244 0.160472 0.151863 0.106108 0.147379 0.143710 0.127252 0.106677 0.099837
 53000.002517 11.384070 0.025685 0.049367 0.025080 0.095271 0.110731 0.074931 0.045369 0.045786 0.047545 0.119524 0.050448 0.119656 0.121277 0.101229 0.025498 0.068257 0.075121 0.015089 0.117332 0.033906 0.126326 0.124376 0.096429 0.097559 0.137609 0.138266 0.095509 0.150334 0.159559 0.116052 0.129917 0.101790 0.123880 0.116064 0.145303 0.130851 0.128293 0.134624 0.085259 0.094022 0.120532 0.149658 0.140592 0.119837 0.141360 0.121040 0.114296 0.121314 0.137037 0.161814 0.152268 0.104339 0.149892 0.140846 0.129045 0.107056 0.106493
 54000.002565 8.199366 0.029920 0.054467 0.026476 0.099799 0.114355 0.079730 0.046800 0.042659 0.049997 0.122079 0.048136 0.118438 0.121867 0.100023 0.030180 0.072221 0.072580 0.012806 0.119422 0.032372 0.129081 0.123777 0.096695 0.097678 0.136089 0.135612 0.095541 0.148486 0.157208 0.114856 0.129401 0.104354 0.126614 0.114503 0.146379 0.130630 0.128818 0.133149 0.086227 0.095009 0.117624 0.147524 0.142910 0.118788 0.143193 0.123315 0.114999 0.124657 0.137113 0.162270 0.151584 0.104801 0.150692 0.143607 0.129337 0.106340 0.104086
 55000.002612 5.746096 0.037497 0.062157 0.030489 0.104530 0.117304 0.085222 0.050224 0.039710 0.053390 0.125069 0.047319 0.117799 0.122712 0.098415 0.039462 0.076375 0.071246 0.010720 0.120777 0.033429 0.132261 0.128014 0.102542 0.104124 0.140267 0.136837 0.101646 0.151036 0.159249 0.119460 0.133465 0.112618 0.132371 0.117286 0.144108 0.129858 0.132016 0.137107 0.093780 0.103647 0.118484 0.150268 0.147656 0.121005 0.145766 0.128258 0.119751 0.132337 0.135567 0.164702 0.155783 0.110851 0.150447 0.149157 0.130192 0.110555 0.100808
 56000.002660 2.024598 0.034895 0.059410 0.031377 0.103599 0.117368 0.082714 0.052418 0.045517 0.052222 0.126454 0.050257 0.122364 0.125719 0.103470 0.034342 0.075904 0.077051 0.006363 0.122470 0.036956 0.132931 0.129513 0.102154 0.102804 0.142283 0.140154 0.102545 0.153808 0.162383 0.120661 0.135200 0.109419 0.130754 0.118709 0.148135 0.132932 0.132882 0.139025 0.092396 0.100911 0.121722 0.152943 0.146875 0.122180 0.146444 0.126175 0.119137 0.129336 0.138998 0.166668 0.157538 0.111280 0.153140 0.148609 0.132253 0.111083 0.106602
 57000.002707 11.449752 0.031579 0.054726 0.024925 0.099034 0.112650 0.079231 0.046554 0.041640 0.048231 0.120846 0.045671 0.116460 0.120280 0.097983 0.031397 0.070657 0.070473 0.015133 0.118398 0.027984 0.128911 0.125135 0.099309 0.101235 0.137695 0.136339 0.096758 0.148997 0.157797 0.117062 0.130480 0.106719 0.127839 0.116020 0.144189 0.129722 0.129542 0.134425 0.088528 0.097850 0.118515 0.148880 0.143943 0.119682 0.143376 0.124576 0.116730 0.126189 0.135789 0.162702 0.152375 0.105813 0.149762 0.144308 0.129370 0.108573 0.101899
 58000.002755 10.572117 0.035543 0.051067 0.023921 0.095023 0.110881 0.073996 0.052989 0.046975 0.041586 0.121047 0.041630 0.122807 0.124744 0.105358 0.028571 0.065710 0.079172 0.014541 0.119903 0.035609 0.130079 0.132662 0.105995 0.103882 0.144559 0.140870 0.105830 0.154745 0.163370 0.122156 0.138018 0.105555 0.125186 0.115060 0.140240 0.125637 0.126629 0.138913 0.093501 0.098899 0.120804 0.154697 0.141866 0.117103 0.140309 0.120938 0.114398 0.124285 0.131252 0.162196 0.159754 0.112713 0.146176 0.143040 0.125702 0.113265 0.108226
 59000.002802 14.426785 0.026314 0.051823 0.024091 0.097561 0.112518 0.077959 0.043550 0.042655 0.048746 0.120489 0.048576 0.117954 0.121095 0.099189 0.028180 0.069713 0.071097 0.016986 0.118559 0.028130 0.128211 0.122958 0.095994 0.098055 0.136143 0.136133 0.093900 0.148414 0.157867 0.114779 0.128956 0.103401 0.125396 0.114852 0.144455 0.129901 0.128165 0.132688 0.084753 0.094492 0.118172 0.148252 0.142266 0.119133 0.142085 0.122884 0.114596 0.123699 0.136448 0.162048 0.151508 0.102720 0.149718 0.142083 0.128586 0.106259 0.104219
 60000.002850 31.129135 0.023486 0.044423 0.016623 0.091295 0.108549 0.073368 0.036425 0.039316 0.047072 0.115236 0.048339 0.114816 0.117356 0.095466 0.028993 0.063696 0.067805 0.024952 0.115081 0.027973 0.123042 0.120505 0.094613 0.096309 0.132995 0.133612 0.091111 0.145420 0.155118 0.112182 0.125654 0.101389 0.122340 0.112503 0.139165 0.126647 0.124979 0.129407 0.082819 0.093679 0.115990 0.145742 0.139446 0.117596 0.138917 0.121703 0.112028 0.121476 0.133048 0.158226 0.148614 0.099772 0.146096 0.137679 0.123910 0.105305 0.102900
 61000.002897 5.160057 0.034355 0.052718 0.024666 0.097420 0.112698 0.075954 0.051135 0.045229 0.045493 0.122256 0.044086 0.121265 0.124351 0.103288 0.028258 0.068982 0.076889 0.010159 0.120180 0.036573 0.130406 0.129266 0.102470 0.101194 0.140884 0.138545 0.101357 0.151962 0.160841 0.119245 0.134853 0.105354 0.126465 0.115037 0.143435 0.128303 0.128532 0.136514 0.091132 0.097763 0.119373 0.151913 0.143327 0.118131 0.142444 0.122533 0.115203 0.124950 0.134375 0.163426 0.156329 0.109949 0.149040 0.144084 0.127788 0.110810 0.106999
 62000.002945 11.006062 0.031810 0.049966 0.019475 0.094339 0.109473 0.074603 0.046161 0.040126 0.043503 0.117637 0.041010 0.116031 0.119292 0.098160 0.029296 0.065724 0.071205 0.014836 0.116257 0.029362 0.126240 0.125466 0.099871 0.099557 0.137023 0.134453 0.097991 0.147827 0.156249 0.115853 0.130593 0.103638 0.123770 0.111758 0.138872 0.124458 0.124710 0.132653 0.088276 0.095905 0.115556 0.147456 0.140120 0.115189 0.138870 0.120779 0.112361 0.123092 0.130331 0.158664 0.152187 0.106089 0.144703 0.140422 0.123911 0.107998 0.101830
 63000.002992 7.533180 0.038077 0.062753 0.030600 0.104043 0.115314 0.084789 0.049496 0.038089 0.054394 0.122656 0.046417 0.113668 0.119172 0.094893 0.040133 0.077203 0.068154 0.012275 0.117654 0.032398 0.129503 0.125331 0.100466 0.102755 0.137572 0.133811 0.099243 0.148304 0.155347 0.117201 0.130116 0.111656 0.131152 0.115753 0.143760 0.129088 0.130920 0.135335 0.092107 0.102621 0.116139 0.146303 0.145615 0.119613 0.144268 0.127143 0.118813 0.130920 0.134740 0.161875 0.152343 0.108756 0.149180 0.147384 0.129545 0.108047 0.097033
 64000.003040 6.251894 0.036222 0.054502 0.025501 0.098280 0.112982 0.077137 0.052219 0.044556 0.044918 0.122389 0.041353 0.120689 0.124106 0.102836 0.030570 0.069225 0.076145 0.011182 0.120380 0.034529 0.131092 0.129325 0.103231 0.102203 0.140977 0.137838 0.101971 0.151655 0.160377 0.119320 0.134959 0.106752 0.127423 0.114741 0.142264 0.127125 0.128253 0.136477 0.091896 0.098571 0.118751 0.151616 0.143730 0.117453 0.142298 0.122863 0.115615 0.126303 0.133126 0.163209 0.156459 0.110170 0.148247 0.144955 0.127326 0.110610 0.105619
 65000.003087 14.495107 0.032394 0.059001 0.026003 0.102453 0.115754 0.084459 0.042084 0.033995 0.053446 0.121763 0.046845 0.112861 0.118568 0.092886 0.038160 0.074169 0.063759 0.017027 0.118648 0.024438 0.129136 0.120848 0.096411 0.099553 0.132740 0.131147 0.093167 0.144131 0.153068 0.113006 0.126524 0.109408 0.130086 0.113987 0.142558 0.128745 0.129599 0.130040 0.087466 0.099367 0.113872 0.144267 0.145767 0.119152 0.144194 0.127566 0.117063 0.130113 0.134958 0.161619 0.148570 0.102992 0.149220 0.145696 0.128071 0.105784 0.097032
 66000.003135 13.984658 0.028178 0.052176 0.022259 0.096243 0.110142 0.076843 0.043088 0.040015 0.048641 0.117906 0.046988 0.114142 0.117719 0.095527 0.030415 0.068769 0.068461 0.016724 0.115322 0.028299 0.125699 0.123474 0.097545 0.100263 0.136537 0.135899 0.094566 0.148345 0.156793 0.116098 0.128337 0.105822 0.126345 0.115901 0.142492 0.128998 0.128711 0.133906 0.087098 0.097604 0.118321 0.147586 0.142155 0.119893 0.141849 0.124137 0.116165 0.124563 0.134790 0.160784 0.150733 0.104146 0.148432 0.142077 0.128363 0.107454 0.100662
 67000.003182 10.570833 0.034606 0.049777 0.020826 0.093818 0.109583 0.073050 0.050629 0.045607 0.040829 0.119384 0.039508 0.120898 0.123493 0.103618 0.026156 0.064699 0.076407 0.014540 0.118533 0.034093 0.129395 0.129823 0.103327 0.101496 0.141541 0.138377 0.101872 0.152142 0.161071 0.119218 0.135743 0.103416 0.123325 0.112578 0.138630 0.123714 0.124599 0.135862 0.090962 0.096516 0.118253 0.152125 0.140545 0.114762 0.138565 0.119957 0.112392 0.122701 0.129628 0.160445 0.157197 0.109668 0.144610 0.140857 0.124271 0.110895 0.106731
 68000.003230 3.446293 0.035187 0.056465 0.028260 0.100721 0.115434 0.079539 0.052075 0.045115 0.049581 0.124583 0.048126 0.121794 0.125169 0.103360 0.032053 0.072350 0.076975 0.008302 0.121609 0.037995 0.131935 0.130120 0.103211 0.103035 0.141800 0.140316 0.102341 0.153376 0.162197 0.120970 0.135616 0.108834 0.130156 0.118309 0.146837 0.131892 0.132208 0.138342 0.093209 0.100887 0.121539 0.153220 0.146604 0.121878 0.146259 0.126366 0.118689 0.128205 0.137571 0.166283 0.157011 0.111683 0.152452 0.147499 0.131379 0.112579 0.107022
 69000.003277 7.533870 0.034713 0.058493 0.028899 0.100725 0.113214 0.081164 0.048998 0.041574 0.050918 0.121532 0.046575 0.116400 0.119975 0.097692 0.035952 0.073556 0.071550 0.012275 0.117433 0.032090 0.128312 0.126039 0.100145 0.102139 0.139011 0.136457 0.099542 0.150455 0.158055 0.117945 0.130884 0.109030 0.128961 0.116642 0.143667 0.129214 0.130084 0.136641 0.090706 0.100582 0.118793 0.148594 0.143756 0.119898 0.142989 0.124668 0.117802 0.128036 0.134935 0.162012 0.153550 0.108198 0.149029 0.145527 0.129302 0.108160 0.100383
 70000.003325 5.178995 0.034554 0.053819 0.024023 0.097204 0.111301 0.076864 0.049263 0.042563 0.046128 0.120166 0.043455 0.117924 0.121402 0.099915 0.030706 0.069334 0.073405 0.010177 0.117453 0.034389 0.128607 0.127643 0.101413 0.101396 0.139714 0.136983 0.099880 0.150659 0.158965 0.118315 0.133104 0.106025 0.126044 0.114400 0.141113 0.126596 0.127452 0.135737 0.090974 0.098545 0.118092 0.149905 0.142283 0.117261 0.140888 0.122660 0.114980 0.125203 0.132292 0.161144 0.154712 0.109054 0.146807 0.143052 0.126874 0.109731 0.103132
 71000.003372 3.460884 0.037341 0.059458 0.032447 0.101758 0.114065 0.080269 0.054460 0.047346 0.052156 0.123734 0.049607 0.120264 0.123276 0.102477 0.034523 0.075958 0.077671 0.008320 0.118794 0.040700 0.130007 0.130354 0.103031 0.103673 0.143557 0.140656 0.103749 0.155091 0.161925 0.121745 0.134940 0.109072 0.129338 0.118948 0.147451 0.132026 0.132185 0.141116 0.093531 0.101689 0.122448 0.152149 0.144338 0.121562 0.144485 0.124514 0.119098 0.127398 0.137666 0.164277 0.157533 0.112723 0.151537 0.146844 0.132031 0.111059 0.105123
 72000.003420 13.555178 0.031969 0.052270 0.018468 0.097340 0.112763 0.078098 0.044132 0.037168 0.046256 0.120333 0.042292 0.116151 0.120883 0.097070 0.032364 0.067597 0.068499 0.016465 0.119152 0.026672 0.129396 0.125431 0.100537 0.100746 0.136611 0.133847 0.097276 0.146687 0.156281 0.116053 0.131156 0.106568 0.126725 0.112454 0.138887 0.125328 0.126658 0.131545 0.089298 0.098219 0.114845 0.148264 0.143957 0.116739 0.141544 0.124536 0.114216 0.126848 0.131490 0.161232 0.152671 0.105902 0.146270 0.143153 0.124590 0.109247 0.101787
 73000.003467 8.369573 0.039300 0.055520 0.024276 0.098711 0.113888 0.078047 0.052908 0.043232 0.044372 0.122983 0.038005 0.121080 0.125344 0.103288 0.032251 0.069114 0.075518 0.012938 0.121434 0.035127 0.132876 0.130717 0.105199 0.103219 0.141568 0.137185 0.103522 0.151785 0.160539 0.119668 0.136765 0.107892 0.127805 0.112877 0.139783 0.124478 0.126982 0.136058 0.093872 0.099837 0.117035 0.151935 0.144527 0.115555 0.141785 0.123640 0.114912 0.127973 0.130481 0.162830 0.158089 0.111840 0.146544 0.145413 0.125463 0.111883 0.105457
 74000.003515 6.678733 0.037136 0.052743 0.027663 0.095970 0.110741 0.073930 0.054882 0.049988 0.044886 0.121596 0.045748 0.123122 0.124791 0.105917 0.028584 0.068587 0.080818 0.011557 0.119191 0.041505 0.129670 0.132784 0.105437 0.104018 0.144676 0.142763 0.105119 0.156209 0.164386 0.123085 0.137818 0.106245 0.126731 0.118275 0.144758 0.129810 0.130040 0.140830 0.094419 0.100216 0.123741 0.155144 0.143152 0.120165 0.142969 0.122575 0.117063 0.124464 0.135072 0.164270 0.159063 0.113784 0.149817 0.144257 0.129927 0.114009 0.109238
 75000.003562 16.326000 0.038587 0.050213 0.029159 0.092137 0.106673 0.068922 0.058063 0.055450 0.041576 0.118766 0.043553 0.124180 0.124602 0.108762 0.024319 0.066222 0.084396 0.018070 0.116867 0.044762 0.127928 0.133814 0.105681 0.103270 0.146651 0.144022 0.105994 0.158234 0.165348 0.123478 0.138539 0.102190 0.122114 0.116615 0.142866 0.126969 0.126503 0.142252 0.093228 0.097025 0.124508 0.155469 0.138248 0.116866 0.138290 0.117373 0.114144 0.119226 0.132457 0.161171 0.160147 0.113674 0.146754 0.140032 0.127923 0.112700 0.111545
 76000.003610 16.154231 0.029041 0.046428 0.019680 0.093312 0.110450 0.073263 0.046222 0.043916 0.042036 0.119126 0.044547 0.120337 0.122309 0.102200 0.025031 0.063830 0.075409 0.017975 0.118801 0.031008 0.127578 0.127707 0.101019 0.100344 0.139580 0.138536 0.099286 0.150951 0.160603 0.118018 0.133082 0.102811 0.124150 0.114396 0.141685 0.127590 0.126570 0.134771 0.088231 0.095099 0.119441 0.151630 0.141350 0.118003 0.140860 0.121201 0.113421 0.122497 0.133633 0.161861 0.154978 0.107048 0.147689 0.141323 0.126098 0.110389 0.106892
 77000.003657 13.672999 0.033528 0.050442 0.020502 0.096069 0.113019 0.075745 0.048279 0.041602 0.043855 0.121626 0.041725 0.120808 0.124201 0.102118 0.030457 0.065967 0.074820 0.016537 0.121016 0.032451 0.130232 0.128765 0.103014 0.101079 0.139662 0.136486 0.101522 0.149958 0.159566 0.118042 0.134380 0.105557 0.126052 0.112642 0.139382 0.125159 0.126315 0.134087 0.090755 0.097765 0.116753 0.151268 0.143321 0.116519 0.141265 0.122619 0.113619 0.125860 0.131477 0.162210 0.156235 0.108808 0.146617 0.143399 0.123953 0.110687 0.106320
 78000.003705 5.376073 0.035841 0.056475 0.027283 0.099777 0.113769 0.078995 0.051282 0.042575 0.048502 0.122862 0.045034 0.119295 0.123118 0.100821 0.034289 0.071736 0.075036 0.010369 0.119650 0.035750 0.130070 0.128656 0.102573 0.101376 0.140527 0.136071 0.102634 0.150246 0.158504 0.118700 0.134009 0.106938 0.126633 0.113658 0.141100 0.126344 0.127574 0.135836 0.091839 0.099360 0.116839 0.150020 0.142840 0.116960 0.141043 0.122226 0.114714 0.126375 0.132499 0.161544 0.155946 0.110150 0.146749 0.144304 0.125642 0.109536 0.103823
 79000.003752 13.899608 0.028280 0.047493 0.024127 0.092603 0.108542 0.072563 0.046805 0.046015 0.044149 0.117510 0.046764 0.119723 0.120544 0.101931 0.025510 0.065598 0.076424 0.016673 0.115864 0.034142 0.124535 0.125339 0.097730 0.097460 0.138320 0.137549 0.097922 0.150799 0.159307 0.115893 0.130506 0.100339 0.121458 0.113479 0.141769 0.126976 0.124939 0.134777 0.085761 0.093134 0.119143 0.149133 0.137663 0.116605 0.137984 0.117846 0.111704 0.119703 0.133113 0.158932 0.153171 0.105350 0.146222 0.138741 0.125513 0.106609 0.105953
 80000.003800 4.005624 0.036055 0.058836 0.030593 0.102440 0.116450 0.081162 0.053800 0.046356 0.049853 0.125889 0.046777 0.122593 0.126009 0.104246 0.033397 0.073781 0.077749 0.008951 0.122643 0.036579 0.133310 0.130078 0.103249 0.103106 0.142404 0.139984 0.103080 0.153526 0.162328 0.120813 0.135744 0.109299 0.130527 0.118003 0.146668 0.131226 0.131908 0.138747 0.092845 0.100505 0.121319 0.153294 0.146499 0.121087 0.145731 0.125520 0.118771 0.128747 0.137281 0.166423 0.157738 0.111459 0.152142 0.148294 0.131214 0.111141 0.106992
 81000.003847 6.472005 0.033897 0.053451 0.026384 0.098273 0.113308 0.077547 0.050467 0.045141 0.045653 0.122419 0.045209 0.121184 0.123851 0.103157 0.028835 0.069852 0.076629 0.011377 0.120172 0.034303 0.130289 0.129300 0.102418 0.102234 0.141342 0.139597 0.101548 0.153047 0.161795 0.119700 0.134696 0.106253 0.127726 0.116491 0.145149 0.130032 0.129759 0.137548 0.091024 0.098009 0.120845 0.152344 0.144013 0.119624 0.143672 0.123376 0.116516 0.126016 0.135934 0.164198 0.156602 0.110080 0.150376 0.145291 0.129584 0.111191 0.106088
 82000.003895 16.635590 0.028716 0.049267 0.018052 0.093737 0.108634 0.074754 0.041377 0.038005 0.045795 0.116126 0.043751 0.113256 0.116917 0.094588 0.030109 0.065551 0.067151 0.018240 0.114770 0.026637 0.124591 0.122364 0.097232 0.098815 0.134344 0.133228 0.093666 0.145656 0.154526 0.114105 0.127459 0.103993 0.124253 0.112843 0.138881 0.125738 0.125806 0.130792 0.086264 0.096166 0.115400 0.145815 0.140607 0.116927 0.139549 0.122421 0.113441 0.123341 0.131569 0.158540 0.149157 0.102729 0.145507 0.139788 0.124752 0.106753 0.099931
 83000.003942 7.576152 0.036918 0.052734 0.026578 0.096584 0.111882 0.074867 0.055204 0.049082 0.042237 0.122181 0.041307 0.123873 0.126106 0.107065 0.026650 0.067838 0.080591 0.012309 0.120572 0.038371 0.131556 0.132188 0.104860 0.102470 0.144245 0.140904 0.104714 0.155159 0.163616 0.121295 0.138036 0.104375 0.125011 0.114441 0.142508 0.126336 0.126626 0.138887 0.092557 0.096925 0.120705 0.154244 0.141687 0.116205 0.140564 0.120250 0.113983 0.123441 0.132370 0.162758 0.159694 0.112444 0.147359 0.143357 0.127046 0.111916 0.109131
 84000.003990 8.314975 0.032374 0.052701 0.024588 0.095369 0.109150 0.075044 0.049074 0.044488 0.046068 0.118439 0.044571 0.117627 0.120022 0.099949 0.029650 0.068296 0.074065 0.012896 0.115613 0.034112 0.126541 0.127651 0.100932 0.101660 0.140763 0.138458 0.100097 0.152175 0.159860 0.119003 0.132546 0.105388 0.125021 0.115703 0.141347 0.127072 0.127388 0.137342 0.090169 0.098365 0.119905 0.150384 0.140606 0.118093 0.139940 0.121542 0.115272 0.123552 0.132565 0.160334 0.154887 0.108590 0.146631 0.141736 0.127340 0.109189 0.103481
 85000.004037 5.810678 0.036948 0.055782 0.024802 0.099160 0.113315 0.078475 0.051658 0.042403 0.046621 0.122238 0.041285 0.118919 0.123207 0.101063 0.032835 0.070502 0.073781 0.010780 0.119980 0.033820 0.131047 0.128155 0.102484 0.101251 0.139340 0.135361 0.101221 0.149349 0.157809 0.117969 0.134011 0.106435 0.126540 0.112579 0.140877 0.125549 0.126793 0.134370 0.091635 0.098544 0.115954 0.149395 0.143296 0.115612 0.141269 0.122810 0.114085 0.126356 0.131592 0.161548 0.155020 0.109545 0.146577 0.143997 0.125703 0.109823 0.103916
 86000.004085 6.929382 0.031637 0.050293 0.023540 0.095402 0.111041 0.074402 0.049074 0.045273 0.044611 0.120328 0.044725 0.120581 0.122812 0.102733 0.026288 0.067552 0.076546 0.011772 0.118396 0.035343 0.128107 0.128020 0.100856 0.100044 0.140189 0.138613 0.100127 0.151999 0.160611 0.118235 0.133278 0.103674 0.124870 0.114771 0.143219 0.128177 0.127509 0.136292 0.089225 0.096164 0.119764 0.151072 0.141413 0.117913 0.141131 0.121111 0.114231 0.123145 0.134216 0.161978 0.155381 0.108496 0.148378 0.142308 0.127357 0.109503 0.106586
 87000.004132 5.177032 0.033777 0.055944 0.026075 0.100264 0.114512 0.080001 0.047864 0.041029 0.049905 0.122720 0.047726 0.118183 0.122196 0.099088 0.033283 0.072104 0.072463 0.010175 0.119542 0.034390 0.130065 0.127973 0.101877 0.103160 0.139916 0.138425 0.099744 0.151452 0.160179 0.119563 0.133099 0.109701 0.130615 0.118140 0.145176 0.131380 0.132230 0.136941 0.092227 0.101511 0.120333 0.151257 0.146652 0.122070 0.145960 0.127321 0.119204 0.129156 0.136993 0.165132 0.154877 0.109716 0.151633 0.147172 0.130777 0.111585 0.103236
 88000.004180 16.307595 0.032741 0.047938 0.017530 0.093183 0.110050 0.072768 0.048161 0.043215 0.041104 0.119038 0.039997 0.119728 0.122901 0.102149 0.026914 0.062926 0.074291 0.018060 0.119300 0.031441 0.129078 0.128326 0.102591 0.100379 0.139032 0.136313 0.100260 0.149099 0.158753 0.117658 0.134206 0.102852 0.123122 0.111252 0.137923 0.123371 0.123948 0.132791 0.089766 0.095671 0.116133 0.150683 0.141023 0.114563 0.139004 0.120715 0.111441 0.122490 0.129441 0.160216 0.155095 0.107691 0.144496 0.140225 0.122826 0.110699 0.106420
 89000.004227 12.208795 0.028342 0.048879 0.027042 0.093958 0.109920 0.072800 0.049438 0.049943 0.046251 0.119697 0.050017 0.122744 0.123307 0.105140 0.024186 0.067511 0.079743 0.015626 0.117593 0.038904 0.126722 0.127753 0.099035 0.098701 0.141221 0.141260 0.099497 0.154096 0.162841 0.118576 0.133062 0.101461 0.123082 0.116639 0.145202 0.130228 0.127826 0.137821 0.087365 0.094519 0.122822 0.152454 0.139599 0.119494 0.140464 0.119574 0.114156 0.120267 0.136269 0.162062 0.155857 0.107611 0.149447 0.140589 0.128902 0.108573 0.109746
 90000.004275 14.782359 0.038934 0.051423 0.032238 0.094650 0.110389 0.070800 0.061006 0.058117 0.042984 0.122952 0.046941 0.129397 0.129288 0.113493 0.024375 0.067884 0.088994 0.017194 0.121286 0.047447 0.131309 0.136083 0.106999 0.103139 0.148730 0.146318 0.108719 0.160262 0.168408 0.125029 0.141532 0.102223 0.123176 0.117746 0.145908 0.129307 0.128004 0.143600 0.094168 0.096803 0.126284 0.158583 0.140089 0.118310 0.140476 0.117711 0.114563 0.119975 0.135197 0.164314 0.163101 0.115672 0.149416 0.142265 0.129401 0.114206 0.116332
 91000.004322 6.223783 0.034485 0.052028 0.022473 0.095871 0.111176 0.075142 0.050580 0.043976 0.043940 0.120552 0.042186 0.120241 0.123114 0.102421 0.028983 0.067046 0.075869 0.011157 0.118726 0.035071 0.129441 0.130425 0.104023 0.102939 0.142314 0.139333 0.102847 0.153080 0.161556 0.120561 0.135766 0.106443 0.126276 0.115152 0.140872 0.126409 0.127558 0.137606 0.092683 0.099364 0.119731 0.152708 0.142758 0.117803 0.141339 0.122760 0.115274 0.125271 0.131994 0.162249 0.157528 0.111231 0.147029 0.143550 0.126631 0.112049 0.105761
 92000.004370 7.827417 0.031153 0.050837 0.024902 0.096501 0.112451 0.075359 0.050089 0.046227 0.045418 0.121862 0.046640 0.122157 0.124252 0.104214 0.027088 0.068275 0.078012 0.012512 0.120072 0.035666 0.129298 0.128881 0.101418 0.099910 0.140906 0.138997 0.101465 0.152093 0.161063 0.118820 0.134317 0.103320 0.124636 0.114648 0.143859 0.128625 0.127477 0.136303 0.089343 0.095841 0.119819 0.151901 0.141708 0.117991 0.141403 0.120844 0.113743 0.122965 0.134842 0.162553 0.156248 0.109049 0.148677 0.142571 0.127189 0.110083 0.108201
 93000.004417 9.350871 0.027752 0.050770 0.023830 0.095430 0.110168 0.075663 0.044882 0.043316 0.047930 0.118495 0.048563 0.117413 0.119572 0.098966 0.028132 0.068649 0.072790 0.013675 0.115796 0.033620 0.125569 0.124695 0.097379 0.098926 0.137917 0.137795 0.096147 0.150569 0.158996 0.116538 0.129745 0.103945 0.124945 0.116076 0.143859 0.129666 0.128291 0.135303 0.087032 0.096307 0.119962 0.149038 0.140917 0.119631 0.141256 0.122277 0.115194 0.122869 0.135501 0.160975 0.152419 0.105530 0.148873 0.141374 0.128626 0.107469 0.103801
 94000.004465 7.958275 0.031713 0.055067 0.024406 0.100158 0.114867 0.080158 0.046641 0.040010 0.049925 0.122629 0.047693 0.117609 0.121979 0.098652 0.032507 0.071288 0.071219 0.012616 0.120153 0.031781 0.130137 0.126036 0.100090 0.100764 0.137523 0.136194 0.097779 0.148494 0.157798 0.117375 0.131557 0.107499 0.128754 0.115688 0.144616 0.130203 0.130191 0.133798 0.089886 0.098854 0.117707 0.149385 0.145560 0.120273 0.144820 0.126150 0.116769 0.127292 0.136249 0.163862 0.152887 0.107308 0.150570 0.145449 0.129086 0.109931 0.103272
 95000.004512 8.679907 0.037272 0.055176 0.028157 0.098314 0.112754 0.076811 0.053654 0.048772 0.046462 0.122769 0.043364 0.122755 0.125559 0.105281 0.029509 0.070889 0.078464 0.013176 0.120310 0.039422 0.131698 0.130258 0.103004 0.102185 0.142769 0.140305 0.102138 0.154683 0.163016 0.120147 0.136025 0.106295 0.127123 0.115982 0.144010 0.128226 0.128919 0.138749 0.092017 0.098513 0.121177 0.153108 0.143377 0.117990 0.142267 0.122588 0.116316 0.125637 0.134394 0.163864 0.158395 0.110968 0.149409 0.144696 0.129045 0.110463 0.108081
 96000.004560 3.727856 0.034359 0.058671 0.029430 0.101961 0.114625 0.081228 0.050092 0.043564 0.051986 0.123400 0.048234 0.118224 0.122250 0.099643 0.034244 0.075199 0.073249 0.008635 0.119137 0.035333 0.130263 0.126725 0.100042 0.101330 0.139703 0.137104 0.099349 0.150904 0.158862 0.118259 0.132013 0.108138 0.128800 0.116646 0.145538 0.130573 0.130840 0.136759 0.090425 0.099737 0.119147 0.149489 0.144527 0.119983 0.143801 0.124714 0.117660 0.127541 0.136721 0.163441 0.154458 0.108539 0.150514 0.145914 0.130243 0.108408 0.103118
 97000.004607 10.840082 0.035930 0.050667 0.025738 0.093748 0.108442 0.072257 0.054037 0.049613 0.041779 0.119307 0.042682 0.122028 0.123156 0.105192 0.027172 0.066179 0.079987 0.014724 0.117480 0.037553 0.127995 0.131910 0.104777 0.103611 0.144630 0.141738 0.104741 0.155648 0.163492 0.122196 0.136926 0.104313 0.124063 0.116338 0.141567 0.126834 0.127014 0.140139 0.092703 0.098297 0.122518 0.154168 0.140202 0.117592 0.139562 0.119614 0.114723 0.122433 0.132223 0.161484 0.158663 0.112176 0.146557 0.141758 0.127278 0.112387 0.108046
 98000.004655 7.343257 0.043421 0.057482 0.029426 0.099138 0.112905 0.076940 0.059417 0.049083 0.044032 0.123661 0.039213 0.123049 0.126486 0.106598 0.032568 0.070445 0.080805 0.012119 0.121292 0.041156 0.133400 0.134711 0.108637 0.105755 0.145622 0.140539 0.108054 0.155296 0.162998 0.123678 0.140242 0.108367 0.127945 0.115317 0.142228 0.126155 0.128429 0.140295 0.097264 0.101402 0.120393 0.154609 0.144244 0.116632 0.142320 0.122723 0.116219 0.126985 0.131597 0.163788 0.160678 0.116216 0.147499 0.146156 0.127793 0.114798 0.107720
 99000.004702 9.863053 0.036401 0.053808 0.022208 0.097037 0.111658 0.076595 0.050242 0.042414 0.044231 0.120585 0.039207 0.118483 0.122648 0.100760 0.031003 0.067866 0.073120 0.014045 0.118945 0.033165 0.130534 0.129265 0.103709 0.102967 0.140817 0.137092 0.101298 0.151082 0.159646 0.119251 0.134860 0.107158 0.126822 0.113555 0.139346 0.124693 0.126803 0.135747 0.092399 0.099306 0.117384 0.151065 0.143301 0.116188 0.140951 0.123367 0.115056 0.126316 0.130548 0.161645 0.156465 0.109977 0.146030 0.143726 0.125623 0.110992 0.103755
 100000.004750 20.731196 0.030114 0.045972 0.022471 0.092339 0.108981 0.071583 0.048975 0.049262 0.040765 0.118574 0.043778 0.122100 0.123521 0.105240 0.020780 0.063929 0.077777 0.020362 0.118677 0.033442 0.128281 0.126784 0.099212 0.098057 0.139207 0.138595 0.097541 0.151064 0.160806 0.116606 0.133048 0.098642 0.120729 0.112533 0.141995 0.126389 0.124068 0.133873 0.085680 0.090962 0.119345 0.151142 0.138620 0.115089 0.138212 0.117769 0.110671 0.118666 0.132949 0.160477 0.154674 0.105273 0.146592 0.138400 0.125701 0.108211 0.109395
 101000.004797 15.509958 0.035907 0.053585 0.018365 0.097840 0.113319 0.078464 0.046284 0.036761 0.045489 0.120971 0.038504 0.116527 0.122003 0.097661 0.033808 0.067684 0.068748 0.017612 0.120019 0.028721 0.130886 0.126979 0.102653 0.101900 0.137545 0.133357 0.099119 0.147117 0.156494 0.116663 0.132799 0.107760 0.127371 0.111166 0.137059 0.123140 0.125908 0.131847 0.091323 0.099398 0.113563 0.148675 0.144524 0.115168 0.141148 0.124793 0.114085 0.128166 0.129437 0.161115 0.154292 0.107673 0.145116 0.143909 0.123157 0.110067 0.101642
 102000.004845 4.576834 0.033508 0.054644 0.026834 0.099263 0.113755 0.078040 0.051338 0.046234 0.046771 0.123190 0.045541 0.121622 0.124600 0.103778 0.028499 0.070945 0.076662 0.009567 0.120735 0.034231 0.131451 0.129327 0.102142 0.102263 0.141865 0.140076 0.101237 0.153466 0.162181 0.120033 0.135033 0.106430 0.127909 0.116901 0.145843 0.130391 0.130100 0.137903 0.090941 0.098141 0.121213 0.152774 0.144415 0.119836 0.143980 0.123790 0.116872 0.126005 0.136424 0.164791 0.157023 0.109855 0.150904 0.145541 0.130349 0.110913 0.106886
 103000.004892 9.071591 0.036706 0.050780 0.023150 0.094037 0.109466 0.072848 0.052699 0.046352 0.042646 0.119569 0.042458 0.121081 0.123288 0.103811 0.028872 0.065848 0.078291 0.013470 0.117818 0.038706 0.128548 0.132546 0.105992 0.103953 0.144194 0.140642 0.105256 0.154609 0.162576 0.122284 0.137567 0.105787 0.124883 0.115219 0.139737 0.125499 0.126786 0.139137 0.094396 0.100048 0.120749 0.153860 0.141508 0.117272 0.140044 0.121466 0.114605 0.124017 0.130745 0.161288 0.158918 0.113380 0.145673 0.142314 0.125772 0.113816 0.107060
 104000.004940 4.074201 0.035810 0.058798 0.033860 0.101679 0.114789 0.079576 0.056036 0.051114 0.051461 0.125057 0.050486 0.123705 0.125839 0.106204 0.031953 0.075407 0.081069 0.009027 0.120762 0.041669 0.131569 0.130608 0.102305 0.102292 0.144202 0.142243 0.103651 0.156141 0.163791 0.121713 0.135818 0.107247 0.128444 0.119299 0.148977 0.132895 0.132001 0.141342 0.092112 0.099384 0.123959 0.153766 0.143911 0.121586 0.144454 0.123171 0.118480 0.125698 0.138879 0.165460 0.158443 0.112068 0.152615 0.146510 0.132793 0.110347 0.108972
 105000.004987 11.823130 0.028697 0.051288 0.031011 0.097295 0.113208 0.075528 0.052129 0.052973 0.048523 0.123242 0.052743 0.125939 0.126314 0.108326 0.023954 0.070858 0.082657 0.015377 0.120945 0.040719 0.129537 0.128042 0.098371 0.097699 0.141626 0.142376 0.099771 0.154940 0.164009 0.118656 0.133767 0.100885 0.124066 0.117669 0.149822 0.133444 0.129534 0.138395 0.086520 0.092971 0.124130 0.153390 0.140898 0.120640 0.142658 0.119712 0.114806 0.120390 0.140071 0.164496 0.156562 0.107711 0.152789 0.142399 0.131569 0.108214 0.112737
 106000.005035 5.981516 0.038097 0.056434 0.028854 0.099892 0.113861 0.077984 0.055508 0.048253 0.046899 0.123813 0.043445 0.122533 0.125779 0.105399 0.030576 0.072243 0.079026 0.010938 0.120966 0.039371 0.132300 0.131082 0.103891 0.102446 0.143356 0.139764 0.103780 0.154235 0.162117 0.120772 0.136615 0.106331 0.127064 0.115284 0.144622 0.128240 0.128671 0.138906 0.092717 0.098418 0.120210 0.152758 0.143328 0.117417 0.142325 0.122201 0.115771 0.125527 0.134464 0.163679 0.158601 0.112134 0.149232 0.145209 0.128784 0.110851 0.107759
 107000.005082 8.181203 0.038583 0.056267 0.023992 0.099376 0.113944 0.078634 0.052040 0.040818 0.046649 0.122640 0.039781 0.118687 0.123742 0.100594 0.034660 0.070033 0.073537 0.012792 0.120505 0.035612 0.131719 0.129090 0.104017 0.101700 0.139699 0.134429 0.102444 0.148707 0.157335 0.118250 0.134844 0.107517 0.126861 0.111315 0.138393 0.123344 0.125953 0.133989 0.093110 0.099683 0.114364 0.149555 0.143673 0.114598 0.140640 0.123154 0.113754 0.127207 0.129582 0.161118 0.155952 0.110647 0.145087 0.144301 0.123557 0.110313 0.103543
 108000.005130 8.148959 0.035627 0.053468 0.023088 0.096747 0.111504 0.076077 0.049807 0.041621 0.046341 0.120116 0.041996 0.117697 0.121703 0.099880 0.031854 0.068681 0.073521 0.012766 0.117799 0.036191 0.128478 0.127826 0.102034 0.100370 0.139053 0.135172 0.100822 0.149279 0.157287 0.117494 0.132965 0.105517 0.125086 0.111922 0.139297 0.124342 0.125645 0.134384 0.091150 0.098143 0.115610 0.148691 0.141441 0.115285 0.139670 0.121753 0.113270 0.124606 0.130354 0.159753 0.154626 0.109219 0.145186 0.142156 0.124109 0.109182 0.103294
 109000.005177 16.191935 0.037988 0.050265 0.018939 0.094125 0.110137 0.073390 0.051637 0.043944 0.040063 0.119540 0.035588 0.119762 0.123378 0.102668 0.029150 0.063983 0.074969 0.017996 0.119576 0.033338 0.130379 0.130474 0.105318 0.102930 0.140778 0.136915 0.102642 0.150626 0.159541 0.119448 0.136130 0.105228 0.125033 0.111881 0.137756 0.122924 0.124868 0.134667 0.092856 0.098159 0.116716 0.151571 0.142398 0.114305 0.139889 0.121881 0.112982 0.124769 0.128673 0.160990 0.156676 0.110509 0.144678 0.142124 0.123549 0.112487 0.105898
 110000.005225 4.535489 0.033955 0.054150 0.026797 0.098554 0.113316 0.077516 0.051402 0.045503 0.046655 0.122569 0.045726 0.121356 0.123918 0.103381 0.029750 0.070552 0.077264 0.009524 0.119822 0.036048 0.130127 0.130460 0.103301 0.103197 0.142982 0.140824 0.102999 0.154673 0.162823 0.121070 0.135415 0.107463 0.128405 0.117567 0.145447 0.130393 0.130477 0.139428 0.092230 0.099488 0.121953 0.153252 0.144208 0.120473 0.143992 0.123922 0.117545 0.126518 0.136168 0.164503 0.157922 0.111466 0.150710 0.145918 0.130079 0.111692 0.106419
 111000.005272 11.133629 0.041588 0.057631 0.024834 0.099379 0.113964 0.079042 0.052938 0.039766 0.047188 0.122629 0.038316 0.118250 0.123684 0.100000 0.037792 0.069969 0.073247 0.014922 0.120522 0.037211 0.131675 0.129481 0.105209 0.101972 0.139087 0.132757 0.103881 0.147509 0.155998 0.117961 0.135213 0.108378 0.126780 0.109773 0.135769 0.120966 0.124813 0.133012 0.094709 0.101113 0.112329 0.148649 0.143541 0.113129 0.139644 0.123044 0.113034 0.128165 0.127009 0.159868 0.155831 0.111610 0.143062 0.144026 0.121294 0.110698 0.102505
 112000.005320 7.855745 0.038372 0.053970 0.025877 0.096090 0.109946 0.074750 0.054651 0.047037 0.043044 0.120201 0.039545 0.120458 0.123060 0.103638 0.030254 0.068239 0.077864 0.012535 0.117835 0.037096 0.129391 0.131384 0.104980 0.103386 0.143595 0.139073 0.104722 0.153844 0.161210 0.121075 0.136522 0.105713 0.124876 0.114087 0.139872 0.124535 0.126005 0.138775 0.093386 0.098991 0.119455 0.152205 0.140738 0.115457 0.139067 0.120189 0.114213 0.124130 0.130153 0.160497 0.158197 0.112362 0.145107 0.142606 0.125705 0.111312 0.105571
 113000.005367 4.253894 0.032559 0.057347 0.029377 0.101201 0.114293 0.080660 0.049264 0.043834 0.051238 0.122723 0.048736 0.118296 0.121839 0.099881 0.032097 0.074269 0.073550 0.009224 0.118743 0.034926 0.129465 0.125323 0.098291 0.099842 0.138419 0.137111 0.097449 0.150494 0.158650 0.117015 0.130754 0.106649 0.128167 0.116618 0.146744 0.131353 0.130585 0.135994 0.088635 0.097709 0.119423 0.148892 0.143715 0.120191 0.143813 0.124092 0.117141 0.126114 0.137557 0.163206 0.153147 0.107081 0.151179 0.145233 0.130896 0.107326 0.103258
 114000.005415 6.403088 0.034910 0.057568 0.026448 0.100684 0.113878 0.080769 0.047445 0.038779 0.051439 0.121667 0.046527 0.115450 0.120311 0.096325 0.035867 0.073410 0.069991 0.011316 0.117710 0.034404 0.128772 0.125571 0.100014 0.101111 0.137708 0.134557 0.098187 0.148397 0.156482 0.116930 0.130680 0.108781 0.128685 0.114895 0.142066 0.128111 0.129521 0.134580 0.090778 0.100554 0.116453 0.147657 0.144364 0.118854 0.142822 0.125347 0.116882 0.128251 0.134085 0.161769 0.152806 0.107904 0.148307 0.145208 0.127647 0.108298 0.100227
 115000.005462 15.702697 0.046779 0.062671 0.030745 0.101610 0.113360 0.080968 0.057833 0.043516 0.049219 0.122887 0.037296 0.117418 0.122981 0.100086 0.042025 0.073859 0.074458 0.017722 0.119225 0.039621 0.132242 0.132370 0.108543 0.106608 0.143187 0.135009 0.107674 0.151043 0.157587 0.121663 0.137208 0.112346 0.129289 0.112843 0.136428 0.121720 0.127018 0.137945 0.098527 0.105280 0.115342 0.149986 0.144280 0.114491 0.140156 0.124114 0.116502 0.130772 0.127218 0.160195 0.158446 0.115272 0.143324 0.146354 0.123794 0.112342 0.100878
 116000.005510 11.567544 0.030699 0.046775 0.022942 0.092905 0.109553 0.071671 0.049683 0.047864 0.042058 0.119229 0.045493 0.122152 0.123462 0.104755 0.022764 0.064779 0.078861 0.015210 0.118240 0.037154 0.127492 0.128501 0.100821 0.099258 0.140636 0.139782 0.099962 0.152493 0.161730 0.118470 0.134063 0.101008 0.122575 0.114434 0.142763 0.127745 0.126143 0.136109 0.088412 0.093994 0.120648 0.152184 0.139780 0.117225 0.139764 0.119189 0.112623 0.120291 0.133813 0.161465 0.155739 0.108227 0.147631 0.140244 0.126663 0.109951 0.109012
 117000.005557 5.823489 0.033942 0.052071 0.025795 0.096407 0.111248 0.074720 0.051958 0.047336 0.045165 0.121065 0.044548 0.121308 0.123579 0.103985 0.026833 0.069047 0.078050 0.010792 0.118709 0.037794 0.128985 0.129498 0.102062 0.101145 0.141875 0.139847 0.101690 0.153647 0.161665 0.119691 0.134614 0.104339 0.125448 0.115658 0.144458 0.128796 0.128245 0.138081 0.090643 0.096992 0.120829 0.152037 0.141676 0.118186 0.141605 0.121209 0.115108 0.123303 0.134777 0.162602 0.156696 0.110125 0.149091 0.143061 0.128506 0.110246 0.107343
 118000.005605 9.515807 0.037028 0.054082 0.023084 0.097479 0.111799 0.077118 0.049906 0.041020 0.044460 0.120554 0.040314 0.117435 0.121698 0.099494 0.032443 0.068396 0.072556 0.013796 0.118651 0.031374 0.129846 0.129169 0.104208 0.103709 0.140359 0.136345 0.101778 0.150126 0.158606 0.119428 0.134483 0.107810 0.127475 0.113979 0.139557 0.125590 0.127616 0.135446 0.092868 0.100119 0.117260 0.150441 0.143866 0.116983 0.141668 0.123816 0.115495 0.127303 0.131181 0.161724 0.155516 0.110261 0.146267 0.144440 0.125892 0.111859 0.102309
 119000.005652 10.123609 0.033409 0.055033 0.023090 0.099279 0.114163 0.079776 0.046679 0.039515 0.047565 0.122190 0.043342 0.118081 0.122476 0.099084 0.033212 0.069772 0.070511 0.014229 0.120491 0.028309 0.130949 0.126439 0.101101 0.101542 0.137874 0.135359 0.098788 0.148585 0.157986 0.117084 0.132438 0.107751 0.128275 0.114027 0.141196 0.127006 0.128272 0.133250 0.090339 0.099179 0.116467 0.149511 0.145107 0.117972 0.143069 0.125254 0.115706 0.128147 0.133060 0.162871 0.154025 0.107203 0.148081 0.144978 0.126691 0.109744 0.102830
 120000.005700 8.732631 0.027914 0.054333 0.027103 0.099734 0.114887 0.080061 0.044597 0.041701 0.052145 0.122446 0.052459 0.118770 0.121908 0.099221 0.031739 0.072162 0.072749 0.013216 0.119226 0.034201 0.128503 0.124560 0.097407 0.099181 0.137294 0.137695 0.096108 0.149882 0.159162 0.116614 0.130006 0.106744 0.128547 0.117603 0.146647 0.132709 0.131452 0.134909 0.087780 0.098049 0.120106 0.149577 0.144828 0.122501 0.145150 0.125851 0.117561 0.126566 0.138779 0.164255 0.152501 0.105934 0.152244 0.145197 0.130853 0.108309 0.104417
