#! FIELDS time restraint.bias r0 r1 r2 r3 r4 r5 r6 r7 r8 r9 r10 r11 r12 r13 r14 r15 r16 r17 r18 r19 r20 r21 r22 r23 r24 r25 r26 r27 r28 r29 r30 r31 r32 r33 r34 r35 r36 r37 r38 r39 r40 r41 r42 r43 r44 r45 r46 r47 r48 r49 r50 r51 r52 r53 r54 r55 r56
 0.000000 0.000025 0.034509 0.033604 0.030785 0.080730 0.101030 0.058300 0.057567 0.064778 0.033937 0.113063 0.049971 0.129539 0.125559 0.116047 0.000022 0.054281 0.091725 0.035010 0.116279 0.047475 0.123752 0.132744 0.103026 0.098799 0.145632 0.147786 0.102762 0.159177 0.169097 0.121506 0.138471 0.089984 0.113013 0.115276 0.143873 0.127720 0.121171 0.139313 0.086343 0.085783 0.128056 0.158197 0.131544 0.115762 0.134093 0.110323 0.107571 0.107560 0.133814 0.159328 0.159242 0.108792 0.146248 0.131323 0.126306 0.112724 0.120540
 1000.000047 11.601066 0.038682 0.027933 0.024964 0.071182 0.091191 0.049916 0.056053 0.061828 0.025194 0.103314 0.041379 0.121776 0.117770 0.110052 0.015232 0.043625 0.086769 0.038185 0.108066 0.045794 0.116881 0.131750 0.104830 0.100483 0.143419 0.144069 0.102549 0.155741 0.164327 0.120634 0.136605 0.089749 0.108837 0.111283 0.132283 0.118222 0.114899 0.136469 0.088608 0.088135 0.123966 0.154465 0.126569 0.110444 0.127147 0.107908 0.104217 0.105076 0.122715 0.151349 0.155687 0.108387 0.136540 0.124911 0.118848 0.113071 0.113828
 2000.000095 9.180864 0.025084 0.034181 0.021335 0.083363 0.103127 0.063264 0.046639 0.053278 0.037427 0.112511 0.048104 0.122406 0.120865 0.106493 0.013551 0.055487 0.080817 0.029376 0.114934 0.037100 0.121810 0.125318 0.097024 0.094904 0.137758 0.139770 0.095624 0.150818 0.160966 0.115127 0.130891 0.091994 0.114566 0.111796 0.140602 0.125751 0.120427 0.132408 0.081788 0.085948 0.120847 0.150847 0.132830 0.114645 0.134261 0.113093 0.106785 0.110969 0.132138 0.156879 0.152432 0.102256 0.144512 0.131598 0.123111 0.107370 0.112461
 3000.000142 5.495301 0.039396 0.030542 0.027048 0.076402 0.097280 0.053013 0.059627 0.064000 0.027277 0.110018 0.042898 0.127815 0.124345 0.115299 0.010484 0.048568 0.091401 0.036271 0.114435 0.048840 0.122533 0.135058 0.106868 0.100649 0.146495 0.146297 0.105766 0.158434 0.167544 0.122688 0.140276 0.090260 0.110975 0.112116 0.136948 0.121336 0.117407 0.138816 0.089797 0.087739 0.125412 0.157778 0.129645 0.111553 0.130426 0.108612 0.105251 0.106776 0.126882 0.155888 0.159855 0.111207 0.140702 0.128808 0.121005 0.114600 0.119450
 4000.000190 11.137885 0.041194 0.030061 0.026380 0.072905 0.092402 0.051215 0.058687 0.062903 0.023892 0.104572 0.039758 0.122771 0.119138 0.111524 0.014925 0.045493 0.088199 0.038490 0.109132 0.047022 0.118601 0.133351 0.106304 0.101409 0.145121 0.144641 0.104113 0.156987 0.164819 0.121765 0.138132 0.089646 0.108592 0.110605 0.132456 0.117526 0.114233 0.137726 0.089695 0.087719 0.123930 0.154988 0.126315 0.109066 0.126640 0.107098 0.103742 0.104884 0.122321 0.151291 0.156948 0.110077 0.136116 0.125388 0.118781 0.113817 0.114492
 5000.000237 4.121641 0.037764 0.031422 0.028915 0.077220 0.097618 0.054294 0.059579 0.064702 0.029372 0.110337 0.047089 0.128241 0.124012 0.115679 0.009079 0.050107 0.092272 0.035050 0.113879 0.049624 0.121908 0.135701 0.106702 0.101520 0.147715 0.148873 0.106255 0.160470 0.169508 0.124234 0.140714 0.091135 0.112225 0.115210 0.140274 0.124797 0.119838 0.140954 0.090405 0.088695 0.128374 0.159246 0.130440 0.114743 0.132460 0.110015 0.107340 0.106915 0.129842 0.157432 0.160394 0.112373 0.143167 0.129976 0.124286 0.115814 0.119720
 6000.000285 10.320724 0.029678 0.028704 0.023786 0.077867 0.098899 0.058766 0.048294 0.057288 0.032837 0.108684 0.047333 0.123269 0.120129 0.108429 0.014367 0.049726 0.083364 0.036471 0.113092 0.039081 0.119669 0.125969 0.098291 0.095427 0.138412 0.140401 0.096211 0.151251 0.162195 0.115172 0.131947 0.089204 0.111214 0.110593 0.136827 0.122787 0.117272 0.131788 0.081596 0.084151 0.121409 0.151913 0.129787 0.112577 0.130732 0.110026 0.104400 0.107980 0.129063 0.154561 0.153107 0.101718 0.141261 0.127972 0.120455 0.108030 0.113967
 7000.000332 14.748970 0.043300 0.033680 0.031948 0.073259 0.091043 0.049106 0.063311 0.067680 0.027953 0.105738 0.044035 0.125401 0.120243 0.114518 0.017175 0.049344 0.093160 0.037692 0.108529 0.052566 0.117792 0.136583 0.108470 0.103485 0.149334 0.148781 0.108446 0.161586 0.168117 0.125609 0.140448 0.090744 0.109042 0.114763 0.135664 0.120647 0.117248 0.143273 0.092532 0.090680 0.128734 0.157845 0.125782 0.112015 0.127273 0.106005 0.106412 0.104297 0.125000 0.152715 0.159613 0.113944 0.138144 0.126244 0.121952 0.115463 0.117481
 8000.000380 13.500695 0.040726 0.032348 0.022233 0.076532 0.096653 0.054629 0.058147 0.059687 0.023116 0.109058 0.037988 0.124974 0.122519 0.112158 0.016432 0.046190 0.087770 0.033879 0.113411 0.045247 0.122718 0.135909 0.109132 0.103439 0.146341 0.145159 0.106953 0.157163 0.166309 0.123789 0.141239 0.094079 0.113100 0.111956 0.133114 0.118744 0.117413 0.138239 0.093075 0.091745 0.123827 0.157604 0.131552 0.111293 0.130873 0.111411 0.106390 0.110179 0.123181 0.155154 0.159860 0.112974 0.138268 0.130148 0.119747 0.116981 0.115449
 9000.000427 9.774203 0.025569 0.030991 0.024646 0.080750 0.100458 0.060849 0.047047 0.056319 0.037782 0.110144 0.051510 0.121935 0.118997 0.106568 0.013982 0.054626 0.082390 0.033271 0.112778 0.039575 0.118658 0.124772 0.096258 0.094578 0.137687 0.140684 0.095039 0.151218 0.160978 0.115203 0.129708 0.089526 0.112206 0.112789 0.141394 0.126936 0.120013 0.132987 0.080618 0.084546 0.122625 0.150509 0.130231 0.115254 0.132750 0.110896 0.106134 0.107836 0.133225 0.155340 0.151079 0.101460 0.144258 0.128959 0.123504 0.107250 0.113037
 10000.000475 4.413321 0.033934 0.031633 0.025509 0.078263 0.097558 0.056394 0.054736 0.060594 0.031736 0.109226 0.046947 0.123911 0.120684 0.110615 0.009395 0.051410 0.086845 0.033700 0.112204 0.044390 0.120327 0.132049 0.103700 0.100865 0.144647 0.146412 0.102101 0.157709 0.166405 0.121982 0.136665 0.092115 0.113281 0.115394 0.140526 0.125702 0.120730 0.139134 0.087950 0.088827 0.126816 0.156154 0.131001 0.115782 0.133160 0.111691 0.108342 0.108149 0.130860 0.156851 0.156963 0.108938 0.143693 0.130193 0.124968 0.113590 0.115344
 11000.000522 8.893016 0.033698 0.031185 0.023418 0.079001 0.100011 0.057953 0.053051 0.058755 0.032663 0.111059 0.046711 0.125525 0.122755 0.111097 0.013336 0.050501 0.086348 0.033256 0.114808 0.044608 0.122249 0.131416 0.103339 0.099471 0.142684 0.144980 0.101425 0.155834 0.166194 0.120426 0.136922 0.093292 0.115118 0.114547 0.140130 0.125635 0.121332 0.136557 0.088078 0.089502 0.125284 0.156317 0.133712 0.116013 0.135154 0.114005 0.108443 0.110865 0.130883 0.158639 0.157133 0.108364 0.144763 0.131861 0.124184 0.113690 0.116564
 12000.000570 5.781915 0.038223 0.027921 0.030301 0.073553 0.093980 0.050896 0.059253 0.066229 0.028987 0.106858 0.048546 0.126444 0.120965 0.114562 0.010754 0.048062 0.092470 0.038157 0.110748 0.050262 0.117970 0.134633 0.105891 0.101259 0.146986 0.148920 0.105433 0.160284 0.168706 0.123740 0.138855 0.089294 0.110075 0.115640 0.139811 0.124908 0.118951 0.141029 0.089345 0.087822 0.129341 0.158109 0.127702 0.114819 0.130566 0.107985 0.106675 0.104353 0.129700 0.155331 0.158428 0.111266 0.142145 0.127274 0.123970 0.115206 0.118842
 13000.000617 10.583759 0.041799 0.034265 0.026534 0.077223 0.095946 0.054364 0.060838 0.062227 0.022971 0.108994 0.038757 0.125381 0.122194 0.113373 0.014549 0.048794 0.089938 0.033657 0.112491 0.046293 0.122072 0.136755 0.109450 0.104161 0.148215 0.146624 0.108248 0.159279 0.167102 0.124988 0.141552 0.093254 0.112389 0.113037 0.135145 0.120048 0.117750 0.140759 0.093081 0.090987 0.125710 0.157850 0.129941 0.111414 0.130213 0.109391 0.106669 0.108746 0.124536 0.154866 0.160246 0.114005 0.138803 0.130081 0.121388 0.116783 0.115646
 14000.000665 9.994244 0.038042 0.022133 0.031285 0.069245 0.091470 0.048326 0.057527 0.068008 0.030740 0.103396 0.051136 0.125430 0.119454 0.114214 0.014138 0.044055 0.091802 0.044797 0.109296 0.051332 0.115823 0.131715 0.103316 0.098512 0.144026 0.147191 0.101713 0.157604 0.167018 0.120710 0.136399 0.085142 0.106038 0.113093 0.137305 0.122743 0.115329 0.137177 0.085838 0.084039 0.127574 0.156260 0.124702 0.112798 0.127430 0.106033 0.103270 0.100263 0.128050 0.152506 0.155823 0.107063 0.139850 0.122390 0.120995 0.113061 0.119652
 15000.000712 7.584717 0.027216 0.032666 0.025338 0.080973 0.099985 0.060306 0.048890 0.057018 0.037056 0.110091 0.049524 0.122078 0.119391 0.107242 0.012316 0.055473 0.082919 0.032291 0.112357 0.040220 0.119122 0.124956 0.096273 0.094205 0.138163 0.140156 0.095434 0.151483 0.160758 0.114953 0.130113 0.088629 0.111081 0.111323 0.140193 0.125116 0.118588 0.133128 0.080484 0.083750 0.121667 0.150055 0.129055 0.113180 0.131108 0.109308 0.104963 0.107069 0.131572 0.154310 0.151495 0.101720 0.142772 0.128295 0.122476 0.106248 0.112985
 16000.000760 8.653426 0.035668 0.039779 0.027284 0.083756 0.100786 0.060800 0.057214 0.060404 0.035056 0.113404 0.045388 0.125348 0.123149 0.111463 0.013156 0.057711 0.087134 0.027566 0.114448 0.045033 0.124157 0.133335 0.104547 0.101918 0.146292 0.146782 0.103794 0.159076 0.167337 0.123246 0.138338 0.095579 0.116611 0.116777 0.142668 0.127115 0.123555 0.141194 0.090079 0.091817 0.127329 0.157046 0.134019 0.116516 0.135569 0.113711 0.110948 0.112021 0.132320 0.159468 0.158939 0.111176 0.145786 0.134109 0.127401 0.113646 0.115448
 17000.000807 14.045156 0.038418 0.025741 0.022637 0.070609 0.091289 0.049247 0.054949 0.060464 0.025612 0.102987 0.040815 0.121002 0.117474 0.108946 0.016760 0.043087 0.085794 0.038564 0.108020 0.046156 0.116292 0.131004 0.104377 0.099270 0.142280 0.142080 0.101984 0.153948 0.162292 0.119452 0.135571 0.088820 0.107414 0.109136 0.130052 0.116242 0.113187 0.134956 0.087932 0.087502 0.121728 0.152851 0.125542 0.108595 0.125510 0.106919 0.102473 0.104346 0.121110 0.149665 0.154647 0.107629 0.134703 0.123465 0.116189 0.112103 0.113552
 18000.000855 10.419882 0.040373 0.032444 0.023823 0.077114 0.097411 0.054358 0.058722 0.060611 0.024599 0.109577 0.037908 0.125612 0.123361 0.112948 0.014436 0.047727 0.088517 0.034403 0.113982 0.046176 0.123082 0.134506 0.107439 0.101118 0.145269 0.143685 0.105470 0.156063 0.165139 0.121905 0.139997 0.091861 0.111543 0.110005 0.133216 0.118070 0.115979 0.136925 0.090786 0.088927 0.122447 0.156160 0.130123 0.109362 0.129473 0.109365 0.104580 0.108568 0.123305 0.154376 0.158951 0.111233 0.137946 0.129131 0.118692 0.114503 0.116447
 19000.000902 4.581540 0.032469 0.028350 0.027386 0.076943 0.098233 0.055163 0.054486 0.062558 0.033255 0.109868 0.049689 0.126942 0.122701 0.113145 0.009572 0.050434 0.089477 0.036031 0.113773 0.046903 0.120088 0.130391 0.101359 0.096619 0.142707 0.144791 0.100967 0.155829 0.165816 0.119130 0.135701 0.088186 0.110278 0.112831 0.139840 0.124731 0.118406 0.136306 0.084739 0.085026 0.125265 0.155377 0.128994 0.113794 0.131141 0.108581 0.104981 0.105508 0.130738 0.155905 0.156305 0.106470 0.142893 0.127805 0.122312 0.110918 0.118841
 20000.000950 6.432033 0.038181 0.036272 0.027010 0.081460 0.100749 0.058028 0.058832 0.062295 0.031217 0.113681 0.043316 0.128531 0.126040 0.114817 0.011342 0.054202 0.090226 0.031205 0.116394 0.047864 0.125399 0.134732 0.106057 0.100679 0.146748 0.146220 0.105330 0.158749 0.168092 0.122708 0.140425 0.093002 0.114053 0.113488 0.139318 0.123459 0.120292 0.139663 0.090149 0.089573 0.125609 0.158101 0.132606 0.113121 0.133006 0.110985 0.107624 0.110254 0.129294 0.158448 0.160805 0.111584 0.143188 0.132248 0.123436 0.113876 0.118860
 21000.000997 8.748626 0.037857 0.031035 0.023526 0.077392 0.097561 0.054956 0.057019 0.059944 0.026377 0.109535 0.040974 0.125154 0.122389 0.112047 0.013228 0.049049 0.088136 0.033693 0.113349 0.045346 0.121574 0.133914 0.106350 0.100752 0.145434 0.144134 0.105255 0.156625 0.165148 0.121860 0.138800 0.091324 0.111130 0.110810 0.134649 0.119600 0.116547 0.137852 0.089686 0.088524 0.123165 0.155752 0.129355 0.110508 0.129482 0.108776 0.104765 0.107896 0.125076 0.154162 0.158506 0.110747 0.138714 0.128852 0.119300 0.113798 0.115921
 22000.001045 15.175915 0.034366 0.031567 0.018994 0.080148 0.101864 0.060185 0.051749 0.054734 0.029122 0.111810 0.041215 0.124734 0.123497 0.109877 0.017422 0.048477 0.083595 0.034018 0.116882 0.039171 0.124365 0.130433 0.103852 0.098453 0.140724 0.140216 0.101287 0.151475 0.162543 0.118107 0.136735 0.092521 0.113400 0.108776 0.133947 0.119507 0.116648 0.132019 0.087198 0.087704 0.119197 0.154014 0.132912 0.110678 0.132015 0.112417 0.104315 0.111291 0.125426 0.155757 0.156371 0.106733 0.139689 0.130659 0.118106 0.112462 0.114746
 23000.001092 5.920658 0.037801 0.027462 0.030532 0.072533 0.092428 0.050946 0.057868 0.065833 0.028647 0.104534 0.047871 0.124149 0.118962 0.112773 0.010882 0.047070 0.090286 0.040298 0.108913 0.048538 0.116808 0.131511 0.103188 0.099323 0.144255 0.146456 0.101671 0.157578 0.166219 0.120909 0.136243 0.086808 0.107690 0.113281 0.137743 0.122732 0.116202 0.137956 0.086337 0.084761 0.126995 0.155432 0.125460 0.112414 0.128000 0.106335 0.104353 0.102067 0.127850 0.152730 0.155591 0.107672 0.139863 0.124523 0.122211 0.112505 0.116785
 24000.001140 12.339861 0.023778 0.036538 0.023733 0.085918 0.105137 0.066020 0.045695 0.053476 0.041398 0.114184 0.051700 0.122650 0.121274 0.106202 0.015710 0.059248 0.080407 0.028872 0.115797 0.038296 0.122454 0.124153 0.095262 0.094099 0.136810 0.139975 0.093939 0.150643 0.160851 0.114518 0.129759 0.092480 0.115948 0.113292 0.143971 0.128895 0.122625 0.132410 0.080878 0.086074 0.121761 0.150372 0.134267 0.116628 0.136379 0.114700 0.108236 0.111990 0.135453 0.158316 0.151520 0.101551 0.147263 0.132893 0.125651 0.106821 0.112749
 25000.001187 10.934206 0.034528 0.037093 0.023835 0.081436 0.098619 0.059499 0.053786 0.057135 0.033655 0.110405 0.043893 0.121978 0.120003 0.107877 0.014788 0.055612 0.083973 0.027871 0.111480 0.043171 0.121042 0.131043 0.102986 0.100431 0.143934 0.143661 0.101864 0.156260 0.164124 0.120907 0.135736 0.094288 0.114240 0.113856 0.138302 0.123582 0.120568 0.138709 0.088595 0.090887 0.124154 0.153924 0.131481 0.113895 0.132273 0.111951 0.108437 0.110782 0.128816 0.155706 0.156460 0.109216 0.141884 0.131330 0.123661 0.111711 0.111987
 26000.001235 8.238143 0.035536 0.025975 0.027808 0.073871 0.094716 0.052900 0.053972 0.063536 0.032558 0.106170 0.049644 0.123872 0.119645 0.111006 0.012836 0.048409 0.087841 0.039995 0.110752 0.047781 0.117723 0.128947 0.100861 0.096920 0.140889 0.143891 0.098368 0.154134 0.164108 0.118252 0.134091 0.086889 0.108589 0.112574 0.138341 0.123982 0.117315 0.134701 0.084384 0.084560 0.125061 0.153768 0.127540 0.113145 0.129614 0.108310 0.104378 0.103738 0.129602 0.153874 0.153649 0.105011 0.141401 0.125015 0.121953 0.111181 0.116993
 27000.001282 11.458571 0.028879 0.030703 0.023167 0.079718 0.099967 0.058942 0.049018 0.056852 0.037238 0.110290 0.050122 0.122763 0.120138 0.107586 0.015138 0.053352 0.083386 0.032916 0.113219 0.042699 0.119554 0.127155 0.098937 0.096211 0.139180 0.141855 0.097297 0.152485 0.162229 0.117118 0.132037 0.091264 0.113286 0.113470 0.140593 0.126443 0.120788 0.134176 0.083844 0.087366 0.123358 0.152189 0.131670 0.115695 0.133698 0.112472 0.107156 0.109136 0.132283 0.156389 0.152868 0.104184 0.144420 0.129760 0.123434 0.109748 0.114437
 28000.001330 9.944353 0.035219 0.034643 0.020924 0.081912 0.101766 0.060239 0.054181 0.055813 0.029541 0.112927 0.041558 0.125070 0.123578 0.110503 0.014103 0.052493 0.085348 0.028733 0.115900 0.041651 0.124325 0.133177 0.105597 0.101050 0.144352 0.143557 0.104182 0.155766 0.165216 0.121481 0.138594 0.094769 0.115494 0.112276 0.137418 0.122563 0.120033 0.137195 0.089961 0.090551 0.122785 0.155942 0.133907 0.113212 0.133897 0.113188 0.107539 0.112632 0.127990 0.157638 0.158671 0.110571 0.142149 0.133190 0.121937 0.114209 0.114520
 29000.001377 7.518762 0.031023 0.032251 0.021988 0.079878 0.099398 0.058565 0.051247 0.056806 0.032944 0.110539 0.046117 0.123444 0.120941 0.108734 0.012263 0.052313 0.084164 0.030388 0.113244 0.041469 0.121018 0.130115 0.101981 0.099201 0.142407 0.143729 0.100533 0.155172 0.164641 0.119802 0.135228 0.093112 0.114342 0.114021 0.139161 0.124886 0.120820 0.136713 0.086783 0.089317 0.124278 0.154639 0.132392 0.115255 0.133653 0.112746 0.108074 0.110493 0.130313 0.157049 0.156028 0.107187 0.143423 0.131217 0.123524 0.111849 0.114013
 30000.001425 4.802015 0.035642 0.029884 0.027860 0.077207 0.097844 0.054420 0.057350 0.063224 0.031227 0.110057 0.047822 0.126874 0.122992 0.113784 0.009800 0.050463 0.090537 0.035506 0.113739 0.048287 0.120719 0.132869 0.104210 0.099021 0.144834 0.146098 0.103615 0.157445 0.166565 0.121535 0.137726 0.089324 0.110820 0.113411 0.139728 0.124273 0.118677 0.138365 0.087606 0.086594 0.126078 0.156478 0.129188 0.113668 0.131289 0.108685 0.105692 0.105679 0.129918 0.156003 0.157633 0.109420 0.142485 0.128502 0.122701 0.113199 0.118727
 31000.001472 8.244665 0.039622 0.032549 0.024333 0.077118 0.096943 0.054226 0.058264 0.061359 0.026682 0.109489 0.040249 0.125350 0.122763 0.112691 0.012841 0.048851 0.088493 0.033840 0.113303 0.047149 0.122531 0.134968 0.107396 0.102131 0.146104 0.145825 0.105435 0.158035 0.166782 0.123098 0.139999 0.093049 0.113134 0.112885 0.136314 0.121135 0.118618 0.138995 0.091388 0.090374 0.125067 0.157247 0.131334 0.112290 0.131666 0.111095 0.107062 0.109210 0.126095 0.156177 0.159416 0.111913 0.140718 0.130235 0.121726 0.115380 0.116485
 32000.001520 5.753969 0.035353 0.027156 0.025935 0.074532 0.095372 0.052947 0.055758 0.062370 0.029295 0.107183 0.046733 0.124893 0.120630 0.112137 0.010728 0.047436 0.088796 0.036695 0.111454 0.046589 0.118667 0.131517 0.103239 0.098509 0.143371 0.144962 0.102123 0.156032 0.165309 0.120370 0.136512 0.088317 0.109227 0.112303 0.137275 0.122434 0.116817 0.136678 0.086780 0.086064 0.125022 0.155249 0.127786 0.112427 0.129571 0.108137 0.104330 0.104644 0.127687 0.154000 0.155997 0.107979 0.140327 0.126367 0.121135 0.112681 0.117028
 33000.001567 8.697992 0.033755 0.027197 0.022191 0.076478 0.098353 0.055545 0.052720 0.059020 0.029861 0.109440 0.045877 0.125484 0.122421 0.111293 0.013189 0.047350 0.086705 0.035854 0.114178 0.044050 0.121193 0.131724 0.104030 0.099191 0.143139 0.144010 0.102118 0.155114 0.165508 0.120173 0.137219 0.091103 0.111925 0.112021 0.136033 0.122099 0.118014 0.135617 0.087392 0.087988 0.123632 0.156023 0.131006 0.113265 0.131560 0.111097 0.105516 0.108472 0.127699 0.155812 0.157423 0.107801 0.140991 0.128904 0.120332 0.113376 0.116905
 34000.001615 11.408892 0.036626 0.023521 0.035057 0.072015 0.095066 0.051158 0.058639 0.070184 0.034606 0.106909 0.055587 0.129426 0.122653 0.117504 0.015106 0.047628 0.095089 0.045326 0.112715 0.053148 0.117224 0.130613 0.101060 0.095037 0.142768 0.146713 0.101368 0.156649 0.167116 0.118903 0.135841 0.082084 0.105085 0.112434 0.140822 0.125103 0.115432 0.135796 0.083018 0.080331 0.127459 0.156079 0.124419 0.112900 0.128074 0.104118 0.101700 0.098809 0.131282 0.153768 0.155511 0.105649 0.142034 0.122597 0.121510 0.111049 0.123367
 35000.001662 10.897867 0.026869 0.034071 0.020545 0.082417 0.101759 0.062165 0.047281 0.053223 0.036562 0.111579 0.047354 0.121572 0.119824 0.105809 0.014763 0.054704 0.080661 0.028882 0.113860 0.037378 0.120951 0.126697 0.098801 0.096972 0.138956 0.140862 0.097170 0.151955 0.161632 0.116881 0.131767 0.093548 0.115419 0.113326 0.140405 0.126137 0.121473 0.134028 0.083968 0.088363 0.122166 0.151703 0.133320 0.115724 0.134836 0.113966 0.108214 0.111814 0.131950 0.157115 0.152963 0.104048 0.144588 0.132080 0.123856 0.109274 0.111736
 36000.001710 9.669114 0.036877 0.026456 0.026087 0.072852 0.092984 0.052253 0.054843 0.062255 0.027328 0.104510 0.045332 0.122233 0.117959 0.110081 0.013906 0.045745 0.086755 0.039147 0.109371 0.044509 0.117257 0.130857 0.103552 0.100169 0.142777 0.144693 0.100948 0.155545 0.164630 0.120363 0.135601 0.089103 0.109605 0.112998 0.136247 0.122229 0.116910 0.136322 0.086900 0.086803 0.125468 0.154594 0.127697 0.112733 0.129365 0.108871 0.105211 0.105124 0.127044 0.153170 0.154745 0.107080 0.139700 0.125780 0.121512 0.113234 0.114545
 37000.001757 11.609642 0.029656 0.026196 0.021811 0.075315 0.095805 0.056132 0.047354 0.056883 0.033317 0.105588 0.047839 0.119970 0.116735 0.105717 0.015238 0.048326 0.081474 0.037006 0.109876 0.039882 0.116548 0.125523 0.098177 0.096146 0.137827 0.140574 0.095373 0.151027 0.160877 0.115694 0.130475 0.089150 0.110367 0.111600 0.136551 0.123092 0.117355 0.132225 0.082254 0.085476 0.122053 0.150741 0.128626 0.113326 0.130203 0.110369 0.104900 0.106597 0.128714 0.153003 0.151057 0.101761 0.140698 0.126108 0.120742 0.108751 0.112050
 38000.001805 17.101076 0.035959 0.025309 0.018394 0.072785 0.094281 0.053346 0.050142 0.055653 0.027063 0.104222 0.040967 0.119429 0.116986 0.105974 0.018494 0.043323 0.081748 0.037879 0.109666 0.041136 0.117191 0.129020 0.103201 0.099053 0.139478 0.139968 0.099584 0.151250 0.160710 0.117664 0.133809 0.091049 0.110514 0.109213 0.130900 0.117915 0.115029 0.132335 0.086912 0.088244 0.120053 0.151640 0.128867 0.110365 0.128665 0.110550 0.103878 0.108098 0.122833 0.151444 0.153113 0.105663 0.136692 0.126074 0.116880 0.112116 0.111193
 39000.001852 8.886602 0.037084 0.028206 0.026078 0.073368 0.093076 0.050764 0.056196 0.062352 0.029897 0.105412 0.045696 0.122641 0.118749 0.110319 0.013332 0.047916 0.087919 0.036374 0.108960 0.048504 0.116941 0.131501 0.103651 0.099177 0.143410 0.144496 0.102079 0.155965 0.164140 0.120715 0.135775 0.089012 0.108892 0.112458 0.135853 0.121429 0.116800 0.137440 0.087824 0.087600 0.124903 0.154117 0.126792 0.112036 0.128377 0.107772 0.104863 0.104282 0.126363 0.152522 0.155150 0.108566 0.139049 0.125415 0.120710 0.112489 0.115321
 40000.001900 7.844544 0.034540 0.037016 0.022301 0.083241 0.101747 0.061147 0.054093 0.055907 0.031347 0.112918 0.040732 0.123707 0.122625 0.109368 0.012526 0.054898 0.084093 0.027487 0.115248 0.040295 0.124181 0.130768 0.103157 0.099189 0.142440 0.141701 0.101666 0.154085 0.163094 0.119407 0.136232 0.093573 0.114800 0.111372 0.138379 0.122723 0.119590 0.135931 0.087606 0.088647 0.121602 0.153560 0.132910 0.112118 0.133186 0.112004 0.106941 0.111668 0.128554 0.156846 0.156409 0.108250 0.142262 0.132602 0.122369 0.111375 0.113132
 41000.001947 15.603073 0.028535 0.037955 0.018083 0.084823 0.102977 0.064049 0.047002 0.049756 0.037138 0.112810 0.043635 0.120115 0.119872 0.103809 0.017665 0.057190 0.078282 0.023920 0.113929 0.036512 0.122214 0.126443 0.099063 0.097180 0.138468 0.138689 0.097294 0.150870 0.160048 0.116293 0.131572 0.095876 0.117025 0.111964 0.138569 0.124248 0.121612 0.133612 0.085186 0.090335 0.119754 0.150300 0.134572 0.114340 0.134867 0.114976 0.108667 0.114548 0.130139 0.156908 0.153005 0.104708 0.143560 0.133729 0.122751 0.108360 0.109205
 42000.001995 8.500096 0.034424 0.037078 0.026402 0.082095 0.100132 0.059365 0.055359 0.060120 0.035824 0.112198 0.046674 0.124748 0.122432 0.110823 0.013038 0.056682 0.086576 0.029372 0.113647 0.046076 0.122587 0.131935 0.103046 0.100154 0.144675 0.145800 0.102190 0.157931 0.166281 0.121631 0.136694 0.094003 0.115237 0.115555 0.141987 0.126523 0.122436 0.139727 0.088496 0.090382 0.126370 0.155690 0.132849 0.115856 0.134547 0.112953 0.109660 0.110659 0.131974 0.158285 0.157650 0.109617 0.145186 0.132401 0.126039 0.112337 0.115563
 43000.002042 10.929354 0.035293 0.029203 0.019814 0.076662 0.097750 0.056069 0.052575 0.057661 0.027689 0.108594 0.041206 0.123469 0.121328 0.109695 0.014785 0.046381 0.084139 0.035952 0.113715 0.040897 0.121998 0.131372 0.104598 0.100684 0.142545 0.143185 0.101296 0.154369 0.164640 0.120106 0.136954 0.093000 0.113458 0.111894 0.134721 0.120899 0.118088 0.135014 0.088101 0.089179 0.122871 0.155436 0.132219 0.112742 0.132068 0.112750 0.106544 0.110321 0.126135 0.155908 0.156890 0.107353 0.140484 0.129821 0.120478 0.113595 0.114721
 44000.002090 8.557298 0.034343 0.033419 0.022650 0.081001 0.101148 0.058945 0.054511 0.057399 0.029682 0.112514 0.041983 0.125882 0.123788 0.111325 0.013082 0.051848 0.086383 0.030318 0.115973 0.041959 0.123710 0.131538 0.103768 0.098760 0.143031 0.142360 0.102728 0.154515 0.164331 0.119615 0.137223 0.092393 0.113635 0.111112 0.137082 0.121967 0.118622 0.135701 0.087490 0.088007 0.122082 0.154960 0.132116 0.111908 0.132311 0.110830 0.105894 0.110591 0.127909 0.156667 0.157524 0.108242 0.141579 0.131537 0.120790 0.111836 0.115705
 45000.002137 15.103952 0.035150 0.039032 0.020105 0.083654 0.101529 0.062861 0.051592 0.053304 0.032997 0.111969 0.038980 0.121149 0.121150 0.106309 0.017380 0.054731 0.080060 0.028276 0.114306 0.038624 0.124495 0.128915 0.102176 0.099576 0.140463 0.140207 0.098762 0.152357 0.161917 0.118161 0.134854 0.096081 0.116731 0.111616 0.136626 0.121830 0.120229 0.134254 0.087825 0.090645 0.120416 0.152520 0.134665 0.112580 0.134000 0.114950 0.108462 0.114125 0.127398 0.156961 0.155107 0.106634 0.142006 0.133336 0.122510 0.110820 0.110373
 46000.002185 13.283948 0.037698 0.038861 0.027740 0.081837 0.098969 0.059136 0.058863 0.060157 0.029738 0.111718 0.042581 0.124897 0.121998 0.111623 0.016300 0.054421 0.088311 0.028968 0.113293 0.043436 0.122606 0.135573 0.107676 0.104302 0.148293 0.147029 0.107650 0.159752 0.167280 0.125114 0.139938 0.096048 0.115636 0.115984 0.139062 0.124122 0.121542 0.142401 0.092183 0.092630 0.127065 0.157645 0.132102 0.115060 0.133223 0.111625 0.109987 0.111481 0.128781 0.157194 0.160066 0.113391 0.142309 0.133393 0.124844 0.115334 0.114125
 47000.002232 7.049927 0.030303 0.029315 0.026451 0.078259 0.098430 0.057957 0.050263 0.059895 0.035402 0.108625 0.050113 0.122860 0.119846 0.108891 0.011874 0.051952 0.084331 0.037374 0.112583 0.042290 0.119262 0.125437 0.097188 0.094449 0.137839 0.140944 0.094866 0.151172 0.161381 0.115149 0.131032 0.086796 0.109623 0.111081 0.139707 0.124669 0.117446 0.131930 0.080633 0.082370 0.122239 0.151005 0.128574 0.112912 0.130650 0.109070 0.103938 0.105024 0.131058 0.154189 0.151376 0.101243 0.142433 0.126375 0.122046 0.107787 0.114897
 48000.002280 11.551447 0.028364 0.028509 0.022114 0.078317 0.099330 0.058072 0.048018 0.056476 0.035920 0.109385 0.049201 0.122842 0.120100 0.107645 0.015200 0.051509 0.083194 0.034470 0.112953 0.041776 0.119043 0.126688 0.098620 0.095295 0.138892 0.140688 0.097222 0.151682 0.161715 0.116060 0.131841 0.089711 0.111282 0.111156 0.137618 0.123643 0.118200 0.132888 0.082708 0.085920 0.121542 0.151680 0.130025 0.113493 0.131291 0.110653 0.104915 0.107946 0.129858 0.154632 0.153058 0.103147 0.141872 0.127979 0.120515 0.108615 0.114431
 49000.002327 6.105948 0.034396 0.028465 0.025371 0.076755 0.097376 0.055688 0.053292 0.060467 0.030479 0.107982 0.045901 0.123363 0.120375 0.110285 0.011051 0.049258 0.085883 0.037208 0.112557 0.043373 0.119935 0.129045 0.101357 0.097543 0.140653 0.142607 0.098754 0.153435 0.163119 0.117995 0.134231 0.088544 0.110537 0.111331 0.138158 0.123152 0.117298 0.134100 0.084466 0.084511 0.123207 0.153091 0.129175 0.112229 0.130747 0.109460 0.104636 0.106087 0.128927 0.154520 0.153914 0.105057 0.141471 0.127359 0.121590 0.110987 0.115261
 50000.002375 9.032637 0.032838 0.039404 0.024439 0.085761 0.103564 0.063635 0.053851 0.055970 0.034667 0.114997 0.044804 0.124675 0.123322 0.109625 0.013441 0.058087 0.084654 0.024825 0.116196 0.040051 0.124897 0.131625 0.103333 0.100518 0.143944 0.143807 0.102666 0.156031 0.164995 0.121101 0.136912 0.095642 0.117228 0.114647 0.141914 0.126570 0.123042 0.138317 0.088436 0.090694 0.124201 0.155193 0.135016 0.115695 0.136066 0.114059 0.109787 0.113670 0.132202 0.159414 0.157568 0.109444 0.145437 0.135186 0.125757 0.112546 0.113551
 51000.002422 12.456060 0.031244 0.030113 0.021794 0.078652 0.099220 0.057575 0.049629 0.056489 0.035865 0.109568 0.048091 0.122456 0.120457 0.107561 0.015784 0.051872 0.083165 0.033523 0.112882 0.044088 0.119922 0.127642 0.099870 0.096202 0.139137 0.140886 0.097568 0.151786 0.161684 0.116928 0.132848 0.090956 0.112316 0.111560 0.137594 0.123602 0.119010 0.133197 0.084746 0.087509 0.121644 0.151983 0.131170 0.113659 0.132159 0.112015 0.105815 0.108816 0.129458 0.155223 0.153286 0.104645 0.142169 0.128737 0.121128 0.110016 0.114307
 52000.002470 8.285767 0.029737 0.031733 0.020777 0.080336 0.100276 0.060303 0.048506 0.055619 0.033793 0.110371 0.046047 0.122431 0.120525 0.107442 0.012873 0.052094 0.081677 0.032507 0.113872 0.038654 0.121629 0.127206 0.099492 0.097235 0.139187 0.141385 0.096722 0.152096 0.162563 0.116912 0.132984 0.091999 0.114040 0.112493 0.138985 0.124693 0.119971 0.133175 0.084028 0.087134 0.122295 0.152670 0.132776 0.114416 0.133739 0.113341 0.107030 0.110498 0.130506 0.156807 0.153603 0.103753 0.143525 0.130551 0.123035 0.110045 0.113194
 53000.002517 14.498784 0.032893 0.030915 0.018075 0.078582 0.098374 0.057455 0.050290 0.053980 0.031762 0.108921 0.043204 0.120727 0.119153 0.105976 0.017029 0.050434 0.081827 0.031318 0.112036 0.041025 0.119757 0.129727 0.102883 0.099413 0.141089 0.141047 0.100475 0.152687 0.161660 0.119095 0.134271 0.093679 0.113675 0.111775 0.135245 0.121771 0.119009 0.134985 0.087632 0.090245 0.121429 0.152561 0.131683 0.113175 0.131947 0.112569 0.106842 0.110778 0.127065 0.154689 0.154527 0.107191 0.140451 0.130053 0.120308 0.111934 0.111694
 54000.002565 4.702421 0.034074 0.031825 0.026949 0.077917 0.097395 0.055518 0.055438 0.061802 0.032764 0.109425 0.047526 0.124943 0.121180 0.111695 0.009698 0.052244 0.088275 0.032949 0.112126 0.046575 0.119766 0.131631 0.102710 0.098951 0.144025 0.145795 0.102262 0.157437 0.166000 0.120936 0.136188 0.090590 0.111961 0.114362 0.140638 0.125284 0.119883 0.138658 0.087121 0.087699 0.126320 0.155391 0.129732 0.114593 0.132075 0.109894 0.107100 0.106950 0.130609 0.156114 0.156585 0.108657 0.143292 0.129152 0.124087 0.112176 0.116434
 55000.002612 3.734111 0.038648 0.032032 0.028307 0.077241 0.097479 0.054634 0.059184 0.064227 0.028266 0.110004 0.044520 0.127459 0.123806 0.115045 0.008642 0.049574 0.090953 0.035690 0.114027 0.048273 0.122585 0.134227 0.105782 0.100621 0.145874 0.147086 0.104383 0.158588 0.168119 0.122509 0.139785 0.090570 0.112041 0.113711 0.139341 0.123561 0.118862 0.138813 0.089345 0.087514 0.126692 0.157956 0.130531 0.113234 0.132024 0.109912 0.106503 0.107084 0.128792 0.157048 0.159165 0.110696 0.142542 0.129629 0.123544 0.114655 0.118813
 56000.002660 8.666825 0.037870 0.029822 0.025728 0.076540 0.096876 0.053640 0.056745 0.062885 0.030745 0.109199 0.045623 0.125411 0.122469 0.112542 0.013166 0.049779 0.088523 0.037058 0.113397 0.047874 0.121582 0.133921 0.106017 0.101720 0.145607 0.146693 0.103602 0.158080 0.167123 0.122852 0.138620 0.091960 0.112779 0.114586 0.138676 0.124124 0.120037 0.139004 0.089635 0.089646 0.126712 0.157355 0.131400 0.114618 0.132605 0.111639 0.107860 0.108190 0.129416 0.157018 0.158510 0.110124 0.142893 0.129459 0.123337 0.115140 0.117934
 57000.002707 4.145852 0.035062 0.028961 0.029258 0.076990 0.098613 0.054894 0.056876 0.064871 0.033194 0.110581 0.050337 0.128727 0.124380 0.115440 0.009106 0.050376 0.091557 0.037559 0.114838 0.049586 0.121584 0.132308 0.103045 0.097915 0.144392 0.146991 0.102322 0.157805 0.168113 0.120812 0.137911 0.088646 0.111117 0.114127 0.141349 0.125842 0.119363 0.137681 0.086484 0.085667 0.127104 0.157577 0.130136 0.114826 0.132500 0.109663 0.105994 0.105741 0.131716 0.157577 0.158202 0.108294 0.144351 0.128694 0.123860 0.112919 0.120933
 58000.002755 11.793573 0.024165 0.032152 0.025033 0.081699 0.101697 0.061990 0.046211 0.055395 0.039455 0.111020 0.052233 0.122461 0.119561 0.106503 0.015358 0.055685 0.082424 0.032344 0.113207 0.040180 0.118783 0.124090 0.095240 0.093386 0.137231 0.140077 0.094739 0.151009 0.160861 0.114291 0.129125 0.089982 0.112701 0.112390 0.141386 0.126852 0.120140 0.132753 0.079972 0.084518 0.121966 0.150113 0.130459 0.115280 0.132893 0.111029 0.106147 0.108592 0.133403 0.155536 0.151251 0.101027 0.144493 0.129644 0.123166 0.105914 0.113069
 59000.002802 5.022800 0.030733 0.034515 0.024247 0.082621 0.102698 0.061539 0.052214 0.057851 0.033406 0.113388 0.045820 0.125963 0.123918 0.111187 0.010023 0.053857 0.085267 0.031257 0.116718 0.040199 0.124456 0.129154 0.100748 0.097264 0.141223 0.142707 0.099271 0.153820 0.164444 0.118055 0.135344 0.091769 0.114464 0.112407 0.140650 0.125159 0.120221 0.134573 0.084609 0.086089 0.123002 0.154475 0.133240 0.113997 0.134285 0.112372 0.106853 0.110517 0.131343 0.158361 0.156037 0.105464 0.144525 0.132115 0.123691 0.110338 0.116013
 60000.002850 10.107726 0.027896 0.038925 0.023233 0.085948 0.104338 0.064449 0.050165 0.054458 0.038785 0.114836 0.047553 0.123895 0.122631 0.108092 0.014218 0.058838 0.082607 0.024868 0.115804 0.039653 0.123927 0.128715 0.099877 0.097940 0.141603 0.142797 0.099358 0.154784 0.163984 0.118702 0.133961 0.095549 0.117528 0.114665 0.142738 0.127504 0.123459 0.136848 0.085662 0.089945 0.123610 0.153602 0.135169 0.116744 0.136608 0.115146 0.110041 0.113749 0.133506 0.159444 0.155886 0.106428 0.146603 0.134879 0.125957 0.109697 0.113297
 61000.002897 7.881231 0.027725 0.038151 0.025092 0.086555 0.105088 0.065511 0.049632 0.054862 0.038544 0.114899 0.048139 0.123770 0.122464 0.108058 0.012555 0.059609 0.082522 0.026904 0.116296 0.038930 0.123793 0.126123 0.097290 0.095236 0.138926 0.140660 0.096394 0.152336 0.161942 0.115818 0.131794 0.092547 0.115933 0.112769 0.143752 0.127765 0.122059 0.134090 0.082399 0.085848 0.122006 0.151375 0.133801 0.115082 0.135694 0.113183 0.107976 0.111909 0.134413 0.158407 0.153401 0.103624 0.146598 0.133660 0.125541 0.107349 0.113058
 62000.002945 4.393796 0.031670 0.034110 0.025161 0.081884 0.101182 0.059716 0.053548 0.058937 0.033640 0.112685 0.046258 0.125768 0.123215 0.111210 0.009374 0.054940 0.086454 0.030104 0.115200 0.042640 0.122835 0.129783 0.101015 0.097315 0.142377 0.143164 0.100447 0.155032 0.164571 0.118766 0.135353 0.090940 0.113138 0.112569 0.140513 0.124928 0.119916 0.136278 0.085089 0.086484 0.123662 0.154282 0.131516 0.113527 0.132865 0.110465 0.106472 0.109221 0.131164 0.157183 0.156305 0.106541 0.143753 0.131082 0.123341 0.110055 0.116043
 63000.002992 15.488561 0.038739 0.032399 0.018649 0.077855 0.097654 0.056380 0.054634 0.056897 0.027790 0.109032 0.038060 0.122363 0.121377 0.108895 0.017600 0.048482 0.083475 0.034314 0.113414 0.042778 0.122924 0.132682 0.106381 0.101727 0.143379 0.142129 0.102850 0.154118 0.163282 0.121046 0.138101 0.093893 0.113159 0.110457 0.132670 0.118603 0.117195 0.135431 0.090512 0.090987 0.121203 0.154699 0.132122 0.110612 0.130926 0.112566 0.105942 0.110924 0.123738 0.154696 0.157233 0.109551 0.138452 0.129699 0.119015 0.114547 0.113595
 64000.003040 8.211300 0.030270 0.030746 0.021531 0.080521 0.101581 0.060399 0.049157 0.055889 0.033576 0.111195 0.045552 0.124077 0.122308 0.109018 0.012815 0.052033 0.082985 0.033817 0.115286 0.040050 0.122500 0.126529 0.098615 0.094788 0.138309 0.139523 0.096328 0.150801 0.161655 0.114960 0.132844 0.089642 0.112062 0.109144 0.137278 0.122302 0.117271 0.131152 0.082279 0.084177 0.119736 0.151695 0.131324 0.111357 0.131681 0.111044 0.104006 0.109184 0.128962 0.155528 0.153744 0.102610 0.141815 0.129342 0.120097 0.108141 0.114697
 65000.003087 7.030549 0.034775 0.033427 0.025054 0.079047 0.098570 0.057270 0.054230 0.060738 0.033639 0.110246 0.045563 0.124758 0.122126 0.111108 0.011858 0.052405 0.086128 0.033697 0.113471 0.045333 0.122234 0.130937 0.102542 0.099294 0.143077 0.145072 0.100409 0.156549 0.166078 0.120194 0.136337 0.092508 0.114014 0.114311 0.140085 0.124993 0.120725 0.137292 0.087251 0.088863 0.125578 0.155630 0.132388 0.114824 0.133694 0.112773 0.108258 0.109656 0.130475 0.157680 0.156914 0.107616 0.144163 0.130646 0.124502 0.112219 0.116251
 66000.003135 6.922433 0.034042 0.031490 0.022234 0.078728 0.098516 0.056917 0.052954 0.058059 0.030036 0.109897 0.042535 0.123592 0.121384 0.109511 0.011766 0.050529 0.084787 0.032881 0.113582 0.041599 0.121639 0.130121 0.102694 0.098893 0.142008 0.142404 0.100444 0.154041 0.163658 0.119057 0.135468 0.091769 0.112892 0.111915 0.136943 0.122385 0.118710 0.135384 0.086456 0.087782 0.122785 0.154049 0.131217 0.112626 0.131750 0.110935 0.106352 0.109370 0.128135 0.155835 0.155795 0.106572 0.141496 0.129924 0.121478 0.111327 0.114451
 67000.003182 7.013986 0.038870 0.032480 0.025803 0.076985 0.096860 0.053980 0.058898 0.062069 0.027161 0.109516 0.042389 0.125968 0.122658 0.113394 0.011844 0.048982 0.089824 0.033079 0.112947 0.047868 0.121718 0.135550 0.107520 0.102405 0.146923 0.147247 0.106367 0.159271 0.167832 0.123998 0.140316 0.093168 0.113429 0.114335 0.137940 0.122723 0.119566 0.140340 0.091746 0.090608 0.126680 0.158049 0.131190 0.113756 0.132366 0.111087 0.107798 0.108832 0.127378 0.156730 0.159780 0.112779 0.141757 0.130670 0.123085 0.115924 0.117008
 68000.003230 6.105107 0.030410 0.035167 0.024619 0.083791 0.103162 0.062153 0.051957 0.057570 0.035617 0.113874 0.047261 0.125307 0.123535 0.110334 0.011050 0.056427 0.084765 0.030047 0.116481 0.041185 0.124068 0.128568 0.099888 0.096739 0.140881 0.142256 0.098606 0.153635 0.163608 0.117755 0.134382 0.091511 0.114389 0.112601 0.141910 0.126255 0.120869 0.134829 0.084160 0.086135 0.122904 0.153488 0.133110 0.114243 0.134502 0.112240 0.107056 0.110412 0.132675 0.158210 0.155252 0.105233 0.145232 0.132116 0.124249 0.109696 0.115601
 69000.003277 6.897632 0.032036 0.030509 0.022275 0.078666 0.099137 0.057246 0.051721 0.057342 0.032281 0.109778 0.045095 0.123104 0.120763 0.108916 0.011745 0.050796 0.084505 0.032913 0.113355 0.042386 0.120520 0.129055 0.101308 0.097301 0.140548 0.141848 0.099485 0.153102 0.162560 0.118008 0.134008 0.090894 0.112484 0.111606 0.138250 0.123385 0.118675 0.134485 0.085297 0.086711 0.122334 0.152830 0.130764 0.113080 0.132094 0.110968 0.105810 0.108436 0.129141 0.155455 0.154280 0.105832 0.142177 0.129385 0.121574 0.110628 0.114368
 70000.003325 6.764350 0.027981 0.031884 0.024337 0.081681 0.102143 0.060965 0.048677 0.057402 0.037969 0.112194 0.050963 0.124526 0.122167 0.109098 0.011631 0.055218 0.083974 0.032674 0.115032 0.042357 0.121795 0.127214 0.098318 0.095967 0.139695 0.142684 0.096575 0.153431 0.163810 0.116932 0.132792 0.091305 0.114354 0.113854 0.142441 0.127848 0.121778 0.134369 0.082974 0.086445 0.123944 0.153289 0.133130 0.116364 0.135105 0.113408 0.107779 0.110201 0.134114 0.158301 0.154178 0.103796 0.146278 0.131313 0.124939 0.109522 0.115715
 71000.003372 5.401967 0.031472 0.032531 0.024770 0.080804 0.101207 0.060034 0.052456 0.059383 0.033413 0.111865 0.046980 0.125805 0.123386 0.111540 0.010394 0.052572 0.085709 0.034330 0.115757 0.041619 0.123599 0.129550 0.101130 0.097652 0.141921 0.143530 0.099249 0.154509 0.165041 0.118568 0.135678 0.090695 0.112972 0.112373 0.139794 0.124605 0.119228 0.134867 0.084602 0.085742 0.123631 0.154971 0.132067 0.113714 0.133124 0.111764 0.106158 0.108963 0.130779 0.157416 0.156317 0.105462 0.143614 0.130398 0.123131 0.110942 0.116739
 72000.003420 8.498237 0.029970 0.029892 0.023276 0.078442 0.098972 0.057678 0.050497 0.058660 0.034658 0.109837 0.048742 0.124015 0.121159 0.109454 0.013037 0.050888 0.084517 0.034596 0.113630 0.042383 0.120742 0.128563 0.100358 0.097523 0.140754 0.143402 0.098330 0.153829 0.164197 0.118361 0.134052 0.091131 0.112985 0.113703 0.139536 0.125371 0.120128 0.134761 0.084656 0.087323 0.124262 0.154228 0.131781 0.115415 0.133342 0.112458 0.107062 0.108679 0.131056 0.156898 0.154733 0.104745 0.143817 0.129441 0.123274 0.110924 0.115785
 73000.003467 5.071529 0.033213 0.031837 0.025948 0.078807 0.097834 0.057314 0.053749 0.060461 0.032912 0.109258 0.047317 0.123831 0.120502 0.110300 0.010071 0.053068 0.086301 0.033454 0.112023 0.044143 0.120027 0.130125 0.101464 0.098591 0.143032 0.144578 0.100274 0.156237 0.164990 0.119778 0.135057 0.090235 0.111687 0.113570 0.140021 0.124907 0.119320 0.137419 0.085703 0.086800 0.125239 0.154334 0.129694 0.113902 0.131629 0.109998 0.106535 0.107247 0.130571 0.155559 0.155635 0.106987 0.142775 0.128899 0.123733 0.111208 0.115086
 74000.003515 9.247278 0.030772 0.026764 0.021757 0.077271 0.098701 0.057122 0.049164 0.056968 0.032486 0.108743 0.047440 0.122931 0.120183 0.108259 0.013599 0.049108 0.083697 0.035604 0.113172 0.041456 0.119516 0.127514 0.099962 0.096286 0.138918 0.140959 0.097528 0.151502 0.161992 0.116578 0.132890 0.089552 0.111451 0.111089 0.137343 0.123381 0.117975 0.132417 0.083618 0.085558 0.121763 0.152311 0.130423 0.113165 0.131615 0.110868 0.104801 0.107873 0.129295 0.154915 0.153126 0.103734 0.141736 0.128061 0.120631 0.110227 0.114490
 75000.003562 7.120889 0.038879 0.026692 0.031921 0.071691 0.092564 0.049469 0.059968 0.068598 0.029376 0.105739 0.049552 0.127589 0.121387 0.116122 0.011934 0.046684 0.093776 0.041013 0.110331 0.052032 0.117675 0.133907 0.104800 0.099704 0.146593 0.148852 0.104468 0.160034 0.169249 0.122653 0.138829 0.086900 0.107717 0.114500 0.138554 0.123473 0.116960 0.139855 0.087936 0.085876 0.129081 0.158305 0.125955 0.113328 0.128559 0.106173 0.104825 0.102043 0.128589 0.154256 0.158485 0.109826 0.140883 0.124899 0.122606 0.113910 0.120586
 76000.003610 6.928774 0.026797 0.034450 0.025229 0.083102 0.102356 0.062120 0.049073 0.057465 0.038939 0.112810 0.051345 0.124203 0.121859 0.108757 0.011772 0.057069 0.083674 0.030563 0.114843 0.041205 0.122001 0.127032 0.097948 0.096240 0.140105 0.142969 0.096714 0.153724 0.163735 0.117364 0.132544 0.091811 0.114680 0.114708 0.143374 0.128639 0.122507 0.135190 0.082917 0.086885 0.124531 0.153166 0.133158 0.116903 0.135339 0.113358 0.108454 0.110324 0.134820 0.158471 0.153997 0.103889 0.146654 0.131767 0.126011 0.109116 0.115066
 77000.003657 17.035829 0.032780 0.033421 0.018162 0.082088 0.103062 0.061436 0.049781 0.052790 0.033223 0.113214 0.043999 0.123983 0.123161 0.107981 0.018459 0.051906 0.082339 0.030960 0.116829 0.038997 0.124255 0.131218 0.104470 0.100784 0.142054 0.141947 0.101829 0.153368 0.163952 0.120054 0.136756 0.096597 0.117418 0.112942 0.136717 0.123633 0.121610 0.135013 0.088949 0.092109 0.121885 0.155253 0.136250 0.115384 0.135794 0.116180 0.108939 0.115276 0.129156 0.158795 0.157267 0.108227 0.143307 0.134295 0.121790 0.114005 0.113848
 78000.003705 7.680243 0.035652 0.029550 0.026156 0.076232 0.096810 0.055157 0.054675 0.062464 0.031885 0.108341 0.047182 0.124958 0.121525 0.111905 0.012394 0.049030 0.087387 0.037638 0.112786 0.046577 0.120794 0.130709 0.102571 0.098658 0.142485 0.145134 0.100102 0.155742 0.165840 0.119817 0.136267 0.089923 0.111531 0.113471 0.139020 0.124082 0.118733 0.135987 0.086618 0.086857 0.125520 0.155658 0.130422 0.113999 0.132009 0.111058 0.106266 0.106717 0.129528 0.156199 0.156099 0.106887 0.142750 0.128015 0.123101 0.112659 0.117204
 79000.003752 6.479147 0.033727 0.032338 0.021776 0.079247 0.098460 0.057922 0.052185 0.056864 0.030483 0.109594 0.043686 0.122510 0.120389 0.108396 0.011383 0.051369 0.083869 0.031118 0.112537 0.041423 0.121136 0.130562 0.103025 0.099940 0.142469 0.143238 0.100633 0.154785 0.164083 0.119985 0.135746 0.092950 0.113833 0.113110 0.137757 0.123478 0.119857 0.136357 0.087563 0.089163 0.123631 0.154308 0.131953 0.113910 0.132754 0.112310 0.107463 0.110224 0.128745 0.156157 0.155822 0.107754 0.142041 0.130697 0.122854 0.112598 0.112989
 80000.003800 4.855687 0.033778 0.028818 0.028303 0.075923 0.096265 0.055167 0.053860 0.062912 0.033411 0.107236 0.049618 0.124008 0.119880 0.111222 0.009855 0.050392 0.087459 0.037870 0.111154 0.046528 0.118505 0.128893 0.100178 0.097035 0.141323 0.144863 0.098358 0.155501 0.165005 0.118459 0.134011 0.087860 0.110195 0.113482 0.140799 0.125494 0.118426 0.135793 0.084151 0.084474 0.125865 0.154020 0.128477 0.114171 0.131251 0.109432 0.105559 0.104734 0.131078 0.155059 0.154128 0.105321 0.143194 0.126797 0.123897 0.110788 0.116397
 81000.003847 4.830973 0.033641 0.029596 0.024998 0.076915 0.096987 0.055218 0.054099 0.060277 0.030409 0.108578 0.046792 0.124102 0.120490 0.110689 0.009830 0.049544 0.087097 0.033983 0.112035 0.044048 0.119567 0.131892 0.103743 0.100320 0.144066 0.145771 0.102316 0.156983 0.166028 0.121445 0.136560 0.091571 0.112645 0.114641 0.139327 0.124902 0.119977 0.138212 0.087690 0.088492 0.126253 0.155908 0.130519 0.115235 0.132534 0.111029 0.107467 0.107897 0.129972 0.156228 0.156682 0.108610 0.142806 0.129537 0.123702 0.113580 0.115429
 82000.003895 6.440020 0.035237 0.031118 0.025599 0.077142 0.096991 0.054880 0.056399 0.061085 0.028579 0.109295 0.044499 0.125561 0.121830 0.112350 0.011349 0.049700 0.088771 0.033175 0.112673 0.044992 0.120360 0.132887 0.104636 0.099720 0.145018 0.144901 0.104454 0.156887 0.165658 0.121477 0.137827 0.090237 0.110537 0.112166 0.136593 0.121589 0.117315 0.138091 0.088128 0.087647 0.124534 0.155802 0.128618 0.111989 0.129712 0.108116 0.105037 0.106621 0.126932 0.154432 0.157722 0.109617 0.139850 0.128265 0.120792 0.112845 0.116409
 83000.003942 9.778196 0.034190 0.027248 0.023979 0.075306 0.096320 0.055258 0.051788 0.059160 0.029635 0.106438 0.044641 0.121970 0.119239 0.108854 0.013984 0.046765 0.084161 0.038598 0.111721 0.042055 0.119050 0.127046 0.100077 0.095881 0.138250 0.139990 0.096889 0.150498 0.160758 0.115761 0.132691 0.087235 0.108752 0.108728 0.134866 0.120155 0.114646 0.130979 0.083027 0.083083 0.120385 0.151114 0.127731 0.109922 0.128538 0.108335 0.102307 0.104915 0.126044 0.152273 0.152019 0.102819 0.138704 0.125209 0.118615 0.109370 0.113919
 84000.003990 18.760041 0.039388 0.026587 0.022687 0.072199 0.093513 0.050476 0.055273 0.060585 0.029712 0.105263 0.044243 0.122517 0.119506 0.109724 0.019370 0.045069 0.086703 0.038775 0.109972 0.049214 0.118027 0.133443 0.106635 0.101480 0.144367 0.144512 0.103872 0.156087 0.164697 0.122072 0.137792 0.092023 0.110559 0.112089 0.132249 0.119227 0.116770 0.137286 0.090893 0.091203 0.124037 0.155539 0.129073 0.112212 0.129095 0.110772 0.105662 0.107376 0.123882 0.152864 0.157152 0.110433 0.137765 0.126363 0.118615 0.115270 0.115556
 85000.004037 12.449513 0.038094 0.032871 0.032046 0.075211 0.093057 0.051721 0.059307 0.065767 0.034069 0.106326 0.049524 0.123935 0.118973 0.111968 0.015779 0.052762 0.090977 0.036485 0.108197 0.051617 0.116065 0.132089 0.103276 0.099395 0.145487 0.146500 0.103598 0.158594 0.165470 0.122007 0.135707 0.088651 0.108365 0.114515 0.138654 0.123585 0.117985 0.140757 0.087835 0.087663 0.127539 0.154598 0.125081 0.113253 0.127823 0.105785 0.105868 0.102869 0.128669 0.152467 0.155811 0.109671 0.140162 0.125493 0.122949 0.111526 0.116441
 86000.004085 8.290398 0.030628 0.026075 0.026769 0.077056 0.099283 0.056820 0.051354 0.060578 0.034518 0.109418 0.050742 0.125891 0.121817 0.111532 0.012877 0.050515 0.087598 0.037670 0.113843 0.045500 0.119051 0.127242 0.098385 0.093604 0.139260 0.141660 0.097834 0.152616 0.163065 0.115584 0.132733 0.086160 0.109012 0.110126 0.138961 0.123789 0.116531 0.132718 0.081445 0.082090 0.122336 0.152465 0.128003 0.112105 0.130058 0.107707 0.102675 0.104877 0.130415 0.154292 0.153650 0.103177 0.141989 0.126472 0.120186 0.108225 0.117678
 87000.004132 13.809695 0.036921 0.020794 0.025147 0.070064 0.092575 0.049704 0.054171 0.062547 0.027767 0.103556 0.046402 0.122902 0.118439 0.110642 0.016619 0.042020 0.087397 0.042369 0.109961 0.046426 0.116383 0.130581 0.103629 0.098808 0.141720 0.143616 0.100882 0.154116 0.163801 0.119318 0.135274 0.087539 0.107843 0.111108 0.133922 0.120348 0.114898 0.134396 0.086265 0.085742 0.123960 0.154212 0.126609 0.111509 0.127934 0.107956 0.103196 0.103656 0.125482 0.151939 0.154407 0.106151 0.138197 0.123748 0.118475 0.112977 0.116364
 88000.004180 7.782317 0.031306 0.033558 0.022988 0.082303 0.102602 0.060714 0.051811 0.057197 0.035612 0.113245 0.047643 0.125217 0.123376 0.110238 0.012476 0.054740 0.085145 0.030828 0.115999 0.043381 0.123398 0.130698 0.102201 0.098610 0.142595 0.143995 0.100797 0.155427 0.165091 0.119800 0.135870 0.093383 0.115437 0.113866 0.141398 0.126341 0.121758 0.136672 0.086828 0.088878 0.124184 0.155127 0.133997 0.115766 0.135402 0.113928 0.108383 0.111373 0.132307 0.158783 0.156884 0.107753 0.145469 0.132721 0.124344 0.112170 0.115994
 89000.004227 19.884934 0.031109 0.027569 0.022575 0.076147 0.097294 0.058526 0.046345 0.055715 0.033736 0.105601 0.047007 0.118925 0.116913 0.104817 0.019942 0.047009 0.079181 0.040814 0.111451 0.037517 0.118086 0.122849 0.096875 0.094401 0.133963 0.136910 0.092248 0.146369 0.157449 0.112538 0.128716 0.087924 0.109623 0.108243 0.134335 0.120640 0.114765 0.127059 0.080160 0.082750 0.118154 0.148158 0.128657 0.110873 0.129346 0.110567 0.102528 0.106230 0.126687 0.151644 0.148316 0.098392 0.138964 0.124937 0.118211 0.107327 0.111036
 90000.004275 3.530073 0.034896 0.036491 0.029084 0.082889 0.102145 0.059647 0.057970 0.062955 0.034732 0.114663 0.048733 0.129095 0.125964 0.115092 0.008402 0.056325 0.090762 0.030552 0.116828 0.047600 0.125053 0.134436 0.104874 0.100973 0.147105 0.148544 0.104630 0.160261 0.169652 0.123559 0.139814 0.093665 0.115986 0.117120 0.144494 0.128719 0.123731 0.141276 0.089362 0.089799 0.128812 0.159182 0.134162 0.117418 0.136356 0.113065 0.110275 0.110746 0.134333 0.161037 0.160547 0.111384 0.147488 0.134075 0.127750 0.114516 0.119686
 91000.004322 9.793039 0.034772 0.025614 0.024125 0.072921 0.093784 0.052069 0.053165 0.061155 0.029819 0.105101 0.045917 0.122418 0.118682 0.109567 0.013995 0.045397 0.085730 0.039074 0.110230 0.044235 0.117699 0.129595 0.102263 0.098641 0.141556 0.143419 0.099545 0.154084 0.163723 0.119051 0.134674 0.088895 0.109352 0.112086 0.135239 0.121511 0.116508 0.134784 0.085677 0.086564 0.123967 0.153984 0.127941 0.112519 0.129168 0.109226 0.104660 0.105171 0.126715 0.153185 0.154330 0.105369 0.139504 0.125407 0.120278 0.111849 0.115249
 92000.004370 12.197824 0.035500 0.026329 0.021168 0.074053 0.094880 0.053369 0.052148 0.057778 0.028781 0.105411 0.042753 0.120883 0.118070 0.107739 0.015619 0.046768 0.083994 0.036608 0.109936 0.043904 0.117324 0.128901 0.102000 0.097112 0.140002 0.140134 0.099764 0.151916 0.160594 0.117273 0.133536 0.088309 0.108215 0.108190 0.132522 0.118157 0.113950 0.133076 0.085555 0.085766 0.120060 0.150993 0.126733 0.108847 0.127091 0.107640 0.102080 0.105357 0.123744 0.150615 0.153049 0.105754 0.136617 0.124763 0.116765 0.110449 0.112842
 93000.004417 16.874386 0.043043 0.029640 0.024824 0.071598 0.091320 0.048226 0.059798 0.062461 0.023796 0.104540 0.039105 0.122524 0.119208 0.111088 0.018371 0.044059 0.088785 0.037256 0.108836 0.049656 0.118138 0.135956 0.109428 0.103915 0.146716 0.145820 0.107083 0.158038 0.165473 0.124422 0.140017 0.092827 0.110777 0.112655 0.131717 0.117967 0.116551 0.139698 0.093621 0.092292 0.125210 0.156545 0.128306 0.111184 0.128349 0.109388 0.106186 0.107139 0.121850 0.152453 0.158410 0.113322 0.136581 0.126911 0.119151 0.116879 0.114823
 94000.004465 8.240241 0.033261 0.028542 0.023166 0.077197 0.098160 0.056610 0.051263 0.057978 0.031857 0.108112 0.045214 0.122665 0.120096 0.108891 0.012838 0.050063 0.084413 0.035641 0.112201 0.043556 0.119471 0.127755 0.100038 0.095761 0.139353 0.140640 0.097820 0.152167 0.161720 0.116226 0.132976 0.088645 0.110250 0.109376 0.136405 0.121420 0.116189 0.132840 0.083699 0.084437 0.120997 0.151481 0.128819 0.110768 0.129792 0.109260 0.103499 0.106755 0.127534 0.153389 0.153347 0.104398 0.140208 0.127165 0.119613 0.109207 0.114162
 95000.004512 10.840096 0.034755 0.025340 0.021657 0.073175 0.094502 0.052769 0.052252 0.058376 0.027115 0.105181 0.042755 0.121670 0.118435 0.108574 0.014724 0.044296 0.084628 0.037628 0.110349 0.042464 0.117530 0.129239 0.102428 0.097811 0.140529 0.141107 0.100093 0.152450 0.161823 0.117820 0.134206 0.088680 0.108695 0.109094 0.132463 0.118404 0.114263 0.133273 0.085525 0.085739 0.120959 0.152300 0.127085 0.109839 0.127550 0.107969 0.102632 0.105417 0.123824 0.151357 0.153825 0.105395 0.136950 0.125098 0.117196 0.110931 0.113464
 96000.004560 12.342620 0.035672 0.027295 0.024550 0.075272 0.097770 0.054224 0.053570 0.060394 0.032407 0.108331 0.046305 0.124976 0.122024 0.111446 0.015712 0.047719 0.087225 0.038194 0.113275 0.048017 0.120048 0.130086 0.102352 0.096530 0.140871 0.142341 0.100378 0.153576 0.163661 0.117851 0.135393 0.089034 0.110267 0.109869 0.135723 0.120903 0.116235 0.133705 0.085992 0.085883 0.122023 0.153746 0.129314 0.111333 0.130107 0.109765 0.103682 0.106546 0.126793 0.154229 0.155482 0.106526 0.140286 0.126950 0.118941 0.111253 0.117348
 97000.004607 15.337668 0.033813 0.025422 0.020841 0.073853 0.095048 0.053334 0.050501 0.057457 0.030909 0.105644 0.045107 0.121089 0.118093 0.107203 0.017514 0.046536 0.083618 0.037312 0.110183 0.043431 0.116968 0.129021 0.102122 0.098158 0.140591 0.141246 0.099791 0.152655 0.161804 0.118080 0.133491 0.090162 0.109925 0.110476 0.133143 0.119942 0.116113 0.134055 0.085858 0.087751 0.121606 0.152246 0.128226 0.111652 0.128694 0.109541 0.104281 0.106966 0.125401 0.152120 0.153826 0.105525 0.138198 0.125951 0.118027 0.110980 0.113338
 98000.004655 17.821178 0.035004 0.027473 0.016340 0.076140 0.097906 0.056560 0.049547 0.053930 0.028313 0.107669 0.040828 0.121116 0.119715 0.106710 0.018879 0.045576 0.081325 0.036321 0.113053 0.039425 0.120463 0.129639 0.103835 0.099380 0.139872 0.139677 0.100198 0.150919 0.161136 0.117964 0.134976 0.092487 0.112359 0.108989 0.131561 0.118474 0.116113 0.131951 0.087372 0.088900 0.119189 0.152527 0.131392 0.110806 0.130516 0.112278 0.104468 0.110482 0.123844 0.153504 0.154537 0.106106 0.137934 0.128448 0.117060 0.112697 0.112257
 99000.004702 10.093179 0.033518 0.027086 0.020738 0.075213 0.096028 0.055037 0.050482 0.057752 0.030149 0.106405 0.044188 0.121359 0.118906 0.107738 0.014208 0.046701 0.082839 0.037228 0.111289 0.041577 0.119192 0.128522 0.101571 0.098288 0.140123 0.141714 0.098017 0.152535 0.162494 0.117819 0.133831 0.090419 0.111090 0.111069 0.134856 0.121096 0.116914 0.133312 0.085266 0.086883 0.122058 0.152860 0.129805 0.112222 0.130332 0.111100 0.105052 0.107549 0.126579 0.153792 0.153838 0.104537 0.139814 0.127043 0.119972 0.111218 0.113409
 100000.004750 10.465233 0.039382 0.025311 0.032121 0.072052 0.094162 0.049944 0.059409 0.068506 0.031102 0.106250 0.050281 0.127126 0.122127 0.115807 0.014467 0.046245 0.092824 0.044296 0.112178 0.052244 0.118816 0.132482 0.104175 0.098605 0.144136 0.146984 0.102310 0.157277 0.167002 0.120958 0.137440 0.085643 0.107432 0.112843 0.138687 0.123331 0.116167 0.136953 0.086455 0.083740 0.127193 0.156664 0.126414 0.112649 0.128891 0.106760 0.103735 0.101353 0.128961 0.154173 0.156578 0.107762 0.141232 0.124199 0.121643 0.113405 0.121186
 101000.004797 21.479783 0.041694 0.020998 0.024314 0.067443 0.090377 0.046725 0.056747 0.063185 0.025134 0.102046 0.043451 0.122640 0.118568 0.111167 0.020727 0.038472 0.088178 0.044024 0.109034 0.049491 0.116510 0.133546 0.107424 0.101275 0.143745 0.144167 0.104158 0.155100 0.164273 0.121550 0.138202 0.088936 0.107217 0.110059 0.129281 0.116356 0.113150 0.135278 0.090357 0.088828 0.123353 0.155488 0.126349 0.109774 0.126216 0.108235 0.102583 0.104066 0.120795 0.150345 0.156332 0.109507 0.134755 0.122707 0.115728 0.115892 0.116543
 102000.004845 5.816030 0.031403 0.030339 0.022280 0.078978 0.099446 0.058540 0.050577 0.057092 0.031542 0.109810 0.045594 0.123553 0.120854 0.109123 0.010785 0.050821 0.084132 0.032709 0.113470 0.040727 0.120953 0.129048 0.101124 0.097935 0.140948 0.142728 0.099120 0.153942 0.163964 0.118200 0.134513 0.091513 0.113377 0.112540 0.138833 0.124296 0.119431 0.134767 0.085252 0.087037 0.123349 0.153821 0.131759 0.113998 0.133046 0.112015 0.106593 0.109648 0.129945 0.156430 0.155051 0.105740 0.142979 0.130291 0.122694 0.111182 0.114146
 103000.004892 8.228647 0.032784 0.024616 0.028101 0.073179 0.094004 0.052512 0.052585 0.062706 0.032806 0.104844 0.050039 0.122504 0.117768 0.109755 0.012829 0.048143 0.086874 0.040155 0.109490 0.045113 0.115447 0.127020 0.098912 0.095551 0.139565 0.142477 0.097358 0.153056 0.162278 0.116663 0.131639 0.085226 0.106997 0.111383 0.137836 0.123323 0.115777 0.133814 0.081826 0.082536 0.123956 0.151635 0.125253 0.112166 0.127895 0.106212 0.102905 0.102130 0.129142 0.151823 0.151689 0.102833 0.140192 0.123522 0.120691 0.108861 0.115557
 104000.004940 3.825342 0.033035 0.029687 0.026014 0.077720 0.098321 0.055830 0.054061 0.061225 0.032132 0.109718 0.047316 0.125492 0.122072 0.111911 0.008747 0.050824 0.087648 0.034664 0.113561 0.045217 0.120665 0.129589 0.101000 0.096540 0.141428 0.143385 0.099805 0.154415 0.164285 0.118297 0.135037 0.088436 0.110679 0.111896 0.139391 0.124005 0.118087 0.135023 0.084609 0.084838 0.123909 0.154057 0.129470 0.112783 0.131250 0.109099 0.104823 0.106132 0.129911 0.155568 0.155110 0.105856 0.142473 0.128030 0.122132 0.110565 0.117141
 105000.004987 6.577256 0.034520 0.031531 0.022329 0.078826 0.099190 0.056883 0.054217 0.058963 0.030772 0.111017 0.044392 0.125590 0.122934 0.111391 0.011469 0.050688 0.086775 0.031859 0.114446 0.044405 0.122464 0.132635 0.104556 0.100150 0.144283 0.144921 0.103072 0.156562 0.166242 0.121345 0.137991 0.092936 0.113826 0.113510 0.138141 0.123588 0.120046 0.137587 0.088862 0.089801 0.124735 0.156554 0.132485 0.114199 0.133210 0.112262 0.107441 0.110209 0.128962 0.157405 0.158244 0.109511 0.142694 0.131064 0.122635 0.113809 0.116493
 106000.005035 11.021341 0.032182 0.033667 0.023681 0.079979 0.098730 0.058002 0.052598 0.057136 0.034651 0.110150 0.046319 0.122688 0.120056 0.108143 0.014847 0.054165 0.084866 0.029449 0.111875 0.044051 0.119427 0.129534 0.101278 0.097669 0.141972 0.142233 0.100938 0.154387 0.162702 0.118982 0.134017 0.091827 0.112355 0.112454 0.138163 0.123472 0.119299 0.136720 0.086355 0.088648 0.122953 0.152639 0.129929 0.113316 0.131269 0.110140 0.106431 0.108744 0.129104 0.154690 0.154843 0.107366 0.141555 0.129584 0.121854 0.110097 0.113387
 107000.005082 9.817828 0.040940 0.027516 0.025323 0.072930 0.094658 0.051055 0.058580 0.063374 0.023522 0.106980 0.041397 0.126078 0.122385 0.114084 0.014013 0.043679 0.090133 0.038801 0.112539 0.048408 0.120978 0.135317 0.108105 0.101876 0.145948 0.146118 0.105777 0.157640 0.167246 0.122904 0.140670 0.090691 0.110494 0.111715 0.133837 0.119335 0.116153 0.137638 0.091133 0.088837 0.125075 0.157887 0.129367 0.111067 0.129551 0.109421 0.104822 0.106784 0.124076 0.154461 0.159346 0.111557 0.138518 0.127393 0.119539 0.116365 0.118054
 108000.005130 6.954827 0.031659 0.032674 0.022666 0.079899 0.099237 0.059429 0.050942 0.057327 0.031829 0.109938 0.044758 0.122861 0.120588 0.108578 0.011794 0.051718 0.083179 0.032811 0.113403 0.038985 0.121727 0.128577 0.100900 0.098376 0.140869 0.142326 0.098429 0.153358 0.163397 0.118203 0.134290 0.091765 0.113312 0.112594 0.138359 0.123881 0.119338 0.134525 0.084978 0.087117 0.123073 0.153516 0.131767 0.113657 0.132638 0.112024 0.106763 0.109653 0.129525 0.156225 0.154625 0.105013 0.142477 0.130138 0.122935 0.110747 0.113436
 109000.005177 7.367812 0.031312 0.030914 0.023026 0.078522 0.097964 0.057653 0.050155 0.057194 0.032779 0.108552 0.045850 0.121761 0.119139 0.107489 0.012139 0.051703 0.083026 0.033243 0.111752 0.040098 0.119462 0.128048 0.100328 0.098116 0.140545 0.142130 0.098080 0.153543 0.162856 0.117881 0.133053 0.091432 0.112879 0.112884 0.138423 0.124330 0.119554 0.134997 0.084500 0.087320 0.123361 0.152619 0.130787 0.114104 0.132168 0.111437 0.106919 0.109183 0.129942 0.155387 0.153798 0.104662 0.142481 0.129458 0.122816 0.110183 0.112768
 110000.005225 8.233331 0.033104 0.029896 0.021023 0.077602 0.097882 0.056227 0.051560 0.057658 0.031937 0.108955 0.044725 0.122871 0.120666 0.108653 0.012832 0.049678 0.083949 0.033636 0.112748 0.043147 0.120709 0.129365 0.101829 0.098186 0.140952 0.142386 0.099101 0.153421 0.163329 0.118590 0.134744 0.091618 0.112685 0.112253 0.136972 0.122825 0.118920 0.134597 0.086293 0.088181 0.122839 0.153730 0.131390 0.113437 0.132111 0.112009 0.106414 0.108958 0.128350 0.155714 0.154892 0.106008 0.141779 0.129117 0.121578 0.111495 0.114514
 111000.005272 9.681676 0.033300 0.024244 0.024451 0.073571 0.095410 0.053319 0.050972 0.060608 0.032558 0.105771 0.048179 0.122654 0.119073 0.109205 0.013915 0.046782 0.085275 0.039728 0.110902 0.045454 0.117592 0.127617 0.099977 0.096330 0.139311 0.142346 0.096929 0.152665 0.162970 0.116821 0.132785 0.088095 0.109763 0.111658 0.136920 0.123011 0.117110 0.133070 0.083546 0.084899 0.123396 0.152752 0.128535 0.113045 0.130150 0.109848 0.104553 0.105395 0.128712 0.153860 0.152992 0.103510 0.141207 0.125685 0.120789 0.110178 0.115734
 112000.005320 11.925232 0.038053 0.031987 0.020480 0.077029 0.096897 0.055285 0.055345 0.057699 0.026609 0.108724 0.039318 0.123421 0.121123 0.109996 0.015444 0.048222 0.085681 0.031752 0.112279 0.044548 0.121368 0.133960 0.106871 0.102118 0.144990 0.144345 0.104859 0.156722 0.165431 0.122332 0.138911 0.094391 0.113742 0.112340 0.134339 0.120085 0.118408 0.138019 0.091518 0.091781 0.123630 0.156083 0.131723 0.112225 0.131540 0.112117 0.107107 0.110830 0.124771 0.155258 0.158538 0.111503 0.139515 0.130491 0.120507 0.115113 0.113926
 113000.005367 13.827780 0.043738 0.034387 0.027286 0.075896 0.095193 0.052793 0.062649 0.063395 0.021827 0.108554 0.037937 0.125822 0.122635 0.114435 0.016630 0.046448 0.091055 0.035601 0.112748 0.047826 0.122364 0.138197 0.111298 0.105225 0.148859 0.147343 0.109868 0.159691 0.167518 0.126137 0.142963 0.093751 0.112497 0.113078 0.134377 0.119159 0.117394 0.141027 0.094806 0.091925 0.125971 0.158755 0.130191 0.111391 0.130352 0.109858 0.106679 0.108575 0.123208 0.154925 0.160938 0.115385 0.138281 0.129910 0.120930 0.118459 0.116532
 114000.005415 11.872263 0.039143 0.030046 0.024927 0.073818 0.093317 0.051327 0.057482 0.061316 0.026361 0.106099 0.042681 0.123334 0.119671 0.110828 0.015409 0.046366 0.088294 0.035532 0.109669 0.047185 0.118453 0.134844 0.107602 0.103175 0.146865 0.146332 0.105951 0.158464 0.166405 0.123970 0.139242 0.092795 0.111308 0.113815 0.133687 0.120162 0.117786 0.140117 0.091725 0.091527 0.125947 0.156994 0.128696 0.112960 0.129243 0.109637 0.106847 0.107523 0.124532 0.153475 0.158673 0.111987 0.138186 0.127941 0.120651 0.115715 0.114841
 115000.005462 13.087015 0.041445 0.032816 0.024754 0.076253 0.095975 0.052778 0.060283 0.061550 0.024273 0.109044 0.038909 0.125246 0.122478 0.112945 0.016178 0.047067 0.089523 0.034351 0.113154 0.046955 0.122044 0.136973 0.110094 0.104160 0.147714 0.146138 0.108538 0.158401 0.166484 0.125068 0.141548 0.093939 0.112869 0.112971 0.134401 0.119760 0.118044 0.140089 0.093692 0.092099 0.125113 0.157931 0.130761 0.111981 0.130840 0.110448 0.106947 0.109196 0.124205 0.155231 0.160161 0.114031 0.138939 0.130109 0.120480 0.117384 0.116333
 116000.005510 10.679255 0.035252 0.034410 0.020542 0.080704 0.100433 0.058928 0.054358 0.056236 0.029173 0.112013 0.040939 0.124685 0.122856 0.110199 0.014615 0.051093 0.085379 0.029421 0.115054 0.041305 0.123477 0.133485 0.106113 0.101712 0.144890 0.144022 0.104782 0.156234 0.165471 0.122071 0.138640 0.095276 0.115364 0.112902 0.136499 0.121998 0.119961 0.137955 0.090443 0.091517 0.123373 0.156343 0.133462 0.113614 0.133407 0.113035 0.107983 0.112434 0.127229 0.157238 0.158905 0.110749 0.141547 0.132797 0.121705 0.114370 0.114319
 117000.005557 12.588473 0.023317 0.035999 0.023130 0.085242 0.104650 0.065587 0.045161 0.053393 0.040730 0.114009 0.051826 0.122942 0.121311 0.106241 0.015867 0.058054 0.080489 0.029078 0.115818 0.037350 0.122496 0.125303 0.096646 0.095697 0.138145 0.141179 0.095271 0.151709 0.162207 0.115920 0.130944 0.093742 0.116720 0.114580 0.143446 0.129147 0.123441 0.133481 0.082176 0.087794 0.122905 0.151951 0.135064 0.117863 0.136979 0.115577 0.109301 0.112915 0.135416 0.159162 0.152790 0.102506 0.147431 0.133512 0.126003 0.108328 0.112901
 118000.005605 16.087286 0.036301 0.030203 0.018737 0.075498 0.095007 0.055784 0.050887 0.055337 0.027284 0.105281 0.039540 0.118704 0.117171 0.105484 0.017937 0.046264 0.080469 0.035923 0.109818 0.039340 0.119032 0.129008 0.103206 0.100058 0.140008 0.140144 0.099050 0.151411 0.160644 0.118271 0.134168 0.092148 0.111435 0.109712 0.131434 0.118013 0.115680 0.132923 0.087384 0.088751 0.120130 0.151616 0.129704 0.110295 0.129069 0.111354 0.104809 0.108894 0.122878 0.151941 0.153288 0.105879 0.136822 0.127122 0.118308 0.112066 0.109856
 119000.005652 10.524116 0.030859 0.029376 0.019472 0.077842 0.098578 0.057587 0.048418 0.055378 0.032998 0.108382 0.043939 0.121348 0.119547 0.106746 0.014508 0.049913 0.081442 0.034388 0.112451 0.040284 0.119874 0.126183 0.098916 0.095416 0.137813 0.139052 0.096134 0.150336 0.160360 0.115087 0.131609 0.090171 0.111442 0.109299 0.135297 0.120990 0.116758 0.131390 0.082958 0.085598 0.119644 0.150540 0.130095 0.111191 0.130412 0.110834 0.104279 0.108485 0.127122 0.153751 0.152397 0.102581 0.140226 0.127805 0.119193 0.108062 0.112783
 120000.005700 6.235373 0.031180 0.030232 0.023134 0.079017 0.099772 0.057833 0.051116 0.058283 0.033710 0.110239 0.046329 0.124131 0.121821 0.109750 0.011167 0.051332 0.084517 0.034231 0.114253 0.042532 0.121494 0.127417 0.099362 0.095418 0.139182 0.141044 0.097151 0.151980 0.162335 0.116251 0.133239 0.089376 0.111694 0.110751 0.138432 0.123403 0.118051 0.132653 0.083171 0.084817 0.121702 0.152389 0.130726 0.112445 0.131824 0.110682 0.104821 0.107839 0.129676 0.155665 0.153725 0.103558 0.142485 0.128686 0.121340 0.109017 0.115655
