120000.005700	-143.327 140.996
121000.005747	-146.475 149.016
122000.005795	-146.345 155.788
123000.005842	-147.862 154.132
124000.005890	-150.662 155.949
125000.005937	-150.543 144.202
126000.005985	-140.724 152.765
127000.006032	-150.301 145.999
128000.006080	-154.827 155.327
129000.006127	-151.615 145.508
130000.006175	-143.024 152.472
131000.006222	-153.087 148.994
132000.006270	-150.229 143.996
133000.006317	-149.516 148.039
134000.006365	-147.617 144.757
135000.006412	-155.328 142.265
136000.006460	-146.083 154.523
137000.006507	-155.728 145.001
138000.006555	-144.931 146.072
139000.006602	-147.707 132.794
140000.006650	-142.128 147.512
141000.006697	-149.929 140.929
142000.006745	-148.397 150.357
143000.006792	-154.205 156.422
144000.006840	-152.749 137.212
145000.006887	-146.058 139.306
146000.006935	-147.857 158.043
147000.006982	-149.259 144.224
148000.007030	-144.116 150.171
149000.007077	-148.205 156.427
150000.007125	-147.557 144.499
151000.007172	-136.088 150.094
152000.007220	-160.944 148.044
153000.007267	-148.69 154.189
154000.007315	-150.16 153.125
155000.007362	-156.652 141.809
156000.007410	-147.546 159.2
157000.007457	-143.631 158.265
158000.007505	-155.461 137.466
159000.007552	-157.019 146.648
160000.007600	-156.918 148.628
161000.007647	-142.374 146.032
162000.007695	-152.956 146.438
163000.007742	-152.053 149.187
164000.007790	-152.66 150.206
165000.007837	-146.628 153.968
166000.007885	-156.134 152.457
167000.007932	-155.629 148.573
168000.007980	-156.703 149.616
169000.008027	-145.17 153.053
170000.008075	-146.876 157.466
171000.008122	-151.869 144.643
172000.008170	-138.778 145.188
173000.008217	-150.526 144.686
174000.008265	-153.562 146.396
175000.008312	-137.406 158.987
176000.008360	-143.27 156.748
177000.008407	-139.394 142.141
178000.008455	-146.663 160.281
179000.008502	-161.658 141.571
180000.008550	-161.111 146.878
181000.008597	-140.06 154.263
182000.008645	-155.302 161.9
183000.008692	-155.361 155.356
184000.008740	-143.063 132.984
185000.008787	-140.441 151.444
186000.008835	-153.625 150.384
187000.008882	-149.284 131.795
188000.008930	-155.367 152.546
189000.008977	-146.004 155.016
190000.009025	-148.745 144.271
191000.009072	-143.585 146.968
192000.009120	-145.111 143.003
193000.009167	-142.806 148.129
194000.009215	-144.136 145.657
195000.009262	-149.53 139.472
196000.009310	-153.633 145.971
197000.009357	-159.541 140.866
198000.009404	-155.85 134.112
199000.009452	-151.257 145.754
200000.009499	-145.416 154.593
201000.009547	-141.075 158.925
202000.009594	-158.182 142.161
203000.009642	-155.569 156.764
204000.009689	-153.694 136.928
205000.009737	-150.363 143.872
206000.009784	-141.092 145.897
207000.009832	-144.131 154.441
208000.009879	-157.865 144.191
209000.009927	-141.669 149.296
210000.009974	-150.047 153.893
211000.010022	-138.405 141.261
212000.010069	-151.86 130.184
213000.010117	-149.313 142.803
214000.010164	-144.991 140.136
215000.010212	-156.421 143.995
216000.010259	-127.138 139.61
217000.010307	-144.552 152.494
218000.010354	-151.223 135.942
219000.010402	-159.399 141.033
220000.010449	-152.851 159.033
221000.010497	-150.798 150.111
222000.010544	-157.889 157.527
223000.010592	-151.935 144.184
224000.010639	-147.392 148.302
225000.010687	-151.595 157.451
226000.010734	-153.585 151.637
227000.010782	-143.761 137.49
228000.010829	-139.595 150.88
229000.010877	-153.757 142.562
230000.010924	-154.29 146.676
231000.010972	-146.055 139.702
232000.011019	-148.752 143.82
233000.011067	-144.936 142.068
234000.011114	-153.251 138.233
235000.011162	-159.038 140.257
236000.011209	-145.839 151.969
237000.011257	-165.004 148.397
238000.011304	-149.548 135.635
239000.011352	-150.045 145.592
240000.011399	-147.496 156.359
