#! FIELDS time restraint.bias r0 r1 r2 r3 r4 r5 r6 r7 r8 r9 r10 r11 r12 r13 r14 r15 r16 r17 r18 r19 r20 r21 r22 r23 r24 r25 r26 r27 r28 r29 r30 r31 r32 r33 r34 r35 r36 r37 r38 r39 r40 r41 r42 r43 r44 r45 r46 r47 r48 r49 r50 r51 r52 r53 r54 r55 r56
 780000.037048 7.100954 0.117396 0.096391 0.119484 0.089996 0.102730 0.094464 0.126614 0.138182 0.105894 0.104180 0.115878 0.147663 0.126829 0.152771 0.111131 0.100461 0.149851 0.129314 0.116172 0.128715 0.099594 0.122495 0.108691 0.084849 0.127954 0.129032 0.120471 0.141488 0.141133 0.106703 0.121302 0.034506 0.019679 0.071611 0.098157 0.074527 0.040562 0.119628 0.093157 0.061121 0.108799 0.125209 0.044185 0.056769 0.046237 0.021186 0.038971 0.031819 0.090146 0.086768 0.119578 0.110066 0.078970 0.048455 0.065496 0.099988 0.153367
 781000.037096 2.379760 0.119874 0.101130 0.120340 0.094570 0.103750 0.097048 0.129193 0.137530 0.105691 0.106381 0.112514 0.146688 0.127059 0.151801 0.112732 0.103325 0.149227 0.128153 0.115895 0.128780 0.101518 0.121355 0.109457 0.087095 0.126798 0.126905 0.122020 0.140314 0.136348 0.106930 0.119115 0.042583 0.025582 0.071199 0.093463 0.068423 0.038941 0.121700 0.095792 0.065132 0.107587 0.120268 0.040294 0.051691 0.039783 0.012265 0.041886 0.037819 0.082652 0.081702 0.116853 0.111809 0.072073 0.052406 0.065949 0.098027 0.149563
 782000.037143 3.062051 0.118638 0.101559 0.117786 0.101012 0.112471 0.099571 0.129219 0.135633 0.104855 0.117655 0.108137 0.155996 0.138614 0.158120 0.110845 0.106095 0.150423 0.124435 0.127195 0.127179 0.114559 0.125118 0.110767 0.083520 0.130326 0.125269 0.125426 0.141301 0.139982 0.106171 0.126166 0.042493 0.034786 0.065460 0.097130 0.068036 0.042984 0.121103 0.094630 0.063080 0.103674 0.125023 0.055039 0.044970 0.049068 0.013912 0.038909 0.050587 0.085167 0.092274 0.126973 0.112499 0.078578 0.064257 0.064149 0.096205 0.155823
 783000.037191 7.437572 0.106612 0.088915 0.109415 0.090927 0.105872 0.091863 0.116292 0.127334 0.098355 0.108300 0.106752 0.148190 0.129820 0.149082 0.101252 0.096054 0.140945 0.118497 0.119801 0.117225 0.105241 0.115259 0.098907 0.072873 0.121525 0.119964 0.111893 0.133509 0.136687 0.096420 0.117947 0.023416 0.025775 0.062492 0.100236 0.074753 0.041266 0.110462 0.080943 0.047960 0.099009 0.121552 0.054150 0.050707 0.052968 0.021682 0.030348 0.039721 0.092216 0.092748 0.120636 0.099538 0.083175 0.057240 0.063783 0.089255 0.149630
 784000.037238 2.941240 0.111578 0.096109 0.115077 0.097443 0.108964 0.095998 0.123884 0.133596 0.101438 0.113895 0.109307 0.153444 0.134172 0.155202 0.104377 0.102879 0.147947 0.120311 0.122342 0.122375 0.109484 0.121670 0.103970 0.079524 0.129774 0.128383 0.119435 0.143232 0.143729 0.104265 0.123208 0.034551 0.036119 0.072076 0.107688 0.080573 0.051019 0.121804 0.087446 0.054251 0.108499 0.126954 0.054824 0.055500 0.056649 0.013635 0.043292 0.043702 0.096233 0.097301 0.126682 0.107920 0.087849 0.066434 0.075276 0.092773 0.153281
 785000.037285 7.198505 0.124082 0.102375 0.123250 0.090587 0.098615 0.095678 0.132114 0.141253 0.108908 0.100860 0.116794 0.143074 0.122272 0.150303 0.117063 0.103266 0.151094 0.133137 0.111387 0.133405 0.095316 0.123803 0.114259 0.093853 0.128858 0.130587 0.124948 0.142539 0.136098 0.112264 0.118995 0.047439 0.016603 0.076208 0.088345 0.066967 0.038796 0.125380 0.101876 0.074282 0.111745 0.120699 0.032979 0.057149 0.032347 0.021331 0.045781 0.033735 0.079752 0.075424 0.113398 0.115734 0.066982 0.041043 0.063764 0.104614 0.149692
 786000.037333 3.773925 0.113766 0.096119 0.114774 0.096953 0.110599 0.095786 0.125235 0.133505 0.101456 0.115227 0.107859 0.155627 0.137534 0.157486 0.105814 0.101667 0.149028 0.121659 0.125692 0.123922 0.112710 0.124216 0.107551 0.079129 0.129703 0.125660 0.121817 0.140598 0.142466 0.104103 0.126725 0.032782 0.032187 0.064850 0.101836 0.073371 0.043816 0.117873 0.089988 0.054835 0.103347 0.127607 0.056835 0.047855 0.054072 0.015445 0.034935 0.044817 0.090623 0.096376 0.128144 0.109503 0.083846 0.063749 0.066409 0.095433 0.156236
 787000.037380 2.631184 0.121459 0.101469 0.121693 0.093739 0.102518 0.095783 0.131673 0.140482 0.106553 0.106584 0.114655 0.148398 0.128185 0.154237 0.113185 0.103973 0.152276 0.129489 0.115784 0.131653 0.101855 0.125591 0.112871 0.090887 0.131731 0.132610 0.125370 0.145630 0.140675 0.112139 0.122687 0.043257 0.023289 0.076190 0.096118 0.071602 0.042981 0.127141 0.099410 0.068704 0.113004 0.124528 0.039614 0.056209 0.041056 0.012896 0.045564 0.034239 0.084880 0.083700 0.119919 0.116108 0.074348 0.051491 0.069528 0.102704 0.152560
 788000.037428 1.527193 0.115090 0.096427 0.117419 0.092670 0.103285 0.093509 0.125852 0.136438 0.103795 0.107594 0.112393 0.148915 0.128756 0.152683 0.108014 0.101906 0.148797 0.124929 0.117069 0.126469 0.102397 0.121778 0.106798 0.083956 0.129316 0.129294 0.120132 0.143011 0.141176 0.106729 0.120620 0.036476 0.026175 0.073846 0.101293 0.076337 0.046678 0.123112 0.091462 0.060994 0.110091 0.124712 0.045429 0.056510 0.047214 0.009825 0.043450 0.036087 0.091349 0.089349 0.121652 0.109421 0.080995 0.055461 0.070939 0.096241 0.152357
 789000.037475 4.877541 0.123070 0.102942 0.122741 0.093307 0.101835 0.097010 0.131445 0.140320 0.108997 0.104347 0.115019 0.145294 0.125404 0.151410 0.116460 0.104656 0.150458 0.131916 0.114734 0.132275 0.099274 0.122432 0.112250 0.090654 0.127823 0.127951 0.123769 0.141275 0.135781 0.109277 0.118713 0.046945 0.023044 0.073203 0.090036 0.066222 0.038737 0.123648 0.099112 0.071289 0.109140 0.120072 0.036939 0.053425 0.034430 0.017559 0.044690 0.038204 0.080630 0.078206 0.115616 0.113326 0.069169 0.046720 0.063449 0.100287 0.150563
 790000.037523 2.265207 0.120295 0.102630 0.120401 0.097499 0.105515 0.097070 0.131636 0.138959 0.105401 0.111219 0.111351 0.151384 0.131831 0.155907 0.111800 0.105800 0.152049 0.126277 0.118812 0.129909 0.106453 0.126588 0.112739 0.090561 0.134089 0.132813 0.127150 0.147760 0.142537 0.112399 0.124316 0.047965 0.034154 0.077111 0.099487 0.073063 0.048538 0.129891 0.099127 0.069580 0.113341 0.125864 0.045281 0.055744 0.045619 0.011966 0.049768 0.043216 0.086683 0.088335 0.124381 0.116855 0.078120 0.060901 0.073342 0.099954 0.152951
 791000.037570 1.877358 0.118876 0.098861 0.118860 0.092484 0.102816 0.094364 0.128468 0.137363 0.104641 0.106542 0.111413 0.147735 0.128182 0.152585 0.111375 0.101856 0.149460 0.127284 0.116871 0.128644 0.102348 0.123536 0.110825 0.087153 0.129053 0.128229 0.123185 0.142087 0.138628 0.108216 0.121450 0.041377 0.024841 0.071303 0.094095 0.068550 0.040450 0.122928 0.096042 0.065803 0.108390 0.123086 0.042992 0.051947 0.041354 0.010893 0.041784 0.038360 0.083547 0.084390 0.120018 0.112483 0.074077 0.052433 0.064635 0.099145 0.151463
 792000.037618 6.342884 0.119867 0.100314 0.120803 0.090452 0.096328 0.092939 0.130392 0.139799 0.105214 0.101266 0.115051 0.143818 0.122003 0.150509 0.111891 0.102458 0.150459 0.128120 0.108795 0.130150 0.095131 0.124797 0.112430 0.094812 0.133244 0.135873 0.124963 0.148176 0.141276 0.115009 0.120061 0.048416 0.026289 0.083782 0.098002 0.076755 0.050277 0.131641 0.100426 0.073387 0.117994 0.124269 0.035059 0.064378 0.041188 0.020023 0.053790 0.032223 0.087645 0.082170 0.117419 0.116709 0.075537 0.050277 0.076337 0.103562 0.148520
 793000.037665 1.683829 0.119727 0.100550 0.120827 0.094238 0.103098 0.096010 0.130008 0.139562 0.106431 0.107282 0.114424 0.148580 0.128144 0.153705 0.112361 0.104314 0.151113 0.128520 0.116503 0.129970 0.102067 0.123769 0.110618 0.088959 0.130628 0.131241 0.123613 0.144557 0.140453 0.110227 0.121352 0.041770 0.024340 0.075832 0.097666 0.073392 0.044670 0.125951 0.096584 0.066815 0.112252 0.124056 0.041237 0.056437 0.042524 0.010317 0.045451 0.036099 0.087337 0.085080 0.119846 0.113443 0.076330 0.052646 0.069972 0.100117 0.152371
 794000.037713 5.639675 0.109463 0.091071 0.112232 0.090415 0.103178 0.090749 0.120976 0.131672 0.099203 0.107448 0.109494 0.149397 0.129572 0.152041 0.102368 0.097419 0.145632 0.119905 0.117363 0.121347 0.103706 0.121048 0.103925 0.079722 0.128610 0.128317 0.117436 0.141331 0.142340 0.104641 0.122179 0.028422 0.024357 0.071465 0.103414 0.078678 0.046649 0.119376 0.087600 0.054956 0.107583 0.126526 0.050553 0.057053 0.052854 0.018881 0.038831 0.033598 0.093970 0.093456 0.123308 0.107079 0.084544 0.056685 0.070774 0.095652 0.151999
 795000.037760 6.991598 0.118485 0.097480 0.121208 0.086742 0.095697 0.090823 0.129211 0.140961 0.105591 0.099224 0.117397 0.143706 0.121522 0.150529 0.111156 0.099706 0.151215 0.129731 0.109131 0.130681 0.093324 0.125433 0.111812 0.092032 0.132746 0.136695 0.123331 0.148011 0.143968 0.113905 0.121336 0.042250 0.023645 0.083005 0.101308 0.079414 0.048927 0.128975 0.098258 0.068677 0.118258 0.127532 0.036910 0.066257 0.045691 0.021022 0.051102 0.023013 0.091495 0.085435 0.119007 0.115071 0.079822 0.047665 0.075216 0.104204 0.150646
 796000.037808 2.308725 0.119380 0.099734 0.120860 0.092406 0.101552 0.093977 0.130415 0.140098 0.105300 0.105951 0.114289 0.148121 0.127520 0.153713 0.111160 0.102842 0.151901 0.128079 0.114885 0.130527 0.100767 0.125840 0.111908 0.090467 0.132837 0.134641 0.124854 0.147723 0.142868 0.112627 0.122639 0.042827 0.027270 0.078884 0.100127 0.075512 0.046904 0.129082 0.098080 0.067249 0.115553 0.126182 0.040473 0.059528 0.044983 0.012080 0.048467 0.032918 0.088319 0.086542 0.121571 0.115765 0.078285 0.054363 0.073383 0.102026 0.152197
 797000.037855 8.842077 0.110692 0.090399 0.114857 0.085593 0.098239 0.089256 0.120478 0.134170 0.101961 0.100284 0.114001 0.142975 0.122146 0.147192 0.105003 0.096389 0.144519 0.124478 0.111577 0.123525 0.095412 0.118208 0.102786 0.081801 0.125549 0.129296 0.114021 0.140618 0.140379 0.104381 0.116898 0.029485 0.021405 0.075681 0.103082 0.081017 0.046893 0.119375 0.087224 0.056731 0.110920 0.123974 0.044690 0.062529 0.050697 0.023641 0.042903 0.026403 0.095191 0.088889 0.117525 0.104853 0.083564 0.049146 0.071758 0.096546 0.148831
 798000.037903 4.706400 0.118614 0.099303 0.119158 0.093437 0.104401 0.096894 0.126784 0.136480 0.106553 0.106045 0.112641 0.146537 0.127453 0.151122 0.112775 0.102553 0.147208 0.128946 0.117645 0.127610 0.102492 0.118702 0.107205 0.083639 0.123834 0.122792 0.118740 0.136283 0.134522 0.102878 0.117790 0.038640 0.020645 0.066234 0.091457 0.066525 0.034554 0.116160 0.092190 0.062222 0.103082 0.119118 0.042780 0.048524 0.038794 0.017248 0.036382 0.038356 0.083338 0.081843 0.116135 0.107092 0.072267 0.048165 0.060032 0.095244 0.150675
 799000.037950 2.134975 0.115838 0.096970 0.118561 0.090874 0.100399 0.092968 0.126805 0.137482 0.103929 0.104346 0.113768 0.146751 0.125387 0.151590 0.108953 0.101014 0.149345 0.126071 0.113555 0.127096 0.098296 0.122376 0.107989 0.087016 0.130252 0.131799 0.121265 0.144693 0.141703 0.109165 0.119986 0.039349 0.025362 0.077714 0.101017 0.077436 0.047434 0.125525 0.093605 0.063799 0.113133 0.125004 0.040640 0.060355 0.045734 0.011617 0.046722 0.031549 0.091098 0.086973 0.119696 0.111198 0.079888 0.052962 0.072979 0.098427 0.150834
 800000.037998 2.444207 0.118177 0.097778 0.119419 0.090335 0.100040 0.092503 0.128674 0.138650 0.104518 0.104116 0.113918 0.147078 0.126019 0.152554 0.110531 0.101164 0.150754 0.127578 0.113931 0.129147 0.098553 0.124652 0.111234 0.089519 0.131546 0.132306 0.123775 0.145271 0.141426 0.111210 0.121576 0.041186 0.022856 0.076863 0.097553 0.074146 0.045458 0.126384 0.096723 0.066999 0.112978 0.125324 0.039925 0.058688 0.042622 0.012430 0.045950 0.032620 0.087723 0.085100 0.119965 0.113697 0.076757 0.050756 0.070054 0.101359 0.151979
 801000.038045 6.884663 0.113287 0.092736 0.115983 0.086361 0.097864 0.090439 0.122482 0.134855 0.102580 0.099756 0.113473 0.142691 0.121905 0.147726 0.107092 0.097144 0.145250 0.125814 0.111182 0.124569 0.095568 0.118656 0.104782 0.083494 0.125444 0.127772 0.115722 0.139449 0.138595 0.104709 0.117235 0.031973 0.016373 0.073228 0.098237 0.076076 0.042232 0.118521 0.089575 0.059170 0.108807 0.122557 0.041647 0.058691 0.045236 0.020861 0.040451 0.027117 0.090638 0.085253 0.116117 0.106115 0.078676 0.046044 0.068041 0.097271 0.148398
 802000.038093 2.426010 0.116570 0.098333 0.119053 0.092895 0.101501 0.094195 0.127650 0.137963 0.104525 0.105893 0.113904 0.147407 0.126415 0.152206 0.109445 0.102769 0.149507 0.126140 0.114456 0.127386 0.100205 0.122425 0.108232 0.088230 0.130728 0.132405 0.121719 0.145342 0.141337 0.109976 0.119947 0.040782 0.025975 0.078686 0.100981 0.077687 0.048427 0.126915 0.094215 0.064962 0.114109 0.124423 0.040911 0.060399 0.045418 0.012383 0.048062 0.033409 0.090892 0.086719 0.119605 0.111814 0.079408 0.054136 0.074301 0.098733 0.150826
 803000.038140 9.321532 0.115234 0.094595 0.118555 0.084465 0.092255 0.088064 0.126199 0.138221 0.102255 0.096031 0.115689 0.140166 0.117521 0.146875 0.107402 0.097530 0.148074 0.126277 0.104402 0.127595 0.089568 0.123785 0.109491 0.092906 0.132625 0.138566 0.120937 0.149481 0.143949 0.114426 0.118713 0.043198 0.027182 0.087037 0.104049 0.083599 0.053443 0.131530 0.096869 0.068406 0.121298 0.126475 0.035864 0.070321 0.048423 0.024274 0.055286 0.021405 0.093764 0.085706 0.117459 0.114424 0.081725 0.050081 0.080814 0.103879 0.146129
 804000.038188 2.028038 0.118886 0.099480 0.118852 0.094275 0.103967 0.095554 0.128624 0.137095 0.104570 0.107807 0.111587 0.148601 0.129082 0.153206 0.111131 0.103018 0.149504 0.126879 0.117507 0.128166 0.103516 0.122983 0.110382 0.087545 0.129108 0.128038 0.122980 0.141918 0.138303 0.108156 0.121128 0.041443 0.024810 0.071440 0.094425 0.069425 0.041303 0.123088 0.095656 0.065421 0.108314 0.122432 0.043258 0.051856 0.041209 0.011322 0.041971 0.039390 0.084297 0.084323 0.119654 0.112298 0.073966 0.053604 0.066206 0.098863 0.151520
 805000.038235 2.862160 0.122694 0.103186 0.121891 0.095165 0.103731 0.097573 0.132354 0.139574 0.107090 0.107313 0.113296 0.148487 0.128558 0.154216 0.115090 0.104311 0.152050 0.129844 0.116885 0.131406 0.102326 0.124845 0.113596 0.090425 0.129991 0.128854 0.126187 0.142274 0.137773 0.110601 0.122205 0.046311 0.025213 0.072771 0.091603 0.066556 0.039427 0.124233 0.100194 0.070227 0.108874 0.122583 0.039908 0.052314 0.037709 0.013450 0.043653 0.038648 0.080788 0.081235 0.118452 0.115672 0.070476 0.051239 0.064789 0.101433 0.152241
 806000.038283 5.627999 0.111592 0.094566 0.113646 0.096407 0.111013 0.097080 0.121686 0.131188 0.101973 0.113743 0.108430 0.153975 0.135398 0.154985 0.105683 0.101205 0.145981 0.121559 0.124937 0.121523 0.110452 0.119286 0.102900 0.074709 0.125223 0.121309 0.117408 0.136603 0.140021 0.098640 0.122578 0.029285 0.030762 0.061083 0.101430 0.073572 0.041172 0.112788 0.085103 0.050705 0.099245 0.124506 0.056446 0.046932 0.053795 0.018861 0.030509 0.045490 0.092345 0.095192 0.125262 0.104150 0.084262 0.061800 0.063465 0.090740 0.154401
 807000.038330 4.520407 0.107610 0.089531 0.110991 0.089471 0.102141 0.089427 0.118712 0.130631 0.098672 0.106627 0.108390 0.147867 0.128279 0.150051 0.101072 0.096977 0.143517 0.118930 0.116852 0.119503 0.103091 0.118569 0.101301 0.077663 0.126696 0.126171 0.114455 0.139602 0.141097 0.101972 0.119808 0.026972 0.026237 0.070807 0.104173 0.079454 0.048227 0.117785 0.084075 0.052749 0.106472 0.125103 0.051655 0.056538 0.053063 0.016904 0.039670 0.036086 0.095385 0.094191 0.122732 0.103245 0.085797 0.057236 0.071063 0.092141 0.150613
 808000.038378 10.707613 0.116010 0.094016 0.117787 0.083487 0.093700 0.089454 0.124305 0.136841 0.104237 0.095162 0.115361 0.139420 0.118067 0.146071 0.109697 0.096868 0.145775 0.128578 0.106765 0.127477 0.091050 0.120064 0.107583 0.087849 0.126997 0.130216 0.117349 0.141554 0.138926 0.107820 0.116950 0.037984 0.013542 0.076602 0.095820 0.075020 0.042207 0.121353 0.093854 0.065602 0.111445 0.122659 0.036648 0.061697 0.041439 0.026016 0.044672 0.023569 0.088756 0.081490 0.114411 0.109040 0.076219 0.039618 0.068087 0.100397 0.147155
 809000.038425 2.825313 0.117466 0.097734 0.119097 0.091600 0.102036 0.094463 0.127219 0.137631 0.105429 0.105095 0.114330 0.147257 0.126536 0.152099 0.110900 0.101756 0.149288 0.127849 0.115519 0.128094 0.099789 0.121710 0.108543 0.086314 0.128303 0.128982 0.121079 0.141862 0.139256 0.107605 0.119811 0.037672 0.019024 0.073309 0.096570 0.073029 0.041944 0.122200 0.093849 0.063956 0.109534 0.123228 0.040717 0.056248 0.042248 0.013364 0.041529 0.032819 0.087819 0.084381 0.118169 0.110423 0.076197 0.048973 0.066828 0.098820 0.151814
 810000.038473 2.895302 0.117770 0.098039 0.117689 0.092780 0.104087 0.095481 0.126717 0.135327 0.104029 0.106590 0.110786 0.147702 0.128273 0.152094 0.110776 0.101104 0.147960 0.126520 0.117376 0.126899 0.102537 0.121405 0.108748 0.084142 0.126354 0.124874 0.121146 0.138760 0.136984 0.104926 0.120492 0.038072 0.021895 0.066715 0.092654 0.066940 0.035951 0.118352 0.093756 0.062400 0.104140 0.121472 0.043939 0.048552 0.041195 0.013528 0.035994 0.038559 0.082953 0.083817 0.118643 0.110160 0.073134 0.051312 0.061287 0.097349 0.150861
 811000.038520 1.820855 0.117626 0.098318 0.118894 0.092875 0.102438 0.093644 0.128642 0.138108 0.104060 0.107156 0.112689 0.148559 0.128595 0.153341 0.109578 0.102231 0.150330 0.126308 0.116232 0.128527 0.102475 0.124255 0.110233 0.088279 0.131308 0.132258 0.123137 0.145405 0.141308 0.110549 0.121947 0.040489 0.025783 0.076409 0.099282 0.074511 0.045851 0.126737 0.095818 0.065118 0.113022 0.125021 0.042477 0.057398 0.044983 0.010728 0.045861 0.034088 0.088055 0.086904 0.121283 0.113496 0.077970 0.054572 0.071598 0.100109 0.152046
 812000.038568 5.688185 0.116467 0.096571 0.117391 0.090524 0.101533 0.094444 0.124900 0.134999 0.104486 0.103136 0.112787 0.144563 0.124680 0.149369 0.110486 0.099957 0.146137 0.127170 0.114376 0.126106 0.098912 0.118477 0.106350 0.083663 0.123899 0.124238 0.117770 0.136572 0.134998 0.103730 0.117359 0.035582 0.014424 0.068415 0.092283 0.069203 0.035923 0.116403 0.091833 0.061700 0.104452 0.119627 0.041023 0.052292 0.039945 0.018962 0.036132 0.033041 0.084552 0.081451 0.114609 0.107302 0.072715 0.045424 0.061807 0.096921 0.149183
 813000.038615 4.375668 0.118753 0.100703 0.119018 0.097975 0.109990 0.099801 0.127629 0.135891 0.106419 0.112090 0.111380 0.151493 0.133357 0.154768 0.112366 0.104599 0.148612 0.127542 0.123038 0.127456 0.108773 0.120187 0.107356 0.081169 0.124671 0.121951 0.120339 0.136481 0.135992 0.101947 0.120937 0.037640 0.026571 0.062531 0.093925 0.066525 0.034801 0.115275 0.091826 0.059228 0.100854 0.120607 0.048930 0.044299 0.043993 0.016631 0.033071 0.043462 0.084202 0.086375 0.120231 0.108188 0.074942 0.055594 0.060127 0.094419 0.153316
 814000.038663 1.786374 0.122119 0.103649 0.121860 0.098300 0.107595 0.098833 0.132593 0.140000 0.107205 0.112272 0.112367 0.152296 0.132907 0.156852 0.114196 0.106772 0.153102 0.128459 0.121162 0.131394 0.107404 0.126746 0.113547 0.089497 0.132535 0.130603 0.127715 0.145685 0.141283 0.111079 0.124754 0.046865 0.033121 0.073396 0.096974 0.070132 0.045032 0.127035 0.099325 0.068961 0.110758 0.125242 0.046697 0.051931 0.044780 0.010626 0.045783 0.045522 0.084622 0.087506 0.123898 0.116518 0.076265 0.059861 0.068366 0.100496 0.154322
 815000.038710 5.222008 0.117337 0.098971 0.117201 0.095973 0.108284 0.097887 0.126675 0.134544 0.104251 0.110837 0.109694 0.151096 0.132786 0.154506 0.110412 0.102145 0.147913 0.125767 0.121793 0.125989 0.108205 0.121465 0.107881 0.081317 0.126061 0.123264 0.120886 0.137596 0.137715 0.102999 0.122678 0.036567 0.025753 0.063030 0.094527 0.066764 0.034542 0.115710 0.092363 0.059086 0.101264 0.122595 0.049457 0.045221 0.045473 0.018168 0.032455 0.041670 0.084112 0.087732 0.121641 0.109285 0.075841 0.055543 0.060732 0.095654 0.152890
 816000.038758 10.087297 0.117180 0.095350 0.119003 0.084814 0.094752 0.090662 0.125654 0.137851 0.104882 0.096001 0.116087 0.140002 0.118633 0.146852 0.110707 0.097940 0.146816 0.129506 0.107457 0.128315 0.091625 0.120582 0.108458 0.089137 0.127242 0.130996 0.118341 0.142054 0.138673 0.108802 0.117059 0.038916 0.014243 0.077249 0.095485 0.074912 0.041948 0.122325 0.094875 0.066015 0.112425 0.122359 0.035557 0.061693 0.040819 0.025251 0.045144 0.023512 0.088078 0.080657 0.113919 0.110122 0.075215 0.040348 0.068702 0.101439 0.147407
 817000.038805 3.553807 0.115562 0.096219 0.118298 0.090423 0.100686 0.092866 0.126380 0.137181 0.103193 0.103948 0.113707 0.146424 0.125367 0.151403 0.108334 0.100016 0.148978 0.126084 0.113617 0.126660 0.098680 0.122415 0.107911 0.086753 0.129677 0.132114 0.120602 0.144511 0.141873 0.108910 0.120316 0.037390 0.025154 0.077076 0.101349 0.077646 0.045996 0.124667 0.093298 0.061786 0.113104 0.125179 0.041639 0.060234 0.047373 0.014988 0.045416 0.029846 0.091124 0.087380 0.119641 0.111197 0.080141 0.053194 0.072914 0.099343 0.150303
 818000.038853 6.664053 0.126390 0.105002 0.126549 0.092224 0.099009 0.097060 0.135235 0.144562 0.110548 0.101469 0.119444 0.143641 0.122310 0.151415 0.118770 0.105635 0.153921 0.135036 0.110585 0.136610 0.094701 0.126079 0.116104 0.096916 0.131505 0.135367 0.127188 0.147135 0.138921 0.115781 0.119926 0.050649 0.024810 0.081706 0.093057 0.071343 0.044010 0.130850 0.104744 0.076172 0.117557 0.122387 0.030840 0.061490 0.036030 0.020524 0.051741 0.032736 0.082277 0.076574 0.114779 0.119551 0.069764 0.045837 0.070540 0.107009 0.149963
 819000.038900 2.523239 0.119046 0.099214 0.121278 0.091515 0.100594 0.093603 0.130418 0.140741 0.105722 0.105078 0.115961 0.148329 0.126563 0.153970 0.111236 0.102692 0.152925 0.128421 0.113865 0.130901 0.098475 0.126319 0.111960 0.090715 0.133914 0.135801 0.125293 0.148696 0.144564 0.113452 0.122927 0.042634 0.026907 0.080870 0.102068 0.078352 0.049429 0.129823 0.098142 0.067881 0.116875 0.127750 0.039908 0.062584 0.046170 0.012629 0.049741 0.031171 0.091200 0.087494 0.121845 0.116014 0.080310 0.053667 0.074956 0.102606 0.153158
 820000.038948 3.413713 0.117508 0.099790 0.116272 0.098666 0.110229 0.097879 0.127882 0.133962 0.102381 0.114625 0.106591 0.153444 0.136237 0.156232 0.109262 0.103071 0.148596 0.123548 0.124656 0.125263 0.112599 0.124010 0.110275 0.083554 0.128780 0.124341 0.123854 0.139418 0.138270 0.105437 0.125136 0.040593 0.031872 0.063999 0.094540 0.065884 0.038571 0.118960 0.094138 0.060921 0.102346 0.123651 0.052747 0.043384 0.046929 0.014689 0.036119 0.046927 0.082666 0.089840 0.124562 0.111734 0.075820 0.061656 0.062749 0.096594 0.153366
 821000.038995 12.912001 0.119550 0.097562 0.119703 0.086718 0.096512 0.094009 0.126232 0.136976 0.106579 0.096311 0.116160 0.139423 0.118324 0.146305 0.113965 0.099118 0.146332 0.131142 0.108297 0.128999 0.091536 0.119015 0.109198 0.088925 0.124173 0.126132 0.118658 0.137431 0.134399 0.106571 0.115770 0.042066 0.011778 0.072526 0.088659 0.068818 0.035946 0.117944 0.096258 0.068712 0.106931 0.118859 0.035506 0.057578 0.035796 0.028568 0.041338 0.030869 0.083086 0.075701 0.110360 0.109713 0.069326 0.036384 0.061282 0.101160 0.146788
 822000.039043 4.197321 0.120130 0.098934 0.120519 0.089934 0.099417 0.093536 0.129167 0.139133 0.105898 0.102153 0.114358 0.144846 0.124164 0.150939 0.112877 0.101381 0.149937 0.129961 0.112958 0.130134 0.097234 0.123062 0.111601 0.090244 0.129239 0.129973 0.122776 0.142801 0.138445 0.109864 0.119453 0.043206 0.021350 0.074906 0.093227 0.070181 0.041147 0.124283 0.097352 0.068330 0.111003 0.122578 0.037472 0.056445 0.037884 0.016288 0.044974 0.033690 0.084467 0.080979 0.116998 0.112737 0.072754 0.046928 0.066319 0.100961 0.150519
 823000.039090 8.499983 0.121399 0.099209 0.121638 0.087867 0.097614 0.093620 0.129392 0.140260 0.107939 0.099248 0.116849 0.142746 0.121565 0.149724 0.114825 0.101353 0.149821 0.132146 0.110776 0.131848 0.094233 0.123329 0.112214 0.091240 0.129012 0.130708 0.122819 0.143027 0.138608 0.110610 0.119301 0.043346 0.015036 0.075524 0.091813 0.070281 0.039857 0.123804 0.098843 0.070859 0.111457 0.122735 0.035800 0.058292 0.036837 0.023179 0.044444 0.031581 0.084174 0.079103 0.115353 0.113440 0.071863 0.040624 0.064359 0.103215 0.150206
 824000.039138 3.693762 0.123813 0.103086 0.121882 0.094412 0.102736 0.096879 0.132648 0.139871 0.106953 0.106343 0.112959 0.147110 0.127778 0.153282 0.115495 0.104194 0.151483 0.130587 0.116247 0.132054 0.102399 0.125129 0.114847 0.092397 0.129799 0.129079 0.126369 0.142355 0.136398 0.111461 0.121812 0.047085 0.023190 0.072547 0.088623 0.064078 0.037711 0.124975 0.101466 0.071936 0.109367 0.121320 0.039245 0.051020 0.034891 0.015280 0.043529 0.039816 0.077880 0.078943 0.117353 0.116427 0.067386 0.049540 0.063164 0.103204 0.151088
 825000.039185 3.719071 0.108650 0.090579 0.112018 0.090561 0.103649 0.090023 0.120601 0.131914 0.099362 0.108647 0.109145 0.150291 0.130620 0.152404 0.101908 0.097653 0.145761 0.119630 0.118870 0.120961 0.104746 0.120974 0.103516 0.078937 0.128798 0.128132 0.117277 0.141495 0.142684 0.104230 0.122076 0.028171 0.026635 0.071794 0.104703 0.079434 0.048571 0.119843 0.086176 0.054284 0.107918 0.127061 0.051917 0.057389 0.053763 0.015332 0.040086 0.035336 0.095231 0.095092 0.124622 0.105792 0.086113 0.058281 0.071177 0.094147 0.152966
 826000.039233 12.304398 0.102545 0.085863 0.107515 0.090585 0.106727 0.090640 0.113544 0.126443 0.096579 0.109598 0.106811 0.149908 0.131465 0.149995 0.097165 0.094860 0.140372 0.115935 0.120952 0.114749 0.107376 0.115281 0.096056 0.069956 0.122754 0.122244 0.109379 0.135293 0.140892 0.095743 0.119588 0.017124 0.032481 0.065745 0.108471 0.082899 0.048773 0.110533 0.076801 0.041115 0.101586 0.125327 0.060244 0.056189 0.061546 0.027888 0.034608 0.040519 0.100257 0.100200 0.124528 0.097530 0.091806 0.062856 0.071117 0.088090 0.151105
 827000.039280 4.068900 0.121344 0.103808 0.119760 0.100364 0.110472 0.101555 0.130171 0.135952 0.106266 0.113312 0.109210 0.151383 0.133755 0.155022 0.114310 0.106009 0.149022 0.127605 0.123335 0.127963 0.110158 0.121798 0.110591 0.085444 0.126093 0.122088 0.123884 0.137276 0.134482 0.104509 0.121684 0.045449 0.031357 0.063666 0.089939 0.062008 0.034616 0.118110 0.095977 0.064941 0.101243 0.119420 0.048054 0.041827 0.040618 0.016037 0.037223 0.048475 0.078964 0.083621 0.119791 0.111570 0.070409 0.058146 0.059728 0.095963 0.151731
 828000.039328 2.900568 0.118798 0.099548 0.119479 0.095121 0.106852 0.096972 0.129012 0.137562 0.104823 0.109888 0.112138 0.151360 0.131846 0.155669 0.111219 0.102634 0.151110 0.127285 0.120367 0.128583 0.105892 0.124497 0.110551 0.084963 0.129398 0.128221 0.123704 0.142114 0.140870 0.107295 0.124057 0.038556 0.027831 0.069166 0.097448 0.070615 0.039905 0.121059 0.095177 0.061562 0.107162 0.125244 0.047244 0.050920 0.046693 0.013540 0.038789 0.039090 0.086334 0.088303 0.122687 0.112846 0.077555 0.056534 0.065495 0.099192 0.153968
 829000.039375 3.327838 0.122104 0.101909 0.122850 0.092423 0.100457 0.096084 0.131584 0.140925 0.107739 0.103378 0.116388 0.145411 0.124275 0.151783 0.114775 0.103852 0.151754 0.131042 0.112664 0.132149 0.097107 0.123672 0.112141 0.091441 0.129866 0.131789 0.124249 0.144323 0.138895 0.111483 0.119709 0.044725 0.022012 0.077287 0.094734 0.071694 0.042427 0.126450 0.099447 0.070065 0.113124 0.122513 0.035040 0.058103 0.038359 0.014503 0.046546 0.032515 0.084564 0.080203 0.116284 0.115137 0.072466 0.047988 0.069114 0.102339 0.150460
 830000.039423 11.251098 0.115878 0.094432 0.118477 0.084228 0.093088 0.089335 0.124992 0.138175 0.104725 0.095715 0.116899 0.139987 0.118152 0.146748 0.109315 0.098044 0.146653 0.128684 0.106488 0.127679 0.091320 0.120691 0.107719 0.089657 0.128867 0.132941 0.117631 0.143699 0.140738 0.109918 0.117447 0.038315 0.014870 0.080728 0.099195 0.079368 0.047138 0.124107 0.094065 0.066547 0.114898 0.124238 0.037106 0.065674 0.043735 0.026668 0.048431 0.021544 0.092304 0.083427 0.115121 0.109578 0.078924 0.040925 0.073019 0.101493 0.147798
 831000.039470 3.249428 0.116136 0.097503 0.118677 0.093050 0.103833 0.094555 0.127457 0.137572 0.104194 0.107866 0.113918 0.149801 0.129133 0.154130 0.108824 0.102018 0.150607 0.125560 0.116947 0.127818 0.102337 0.124132 0.108502 0.085369 0.130899 0.132127 0.122411 0.145161 0.143245 0.109208 0.123031 0.036681 0.026444 0.075640 0.102708 0.077912 0.047075 0.124666 0.094035 0.061848 0.112231 0.126712 0.045488 0.058644 0.049794 0.014332 0.043665 0.033575 0.091638 0.090085 0.122393 0.112708 0.081738 0.055984 0.072374 0.099776 0.153081
 832000.039518 7.628738 0.108052 0.087167 0.111425 0.082618 0.095340 0.084797 0.118377 0.131841 0.098250 0.098854 0.110010 0.142442 0.121676 0.146483 0.101453 0.093414 0.142884 0.121094 0.110251 0.120732 0.095201 0.119479 0.103432 0.082473 0.127808 0.129726 0.114601 0.142048 0.141689 0.105264 0.118045 0.030899 0.023260 0.075968 0.102577 0.080288 0.048964 0.121014 0.086722 0.057587 0.111063 0.125449 0.046050 0.062085 0.050395 0.021959 0.044788 0.028978 0.094784 0.090544 0.120059 0.104764 0.084248 0.050881 0.072200 0.095875 0.148062
 833000.039565 1.684071 0.115859 0.097776 0.116779 0.094876 0.106158 0.095909 0.126068 0.134925 0.103929 0.110015 0.110428 0.150674 0.131382 0.153941 0.109265 0.102233 0.148125 0.124787 0.120255 0.125568 0.105958 0.121315 0.107202 0.082303 0.127557 0.125318 0.120863 0.139528 0.138682 0.104582 0.121571 0.036376 0.023974 0.067724 0.096563 0.070367 0.040314 0.119017 0.091547 0.060510 0.104645 0.123220 0.047061 0.049950 0.044722 0.010317 0.037166 0.039369 0.086890 0.087932 0.121377 0.108793 0.077330 0.054695 0.064219 0.095190 0.152991
 834000.039613 4.704820 0.116962 0.096315 0.118122 0.088846 0.099072 0.092080 0.126943 0.136943 0.102955 0.102039 0.113108 0.145049 0.124215 0.150720 0.109215 0.099032 0.148805 0.126656 0.112045 0.127650 0.097375 0.123244 0.109747 0.088012 0.129554 0.131405 0.121599 0.143709 0.140522 0.109586 0.120765 0.038508 0.020824 0.075364 0.097121 0.073699 0.042373 0.123942 0.095690 0.064396 0.111690 0.124297 0.039749 0.058057 0.043670 0.017245 0.043422 0.029213 0.087031 0.084321 0.118362 0.112862 0.076232 0.049388 0.069334 0.101275 0.149660
 835000.039660 8.515804 0.118063 0.095994 0.121102 0.084757 0.094321 0.089200 0.128541 0.141342 0.105748 0.097647 0.118565 0.143025 0.120432 0.149958 0.110695 0.099206 0.151281 0.130096 0.107871 0.131316 0.091223 0.125865 0.111813 0.092379 0.133619 0.137843 0.122993 0.149276 0.145280 0.114485 0.121183 0.041816 0.023182 0.084308 0.102686 0.081535 0.051048 0.129885 0.098086 0.069155 0.119569 0.128487 0.037001 0.068286 0.046576 0.023201 0.052289 0.021902 0.093689 0.086195 0.119520 0.114979 0.081640 0.046494 0.076198 0.104883 0.151090
 836000.039708 4.343529 0.114604 0.096486 0.116297 0.092735 0.102631 0.093811 0.125585 0.134615 0.102208 0.106787 0.111533 0.147512 0.127545 0.151513 0.107359 0.100475 0.147571 0.123407 0.115453 0.125117 0.101828 0.121550 0.107016 0.084927 0.128427 0.129490 0.120414 0.141937 0.139362 0.107690 0.120623 0.036992 0.023735 0.074314 0.099165 0.075233 0.044742 0.122705 0.093084 0.062173 0.109837 0.123453 0.044174 0.057353 0.047218 0.016570 0.042284 0.033150 0.088468 0.086989 0.119124 0.111030 0.078093 0.054260 0.070726 0.098504 0.149991
 837000.039755 5.884136 0.116837 0.095926 0.118646 0.088730 0.098729 0.091027 0.127191 0.138897 0.104622 0.103008 0.115109 0.146813 0.125688 0.152399 0.109209 0.100658 0.149951 0.127617 0.113308 0.128731 0.098703 0.124387 0.110170 0.089199 0.132355 0.133560 0.121913 0.146194 0.143363 0.111203 0.121918 0.038629 0.020223 0.078358 0.100157 0.077649 0.047819 0.126336 0.095185 0.066043 0.114327 0.126950 0.041947 0.061477 0.044953 0.019286 0.046977 0.030054 0.091834 0.087466 0.121062 0.112266 0.080245 0.048831 0.072062 0.101423 0.152829
 838000.039803 8.386092 0.119051 0.097254 0.120606 0.086321 0.096081 0.092188 0.127203 0.139080 0.106920 0.097374 0.117064 0.140603 0.119314 0.147268 0.113062 0.099865 0.147950 0.131071 0.108796 0.130195 0.091759 0.120699 0.109348 0.089467 0.126763 0.130071 0.119518 0.141464 0.137411 0.108860 0.116570 0.040905 0.014596 0.076601 0.093758 0.072972 0.041248 0.122558 0.096027 0.068128 0.111771 0.121335 0.034431 0.060491 0.038406 0.023023 0.045022 0.026947 0.086320 0.078976 0.113236 0.110671 0.073282 0.039727 0.066507 0.101355 0.148299
 839000.039850 8.901828 0.107005 0.089504 0.110583 0.091475 0.107032 0.092254 0.117079 0.128996 0.099814 0.109516 0.107984 0.149956 0.131746 0.150850 0.101963 0.096877 0.142246 0.119846 0.121678 0.118439 0.107127 0.115721 0.098945 0.071932 0.122075 0.120227 0.111730 0.133747 0.138124 0.096054 0.119021 0.023235 0.028821 0.062818 0.102763 0.076589 0.043103 0.110019 0.080203 0.046427 0.099419 0.123150 0.056423 0.051607 0.055192 0.023721 0.032145 0.040209 0.094912 0.095444 0.122773 0.098823 0.086215 0.058589 0.065052 0.088275 0.152152
 840000.039898 9.132357 0.111399 0.090135 0.113685 0.081880 0.091865 0.086347 0.120203 0.133106 0.099974 0.094353 0.111609 0.138134 0.116543 0.143860 0.104804 0.094415 0.142427 0.123662 0.105155 0.122507 0.090363 0.118543 0.104631 0.086035 0.126762 0.129707 0.114970 0.141611 0.139400 0.106344 0.115825 0.035561 0.018506 0.077182 0.098353 0.077686 0.046165 0.121481 0.090070 0.062600 0.111538 0.122651 0.039834 0.062287 0.044861 0.024026 0.045861 0.027297 0.091033 0.084457 0.115306 0.106440 0.079057 0.044884 0.071267 0.097837 0.144243
 841000.039945 7.016892 0.105681 0.090471 0.111028 0.095390 0.110195 0.092972 0.118747 0.130701 0.099607 0.115385 0.108629 0.155245 0.136599 0.155052 0.099445 0.100058 0.145775 0.117027 0.124920 0.119228 0.111502 0.120077 0.099637 0.072869 0.128613 0.127456 0.115347 0.141942 0.145402 0.100847 0.123439 0.025169 0.036914 0.070715 0.112747 0.085189 0.054146 0.118623 0.081203 0.046853 0.107004 0.129163 0.060717 0.058317 0.062994 0.021060 0.041237 0.042805 0.102214 0.103379 0.129761 0.103211 0.094623 0.068131 0.075900 0.089540 0.155718
 842000.039993 4.888857 0.119570 0.099362 0.122078 0.089828 0.098545 0.092571 0.130685 0.141652 0.106329 0.102570 0.116982 0.146246 0.124560 0.152598 0.111774 0.101991 0.152569 0.129674 0.111672 0.131803 0.096567 0.126244 0.112281 0.091882 0.133739 0.136845 0.124601 0.149142 0.144485 0.114105 0.122204 0.043887 0.027327 0.082609 0.102211 0.078870 0.049680 0.130438 0.098860 0.068839 0.118330 0.127638 0.038079 0.064616 0.045886 0.017579 0.051910 0.027516 0.091281 0.086509 0.120932 0.116138 0.080322 0.051709 0.076100 0.103296 0.152113
 843000.040040 5.873720 0.108986 0.089709 0.112429 0.086999 0.099715 0.088719 0.119707 0.132073 0.099791 0.103334 0.110767 0.146136 0.125659 0.149414 0.102664 0.095998 0.144479 0.121146 0.113985 0.121512 0.099216 0.119190 0.102586 0.079451 0.126935 0.127745 0.115146 0.140260 0.141350 0.103531 0.119484 0.027516 0.021347 0.072540 0.102931 0.079225 0.046606 0.118454 0.086295 0.055196 0.107977 0.125349 0.047671 0.059015 0.050969 0.019268 0.040049 0.029729 0.094595 0.091556 0.120892 0.104801 0.084233 0.052295 0.070381 0.094599 0.150488
 844000.040088 7.663468 0.113076 0.093370 0.117218 0.085038 0.093901 0.088497 0.123652 0.136821 0.102630 0.097298 0.115101 0.141071 0.118701 0.146828 0.106487 0.097930 0.146330 0.125465 0.106453 0.125686 0.091248 0.120748 0.105841 0.088422 0.130139 0.134805 0.117687 0.146511 0.142976 0.109990 0.117036 0.038919 0.024939 0.083251 0.104279 0.083096 0.052002 0.127390 0.092117 0.064277 0.117522 0.125259 0.038093 0.067565 0.048003 0.022009 0.051991 0.023995 0.095353 0.086929 0.117553 0.109638 0.083089 0.049390 0.078330 0.099073 0.147038
 845000.040135 1.290029 0.119815 0.100856 0.120889 0.094253 0.102490 0.095365 0.130735 0.139508 0.105329 0.107156 0.113694 0.148495 0.127768 0.153737 0.111757 0.104013 0.151899 0.127510 0.115335 0.130171 0.101106 0.125291 0.111876 0.090711 0.132387 0.133232 0.125429 0.146761 0.141512 0.112268 0.121970 0.045093 0.029216 0.078488 0.098890 0.074552 0.047674 0.129010 0.098380 0.068566 0.114503 0.124845 0.040605 0.058496 0.043794 0.009030 0.048971 0.037030 0.087290 0.085503 0.120715 0.115761 0.076883 0.055939 0.073014 0.101231 0.151593
 846000.040183 5.646076 0.119605 0.099187 0.120851 0.089630 0.097488 0.093631 0.128645 0.139419 0.106829 0.100444 0.116271 0.142751 0.121550 0.149143 0.113005 0.102033 0.148951 0.130070 0.110294 0.130081 0.094842 0.121165 0.109719 0.090568 0.128298 0.130717 0.120881 0.142535 0.137580 0.110045 0.117325 0.042864 0.017142 0.077992 0.094439 0.073294 0.043626 0.124782 0.096794 0.069316 0.112725 0.121351 0.034368 0.060088 0.037456 0.018891 0.046998 0.029417 0.086358 0.079535 0.114153 0.111700 0.073113 0.043354 0.069127 0.100829 0.148958
 847000.040230 14.863360 0.123863 0.101378 0.121847 0.089747 0.099055 0.096538 0.129672 0.138854 0.109189 0.099047 0.116166 0.140952 0.121364 0.148232 0.117707 0.101961 0.147857 0.134089 0.111647 0.131893 0.095720 0.120470 0.112811 0.092002 0.124343 0.124690 0.121329 0.136327 0.131708 0.107857 0.116770 0.047101 0.012976 0.070037 0.082289 0.062068 0.031619 0.118032 0.099863 0.073065 0.105095 0.117104 0.036414 0.053107 0.029107 0.030651 0.040913 0.037226 0.077061 0.072269 0.110109 0.111679 0.063309 0.034977 0.056372 0.102869 0.148494
 848000.040278 10.712819 0.103241 0.083729 0.107525 0.083662 0.098539 0.084985 0.113967 0.127850 0.095655 0.101964 0.107630 0.144541 0.124849 0.146722 0.097194 0.091366 0.140051 0.117240 0.113725 0.116120 0.099672 0.116862 0.098858 0.075783 0.124903 0.126306 0.110441 0.138305 0.141541 0.100350 0.118508 0.020447 0.025086 0.071512 0.105678 0.082144 0.048576 0.115116 0.080688 0.048851 0.106521 0.125863 0.053181 0.060604 0.056517 0.026022 0.039363 0.030975 0.097924 0.095615 0.121905 0.100013 0.088491 0.054795 0.071599 0.092192 0.148623
 849000.040325 7.968506 0.122750 0.101059 0.122615 0.088728 0.096432 0.094536 0.130539 0.140396 0.108044 0.097887 0.116838 0.140429 0.119279 0.147902 0.115950 0.101974 0.149413 0.132635 0.108319 0.132288 0.092172 0.121804 0.112351 0.093241 0.127478 0.130348 0.122532 0.141939 0.135419 0.111098 0.116592 0.046630 0.015946 0.077096 0.089211 0.068590 0.038987 0.124781 0.100305 0.072876 0.112167 0.119384 0.030091 0.058608 0.032154 0.022443 0.046625 0.030569 0.080992 0.074279 0.111406 0.114153 0.067447 0.039453 0.065644 0.103363 0.147350
 850000.040373 3.591701 0.117627 0.098157 0.116283 0.095799 0.108287 0.096200 0.127447 0.134476 0.102683 0.112343 0.108248 0.152971 0.134682 0.156175 0.109428 0.101793 0.149368 0.124369 0.123096 0.126433 0.109682 0.125135 0.111124 0.083541 0.129390 0.125142 0.124287 0.139991 0.139607 0.106134 0.125955 0.037969 0.027286 0.063968 0.094023 0.066212 0.037857 0.118625 0.094924 0.061906 0.102663 0.125127 0.051832 0.044985 0.046387 0.015067 0.033914 0.044640 0.083231 0.089444 0.124523 0.112510 0.075919 0.057976 0.060358 0.098805 0.154507
 851000.040420 2.348300 0.116842 0.101444 0.119112 0.102050 0.113534 0.100281 0.129470 0.137545 0.105630 0.119263 0.111404 0.159034 0.139807 0.160791 0.109544 0.107441 0.153178 0.123870 0.127697 0.127523 0.114301 0.126524 0.109202 0.082450 0.133678 0.130060 0.125918 0.145977 0.146058 0.107881 0.128035 0.040841 0.038869 0.072014 0.106996 0.078370 0.051563 0.124792 0.093063 0.060401 0.109137 0.129886 0.056730 0.053705 0.056318 0.012183 0.044404 0.048546 0.094707 0.098555 0.130700 0.113104 0.087476 0.068653 0.073407 0.095836 0.158729
 852000.040468 5.253968 0.111685 0.091684 0.114766 0.087547 0.099152 0.089170 0.122989 0.134831 0.100633 0.103341 0.112426 0.146522 0.125624 0.150780 0.104274 0.097165 0.147180 0.122985 0.113426 0.124117 0.098871 0.122290 0.106145 0.084162 0.130047 0.132040 0.118512 0.144087 0.143286 0.108084 0.121369 0.031202 0.021865 0.076715 0.103554 0.080301 0.048145 0.123145 0.090540 0.059025 0.112497 0.127134 0.045505 0.061630 0.050782 0.018224 0.043674 0.027278 0.094213 0.090877 0.121414 0.109250 0.083590 0.052576 0.073242 0.099035 0.151114
 853000.040515 3.311525 0.115836 0.095696 0.116960 0.089746 0.101161 0.092645 0.125521 0.135810 0.103467 0.104378 0.111911 0.146905 0.126510 0.151537 0.108903 0.099680 0.147945 0.125836 0.115055 0.126593 0.099973 0.122177 0.108015 0.084438 0.128567 0.128384 0.120626 0.141985 0.140426 0.106595 0.120991 0.035972 0.020215 0.071152 0.097069 0.072263 0.041036 0.121063 0.092977 0.062320 0.108003 0.124327 0.043284 0.054246 0.044130 0.014468 0.039428 0.034010 0.087596 0.086482 0.120241 0.110128 0.077568 0.050218 0.065724 0.098023 0.151297
 854000.040563 3.798561 0.112522 0.093619 0.114372 0.091836 0.104492 0.093120 0.122658 0.132769 0.101295 0.107605 0.110032 0.148439 0.129278 0.151439 0.105837 0.098881 0.145837 0.122924 0.118351 0.123069 0.103841 0.119554 0.104708 0.080194 0.125566 0.125243 0.117351 0.138270 0.138281 0.102972 0.120007 0.030488 0.022457 0.067847 0.098388 0.073257 0.040750 0.117058 0.088439 0.055812 0.104799 0.122822 0.048041 0.052431 0.048076 0.015495 0.035522 0.035419 0.089075 0.088846 0.120075 0.106388 0.079211 0.054178 0.065532 0.095131 0.151064
 855000.040610 5.615084 0.113184 0.093298 0.114379 0.090417 0.103916 0.092421 0.122648 0.133034 0.101821 0.106611 0.110025 0.148166 0.129247 0.151523 0.106522 0.098133 0.145780 0.123902 0.118408 0.123763 0.103807 0.120064 0.105459 0.079749 0.125215 0.124089 0.117350 0.137161 0.138107 0.102398 0.120804 0.029812 0.020264 0.065515 0.096616 0.071254 0.038327 0.115078 0.088827 0.056195 0.102987 0.123171 0.049038 0.050551 0.047212 0.018839 0.033071 0.035822 0.087874 0.088749 0.120489 0.106126 0.078533 0.051874 0.062362 0.095559 0.151884
 856000.040658 2.851778 0.122864 0.102907 0.121570 0.094636 0.103083 0.096596 0.132476 0.139538 0.106565 0.107165 0.112559 0.147819 0.128269 0.153569 0.114865 0.104021 0.151784 0.129530 0.116547 0.131634 0.102353 0.125492 0.114440 0.091687 0.130378 0.129798 0.126877 0.143118 0.137269 0.111780 0.122144 0.047532 0.025956 0.073805 0.090694 0.065778 0.040186 0.126002 0.101182 0.071766 0.110254 0.122199 0.039829 0.052645 0.037363 0.013426 0.044864 0.039667 0.079070 0.080555 0.118415 0.116706 0.069301 0.051833 0.064931 0.102581 0.151432
 857000.040705 8.466061 0.118124 0.098603 0.118066 0.095079 0.108536 0.098820 0.125849 0.134770 0.106226 0.109292 0.112092 0.149794 0.131350 0.153362 0.112502 0.102193 0.147292 0.128385 0.121903 0.126736 0.106421 0.119326 0.107245 0.080550 0.122738 0.120042 0.119007 0.133640 0.134681 0.100661 0.120468 0.035164 0.021219 0.059982 0.090931 0.065105 0.030348 0.111279 0.091275 0.058941 0.098215 0.120194 0.049078 0.044463 0.043302 0.023133 0.027978 0.041903 0.083398 0.084755 0.118161 0.106685 0.073435 0.050343 0.054841 0.095784 0.153100
 858000.040753 6.143236 0.125425 0.106482 0.126017 0.096333 0.102004 0.098472 0.136082 0.143689 0.109473 0.106414 0.118063 0.146943 0.125995 0.153611 0.117198 0.107168 0.155044 0.131963 0.113067 0.135674 0.098830 0.127177 0.115861 0.096544 0.133246 0.136720 0.128898 0.148657 0.140180 0.117032 0.121766 0.052724 0.032319 0.084257 0.097541 0.074762 0.049674 0.133574 0.105244 0.076409 0.119144 0.123686 0.035870 0.063627 0.042475 0.019706 0.054860 0.036255 0.084250 0.080843 0.117608 0.121394 0.073144 0.054904 0.076208 0.106502 0.150723
 859000.040800 5.239745 0.117606 0.099267 0.116683 0.097570 0.110151 0.098895 0.126729 0.133452 0.103938 0.112803 0.108945 0.152381 0.134447 0.155147 0.110671 0.102663 0.147910 0.125093 0.123748 0.125616 0.109808 0.121669 0.108683 0.081159 0.125545 0.121468 0.121834 0.135945 0.136236 0.102658 0.123220 0.037218 0.026225 0.060598 0.092292 0.064626 0.033451 0.114444 0.092914 0.059750 0.099011 0.121798 0.051107 0.042714 0.045220 0.018199 0.029795 0.044700 0.082342 0.087197 0.121401 0.109713 0.074017 0.056677 0.057742 0.096179 0.153291
 860000.040848 8.787543 0.129697 0.110290 0.128047 0.097893 0.102083 0.101556 0.138269 0.144609 0.112024 0.105162 0.117716 0.144731 0.124635 0.152579 0.121699 0.109390 0.154295 0.135337 0.112426 0.137555 0.099046 0.125723 0.117592 0.099209 0.131114 0.133226 0.129461 0.145870 0.135558 0.116121 0.119557 0.057857 0.031960 0.081187 0.089284 0.066755 0.043816 0.131778 0.107842 0.080559 0.115848 0.119010 0.031913 0.058214 0.032317 0.023568 0.054379 0.042025 0.076844 0.073575 0.113797 0.121603 0.064854 0.050898 0.070955 0.106081 0.148741
 861000.040895 6.842208 0.118545 0.097425 0.119384 0.088501 0.098055 0.093366 0.126702 0.137265 0.105769 0.099581 0.115165 0.141641 0.120949 0.147627 0.112315 0.100131 0.147183 0.129430 0.110464 0.128710 0.094177 0.119364 0.108428 0.087961 0.125203 0.127478 0.118946 0.139049 0.135086 0.107138 0.116042 0.040000 0.013323 0.073725 0.091665 0.070418 0.038588 0.120555 0.095152 0.066753 0.108936 0.119377 0.035445 0.057119 0.037113 0.020796 0.041884 0.029540 0.084110 0.078004 0.112338 0.109827 0.070971 0.041594 0.064436 0.099957 0.147800
 862000.040943 2.129214 0.121891 0.102180 0.122210 0.094699 0.103089 0.096237 0.132423 0.141113 0.106731 0.107559 0.114671 0.149336 0.128848 0.155137 0.113435 0.105021 0.153121 0.129448 0.116300 0.132010 0.102463 0.126679 0.113726 0.092171 0.133328 0.133982 0.126798 0.147552 0.142003 0.113421 0.123375 0.045360 0.026834 0.077785 0.097381 0.072842 0.045608 0.129394 0.100172 0.069891 0.114699 0.125419 0.040353 0.057149 0.042099 0.011601 0.047975 0.036985 0.085886 0.084778 0.121266 0.117272 0.075494 0.054192 0.071484 0.103102 0.152993
 863000.040990 5.299945 0.113875 0.093848 0.116489 0.088849 0.100220 0.091132 0.124501 0.136477 0.103119 0.104178 0.113781 0.147867 0.126853 0.152425 0.106967 0.099231 0.148373 0.125422 0.114816 0.125894 0.100043 0.122539 0.107038 0.084683 0.130378 0.131051 0.119502 0.143775 0.143361 0.107778 0.121805 0.033034 0.019585 0.075094 0.101827 0.078350 0.046496 0.122447 0.091264 0.060721 0.111095 0.127061 0.044982 0.059803 0.047917 0.018303 0.042787 0.029605 0.093588 0.090014 0.121852 0.109070 0.082540 0.050276 0.070787 0.098420 0.153034
 864000.041038 2.807194 0.116010 0.097827 0.119031 0.094651 0.105268 0.094143 0.128797 0.139106 0.104081 0.110853 0.114118 0.153265 0.132740 0.157232 0.107746 0.103164 0.152828 0.125152 0.119444 0.128596 0.105870 0.126833 0.110055 0.086814 0.134851 0.135511 0.124340 0.148875 0.147001 0.111852 0.125894 0.038089 0.030751 0.078990 0.106925 0.081277 0.051914 0.128606 0.094780 0.062243 0.115653 0.130363 0.048224 0.061483 0.052843 0.013321 0.048171 0.034025 0.095407 0.094398 0.126855 0.114488 0.086000 0.060249 0.077054 0.100359 0.156329
 865000.041085 3.075048 0.117569 0.098524 0.117555 0.093844 0.104273 0.095684 0.127387 0.135527 0.103629 0.107799 0.110996 0.148705 0.129110 0.153016 0.110119 0.101691 0.148607 0.125635 0.117504 0.126745 0.103529 0.122621 0.109356 0.085838 0.128295 0.127445 0.122490 0.140922 0.138255 0.107304 0.121618 0.039012 0.021839 0.069918 0.094320 0.069287 0.039247 0.121256 0.094938 0.063852 0.106806 0.122621 0.043785 0.051453 0.042488 0.013942 0.038589 0.037511 0.083972 0.084711 0.119372 0.111936 0.073993 0.052671 0.064913 0.098954 0.151189
 866000.041133 7.019159 0.120933 0.099521 0.122119 0.087199 0.094246 0.092070 0.130029 0.140607 0.106378 0.096969 0.117154 0.139866 0.117853 0.147249 0.113519 0.100982 0.149667 0.130725 0.106022 0.131688 0.090065 0.123570 0.112367 0.094655 0.130184 0.135130 0.123230 0.146307 0.138929 0.114062 0.117542 0.046582 0.021660 0.082869 0.095328 0.075023 0.046338 0.129683 0.100630 0.073011 0.117764 0.122219 0.030475 0.064458 0.038943 0.021064 0.051694 0.027247 0.085335 0.078022 0.113475 0.116024 0.072501 0.044318 0.072891 0.105135 0.146268
 867000.041180 4.239694 0.121908 0.101303 0.123222 0.092478 0.102303 0.096496 0.131461 0.141466 0.108310 0.104621 0.117439 0.147151 0.126164 0.153240 0.115060 0.103559 0.152639 0.132043 0.115104 0.132563 0.098611 0.124242 0.112362 0.090407 0.129662 0.131740 0.124290 0.143901 0.139709 0.111030 0.120823 0.042722 0.021808 0.076104 0.095454 0.072185 0.041491 0.125088 0.098696 0.068159 0.112594 0.123742 0.037487 0.058199 0.040668 0.016370 0.044762 0.031505 0.085853 0.081800 0.117383 0.114605 0.073995 0.047830 0.067407 0.102790 0.152689
 868000.041228 2.927054 0.117970 0.099182 0.117408 0.094597 0.105035 0.096108 0.127478 0.135453 0.104033 0.108787 0.109806 0.149513 0.130396 0.153648 0.110546 0.102493 0.148276 0.125698 0.118805 0.126704 0.105416 0.122743 0.109554 0.085491 0.128648 0.126206 0.122723 0.140767 0.138397 0.106475 0.122136 0.040415 0.023929 0.067967 0.093484 0.067304 0.038593 0.120719 0.094670 0.064199 0.105247 0.122679 0.045344 0.048463 0.041381 0.013602 0.038428 0.041019 0.083315 0.085440 0.120883 0.111341 0.074078 0.053618 0.063388 0.097372 0.151840
 869000.041275 5.826702 0.121671 0.100577 0.122632 0.089382 0.096611 0.093237 0.131510 0.141887 0.107085 0.100264 0.117157 0.143757 0.121939 0.151047 0.113858 0.102659 0.151787 0.131084 0.109346 0.132611 0.094462 0.125479 0.113430 0.094664 0.132902 0.136019 0.125032 0.148141 0.141605 0.114900 0.120464 0.046509 0.022046 0.082345 0.096841 0.075318 0.046967 0.130573 0.101013 0.072722 0.117775 0.124735 0.033168 0.063088 0.039306 0.019191 0.051577 0.028738 0.087053 0.081016 0.117180 0.116899 0.074713 0.046205 0.073276 0.104791 0.150038
 870000.041323 7.234825 0.120674 0.101475 0.123022 0.092183 0.098593 0.093967 0.132663 0.142196 0.106211 0.103720 0.117747 0.146345 0.124343 0.152939 0.112295 0.103625 0.153737 0.128934 0.110508 0.132600 0.096485 0.127598 0.113911 0.095594 0.135582 0.140012 0.126981 0.151479 0.144637 0.117848 0.122744 0.048517 0.031258 0.087564 0.103553 0.081671 0.054231 0.134842 0.102303 0.072999 0.122257 0.127580 0.037489 0.068665 0.047926 0.021385 0.056534 0.028959 0.091380 0.085925 0.120078 0.119981 0.079998 0.054935 0.081042 0.106467 0.150952
 871000.041370 2.433418 0.116781 0.097147 0.118116 0.090937 0.100709 0.092351 0.126990 0.137183 0.104298 0.105012 0.112518 0.146591 0.126407 0.151287 0.109607 0.101290 0.148712 0.126284 0.114786 0.127737 0.100014 0.122451 0.109011 0.086987 0.129496 0.129754 0.121427 0.143047 0.139513 0.108603 0.119970 0.040170 0.023815 0.075049 0.097334 0.073344 0.045157 0.124391 0.094304 0.065532 0.110922 0.123611 0.041950 0.056975 0.043006 0.012402 0.045003 0.034955 0.087601 0.085511 0.119542 0.111031 0.077009 0.051664 0.068978 0.098393 0.151075
 872000.041418 6.260170 0.110417 0.093287 0.113604 0.093724 0.106247 0.092702 0.121677 0.133153 0.102828 0.111411 0.110892 0.151758 0.132750 0.153284 0.104304 0.101545 0.146339 0.121043 0.121050 0.123246 0.107164 0.120181 0.102821 0.077927 0.128329 0.126645 0.116940 0.140765 0.141800 0.103150 0.121542 0.031519 0.028692 0.071222 0.105124 0.079726 0.050523 0.119528 0.086315 0.056794 0.106828 0.125996 0.054000 0.056819 0.053783 0.019892 0.041421 0.040307 0.096235 0.095653 0.125084 0.105156 0.086952 0.059120 0.071111 0.092348 0.154676
 873000.041465 7.578331 0.126088 0.105890 0.124986 0.094658 0.101584 0.098770 0.134791 0.141833 0.109304 0.103746 0.116082 0.144434 0.124447 0.151636 0.118624 0.105108 0.152498 0.133469 0.113049 0.134375 0.098209 0.124112 0.115361 0.094811 0.128463 0.130202 0.126500 0.141960 0.134517 0.112759 0.119251 0.051520 0.026148 0.076579 0.088095 0.065377 0.038550 0.126157 0.103902 0.074939 0.111776 0.119285 0.033595 0.055896 0.033407 0.021887 0.047919 0.036786 0.077075 0.074585 0.113142 0.117917 0.065188 0.047431 0.066049 0.104504 0.149293
 874000.041513 3.208152 0.122866 0.103051 0.123151 0.095158 0.103522 0.097939 0.132813 0.141256 0.107847 0.106887 0.116163 0.148687 0.127918 0.154691 0.115107 0.105217 0.153308 0.130881 0.115903 0.132620 0.101032 0.125247 0.113319 0.091617 0.131200 0.132165 0.126051 0.144960 0.139962 0.112245 0.122075 0.044992 0.023860 0.076439 0.095230 0.071478 0.042590 0.126826 0.100369 0.069817 0.112770 0.123713 0.038213 0.056696 0.039983 0.014240 0.045832 0.035016 0.084715 0.082028 0.118380 0.116653 0.073106 0.050974 0.069069 0.103117 0.152746
 875000.041560 1.594555 0.117988 0.100146 0.119187 0.096326 0.106727 0.096744 0.129095 0.137786 0.105157 0.111244 0.111966 0.152030 0.132590 0.155939 0.110375 0.104190 0.150990 0.126031 0.120321 0.128448 0.106884 0.124399 0.109544 0.085431 0.131095 0.130115 0.123770 0.144489 0.141980 0.108454 0.123684 0.040229 0.028805 0.072509 0.100073 0.073243 0.044513 0.124478 0.094836 0.063048 0.109709 0.125630 0.046504 0.053375 0.046839 0.010039 0.042949 0.038912 0.088384 0.089593 0.123884 0.112877 0.079528 0.058029 0.069769 0.097721 0.154193
 876000.041608 7.461685 0.124889 0.103419 0.123787 0.091811 0.099748 0.096584 0.132866 0.141226 0.108795 0.101587 0.116217 0.142791 0.122903 0.150029 0.117511 0.103443 0.150952 0.133416 0.111995 0.133760 0.096721 0.123266 0.114423 0.093752 0.127375 0.129684 0.124554 0.141186 0.134158 0.111688 0.118465 0.048082 0.019726 0.075202 0.087107 0.064889 0.036292 0.124650 0.102332 0.073578 0.111126 0.119023 0.033119 0.055424 0.032290 0.021717 0.045273 0.034021 0.077186 0.074049 0.112403 0.116128 0.064886 0.042904 0.063397 0.104604 0.148716
 877000.041655 3.673352 0.124062 0.104906 0.123145 0.097075 0.105211 0.099662 0.133258 0.140232 0.108169 0.108220 0.113992 0.148426 0.128709 0.154203 0.116417 0.106400 0.152199 0.130720 0.117064 0.132480 0.102876 0.124488 0.113636 0.091665 0.129727 0.129493 0.126625 0.143309 0.137224 0.110938 0.121192 0.048391 0.027491 0.073395 0.091487 0.066552 0.039652 0.125854 0.101067 0.071279 0.110022 0.120932 0.039041 0.051900 0.037260 0.015238 0.044999 0.041388 0.079947 0.079836 0.117664 0.116782 0.069408 0.053017 0.066079 0.101716 0.151272
 878000.041703 5.774390 0.121910 0.101803 0.122721 0.091476 0.098688 0.095628 0.130933 0.140780 0.108153 0.101389 0.117083 0.143501 0.122269 0.150255 0.114969 0.103706 0.150486 0.131435 0.110561 0.131974 0.095397 0.122268 0.111326 0.092345 0.129083 0.131859 0.122930 0.143857 0.137642 0.111499 0.117826 0.045773 0.019154 0.078735 0.093671 0.072050 0.042806 0.126662 0.099309 0.071466 0.113756 0.121031 0.032156 0.059967 0.035998 0.019105 0.048172 0.030222 0.084501 0.077970 0.114055 0.114237 0.071359 0.044374 0.069702 0.102114 0.149138
 879000.041750 4.946809 0.125865 0.106272 0.124218 0.095793 0.101990 0.098498 0.134817 0.141397 0.108705 0.105735 0.114056 0.145454 0.125798 0.152155 0.117890 0.106270 0.152169 0.131830 0.114003 0.133936 0.100311 0.125210 0.115738 0.095436 0.130282 0.131044 0.127927 0.144260 0.135689 0.113612 0.120172 0.053416 0.029759 0.077284 0.089226 0.065232 0.041861 0.129071 0.104205 0.076413 0.112847 0.119833 0.035666 0.054742 0.034043 0.017683 0.050010 0.041842 0.076744 0.076527 0.115822 0.118738 0.066264 0.051760 0.067575 0.103710 0.148969
 880000.041798 1.669214 0.119154 0.100078 0.120745 0.094233 0.104367 0.096100 0.129515 0.139350 0.106686 0.108100 0.114438 0.149431 0.129271 0.154110 0.112246 0.103911 0.151184 0.128714 0.118000 0.129849 0.102806 0.123364 0.109962 0.087186 0.129792 0.130301 0.123056 0.143659 0.140346 0.108920 0.121288 0.040564 0.025228 0.074303 0.098144 0.073118 0.043659 0.124527 0.095355 0.064940 0.111042 0.124204 0.042368 0.055787 0.043676 0.010272 0.043951 0.035849 0.087750 0.086038 0.120499 0.112282 0.077234 0.053217 0.068690 0.098958 0.153356
 881000.041845 6.916080 0.109471 0.089343 0.113918 0.084469 0.096008 0.086186 0.121090 0.134720 0.100068 0.100444 0.113018 0.144378 0.122773 0.148750 0.102663 0.095663 0.145957 0.122319 0.110642 0.123136 0.095547 0.121770 0.104819 0.084519 0.130685 0.133837 0.116926 0.145682 0.144829 0.108601 0.120014 0.032093 0.024888 0.080610 0.106736 0.084481 0.052942 0.124995 0.088927 0.059339 0.115488 0.128166 0.045448 0.066253 0.052919 0.020908 0.048519 0.025264 0.098022 0.092475 0.121654 0.107730 0.087042 0.052544 0.076980 0.098259 0.150096
 882000.041893 11.157203 0.120143 0.098422 0.120959 0.087497 0.097005 0.094192 0.127062 0.138308 0.107386 0.096781 0.116916 0.138841 0.118432 0.145790 0.114314 0.100091 0.146511 0.132067 0.108716 0.129796 0.092200 0.118177 0.108575 0.088946 0.123004 0.126450 0.117475 0.137034 0.133193 0.106391 0.114461 0.040956 0.011774 0.073259 0.089436 0.069434 0.035781 0.118246 0.095633 0.067228 0.108183 0.117647 0.034293 0.057401 0.035477 0.026556 0.041798 0.028633 0.082878 0.075250 0.109325 0.109017 0.068902 0.036943 0.063052 0.100845 0.146257
 883000.041940 7.390775 0.122476 0.100926 0.124355 0.088344 0.095411 0.092866 0.132017 0.143414 0.108811 0.098479 0.119841 0.141785 0.119603 0.149268 0.115141 0.103174 0.152140 0.132953 0.107658 0.134294 0.091002 0.124961 0.113599 0.095880 0.132143 0.137149 0.124456 0.148288 0.140901 0.115746 0.118566 0.047615 0.023069 0.085112 0.097732 0.077587 0.049233 0.131732 0.101621 0.074244 0.120118 0.124089 0.030823 0.066678 0.039888 0.021614 0.054020 0.026773 0.088246 0.079671 0.115139 0.116997 0.074913 0.044727 0.075038 0.106046 0.149346
 884000.041988 2.541765 0.124254 0.106760 0.124409 0.100127 0.107146 0.100458 0.135375 0.142109 0.108549 0.112162 0.114160 0.151600 0.131905 0.156928 0.116057 0.108545 0.154694 0.129949 0.119628 0.133113 0.106520 0.127274 0.114876 0.093043 0.133499 0.133224 0.129171 0.147374 0.141062 0.113879 0.124123 0.051307 0.036166 0.078501 0.098117 0.072205 0.048097 0.130648 0.102036 0.072131 0.114558 0.124746 0.043723 0.056267 0.044503 0.012675 0.051331 0.044435 0.084574 0.085849 0.122402 0.118911 0.075459 0.061178 0.073584 0.102118 0.153222
 885000.042035 4.473946 0.114494 0.094387 0.115075 0.090041 0.102440 0.092347 0.124081 0.133572 0.101260 0.105154 0.109397 0.146878 0.127688 0.151032 0.107224 0.097909 0.146242 0.124254 0.116391 0.124486 0.102268 0.121159 0.107262 0.082754 0.126571 0.125992 0.119156 0.139204 0.138282 0.104632 0.120816 0.034131 0.021519 0.067735 0.095225 0.069748 0.037483 0.118010 0.091563 0.059060 0.105107 0.122951 0.045595 0.050937 0.044832 0.016816 0.036061 0.034713 0.085451 0.086393 0.119730 0.108786 0.076259 0.051701 0.063411 0.097136 0.150302
 886000.042083 6.710849 0.117487 0.096373 0.119576 0.086175 0.094642 0.090006 0.127830 0.138835 0.103672 0.098064 0.115646 0.142049 0.119865 0.148685 0.109998 0.098732 0.149537 0.127859 0.107202 0.129322 0.091511 0.124161 0.111064 0.092219 0.131560 0.135643 0.122591 0.146993 0.141754 0.113422 0.119380 0.043421 0.023630 0.082755 0.099155 0.078088 0.048709 0.129076 0.098165 0.069345 0.117542 0.125045 0.034937 0.065580 0.043723 0.020596 0.051357 0.024612 0.089374 0.082877 0.116757 0.114958 0.077376 0.047512 0.074691 0.103710 0.148212
 887000.042130 3.209578 0.116523 0.096272 0.116520 0.092231 0.104408 0.093335 0.126418 0.135504 0.103062 0.108228 0.110237 0.149877 0.130716 0.153790 0.108702 0.100703 0.148830 0.125088 0.119018 0.126935 0.104801 0.123813 0.109574 0.084080 0.129384 0.127340 0.122188 0.141587 0.140164 0.106716 0.123233 0.036522 0.023553 0.068341 0.095996 0.069917 0.040495 0.120708 0.093728 0.062099 0.106274 0.124832 0.047656 0.050367 0.045201 0.014243 0.037658 0.039064 0.085972 0.088225 0.122728 0.111224 0.077213 0.054176 0.063794 0.098431 0.153335
 888000.042178 6.262277 0.112119 0.093183 0.115740 0.089795 0.103136 0.092813 0.121867 0.134243 0.103460 0.105032 0.112874 0.147009 0.127005 0.150438 0.106868 0.098695 0.145766 0.125149 0.116831 0.123819 0.100826 0.117809 0.102719 0.078743 0.124327 0.125064 0.115066 0.137735 0.138992 0.101325 0.118143 0.029385 0.023060 0.069322 0.100941 0.076518 0.042389 0.115609 0.086226 0.054401 0.105521 0.123172 0.047373 0.055911 0.049322 0.019896 0.037413 0.032897 0.092904 0.089642 0.119352 0.103552 0.082264 0.051833 0.066847 0.093274 0.151564
 889000.042225 4.998103 0.118166 0.098870 0.121341 0.092031 0.102102 0.094761 0.129129 0.140321 0.106326 0.105225 0.116940 0.148216 0.127032 0.153660 0.111132 0.102513 0.151829 0.129115 0.114856 0.130181 0.099615 0.123868 0.109496 0.088009 0.130998 0.133619 0.122140 0.145771 0.143183 0.110422 0.121510 0.039368 0.025895 0.078596 0.102530 0.078814 0.047243 0.125898 0.095274 0.063644 0.114659 0.126373 0.041258 0.061872 0.047365 0.017774 0.047287 0.028471 0.092507 0.087685 0.120484 0.112899 0.081126 0.052409 0.073999 0.100603 0.153204
 890000.042273 4.558069 0.112547 0.092245 0.114914 0.087695 0.099845 0.090222 0.122365 0.134054 0.101259 0.102618 0.111355 0.144905 0.124849 0.149190 0.105761 0.097282 0.145569 0.124075 0.113759 0.123953 0.098778 0.119705 0.104969 0.082195 0.126270 0.127474 0.116490 0.139961 0.139420 0.104411 0.118836 0.031123 0.021121 0.071627 0.099337 0.075535 0.042898 0.118838 0.089049 0.057335 0.108032 0.123434 0.044874 0.056155 0.047120 0.016974 0.039648 0.030971 0.090523 0.087824 0.118889 0.106556 0.079974 0.050696 0.068035 0.096330 0.149558
 891000.042320 2.916754 0.112891 0.092692 0.114721 0.087867 0.099680 0.089837 0.123184 0.134054 0.100574 0.103198 0.110163 0.145443 0.125356 0.149753 0.105682 0.096991 0.146105 0.123492 0.114019 0.123923 0.099372 0.121257 0.106505 0.083561 0.127745 0.128582 0.118540 0.141368 0.139908 0.106076 0.119996 0.033454 0.022037 0.072463 0.098537 0.074234 0.042939 0.120856 0.090682 0.059328 0.108949 0.124204 0.044256 0.055984 0.046462 0.013578 0.040735 0.031511 0.088823 0.087644 0.119795 0.108362 0.079007 0.051748 0.067916 0.097344 0.149554
 892000.042368 7.309029 0.122356 0.101555 0.121313 0.092049 0.100970 0.096731 0.129842 0.138718 0.107800 0.102572 0.114386 0.143941 0.124070 0.150259 0.115632 0.103156 0.148645 0.131559 0.113538 0.130693 0.098467 0.121232 0.111644 0.090850 0.126568 0.126962 0.122475 0.139898 0.134524 0.108366 0.117782 0.045605 0.017521 0.071510 0.087323 0.064600 0.034908 0.121800 0.098488 0.070596 0.107620 0.118711 0.035896 0.052434 0.032064 0.021494 0.042100 0.037161 0.079244 0.076049 0.113668 0.112379 0.066842 0.043226 0.061253 0.100759 0.149071
 893000.042415 7.715031 0.123922 0.105440 0.121418 0.099321 0.107679 0.102504 0.130890 0.136670 0.108173 0.109160 0.111664 0.146777 0.128732 0.151708 0.117192 0.106651 0.147981 0.130217 0.118880 0.129662 0.105313 0.119690 0.111082 0.088629 0.123406 0.121151 0.122973 0.135243 0.130309 0.104921 0.117952 0.048534 0.027149 0.065137 0.084282 0.059279 0.031449 0.117716 0.098449 0.069689 0.101414 0.114952 0.042554 0.043647 0.033632 0.022083 0.038469 0.047683 0.074773 0.075961 0.113316 0.112106 0.063534 0.051828 0.057900 0.098122 0.148187
 894000.042463 4.149084 0.112227 0.093553 0.116067 0.091279 0.103692 0.091839 0.124311 0.135703 0.101455 0.107791 0.112319 0.149837 0.129555 0.153364 0.104872 0.099287 0.148916 0.123158 0.117709 0.124629 0.103131 0.123115 0.106170 0.082734 0.130258 0.131915 0.119551 0.144507 0.144276 0.107457 0.122757 0.032057 0.029801 0.075817 0.106416 0.081454 0.049638 0.123229 0.089829 0.056105 0.112430 0.128014 0.049581 0.060281 0.054557 0.016194 0.044079 0.032995 0.095618 0.094181 0.124067 0.109551 0.086152 0.059157 0.074860 0.097853 0.153057
 895000.042510 7.648274 0.120773 0.100597 0.119242 0.093207 0.103053 0.097507 0.127965 0.135588 0.105710 0.103947 0.111665 0.143746 0.125116 0.149278 0.114119 0.101555 0.146483 0.129385 0.115273 0.127865 0.100760 0.118966 0.109581 0.086904 0.122486 0.121845 0.120016 0.134295 0.130879 0.104295 0.117242 0.042464 0.018796 0.065476 0.084985 0.061254 0.029017 0.115496 0.096016 0.066010 0.101776 0.116299 0.040195 0.046685 0.034113 0.021987 0.035404 0.039050 0.076471 0.076179 0.112137 0.109721 0.064926 0.045505 0.057058 0.098698 0.147463
 896000.042558 5.643701 0.105950 0.088076 0.110900 0.088336 0.100673 0.086628 0.119287 0.131885 0.096983 0.106794 0.109040 0.148555 0.128219 0.150847 0.098313 0.096164 0.145357 0.117333 0.115636 0.119681 0.102162 0.122478 0.103309 0.081910 0.132072 0.134094 0.117164 0.147047 0.146724 0.107878 0.122072 0.031255 0.033490 0.080129 0.111265 0.086873 0.056980 0.126290 0.086213 0.055198 0.115321 0.129901 0.052560 0.065570 0.059020 0.018887 0.049436 0.033737 0.100581 0.098594 0.126473 0.107386 0.091575 0.062676 0.080536 0.095833 0.151235
 897000.042605 2.166569 0.114261 0.095871 0.117482 0.092002 0.102825 0.093071 0.126168 0.136872 0.103100 0.107405 0.113263 0.150186 0.128896 0.154123 0.107100 0.100965 0.150258 0.124336 0.116577 0.126262 0.101616 0.123792 0.107548 0.084564 0.131821 0.132228 0.121770 0.145619 0.144657 0.108781 0.122958 0.035988 0.027574 0.076716 0.104712 0.079879 0.049351 0.124975 0.092257 0.060800 0.112577 0.128106 0.045983 0.060322 0.050748 0.011702 0.045234 0.033156 0.094436 0.092043 0.123730 0.111247 0.084269 0.056967 0.074079 0.098008 0.153605
 898000.042653 3.644759 0.121702 0.102665 0.121391 0.096466 0.106571 0.099553 0.130313 0.138256 0.107837 0.108575 0.113505 0.148701 0.129469 0.153593 0.115002 0.105050 0.150105 0.129972 0.118929 0.130252 0.104115 0.121589 0.110254 0.086386 0.126220 0.125218 0.122857 0.139046 0.135703 0.106050 0.120166 0.042107 0.022751 0.067585 0.091105 0.065396 0.034481 0.119571 0.096497 0.065650 0.104954 0.120019 0.041802 0.048055 0.038465 0.015178 0.037544 0.040086 0.081082 0.081094 0.117167 0.111975 0.070484 0.050866 0.061106 0.098438 0.151743
 899000.042700 6.125196 0.119257 0.098330 0.120730 0.089184 0.099267 0.093000 0.128779 0.139325 0.105809 0.101597 0.115535 0.144167 0.123812 0.150375 0.111992 0.100511 0.149808 0.129757 0.112190 0.130405 0.096858 0.122973 0.110542 0.089012 0.128513 0.131319 0.121470 0.142994 0.139081 0.109862 0.119689 0.040475 0.021259 0.076043 0.096110 0.073003 0.041716 0.123846 0.096830 0.065989 0.112303 0.123178 0.038143 0.058745 0.042105 0.019677 0.044668 0.028016 0.086087 0.082393 0.116849 0.112884 0.074909 0.047017 0.068635 0.101846 0.150137
 900000.042748 6.353288 0.124675 0.103715 0.122603 0.094040 0.102980 0.098179 0.132908 0.139880 0.107788 0.105082 0.113826 0.146431 0.126874 0.153055 0.117000 0.103889 0.151441 0.132045 0.115628 0.132574 0.101029 0.124656 0.115089 0.092640 0.128760 0.128424 0.126435 0.141412 0.135613 0.111000 0.121263 0.047840 0.021517 0.071230 0.086452 0.062218 0.033590 0.123459 0.102205 0.072277 0.108124 0.120400 0.037164 0.050401 0.032882 0.020040 0.041829 0.038714 0.076233 0.076535 0.115700 0.116709 0.065310 0.046632 0.060694 0.103712 0.150858
