#! FIELDS time restraint.bias r0 r1 r2 r3 r4 r5 r6 r7 r8 r9 r10 r11 r12 r13 r14 r15 r16 r17 r18 r19 r20 r21 r22 r23 r24 r25 r26 r27 r28 r29 r30 r31 r32 r33 r34 r35 r36 r37 r38 r39 r40 r41 r42 r43 r44 r45 r46 r47 r48 r49 r50 r51 r52 r53 r54 r55 r56 r57 r58 r59
600000.028498 1.960215 0.130987 0.144050 0.135046 0.163263 0.162749 0.164502 0.116172 0.115428 0.152438 0.151320 0.137756 0.116346 0.134279 0.110026 0.149285 0.153534 0.106661 0.142241 0.149318 0.123551 0.148810 0.061138 0.083480 0.079517 0.043795 0.012853 0.083183 0.023942 0.044367 0.046566 0.081103 0.119133 0.126565 0.080895 0.115788 0.116043 0.110251 0.032344 0.087933 0.105184 0.045715 0.053939 0.136292 0.103130 0.123351 0.133056 0.102101 0.144661 0.122767 0.111410 0.086382 0.066732 0.115157 0.129831 0.101619 0.069874 0.108667 0.110230 0.144244 0.091268
601000.028546 3.252893 0.132296 0.144940 0.135790 0.165193 0.165130 0.166479 0.117138 0.115609 0.153595 0.153102 0.138984 0.116470 0.135879 0.110637 0.150396 0.154167 0.107395 0.143478 0.152084 0.124875 0.152953 0.066481 0.087605 0.081343 0.047339 0.016557 0.086002 0.021446 0.048477 0.049982 0.086937 0.121229 0.129872 0.081681 0.119548 0.118890 0.112879 0.028819 0.091079 0.107099 0.044984 0.060855 0.141585 0.105605 0.128321 0.136944 0.103861 0.147813 0.126725 0.117376 0.091325 0.070837 0.120221 0.133557 0.103004 0.074916 0.109317 0.112089 0.148064 0.092878
602000.028593 1.394918 0.128794 0.140817 0.132622 0.160795 0.166801 0.162299 0.114291 0.113713 0.150020 0.155168 0.135344 0.121507 0.138977 0.113328 0.146809 0.150617 0.107776 0.140232 0.153793 0.122790 0.150482 0.063180 0.082604 0.074620 0.044726 0.010843 0.083749 0.028609 0.050485 0.042947 0.083240 0.115333 0.123736 0.074972 0.116534 0.113204 0.106498 0.027874 0.085942 0.101588 0.039249 0.057778 0.135123 0.099066 0.122106 0.130122 0.097426 0.142059 0.122747 0.113342 0.090375 0.066924 0.115989 0.127962 0.096450 0.067929 0.112054 0.109285 0.142638 0.087396
603000.028641 2.069039 0.126384 0.137534 0.126688 0.157526 0.161916 0.157738 0.111954 0.107298 0.143663 0.151749 0.127233 0.117107 0.136083 0.108577 0.142674 0.145854 0.102618 0.134284 0.150317 0.117416 0.149932 0.070983 0.087592 0.076930 0.054122 0.013205 0.089225 0.035256 0.055722 0.049293 0.089856 0.114099 0.121407 0.069580 0.111261 0.106775 0.102758 0.032282 0.088595 0.101790 0.031563 0.063745 0.134669 0.093349 0.119714 0.127386 0.093735 0.141458 0.117225 0.114378 0.096020 0.072498 0.112926 0.127069 0.090489 0.072112 0.106783 0.109610 0.142340 0.088488
604000.028688 3.514369 0.132193 0.145654 0.136469 0.162939 0.159467 0.164827 0.116703 0.115532 0.153451 0.147112 0.139132 0.113276 0.130078 0.107981 0.150615 0.154327 0.106643 0.142818 0.145243 0.125475 0.144428 0.059864 0.083862 0.081640 0.038442 0.017210 0.082912 0.022062 0.038135 0.048337 0.077491 0.122255 0.128758 0.085121 0.114001 0.116760 0.112335 0.037722 0.090856 0.108578 0.050183 0.047933 0.135154 0.106487 0.123578 0.134959 0.105694 0.145509 0.119795 0.106943 0.080557 0.070098 0.112227 0.130556 0.104854 0.072067 0.104929 0.110683 0.144071 0.094975
605000.028736 2.350538 0.129759 0.140536 0.131588 0.160797 0.168315 0.162134 0.114890 0.112934 0.148699 0.156955 0.133167 0.122511 0.141509 0.114019 0.146688 0.149561 0.107050 0.140267 0.156628 0.121840 0.154222 0.069637 0.087815 0.077889 0.051305 0.014075 0.087765 0.032026 0.055810 0.047527 0.089612 0.115869 0.124200 0.072003 0.115563 0.111184 0.105315 0.025947 0.088644 0.102136 0.035003 0.064136 0.137632 0.096830 0.123012 0.130884 0.096367 0.143533 0.122742 0.117047 0.096387 0.070372 0.117229 0.128914 0.093616 0.072589 0.113270 0.111112 0.144627 0.089003
606000.028783 2.283225 0.133481 0.145371 0.134963 0.164458 0.164625 0.165906 0.117897 0.113787 0.152248 0.152644 0.136563 0.115407 0.135386 0.109196 0.150914 0.153366 0.106309 0.142635 0.151322 0.124584 0.152441 0.070311 0.091134 0.083601 0.050938 0.013872 0.090553 0.026235 0.050087 0.052934 0.089515 0.121912 0.128781 0.079087 0.115474 0.114486 0.110290 0.032351 0.094378 0.109039 0.040951 0.061721 0.140276 0.102770 0.126022 0.135794 0.102350 0.147885 0.122791 0.116134 0.093404 0.075494 0.117254 0.132400 0.099022 0.077373 0.106700 0.114335 0.147500 0.095243
607000.028831 1.616701 0.126086 0.138517 0.128458 0.158940 0.163129 0.159561 0.111587 0.108845 0.145961 0.152199 0.130574 0.116976 0.135597 0.108604 0.143587 0.147625 0.102896 0.135906 0.150504 0.118164 0.149507 0.065733 0.083798 0.075284 0.049193 0.011673 0.084993 0.030646 0.052934 0.045477 0.085788 0.114442 0.122548 0.072675 0.114551 0.110696 0.104963 0.029025 0.086018 0.101001 0.035294 0.060744 0.135068 0.096752 0.121268 0.128908 0.095684 0.141498 0.120778 0.114356 0.092738 0.068231 0.115106 0.127659 0.094343 0.069079 0.107322 0.107754 0.142263 0.087095
608000.028878 8.541732 0.121170 0.132731 0.128907 0.152861 0.164693 0.155467 0.108041 0.114851 0.145682 0.153468 0.135109 0.128498 0.141593 0.117604 0.139764 0.144161 0.108087 0.137786 0.155404 0.117588 0.146855 0.053819 0.071150 0.065923 0.041661 0.026831 0.071882 0.034889 0.056604 0.033261 0.076937 0.105002 0.115955 0.074042 0.119811 0.115297 0.102803 0.023292 0.072450 0.090081 0.046794 0.059525 0.129160 0.097242 0.117877 0.123173 0.091850 0.132988 0.127438 0.112434 0.086930 0.050733 0.117210 0.120540 0.096354 0.058848 0.120682 0.100364 0.134373 0.075763
609000.028926 8.202119 0.138073 0.152086 0.142738 0.164075 0.154557 0.168264 0.121587 0.120957 0.159689 0.141682 0.145607 0.108616 0.124980 0.106034 0.157200 0.159502 0.108527 0.149134 0.140033 0.131444 0.140514 0.058797 0.087542 0.089987 0.036916 0.026292 0.083954 0.020223 0.027290 0.055524 0.073815 0.129810 0.133495 0.095280 0.111798 0.120251 0.118123 0.047084 0.097124 0.117116 0.061379 0.041229 0.135682 0.114399 0.124834 0.140680 0.114202 0.149166 0.118312 0.101985 0.073921 0.073829 0.109909 0.131828 0.112060 0.077396 0.102816 0.114292 0.145038 0.103428
610000.028973 6.911593 0.139332 0.150042 0.142335 0.167546 0.162062 0.170489 0.122379 0.122459 0.160150 0.149647 0.146073 0.115584 0.134397 0.111613 0.157850 0.158409 0.111336 0.151993 0.150288 0.132033 0.151166 0.069405 0.094157 0.090333 0.046889 0.024135 0.089241 0.014129 0.042724 0.057802 0.087179 0.127269 0.133437 0.089253 0.115858 0.120922 0.116668 0.032677 0.098319 0.115122 0.053937 0.059672 0.143438 0.112011 0.129776 0.142602 0.110104 0.151448 0.125398 0.114190 0.088129 0.075012 0.118425 0.133720 0.105603 0.083564 0.111348 0.117298 0.149918 0.101147
611000.029021 2.858006 0.135193 0.147256 0.138323 0.165273 0.162864 0.167384 0.119063 0.118024 0.156104 0.150702 0.141213 0.115733 0.133979 0.110108 0.153766 0.155989 0.108336 0.146725 0.149569 0.127721 0.149172 0.065063 0.088947 0.084766 0.044228 0.015520 0.086766 0.019292 0.042185 0.051775 0.083360 0.123669 0.130054 0.084452 0.114872 0.117319 0.112954 0.032480 0.093608 0.110855 0.048436 0.055261 0.139367 0.107121 0.126134 0.137781 0.105941 0.148318 0.122743 0.111703 0.086882 0.071602 0.115783 0.131770 0.102529 0.076679 0.108971 0.113939 0.147184 0.096684
612000.029068 1.276546 0.132917 0.144134 0.134205 0.162267 0.165443 0.163934 0.117201 0.114375 0.151187 0.153798 0.134687 0.118821 0.137866 0.111391 0.149902 0.152173 0.106504 0.142377 0.152603 0.124108 0.151341 0.068135 0.089430 0.082558 0.049751 0.010372 0.088803 0.031607 0.050021 0.050006 0.086327 0.120403 0.126406 0.076579 0.112809 0.110799 0.107181 0.034539 0.092413 0.107404 0.039776 0.058319 0.136624 0.099347 0.122018 0.132828 0.100653 0.145694 0.120069 0.112700 0.092291 0.072742 0.114218 0.129503 0.096155 0.073402 0.109474 0.113011 0.144976 0.094547
613000.029116 5.818032 0.134331 0.146496 0.140599 0.164831 0.166466 0.168099 0.118338 0.122424 0.158352 0.154100 0.145649 0.121456 0.137224 0.114929 0.153953 0.156575 0.111671 0.149404 0.152825 0.128734 0.148641 0.057849 0.083525 0.082650 0.037185 0.022143 0.080575 0.019842 0.040736 0.047258 0.076855 0.121842 0.129048 0.087739 0.117082 0.120975 0.114020 0.032294 0.088814 0.108145 0.055705 0.051175 0.137208 0.109577 0.125246 0.136838 0.106890 0.146300 0.126071 0.109378 0.081318 0.064222 0.116316 0.129642 0.105743 0.072651 0.115442 0.111364 0.144781 0.093939
614000.029163 3.278874 0.131312 0.140593 0.131897 0.159337 0.165744 0.161420 0.115332 0.113090 0.148963 0.153958 0.133557 0.119645 0.138810 0.111760 0.147983 0.148459 0.106266 0.141832 0.154238 0.122800 0.152190 0.072136 0.091653 0.082152 0.051783 0.016623 0.089496 0.028848 0.053562 0.052144 0.090524 0.117899 0.124781 0.074306 0.112309 0.110111 0.105582 0.026786 0.092432 0.105849 0.037581 0.064756 0.137981 0.098683 0.122945 0.132765 0.097996 0.144301 0.120543 0.115397 0.095080 0.073358 0.115388 0.128016 0.092705 0.077980 0.111508 0.112446 0.144380 0.092903
615000.029211 9.848220 0.142698 0.154271 0.146550 0.166383 0.158467 0.171454 0.125100 0.125589 0.163521 0.144716 0.150011 0.112991 0.129482 0.110413 0.161638 0.161643 0.112656 0.155273 0.145140 0.136198 0.144068 0.064073 0.093309 0.094273 0.038521 0.028810 0.087172 0.014147 0.028930 0.059551 0.078687 0.131818 0.135235 0.096143 0.110667 0.120869 0.118848 0.043187 0.101283 0.119982 0.062249 0.046665 0.138965 0.116307 0.127041 0.144157 0.115383 0.151700 0.119453 0.103894 0.076646 0.076700 0.111191 0.132542 0.110725 0.084499 0.108835 0.118185 0.147710 0.106522
616000.029258 1.772673 0.128639 0.142076 0.130031 0.161673 0.162332 0.161660 0.114025 0.108643 0.147418 0.151130 0.130734 0.114433 0.133995 0.107025 0.145464 0.150428 0.102440 0.135897 0.148538 0.119970 0.149750 0.067504 0.086366 0.079061 0.051225 0.012223 0.087687 0.034809 0.051580 0.049050 0.086519 0.119372 0.126666 0.075817 0.115347 0.111755 0.108229 0.038172 0.090534 0.105647 0.037319 0.058560 0.136933 0.098772 0.123303 0.131889 0.099974 0.145320 0.120042 0.114270 0.092963 0.073619 0.115283 0.131773 0.098330 0.070810 0.103672 0.109916 0.145399 0.092148
617000.029306 2.778146 0.134633 0.146223 0.134146 0.163720 0.162040 0.164996 0.118274 0.112098 0.151413 0.149645 0.134366 0.112213 0.132936 0.106430 0.151234 0.152777 0.103897 0.141942 0.148682 0.124612 0.150942 0.073393 0.094721 0.087800 0.052984 0.015302 0.092790 0.029309 0.048799 0.057076 0.090618 0.125612 0.131319 0.080488 0.113338 0.112929 0.111503 0.038041 0.098550 0.113107 0.040903 0.060928 0.141380 0.103406 0.126672 0.138131 0.105139 0.150349 0.119763 0.115143 0.093872 0.079790 0.115840 0.134255 0.099617 0.080550 0.103282 0.115254 0.149431 0.100069
618000.029353 3.495626 0.134687 0.147603 0.139378 0.166104 0.163952 0.168341 0.118443 0.118998 0.157288 0.151152 0.143352 0.116506 0.134011 0.110859 0.153687 0.157144 0.108804 0.147224 0.149881 0.127995 0.148460 0.060705 0.085851 0.083907 0.038957 0.017164 0.083106 0.016856 0.039252 0.049198 0.079568 0.123985 0.131086 0.086761 0.116764 0.120221 0.114836 0.032677 0.091746 0.110138 0.051472 0.051202 0.139164 0.109331 0.126982 0.138594 0.107584 0.148488 0.124500 0.110574 0.082891 0.068910 0.116321 0.132458 0.106194 0.074918 0.109863 0.112171 0.147048 0.096019
619000.029401 2.216140 0.129167 0.141519 0.133554 0.161483 0.165038 0.162985 0.114286 0.114351 0.150993 0.152921 0.137288 0.119166 0.136289 0.111705 0.147285 0.151526 0.107201 0.140979 0.151580 0.123175 0.148899 0.060917 0.081841 0.076115 0.041289 0.013666 0.081440 0.023401 0.046482 0.043742 0.081322 0.116509 0.125045 0.078457 0.116758 0.115774 0.108751 0.027711 0.086235 0.102649 0.043528 0.055093 0.135772 0.101953 0.123375 0.131952 0.099662 0.142889 0.123313 0.111957 0.086327 0.066426 0.115711 0.128765 0.100057 0.069774 0.110755 0.108483 0.142923 0.088355
620000.029448 3.470981 0.126169 0.137303 0.128238 0.158092 0.165585 0.158671 0.112441 0.110346 0.145030 0.155042 0.130175 0.120298 0.139553 0.111994 0.142351 0.146486 0.104814 0.136240 0.154461 0.118371 0.153402 0.068544 0.084932 0.074470 0.052909 0.017103 0.084863 0.032494 0.057464 0.046205 0.089990 0.112025 0.121190 0.070269 0.116103 0.110560 0.103574 0.025796 0.085262 0.098177 0.034462 0.065980 0.135834 0.094540 0.121367 0.127743 0.093493 0.140194 0.122667 0.117559 0.096235 0.068239 0.116995 0.127162 0.093724 0.070108 0.111619 0.107916 0.141660 0.084859
621000.029496 1.828274 0.129062 0.139757 0.131393 0.159350 0.165362 0.160939 0.114204 0.112826 0.148433 0.153823 0.133752 0.120223 0.138327 0.112230 0.146211 0.148866 0.106576 0.139986 0.153315 0.121872 0.150697 0.066296 0.085482 0.076755 0.047424 0.012413 0.085187 0.027394 0.051469 0.046166 0.086161 0.114700 0.122506 0.073179 0.113816 0.110909 0.104706 0.025670 0.087524 0.101746 0.037087 0.060345 0.135185 0.097319 0.121135 0.129757 0.095907 0.141539 0.120911 0.113452 0.091705 0.068710 0.114581 0.126697 0.094019 0.071542 0.111525 0.109767 0.142019 0.088125
622000.029543 5.495647 0.126815 0.138462 0.133218 0.157523 0.165716 0.160539 0.111395 0.115944 0.150745 0.152670 0.139053 0.123822 0.137893 0.114325 0.145708 0.149158 0.108091 0.141998 0.152907 0.123142 0.145428 0.054579 0.076441 0.072441 0.034440 0.021521 0.074936 0.026528 0.048215 0.037648 0.075085 0.112733 0.121461 0.078595 0.117321 0.115914 0.106417 0.025612 0.081178 0.098987 0.047448 0.052859 0.131537 0.102201 0.120465 0.129388 0.097860 0.138272 0.124681 0.108948 0.082143 0.059598 0.115087 0.123815 0.098977 0.065745 0.115682 0.104263 0.137844 0.084620
623000.029591 5.186976 0.126990 0.139393 0.133610 0.159120 0.165583 0.161650 0.111315 0.116110 0.151917 0.152558 0.139955 0.121729 0.136258 0.112828 0.146369 0.150399 0.107194 0.142227 0.151742 0.123019 0.145398 0.053100 0.076253 0.074320 0.032029 0.020908 0.073692 0.022485 0.043810 0.039112 0.073293 0.115501 0.124464 0.082437 0.118495 0.118923 0.110128 0.027794 0.081885 0.101357 0.050774 0.050219 0.133670 0.105381 0.122798 0.132134 0.101471 0.140936 0.125765 0.108891 0.080009 0.058742 0.116037 0.126331 0.102793 0.066262 0.114528 0.103957 0.140297 0.086698
624000.029638 0.916888 0.130005 0.142421 0.133085 0.161867 0.164993 0.163088 0.115145 0.113204 0.150341 0.153461 0.134898 0.119496 0.136959 0.111650 0.147844 0.151775 0.106931 0.140080 0.151549 0.122973 0.149211 0.063782 0.084096 0.077079 0.045035 0.008791 0.085625 0.030012 0.048345 0.045060 0.082799 0.117571 0.125018 0.076171 0.114739 0.112469 0.107258 0.032564 0.088243 0.104068 0.040058 0.055277 0.135049 0.099446 0.121934 0.130870 0.098959 0.143682 0.120610 0.111533 0.089308 0.069497 0.114153 0.129095 0.097140 0.069321 0.109421 0.110576 0.143704 0.090169
625000.029686 5.277505 0.130729 0.144071 0.136483 0.163812 0.166467 0.165651 0.115212 0.117058 0.154216 0.153245 0.140701 0.121090 0.136309 0.113520 0.149576 0.154436 0.108808 0.143562 0.152012 0.125628 0.147387 0.056931 0.080353 0.077978 0.033554 0.021090 0.078818 0.025938 0.042530 0.043023 0.075610 0.120331 0.128967 0.084423 0.118663 0.119576 0.112652 0.034207 0.087049 0.105212 0.051612 0.048668 0.135997 0.106832 0.125279 0.135008 0.105066 0.145154 0.124488 0.109037 0.081005 0.065969 0.115806 0.131108 0.105852 0.069319 0.112292 0.108375 0.144666 0.091450
626000.029733 4.786336 0.137649 0.151460 0.140555 0.165226 0.158303 0.168241 0.121074 0.117684 0.157482 0.145407 0.141765 0.110228 0.127972 0.106264 0.156092 0.158492 0.107163 0.146541 0.143031 0.129575 0.143910 0.063579 0.089945 0.089533 0.041728 0.020084 0.088386 0.026425 0.034279 0.055329 0.078475 0.130033 0.134294 0.090761 0.113032 0.118072 0.116761 0.046349 0.098356 0.116904 0.054791 0.045152 0.137784 0.111011 0.126048 0.140343 0.112293 0.151136 0.118562 0.105902 0.080754 0.077148 0.111867 0.134501 0.108713 0.077623 0.101676 0.115561 0.147965 0.103569
627000.029781 4.355785 0.131928 0.145061 0.137323 0.162312 0.162206 0.165274 0.115646 0.117550 0.155432 0.149293 0.141903 0.116463 0.131871 0.109418 0.151507 0.154612 0.107139 0.145084 0.147343 0.126385 0.143364 0.055168 0.081102 0.080768 0.034433 0.019160 0.079229 0.021708 0.038077 0.045698 0.073369 0.121144 0.127003 0.086250 0.114627 0.117573 0.111785 0.036051 0.088776 0.108505 0.052556 0.046338 0.133535 0.107716 0.122266 0.134713 0.105454 0.143955 0.121980 0.105542 0.078096 0.065462 0.112836 0.127370 0.103964 0.070091 0.108968 0.108847 0.141582 0.093817
628000.029828 12.865578 0.146062 0.157805 0.149900 0.166772 0.156782 0.173090 0.127658 0.128858 0.167092 0.143701 0.152845 0.112559 0.128624 0.110508 0.165637 0.164635 0.113953 0.158821 0.143432 0.138846 0.142565 0.065490 0.096518 0.099619 0.041026 0.032928 0.089934 0.021243 0.025702 0.064036 0.077716 0.136382 0.137725 0.101229 0.108504 0.121450 0.121697 0.049585 0.105084 0.125354 0.068065 0.044890 0.139092 0.119841 0.126885 0.146702 0.119967 0.154491 0.117952 0.101379 0.075282 0.078886 0.109682 0.133050 0.112897 0.087460 0.109260 0.121174 0.148773 0.111903
629000.029876 8.821188 0.133601 0.146412 0.139402 0.161598 0.159688 0.165584 0.116216 0.119362 0.157281 0.145433 0.144547 0.114691 0.128511 0.108382 0.153342 0.155554 0.107377 0.147560 0.144350 0.128722 0.139059 0.053617 0.082156 0.084744 0.027722 0.027266 0.077421 0.022225 0.031764 0.048883 0.068478 0.124265 0.128849 0.091543 0.112174 0.118590 0.113717 0.041612 0.091395 0.111790 0.059746 0.039870 0.131870 0.111644 0.121782 0.136889 0.109615 0.144312 0.119508 0.100041 0.070917 0.067291 0.109527 0.126779 0.107513 0.073700 0.108289 0.108775 0.140645 0.098117
630000.029923 1.875722 0.132131 0.146274 0.136715 0.165512 0.164911 0.166522 0.117364 0.116483 0.154190 0.153231 0.138718 0.118392 0.135749 0.111902 0.150528 0.156017 0.108070 0.142701 0.150546 0.125110 0.149337 0.059576 0.082576 0.079495 0.041364 0.012573 0.083242 0.028386 0.043168 0.045085 0.078869 0.121471 0.129044 0.082704 0.117674 0.117456 0.112256 0.037411 0.088705 0.106690 0.047784 0.049974 0.136595 0.104450 0.124421 0.134201 0.104656 0.146602 0.123180 0.110618 0.085190 0.068028 0.115558 0.132242 0.104587 0.067860 0.109162 0.111043 0.145941 0.092837
631000.029971 1.829881 0.128249 0.141342 0.130671 0.162239 0.164274 0.162332 0.114126 0.110625 0.148169 0.153337 0.132289 0.116999 0.136142 0.109776 0.145580 0.150398 0.104599 0.137262 0.151458 0.120133 0.151962 0.067325 0.085527 0.076986 0.049707 0.012418 0.086684 0.029465 0.051927 0.047521 0.087702 0.117300 0.126096 0.075470 0.117225 0.113719 0.108359 0.030532 0.088442 0.103228 0.037825 0.061292 0.138300 0.099203 0.124673 0.131788 0.098795 0.144714 0.122689 0.116464 0.093476 0.070852 0.117441 0.131484 0.098177 0.070937 0.107535 0.110184 0.145867 0.089148
632000.030018 7.051017 0.137863 0.151303 0.143327 0.166299 0.159898 0.169888 0.121163 0.122482 0.160947 0.146717 0.147249 0.114121 0.129904 0.110035 0.157594 0.160202 0.110550 0.150712 0.145325 0.132130 0.143343 0.057752 0.086245 0.087853 0.033684 0.024377 0.082712 0.017393 0.029662 0.052478 0.073668 0.128009 0.132729 0.093330 0.113198 0.120779 0.117159 0.041680 0.095087 0.114993 0.059641 0.042407 0.136276 0.113607 0.125223 0.140288 0.112484 0.148862 0.120637 0.103494 0.075083 0.070890 0.111674 0.131367 0.110041 0.076305 0.108253 0.113932 0.145682 0.101050
633000.030066 2.120207 0.126091 0.138682 0.128605 0.159218 0.165773 0.159648 0.112433 0.109790 0.145628 0.155116 0.129661 0.121699 0.139682 0.112539 0.142731 0.148081 0.104889 0.135196 0.153698 0.118829 0.151378 0.064920 0.081772 0.072379 0.049843 0.013367 0.084156 0.037029 0.056317 0.042189 0.085666 0.112921 0.121428 0.070060 0.116149 0.109497 0.103293 0.032625 0.084581 0.098711 0.033583 0.060525 0.133464 0.093780 0.119776 0.126643 0.094080 0.140207 0.121031 0.114565 0.094120 0.068120 0.115350 0.127301 0.094242 0.064666 0.110464 0.107474 0.141177 0.085096
634000.030113 3.135899 0.128268 0.142383 0.132981 0.162246 0.163725 0.163728 0.113322 0.112462 0.151003 0.151484 0.136863 0.116330 0.133438 0.108739 0.147198 0.152044 0.104770 0.139590 0.149257 0.121780 0.147296 0.059175 0.080500 0.076438 0.040920 0.016257 0.081156 0.025257 0.046389 0.044037 0.079611 0.118123 0.126249 0.080620 0.117900 0.116915 0.110193 0.031845 0.086503 0.104119 0.044705 0.054046 0.135857 0.103782 0.124123 0.132933 0.101463 0.143638 0.123948 0.111925 0.085435 0.066631 0.116442 0.129762 0.102043 0.068425 0.107084 0.107703 0.143319 0.089269
635000.030161 1.365413 0.126202 0.139847 0.128412 0.160031 0.162967 0.160457 0.111455 0.107429 0.146259 0.151802 0.129938 0.115518 0.134261 0.106916 0.143800 0.148719 0.101491 0.134577 0.149054 0.117917 0.148634 0.064981 0.083464 0.076383 0.049117 0.010727 0.085388 0.034217 0.052232 0.045900 0.084357 0.117271 0.124920 0.074850 0.115769 0.111604 0.107046 0.035696 0.087608 0.103595 0.036592 0.058386 0.135570 0.098178 0.122272 0.130318 0.098365 0.143571 0.120896 0.114038 0.091988 0.070234 0.115609 0.129879 0.096917 0.068017 0.104347 0.107653 0.143590 0.089559
636000.030208 8.078744 0.116967 0.129967 0.125142 0.151228 0.162764 0.153090 0.103822 0.110330 0.142514 0.151441 0.131206 0.128071 0.139629 0.115675 0.135803 0.142199 0.105034 0.132848 0.152636 0.114384 0.143710 0.049200 0.065216 0.060009 0.038065 0.026093 0.067958 0.039958 0.058190 0.024131 0.072327 0.103292 0.115098 0.071731 0.121325 0.114222 0.101616 0.028157 0.068345 0.087236 0.044783 0.056296 0.126788 0.095269 0.116718 0.120880 0.090402 0.131466 0.126730 0.111267 0.085622 0.048745 0.117006 0.120508 0.096307 0.051373 0.118111 0.095915 0.132760 0.072509
637000.030256 2.210261 0.131170 0.142979 0.133771 0.162317 0.168476 0.164374 0.115957 0.114221 0.151162 0.156771 0.135711 0.120580 0.139940 0.112633 0.148825 0.151622 0.106892 0.142002 0.155567 0.122973 0.153762 0.067454 0.087465 0.079775 0.049938 0.013648 0.087312 0.029899 0.053493 0.047935 0.087709 0.118414 0.125952 0.076134 0.116798 0.113518 0.107584 0.028760 0.089816 0.104804 0.039220 0.062413 0.138071 0.100234 0.123933 0.132910 0.099479 0.144886 0.124503 0.116611 0.094211 0.070285 0.118171 0.129678 0.096892 0.072339 0.111496 0.111757 0.144870 0.091144
638000.030303 1.909460 0.125451 0.139330 0.128240 0.159700 0.162571 0.159464 0.111708 0.108619 0.145610 0.152137 0.129238 0.117242 0.135626 0.108917 0.142564 0.148656 0.102380 0.134124 0.149580 0.117447 0.149260 0.063228 0.081210 0.074161 0.049181 0.012686 0.083405 0.036229 0.052898 0.043470 0.083337 0.114982 0.123098 0.073314 0.115830 0.110882 0.105601 0.036020 0.084647 0.100435 0.037284 0.057430 0.133839 0.095970 0.120510 0.127918 0.096757 0.141539 0.120520 0.113237 0.091805 0.067378 0.114742 0.128718 0.096984 0.064388 0.106633 0.106667 0.142191 0.086925
639000.030351 4.550348 0.125465 0.139329 0.132096 0.160310 0.164634 0.161604 0.110925 0.113420 0.149984 0.152268 0.137496 0.119652 0.135057 0.111353 0.144453 0.150426 0.106098 0.138881 0.150514 0.121007 0.146354 0.054156 0.075278 0.071867 0.035068 0.019583 0.074946 0.024528 0.046066 0.038172 0.075476 0.114643 0.124663 0.080683 0.119922 0.118841 0.110014 0.028954 0.080993 0.099446 0.048035 0.051977 0.134273 0.103879 0.123666 0.131028 0.100312 0.140972 0.125743 0.110905 0.082108 0.060673 0.116846 0.128424 0.103538 0.064565 0.111053 0.103790 0.141218 0.084750
640000.030398 2.691721 0.124275 0.135782 0.125991 0.156621 0.165506 0.156932 0.110913 0.108014 0.142792 0.155374 0.126692 0.123513 0.141619 0.113566 0.140330 0.145088 0.104477 0.133247 0.155052 0.116862 0.152041 0.068075 0.082877 0.070868 0.053264 0.015062 0.085593 0.039875 0.060268 0.042625 0.088738 0.109997 0.118732 0.065212 0.114279 0.106309 0.099976 0.030009 0.083606 0.096162 0.028063 0.064505 0.132505 0.089939 0.118074 0.124174 0.090170 0.138215 0.119444 0.115577 0.097453 0.068436 0.114547 0.125348 0.089597 0.065516 0.112216 0.107047 0.139851 0.082930
641000.030446 2.444612 0.124173 0.136215 0.128358 0.155529 0.161256 0.157120 0.109498 0.110228 0.145888 0.149652 0.132221 0.118730 0.134477 0.109529 0.142152 0.146228 0.103523 0.136214 0.148667 0.118763 0.144267 0.057734 0.077257 0.071199 0.040831 0.014354 0.077728 0.029144 0.048955 0.039193 0.077888 0.110958 0.118761 0.073464 0.113448 0.110442 0.102975 0.028428 0.081411 0.098079 0.039623 0.053857 0.129757 0.096658 0.117388 0.126009 0.094136 0.136786 0.119588 0.108419 0.085115 0.062127 0.111918 0.122601 0.094503 0.064198 0.109703 0.103651 0.136643 0.083679
642000.030493 3.679079 0.134885 0.148473 0.135722 0.164466 0.160042 0.165719 0.119220 0.113281 0.152767 0.148041 0.135470 0.110717 0.130689 0.105755 0.151776 0.154997 0.104129 0.141633 0.145615 0.125462 0.148445 0.068519 0.091128 0.087122 0.050319 0.017609 0.090495 0.032696 0.045073 0.055275 0.085341 0.126947 0.132021 0.084073 0.114391 0.114398 0.113229 0.045159 0.097542 0.113777 0.046201 0.054328 0.138894 0.105121 0.125463 0.137599 0.107734 0.149890 0.119186 0.111617 0.089502 0.078506 0.114364 0.134584 0.104188 0.075812 0.101048 0.114549 0.148233 0.100676
643000.030541 2.811361 0.128648 0.143118 0.133994 0.162582 0.162274 0.164034 0.113484 0.113618 0.152173 0.150087 0.138018 0.114617 0.131912 0.107637 0.147927 0.153036 0.104385 0.140645 0.147474 0.122205 0.146200 0.056482 0.079751 0.077904 0.039689 0.015393 0.079210 0.023815 0.043115 0.043910 0.076730 0.119610 0.127445 0.083384 0.118184 0.118442 0.112011 0.034110 0.086059 0.105254 0.048279 0.051132 0.135893 0.105691 0.124315 0.133987 0.103830 0.144453 0.124619 0.110767 0.083124 0.064544 0.116474 0.130181 0.104430 0.067223 0.106493 0.106974 0.143427 0.090612
644000.030588 3.319810 0.133560 0.147716 0.138451 0.165799 0.162593 0.167721 0.117707 0.117627 0.156352 0.150036 0.141659 0.115137 0.132366 0.109495 0.152715 0.157077 0.107250 0.145277 0.148014 0.126634 0.146940 0.058565 0.083889 0.083064 0.037861 0.016727 0.082170 0.021288 0.038075 0.047951 0.077028 0.124318 0.131154 0.087174 0.116726 0.119681 0.114850 0.036761 0.090912 0.109973 0.051947 0.047905 0.137672 0.108819 0.125945 0.137660 0.108146 0.148078 0.123334 0.108949 0.081417 0.068399 0.115283 0.132524 0.107180 0.071776 0.107550 0.111198 0.146529 0.095939
645000.030636 1.720630 0.128726 0.138821 0.129940 0.158130 0.165251 0.159452 0.113654 0.111747 0.146902 0.154077 0.131181 0.121701 0.139803 0.112769 0.145078 0.147660 0.105914 0.138774 0.154045 0.121292 0.150942 0.068324 0.086657 0.076775 0.050220 0.012042 0.086324 0.033493 0.054479 0.046295 0.087411 0.114307 0.121700 0.070497 0.112503 0.107940 0.102870 0.028989 0.088031 0.101692 0.034081 0.061657 0.134372 0.094594 0.119691 0.128492 0.094724 0.141222 0.119170 0.113418 0.094183 0.070123 0.113759 0.126085 0.091351 0.071080 0.112140 0.109590 0.141600 0.088534
646000.030683 2.016753 0.129444 0.142020 0.132539 0.160320 0.162954 0.161969 0.113936 0.112488 0.149968 0.150740 0.134252 0.117977 0.134459 0.109824 0.147458 0.150952 0.104971 0.139699 0.149098 0.122432 0.145876 0.061262 0.083150 0.078457 0.041986 0.013037 0.083346 0.031972 0.045709 0.045076 0.078727 0.119032 0.125622 0.078561 0.113681 0.112153 0.107683 0.036878 0.088583 0.105608 0.043526 0.050985 0.133398 0.100644 0.120996 0.131386 0.100975 0.143481 0.119131 0.108260 0.085618 0.068969 0.112463 0.128371 0.098458 0.068626 0.107826 0.108881 0.142564 0.092121
647000.030731 2.760013 0.137163 0.148918 0.137512 0.167810 0.164572 0.168813 0.121201 0.115879 0.154910 0.152531 0.138163 0.114763 0.135781 0.109760 0.154081 0.156347 0.107639 0.145255 0.151849 0.127379 0.154984 0.074667 0.095899 0.088068 0.054009 0.015251 0.094310 0.026277 0.049972 0.057424 0.093342 0.126270 0.133090 0.081720 0.116671 0.116396 0.113749 0.034625 0.099003 0.113249 0.042463 0.063895 0.144571 0.105272 0.129644 0.139879 0.106190 0.152400 0.123831 0.118763 0.096250 0.079727 0.119387 0.136551 0.101583 0.081754 0.106832 0.117977 0.152226 0.099747
648000.030778 2.570886 0.134023 0.146897 0.137826 0.164033 0.161513 0.166463 0.117764 0.117027 0.155516 0.148880 0.140801 0.114287 0.131676 0.108492 0.152904 0.155593 0.106924 0.145444 0.147181 0.126911 0.145910 0.060670 0.085926 0.083829 0.039697 0.014720 0.084002 0.020010 0.038397 0.049517 0.078490 0.123621 0.129415 0.085452 0.113930 0.116911 0.112682 0.035745 0.092352 0.110648 0.049809 0.049333 0.136628 0.107287 0.124256 0.136709 0.106407 0.147018 0.121167 0.108077 0.082253 0.070096 0.113509 0.130485 0.103699 0.073757 0.106762 0.111955 0.145063 0.096558
649000.030826 1.117639 0.130250 0.142616 0.131920 0.161911 0.164101 0.162662 0.114938 0.111725 0.149288 0.152521 0.132882 0.117355 0.136148 0.109629 0.147182 0.151331 0.104282 0.139215 0.150903 0.121684 0.150277 0.065987 0.086344 0.079953 0.048226 0.009705 0.086089 0.032130 0.049722 0.047667 0.084823 0.119342 0.126519 0.076212 0.114685 0.111944 0.107907 0.034865 0.089958 0.105501 0.038842 0.056876 0.136728 0.099128 0.122848 0.132374 0.100330 0.145356 0.120522 0.113040 0.091339 0.071143 0.114891 0.130662 0.098003 0.071021 0.107574 0.110197 0.145143 0.092357
650000.030873 7.728278 0.129642 0.142747 0.136330 0.162454 0.163837 0.164814 0.113602 0.117585 0.154774 0.150399 0.143101 0.117451 0.133204 0.110531 0.149253 0.153392 0.107075 0.144899 0.149595 0.124921 0.145800 0.054774 0.079626 0.079535 0.033484 0.025521 0.074914 0.016135 0.041054 0.045079 0.074715 0.119905 0.128561 0.087685 0.119227 0.122605 0.114436 0.030066 0.085675 0.105422 0.055183 0.051218 0.137125 0.110437 0.126441 0.136933 0.106268 0.144401 0.127243 0.109911 0.078893 0.061819 0.117481 0.129664 0.107743 0.071581 0.111961 0.105840 0.143326 0.091034
651000.030921 4.705560 0.127055 0.141218 0.133124 0.159310 0.161631 0.161179 0.112023 0.113729 0.150506 0.149184 0.136592 0.118504 0.132631 0.109958 0.145886 0.151561 0.105453 0.139106 0.146530 0.122343 0.141725 0.051245 0.074580 0.073780 0.034748 0.019914 0.075757 0.034456 0.044351 0.037977 0.069731 0.116103 0.123027 0.080952 0.116013 0.114522 0.107688 0.040592 0.082644 0.101977 0.049404 0.043706 0.128750 0.101918 0.118316 0.128480 0.100867 0.139421 0.120824 0.104457 0.078808 0.062292 0.111646 0.125410 0.102113 0.060554 0.108445 0.104356 0.137825 0.088211
652000.030968 8.507816 0.137696 0.150462 0.143764 0.167988 0.164918 0.171550 0.120569 0.123627 0.161814 0.151027 0.149290 0.118271 0.133902 0.113100 0.157459 0.160022 0.111864 0.152066 0.150513 0.132221 0.146860 0.058352 0.086563 0.087753 0.032459 0.026777 0.081387 0.014239 0.034240 0.051847 0.075766 0.127780 0.134154 0.093843 0.116569 0.124087 0.118530 0.037084 0.094544 0.114093 0.060600 0.047299 0.139385 0.115401 0.128484 0.142367 0.112883 0.150185 0.125436 0.107213 0.076500 0.070001 0.115707 0.132944 0.111371 0.078363 0.112498 0.113332 0.147480 0.099982
653000.031016 7.646211 0.134907 0.149275 0.141779 0.165365 0.161596 0.168839 0.118420 0.121216 0.159747 0.148008 0.146806 0.115328 0.130166 0.109809 0.155123 0.158916 0.109053 0.148835 0.145864 0.129603 0.142286 0.051559 0.081069 0.084598 0.029902 0.025385 0.077959 0.021355 0.031932 0.047880 0.069101 0.125400 0.130500 0.092746 0.115325 0.121580 0.115944 0.041724 0.090732 0.111926 0.060182 0.040070 0.134009 0.113015 0.123844 0.138177 0.110881 0.146298 0.122966 0.102873 0.072361 0.066087 0.112411 0.129335 0.110498 0.071581 0.108830 0.110205 0.142736 0.097701
654000.031063 1.730932 0.127763 0.139207 0.131036 0.159491 0.166824 0.160877 0.113412 0.112716 0.148109 0.155476 0.133487 0.122115 0.139790 0.113677 0.145163 0.148779 0.107112 0.138963 0.154752 0.121126 0.151416 0.064899 0.083257 0.074124 0.046234 0.012078 0.083988 0.028883 0.052647 0.043269 0.085388 0.113690 0.122601 0.072726 0.116044 0.112033 0.105037 0.024766 0.085332 0.099837 0.036960 0.060275 0.135251 0.097125 0.121772 0.129020 0.095563 0.141215 0.122432 0.114486 0.091981 0.066954 0.115997 0.127384 0.094863 0.068790 0.112688 0.108802 0.142272 0.086039
655000.031111 3.188652 0.130898 0.143540 0.131356 0.163241 0.163639 0.163339 0.115890 0.109492 0.148360 0.151893 0.131466 0.114847 0.134866 0.108095 0.147212 0.151079 0.103887 0.137582 0.150248 0.121647 0.151902 0.072213 0.090887 0.082180 0.052939 0.016393 0.091087 0.034096 0.052818 0.053046 0.090446 0.122178 0.129896 0.077278 0.116327 0.112991 0.110235 0.038150 0.094531 0.108323 0.038282 0.062097 0.140433 0.100772 0.126637 0.135051 0.102235 0.148337 0.120800 0.116796 0.095242 0.078232 0.117106 0.134918 0.099505 0.076187 0.103884 0.112748 0.148772 0.095284
656000.031158 1.826627 0.131849 0.144221 0.134004 0.160803 0.159063 0.162401 0.116041 0.113602 0.151274 0.147489 0.135275 0.113154 0.131207 0.106902 0.149695 0.152231 0.104303 0.141534 0.145538 0.123634 0.145306 0.063846 0.086892 0.083049 0.045109 0.012407 0.086081 0.027598 0.042150 0.050271 0.080730 0.121456 0.126598 0.080871 0.110765 0.111948 0.109080 0.037712 0.091712 0.108906 0.045204 0.051293 0.134584 0.102267 0.121124 0.133286 0.103014 0.145084 0.117332 0.107655 0.085652 0.071036 0.110991 0.128673 0.099104 0.072747 0.105057 0.111325 0.143577 0.095600
657000.031206 3.025096 0.136686 0.149117 0.139595 0.164636 0.160673 0.167412 0.120087 0.118293 0.156779 0.147905 0.141542 0.113407 0.131172 0.108484 0.155062 0.156813 0.107932 0.147165 0.146458 0.129146 0.145918 0.063393 0.089156 0.086967 0.041242 0.015967 0.086852 0.021288 0.036957 0.052718 0.079875 0.126156 0.130928 0.086788 0.112332 0.116161 0.113431 0.038997 0.095865 0.113628 0.050786 0.048812 0.137115 0.108133 0.124437 0.138140 0.108264 0.148569 0.119336 0.107146 0.082471 0.073822 0.112272 0.131390 0.104208 0.076627 0.105813 0.114535 0.146126 0.100013
658000.031253 2.378054 0.133233 0.145565 0.137307 0.163272 0.164122 0.165542 0.117216 0.117692 0.154583 0.151640 0.139720 0.118475 0.135160 0.111725 0.151635 0.154739 0.108189 0.145137 0.150163 0.126352 0.147185 0.059847 0.084443 0.081789 0.039160 0.014157 0.082812 0.025365 0.041165 0.046417 0.077545 0.121514 0.127818 0.082895 0.114195 0.115475 0.110641 0.035523 0.089952 0.107813 0.048783 0.048935 0.135069 0.104620 0.122515 0.134308 0.104461 0.145502 0.121182 0.107836 0.083065 0.067835 0.113132 0.129363 0.102134 0.070775 0.110257 0.111077 0.143982 0.094529
659000.031301 2.346335 0.134383 0.147032 0.135290 0.165264 0.160860 0.166289 0.118636 0.113434 0.152720 0.149193 0.136192 0.111423 0.131985 0.106279 0.151852 0.154391 0.104637 0.142521 0.147681 0.124425 0.151020 0.071186 0.092721 0.086562 0.052207 0.014062 0.091814 0.025845 0.047558 0.055742 0.089589 0.124866 0.131185 0.081935 0.114941 0.115391 0.112658 0.036097 0.096462 0.111856 0.043273 0.060636 0.141659 0.104633 0.127238 0.137817 0.105348 0.150190 0.122001 0.115800 0.092941 0.076970 0.117061 0.134460 0.101358 0.078672 0.103405 0.115262 0.149599 0.098262
660000.031348 5.982757 0.139077 0.152329 0.142601 0.166253 0.157354 0.169770 0.122549 0.120901 0.159750 0.144728 0.144916 0.110626 0.128375 0.107801 0.157735 0.159653 0.109143 0.149743 0.143988 0.131383 0.145188 0.063753 0.090902 0.090387 0.040815 0.022455 0.087287 0.016164 0.032616 0.056377 0.080107 0.129853 0.134698 0.092584 0.113192 0.120207 0.117945 0.041814 0.098498 0.116936 0.056984 0.048483 0.139567 0.113212 0.127523 0.141988 0.113078 0.151405 0.120308 0.107083 0.080201 0.075604 0.113056 0.134269 0.109934 0.079885 0.104611 0.116399 0.148563 0.103169
661000.031396 1.385978 0.134400 0.146878 0.135689 0.164914 0.161768 0.165948 0.118542 0.114589 0.153301 0.150250 0.136579 0.113086 0.133221 0.107521 0.151883 0.154701 0.105285 0.143131 0.148348 0.125051 0.150596 0.068848 0.091143 0.085857 0.050295 0.010808 0.089816 0.026672 0.045769 0.053770 0.086903 0.124550 0.130613 0.082079 0.114650 0.114937 0.112321 0.036945 0.095207 0.111529 0.044098 0.057845 0.140254 0.104301 0.125931 0.137082 0.105517 0.149484 0.121614 0.114024 0.091344 0.074639 0.116198 0.133395 0.101296 0.076264 0.105186 0.114328 0.148546 0.097987
662000.031443 4.880564 0.136411 0.150253 0.141096 0.168672 0.164087 0.170676 0.120171 0.120258 0.158996 0.151381 0.144169 0.116171 0.133930 0.111327 0.155351 0.159402 0.109241 0.148304 0.150086 0.128882 0.149631 0.061494 0.087427 0.086721 0.039356 0.020281 0.084181 0.019877 0.038113 0.051341 0.079620 0.127696 0.134899 0.090272 0.118282 0.122561 0.118073 0.037512 0.094021 0.112805 0.054968 0.050338 0.141269 0.111983 0.129344 0.141371 0.111666 0.151644 0.125484 0.111098 0.082728 0.070898 0.117504 0.135830 0.110345 0.075720 0.109269 0.113732 0.150063 0.099196
663000.031491 3.488056 0.129176 0.142247 0.133342 0.159989 0.160088 0.162139 0.113462 0.112702 0.150857 0.147368 0.136807 0.114219 0.130167 0.107064 0.147886 0.151196 0.104719 0.140238 0.145382 0.123349 0.142552 0.058458 0.081362 0.078235 0.037626 0.017145 0.080993 0.025053 0.041486 0.045499 0.076088 0.119186 0.125682 0.082120 0.113783 0.114567 0.109395 0.036352 0.088497 0.106323 0.047256 0.048825 0.132834 0.104126 0.121517 0.132402 0.102461 0.142563 0.119401 0.106499 0.080914 0.068414 0.111900 0.127669 0.101238 0.069678 0.104980 0.107809 0.141137 0.092084
664000.031538 3.115564 0.132276 0.144607 0.135221 0.163480 0.163799 0.165437 0.115896 0.114024 0.153166 0.150841 0.138806 0.115020 0.133451 0.108194 0.150552 0.153502 0.105673 0.143072 0.149469 0.124978 0.148512 0.064966 0.087347 0.082569 0.044258 0.016204 0.085507 0.022714 0.045609 0.050254 0.083705 0.122101 0.129199 0.082256 0.116261 0.117025 0.112049 0.032237 0.092346 0.109114 0.045263 0.056448 0.139174 0.105945 0.126387 0.136931 0.104163 0.147337 0.123455 0.113080 0.087522 0.072208 0.116745 0.131818 0.101954 0.076185 0.106857 0.111171 0.146194 0.094870
665000.031586 2.264287 0.127104 0.138438 0.126509 0.158335 0.164045 0.158168 0.113321 0.107155 0.143180 0.154371 0.125208 0.119450 0.139204 0.110498 0.142569 0.146217 0.103162 0.133449 0.152861 0.117581 0.152730 0.073329 0.088949 0.077024 0.058264 0.013814 0.091491 0.041626 0.059819 0.049924 0.092311 0.114603 0.121409 0.067194 0.111509 0.104443 0.101378 0.037002 0.089838 0.102002 0.027960 0.065974 0.134336 0.090520 0.118703 0.126293 0.093117 0.141659 0.116759 0.115742 0.099920 0.074780 0.113329 0.127470 0.089118 0.070313 0.107683 0.110838 0.142633 0.089189
666000.031633 10.288060 0.129234 0.142997 0.137197 0.160766 0.163029 0.163980 0.113173 0.118700 0.155344 0.148780 0.143701 0.119875 0.132050 0.111813 0.149448 0.153788 0.107919 0.144905 0.147743 0.126042 0.140245 0.047404 0.074723 0.077640 0.022952 0.029446 0.071470 0.027328 0.037624 0.041160 0.065028 0.119097 0.125988 0.089039 0.116457 0.120195 0.111981 0.038790 0.084044 0.104955 0.059591 0.040187 0.130011 0.109581 0.121063 0.133365 0.106165 0.140700 0.123256 0.101457 0.070726 0.060052 0.111910 0.125333 0.107535 0.066441 0.112915 0.104410 0.138563 0.091109
667000.031681 2.799753 0.136585 0.149612 0.139636 0.165358 0.160587 0.167559 0.120407 0.118553 0.156627 0.148680 0.140711 0.113734 0.131778 0.108948 0.154799 0.157639 0.107976 0.146559 0.146408 0.128281 0.146748 0.063097 0.088728 0.087127 0.043336 0.015361 0.087327 0.025865 0.038022 0.052374 0.079561 0.126336 0.131172 0.086778 0.112814 0.116220 0.113780 0.041763 0.095011 0.113125 0.051576 0.048226 0.136991 0.107326 0.123986 0.137336 0.108608 0.149127 0.119594 0.107516 0.083444 0.073031 0.112378 0.132219 0.105053 0.074621 0.105879 0.114767 0.146689 0.099963
668000.031728 6.882490 0.131695 0.147692 0.138289 0.164521 0.159717 0.166367 0.116748 0.117568 0.155840 0.147513 0.141418 0.113647 0.129197 0.108100 0.151323 0.157362 0.106395 0.143517 0.143989 0.125568 0.142641 0.051454 0.078287 0.081336 0.035780 0.024084 0.077987 0.030416 0.037002 0.045628 0.069453 0.123609 0.129606 0.090033 0.117163 0.120086 0.114858 0.045650 0.087766 0.108739 0.057573 0.040925 0.132906 0.109371 0.122756 0.134933 0.109181 0.145128 0.122520 0.104452 0.076163 0.065043 0.113026 0.130433 0.110285 0.065170 0.105497 0.108370 0.142754 0.095059
669000.031776 1.564066 0.125186 0.136355 0.127241 0.156225 0.162881 0.157274 0.110569 0.108636 0.144237 0.151908 0.129020 0.119449 0.137144 0.110166 0.141995 0.145518 0.103257 0.135372 0.151273 0.117707 0.148377 0.065165 0.082823 0.073751 0.048925 0.011481 0.083701 0.033736 0.054416 0.043325 0.084799 0.111914 0.119746 0.069489 0.112555 0.107663 0.101731 0.029018 0.084407 0.098810 0.032955 0.060257 0.132257 0.093587 0.118223 0.126168 0.092895 0.138980 0.118766 0.112440 0.092413 0.067004 0.112951 0.124814 0.091280 0.067472 0.109332 0.106417 0.139429 0.085476
670000.031823 4.393506 0.132081 0.144282 0.136281 0.161864 0.162651 0.164955 0.115022 0.116128 0.154586 0.149355 0.140996 0.115772 0.132166 0.108392 0.151451 0.153502 0.105780 0.145039 0.148136 0.125585 0.144520 0.059652 0.084577 0.082985 0.037913 0.019243 0.081610 0.020334 0.040676 0.048680 0.077382 0.121908 0.127945 0.085210 0.114180 0.117281 0.111897 0.032802 0.090732 0.109532 0.050401 0.050856 0.136055 0.107704 0.124011 0.136460 0.105303 0.145568 0.122438 0.108108 0.081367 0.067829 0.114185 0.128453 0.102343 0.074558 0.108694 0.109524 0.143440 0.095099
671000.031871 4.750158 0.135512 0.150075 0.139610 0.166806 0.161647 0.168786 0.119876 0.117897 0.156941 0.148917 0.141461 0.113287 0.131120 0.108604 0.154013 0.158455 0.107194 0.145584 0.146699 0.127695 0.147182 0.060279 0.086029 0.085943 0.041155 0.020008 0.084331 0.026638 0.038314 0.051171 0.077998 0.127109 0.133058 0.089069 0.116819 0.119758 0.116063 0.043097 0.093987 0.112605 0.053692 0.047363 0.138116 0.109604 0.126420 0.138929 0.110436 0.149649 0.122654 0.108697 0.081801 0.072293 0.114989 0.134247 0.109511 0.072921 0.105059 0.112968 0.147500 0.099176
672000.031918 1.176789 0.131682 0.144254 0.135074 0.162500 0.164072 0.164109 0.116343 0.115340 0.152489 0.152194 0.137141 0.118006 0.135697 0.110787 0.149610 0.153462 0.106725 0.142286 0.150175 0.124526 0.148327 0.061326 0.083932 0.079805 0.043674 0.009959 0.083673 0.028524 0.044798 0.045987 0.080274 0.119588 0.125969 0.079685 0.114421 0.113796 0.108806 0.035101 0.089136 0.106234 0.044383 0.052062 0.134727 0.101654 0.121625 0.132474 0.101785 0.144321 0.121152 0.109710 0.086248 0.068384 0.113733 0.128705 0.099927 0.069328 0.109343 0.110468 0.143190 0.092522
673000.031966 4.978936 0.125468 0.137685 0.131273 0.157743 0.166099 0.160322 0.110158 0.113426 0.149568 0.153423 0.137260 0.122186 0.137190 0.112483 0.144666 0.148317 0.106190 0.139811 0.152858 0.121205 0.146431 0.056783 0.077239 0.072405 0.037043 0.020484 0.076430 0.025687 0.049104 0.039533 0.077432 0.113595 0.122884 0.078830 0.118728 0.116882 0.107871 0.025026 0.081988 0.100019 0.045913 0.055613 0.133923 0.102807 0.122705 0.130675 0.098427 0.139932 0.125700 0.111638 0.084482 0.061026 0.117137 0.125831 0.099264 0.066816 0.113724 0.104165 0.139927 0.084825
674000.032013 3.612448 0.133930 0.148008 0.137151 0.165222 0.158488 0.167140 0.117900 0.115234 0.155208 0.146600 0.139693 0.110034 0.128673 0.105165 0.152996 0.156070 0.104806 0.144074 0.144430 0.125362 0.146239 0.063933 0.088214 0.085985 0.044881 0.017448 0.086952 0.021253 0.040558 0.053254 0.081838 0.126068 0.132161 0.087499 0.115760 0.118873 0.115483 0.038331 0.094393 0.112887 0.050492 0.053588 0.139843 0.109335 0.127271 0.139003 0.108699 0.149842 0.122654 0.111478 0.085471 0.072640 0.116073 0.133878 0.105919 0.075780 0.102637 0.113129 0.148181 0.098464
675000.032061 5.278657 0.139106 0.152214 0.142156 0.165716 0.157538 0.169445 0.122026 0.119793 0.159499 0.144748 0.144333 0.110329 0.127867 0.106786 0.158125 0.159388 0.108483 0.149361 0.143310 0.131235 0.143992 0.064809 0.091756 0.091174 0.041310 0.021092 0.088936 0.019113 0.032569 0.057137 0.079886 0.130791 0.135102 0.092442 0.112423 0.119439 0.118043 0.042956 0.099489 0.118338 0.056305 0.047732 0.139503 0.113209 0.127426 0.142270 0.113305 0.152273 0.119359 0.106584 0.080717 0.076828 0.112594 0.134538 0.108682 0.080789 0.103453 0.116860 0.149065 0.104378
676000.032108 3.052873 0.133522 0.145886 0.136846 0.163692 0.161305 0.165945 0.116739 0.116334 0.154896 0.148649 0.140348 0.113973 0.131644 0.107907 0.152144 0.154784 0.105907 0.145110 0.147440 0.125898 0.146311 0.062515 0.087211 0.084889 0.040641 0.016040 0.083919 0.018013 0.039175 0.050879 0.080236 0.123918 0.130328 0.085758 0.114338 0.117831 0.113659 0.033657 0.092745 0.110930 0.049963 0.051813 0.138513 0.108013 0.125866 0.138023 0.106918 0.148143 0.122025 0.109600 0.083262 0.070271 0.114672 0.131474 0.104034 0.076289 0.107218 0.111434 0.146362 0.096930
677000.032156 4.855494 0.127618 0.136811 0.128512 0.157024 0.168698 0.158443 0.113641 0.111182 0.144581 0.157913 0.129214 0.127770 0.145984 0.117694 0.142922 0.145676 0.108260 0.137237 0.159658 0.120412 0.154942 0.072954 0.087808 0.073845 0.055782 0.020229 0.088902 0.040622 0.063611 0.046274 0.093251 0.110836 0.119581 0.064461 0.114232 0.106146 0.099568 0.027188 0.087178 0.097481 0.028484 0.069165 0.134469 0.090308 0.119438 0.125924 0.090129 0.139333 0.120507 0.117735 0.100692 0.072380 0.115834 0.125711 0.087987 0.071507 0.116715 0.110288 0.140971 0.084964
678000.032203 8.937174 0.138566 0.149454 0.142741 0.165567 0.160596 0.169417 0.121265 0.122662 0.160214 0.147425 0.147446 0.115800 0.131866 0.111404 0.157792 0.158116 0.111838 0.152103 0.147827 0.132557 0.145432 0.065216 0.091429 0.089689 0.039389 0.027445 0.086511 0.012672 0.036658 0.056674 0.081107 0.127091 0.132610 0.091623 0.112562 0.120495 0.116521 0.035660 0.097422 0.115278 0.057990 0.052778 0.139554 0.113564 0.127513 0.141625 0.110746 0.149711 0.121595 0.107614 0.080507 0.074004 0.113647 0.131663 0.106543 0.083377 0.110791 0.115785 0.147363 0.101263
679000.032251 3.195799 0.126547 0.138847 0.131923 0.159134 0.167104 0.160825 0.112220 0.114273 0.149504 0.155140 0.136049 0.122892 0.139299 0.114259 0.144790 0.149267 0.107645 0.139789 0.154291 0.121846 0.149616 0.058768 0.078454 0.071965 0.040441 0.016411 0.078153 0.027361 0.050105 0.038993 0.079782 0.113668 0.123397 0.076728 0.119294 0.115804 0.107387 0.026201 0.082111 0.098929 0.043359 0.056556 0.134564 0.100580 0.122593 0.129859 0.097981 0.140469 0.125354 0.113256 0.087560 0.062027 0.117507 0.127414 0.099286 0.064809 0.114183 0.105761 0.141211 0.084641
680000.032298 3.320728 0.136332 0.147667 0.138293 0.163982 0.162244 0.166830 0.119174 0.117453 0.155999 0.149676 0.140529 0.114498 0.133004 0.108567 0.154663 0.155356 0.107087 0.147040 0.148435 0.127914 0.147672 0.067041 0.091696 0.088275 0.045681 0.016729 0.088908 0.023073 0.041834 0.054830 0.083643 0.125677 0.130356 0.085213 0.112058 0.115380 0.112573 0.036435 0.096704 0.113978 0.048760 0.054581 0.138699 0.107248 0.124968 0.138465 0.107056 0.149091 0.120569 0.110029 0.086432 0.074415 0.113919 0.130862 0.101255 0.079322 0.107379 0.114970 0.146725 0.100280
681000.032346 3.082582 0.127462 0.141768 0.133673 0.161242 0.163042 0.162409 0.113105 0.114441 0.151139 0.151119 0.137299 0.118732 0.134150 0.111081 0.146327 0.152523 0.106676 0.139557 0.148430 0.122580 0.144991 0.053295 0.075713 0.073369 0.036191 0.016118 0.077010 0.029172 0.043578 0.038650 0.073312 0.116098 0.124271 0.080605 0.117286 0.116311 0.109130 0.035828 0.082550 0.101307 0.047970 0.046797 0.131752 0.102330 0.120780 0.129710 0.100831 0.140993 0.122424 0.107535 0.081059 0.062210 0.113619 0.127599 0.102879 0.062055 0.109522 0.105721 0.140449 0.087168
682000.032393 2.057617 0.126942 0.139174 0.131362 0.158596 0.163928 0.160331 0.111518 0.112671 0.149139 0.151648 0.135152 0.119750 0.135860 0.110886 0.145185 0.149383 0.105172 0.139236 0.150511 0.121498 0.146096 0.058097 0.079152 0.074302 0.039143 0.013169 0.078533 0.027961 0.047063 0.040389 0.077585 0.114925 0.122991 0.076877 0.115654 0.113562 0.106713 0.029722 0.083851 0.101276 0.042585 0.052351 0.132849 0.100124 0.120645 0.129838 0.098369 0.140702 0.121849 0.109609 0.084909 0.063565 0.114144 0.126141 0.098030 0.066118 0.110858 0.105464 0.140255 0.087195
683000.032441 3.994546 0.134607 0.146788 0.138893 0.165898 0.164890 0.168283 0.118011 0.118579 0.156855 0.151962 0.143062 0.117212 0.134877 0.111293 0.153554 0.156215 0.108988 0.147424 0.151175 0.127721 0.149499 0.063332 0.087712 0.084502 0.040343 0.018348 0.084496 0.015842 0.041628 0.050409 0.081799 0.124160 0.131839 0.086324 0.117414 0.120569 0.115108 0.030429 0.092531 0.110370 0.050812 0.054570 0.140859 0.109721 0.128473 0.139496 0.107508 0.149387 0.125409 0.112582 0.085048 0.070108 0.117707 0.133429 0.105416 0.077188 0.110451 0.112617 0.148288 0.096338
684000.032488 8.026908 0.135052 0.148203 0.140800 0.164198 0.161037 0.167954 0.118133 0.120136 0.158693 0.147079 0.146018 0.114873 0.129886 0.109373 0.154986 0.157317 0.108824 0.148609 0.146030 0.129878 0.142188 0.056502 0.084131 0.085342 0.031189 0.026009 0.080390 0.016997 0.033316 0.050548 0.073117 0.125242 0.130556 0.091442 0.113742 0.120399 0.115276 0.038397 0.092931 0.112551 0.058126 0.044219 0.135273 0.112622 0.124741 0.138929 0.109937 0.146531 0.121549 0.103851 0.074414 0.069365 0.112189 0.129370 0.108107 0.075976 0.108508 0.111181 0.143625 0.098249
685000.032536 8.609079 0.137924 0.151045 0.144086 0.169360 0.161471 0.172056 0.121426 0.124430 0.162364 0.148999 0.149670 0.116310 0.132738 0.112360 0.157652 0.161167 0.112074 0.152289 0.148580 0.132016 0.147564 0.059645 0.087174 0.088415 0.037139 0.026936 0.081950 0.011457 0.034120 0.053542 0.077826 0.128102 0.135057 0.094928 0.117303 0.125721 0.120480 0.037133 0.094131 0.114157 0.061542 0.049833 0.141346 0.116238 0.129899 0.143174 0.113789 0.151455 0.126235 0.109108 0.078655 0.068894 0.116952 0.134482 0.112924 0.078691 0.112320 0.113862 0.149193 0.099839
686000.032583 3.562536 0.133413 0.143884 0.135257 0.162090 0.164994 0.164204 0.117576 0.116366 0.152797 0.153751 0.137304 0.118654 0.137759 0.111705 0.151193 0.152250 0.107815 0.144677 0.152640 0.125144 0.151719 0.069746 0.090913 0.083954 0.051168 0.017328 0.089397 0.028125 0.050352 0.052849 0.087978 0.120231 0.126367 0.079000 0.113318 0.113094 0.108585 0.030988 0.092690 0.108255 0.043495 0.061977 0.138293 0.102143 0.123563 0.134338 0.101355 0.145792 0.122143 0.114331 0.093047 0.071572 0.115909 0.128747 0.096143 0.076809 0.111717 0.113883 0.145319 0.094777
687000.032631 2.639538 0.127911 0.138154 0.130679 0.157865 0.166781 0.160029 0.112758 0.112483 0.147685 0.154875 0.133649 0.122791 0.140172 0.113651 0.145164 0.147549 0.106772 0.139644 0.155170 0.121159 0.150556 0.065957 0.084550 0.075620 0.046781 0.014915 0.084168 0.029737 0.053856 0.044608 0.085910 0.113434 0.121811 0.072111 0.114668 0.111081 0.103990 0.023498 0.086123 0.100294 0.036545 0.061336 0.134852 0.096904 0.121125 0.129187 0.094867 0.140802 0.122031 0.114085 0.092060 0.067510 0.115429 0.125995 0.093128 0.071280 0.113558 0.108504 0.141272 0.086799
688000.032678 7.583491 0.139871 0.152457 0.142862 0.162043 0.152748 0.166889 0.122642 0.121116 0.159446 0.140207 0.144728 0.107483 0.124323 0.105001 0.158562 0.158575 0.108131 0.150232 0.138760 0.131930 0.139591 0.062995 0.091752 0.093550 0.040853 0.025281 0.087864 0.021147 0.026368 0.059164 0.076451 0.131118 0.133221 0.094817 0.107852 0.117442 0.117200 0.047485 0.100112 0.119682 0.060560 0.042742 0.135676 0.113549 0.123648 0.141008 0.114175 0.150133 0.115236 0.100959 0.075678 0.076355 0.107689 0.130964 0.109105 0.081406 0.102299 0.116683 0.145311 0.106373
689000.032726 3.603575 0.139313 0.150557 0.140867 0.165911 0.162239 0.168725 0.122404 0.119772 0.157826 0.149290 0.142015 0.114602 0.133386 0.110133 0.156872 0.157595 0.109242 0.149229 0.148888 0.130936 0.149024 0.068282 0.093736 0.090175 0.045206 0.017427 0.090152 0.021707 0.039056 0.056392 0.084595 0.128079 0.132671 0.086728 0.111951 0.115894 0.113949 0.038460 0.099409 0.115742 0.050299 0.052990 0.139771 0.108260 0.126112 0.140283 0.109215 0.150785 0.119590 0.109353 0.085876 0.077499 0.113342 0.133008 0.103807 0.081002 0.107622 0.117373 0.148528 0.102644
690000.032773 5.253858 0.129752 0.143838 0.137022 0.164480 0.168952 0.166659 0.114514 0.117967 0.155319 0.155853 0.142742 0.122214 0.137842 0.114357 0.149504 0.154782 0.109343 0.144261 0.154066 0.125121 0.149369 0.054165 0.077939 0.076421 0.033423 0.021042 0.076648 0.022739 0.044069 0.040628 0.075296 0.119721 0.129512 0.085676 0.122525 0.123143 0.114466 0.030420 0.084387 0.103971 0.052635 0.051133 0.137890 0.108931 0.127438 0.135986 0.105523 0.145604 0.129358 0.112368 0.081900 0.061839 0.119764 0.132041 0.107786 0.067279 0.114057 0.107150 0.145276 0.089249
691000.032821 3.622712 0.136808 0.150001 0.138547 0.166876 0.158554 0.168413 0.120864 0.116442 0.156048 0.146605 0.140044 0.109632 0.129939 0.106068 0.154641 0.157501 0.106195 0.145533 0.145489 0.127379 0.149598 0.069710 0.093163 0.089067 0.050191 0.017473 0.091011 0.022034 0.042910 0.057271 0.087770 0.128057 0.134410 0.087005 0.116238 0.119176 0.116751 0.038632 0.097972 0.114657 0.049166 0.057803 0.143382 0.109212 0.129667 0.141112 0.109644 0.152626 0.123176 0.114881 0.090066 0.077071 0.117695 0.136862 0.106391 0.080147 0.103101 0.116317 0.151523 0.100942
692000.032868 1.140362 0.126211 0.139182 0.129418 0.159374 0.163976 0.159684 0.112500 0.110441 0.146426 0.153423 0.130565 0.120538 0.137726 0.111748 0.143399 0.148912 0.105158 0.135700 0.151344 0.119204 0.148934 0.062371 0.080390 0.072400 0.047281 0.009803 0.083463 0.036113 0.052646 0.041046 0.082296 0.113334 0.121486 0.071714 0.115009 0.109816 0.103934 0.034178 0.083720 0.099191 0.036165 0.056369 0.132165 0.094785 0.118990 0.126270 0.094973 0.140180 0.119759 0.111755 0.091079 0.066370 0.113504 0.127047 0.094897 0.063313 0.109516 0.107387 0.140914 0.085587
693000.032916 6.636721 0.118377 0.131321 0.124966 0.153821 0.165868 0.154727 0.106014 0.109017 0.142228 0.155234 0.130209 0.126487 0.141428 0.115427 0.136321 0.142876 0.105362 0.132142 0.155619 0.114645 0.149261 0.057234 0.071176 0.061613 0.043605 0.023650 0.073817 0.035608 0.059478 0.031536 0.081050 0.104583 0.117314 0.069769 0.122102 0.114336 0.102603 0.021476 0.072850 0.088473 0.038946 0.062551 0.131580 0.094833 0.120409 0.123135 0.090007 0.134132 0.127077 0.116433 0.091168 0.055979 0.119289 0.124273 0.095872 0.058061 0.116336 0.099502 0.136829 0.073495
694000.032963 2.200002 0.126750 0.138404 0.131066 0.158818 0.165293 0.160058 0.112558 0.113294 0.148202 0.153830 0.134641 0.121409 0.138339 0.113070 0.144315 0.148816 0.107009 0.138937 0.152970 0.121198 0.149468 0.061037 0.079992 0.072459 0.043519 0.013617 0.080031 0.027175 0.050524 0.040849 0.082124 0.112292 0.121483 0.074008 0.116483 0.113284 0.105338 0.024896 0.082699 0.098258 0.040092 0.057593 0.133771 0.097843 0.120897 0.128246 0.095490 0.139630 0.122939 0.112669 0.088712 0.063593 0.115418 0.126160 0.096591 0.066610 0.112941 0.106492 0.140414 0.084188
695000.033011 6.968092 0.136535 0.150090 0.142082 0.164992 0.158482 0.168482 0.119977 0.121191 0.159429 0.145369 0.145923 0.112799 0.128463 0.108721 0.156037 0.158811 0.109467 0.149143 0.143860 0.130810 0.142110 0.056737 0.085098 0.086837 0.033349 0.024233 0.081591 0.017897 0.029735 0.051590 0.072731 0.126999 0.131753 0.092897 0.112914 0.120155 0.116360 0.042307 0.094083 0.113976 0.059503 0.042004 0.135100 0.112925 0.124311 0.139104 0.111745 0.147601 0.120058 0.102765 0.073980 0.070434 0.110959 0.130531 0.109949 0.075155 0.106597 0.112631 0.144218 0.100154
696000.033058 2.614954 0.125625 0.138576 0.127891 0.159676 0.164336 0.159568 0.111782 0.107798 0.145014 0.153350 0.129286 0.118525 0.136951 0.109994 0.142382 0.147906 0.103694 0.133893 0.151333 0.118341 0.150417 0.066592 0.083027 0.073485 0.050080 0.014845 0.085427 0.035800 0.055233 0.044744 0.086528 0.114519 0.123432 0.071640 0.116564 0.110894 0.105392 0.033800 0.086238 0.100249 0.034172 0.060706 0.135272 0.095730 0.121990 0.128463 0.095621 0.141885 0.120792 0.115278 0.093908 0.070731 0.115831 0.129641 0.095776 0.067661 0.107164 0.107633 0.143111 0.086641
697000.033106 2.466954 0.135763 0.147815 0.136546 0.165392 0.162813 0.167231 0.118907 0.114474 0.154421 0.150150 0.138023 0.112485 0.132843 0.106728 0.153465 0.155072 0.104888 0.144674 0.148890 0.126108 0.150588 0.070645 0.093656 0.088595 0.050165 0.014419 0.091215 0.025080 0.045889 0.056266 0.088174 0.126833 0.132491 0.083634 0.114682 0.115907 0.113588 0.036410 0.098057 0.114245 0.044642 0.059023 0.142114 0.106607 0.127878 0.139944 0.107224 0.151385 0.122293 0.114761 0.091470 0.077384 0.117102 0.134521 0.101880 0.080421 0.104534 0.115335 0.149901 0.100617
698000.033153 4.185175 0.132710 0.144535 0.131922 0.163310 0.162194 0.164203 0.116307 0.109526 0.149832 0.149878 0.132692 0.111623 0.132572 0.105094 0.149684 0.151178 0.102174 0.139925 0.148868 0.122459 0.151398 0.075767 0.095521 0.087249 0.055448 0.018781 0.093906 0.030770 0.052652 0.058263 0.093105 0.125252 0.131696 0.079824 0.114877 0.113503 0.111851 0.036753 0.098577 0.112880 0.039506 0.065383 0.143254 0.103666 0.128496 0.138724 0.104611 0.150850 0.121330 0.118305 0.096968 0.080666 0.118253 0.135206 0.098604 0.081957 0.102424 0.114580 0.150638 0.099401
699000.033201 7.645304 0.141651 0.154396 0.143992 0.164882 0.154374 0.169999 0.124303 0.121367 0.161059 0.141322 0.146019 0.107065 0.125520 0.105340 0.160388 0.160296 0.108606 0.151795 0.141143 0.132978 0.143680 0.067694 0.095513 0.095498 0.044515 0.025384 0.090875 0.015509 0.031195 0.061756 0.082525 0.133911 0.137727 0.095675 0.111980 0.121176 0.120602 0.044313 0.102917 0.121535 0.059177 0.050336 0.142010 0.116208 0.129610 0.145673 0.116417 0.154652 0.119692 0.107607 0.081424 0.079462 0.113332 0.136370 0.111336 0.085267 0.102297 0.118988 0.150998 0.107893
700000.033248 2.000866 0.129646 0.141333 0.134086 0.160836 0.166648 0.162586 0.115137 0.116250 0.151016 0.155176 0.137034 0.122159 0.139444 0.114465 0.147326 0.151296 0.108797 0.142058 0.154130 0.123463 0.150747 0.061188 0.081859 0.075486 0.043635 0.012986 0.081573 0.026806 0.049229 0.042303 0.081990 0.114813 0.123255 0.076290 0.116473 0.114176 0.106751 0.027142 0.084708 0.100642 0.042582 0.056625 0.134578 0.099508 0.121408 0.129800 0.097963 0.141477 0.123645 0.112534 0.088584 0.064167 0.115659 0.127166 0.098097 0.067374 0.113967 0.108900 0.141771 0.087009
701000.033296 1.344843 0.133432 0.146084 0.134884 0.164210 0.162244 0.165199 0.117833 0.113781 0.152151 0.150510 0.135455 0.114035 0.133650 0.108249 0.150648 0.153903 0.105195 0.142033 0.148858 0.124285 0.150233 0.067663 0.089720 0.084165 0.048398 0.010646 0.088745 0.027299 0.045657 0.051861 0.085767 0.123463 0.129927 0.080671 0.114447 0.114110 0.111236 0.036553 0.093993 0.109851 0.042831 0.056265 0.139123 0.103049 0.125206 0.135962 0.104421 0.148470 0.120544 0.113015 0.090366 0.074295 0.115160 0.133147 0.101139 0.074832 0.105305 0.113404 0.147801 0.096681
702000.033343 2.021498 0.128885 0.140690 0.132897 0.160383 0.165999 0.162163 0.113845 0.114350 0.150342 0.153976 0.136223 0.120485 0.137978 0.112522 0.146907 0.150413 0.106829 0.141184 0.153104 0.122446 0.149873 0.061740 0.082424 0.076327 0.042930 0.013052 0.081587 0.025389 0.048585 0.043430 0.081939 0.115848 0.124135 0.076700 0.116229 0.114285 0.107252 0.026091 0.085636 0.101820 0.041718 0.056639 0.135414 0.100426 0.122364 0.131230 0.098638 0.142216 0.123390 0.112691 0.088313 0.065063 0.115936 0.127662 0.097964 0.068984 0.112302 0.108225 0.142433 0.088072
703000.033391 5.650862 0.137627 0.150884 0.142040 0.164843 0.158011 0.168399 0.120887 0.120704 0.159460 0.145093 0.145198 0.111888 0.128285 0.107838 0.156852 0.158952 0.108932 0.149191 0.143360 0.131133 0.142381 0.059209 0.087323 0.088286 0.036489 0.021823 0.084206 0.019142 0.029736 0.053400 0.074892 0.127997 0.132021 0.092164 0.111879 0.118828 0.116123 0.042870 0.096061 0.115708 0.057706 0.042972 0.135735 0.112286 0.124327 0.139568 0.111667 0.148609 0.118935 0.103176 0.076121 0.072490 0.110610 0.130914 0.108500 0.076761 0.105542 0.114162 0.145070 0.101660
704000.033438 5.008938 0.140024 0.153077 0.142087 0.165901 0.157033 0.169146 0.123370 0.120146 0.159076 0.144960 0.142830 0.109847 0.128409 0.106746 0.158221 0.159860 0.107872 0.149209 0.143308 0.130587 0.145583 0.066323 0.093297 0.093049 0.045942 0.020546 0.090340 0.024369 0.033996 0.058701 0.081635 0.131625 0.135515 0.092108 0.112028 0.118519 0.117951 0.045489 0.100228 0.118694 0.056194 0.048758 0.139990 0.111759 0.126980 0.142056 0.113694 0.153172 0.119091 0.107333 0.083146 0.077256 0.112603 0.135297 0.108888 0.080453 0.103422 0.117846 0.150005 0.105518
705000.033486 6.843035 0.133294 0.144829 0.139111 0.162510 0.165404 0.166170 0.116381 0.120559 0.157302 0.151733 0.144993 0.120811 0.135215 0.113338 0.152968 0.154851 0.110241 0.148256 0.151044 0.128767 0.144724 0.057095 0.083058 0.082298 0.032501 0.024015 0.079253 0.020263 0.038601 0.047300 0.074333 0.121767 0.128296 0.087956 0.115149 0.119588 0.113119 0.033664 0.089836 0.109225 0.055915 0.048259 0.135174 0.109904 0.124044 0.136680 0.106695 0.145044 0.123510 0.106072 0.077791 0.065854 0.113877 0.127869 0.104610 0.074083 0.114297 0.109806 0.142868 0.094778
706000.033533 1.835388 0.137729 0.149844 0.138694 0.167394 0.164089 0.168753 0.121956 0.117423 0.155863 0.152618 0.138712 0.115507 0.135891 0.110470 0.155152 0.157236 0.108461 0.146263 0.150988 0.128103 0.153310 0.071474 0.094090 0.087908 0.052030 0.012437 0.093506 0.027763 0.046766 0.055790 0.089380 0.126241 0.131789 0.082308 0.114298 0.114865 0.112603 0.037310 0.097908 0.113292 0.044287 0.059170 0.141383 0.104695 0.126615 0.138267 0.106236 0.151093 0.121625 0.114750 0.093344 0.077522 0.116382 0.134423 0.101008 0.078555 0.107382 0.118152 0.150290 0.100001
707000.033581 3.125121 0.123323 0.136903 0.127087 0.157032 0.161665 0.156910 0.110282 0.108549 0.143818 0.151273 0.128197 0.120296 0.136225 0.111085 0.140161 0.146960 0.103917 0.132330 0.148950 0.117524 0.146143 0.059591 0.076265 0.068670 0.046095 0.016229 0.080189 0.040338 0.053895 0.037924 0.079354 0.110796 0.119276 0.070731 0.115260 0.108732 0.102391 0.038258 0.080848 0.096325 0.037349 0.054141 0.128938 0.092833 0.116666 0.123275 0.093423 0.137061 0.118431 0.109663 0.089147 0.065025 0.112097 0.125232 0.095235 0.058583 0.108496 0.104207 0.137907 0.082866
708000.033628 4.200240 0.138434 0.150667 0.142161 0.167398 0.162955 0.170273 0.121655 0.121365 0.159767 0.150064 0.145225 0.115883 0.133541 0.111295 0.157241 0.159254 0.110543 0.150250 0.149250 0.131284 0.148358 0.063932 0.090130 0.088218 0.040159 0.018815 0.086781 0.016039 0.036455 0.053665 0.081134 0.127399 0.133052 0.089098 0.114299 0.119664 0.116025 0.036068 0.096505 0.114440 0.053562 0.050497 0.139966 0.110961 0.127326 0.140819 0.110180 0.150668 0.122360 0.109116 0.082615 0.073387 0.114718 0.133238 0.106643 0.079067 0.109536 0.115861 0.148538 0.100566
709000.033676 3.635206 0.127998 0.141252 0.134263 0.159930 0.162923 0.162128 0.112747 0.115534 0.151709 0.150321 0.138649 0.119089 0.133904 0.111011 0.147048 0.151812 0.106479 0.141568 0.148581 0.122824 0.143742 0.051902 0.076154 0.075210 0.034165 0.017503 0.075485 0.027071 0.042531 0.039002 0.071706 0.115970 0.123447 0.081375 0.115887 0.116094 0.108407 0.033797 0.082476 0.101720 0.049378 0.046254 0.130962 0.103094 0.119850 0.130080 0.100903 0.140355 0.122588 0.106128 0.079053 0.060231 0.112846 0.125626 0.102089 0.063784 0.110818 0.105093 0.139004 0.087883
710000.033723 1.516506 0.128795 0.140583 0.130431 0.160414 0.164087 0.160921 0.114222 0.111291 0.147694 0.153186 0.131698 0.117646 0.137147 0.110111 0.145458 0.149300 0.104360 0.138201 0.151896 0.120407 0.151842 0.067646 0.086454 0.078081 0.050948 0.011305 0.086183 0.030694 0.052552 0.047779 0.087680 0.116314 0.123995 0.073590 0.114610 0.110927 0.105912 0.030395 0.088365 0.102860 0.036332 0.061349 0.136492 0.097091 0.121968 0.130435 0.097330 0.143128 0.121068 0.115105 0.093849 0.069895 0.115548 0.128771 0.095538 0.070964 0.108952 0.109757 0.143647 0.089507
711000.033771 5.008699 0.140231 0.153337 0.141740 0.166780 0.156334 0.170248 0.123098 0.118549 0.159295 0.143733 0.143057 0.107402 0.127279 0.104875 0.158588 0.159829 0.107102 0.148957 0.142876 0.130623 0.146844 0.070730 0.096449 0.094228 0.048692 0.020546 0.093071 0.020120 0.037304 0.061200 0.086361 0.133554 0.138646 0.092673 0.114880 0.121184 0.120635 0.043088 0.102652 0.120582 0.054612 0.054825 0.144798 0.114208 0.131681 0.145580 0.115155 0.156374 0.121910 0.112441 0.087110 0.080616 0.116693 0.139149 0.109915 0.084522 0.101212 0.118962 0.153738 0.106879
712000.033818 3.718187 0.133848 0.145369 0.136851 0.163495 0.164613 0.166012 0.117162 0.116917 0.154736 0.152114 0.139996 0.117321 0.135468 0.110501 0.152495 0.154084 0.107251 0.146068 0.151191 0.126066 0.149263 0.065496 0.088915 0.084682 0.044704 0.017702 0.086423 0.022838 0.045307 0.051270 0.083376 0.122545 0.128916 0.082762 0.114474 0.116194 0.111459 0.030877 0.092598 0.109702 0.047034 0.056686 0.138815 0.106018 0.125329 0.137007 0.104605 0.147413 0.123037 0.112234 0.088003 0.070395 0.115982 0.130469 0.100389 0.076716 0.110339 0.112685 0.146317 0.096078
713000.033866 1.667513 0.130504 0.141235 0.133638 0.160239 0.165872 0.162241 0.115024 0.115328 0.150763 0.153961 0.136290 0.120855 0.138585 0.112969 0.147998 0.150610 0.107624 0.142544 0.153423 0.123716 0.150186 0.063958 0.085060 0.078308 0.045006 0.011855 0.083486 0.026618 0.048993 0.045314 0.083293 0.116572 0.124141 0.076239 0.114565 0.112753 0.106636 0.027519 0.087506 0.103178 0.041559 0.057527 0.135432 0.099784 0.121702 0.131319 0.098700 0.142737 0.122210 0.112304 0.089493 0.066933 0.115018 0.127331 0.096461 0.070923 0.112788 0.109679 0.142526 0.089843
714000.033913 4.055019 0.135783 0.147197 0.137561 0.165903 0.161385 0.167239 0.119861 0.117383 0.155171 0.149791 0.139918 0.113933 0.133895 0.109210 0.153464 0.155535 0.107816 0.146230 0.149411 0.127130 0.152004 0.070946 0.093007 0.086823 0.051273 0.018486 0.090339 0.020752 0.047171 0.055948 0.089841 0.123859 0.130732 0.083226 0.115653 0.117429 0.113391 0.031461 0.095653 0.111174 0.046662 0.062144 0.142568 0.106359 0.128031 0.138647 0.105469 0.149687 0.124064 0.116387 0.092570 0.074593 0.118196 0.133438 0.101812 0.080394 0.108424 0.115653 0.149348 0.097431
715000.033961 2.830415 0.130310 0.141949 0.133993 0.162126 0.167075 0.163681 0.115050 0.114775 0.151505 0.154668 0.137351 0.120585 0.138215 0.113126 0.148090 0.151605 0.108252 0.141899 0.153841 0.124393 0.151056 0.064606 0.084925 0.077559 0.043011 0.015445 0.083710 0.024328 0.048484 0.045832 0.084163 0.118249 0.127253 0.078654 0.118027 0.116356 0.109943 0.027381 0.088653 0.104218 0.043185 0.058103 0.138312 0.102860 0.125686 0.133969 0.100993 0.144914 0.124306 0.114385 0.089184 0.069370 0.117650 0.130944 0.100153 0.072535 0.111933 0.110004 0.145349 0.090255
716000.034008 4.829419 0.138553 0.149351 0.140968 0.167541 0.162787 0.169769 0.122149 0.121038 0.158650 0.150703 0.143814 0.116141 0.135340 0.111925 0.156648 0.157776 0.110983 0.150198 0.151008 0.130871 0.152365 0.070352 0.094042 0.088720 0.048253 0.020175 0.090207 0.016645 0.043895 0.056742 0.088501 0.126224 0.132834 0.086529 0.115933 0.119427 0.115433 0.031734 0.097637 0.113736 0.050536 0.060254 0.143426 0.109500 0.129396 0.141198 0.108311 0.151248 0.124693 0.115096 0.090256 0.075276 0.118359 0.134186 0.103913 0.082215 0.111047 0.117396 0.150394 0.099826
717000.034056 2.538846 0.135740 0.147925 0.135707 0.164311 0.159925 0.165873 0.119414 0.113373 0.153005 0.147727 0.136042 0.110779 0.130975 0.105775 0.152756 0.154479 0.104514 0.142956 0.146434 0.125842 0.149097 0.071921 0.094350 0.088669 0.051057 0.014628 0.092750 0.026943 0.044590 0.057481 0.088802 0.127085 0.132462 0.083177 0.112879 0.114355 0.113291 0.039538 0.099166 0.114645 0.044261 0.057692 0.141322 0.105388 0.127121 0.139138 0.107047 0.151326 0.119095 0.113173 0.091173 0.079848 0.114799 0.135001 0.101886 0.080816 0.102268 0.116147 0.150023 0.101245
718000.034103 3.976608 0.139242 0.151592 0.140146 0.165639 0.158224 0.168504 0.122280 0.117779 0.157360 0.145950 0.140688 0.109521 0.129246 0.105784 0.157261 0.157678 0.106493 0.147964 0.144645 0.129291 0.147384 0.070046 0.095530 0.092778 0.049124 0.018307 0.092875 0.023805 0.039403 0.059560 0.085776 0.130695 0.134716 0.088926 0.112068 0.116683 0.116119 0.042252 0.101232 0.118487 0.051226 0.054500 0.141355 0.110025 0.127494 0.141847 0.111473 0.153085 0.119604 0.110644 0.087643 0.079108 0.114196 0.135133 0.105070 0.082118 0.102466 0.118290 0.150542 0.105094
719000.034151 5.732383 0.136624 0.149576 0.140015 0.162792 0.156929 0.166445 0.119625 0.118193 0.157086 0.143910 0.142250 0.110620 0.126970 0.106153 0.155451 0.156779 0.107114 0.147122 0.142053 0.129484 0.140907 0.061003 0.088290 0.088480 0.037800 0.021980 0.085764 0.023176 0.031673 0.054093 0.075336 0.127828 0.131430 0.090620 0.110438 0.116480 0.114689 0.044552 0.096774 0.115829 0.055951 0.043201 0.134757 0.110692 0.123268 0.138514 0.110731 0.148143 0.116684 0.102502 0.077124 0.074461 0.109187 0.130568 0.106614 0.077185 0.103083 0.113928 0.144513 0.102242
720000.034198 2.299183 0.135408 0.148483 0.137518 0.164898 0.159735 0.166555 0.119688 0.115696 0.154617 0.147689 0.138646 0.111650 0.130770 0.107128 0.153220 0.155919 0.106503 0.144219 0.145867 0.127158 0.147760 0.066354 0.089907 0.085822 0.046307 0.013920 0.088971 0.024234 0.041192 0.053448 0.083773 0.125570 0.131222 0.084546 0.113979 0.115834 0.113430 0.039331 0.095785 0.112584 0.047113 0.053029 0.138823 0.106391 0.125648 0.137600 0.107051 0.149158 0.119905 0.110718 0.087114 0.075399 0.114116 0.133400 0.103721 0.076078 0.103461 0.114729 0.147776 0.098874
