240000.011399	-35.6363 118.153
241000.011447	-23.2726 112.858
242000.011494	-5.44466 110.172
243000.011542	-2.37843 102.965
244000.011589	9.7673 98.9528
245000.011637	-0.649535 107.855
246000.011684	5.36331 98.9399
247000.011732	40.3571 86.7114
248000.011779	-34.092 118.791
249000.011827	-37.7866 124.695
250000.011874	-41.9067 123.573
251000.011922	26.8269 88.8642
252000.011969	24.136 89.425
253000.012017	38.651 99.2046
254000.012064	34.6192 84.5658
255000.012112	-24.0649 106.225
256000.012159	5.28695 105.821
257000.012207	8.75739 92.0898
258000.012254	15.0449 79.3798
259000.012302	4.34542 113.327
260000.012349	-17.4713 94.7038
261000.012397	9.47277 88.0797
262000.012444	19.4292 85.8703
263000.012492	14.0352 90.1734
264000.012539	-14.2799 114.242
265000.012587	38.9241 88.3118
266000.012634	23.201 89.4134
267000.012682	-1.21053 104.397
268000.012729	10.9518 95.8071
269000.012777	11.6405 91.6727
270000.012824	-13.9276 100.572
271000.012872	12.6692 91.5043
272000.012919	-7.11 109.751
273000.012967	27.2079 91.6974
274000.013014	22.9851 110.475
275000.013062	33.5358 73.0605
276000.013109	-28.5615 123.852
277000.013157	19.0287 88.2417
278000.013204	-4.39181 103.05
279000.013252	19.7911 94.2119
280000.013299	17.1121 100.767
281000.013347	48.5679 81.4435
282000.013394	8.20854 98.4132
283000.013442	-20.8361 103.731
284000.013489	27.7331 99.093
285000.013537	24.6221 88.8737
286000.013584	7.49008 95.515
287000.013632	22.4414 102.157
288000.013679	31.0092 88.7306
289000.013727	-9.4002 109.55
290000.013774	3.24132 99.0986
291000.013822	-7.73681 114.463
292000.013869	32.1418 85.3925
293000.013917	28.5291 92.4165
294000.013964	4.3971 108.307
295000.014012	-3.04601 98.0725
296000.014059	-3.59288 97.06
297000.014107	12.3017 91.5151
298000.014154	5.53314 101.45
299000.014202	-4.37098 110.094
300000.014249	-4.78287 101.678
301000.014297	7.42213 101.269
302000.014344	-2.89289 107.943
303000.014392	-8.91826 96.151
304000.014439	30.7571 113.533
305000.014487	22.4185 92.4606
306000.014534	14.4688 94.1288
307000.014582	44.9327 68.5662
308000.014629	-3.17382 114.108
309000.014677	-34.7259 124.826
310000.014724	8.49903 93.0194
311000.014772	0.612426 92.1137
312000.014819	10.227 104.632
313000.014867	-32.2776 116.393
314000.014914	18.7038 105.553
315000.014962	9.61691 103.054
316000.015009	5.90484 101.315
317000.015057	5.87463 95.8472
318000.015104	31.471 81.1688
319000.015152	27.392 86.1328
320000.015199	-14.6652 105.55
321000.015247	10.8813 104.971
322000.015294	15.5535 92.3699
323000.015342	2.29469 100.334
324000.015389	43.7866 65.9018
325000.015437	9.08706 98.9868
326000.015484	-23.7843 112.979
327000.015532	16.7972 94.1086
328000.015579	-19.1758 120.25
329000.015627	10.8007 109.357
330000.015674	-13.7732 117.563
331000.015722	24.753 89.9418
332000.015769	27.991 79.396
333000.015817	39.6617 77.6637
334000.015864	25.989 88.5197
335000.015912	-11.3345 100.128
336000.015959	-4.57078 120.584
337000.016007	3.93367 111.208
338000.016054	-2.74547 105.941
339000.016102	-12.172 106.088
340000.016149	24.0479 86.3388
341000.016197	9.26746 97.959
342000.016244	33.4364 82.5381
343000.016292	2.75206 90.1109
344000.016339	7.48401 106.761
345000.016387	1.16678 104.054
346000.016434	11.8933 87.8335
347000.016482	31.3012 80.5966
348000.016529	29.5416 103.945
349000.016577	-7.81119 99.2169
350000.016624	23.9919 85.9782
351000.016672	4.5562 94.629
352000.016719	7.97082 110.307
353000.016767	-8.10118 121.161
354000.016814	33.3022 83.3865
355000.016862	-20.3912 111.177
356000.016909	26.3204 86.4941
357000.016957	-18.2377 113.586
358000.017004	14.319 102.353
359000.017052	-9.10035 104.91
360000.017099	34.1086 77.658
