0.000000	72.5777 -20.3166
1000.000047	67.6627 -24.3059
2000.000095	71.6276 -8.35629
3000.000142	55.0422 -11.9448
4000.000190	76.2619 -29.3973
5000.000237	75.3882 -26.0714
6000.000285	65.4857 -21.6967
7000.000332	67.3352 -17.833
8000.000380	75.3432 -21.8421
9000.000427	55.7993 -19.2667
10000.000475	63.9498 -26.5665
11000.000522	65.7238 -28.9511
12000.000570	78.177 -13.8544
13000.000617	61.3282 -22.907
14000.000665	58.1907 -10.4732
15000.000712	75.8559 -18.2564
16000.000760	78.9525 -18.4008
17000.000807	63.3993 -19.113
18000.000855	61.6002 -19.5642
19000.000902	60.857 -7.39291
20000.000950	63.0325 -17.6016
21000.000997	62.25 -22.3045
22000.001045	83.6823 -14.827
23000.001092	62.8117 -17.3175
24000.001140	67.3811 -25.7726
25000.001187	58.8407 -10.5057
26000.001235	68.842 -23.8008
27000.001282	54.8893 -11.1973
28000.001330	73.3061 -19.6956
29000.001377	76.3037 -25.5655
30000.001425	73.5933 -17.6938
31000.001472	64.2936 -15.7862
32000.001520	68.8743 -32.815
33000.001567	66.7623 -23.5559
34000.001615	68.8616 -11.7904
35000.001662	72.2968 -23.6466
36000.001710	65.6421 -13.5582
37000.001757	75.6145 -23.7729
38000.001805	55.2934 -23.5697
39000.001852	70.9466 -27.4918
40000.001900	52.8905 -22.787
41000.001947	70.1541 -15.2101
42000.001995	71.7987 -18.8732
43000.002042	73.0629 -30.4284
44000.002090	61.4346 -17.4414
45000.002137	70.0917 -24.6383
46000.002185	67.459 -18.1254
47000.002232	72.29 -19.5681
48000.002280	68.6438 -12.6479
49000.002327	77.6476 -20.5145
50000.002375	71.7637 -25.1713
51000.002422	73.9233 -13.53
52000.002470	72.2601 -16.1078
53000.002517	80.9229 -24.9556
54000.002565	60.6861 -11.6145
55000.002612	73.2299 -16.6019
56000.002660	62.6098 -11.2867
57000.002707	63.2153 -18.8384
58000.002755	68.6035 -14.0152
59000.002802	78.6355 -15.741
60000.002850	82.4503 -41.2462
61000.002897	66.772 -18.8968
62000.002945	57.8453 -12.3306
63000.002992	73.6616 -32.6942
64000.003040	63.474 -13.4861
65000.003087	63.2091 -26.9122
66000.003135	70.2003 -15.5612
67000.003182	62.0335 -14.4681
68000.003230	60.3659 -16.2711
69000.003277	77.3073 -41.0176
70000.003325	65.9106 -12.293
71000.003372	63.3358 -17.7558
72000.003420	63.5461 -21.6783
73000.003467	74.9725 -25.7502
74000.003515	74.5455 -29.3786
75000.003562	65.3589 -17.4368
76000.003610	79.0695 -27.004
77000.003657	67.9445 -24.606
78000.003705	56.8411 -25.5955
79000.003752	61.1876 -20.4306
80000.003800	68.6515 -24.2639
81000.003847	63.8049 -25.2104
82000.003895	55.6932 -20.6402
83000.003942	67.0518 -25.2943
84000.003990	68.1824 -20.4169
85000.004037	69.5365 -15.7988
86000.004085	62.1388 -31.6162
87000.004132	78.4991 -21.6612
88000.004180	67.8181 -16.1744
89000.004227	75.9277 -19.2992
90000.004275	58.2072 -13.164
91000.004322	68.4118 -9.66441
92000.004370	68.3807 -8.82614
93000.004417	71.8626 -13.9061
94000.004465	72.0615 -23.6208
95000.004512	72.3579 -13.3391
96000.004560	58.9502 -14.0209
97000.004607	61.7862 -18.4527
98000.004655	80.4426 -31.5856
99000.004702	73.0634 -24.8224
100000.004750	69.0171 -24.2175
101000.004797	55.5446 -14.1533
102000.004845	67.8092 -18.1586
103000.004892	69.1888 -18.1159
104000.004940	66.6755 -19.9568
105000.004987	51.7234 -6.91898
106000.005035	75.4494 -6.27487
107000.005082	79.8625 -22.9289
108000.005130	70.5633 -17.0639
109000.005177	62.7491 -12.6182
110000.005225	63.7537 -21.6744
111000.005272	66.2123 -18.632
112000.005320	70.0916 -36.3383
113000.005367	72.5721 -20.5697
114000.005415	64.7892 -31.7317
115000.005462	81.4206 -30.1191
116000.005510	72.5281 -19.1734
117000.005557	60.3613 -22.6285
118000.005605	61.2414 -25.0605
119000.005652	56.9352 -7.68445
120000.005700	62.2578 -25.3317
