#! FIELDS time restraint.bias r0 r1 r2 r3 r4 r5 r6 r7 r8 r9 r10 r11 r12 r13 r14 r15 r16 r17 r18 r19 r20 r21 r22 r23 r24 r25 r26 r27 r28 r29 r30 r31 r32 r33
0.000000 0.000000 0.150207 0.161429 0.155593 0.133670 0.161234 0.133602 0.105197 0.109103 0.116827 0.173019 0.173441 0.063344 0.097657 0.106609 0.049212 0.000000 0.072842 0.139302 0.133347 0.111100 0.096383 0.128998 0.119527 0.111026 0.113510 0.126888 0.060283 0.095584 0.158093 0.147140 0.153095 0.126553 0.124142 0.132693
1000.000047 12.324054 0.151335 0.162424 0.157351 0.135742 0.159574 0.130743 0.103701 0.106839 0.119158 0.172927 0.174193 0.070206 0.102220 0.107203 0.041274 0.015700 0.073207 0.142184 0.139217 0.108076 0.101128 0.130782 0.119520 0.121140 0.120101 0.135646 0.070943 0.101835 0.155970 0.149563 0.154650 0.127912 0.127133 0.133487
2000.000095 4.163088 0.154470 0.164776 0.154596 0.132425 0.163332 0.138012 0.106623 0.112543 0.117133 0.176242 0.172828 0.066642 0.101197 0.110700 0.054712 0.009125 0.077432 0.141605 0.133285 0.114353 0.092957 0.133306 0.119807 0.108731 0.110760 0.124160 0.059309 0.099564 0.161576 0.145809 0.157415 0.131066 0.128531 0.137379
3000.000142 8.969257 0.151334 0.162875 0.160329 0.139170 0.161548 0.132417 0.106799 0.109012 0.121684 0.174469 0.177200 0.067759 0.100784 0.106379 0.041715 0.013393 0.071597 0.141576 0.138754 0.108295 0.101671 0.129213 0.119982 0.120367 0.120198 0.135565 0.069031 0.098996 0.157865 0.152700 0.154039 0.127450 0.126148 0.133226
4000.000190 10.243119 0.148512 0.161111 0.160168 0.138124 0.161128 0.131519 0.107012 0.108899 0.120361 0.172154 0.176723 0.063514 0.096894 0.104794 0.043478 0.014313 0.069951 0.139898 0.136580 0.109142 0.102043 0.127563 0.121127 0.117045 0.118745 0.131912 0.063754 0.094898 0.156176 0.151969 0.151514 0.125049 0.122825 0.130426
5000.000237 10.187197 0.151167 0.162328 0.157992 0.136528 0.160305 0.130938 0.104037 0.106892 0.118851 0.173611 0.175371 0.069619 0.102310 0.108333 0.043265 0.014274 0.073727 0.142882 0.139376 0.109402 0.100511 0.131285 0.120278 0.119942 0.119935 0.135312 0.069679 0.100310 0.156718 0.150225 0.154263 0.126798 0.126365 0.132707
6000.000285 6.866383 0.154476 0.165093 0.156729 0.134811 0.161687 0.134429 0.104079 0.108668 0.118672 0.176073 0.174280 0.071033 0.104412 0.110750 0.047177 0.011719 0.076713 0.144735 0.139584 0.112060 0.098456 0.134118 0.120759 0.118498 0.117869 0.133252 0.068552 0.102806 0.159316 0.148528 0.157681 0.130357 0.129661 0.136781
7000.000332 8.861465 0.152357 0.162940 0.158161 0.137148 0.165090 0.137799 0.110246 0.113973 0.118919 0.176160 0.177065 0.063092 0.098429 0.108852 0.055166 0.013313 0.074559 0.139405 0.131926 0.113262 0.094707 0.130092 0.120091 0.107381 0.111617 0.124356 0.057415 0.094456 0.162572 0.149848 0.154062 0.127795 0.124727 0.133955
8000.000380 16.880499 0.148759 0.160037 0.157157 0.136772 0.165347 0.136920 0.110902 0.114176 0.117095 0.174061 0.177336 0.058829 0.094525 0.106620 0.058211 0.018374 0.073072 0.136613 0.129371 0.114316 0.095037 0.125976 0.120860 0.104307 0.111474 0.122397 0.054683 0.088262 0.161960 0.149012 0.150261 0.123813 0.120231 0.130116
9000.000427 7.097014 0.145009 0.157998 0.160732 0.139370 0.160597 0.130599 0.108706 0.108730 0.120799 0.170321 0.176868 0.055212 0.090158 0.099971 0.044548 0.011914 0.064491 0.135031 0.132247 0.107313 0.102887 0.122404 0.120414 0.112852 0.116834 0.128858 0.056791 0.088415 0.155604 0.152785 0.147655 0.121491 0.117850 0.127050
10000.000475 7.389463 0.145142 0.157088 0.157683 0.136058 0.155881 0.127106 0.104614 0.104677 0.119383 0.167988 0.172146 0.060979 0.093785 0.100826 0.040240 0.012157 0.066286 0.135491 0.132324 0.104167 0.100376 0.124602 0.116407 0.114145 0.114518 0.128323 0.060271 0.093614 0.151440 0.150016 0.148174 0.121901 0.119861 0.127639
11000.000522 13.056401 0.153925 0.164811 0.157078 0.135396 0.161234 0.132235 0.102469 0.106666 0.118238 0.175559 0.175238 0.073319 0.105975 0.111334 0.044162 0.016159 0.077048 0.146212 0.142407 0.111587 0.101145 0.134422 0.121716 0.122627 0.121831 0.137813 0.073438 0.103673 0.158121 0.149304 0.157266 0.129233 0.129485 0.135510
12000.000570 6.101401 0.151404 0.162475 0.157388 0.136742 0.163934 0.135768 0.108475 0.112167 0.118808 0.175386 0.176338 0.065030 0.099353 0.107969 0.051788 0.011047 0.074001 0.140319 0.134681 0.112659 0.095923 0.129180 0.120553 0.111896 0.114752 0.128509 0.062381 0.095251 0.161007 0.149511 0.153517 0.126855 0.124768 0.133154
13000.000617 3.601485 0.148833 0.160784 0.159434 0.137938 0.161046 0.132254 0.107973 0.109742 0.120904 0.172296 0.175797 0.062672 0.096106 0.103197 0.043207 0.008487 0.068785 0.138083 0.134714 0.107779 0.099949 0.126296 0.119205 0.115429 0.116463 0.130147 0.062351 0.095010 0.156798 0.151485 0.151467 0.125601 0.123110 0.131217
14000.000665 4.880704 0.152107 0.161174 0.153714 0.132209 0.159607 0.133746 0.103980 0.108319 0.115665 0.173213 0.171620 0.067010 0.101228 0.109664 0.051080 0.009880 0.076041 0.140070 0.132122 0.110679 0.093084 0.131901 0.116619 0.108947 0.110576 0.124893 0.061106 0.098726 0.158278 0.145575 0.154385 0.127941 0.126079 0.134080
15000.000712 2.792291 0.148255 0.160222 0.157989 0.136349 0.160288 0.131592 0.106236 0.108430 0.119327 0.171659 0.174665 0.062382 0.096055 0.103733 0.044612 0.007473 0.069506 0.138111 0.134199 0.108537 0.099355 0.126493 0.119304 0.114117 0.115738 0.129389 0.061681 0.094147 0.156259 0.150014 0.151010 0.124756 0.122331 0.130583
16000.000760 5.137505 0.148415 0.160005 0.158220 0.136837 0.161335 0.131677 0.105661 0.108146 0.118008 0.172506 0.176372 0.062621 0.097072 0.105990 0.046446 0.010137 0.070919 0.139545 0.135424 0.110355 0.100187 0.127518 0.121064 0.114361 0.117809 0.131345 0.063220 0.093134 0.157559 0.150178 0.150729 0.123874 0.121493 0.129630
17000.000807 7.794532 0.151586 0.163635 0.161719 0.139568 0.162597 0.134584 0.109025 0.111024 0.122853 0.175092 0.177474 0.064244 0.098608 0.106791 0.046356 0.012486 0.071408 0.140983 0.136399 0.110195 0.100183 0.130121 0.120885 0.115347 0.116114 0.129908 0.061016 0.096827 0.158724 0.153389 0.154127 0.127735 0.125389 0.133826
18000.000855 3.768816 0.148799 0.160508 0.157963 0.136741 0.160777 0.132131 0.106712 0.109293 0.119435 0.172211 0.175096 0.063573 0.097005 0.104157 0.043936 0.008682 0.069886 0.138487 0.134933 0.108282 0.099320 0.126566 0.119233 0.115416 0.116742 0.130620 0.063724 0.095171 0.156944 0.150032 0.151442 0.125570 0.123182 0.131054
19000.000902 5.458061 0.152051 0.163914 0.160425 0.138600 0.164521 0.135560 0.108802 0.111762 0.120725 0.176234 0.178290 0.064126 0.098848 0.107299 0.047964 0.010448 0.072201 0.141509 0.136953 0.111722 0.099744 0.129888 0.121688 0.115552 0.117716 0.131150 0.062344 0.096559 0.160836 0.151922 0.154788 0.127879 0.125684 0.133846
20000.000950 8.663887 0.152541 0.161860 0.157601 0.137755 0.160840 0.134267 0.107849 0.110967 0.120613 0.174322 0.175064 0.069132 0.102497 0.108457 0.045823 0.013164 0.074129 0.140390 0.135091 0.108295 0.096003 0.130320 0.116966 0.114870 0.114976 0.130739 0.067631 0.099632 0.159181 0.150499 0.153986 0.128820 0.126772 0.134203
21000.000997 3.255755 0.147114 0.159380 0.158492 0.137033 0.160824 0.132112 0.108043 0.110042 0.119557 0.171197 0.175162 0.060015 0.093906 0.102556 0.045803 0.008069 0.068166 0.136647 0.132784 0.108485 0.099061 0.125018 0.119629 0.112374 0.114852 0.127552 0.058862 0.092246 0.156412 0.150296 0.149763 0.124055 0.121041 0.129574
22000.001045 1.898005 0.149507 0.160533 0.154766 0.132528 0.159639 0.132542 0.104142 0.107859 0.116249 0.171891 0.171895 0.062765 0.096843 0.105793 0.049001 0.006161 0.072200 0.138222 0.132211 0.109995 0.096224 0.128479 0.118466 0.110256 0.112400 0.125642 0.058789 0.095667 0.156653 0.146148 0.152597 0.126060 0.123669 0.132314
23000.001092 5.836206 0.156194 0.164928 0.154365 0.133109 0.163448 0.138137 0.105932 0.111866 0.116312 0.177792 0.173810 0.069626 0.104752 0.113697 0.055611 0.010804 0.079967 0.143500 0.134449 0.114824 0.091614 0.135313 0.118785 0.109452 0.111577 0.126179 0.062982 0.101332 0.162839 0.146059 0.158597 0.131465 0.130098 0.138149
24000.001140 3.735739 0.151909 0.163174 0.158475 0.136532 0.163429 0.135454 0.107764 0.110937 0.118959 0.175493 0.176375 0.063284 0.098514 0.108121 0.050981 0.008644 0.073426 0.140495 0.133940 0.112031 0.096626 0.130574 0.120074 0.110747 0.113638 0.126880 0.058680 0.095980 0.160277 0.150010 0.154639 0.127510 0.125299 0.133846
25000.001187 7.570544 0.145767 0.159754 0.161404 0.138351 0.160946 0.130330 0.107279 0.107630 0.120427 0.170874 0.176905 0.055965 0.090839 0.101442 0.045322 0.012305 0.065897 0.137293 0.134311 0.109332 0.104068 0.124843 0.122618 0.113943 0.117683 0.129211 0.055712 0.089679 0.154972 0.152641 0.149284 0.121934 0.118889 0.128056
26000.001235 1.602574 0.148947 0.160315 0.157268 0.135627 0.160108 0.132091 0.106095 0.108389 0.118561 0.171943 0.174005 0.062019 0.096100 0.104472 0.046425 0.005661 0.070260 0.137774 0.132711 0.108480 0.097757 0.127238 0.118329 0.111836 0.113773 0.127361 0.059814 0.094718 0.156603 0.149146 0.151694 0.125335 0.122895 0.131345
27000.001282 6.220908 0.150466 0.162068 0.159745 0.138084 0.161157 0.132802 0.107765 0.109631 0.121070 0.173662 0.175966 0.064693 0.098495 0.105664 0.044506 0.011154 0.070920 0.139885 0.135479 0.108574 0.099089 0.128948 0.118817 0.115316 0.115815 0.129816 0.062343 0.097101 0.157319 0.151747 0.153276 0.126738 0.124999 0.132665
28000.001330 5.784610 0.153339 0.164553 0.157039 0.134644 0.161638 0.133842 0.104047 0.108434 0.118203 0.175281 0.174488 0.069326 0.102909 0.110185 0.046951 0.010756 0.075866 0.144204 0.138809 0.112182 0.098618 0.133483 0.121055 0.117288 0.117406 0.131962 0.066308 0.101116 0.158527 0.148557 0.156714 0.129235 0.128365 0.135504
29000.001377 3.665146 0.153543 0.164835 0.157353 0.135593 0.163424 0.135296 0.105435 0.110113 0.118540 0.176496 0.175931 0.068042 0.102175 0.110244 0.048910 0.008562 0.075696 0.143791 0.138477 0.113321 0.098127 0.132592 0.122199 0.116186 0.117663 0.132239 0.065812 0.099390 0.160430 0.149072 0.156450 0.129044 0.127644 0.135501
30000.001425 6.190005 0.153513 0.163555 0.154441 0.132721 0.164644 0.138306 0.107319 0.113192 0.115336 0.176026 0.174205 0.064965 0.100165 0.110909 0.056702 0.011127 0.077507 0.140870 0.131941 0.115291 0.092824 0.132315 0.120096 0.106307 0.110744 0.123146 0.058318 0.096536 0.162827 0.145591 0.155835 0.129353 0.126396 0.135403
31000.001472 3.831994 0.147866 0.159906 0.159257 0.137682 0.159743 0.131423 0.108079 0.109214 0.121017 0.171136 0.174608 0.060929 0.094423 0.101951 0.043780 0.008754 0.067636 0.136473 0.132726 0.106541 0.099420 0.125532 0.118198 0.113312 0.114321 0.127832 0.059446 0.094509 0.155380 0.151234 0.150718 0.124990 0.122307 0.130721
32000.001520 7.533881 0.148961 0.161265 0.160598 0.139854 0.162421 0.132781 0.108639 0.110642 0.121998 0.173379 0.177985 0.064125 0.097149 0.103677 0.042962 0.012275 0.069133 0.139136 0.137252 0.108482 0.102073 0.125642 0.121134 0.118896 0.120204 0.134571 0.066905 0.094793 0.158055 0.153056 0.151394 0.125615 0.123236 0.131100
33000.001567 2.997545 0.149907 0.162102 0.156786 0.134316 0.162750 0.133993 0.105638 0.109353 0.116931 0.173821 0.175029 0.061829 0.096653 0.107047 0.051384 0.007743 0.072871 0.139992 0.134008 0.113068 0.097366 0.129143 0.121645 0.110650 0.114410 0.126965 0.058151 0.093779 0.158801 0.148045 0.153063 0.125548 0.123237 0.132060
34000.001615 7.216325 0.148800 0.161272 0.158045 0.135992 0.163975 0.135224 0.108683 0.111686 0.117751 0.173592 0.176513 0.058269 0.093889 0.105762 0.053629 0.012014 0.071557 0.137861 0.131224 0.113145 0.096834 0.126961 0.121357 0.107128 0.112625 0.123773 0.053570 0.090053 0.159633 0.149341 0.151496 0.124447 0.121225 0.130792
35000.001662 6.417477 0.146995 0.159655 0.160746 0.138778 0.160273 0.130665 0.107570 0.108076 0.121024 0.171393 0.176374 0.059122 0.093584 0.102067 0.043032 0.011329 0.066567 0.137289 0.134153 0.107305 0.102042 0.125353 0.119740 0.114809 0.116860 0.129711 0.058807 0.092351 0.155512 0.152554 0.149904 0.123340 0.120636 0.129059
36000.001710 3.340626 0.152001 0.162928 0.157043 0.135439 0.161675 0.133982 0.105680 0.109655 0.118591 0.174404 0.174719 0.067041 0.100864 0.108428 0.047191 0.008174 0.074009 0.141621 0.136315 0.110955 0.097522 0.131145 0.120001 0.114771 0.115862 0.130328 0.064681 0.098603 0.158789 0.148919 0.154697 0.128155 0.126306 0.133969
37000.001757 11.805207 0.144863 0.157143 0.162410 0.142411 0.159844 0.129805 0.110941 0.109869 0.123961 0.169907 0.177614 0.058625 0.091746 0.098663 0.040551 0.015366 0.063256 0.134425 0.133582 0.104513 0.103616 0.121191 0.119161 0.116695 0.118655 0.132214 0.062290 0.090445 0.155031 0.155504 0.146843 0.121720 0.118549 0.126838
38000.001805 4.115954 0.150181 0.160360 0.154290 0.132631 0.160993 0.134510 0.106016 0.110053 0.115591 0.172607 0.172410 0.062644 0.097312 0.107266 0.053098 0.009073 0.073828 0.137659 0.129781 0.111233 0.093311 0.129291 0.117578 0.105730 0.109140 0.121825 0.055981 0.094648 0.158746 0.145821 0.152466 0.126341 0.123486 0.132395
39000.001852 8.331182 0.146989 0.158625 0.157626 0.135814 0.157601 0.128965 0.105984 0.106219 0.119232 0.169617 0.172550 0.062335 0.095132 0.102280 0.044187 0.012908 0.068572 0.136610 0.132287 0.105838 0.098823 0.126714 0.116543 0.112813 0.113050 0.126521 0.059058 0.095735 0.153296 0.149726 0.150279 0.123680 0.122122 0.129742
40000.001900 3.871849 0.152860 0.163050 0.154687 0.132670 0.161094 0.134774 0.103771 0.108838 0.116499 0.174723 0.172734 0.066909 0.101267 0.109965 0.051239 0.008800 0.076097 0.141617 0.134670 0.112443 0.095397 0.132300 0.119543 0.111676 0.113471 0.127840 0.062510 0.099089 0.159247 0.146219 0.155789 0.128861 0.126994 0.135303
41000.001947 15.172430 0.142419 0.155950 0.158234 0.135574 0.155041 0.125916 0.105609 0.104034 0.119661 0.165844 0.170951 0.056085 0.088833 0.097375 0.042978 0.017420 0.063464 0.133282 0.130233 0.104078 0.102431 0.122773 0.117156 0.111838 0.112571 0.124059 0.052723 0.090852 0.149149 0.149954 0.146366 0.119886 0.117361 0.125922
42000.001995 8.665763 0.146412 0.158315 0.159780 0.138873 0.160840 0.132056 0.109716 0.109935 0.120689 0.171200 0.176137 0.056122 0.091358 0.101383 0.047645 0.013165 0.066221 0.134633 0.130346 0.107540 0.099844 0.123587 0.118900 0.109523 0.113409 0.125582 0.054463 0.089437 0.156740 0.151992 0.148436 0.122570 0.118933 0.128494
43000.002042 9.106331 0.154894 0.165276 0.155461 0.134099 0.161995 0.134477 0.103369 0.108738 0.117498 0.176625 0.174140 0.072829 0.106136 0.112372 0.048121 0.013495 0.078370 0.145995 0.140677 0.113266 0.097674 0.134951 0.121313 0.119067 0.118703 0.134353 0.070702 0.103453 0.159750 0.147526 0.158053 0.130342 0.130287 0.136790
44000.002090 11.078878 0.158690 0.167023 0.154411 0.135207 0.166186 0.140934 0.107993 0.114923 0.117650 0.180524 0.175704 0.073898 0.108474 0.116668 0.057288 0.014885 0.083087 0.146180 0.137256 0.117170 0.091213 0.136729 0.120418 0.112068 0.114269 0.130168 0.069908 0.102620 0.166498 0.147307 0.160166 0.133374 0.132012 0.139875
45000.002137 9.918220 0.156923 0.166022 0.152547 0.132324 0.163789 0.138968 0.105565 0.112802 0.116355 0.178487 0.172606 0.073108 0.107021 0.114630 0.056063 0.014084 0.081621 0.145370 0.137241 0.116468 0.091951 0.136029 0.120408 0.112715 0.113644 0.128965 0.067991 0.102939 0.163691 0.144888 0.159462 0.132515 0.131486 0.139119
46000.002185 7.280341 0.147066 0.158863 0.159738 0.139004 0.160568 0.131798 0.109598 0.110369 0.121398 0.170978 0.175794 0.059832 0.093443 0.101635 0.045551 0.012067 0.067097 0.135479 0.132124 0.106899 0.099780 0.124216 0.119033 0.112465 0.114921 0.128276 0.059832 0.092317 0.156351 0.152155 0.149228 0.123934 0.120610 0.129413
47000.002232 8.817889 0.152896 0.163671 0.156973 0.136124 0.161791 0.133502 0.105059 0.109052 0.119213 0.175335 0.175206 0.070414 0.103392 0.109309 0.046379 0.013280 0.075267 0.143240 0.139317 0.111066 0.098912 0.131834 0.120900 0.118954 0.119087 0.134875 0.070276 0.100989 0.158989 0.149490 0.155658 0.128682 0.127793 0.134881
48000.002280 4.277573 0.148843 0.160189 0.156894 0.135725 0.161232 0.132228 0.105657 0.108598 0.117413 0.172475 0.175314 0.062897 0.097175 0.105686 0.046793 0.009249 0.071347 0.138960 0.134362 0.110125 0.098486 0.126966 0.119873 0.113379 0.116541 0.130041 0.063093 0.093557 0.157587 0.148957 0.151234 0.124545 0.122259 0.130441
49000.002327 10.140298 0.143665 0.156692 0.160780 0.139702 0.157962 0.127619 0.107508 0.107126 0.121700 0.168228 0.175722 0.059190 0.091680 0.098216 0.037883 0.014241 0.063387 0.134782 0.134228 0.104185 0.104305 0.121016 0.119034 0.117983 0.119348 0.132756 0.063257 0.090735 0.152422 0.153313 0.146485 0.120830 0.118202 0.126023
50000.002375 7.605816 0.145928 0.159594 0.160471 0.137561 0.159768 0.129967 0.106314 0.107386 0.120616 0.170279 0.175584 0.058242 0.092096 0.100650 0.041909 0.012334 0.065684 0.136918 0.134595 0.107376 0.104041 0.124424 0.120860 0.116150 0.118117 0.130495 0.059197 0.092122 0.154219 0.151730 0.149618 0.123293 0.120177 0.128777
51000.002422 3.892546 0.153489 0.162472 0.154676 0.134030 0.160937 0.135188 0.105903 0.110399 0.117616 0.174716 0.172797 0.068679 0.102471 0.109893 0.050554 0.008823 0.076432 0.140705 0.133457 0.110594 0.093062 0.132020 0.117037 0.111036 0.111889 0.127184 0.064290 0.100463 0.159788 0.146952 0.155613 0.129678 0.127877 0.135700
52000.002470 3.453894 0.147795 0.160105 0.159084 0.137503 0.161611 0.132926 0.108300 0.110251 0.119873 0.171942 0.175941 0.059435 0.093839 0.102981 0.046598 0.008311 0.068572 0.137021 0.132689 0.109072 0.099635 0.125343 0.119932 0.111982 0.114956 0.127538 0.058468 0.091911 0.157335 0.150862 0.150387 0.124546 0.121230 0.130166
53000.002517 3.002770 0.147917 0.159820 0.155708 0.133329 0.160169 0.132198 0.105290 0.108472 0.116787 0.170969 0.172772 0.060465 0.094601 0.103949 0.048069 0.007750 0.070230 0.137144 0.131694 0.109760 0.097353 0.126709 0.119029 0.110105 0.112938 0.125212 0.057092 0.093249 0.156277 0.147045 0.151047 0.124802 0.121798 0.130514
54000.002565 14.407989 0.148868 0.159814 0.158578 0.138076 0.159224 0.129879 0.105506 0.107186 0.119841 0.171778 0.175598 0.067465 0.099855 0.105197 0.040912 0.016975 0.070837 0.139657 0.137032 0.106577 0.101411 0.127189 0.118225 0.119528 0.119854 0.135074 0.069794 0.097425 0.155714 0.151295 0.151260 0.124971 0.123720 0.130339
55000.002612 5.717620 0.152582 0.164148 0.160865 0.139121 0.163143 0.135338 0.108985 0.111876 0.122555 0.175536 0.177313 0.066073 0.099872 0.107030 0.045401 0.010694 0.072070 0.141434 0.137276 0.110125 0.100102 0.130344 0.120951 0.116857 0.117198 0.131548 0.064246 0.098435 0.159708 0.152643 0.154920 0.129102 0.126548 0.134814
56000.002660 19.071248 0.161692 0.166300 0.147223 0.126852 0.160391 0.139668 0.100208 0.110684 0.112649 0.178766 0.167818 0.080944 0.114724 0.121973 0.059574 0.019530 0.089246 0.150404 0.139468 0.119638 0.089432 0.143693 0.120179 0.113734 0.113326 0.130250 0.073700 0.111312 0.163643 0.139636 0.164353 0.137273 0.137605 0.144111
57000.002707 4.182097 0.149104 0.161964 0.161474 0.139804 0.164085 0.134814 0.110443 0.112545 0.121975 0.174118 0.178659 0.060085 0.094799 0.103970 0.047280 0.009146 0.069045 0.138734 0.135065 0.110858 0.100834 0.126136 0.122252 0.114085 0.117115 0.129742 0.059695 0.092219 0.159335 0.153128 0.151587 0.125593 0.122362 0.131345
58000.002755 3.870494 0.153621 0.164149 0.155695 0.134271 0.164289 0.137191 0.106969 0.112029 0.117292 0.176569 0.175108 0.065308 0.100341 0.109578 0.052568 0.008798 0.075840 0.141402 0.134353 0.113624 0.095079 0.131286 0.120157 0.111024 0.114194 0.127713 0.061837 0.097662 0.162132 0.147358 0.156391 0.129601 0.127140 0.135773
59000.002802 7.464185 0.151385 0.162778 0.160195 0.139820 0.164434 0.136054 0.109724 0.112876 0.121485 0.175868 0.178727 0.064153 0.098745 0.107257 0.049196 0.012218 0.072214 0.140284 0.136088 0.111634 0.099230 0.128008 0.121898 0.114713 0.117807 0.132061 0.064556 0.094358 0.161410 0.152516 0.153059 0.127112 0.124149 0.133021
60000.002850 9.102381 0.150428 0.162006 0.159273 0.137985 0.160158 0.130658 0.105156 0.107139 0.120488 0.173295 0.175951 0.068317 0.100918 0.106464 0.041581 0.013493 0.071873 0.141643 0.138897 0.108064 0.101418 0.129591 0.119837 0.120372 0.120004 0.135564 0.069413 0.099292 0.156214 0.151757 0.153451 0.126284 0.125628 0.132285
61000.002897 10.540202 0.147751 0.160012 0.160743 0.139837 0.163846 0.134523 0.110666 0.112043 0.120613 0.173344 0.178663 0.056382 0.092122 0.103281 0.050771 0.014519 0.068063 0.136317 0.132006 0.110609 0.101082 0.124339 0.121859 0.110311 0.116023 0.127897 0.056699 0.088811 0.159771 0.152667 0.149755 0.123700 0.119586 0.129497
62000.002945 7.181824 0.145518 0.157670 0.155957 0.133147 0.157735 0.130034 0.105295 0.107066 0.116984 0.168402 0.171273 0.057214 0.091324 0.101324 0.047446 0.011985 0.067483 0.134353 0.129075 0.107317 0.098382 0.124912 0.117816 0.107963 0.110883 0.122403 0.052719 0.091800 0.153295 0.147005 0.148838 0.123071 0.119579 0.128727
63000.002992 4.849722 0.150237 0.161701 0.159189 0.137207 0.160406 0.131845 0.106507 0.108263 0.120497 0.172790 0.175151 0.064550 0.098027 0.104878 0.043091 0.009849 0.070416 0.139487 0.135373 0.107600 0.099864 0.128760 0.118545 0.116012 0.116305 0.130562 0.063326 0.097939 0.156590 0.151039 0.153244 0.126871 0.124877 0.132597
64000.003040 9.240492 0.153724 0.163633 0.156429 0.135901 0.164592 0.136600 0.106487 0.111307 0.117184 0.176985 0.176845 0.068261 0.103145 0.112018 0.052936 0.013594 0.077632 0.143334 0.136512 0.114614 0.096163 0.132590 0.121147 0.112891 0.116491 0.130918 0.066374 0.097369 0.162936 0.148710 0.155514 0.128410 0.126477 0.134508
65000.003087 5.745155 0.152631 0.164005 0.158118 0.137264 0.166246 0.137804 0.108966 0.113454 0.118995 0.177182 0.178183 0.064139 0.099502 0.109433 0.053280 0.010719 0.074963 0.141538 0.135342 0.114678 0.096606 0.129978 0.122280 0.111735 0.116059 0.129494 0.062316 0.094517 0.163401 0.150036 0.154672 0.127965 0.125104 0.134057
66000.003135 7.227879 0.147844 0.160122 0.159503 0.138127 0.160135 0.130580 0.107032 0.108346 0.120939 0.171406 0.175596 0.063876 0.096306 0.102284 0.041160 0.012023 0.068225 0.138134 0.136038 0.106717 0.101793 0.125596 0.119266 0.118243 0.118510 0.132642 0.065328 0.095630 0.155546 0.151745 0.150799 0.124784 0.122835 0.130292
67000.003182 4.559716 0.153823 0.163419 0.153622 0.131881 0.160819 0.134607 0.102629 0.108447 0.115624 0.174849 0.172182 0.070098 0.104021 0.112015 0.050731 0.009550 0.078123 0.143556 0.136409 0.113237 0.095012 0.134366 0.119880 0.113217 0.114410 0.129363 0.065991 0.101093 0.159376 0.145418 0.156552 0.129598 0.128220 0.135795
68000.003230 10.673411 0.154232 0.163103 0.153481 0.130874 0.158526 0.132219 0.100357 0.105216 0.114919 0.174015 0.170873 0.072818 0.106323 0.113505 0.049520 0.014611 0.079758 0.145236 0.137607 0.112356 0.095057 0.136880 0.118250 0.115057 0.114431 0.129675 0.066982 0.104512 0.157066 0.145008 0.157509 0.129577 0.129802 0.136144
69000.003277 6.438402 0.147252 0.159408 0.160326 0.139717 0.161352 0.131595 0.108621 0.109944 0.121020 0.171908 0.177537 0.061927 0.095494 0.103205 0.044031 0.011348 0.068296 0.137951 0.135528 0.108476 0.101296 0.124663 0.120881 0.116168 0.118690 0.132404 0.064139 0.092023 0.156888 0.152836 0.149338 0.123308 0.120816 0.128931
70000.003325 6.556449 0.147279 0.159996 0.159303 0.137020 0.158429 0.129313 0.105532 0.106723 0.120619 0.170147 0.174118 0.063210 0.095674 0.102245 0.040242 0.011451 0.067877 0.138188 0.135658 0.106401 0.102086 0.126401 0.119286 0.117464 0.117372 0.131245 0.063269 0.095706 0.153426 0.151201 0.150665 0.124401 0.122437 0.130071
71000.003372 5.866880 0.148466 0.160012 0.158573 0.136998 0.159875 0.130985 0.105676 0.107195 0.119023 0.172054 0.175270 0.062415 0.096747 0.105390 0.045729 0.010832 0.070238 0.138893 0.134243 0.108793 0.099437 0.127828 0.119185 0.113356 0.115543 0.129227 0.060694 0.093832 0.156200 0.150693 0.150977 0.123864 0.121883 0.130011
72000.003420 8.186728 0.157323 0.165653 0.152927 0.132259 0.164218 0.139128 0.105334 0.112521 0.115209 0.178566 0.173492 0.072114 0.106900 0.115558 0.056255 0.012796 0.081950 0.145469 0.136368 0.116676 0.091772 0.136621 0.119993 0.111151 0.113389 0.128149 0.066579 0.102207 0.164410 0.144852 0.159443 0.132351 0.130954 0.138712
73000.003467 6.167009 0.148639 0.161351 0.162264 0.140546 0.162340 0.132223 0.108716 0.109709 0.122468 0.173320 0.178661 0.061240 0.095413 0.103231 0.042724 0.011106 0.067732 0.138987 0.136568 0.108480 0.103126 0.125985 0.121422 0.117581 0.119593 0.133211 0.062867 0.093505 0.157529 0.154247 0.151296 0.124764 0.122178 0.130509
74000.003515 11.911602 0.144972 0.157980 0.162956 0.142355 0.160611 0.129885 0.109887 0.109669 0.123756 0.170388 0.178743 0.060053 0.092816 0.099105 0.039592 0.015435 0.064150 0.135953 0.136220 0.105766 0.105643 0.121116 0.121130 0.120063 0.121925 0.135761 0.066167 0.090751 0.155244 0.155676 0.147333 0.122035 0.119147 0.127204
75000.003562 6.970185 0.148004 0.160390 0.159719 0.137811 0.159349 0.129813 0.105953 0.107147 0.120904 0.171161 0.175218 0.063783 0.096431 0.102453 0.039691 0.011807 0.067965 0.138446 0.136261 0.106191 0.102440 0.126324 0.119108 0.118660 0.118696 0.132999 0.065188 0.096382 0.154640 0.151769 0.151283 0.124961 0.123078 0.130515
76000.003610 4.185795 0.150241 0.161583 0.158239 0.137256 0.162755 0.134249 0.107311 0.110274 0.119142 0.174418 0.176580 0.063056 0.097827 0.106507 0.048755 0.009150 0.071874 0.139579 0.134814 0.111061 0.098187 0.127785 0.120439 0.113231 0.116203 0.130007 0.062319 0.093906 0.159671 0.150327 0.152414 0.125766 0.123319 0.132003
77000.003657 5.637458 0.147387 0.160100 0.158952 0.136975 0.162292 0.133028 0.108119 0.109981 0.118501 0.172234 0.176323 0.058190 0.093217 0.104109 0.050163 0.010618 0.069513 0.137616 0.132551 0.111276 0.099158 0.126059 0.121400 0.110002 0.114278 0.125770 0.055189 0.090117 0.157598 0.150411 0.150113 0.123154 0.120294 0.129451
78000.003705 9.035885 0.151112 0.162664 0.160531 0.140316 0.165073 0.135654 0.109566 0.112326 0.120843 0.176081 0.179868 0.064366 0.099029 0.108002 0.050315 0.013443 0.073015 0.141193 0.137029 0.112886 0.099878 0.128131 0.123034 0.115178 0.119169 0.133251 0.065684 0.093316 0.161673 0.153028 0.152732 0.125932 0.123507 0.132212
79000.003752 4.595498 0.151968 0.163755 0.157862 0.136611 0.164237 0.135322 0.106352 0.110680 0.118485 0.176034 0.177308 0.065724 0.100323 0.109217 0.049325 0.009587 0.074544 0.142614 0.137543 0.113484 0.098752 0.130285 0.122557 0.115252 0.118316 0.132301 0.065340 0.095851 0.160863 0.149852 0.154564 0.127370 0.125367 0.133525
80000.003800 6.424138 0.146287 0.158743 0.159239 0.138365 0.160896 0.131939 0.108736 0.110385 0.120570 0.170701 0.176137 0.059274 0.092932 0.101354 0.044402 0.011335 0.067032 0.135697 0.132727 0.107659 0.100498 0.122844 0.119783 0.113596 0.116586 0.129427 0.061025 0.090574 0.156278 0.151545 0.148660 0.123477 0.119910 0.128718
81000.003847 4.259419 0.150640 0.162238 0.158183 0.135821 0.161096 0.133395 0.106263 0.109173 0.119188 0.173370 0.174621 0.064161 0.098327 0.106900 0.047513 0.009230 0.072380 0.140313 0.134685 0.110374 0.097919 0.130120 0.119699 0.112872 0.114051 0.127436 0.059896 0.096611 0.157562 0.149625 0.153455 0.126892 0.124694 0.132905
82000.003895 4.842351 0.149754 0.161561 0.156723 0.134186 0.162427 0.134383 0.106181 0.109780 0.116452 0.173489 0.174690 0.060946 0.096148 0.107074 0.052630 0.009841 0.072904 0.139238 0.132368 0.112796 0.096921 0.129287 0.120690 0.108406 0.112438 0.124252 0.055371 0.093262 0.158846 0.147706 0.152710 0.125526 0.122923 0.131885
83000.003942 5.463296 0.150185 0.162051 0.158888 0.136861 0.161223 0.131900 0.106264 0.108496 0.119694 0.173275 0.175575 0.065813 0.099020 0.105896 0.044500 0.010453 0.071541 0.140911 0.137035 0.109449 0.099894 0.129582 0.120098 0.116919 0.117416 0.131468 0.064144 0.097866 0.157039 0.150672 0.153368 0.126318 0.125037 0.132206
84000.003990 11.091591 0.143479 0.156857 0.160819 0.139549 0.159173 0.128332 0.107912 0.106969 0.121088 0.168924 0.176190 0.056261 0.089983 0.098407 0.043144 0.014894 0.063602 0.134672 0.133472 0.106415 0.104186 0.121006 0.120480 0.115526 0.118580 0.131075 0.059565 0.088347 0.153597 0.153256 0.146485 0.119718 0.117057 0.125779
85000.004037 6.605431 0.151239 0.161958 0.155316 0.133566 0.159894 0.132740 0.103797 0.108193 0.117290 0.172762 0.172830 0.067352 0.100701 0.108408 0.046707 0.011494 0.074372 0.141060 0.135577 0.110426 0.097261 0.130820 0.119541 0.114401 0.115572 0.129998 0.065253 0.098712 0.156996 0.147252 0.154073 0.127786 0.125747 0.133490
86000.004085 3.440451 0.150940 0.163110 0.158188 0.135815 0.163767 0.135641 0.106860 0.111090 0.118515 0.174975 0.176328 0.061911 0.097247 0.107375 0.050405 0.008295 0.072599 0.140564 0.135134 0.113098 0.098980 0.129285 0.122478 0.112367 0.115950 0.128623 0.059682 0.094198 0.160235 0.149233 0.153731 0.127197 0.123982 0.133194
87000.004132 3.367669 0.151289 0.162492 0.156391 0.134661 0.160473 0.132547 0.103984 0.107768 0.118044 0.173567 0.173750 0.067462 0.100704 0.107629 0.045742 0.008207 0.073661 0.141664 0.137152 0.110309 0.098653 0.130538 0.120051 0.116562 0.116967 0.131763 0.066201 0.098926 0.157389 0.148306 0.154347 0.127464 0.126113 0.133668
88000.004180 7.673945 0.144799 0.157715 0.161977 0.141089 0.160067 0.130734 0.110883 0.110193 0.123328 0.169781 0.176769 0.056127 0.090116 0.098392 0.042401 0.012389 0.063180 0.134190 0.132217 0.105621 0.102832 0.121558 0.119485 0.113933 0.116141 0.128492 0.057138 0.089253 0.154982 0.154424 0.147105 0.122006 0.118255 0.127363
89000.004227 8.283157 0.145829 0.158455 0.160621 0.139188 0.158754 0.128498 0.107092 0.106724 0.121331 0.169926 0.175741 0.060625 0.093666 0.100575 0.040079 0.012871 0.065634 0.136615 0.134661 0.105309 0.102726 0.124045 0.118785 0.117043 0.118024 0.131678 0.062169 0.093101 0.153577 0.152966 0.148828 0.122212 0.120303 0.127955
90000.004275 8.770688 0.150554 0.162110 0.160078 0.139469 0.164039 0.134057 0.108373 0.110987 0.120088 0.175137 0.179134 0.065046 0.099327 0.107849 0.048093 0.013244 0.072666 0.141372 0.137346 0.111847 0.100166 0.128777 0.122327 0.116015 0.119489 0.133601 0.066183 0.094566 0.160287 0.152497 0.152605 0.125643 0.123640 0.131408
91000.004322 8.326204 0.150443 0.162366 0.161425 0.140086 0.162611 0.132916 0.108801 0.110110 0.121842 0.174626 0.178261 0.064984 0.098847 0.106035 0.044922 0.012904 0.070955 0.140969 0.137455 0.109543 0.100762 0.128816 0.120623 0.117434 0.118449 0.132524 0.064268 0.096482 0.158327 0.153543 0.153056 0.125974 0.124691 0.132095
92000.004370 12.427072 0.147546 0.158431 0.159156 0.139178 0.158919 0.130164 0.108278 0.108695 0.121189 0.170639 0.175344 0.064093 0.096775 0.102864 0.041725 0.015765 0.068495 0.136773 0.133300 0.104965 0.099658 0.125446 0.116314 0.115332 0.116030 0.130419 0.064619 0.095285 0.155263 0.152222 0.149670 0.124268 0.122154 0.129280
93000.004417 2.819373 0.152006 0.162545 0.154256 0.131484 0.160504 0.133703 0.102922 0.108054 0.115394 0.173594 0.172025 0.066364 0.100639 0.109436 0.049772 0.007509 0.075533 0.141704 0.134831 0.112349 0.096001 0.132445 0.119719 0.111914 0.113675 0.127229 0.061417 0.099028 0.158021 0.145307 0.155323 0.128321 0.126460 0.134429
94000.004465 11.103829 0.149314 0.161329 0.158811 0.138072 0.162374 0.132710 0.107453 0.110339 0.120255 0.173247 0.176977 0.065880 0.098480 0.104455 0.043506 0.014902 0.070599 0.139851 0.137897 0.109131 0.102099 0.126237 0.121246 0.119674 0.120925 0.135176 0.068932 0.096084 0.158176 0.151084 0.151859 0.126160 0.123976 0.131407
95000.004512 14.756016 0.146039 0.159919 0.163430 0.141367 0.159787 0.129627 0.108695 0.108558 0.124655 0.170527 0.177283 0.061939 0.093776 0.099339 0.038310 0.017179 0.064653 0.137449 0.137771 0.105561 0.106672 0.123579 0.121277 0.121925 0.121455 0.135206 0.065130 0.093981 0.153929 0.155514 0.149353 0.123670 0.121243 0.129122
96000.004560 6.193852 0.149461 0.161278 0.160863 0.139688 0.162569 0.133114 0.108417 0.110333 0.121370 0.173739 0.178276 0.062420 0.096795 0.104836 0.044372 0.011130 0.069356 0.139227 0.136150 0.109222 0.101544 0.126712 0.121235 0.116418 0.119084 0.133001 0.064171 0.093835 0.158588 0.153029 0.151586 0.125425 0.122531 0.131015
97000.004607 5.645572 0.148861 0.159748 0.157126 0.135703 0.159875 0.131719 0.106702 0.108507 0.118125 0.171795 0.174011 0.062376 0.096468 0.104991 0.047051 0.010626 0.070624 0.137613 0.131911 0.108073 0.096678 0.127862 0.117204 0.110617 0.112619 0.125839 0.058497 0.095199 0.156373 0.149063 0.151499 0.124988 0.122964 0.130846
98000.004655 5.383363 0.146444 0.157904 0.156742 0.135238 0.158257 0.131067 0.107369 0.108534 0.118877 0.169300 0.172126 0.058552 0.092416 0.101143 0.046961 0.010376 0.067427 0.134025 0.128812 0.106316 0.097120 0.124430 0.116413 0.108098 0.110059 0.122524 0.054265 0.092060 0.154505 0.148675 0.148918 0.123591 0.120250 0.129401
99000.004702 12.472462 0.151760 0.162378 0.155447 0.134713 0.165707 0.137960 0.109254 0.113917 0.116122 0.175994 0.175927 0.063318 0.098465 0.109316 0.057854 0.015794 0.076135 0.139457 0.131480 0.115183 0.093160 0.129556 0.120199 0.106305 0.111660 0.123709 0.058095 0.093454 0.163207 0.147117 0.153798 0.126901 0.124213 0.133262
100000.004750 7.108583 0.147462 0.159870 0.156821 0.134151 0.162189 0.133539 0.106738 0.109436 0.116179 0.171991 0.174678 0.056446 0.092202 0.104532 0.053479 0.011924 0.070379 0.136557 0.129941 0.112198 0.097441 0.126362 0.120746 0.105893 0.111570 0.122269 0.050931 0.089361 0.157950 0.147775 0.150414 0.123230 0.119871 0.129686
101000.004797 4.310937 0.149214 0.160221 0.157328 0.135511 0.160593 0.132461 0.106569 0.108691 0.118006 0.172095 0.174344 0.061734 0.096195 0.105115 0.047783 0.009285 0.070834 0.137940 0.132094 0.108929 0.097488 0.128127 0.118097 0.110485 0.112982 0.125956 0.058256 0.094810 0.157231 0.148985 0.151797 0.125446 0.122818 0.131206
102000.004845 4.008640 0.153898 0.164660 0.155804 0.133318 0.162986 0.135566 0.104520 0.109500 0.116592 0.176387 0.174351 0.067460 0.102135 0.111179 0.051732 0.008954 0.077012 0.143663 0.136580 0.114247 0.095794 0.133835 0.120953 0.112894 0.114772 0.128522 0.062128 0.099668 0.160474 0.147035 0.157180 0.129222 0.128059 0.135942
103000.004892 3.414100 0.149719 0.161089 0.158864 0.137939 0.161921 0.133457 0.107610 0.110183 0.120096 0.173417 0.176413 0.063245 0.097490 0.105565 0.046492 0.008263 0.070835 0.139029 0.134823 0.109593 0.099119 0.127403 0.120171 0.114107 0.116463 0.130607 0.063325 0.094395 0.158625 0.151080 0.151786 0.125853 0.123035 0.131586
104000.004940 8.345474 0.154232 0.165870 0.157610 0.137176 0.167478 0.138649 0.108954 0.114233 0.118851 0.178931 0.178557 0.067247 0.102065 0.111262 0.054000 0.012919 0.077102 0.144035 0.138254 0.116426 0.096757 0.131552 0.123841 0.114576 0.118270 0.132151 0.066172 0.096992 0.164331 0.149672 0.156653 0.129277 0.127483 0.135767
105000.004987 4.340518 0.148935 0.161073 0.159738 0.138042 0.160962 0.131822 0.106492 0.108383 0.120531 0.172718 0.176280 0.062784 0.096712 0.104512 0.043857 0.009317 0.069486 0.139235 0.135907 0.108639 0.101267 0.127246 0.120447 0.116228 0.117822 0.131870 0.063291 0.094696 0.156938 0.151729 0.151639 0.125162 0.122743 0.130992
106000.005035 2.271296 0.150532 0.161477 0.155040 0.132567 0.159979 0.133313 0.104888 0.108669 0.116928 0.172320 0.171793 0.063772 0.097741 0.106377 0.049299 0.006740 0.073080 0.138791 0.132110 0.110165 0.095526 0.129773 0.118002 0.109881 0.111347 0.124574 0.058476 0.097240 0.156995 0.146408 0.153795 0.127462 0.125080 0.133520
107000.005082 4.809891 0.151583 0.162693 0.158820 0.137510 0.163280 0.135140 0.108493 0.111487 0.119563 0.175129 0.176741 0.064435 0.099037 0.107838 0.049464 0.009808 0.073196 0.140542 0.134638 0.111339 0.096983 0.129990 0.119947 0.112252 0.114559 0.128079 0.060942 0.096150 0.160056 0.150635 0.153901 0.127281 0.125159 0.133301
108000.005130 7.458343 0.153205 0.162974 0.154614 0.131649 0.161461 0.136173 0.105557 0.110643 0.115959 0.174405 0.172002 0.065463 0.100241 0.110332 0.054532 0.012213 0.076750 0.140394 0.131400 0.112929 0.092949 0.133273 0.118345 0.106553 0.108805 0.121467 0.055905 0.098907 0.159556 0.145289 0.155911 0.129565 0.127032 0.135766
109000.005177 14.228009 0.148296 0.159747 0.161620 0.141524 0.160508 0.130931 0.108903 0.109797 0.123383 0.172116 0.177969 0.065429 0.097738 0.102440 0.038340 0.016869 0.067625 0.137857 0.136891 0.104942 0.103397 0.124430 0.118769 0.121040 0.121276 0.136607 0.070115 0.096060 0.156478 0.154536 0.150266 0.125310 0.122983 0.130157
110000.005225 6.929736 0.150999 0.160832 0.154629 0.132806 0.160349 0.134535 0.106094 0.110040 0.116519 0.172659 0.171910 0.064670 0.098861 0.107847 0.052046 0.011773 0.074424 0.138471 0.130605 0.110665 0.093393 0.130561 0.116885 0.107105 0.109000 0.122024 0.057070 0.096707 0.158466 0.146126 0.153174 0.127430 0.124698 0.133232
111000.005272 6.207048 0.146144 0.159435 0.161565 0.139835 0.161916 0.131591 0.109328 0.109596 0.121293 0.171712 0.177861 0.057002 0.091878 0.101569 0.046292 0.011142 0.066372 0.136951 0.134038 0.109293 0.102118 0.123946 0.121750 0.113700 0.117213 0.129290 0.057184 0.089389 0.156560 0.153428 0.148925 0.122050 0.119259 0.128223
112000.005320 3.504921 0.149769 0.161352 0.158302 0.136906 0.161671 0.132834 0.106164 0.108984 0.118935 0.173811 0.176121 0.063235 0.097827 0.106397 0.046789 0.008372 0.071332 0.139766 0.135356 0.110229 0.098857 0.128142 0.120353 0.114195 0.116758 0.130752 0.062593 0.094710 0.158154 0.150266 0.152375 0.125396 0.123354 0.131555
113000.005367 6.484452 0.155635 0.165549 0.155814 0.134798 0.164012 0.136471 0.104747 0.110372 0.117182 0.178024 0.175740 0.071102 0.105587 0.113172 0.050839 0.011388 0.078749 0.145682 0.139461 0.114652 0.096612 0.134786 0.121689 0.116621 0.118206 0.133459 0.069137 0.101584 0.162415 0.147842 0.158228 0.130590 0.129672 0.137000
114000.005415 6.106365 0.155700 0.164272 0.153239 0.132731 0.163338 0.137861 0.105658 0.111978 0.115551 0.177175 0.173374 0.070473 0.105042 0.113653 0.055036 0.011051 0.080134 0.143473 0.134689 0.114787 0.091374 0.134740 0.118767 0.110013 0.112324 0.127127 0.065111 0.100872 0.163033 0.145348 0.157781 0.131004 0.129449 0.137222
115000.005462 10.901964 0.149699 0.160588 0.156573 0.135440 0.160331 0.131184 0.105358 0.107889 0.117475 0.172610 0.174341 0.067501 0.100350 0.107163 0.046667 0.014766 0.073422 0.140800 0.136178 0.109851 0.097747 0.129583 0.118839 0.115588 0.116504 0.130579 0.065403 0.097722 0.156753 0.148756 0.152518 0.125213 0.124655 0.131204
116000.005510 13.575313 0.144710 0.157942 0.163609 0.142601 0.159014 0.128865 0.109976 0.108399 0.124739 0.169652 0.177465 0.057895 0.090959 0.097667 0.036853 0.016477 0.061868 0.134747 0.134298 0.103234 0.105767 0.121211 0.118842 0.118770 0.119582 0.132784 0.061712 0.091204 0.153439 0.156238 0.147484 0.122007 0.118983 0.127213
117000.005557 7.599767 0.150343 0.161247 0.160057 0.139438 0.161122 0.132942 0.109287 0.110914 0.122141 0.173227 0.176346 0.065660 0.098801 0.104843 0.042996 0.012329 0.070217 0.138915 0.135187 0.106947 0.099053 0.127894 0.117952 0.116146 0.116245 0.130880 0.064864 0.097571 0.157725 0.152536 0.152428 0.127104 0.124867 0.132321
118000.005605 8.569090 0.150169 0.162949 0.162972 0.141640 0.164770 0.135012 0.110508 0.112535 0.123890 0.175476 0.180325 0.062751 0.096942 0.104405 0.044876 0.013091 0.069234 0.140239 0.138280 0.110379 0.103231 0.126409 0.123063 0.119181 0.120988 0.134804 0.065038 0.094256 0.160218 0.154944 0.152494 0.126664 0.123783 0.132364
119000.005652 8.885900 0.145269 0.157969 0.161670 0.140974 0.161259 0.132072 0.111180 0.111407 0.122599 0.170663 0.177604 0.055976 0.090601 0.099977 0.045175 0.013331 0.064458 0.134654 0.132220 0.107483 0.102247 0.121905 0.120726 0.112767 0.116446 0.128539 0.057152 0.088090 0.156554 0.153990 0.147190 0.122141 0.117975 0.127382
120000.005700 10.215624 0.147282 0.159729 0.163031 0.142089 0.160938 0.130737 0.109611 0.109534 0.123822 0.171810 0.178551 0.061486 0.094806 0.101857 0.040511 0.014294 0.066131 0.137673 0.136260 0.106318 0.104174 0.124729 0.120697 0.118582 0.120135 0.134255 0.064625 0.093261 0.156106 0.155640 0.149587 0.123794 0.121010 0.129051
