#! FIELDS time restraint.bias r0 r1 r2 r3 r4 r5 r6 r7 r8 r9 r10 r11 r12 r13 r14 r15 r16 r17 r18 r19 r20 r21 r22 r23 r24 r25 r26 r27 r28 r29 r30 r31 r32 r33 r34 r35 r36 r37 r38 r39 r40 r41 r42 r43 r44 r45 r46 r47 r48 r49 r50 r51 r52 r53 r54 r55 r56 r57 r58 r59
800000.037998 1.229597 0.077084 0.101483 0.100964 0.130234 0.140904 0.127729 0.072139 0.093538 0.119906 0.133277 0.119743 0.124005 0.121855 0.106322 0.101609 0.121959 0.092624 0.102851 0.129793 0.088504 0.119418 0.041355 0.010180 0.042000 0.064291 0.083574 0.035715 0.090048 0.097717 0.040934 0.058030 0.086241 0.108349 0.095278 0.147922 0.135198 0.112353 0.078437 0.026768 0.065838 0.089008 0.080639 0.116060 0.110663 0.120276 0.109684 0.096083 0.111881 0.146814 0.120518 0.089133 0.027638 0.134217 0.117426 0.119713 0.031040 0.115614 0.055621 0.115960 0.051320
801000.038045 1.656994 0.073879 0.100960 0.099420 0.129405 0.136847 0.126228 0.069622 0.091175 0.119062 0.129564 0.120044 0.118289 0.115087 0.100830 0.099679 0.122097 0.089354 0.099294 0.123004 0.086259 0.113449 0.044468 0.011817 0.050563 0.069815 0.091293 0.036177 0.096566 0.101370 0.051780 0.056257 0.089847 0.110453 0.103389 0.150691 0.139736 0.117406 0.088065 0.033358 0.071804 0.097237 0.083118 0.115450 0.116676 0.121960 0.111772 0.101906 0.111925 0.148891 0.120169 0.087736 0.035898 0.135668 0.118243 0.125959 0.039356 0.110557 0.052078 0.114773 0.058420
802000.038093 1.100954 0.075256 0.100984 0.099461 0.130485 0.140895 0.127719 0.069675 0.091170 0.119454 0.132876 0.119823 0.122179 0.120380 0.104129 0.100152 0.121737 0.090163 0.100578 0.128668 0.087607 0.118887 0.042503 0.009633 0.044385 0.064046 0.086531 0.032508 0.091255 0.098970 0.044375 0.058646 0.088333 0.110778 0.098539 0.150438 0.138270 0.115275 0.079957 0.031229 0.068513 0.091664 0.081959 0.118301 0.114227 0.123502 0.113265 0.098915 0.113216 0.148932 0.121775 0.088066 0.032899 0.136486 0.119042 0.123028 0.038600 0.113944 0.052649 0.117127 0.053585
803000.038140 3.689975 0.087003 0.110763 0.109087 0.136553 0.144668 0.135878 0.078498 0.098587 0.128915 0.134924 0.126859 0.121339 0.119715 0.104244 0.112353 0.129760 0.093562 0.111564 0.130314 0.095776 0.118077 0.030593 0.017635 0.049450 0.054182 0.077381 0.036165 0.082595 0.087205 0.038009 0.047144 0.094510 0.112340 0.098688 0.144471 0.135730 0.114649 0.075679 0.039016 0.076280 0.088434 0.069470 0.115926 0.114049 0.119700 0.114534 0.101140 0.117141 0.144844 0.113295 0.078869 0.027962 0.130028 0.117739 0.120931 0.032235 0.113596 0.062992 0.118386 0.061405
804000.038188 7.568606 0.085687 0.111546 0.108485 0.134425 0.138285 0.134733 0.074441 0.095540 0.130169 0.126577 0.129040 0.109484 0.107460 0.092667 0.112906 0.129678 0.085295 0.111092 0.119458 0.094559 0.107987 0.031171 0.025256 0.064250 0.057534 0.087172 0.029443 0.088847 0.089309 0.052418 0.037574 0.103227 0.117382 0.111293 0.146940 0.142086 0.122045 0.086650 0.049622 0.087734 0.100027 0.070125 0.115707 0.124876 0.122420 0.121848 0.111909 0.118771 0.147729 0.110432 0.071939 0.036653 0.131573 0.117691 0.129972 0.046799 0.104772 0.057147 0.116464 0.074563
805000.038235 3.439082 0.083133 0.104968 0.104222 0.131986 0.142247 0.131017 0.074225 0.095785 0.124211 0.132867 0.123396 0.121199 0.120818 0.103969 0.107163 0.124199 0.090438 0.108953 0.130876 0.091826 0.120030 0.032401 0.017025 0.046195 0.052635 0.076503 0.026249 0.079179 0.087678 0.035751 0.052521 0.088874 0.108633 0.094463 0.143241 0.133952 0.111416 0.068803 0.033240 0.070532 0.085059 0.072521 0.116883 0.111234 0.119395 0.113867 0.096495 0.113859 0.144563 0.115127 0.080000 0.019230 0.130334 0.114463 0.117673 0.037729 0.115108 0.057253 0.116202 0.054813
806000.038283 2.116351 0.083774 0.107508 0.106451 0.134869 0.143613 0.132572 0.078394 0.097991 0.124941 0.135811 0.123385 0.124475 0.122549 0.107762 0.107806 0.127582 0.095878 0.107584 0.131251 0.093452 0.120042 0.036957 0.013355 0.043101 0.059846 0.078958 0.039545 0.085959 0.091542 0.038076 0.053958 0.088146 0.108130 0.094556 0.144535 0.133449 0.111520 0.076761 0.032024 0.068932 0.087089 0.073854 0.114118 0.109216 0.117584 0.108767 0.096023 0.113185 0.143675 0.115437 0.084384 0.028470 0.129740 0.116555 0.118557 0.027265 0.115831 0.062653 0.116560 0.054161
807000.038330 2.428260 0.082222 0.107029 0.104935 0.133277 0.140177 0.132215 0.073110 0.093893 0.125389 0.130263 0.124755 0.115295 0.114406 0.098225 0.107746 0.126486 0.087882 0.107297 0.124711 0.091490 0.114736 0.031178 0.014306 0.052463 0.056814 0.081593 0.027023 0.084583 0.089884 0.043139 0.047531 0.094254 0.112399 0.101507 0.146067 0.137999 0.116475 0.078011 0.038399 0.076507 0.091288 0.072571 0.116777 0.116834 0.121419 0.116555 0.102720 0.115793 0.146605 0.114838 0.078094 0.028718 0.131975 0.117179 0.123864 0.039238 0.108605 0.055112 0.116313 0.061950
808000.038378 2.343095 0.069717 0.095059 0.094184 0.124528 0.134436 0.121916 0.062884 0.086720 0.114650 0.126524 0.116196 0.116305 0.114063 0.097855 0.095515 0.116163 0.084184 0.097057 0.122469 0.081764 0.113102 0.044114 0.014052 0.049707 0.067300 0.089651 0.027452 0.093645 0.100925 0.049418 0.057141 0.087806 0.109532 0.100955 0.149406 0.138291 0.115746 0.083162 0.029747 0.069604 0.094660 0.084220 0.116990 0.115652 0.122537 0.112984 0.100046 0.111311 0.148606 0.121353 0.087652 0.030289 0.136336 0.116704 0.123290 0.042913 0.109649 0.044682 0.114023 0.055971
809000.038425 2.289314 0.079239 0.101571 0.102154 0.129867 0.141712 0.127189 0.075679 0.096709 0.120179 0.134992 0.119572 0.128595 0.126185 0.111411 0.102295 0.122159 0.096885 0.104510 0.132827 0.091243 0.121922 0.043834 0.013890 0.035998 0.064978 0.081603 0.040163 0.089495 0.097878 0.037821 0.061471 0.081743 0.104354 0.090082 0.145577 0.131385 0.108050 0.075984 0.023962 0.061295 0.085581 0.080936 0.113793 0.105491 0.116905 0.105306 0.090958 0.108989 0.144193 0.119829 0.091757 0.027423 0.131925 0.114740 0.115167 0.025739 0.120435 0.059761 0.114297 0.046179
810000.038473 4.846622 0.083304 0.105005 0.104066 0.130286 0.138957 0.130369 0.072190 0.094718 0.124740 0.128516 0.124283 0.115761 0.114860 0.098392 0.108033 0.123606 0.086636 0.109570 0.125856 0.091663 0.114708 0.029661 0.020210 0.052879 0.051907 0.078941 0.020361 0.080084 0.086825 0.040616 0.047030 0.092668 0.110273 0.099462 0.143005 0.135727 0.113812 0.072379 0.038811 0.076278 0.089300 0.071166 0.116138 0.115357 0.119638 0.116640 0.100717 0.114527 0.145095 0.112586 0.075399 0.022125 0.129992 0.113418 0.120260 0.042774 0.111058 0.054473 0.114642 0.061217
811000.038520 8.165067 0.083571 0.107485 0.104546 0.131877 0.138272 0.132649 0.070104 0.091981 0.126658 0.126010 0.126076 0.108871 0.108724 0.091217 0.109803 0.125282 0.081109 0.109614 0.121639 0.091121 0.111108 0.030126 0.026232 0.062428 0.052860 0.083912 0.016831 0.083107 0.087943 0.048686 0.042840 0.100693 0.116622 0.107463 0.146074 0.140921 0.120108 0.078418 0.047335 0.084681 0.095251 0.071640 0.119194 0.123131 0.124298 0.123764 0.108908 0.119002 0.148279 0.113055 0.072112 0.031006 0.132974 0.116989 0.127023 0.051076 0.104557 0.051913 0.117226 0.070618
812000.038568 3.185939 0.073892 0.099635 0.097807 0.127286 0.134768 0.125497 0.065576 0.088718 0.118743 0.125967 0.120088 0.113275 0.111244 0.095272 0.099748 0.119986 0.083318 0.100297 0.120604 0.084714 0.111667 0.040804 0.016386 0.055099 0.065427 0.090287 0.024302 0.092676 0.098801 0.051743 0.053739 0.092173 0.111829 0.105040 0.149869 0.140725 0.118444 0.084412 0.036863 0.075508 0.097166 0.081870 0.117693 0.119468 0.123727 0.116750 0.103925 0.113447 0.149782 0.119447 0.083319 0.032908 0.136277 0.116923 0.126519 0.046944 0.107324 0.046231 0.114340 0.061372
813000.038615 3.478153 0.084010 0.107805 0.106706 0.136694 0.147893 0.134621 0.077851 0.097665 0.125585 0.139152 0.124229 0.126750 0.126429 0.109510 0.108363 0.127381 0.095856 0.109011 0.136356 0.093359 0.125390 0.036524 0.017121 0.042745 0.056473 0.076957 0.036573 0.081883 0.090527 0.034692 0.056585 0.090187 0.112177 0.094374 0.147331 0.136128 0.113649 0.071178 0.031335 0.068056 0.085323 0.075078 0.119732 0.111225 0.122478 0.113505 0.097583 0.116920 0.147273 0.119612 0.085536 0.024789 0.133707 0.120597 0.120071 0.030978 0.117875 0.062347 0.121321 0.053156
814000.038663 4.062153 0.079671 0.100595 0.100837 0.128932 0.141792 0.126879 0.073634 0.094891 0.119833 0.134306 0.119635 0.126758 0.125898 0.109089 0.102138 0.120229 0.093814 0.105001 0.133506 0.090994 0.123215 0.041539 0.018503 0.037223 0.058750 0.078514 0.032949 0.082743 0.093848 0.035443 0.061992 0.082910 0.105739 0.089802 0.145014 0.131966 0.108507 0.068718 0.028750 0.063313 0.082927 0.079660 0.117003 0.107127 0.119375 0.109756 0.091395 0.110465 0.144708 0.120079 0.088305 0.025582 0.132498 0.114623 0.114887 0.035535 0.119489 0.057340 0.115288 0.046693
815000.038710 2.845097 0.080551 0.101666 0.101926 0.129803 0.141649 0.128343 0.073250 0.094763 0.121102 0.133415 0.120448 0.124377 0.123251 0.106751 0.104223 0.121840 0.092532 0.106416 0.131973 0.090351 0.120570 0.037688 0.015485 0.039327 0.057221 0.076331 0.033536 0.082025 0.091409 0.033521 0.056986 0.083800 0.105186 0.089472 0.142439 0.130737 0.107905 0.069047 0.026720 0.064675 0.082109 0.075889 0.115132 0.106463 0.117247 0.108799 0.091365 0.111147 0.142849 0.116977 0.085769 0.020027 0.129938 0.113582 0.113474 0.032199 0.117085 0.057686 0.114906 0.048648
816000.038758 3.459759 0.077356 0.098985 0.099641 0.128360 0.141466 0.126098 0.072327 0.094415 0.118075 0.134674 0.118327 0.128123 0.126687 0.110069 0.100411 0.119281 0.093896 0.103737 0.134146 0.087848 0.123981 0.043625 0.017076 0.037701 0.063414 0.080139 0.035400 0.085954 0.097361 0.036947 0.064028 0.081618 0.105424 0.089679 0.146193 0.132522 0.108893 0.070958 0.021817 0.060815 0.083923 0.082850 0.117593 0.106531 0.119650 0.108321 0.090909 0.110764 0.146248 0.122853 0.092227 0.020933 0.134328 0.115593 0.115019 0.033035 0.120213 0.056376 0.115917 0.044319
817000.038805 4.294711 0.070259 0.091980 0.093574 0.123041 0.136989 0.120005 0.065616 0.089816 0.112537 0.130411 0.114934 0.125617 0.123185 0.107236 0.093188 0.113637 0.090720 0.097738 0.129775 0.083862 0.119922 0.049747 0.019025 0.040033 0.068404 0.088374 0.032445 0.092773 0.103752 0.045269 0.066539 0.079879 0.105190 0.093636 0.149109 0.135164 0.110697 0.077277 0.023156 0.060040 0.090188 0.088723 0.117460 0.109730 0.121604 0.108840 0.092480 0.108006 0.148063 0.124858 0.094039 0.030058 0.136864 0.115257 0.117992 0.042841 0.118782 0.048717 0.113630 0.045140
818000.038853 1.526907 0.073675 0.098241 0.098121 0.127903 0.139408 0.124416 0.071312 0.093043 0.116500 0.133593 0.117096 0.127262 0.124300 0.109328 0.097367 0.119358 0.094210 0.099149 0.130477 0.086691 0.120798 0.047747 0.011344 0.038242 0.070000 0.087014 0.039617 0.094281 0.103064 0.044045 0.064705 0.082025 0.105853 0.093941 0.149272 0.134662 0.111218 0.080771 0.023331 0.061881 0.089889 0.086372 0.115780 0.108746 0.120045 0.106664 0.093412 0.109206 0.147344 0.123785 0.094680 0.031499 0.135832 0.116799 0.118854 0.031714 0.118531 0.055069 0.114675 0.046346
819000.038900 6.213805 0.085673 0.106683 0.105139 0.133113 0.143485 0.132423 0.075343 0.095655 0.125549 0.133478 0.123593 0.119852 0.121059 0.102648 0.109322 0.125057 0.089485 0.110582 0.131651 0.093567 0.121385 0.030180 0.022884 0.048137 0.048693 0.072651 0.024856 0.074594 0.083526 0.033641 0.051533 0.091940 0.110913 0.094072 0.142164 0.133427 0.112037 0.065479 0.038089 0.073520 0.082642 0.069496 0.118735 0.111479 0.120319 0.116517 0.097852 0.116431 0.143901 0.114483 0.078078 0.021089 0.129941 0.115787 0.117485 0.038581 0.113919 0.058560 0.118120 0.057897
820000.038948 3.578821 0.076494 0.102625 0.100757 0.128265 0.133604 0.126533 0.068919 0.091817 0.121420 0.124955 0.122112 0.112078 0.109144 0.095080 0.102671 0.122637 0.084633 0.102727 0.118563 0.086889 0.108861 0.039484 0.017367 0.057948 0.066040 0.091164 0.028076 0.094197 0.097353 0.053750 0.049068 0.093582 0.111013 0.107147 0.148249 0.140240 0.118533 0.087922 0.038875 0.078088 0.099604 0.079053 0.114154 0.119956 0.120758 0.115145 0.105452 0.112352 0.148030 0.115339 0.080690 0.032987 0.133361 0.114909 0.127122 0.044767 0.107058 0.049938 0.112555 0.064837
821000.038995 0.374444 0.076772 0.102074 0.101516 0.130624 0.140283 0.128075 0.072477 0.094498 0.120821 0.132990 0.121756 0.124026 0.120984 0.106414 0.101602 0.122970 0.093057 0.102543 0.128629 0.089274 0.118392 0.042640 0.005618 0.044293 0.066200 0.087634 0.035232 0.092684 0.099957 0.045614 0.058918 0.086749 0.108638 0.098866 0.150110 0.138072 0.114496 0.081568 0.029783 0.067935 0.092987 0.082626 0.116331 0.113673 0.121610 0.111052 0.097948 0.111441 0.148959 0.121089 0.088691 0.031632 0.135727 0.117187 0.122623 0.036549 0.116306 0.055136 0.115268 0.052495
822000.039043 3.608475 0.082986 0.103939 0.104004 0.130091 0.140473 0.129692 0.074388 0.096119 0.123176 0.131352 0.122519 0.121432 0.120176 0.104293 0.106922 0.122801 0.091130 0.109151 0.129842 0.091520 0.118569 0.032527 0.017439 0.045067 0.053974 0.075818 0.028995 0.079633 0.088309 0.034671 0.052525 0.087095 0.106517 0.092642 0.141630 0.131762 0.109185 0.068810 0.031302 0.068887 0.084035 0.072859 0.114841 0.109071 0.117119 0.111243 0.094370 0.112097 0.143117 0.114453 0.081019 0.016953 0.129033 0.112696 0.115298 0.034571 0.115063 0.057802 0.114224 0.053347
823000.039090 1.610058 0.076750 0.100475 0.100760 0.129311 0.140190 0.126416 0.073154 0.095000 0.119052 0.133549 0.119502 0.125832 0.123307 0.108422 0.100645 0.121163 0.094427 0.102793 0.130552 0.088633 0.120319 0.043331 0.011649 0.040497 0.066316 0.084406 0.036946 0.090594 0.098849 0.041974 0.060538 0.083533 0.106218 0.094375 0.147661 0.134545 0.111174 0.078512 0.024202 0.063291 0.089293 0.082437 0.115146 0.109265 0.119052 0.107451 0.094212 0.109796 0.146658 0.120945 0.090726 0.026637 0.133902 0.116014 0.118752 0.030527 0.117884 0.056350 0.114662 0.048507
824000.039138 0.847543 0.080901 0.105011 0.104214 0.132225 0.141463 0.130055 0.075921 0.096623 0.123242 0.133852 0.122687 0.123820 0.121913 0.106973 0.105175 0.124986 0.094142 0.105998 0.129880 0.091919 0.119587 0.037966 0.008452 0.042279 0.061471 0.081485 0.035538 0.087013 0.094126 0.039873 0.056088 0.086500 0.106966 0.094906 0.145730 0.134128 0.111323 0.076543 0.029867 0.067583 0.087815 0.077149 0.114497 0.110131 0.118309 0.109475 0.095444 0.111090 0.145057 0.117403 0.085884 0.026756 0.131548 0.115202 0.118840 0.030156 0.116229 0.058874 0.114733 0.052043
825000.039185 4.789568 0.088424 0.110403 0.108962 0.134872 0.142704 0.134776 0.078322 0.098678 0.129085 0.132281 0.126920 0.118365 0.118345 0.102071 0.112828 0.128857 0.090996 0.113417 0.128844 0.096281 0.117908 0.026155 0.020091 0.050892 0.049966 0.074322 0.028150 0.077784 0.083509 0.035664 0.045810 0.093455 0.110142 0.096346 0.141036 0.133278 0.112198 0.070562 0.039379 0.076109 0.085305 0.066528 0.115270 0.112390 0.117710 0.115252 0.099365 0.115621 0.142687 0.111060 0.075811 0.021812 0.127700 0.114155 0.118445 0.035128 0.112700 0.060970 0.116060 0.061185
826000.039233 2.431723 0.083953 0.108738 0.106987 0.134508 0.141574 0.133823 0.075305 0.096452 0.127067 0.131772 0.126027 0.117957 0.115962 0.100880 0.109873 0.128002 0.090346 0.109410 0.126570 0.092815 0.115201 0.030900 0.014316 0.052515 0.057014 0.081493 0.031658 0.085635 0.089990 0.042449 0.046138 0.094721 0.112449 0.101682 0.145941 0.137734 0.116254 0.078981 0.037965 0.076792 0.091994 0.071865 0.115813 0.116484 0.120472 0.115485 0.102916 0.116242 0.146512 0.114035 0.078560 0.027199 0.131481 0.117209 0.123420 0.035910 0.110949 0.058473 0.116885 0.062403
827000.039280 10.582234 0.088728 0.112177 0.108913 0.135950 0.140324 0.136572 0.074919 0.095332 0.130862 0.127583 0.129530 0.107521 0.108493 0.091058 0.114539 0.129799 0.083077 0.113844 0.122473 0.094706 0.111824 0.024123 0.029864 0.064838 0.047198 0.079694 0.017750 0.077110 0.080258 0.047666 0.037692 0.103071 0.117302 0.108135 0.142287 0.140406 0.120524 0.075992 0.050524 0.087450 0.094334 0.064767 0.118464 0.123539 0.122704 0.124607 0.110113 0.120536 0.145619 0.107971 0.065239 0.030477 0.128644 0.116398 0.127359 0.051891 0.103953 0.057061 0.117917 0.073505
828000.039328 2.698632 0.069312 0.094043 0.094671 0.125150 0.136855 0.120650 0.068359 0.090605 0.112838 0.131761 0.114797 0.126292 0.122858 0.108366 0.092846 0.116526 0.093537 0.095089 0.128120 0.084212 0.118703 0.052829 0.015081 0.038737 0.074809 0.091404 0.041598 0.098773 0.107257 0.049115 0.067543 0.079430 0.104287 0.094764 0.149923 0.134979 0.111239 0.084949 0.022209 0.059771 0.092473 0.090301 0.114764 0.108849 0.119877 0.104675 0.092699 0.106656 0.147273 0.124992 0.097390 0.036238 0.136298 0.116297 0.119259 0.036389 0.117763 0.051991 0.112950 0.045561
829000.039375 3.234476 0.083570 0.105622 0.105151 0.132042 0.142284 0.131196 0.075656 0.095870 0.124021 0.133025 0.122671 0.122187 0.120930 0.105011 0.107829 0.124701 0.092843 0.108588 0.130147 0.092875 0.118688 0.034022 0.016510 0.043811 0.055473 0.075692 0.034801 0.081795 0.089282 0.034049 0.052297 0.088788 0.108409 0.092626 0.142835 0.131995 0.110207 0.071652 0.032623 0.069400 0.083678 0.072375 0.114988 0.108948 0.117755 0.110852 0.095412 0.113625 0.143065 0.115274 0.082755 0.023950 0.129639 0.115519 0.116267 0.029613 0.114108 0.059982 0.116070 0.054627
830000.039423 2.693325 0.084982 0.109802 0.107672 0.135275 0.141178 0.133941 0.077292 0.096015 0.127152 0.131411 0.126119 0.116871 0.115317 0.100682 0.109765 0.129319 0.091908 0.108088 0.124571 0.095263 0.114405 0.033519 0.015066 0.050454 0.057815 0.081522 0.034931 0.086441 0.090078 0.043066 0.048020 0.093856 0.111375 0.100306 0.145071 0.136330 0.115090 0.080361 0.040934 0.076294 0.090830 0.071028 0.114284 0.114953 0.119487 0.114021 0.101522 0.114667 0.144241 0.112964 0.078511 0.035963 0.129783 0.117072 0.123131 0.036544 0.108901 0.059996 0.115585 0.062080
831000.039470 1.988218 0.081526 0.105363 0.104091 0.131719 0.140254 0.130837 0.072999 0.094321 0.124296 0.130696 0.124103 0.117928 0.116573 0.100668 0.106679 0.124579 0.089308 0.107148 0.126517 0.091652 0.115815 0.032178 0.012945 0.048650 0.055556 0.080705 0.027243 0.083147 0.089973 0.040807 0.049909 0.091317 0.110291 0.098968 0.145341 0.136475 0.114160 0.075045 0.036167 0.073535 0.089432 0.073534 0.116081 0.114839 0.120470 0.114809 0.099812 0.113785 0.145869 0.115034 0.078912 0.026965 0.131439 0.115599 0.121412 0.038549 0.111364 0.055558 0.115233 0.058256
832000.039518 4.366432 0.080961 0.104382 0.102497 0.130666 0.139305 0.130020 0.070433 0.092338 0.123384 0.128949 0.122467 0.114882 0.114471 0.097282 0.106262 0.122976 0.085174 0.107171 0.125566 0.089390 0.115119 0.031177 0.019183 0.053468 0.054297 0.080730 0.021156 0.082646 0.088909 0.042042 0.047135 0.094225 0.112628 0.100830 0.145371 0.137184 0.115699 0.075233 0.037957 0.076139 0.090525 0.072714 0.117504 0.116619 0.121574 0.117513 0.102658 0.115826 0.146482 0.114769 0.077492 0.023499 0.132076 0.116384 0.122595 0.041097 0.109125 0.052627 0.116512 0.062191
833000.039565 3.194746 0.076072 0.097265 0.098221 0.126473 0.139601 0.124190 0.070152 0.092413 0.117348 0.132002 0.118109 0.125277 0.123454 0.107295 0.099310 0.117947 0.092250 0.102216 0.130901 0.088656 0.119836 0.043793 0.016409 0.037643 0.061284 0.081687 0.033262 0.086686 0.096667 0.038549 0.061365 0.081778 0.105074 0.090882 0.145487 0.132420 0.108808 0.072489 0.026549 0.062474 0.085291 0.081224 0.115692 0.107688 0.119099 0.108550 0.091480 0.109092 0.144683 0.119965 0.088984 0.027297 0.132686 0.114093 0.115129 0.037174 0.118129 0.054158 0.114086 0.046667
834000.039613 6.040039 0.086634 0.107378 0.106484 0.133311 0.143390 0.133485 0.075247 0.096732 0.126853 0.132871 0.125167 0.119522 0.119656 0.102046 0.111077 0.125888 0.089581 0.112505 0.131131 0.093709 0.119269 0.027460 0.022562 0.050115 0.047806 0.072626 0.026202 0.075095 0.082971 0.033474 0.047838 0.092751 0.110888 0.095203 0.141390 0.133686 0.112316 0.066477 0.037705 0.074943 0.083831 0.067971 0.117704 0.112365 0.119491 0.116324 0.098608 0.117014 0.143858 0.112873 0.076448 0.016776 0.129059 0.115094 0.117256 0.038431 0.113722 0.059238 0.117787 0.059570
835000.039660 9.140088 0.093829 0.112897 0.111815 0.138000 0.148855 0.137733 0.085032 0.101552 0.130141 0.139169 0.126062 0.126094 0.127806 0.110292 0.116152 0.130531 0.098318 0.116230 0.137704 0.100522 0.126115 0.030382 0.027754 0.039711 0.044241 0.060769 0.041644 0.067572 0.077212 0.018381 0.054470 0.088759 0.106687 0.083122 0.135068 0.125005 0.104484 0.056786 0.039045 0.069836 0.070713 0.063034 0.115319 0.101800 0.114341 0.110223 0.089672 0.115632 0.136386 0.110796 0.079741 0.024139 0.123022 0.114030 0.108250 0.026935 0.117492 0.071159 0.118501 0.053496
836000.039708 1.614588 0.077765 0.103577 0.102316 0.131344 0.139567 0.128436 0.073703 0.094244 0.121312 0.132379 0.121031 0.122075 0.118950 0.104774 0.102825 0.124301 0.093190 0.102212 0.126452 0.089917 0.116108 0.043072 0.011665 0.045641 0.067643 0.086778 0.040228 0.093997 0.098996 0.046392 0.056399 0.088630 0.109043 0.099091 0.148471 0.136450 0.114462 0.084822 0.032370 0.070120 0.092970 0.080502 0.114292 0.112778 0.119718 0.109298 0.098901 0.111883 0.146579 0.118959 0.088550 0.034791 0.133591 0.117718 0.122226 0.031614 0.113489 0.057368 0.115187 0.055996
837000.039755 6.276093 0.091542 0.113346 0.111728 0.138690 0.148114 0.138557 0.082720 0.100792 0.130493 0.137844 0.126986 0.124494 0.124328 0.108184 0.115378 0.131414 0.096510 0.114987 0.134912 0.098678 0.122964 0.029354 0.022999 0.045976 0.049250 0.070182 0.039307 0.076890 0.083369 0.028755 0.049827 0.093139 0.111080 0.091784 0.140983 0.131158 0.110231 0.067923 0.039185 0.073269 0.080838 0.066033 0.116179 0.108592 0.117865 0.113258 0.096758 0.117700 0.141638 0.112606 0.079715 0.026624 0.127536 0.117380 0.115968 0.027822 0.115665 0.067918 0.119631 0.058632
838000.039803 3.594926 0.084297 0.105957 0.105300 0.133389 0.143999 0.132654 0.074911 0.095986 0.125004 0.134347 0.123852 0.122106 0.121693 0.104565 0.108501 0.125430 0.091548 0.109805 0.132150 0.092589 0.120586 0.031523 0.017406 0.045224 0.051873 0.074556 0.029742 0.078641 0.087096 0.032918 0.051863 0.089577 0.109586 0.093337 0.143171 0.133606 0.111436 0.068175 0.033041 0.070419 0.083579 0.071386 0.117395 0.110523 0.119679 0.113646 0.096218 0.115443 0.144475 0.115410 0.080644 0.019717 0.130375 0.116015 0.116994 0.035347 0.114871 0.058903 0.117701 0.054793
839000.039850 1.756420 0.081485 0.105425 0.104330 0.133394 0.143442 0.130665 0.077050 0.095959 0.122923 0.135748 0.121820 0.125416 0.123747 0.108437 0.105205 0.125480 0.095987 0.104799 0.131432 0.093337 0.120767 0.040314 0.012167 0.038390 0.060874 0.079897 0.039872 0.086740 0.093710 0.037917 0.057773 0.086494 0.107772 0.092969 0.145730 0.133128 0.110780 0.076143 0.032177 0.066689 0.085851 0.076560 0.114774 0.108472 0.118672 0.108577 0.094500 0.111788 0.143922 0.117630 0.086873 0.032965 0.131164 0.117060 0.117954 0.028350 0.116261 0.061325 0.116331 0.051276
840000.039898 10.856212 0.097257 0.118383 0.116189 0.140252 0.145351 0.141880 0.084218 0.102984 0.136441 0.132913 0.133088 0.114978 0.115741 0.099704 0.122050 0.135358 0.091930 0.121225 0.128680 0.102128 0.116666 0.014834 0.030248 0.059502 0.040130 0.068584 0.031906 0.070199 0.073017 0.035836 0.036462 0.101045 0.113813 0.099594 0.136243 0.133116 0.114159 0.068153 0.049829 0.085272 0.085056 0.055775 0.115550 0.115526 0.117103 0.119835 0.103957 0.120698 0.139802 0.104274 0.065785 0.025864 0.123063 0.114519 0.119343 0.041001 0.109744 0.068196 0.118323 0.070596
841000.039945 1.278779 0.081678 0.106148 0.104839 0.134366 0.144031 0.131942 0.076498 0.095933 0.123563 0.135992 0.122386 0.124556 0.123066 0.107502 0.105855 0.126303 0.094956 0.105653 0.131567 0.092283 0.121020 0.038161 0.010381 0.041203 0.060333 0.079923 0.038013 0.086477 0.093439 0.037743 0.056084 0.087977 0.109202 0.094327 0.146488 0.134556 0.112174 0.076208 0.030836 0.067460 0.086758 0.076044 0.115943 0.109867 0.119739 0.110075 0.096086 0.113526 0.145263 0.118080 0.086095 0.030040 0.132052 0.118152 0.119491 0.028666 0.115392 0.060491 0.117410 0.052499
842000.039993 3.243362 0.088203 0.111708 0.109727 0.135428 0.141257 0.135249 0.079324 0.098233 0.129122 0.131012 0.126837 0.116847 0.115379 0.101052 0.113056 0.130177 0.091917 0.111837 0.125452 0.096412 0.114292 0.027057 0.016533 0.050943 0.052945 0.076568 0.034622 0.081992 0.085052 0.038297 0.043365 0.093902 0.109566 0.097652 0.140673 0.132749 0.112053 0.076081 0.040745 0.076936 0.087367 0.065773 0.112099 0.112303 0.115972 0.112881 0.099751 0.114471 0.140969 0.108947 0.075172 0.029477 0.125977 0.114088 0.119319 0.032107 0.109591 0.062759 0.114534 0.062613
843000.040040 4.857560 0.091008 0.113806 0.111973 0.138441 0.145096 0.138014 0.081472 0.100749 0.132028 0.134838 0.129814 0.118946 0.118931 0.102881 0.115839 0.132315 0.093707 0.115071 0.129853 0.099042 0.118633 0.023594 0.020233 0.051068 0.048166 0.072558 0.032220 0.075383 0.080125 0.035766 0.044298 0.095725 0.111935 0.098148 0.141000 0.134623 0.114164 0.070836 0.042294 0.078648 0.085830 0.063763 0.115871 0.113992 0.118465 0.116128 0.101100 0.117517 0.142633 0.109781 0.073320 0.025411 0.126915 0.115993 0.120112 0.034505 0.112550 0.064778 0.117858 0.062891
844000.040088 5.537789 0.086530 0.111495 0.109095 0.133894 0.137626 0.134366 0.076263 0.096827 0.129843 0.126246 0.129341 0.110684 0.107964 0.094538 0.112677 0.129429 0.087472 0.111194 0.119396 0.095798 0.107852 0.028886 0.021604 0.061022 0.055169 0.085846 0.028094 0.086857 0.087927 0.050180 0.038540 0.099837 0.113978 0.108778 0.144755 0.139909 0.118916 0.084220 0.048412 0.084878 0.098251 0.068751 0.113195 0.122187 0.119898 0.119017 0.108427 0.115613 0.145614 0.108281 0.069720 0.036390 0.128968 0.114700 0.127695 0.045920 0.105684 0.058257 0.113683 0.071128
845000.040135 2.446618 0.074560 0.100717 0.099123 0.129878 0.139567 0.127483 0.067698 0.090862 0.119772 0.131272 0.120438 0.119017 0.117511 0.100636 0.100672 0.120924 0.087126 0.101825 0.127167 0.085625 0.117534 0.040095 0.014360 0.050917 0.064198 0.087674 0.027165 0.090426 0.097831 0.047482 0.055365 0.091911 0.113466 0.103131 0.151659 0.141206 0.118675 0.081272 0.032225 0.072381 0.095045 0.082012 0.120051 0.118408 0.125269 0.116513 0.103291 0.115318 0.151507 0.122006 0.085966 0.027475 0.138087 0.120023 0.126134 0.041067 0.112199 0.049727 0.118087 0.058218
846000.040183 2.633284 0.085528 0.109107 0.107672 0.133329 0.139610 0.132812 0.076994 0.097069 0.127137 0.129728 0.125627 0.116580 0.114646 0.100473 0.110551 0.128137 0.091002 0.109912 0.124276 0.094823 0.113061 0.030139 0.014897 0.050712 0.055850 0.079380 0.033183 0.084683 0.088017 0.040612 0.044643 0.092652 0.109050 0.098510 0.142012 0.133615 0.112550 0.078137 0.038814 0.075734 0.089245 0.068738 0.111931 0.112860 0.116330 0.112242 0.099859 0.113186 0.142104 0.110318 0.077045 0.029151 0.127319 0.113764 0.119905 0.033003 0.109842 0.059905 0.113636 0.061757
847000.040230 3.897485 0.075939 0.097100 0.097905 0.126591 0.139894 0.123752 0.071945 0.093042 0.115897 0.133552 0.115290 0.127702 0.125894 0.109993 0.098710 0.117878 0.094343 0.101427 0.132687 0.087215 0.121824 0.045899 0.018124 0.032926 0.064923 0.079242 0.040496 0.087512 0.097495 0.035905 0.063866 0.078432 0.102035 0.085828 0.142757 0.128144 0.105096 0.072360 0.019444 0.057782 0.081687 0.081975 0.113618 0.101997 0.115617 0.103247 0.087098 0.107693 0.141690 0.120134 0.093151 0.025226 0.130502 0.113298 0.110908 0.027492 0.119293 0.057543 0.113539 0.042276
848000.040278 4.729392 0.080096 0.104421 0.102206 0.131780 0.140533 0.130901 0.069578 0.091749 0.123322 0.130421 0.122243 0.115349 0.115184 0.097269 0.106230 0.123483 0.084795 0.106799 0.126806 0.087799 0.116401 0.032288 0.019965 0.053987 0.056219 0.080544 0.024308 0.083165 0.089731 0.042421 0.048087 0.095174 0.114052 0.101220 0.146376 0.138161 0.117092 0.075709 0.036372 0.076394 0.090620 0.073942 0.119351 0.117215 0.123058 0.118250 0.103495 0.117809 0.147775 0.116743 0.079697 0.021604 0.133649 0.118499 0.123118 0.040406 0.109049 0.052623 0.118617 0.062324
849000.040325 4.300453 0.077406 0.102273 0.099953 0.129124 0.136665 0.128321 0.066491 0.088933 0.121383 0.126117 0.121529 0.111030 0.110216 0.093047 0.103602 0.121519 0.081600 0.103908 0.121566 0.086268 0.111675 0.034272 0.019038 0.056452 0.058104 0.085129 0.019226 0.086568 0.092286 0.047462 0.047538 0.095133 0.113509 0.104178 0.147080 0.139498 0.117997 0.079636 0.039073 0.077844 0.094187 0.075766 0.117979 0.119535 0.123256 0.118895 0.104837 0.115757 0.147986 0.115916 0.077834 0.028346 0.133782 0.116949 0.125254 0.046279 0.105345 0.048043 0.115853 0.064020
850000.040373 4.560933 0.081961 0.103367 0.103164 0.130046 0.141119 0.129901 0.071971 0.094112 0.122869 0.131110 0.122028 0.120436 0.118932 0.102479 0.106734 0.122340 0.089595 0.108273 0.129380 0.090840 0.117100 0.033709 0.019606 0.047212 0.053996 0.077216 0.030166 0.081718 0.089419 0.035950 0.050639 0.090260 0.109857 0.095041 0.143528 0.133671 0.111725 0.071387 0.033982 0.071504 0.086013 0.073122 0.116360 0.111628 0.119468 0.113511 0.097496 0.114699 0.144607 0.115360 0.081139 0.022065 0.130882 0.115484 0.117267 0.036311 0.113467 0.056629 0.116438 0.057004
851000.040420 3.196387 0.080061 0.103088 0.103299 0.130885 0.142039 0.129034 0.074964 0.096540 0.121838 0.134612 0.121367 0.126302 0.123946 0.108675 0.104546 0.123048 0.095139 0.106222 0.132059 0.090734 0.120763 0.040929 0.016413 0.041928 0.063558 0.080981 0.039178 0.087739 0.095906 0.039134 0.058286 0.086179 0.107624 0.093795 0.146333 0.133828 0.111224 0.076282 0.027316 0.066226 0.087341 0.079618 0.115821 0.109316 0.118969 0.108827 0.094997 0.112294 0.146097 0.119920 0.089500 0.024806 0.133138 0.116639 0.117555 0.028329 0.118170 0.059575 0.116237 0.051226
852000.040468 5.584166 0.089346 0.113193 0.111152 0.135416 0.139555 0.136312 0.078417 0.098836 0.131439 0.127937 0.130192 0.112238 0.110125 0.096327 0.115159 0.131059 0.089059 0.114078 0.121792 0.097476 0.110042 0.024787 0.021694 0.059933 0.052462 0.081658 0.028760 0.083635 0.085106 0.045862 0.037099 0.099654 0.113634 0.105989 0.142950 0.137934 0.117343 0.080678 0.047247 0.083997 0.094766 0.065806 0.113354 0.119849 0.118745 0.118426 0.106913 0.116664 0.144403 0.107668 0.069733 0.032170 0.127849 0.114670 0.125291 0.041941 0.106986 0.060596 0.114681 0.070288
853000.040515 5.435715 0.081912 0.106314 0.103381 0.133173 0.140360 0.132184 0.070878 0.092729 0.124967 0.130195 0.124203 0.113858 0.114344 0.096229 0.107181 0.125535 0.083953 0.107496 0.125831 0.089164 0.116731 0.032434 0.021404 0.057425 0.056350 0.082557 0.018961 0.083345 0.089729 0.046038 0.049502 0.096530 0.114656 0.103838 0.147237 0.140302 0.118953 0.076505 0.040927 0.079425 0.092646 0.074334 0.120533 0.119608 0.124379 0.121001 0.105342 0.118447 0.149100 0.116619 0.077676 0.026013 0.134371 0.117956 0.125694 0.046752 0.108666 0.052161 0.118400 0.064530
854000.040563 1.281014 0.075522 0.099958 0.099003 0.130144 0.141703 0.126869 0.070404 0.091750 0.118714 0.134525 0.118770 0.124554 0.123215 0.106206 0.099686 0.121049 0.091848 0.100675 0.131017 0.087814 0.121016 0.042979 0.010390 0.039830 0.063521 0.083307 0.034172 0.088894 0.097631 0.040859 0.060487 0.085716 0.109026 0.094902 0.149082 0.136089 0.113289 0.076906 0.027542 0.065632 0.088162 0.081641 0.118179 0.111063 0.122203 0.110899 0.095845 0.112599 0.147667 0.122145 0.089627 0.029678 0.135534 0.118543 0.120040 0.034792 0.116091 0.054017 0.117247 0.049795
855000.040610 2.729894 0.078432 0.102973 0.101657 0.131074 0.140400 0.129461 0.070253 0.092931 0.122126 0.131641 0.121845 0.118972 0.117717 0.100950 0.104309 0.122882 0.087887 0.105383 0.128059 0.087384 0.117384 0.035699 0.015168 0.050134 0.059734 0.082219 0.028663 0.085817 0.092718 0.042771 0.051973 0.091290 0.111342 0.099718 0.147088 0.137712 0.115723 0.076876 0.031691 0.072637 0.090826 0.076818 0.118025 0.115319 0.121916 0.114859 0.100721 0.115306 0.147890 0.118044 0.082935 0.020983 0.133862 0.117468 0.122066 0.038018 0.112372 0.053529 0.117340 0.057919
856000.040658 2.881389 0.086147 0.109901 0.108214 0.137564 0.146614 0.135576 0.079643 0.098108 0.127024 0.137797 0.125151 0.123762 0.123992 0.107369 0.110097 0.129330 0.095367 0.109911 0.133641 0.094808 0.123549 0.033042 0.015583 0.043377 0.054930 0.074681 0.036234 0.079937 0.087550 0.033801 0.054197 0.090202 0.110467 0.093373 0.144399 0.134070 0.112200 0.070702 0.033513 0.069499 0.083394 0.071487 0.117477 0.109885 0.119939 0.112444 0.096549 0.115886 0.144394 0.116427 0.082665 0.025545 0.130511 0.118546 0.118887 0.029403 0.115004 0.063299 0.119289 0.054246
857000.040705 3.462906 0.082674 0.105149 0.104304 0.130596 0.139518 0.130113 0.073231 0.095380 0.124493 0.129859 0.123300 0.118379 0.116700 0.101006 0.107730 0.124211 0.089125 0.108661 0.126542 0.091915 0.115004 0.032248 0.017084 0.050210 0.056017 0.079709 0.028722 0.084185 0.089688 0.039921 0.047563 0.091888 0.109859 0.098184 0.143911 0.134713 0.113208 0.075925 0.036117 0.074495 0.089229 0.072144 0.114812 0.113415 0.118507 0.113780 0.099863 0.114088 0.144717 0.113737 0.079671 0.023456 0.130377 0.114500 0.119623 0.035069 0.112464 0.056310 0.114939 0.060179
858000.040753 2.535343 0.078747 0.102322 0.100803 0.130306 0.139388 0.128474 0.070283 0.091875 0.120965 0.130527 0.120466 0.117591 0.117186 0.100131 0.103186 0.122218 0.087028 0.104421 0.127019 0.087510 0.117356 0.034805 0.014618 0.048121 0.057598 0.080385 0.024959 0.083753 0.091254 0.040486 0.052651 0.089069 0.109220 0.096836 0.144932 0.135302 0.113167 0.074258 0.031694 0.070551 0.088077 0.075344 0.116793 0.112688 0.120266 0.113557 0.098082 0.113452 0.145450 0.116565 0.081562 0.022615 0.131723 0.115603 0.120149 0.038627 0.110934 0.052492 0.115533 0.055802
859000.040800 2.072127 0.079644 0.103538 0.103039 0.132327 0.143327 0.129514 0.075576 0.096134 0.121520 0.136415 0.120537 0.127542 0.125536 0.109961 0.103551 0.124171 0.096008 0.104471 0.133054 0.090670 0.122348 0.042481 0.013215 0.039170 0.064832 0.081437 0.040689 0.089375 0.097216 0.038763 0.060170 0.085250 0.107561 0.092781 0.147266 0.133823 0.111192 0.077324 0.026228 0.064675 0.086785 0.080241 0.116046 0.108170 0.119327 0.107872 0.094205 0.112375 0.146047 0.120868 0.091109 0.028123 0.133533 0.117774 0.117938 0.026297 0.118536 0.060041 0.117008 0.049467
860000.040848 5.020263 0.064292 0.093629 0.091549 0.126414 0.137935 0.121585 0.061776 0.085267 0.112235 0.131632 0.114590 0.122202 0.119777 0.102909 0.090511 0.115440 0.086915 0.091400 0.127068 0.079632 0.119018 0.054688 0.020569 0.050502 0.076398 0.098381 0.036005 0.102610 0.110791 0.057134 0.067325 0.089919 0.115022 0.105968 0.158507 0.144691 0.121752 0.090572 0.032376 0.069503 0.101066 0.094519 0.123235 0.120578 0.130301 0.116340 0.104525 0.114302 0.155624 0.130915 0.097187 0.040932 0.145200 0.124374 0.129996 0.048229 0.113740 0.044480 0.119743 0.056519
861000.040895 4.706136 0.075538 0.098796 0.097494 0.127164 0.137045 0.125625 0.065316 0.088724 0.118498 0.127982 0.118546 0.115071 0.114902 0.096671 0.100942 0.118747 0.082945 0.102769 0.125191 0.084012 0.115453 0.037414 0.019915 0.051612 0.059431 0.081889 0.022675 0.084723 0.092773 0.043621 0.053120 0.090281 0.110374 0.098433 0.145407 0.136208 0.114708 0.075078 0.032119 0.072475 0.089280 0.077729 0.118423 0.114622 0.121757 0.115488 0.099726 0.114443 0.146604 0.118245 0.082780 0.020343 0.133503 0.115935 0.120378 0.042847 0.109301 0.047981 0.115948 0.058087
862000.040943 3.710944 0.084874 0.108282 0.106418 0.134280 0.142933 0.133565 0.075720 0.096007 0.126669 0.133167 0.124923 0.118918 0.118808 0.101739 0.110160 0.126874 0.090200 0.110157 0.129324 0.093287 0.118724 0.029340 0.017685 0.049257 0.052714 0.075473 0.029950 0.079026 0.085896 0.036690 0.048549 0.093595 0.111854 0.097120 0.143740 0.135007 0.114024 0.071713 0.037004 0.075042 0.085910 0.069982 0.117454 0.113479 0.120219 0.115695 0.100131 0.116702 0.144841 0.114599 0.078851 0.022225 0.130632 0.117038 0.119875 0.033744 0.111950 0.059234 0.117989 0.059630
863000.040990 4.023384 0.085492 0.108533 0.106685 0.133513 0.140645 0.133179 0.075419 0.095607 0.126941 0.129738 0.125513 0.114972 0.114396 0.098703 0.110200 0.127061 0.088300 0.110277 0.125661 0.094024 0.114488 0.027053 0.018414 0.052181 0.049834 0.078027 0.024753 0.080026 0.084610 0.039456 0.043683 0.093763 0.110727 0.099198 0.141769 0.134754 0.113252 0.073695 0.040498 0.076347 0.088757 0.067137 0.114187 0.114572 0.118373 0.115585 0.100934 0.114377 0.142651 0.109619 0.072894 0.027218 0.127375 0.114080 0.120804 0.039724 0.109139 0.057823 0.114960 0.062343
864000.041038 4.668605 0.086967 0.111445 0.109594 0.134799 0.139962 0.134886 0.077465 0.098153 0.129635 0.129299 0.128126 0.114865 0.112423 0.098707 0.113000 0.130020 0.090185 0.111962 0.123246 0.095728 0.111358 0.029412 0.019836 0.056981 0.056301 0.082499 0.033304 0.086590 0.088294 0.045312 0.040515 0.097536 0.112706 0.104104 0.143953 0.137160 0.116522 0.082068 0.043420 0.080947 0.094234 0.068466 0.113135 0.117817 0.118452 0.115897 0.105183 0.115936 0.144486 0.109902 0.074798 0.031653 0.128785 0.115580 0.124177 0.037583 0.108778 0.060544 0.115158 0.067683
865000.041085 2.868696 0.079382 0.105384 0.104029 0.131877 0.139260 0.129350 0.075218 0.095702 0.123001 0.131936 0.122481 0.121599 0.117966 0.104588 0.104739 0.125510 0.093854 0.103822 0.125523 0.091432 0.114843 0.043063 0.015549 0.048541 0.068262 0.087909 0.042196 0.095122 0.098985 0.048379 0.054848 0.090729 0.109897 0.101155 0.148594 0.137025 0.115436 0.087007 0.035701 0.072945 0.094849 0.079991 0.113630 0.114336 0.119507 0.109959 0.100781 0.112346 0.146633 0.117968 0.087819 0.036598 0.133306 0.117735 0.123370 0.032030 0.113267 0.059190 0.115009 0.059284
866000.041133 4.604104 0.081855 0.103899 0.102603 0.131355 0.142408 0.130602 0.071906 0.093594 0.123224 0.132767 0.122385 0.120437 0.120193 0.102221 0.106334 0.122640 0.088457 0.107706 0.130991 0.090608 0.119895 0.032740 0.019698 0.047792 0.051690 0.076918 0.024815 0.078739 0.087752 0.036748 0.052511 0.091425 0.111608 0.096530 0.145167 0.135869 0.113748 0.068939 0.035989 0.072951 0.086137 0.073452 0.119353 0.113730 0.122241 0.116665 0.098983 0.116203 0.146504 0.116729 0.079775 0.022090 0.132587 0.116861 0.119440 0.040522 0.113942 0.055638 0.118212 0.056956
867000.041180 3.672817 0.086818 0.111721 0.108928 0.137791 0.144442 0.136907 0.077457 0.096818 0.129432 0.133609 0.127828 0.116752 0.116625 0.100364 0.112301 0.130371 0.090164 0.111120 0.128427 0.095070 0.117688 0.026552 0.017594 0.053157 0.050009 0.077982 0.028030 0.079449 0.084081 0.040255 0.044633 0.097025 0.114524 0.101742 0.144543 0.138190 0.116959 0.074331 0.041970 0.078443 0.089946 0.067265 0.117583 0.117438 0.121800 0.118538 0.104048 0.118152 0.145522 0.111943 0.073400 0.028731 0.129954 0.118288 0.124332 0.039581 0.109867 0.060392 0.119069 0.063887
868000.041228 4.789082 0.073511 0.095376 0.095644 0.124849 0.136301 0.122754 0.065228 0.089356 0.115645 0.128320 0.117359 0.118933 0.117748 0.100670 0.097442 0.116030 0.085863 0.100787 0.126751 0.083834 0.116923 0.042515 0.020090 0.047676 0.061945 0.084547 0.024034 0.086629 0.096377 0.044798 0.059140 0.085113 0.107311 0.096688 0.146355 0.135946 0.112764 0.074610 0.029324 0.067430 0.089912 0.082075 0.117794 0.112791 0.121416 0.112802 0.096252 0.110961 0.147098 0.120039 0.085669 0.024164 0.134184 0.114289 0.119221 0.045767 0.113250 0.047579 0.114076 0.052491
869000.041275 2.510071 0.081512 0.106352 0.104441 0.133128 0.141150 0.131654 0.073725 0.093772 0.124283 0.131497 0.123909 0.117878 0.116824 0.100907 0.106407 0.125603 0.089893 0.106016 0.126379 0.091979 0.116585 0.034766 0.014545 0.049181 0.057770 0.082274 0.029952 0.085572 0.091808 0.042492 0.051445 0.092637 0.111992 0.099940 0.147026 0.137523 0.115469 0.077647 0.037921 0.073891 0.090540 0.074684 0.116972 0.115606 0.121873 0.115478 0.101181 0.114741 0.146684 0.116442 0.080579 0.032174 0.132739 0.117883 0.123336 0.038748 0.110214 0.056118 0.116594 0.059434
870000.041323 1.395748 0.076751 0.100205 0.099774 0.129495 0.140178 0.126692 0.071477 0.093346 0.119275 0.133138 0.119608 0.123592 0.121944 0.105777 0.100721 0.121134 0.091620 0.102438 0.130085 0.087916 0.119916 0.040921 0.010846 0.041627 0.062638 0.082679 0.032191 0.087297 0.095869 0.041271 0.059090 0.084364 0.106666 0.094684 0.146801 0.134982 0.111763 0.075687 0.026854 0.065607 0.088202 0.080288 0.116327 0.110239 0.119941 0.109774 0.094629 0.110907 0.146354 0.119697 0.087364 0.025643 0.133275 0.115508 0.118740 0.035831 0.116360 0.054406 0.115028 0.049459
871000.041370 4.560666 0.091962 0.115390 0.113163 0.140097 0.146801 0.139625 0.083391 0.101663 0.132413 0.136696 0.129499 0.121282 0.121069 0.105601 0.116618 0.133666 0.095458 0.115343 0.131866 0.099094 0.120744 0.025274 0.019605 0.050037 0.049187 0.072083 0.036597 0.076843 0.081464 0.034073 0.046154 0.095332 0.111868 0.096376 0.141146 0.133704 0.113157 0.070906 0.041092 0.076910 0.084529 0.063859 0.115723 0.112041 0.118051 0.114850 0.100008 0.117988 0.142265 0.110567 0.075551 0.025962 0.126963 0.116873 0.119432 0.030630 0.113477 0.067339 0.119006 0.061667
872000.041418 2.393882 0.083825 0.105821 0.105385 0.130272 0.138048 0.129591 0.076336 0.096587 0.124239 0.129236 0.123281 0.119182 0.116357 0.102765 0.107828 0.124962 0.092516 0.107940 0.124871 0.093983 0.113031 0.033808 0.014204 0.044806 0.056692 0.078368 0.035724 0.084303 0.089170 0.038455 0.049302 0.087164 0.104431 0.094008 0.139918 0.130105 0.108347 0.075861 0.035761 0.071332 0.086341 0.070848 0.109590 0.108556 0.113529 0.107741 0.094453 0.109345 0.139691 0.110125 0.079224 0.029389 0.125433 0.110628 0.115363 0.031775 0.112136 0.060202 0.110739 0.056143
873000.041465 1.502994 0.077056 0.100996 0.100893 0.129471 0.140817 0.126885 0.073222 0.094576 0.119465 0.133974 0.119615 0.126797 0.124188 0.108959 0.101112 0.121401 0.094680 0.102459 0.130936 0.089524 0.120735 0.044023 0.011255 0.039187 0.066228 0.083961 0.038388 0.090854 0.099587 0.041107 0.061701 0.084545 0.107214 0.093962 0.148440 0.134676 0.111569 0.078214 0.026643 0.064482 0.088342 0.082907 0.116211 0.109406 0.120120 0.108545 0.094515 0.110934 0.147192 0.122286 0.091930 0.029702 0.135123 0.117031 0.118682 0.030001 0.118215 0.056959 0.115537 0.048761
874000.041513 5.461245 0.080944 0.100349 0.101995 0.128618 0.141758 0.125745 0.078682 0.098269 0.118493 0.136093 0.117882 0.132127 0.130259 0.115553 0.101649 0.120604 0.100119 0.105169 0.135840 0.092077 0.125228 0.047361 0.021454 0.027998 0.065264 0.077471 0.044534 0.085893 0.096873 0.033978 0.067636 0.074465 0.098161 0.081617 0.140823 0.125411 0.101227 0.069484 0.020510 0.053895 0.078710 0.082018 0.111545 0.097830 0.112602 0.099745 0.082372 0.104874 0.139718 0.119063 0.094228 0.027147 0.127991 0.110752 0.108009 0.025699 0.123737 0.063694 0.111708 0.037119
875000.041560 1.494630 0.078536 0.101253 0.101171 0.129126 0.139989 0.127376 0.072462 0.093822 0.119941 0.132036 0.119625 0.123088 0.121156 0.105698 0.102640 0.121195 0.092072 0.104311 0.129492 0.088943 0.118569 0.038321 0.011223 0.040586 0.060196 0.079792 0.034084 0.085618 0.093937 0.037127 0.056315 0.084431 0.105759 0.092106 0.144090 0.132078 0.109181 0.073733 0.026398 0.064796 0.085425 0.077425 0.114206 0.107981 0.117504 0.108251 0.093093 0.110345 0.143735 0.117448 0.086210 0.023475 0.130809 0.114282 0.116037 0.030610 0.115208 0.056366 0.114069 0.049779
876000.041608 1.803071 0.077373 0.103390 0.100919 0.132068 0.140918 0.129794 0.069937 0.091133 0.121763 0.132054 0.121613 0.117804 0.117066 0.099885 0.103204 0.123227 0.087264 0.102956 0.127309 0.087722 0.117547 0.036440 0.012327 0.049492 0.059079 0.083653 0.027153 0.085873 0.092875 0.044374 0.052950 0.092417 0.113024 0.101303 0.148852 0.139433 0.117335 0.077764 0.034962 0.073369 0.091714 0.077192 0.119107 0.117007 0.123930 0.116525 0.102161 0.115593 0.148641 0.118637 0.081746 0.028570 0.134891 0.119118 0.124596 0.040415 0.110577 0.052610 0.118148 0.058406
877000.041655 4.676847 0.065722 0.089135 0.090294 0.119859 0.131924 0.115573 0.064377 0.087467 0.108323 0.127169 0.110354 0.123196 0.119804 0.105374 0.089222 0.111172 0.089725 0.092736 0.124881 0.079477 0.115935 0.053596 0.019853 0.040457 0.075720 0.090642 0.040262 0.098217 0.107042 0.049703 0.067699 0.076902 0.101141 0.092487 0.146055 0.131353 0.108158 0.083844 0.018448 0.058138 0.090895 0.090810 0.112596 0.106178 0.116859 0.102339 0.090117 0.103979 0.144093 0.123589 0.097617 0.032516 0.133820 0.112853 0.115634 0.037125 0.115558 0.048312 0.109869 0.044741
878000.041703 3.221900 0.082870 0.106519 0.104710 0.131995 0.139653 0.131809 0.072433 0.094010 0.125370 0.129178 0.124826 0.115187 0.114138 0.097894 0.108187 0.125292 0.086801 0.108442 0.124951 0.091571 0.114375 0.029679 0.016478 0.053038 0.053659 0.080495 0.023481 0.082433 0.088487 0.041784 0.046811 0.094073 0.111784 0.100889 0.144791 0.137157 0.115407 0.075238 0.039338 0.077041 0.090452 0.071688 0.116636 0.116657 0.120916 0.117275 0.102179 0.115538 0.146059 0.113719 0.076163 0.026532 0.131246 0.115477 0.122490 0.041634 0.109200 0.054751 0.115596 0.062001
879000.041750 1.892599 0.078338 0.100578 0.101121 0.128750 0.140333 0.126158 0.073885 0.095511 0.119704 0.133385 0.119674 0.126346 0.124088 0.108881 0.101595 0.121027 0.094936 0.103859 0.131009 0.090720 0.120310 0.042340 0.012630 0.037502 0.063378 0.081647 0.036170 0.087966 0.096533 0.038641 0.059979 0.082700 0.104991 0.091945 0.145797 0.132498 0.109285 0.075528 0.025931 0.063262 0.086521 0.080346 0.114287 0.107434 0.117683 0.106927 0.092464 0.109072 0.144812 0.119333 0.089483 0.026641 0.132198 0.114456 0.116301 0.029474 0.118819 0.057299 0.113816 0.047678
880000.041798 6.089366 0.091349 0.113950 0.111769 0.139179 0.145831 0.138613 0.081610 0.100626 0.131767 0.135494 0.129329 0.118775 0.119644 0.103037 0.115726 0.132327 0.092650 0.115522 0.131351 0.097590 0.120692 0.023440 0.022654 0.052955 0.047032 0.071918 0.030052 0.073779 0.079204 0.035897 0.045703 0.095642 0.112144 0.097651 0.140426 0.134712 0.114046 0.068570 0.041670 0.077957 0.085078 0.063658 0.117127 0.113662 0.118978 0.117049 0.100884 0.118344 0.142718 0.110045 0.072884 0.021428 0.126827 0.116068 0.120130 0.037550 0.112747 0.064638 0.118932 0.062588
881000.041845 1.438276 0.080977 0.104881 0.103564 0.132031 0.141190 0.130595 0.073075 0.094599 0.123572 0.132076 0.122915 0.120321 0.119012 0.102947 0.105600 0.124616 0.090082 0.106502 0.128315 0.090916 0.118019 0.034617 0.011010 0.047289 0.057907 0.081481 0.027946 0.085813 0.092604 0.039993 0.052109 0.090290 0.110187 0.097741 0.146617 0.136292 0.113879 0.076070 0.033158 0.071459 0.089343 0.075266 0.116620 0.113474 0.120688 0.113918 0.099121 0.113995 0.146681 0.116967 0.082449 0.025339 0.132816 0.116451 0.121228 0.035881 0.113316 0.055263 0.116135 0.056489
882000.041893 1.493937 0.076872 0.100471 0.100305 0.128867 0.139806 0.126432 0.071316 0.093996 0.119900 0.132240 0.120127 0.123490 0.121422 0.105747 0.101172 0.120888 0.091734 0.103311 0.129426 0.089092 0.118930 0.040733 0.011221 0.042836 0.062802 0.084242 0.031117 0.088870 0.096767 0.041856 0.057408 0.086045 0.107974 0.096514 0.147987 0.135883 0.112721 0.077523 0.028247 0.066824 0.090188 0.080512 0.116062 0.111859 0.120375 0.110720 0.096703 0.110953 0.147279 0.119695 0.087342 0.026124 0.134208 0.115899 0.120101 0.034553 0.116747 0.053891 0.114944 0.051838
883000.041940 3.888318 0.082342 0.104903 0.103712 0.129637 0.136599 0.129492 0.071685 0.093555 0.124249 0.126148 0.124011 0.112546 0.111327 0.095737 0.107312 0.123815 0.085560 0.108093 0.121946 0.091165 0.111221 0.029641 0.018102 0.053772 0.053850 0.080713 0.021393 0.082394 0.087477 0.043113 0.044847 0.092492 0.109210 0.100422 0.142160 0.135256 0.113619 0.075860 0.039377 0.076750 0.090672 0.070528 0.113778 0.115491 0.118134 0.115310 0.100874 0.112835 0.143582 0.110746 0.074172 0.025957 0.128426 0.112279 0.120841 0.042653 0.107762 0.053394 0.112487 0.062286
884000.041988 7.465707 0.089648 0.114830 0.111833 0.137564 0.140168 0.138148 0.078444 0.097786 0.132438 0.128245 0.130769 0.109691 0.108147 0.093974 0.116247 0.132896 0.088045 0.114003 0.120791 0.096887 0.109333 0.025391 0.025084 0.062876 0.052996 0.082031 0.032045 0.083792 0.084017 0.048200 0.034566 0.102788 0.116360 0.108387 0.143233 0.139476 0.119852 0.082844 0.049270 0.086547 0.096230 0.064662 0.114545 0.122114 0.120249 0.120256 0.109762 0.119194 0.144449 0.107351 0.068659 0.035175 0.127808 0.117306 0.127733 0.043900 0.103793 0.061555 0.116771 0.073530
885000.042035 4.372027 0.087050 0.110452 0.108310 0.136390 0.145317 0.136105 0.077220 0.096806 0.128502 0.134557 0.126017 0.119893 0.119619 0.102810 0.112293 0.128877 0.091322 0.111651 0.130833 0.095096 0.119225 0.028053 0.019195 0.049613 0.050072 0.074787 0.032248 0.079094 0.084910 0.034836 0.046521 0.095398 0.113421 0.097208 0.143733 0.135162 0.114168 0.071584 0.039556 0.076112 0.085824 0.067710 0.117549 0.113738 0.120697 0.116643 0.101001 0.118307 0.144528 0.113457 0.077475 0.026302 0.130129 0.118285 0.120262 0.033953 0.112181 0.061646 0.119468 0.061534
886000.042083 2.022459 0.073628 0.096262 0.097350 0.126223 0.138504 0.122888 0.070588 0.092896 0.115762 0.132299 0.117366 0.126634 0.123700 0.108857 0.096709 0.117758 0.094053 0.099568 0.130072 0.087470 0.119700 0.047332 0.013056 0.036755 0.067416 0.086354 0.036426 0.091930 0.101320 0.043328 0.064184 0.079729 0.103952 0.092820 0.147774 0.133852 0.109633 0.078161 0.023547 0.060251 0.089211 0.085355 0.114722 0.108032 0.119030 0.106075 0.091561 0.107087 0.146194 0.121886 0.092264 0.031022 0.134132 0.114506 0.117289 0.036098 0.119016 0.053859 0.112899 0.044500
887000.042130 2.813068 0.082699 0.106798 0.105268 0.131198 0.137051 0.130718 0.073410 0.094590 0.125236 0.126911 0.124612 0.113362 0.111263 0.096912 0.108053 0.126006 0.087534 0.107777 0.121136 0.092130 0.110554 0.031426 0.015397 0.054376 0.058015 0.083378 0.028086 0.087341 0.090599 0.045091 0.044157 0.093829 0.110367 0.102119 0.144162 0.136335 0.114984 0.081188 0.039653 0.077337 0.093152 0.071426 0.112965 0.116141 0.118272 0.114435 0.102535 0.113365 0.144431 0.111574 0.076589 0.030432 0.129490 0.114145 0.123009 0.038779 0.107401 0.055187 0.113018 0.063824
888000.042178 2.918285 0.084191 0.107033 0.105941 0.134561 0.145273 0.133012 0.077086 0.097187 0.125251 0.136601 0.123301 0.124866 0.124638 0.107657 0.108417 0.126412 0.094091 0.109173 0.134002 0.093190 0.123153 0.033886 0.015683 0.042006 0.055333 0.074549 0.034766 0.080381 0.088710 0.032345 0.054609 0.088882 0.109387 0.092016 0.144133 0.133014 0.111062 0.069559 0.030876 0.068516 0.082773 0.072845 0.117361 0.108840 0.119381 0.111897 0.095378 0.115126 0.144563 0.117238 0.084421 0.020792 0.131142 0.117212 0.116811 0.027956 0.116857 0.061286 0.118506 0.052851
889000.042225 2.201505 0.084109 0.110705 0.107711 0.137312 0.143705 0.135778 0.076534 0.096018 0.127987 0.133854 0.126548 0.117937 0.116853 0.101258 0.110118 0.129997 0.090908 0.108461 0.127489 0.093470 0.117299 0.031950 0.013621 0.052722 0.057517 0.082568 0.032687 0.086221 0.090332 0.043834 0.047407 0.096759 0.115077 0.103267 0.148138 0.139811 0.118473 0.080392 0.039885 0.077490 0.092895 0.072181 0.117739 0.118148 0.122900 0.117382 0.104983 0.117909 0.147819 0.115532 0.078979 0.031923 0.133049 0.120290 0.126447 0.036345 0.110059 0.059368 0.119276 0.063426
890000.042273 2.941885 0.072015 0.098647 0.096479 0.128297 0.138024 0.125835 0.064487 0.087717 0.117548 0.129549 0.118523 0.117141 0.115662 0.098289 0.098127 0.118975 0.084414 0.098856 0.125180 0.083475 0.116161 0.042500 0.015746 0.051981 0.065639 0.089858 0.025670 0.092602 0.100245 0.049654 0.056844 0.092348 0.114207 0.104099 0.152712 0.141850 0.119462 0.082934 0.034081 0.073172 0.096144 0.084155 0.120922 0.119476 0.126697 0.117713 0.104109 0.115458 0.152084 0.123404 0.086959 0.031721 0.139521 0.120632 0.127059 0.044729 0.109907 0.046091 0.117989 0.059113
891000.042320 4.172502 0.066491 0.093000 0.091563 0.122524 0.132692 0.120098 0.059277 0.084396 0.112876 0.124882 0.114568 0.115435 0.112513 0.096281 0.093206 0.113984 0.081692 0.094659 0.120839 0.079204 0.111538 0.048321 0.018752 0.053185 0.071647 0.094441 0.029806 0.098957 0.105875 0.054132 0.059112 0.089874 0.111493 0.104144 0.151851 0.140142 0.118020 0.087921 0.032689 0.072304 0.098377 0.088581 0.118396 0.118524 0.124854 0.114986 0.102864 0.112279 0.150595 0.124210 0.091109 0.034476 0.139452 0.118216 0.125443 0.046509 0.108789 0.041389 0.114674 0.059168
892000.042368 5.064550 0.091129 0.114152 0.112132 0.139451 0.146679 0.138794 0.081912 0.100635 0.131822 0.136480 0.128873 0.120581 0.120573 0.104409 0.115881 0.132730 0.094646 0.114853 0.131682 0.098603 0.120074 0.024927 0.020660 0.049795 0.048398 0.071649 0.035451 0.076256 0.080684 0.033594 0.044809 0.095682 0.112532 0.096812 0.141301 0.134016 0.113722 0.070874 0.041001 0.077363 0.084765 0.063596 0.116097 0.112712 0.118583 0.115233 0.100570 0.118429 0.142331 0.110385 0.075030 0.025543 0.126999 0.117458 0.119577 0.031282 0.113015 0.066115 0.119321 0.062304
893000.042415 7.690901 0.087564 0.107710 0.106714 0.135327 0.146452 0.134374 0.077658 0.097189 0.126345 0.136709 0.124277 0.122403 0.124457 0.105520 0.110699 0.126603 0.092198 0.112355 0.135454 0.094220 0.124952 0.031160 0.025459 0.045469 0.047779 0.068327 0.030156 0.070968 0.081595 0.028976 0.054486 0.089816 0.109713 0.089854 0.140254 0.131503 0.110006 0.060377 0.035361 0.070347 0.078193 0.068870 0.119475 0.108273 0.119629 0.114844 0.094521 0.117010 0.142536 0.115009 0.079812 0.016982 0.128664 0.116272 0.114462 0.037474 0.115724 0.062032 0.119654 0.054443
894000.042463 4.827383 0.077136 0.103303 0.100151 0.130712 0.138319 0.129751 0.066057 0.089000 0.122314 0.127652 0.122111 0.111856 0.110982 0.093450 0.103968 0.122690 0.081018 0.103798 0.122941 0.085866 0.112825 0.035977 0.020170 0.059069 0.059272 0.087926 0.019480 0.089098 0.094182 0.050088 0.047581 0.097878 0.116478 0.107447 0.150066 0.142605 0.121066 0.082298 0.040866 0.080180 0.097375 0.077236 0.120080 0.122593 0.125934 0.121609 0.108189 0.118154 0.150751 0.117469 0.078466 0.030479 0.136374 0.119270 0.128534 0.048387 0.106227 0.047842 0.118229 0.066643
895000.042510 2.288855 0.086270 0.111799 0.109741 0.136358 0.141397 0.135570 0.078463 0.098043 0.129372 0.131350 0.128469 0.116856 0.114639 0.100971 0.111821 0.131089 0.092247 0.110319 0.124444 0.096019 0.113682 0.031489 0.013889 0.053506 0.057956 0.083238 0.034790 0.087670 0.090299 0.044849 0.045392 0.095480 0.112048 0.102816 0.145615 0.137822 0.116375 0.081984 0.041578 0.078261 0.093267 0.070510 0.113916 0.117049 0.119575 0.115101 0.103494 0.115201 0.145306 0.112177 0.077205 0.034111 0.130036 0.116717 0.124713 0.037235 0.109569 0.060956 0.115618 0.064230
896000.042558 5.392592 0.089314 0.110577 0.109961 0.133511 0.139938 0.133989 0.079062 0.100145 0.129519 0.129142 0.128264 0.116240 0.114850 0.100641 0.113487 0.128782 0.091108 0.114522 0.125422 0.097385 0.113932 0.025468 0.021318 0.054282 0.050628 0.077455 0.026240 0.079831 0.083776 0.039890 0.042229 0.093667 0.108888 0.099236 0.140010 0.133621 0.112174 0.074095 0.041761 0.077707 0.089390 0.065812 0.112317 0.113797 0.115705 0.114491 0.100593 0.113500 0.142041 0.107759 0.072240 0.024440 0.125820 0.111396 0.119570 0.038422 0.111731 0.060768 0.112961 0.063688
897000.042605 3.025109 0.085581 0.108718 0.107307 0.134816 0.143363 0.133795 0.077191 0.097692 0.127124 0.133944 0.125656 0.120743 0.120215 0.103845 0.110108 0.127815 0.092215 0.110571 0.129980 0.094573 0.119585 0.030440 0.015967 0.048451 0.054564 0.077165 0.029778 0.081132 0.087813 0.037273 0.049913 0.092512 0.111194 0.097284 0.144868 0.135621 0.113991 0.073279 0.036300 0.073814 0.087241 0.071190 0.117059 0.113165 0.120049 0.114841 0.099780 0.115921 0.145762 0.115233 0.080066 0.023750 0.131232 0.116903 0.120680 0.033173 0.113891 0.059677 0.117431 0.058536
898000.042653 3.285473 0.074559 0.096969 0.097580 0.126766 0.139138 0.122768 0.072631 0.093354 0.115284 0.133670 0.115276 0.128364 0.125813 0.110806 0.096922 0.118306 0.095787 0.099159 0.131303 0.087808 0.121251 0.049332 0.016640 0.033394 0.069474 0.084127 0.042104 0.092790 0.101581 0.041255 0.065712 0.078617 0.102688 0.089016 0.145855 0.130362 0.107270 0.078669 0.021503 0.058217 0.086133 0.085025 0.113351 0.103816 0.116621 0.102638 0.089132 0.106793 0.143531 0.121783 0.095430 0.031748 0.132480 0.114641 0.114324 0.027871 0.119605 0.057017 0.113185 0.043122
899000.042700 2.270613 0.081338 0.108204 0.105674 0.135944 0.144090 0.133039 0.076898 0.096242 0.125047 0.136175 0.123748 0.123293 0.121790 0.106345 0.106420 0.127940 0.094345 0.105204 0.130208 0.092790 0.120699 0.040307 0.013833 0.047277 0.064477 0.085156 0.038856 0.091034 0.096481 0.044819 0.055975 0.092982 0.113497 0.100728 0.150707 0.138998 0.117266 0.082670 0.036196 0.072604 0.092549 0.078641 0.118072 0.115335 0.123150 0.113860 0.102175 0.115838 0.148910 0.120379 0.087399 0.034839 0.135721 0.121418 0.125277 0.031285 0.114333 0.060018 0.119452 0.058572
900000.042748 4.122983 0.078105 0.098983 0.099444 0.128927 0.141572 0.125979 0.072916 0.093950 0.117871 0.134678 0.117580 0.126629 0.126114 0.109281 0.100259 0.119978 0.093592 0.103462 0.133700 0.088243 0.123697 0.043614 0.018641 0.036295 0.061889 0.078388 0.035339 0.084493 0.095122 0.035701 0.063284 0.079691 0.103297 0.086983 0.143257 0.129996 0.106567 0.069607 0.021783 0.059133 0.081678 0.080359 0.115689 0.103802 0.117305 0.106335 0.088424 0.109262 0.142931 0.119893 0.090458 0.022585 0.130879 0.113872 0.112799 0.033679 0.119051 0.056878 0.114793 0.043329
901000.042795 5.677416 0.091916 0.113151 0.111940 0.138835 0.148049 0.137723 0.084750 0.102373 0.130459 0.139276 0.127282 0.125992 0.126612 0.110273 0.115019 0.131722 0.098630 0.114925 0.136217 0.099388 0.125046 0.030150 0.021874 0.041796 0.049549 0.067354 0.040319 0.073315 0.080990 0.027392 0.053517 0.089117 0.107357 0.088493 0.138637 0.129096 0.107908 0.064184 0.036683 0.070441 0.077486 0.065752 0.115142 0.105396 0.115620 0.110311 0.092683 0.115214 0.139519 0.111919 0.080032 0.023194 0.125237 0.114888 0.113165 0.026355 0.117916 0.069540 0.118128 0.053975
902000.042843 5.231276 0.087959 0.111475 0.108941 0.137279 0.145239 0.136220 0.079536 0.097357 0.128818 0.135164 0.126952 0.119562 0.120081 0.103242 0.112227 0.129590 0.092915 0.110959 0.130476 0.097095 0.120390 0.030515 0.020997 0.047925 0.050295 0.074553 0.033470 0.076853 0.083819 0.036857 0.050859 0.094380 0.112462 0.096847 0.143265 0.134944 0.113847 0.070406 0.042589 0.076073 0.084762 0.068532 0.117739 0.113586 0.120892 0.116514 0.099949 0.116828 0.143670 0.113554 0.077010 0.032159 0.129423 0.117863 0.120454 0.037307 0.111703 0.063151 0.118685 0.060327
903000.042890 0.767289 0.076232 0.101498 0.100894 0.130728 0.141297 0.128038 0.071512 0.093622 0.120381 0.134042 0.120962 0.124527 0.122011 0.106429 0.101331 0.122517 0.092860 0.102198 0.129986 0.088670 0.119390 0.042561 0.008041 0.042563 0.065293 0.085630 0.036202 0.091072 0.098931 0.043474 0.059175 0.086745 0.109217 0.097530 0.149819 0.137524 0.114400 0.079778 0.028316 0.067341 0.091091 0.082247 0.117289 0.112975 0.122052 0.111005 0.097443 0.112481 0.148707 0.121744 0.089329 0.030250 0.135871 0.118225 0.121579 0.034855 0.116361 0.055276 0.116582 0.051711
904000.042938 5.599727 0.085840 0.105469 0.105485 0.131652 0.142886 0.131363 0.076339 0.096937 0.124682 0.133307 0.122864 0.122406 0.122317 0.105323 0.109289 0.124149 0.092392 0.111251 0.132332 0.093705 0.120553 0.031210 0.021724 0.043106 0.049984 0.070227 0.031720 0.075025 0.084043 0.028756 0.052054 0.087495 0.106596 0.089044 0.138999 0.129185 0.107446 0.064019 0.032870 0.068911 0.079244 0.069233 0.115135 0.106469 0.116123 0.111003 0.092653 0.113423 0.140723 0.113017 0.080312 0.015793 0.126913 0.112993 0.112208 0.032210 0.115702 0.060969 0.115710 0.053408
905000.042985 3.565402 0.088946 0.113867 0.111468 0.138629 0.144858 0.138011 0.080482 0.099544 0.131482 0.134424 0.129549 0.118583 0.117893 0.102583 0.114502 0.132237 0.093221 0.113197 0.128669 0.097827 0.117855 0.026711 0.017334 0.052446 0.052142 0.077745 0.033241 0.080900 0.084898 0.039887 0.044729 0.097214 0.113946 0.101214 0.144619 0.137392 0.116440 0.075941 0.042269 0.078855 0.089602 0.067048 0.116433 0.116614 0.120620 0.117192 0.103642 0.117800 0.145189 0.112082 0.075346 0.029520 0.129759 0.118182 0.123768 0.034868 0.111410 0.063453 0.118520 0.064153
906000.043033 4.984644 0.085872 0.108003 0.106001 0.132901 0.140708 0.132802 0.074800 0.094683 0.126510 0.129783 0.124815 0.114706 0.114667 0.097861 0.110414 0.126008 0.087575 0.110226 0.125987 0.093797 0.114903 0.025744 0.020496 0.051400 0.047144 0.074557 0.024649 0.076231 0.081906 0.036982 0.044141 0.094143 0.110903 0.097702 0.140528 0.133712 0.112817 0.070331 0.041575 0.077258 0.085991 0.065796 0.115230 0.113844 0.118490 0.116247 0.100235 0.115440 0.141960 0.109632 0.072098 0.026083 0.126916 0.114174 0.119239 0.039801 0.108594 0.058078 0.115516 0.062328
907000.043080 2.206057 0.082454 0.105978 0.104539 0.134835 0.145788 0.132042 0.077434 0.096262 0.123423 0.138319 0.121323 0.127100 0.126682 0.109780 0.106041 0.126211 0.095975 0.106049 0.134879 0.092560 0.124419 0.039120 0.013635 0.036963 0.059536 0.076186 0.039891 0.083887 0.092171 0.033394 0.058887 0.086197 0.108088 0.090027 0.145135 0.132118 0.110080 0.072133 0.028767 0.065308 0.082155 0.075864 0.116800 0.106570 0.119092 0.108943 0.093068 0.113784 0.143987 0.119081 0.088487 0.027227 0.131571 0.118078 0.116127 0.024595 0.117699 0.062182 0.118526 0.049244
908000.043128 6.135307 0.075312 0.096692 0.097326 0.126092 0.139236 0.124452 0.067627 0.092351 0.117031 0.131570 0.118100 0.124272 0.122947 0.105655 0.099358 0.116525 0.088691 0.103725 0.132032 0.084675 0.121768 0.043479 0.022739 0.047312 0.062659 0.083556 0.027954 0.086426 0.097405 0.042797 0.061717 0.085924 0.108921 0.095851 0.148109 0.136494 0.113137 0.072597 0.027032 0.066702 0.089116 0.083873 0.120399 0.112531 0.123029 0.113866 0.096538 0.113277 0.149372 0.123317 0.089552 0.017102 0.136893 0.116334 0.118826 0.043098 0.118443 0.051210 0.117170 0.051466
909000.043175 1.954561 0.076831 0.101229 0.100824 0.130158 0.140923 0.127473 0.072554 0.093537 0.119235 0.133809 0.119219 0.125112 0.122331 0.107267 0.101330 0.121841 0.093792 0.101810 0.130080 0.088259 0.119180 0.043464 0.012835 0.041101 0.065538 0.083564 0.040025 0.090756 0.098302 0.041713 0.059633 0.085491 0.107817 0.094748 0.147591 0.134734 0.112065 0.079184 0.027509 0.065557 0.088878 0.081238 0.115649 0.109736 0.119842 0.108193 0.095248 0.111830 0.146261 0.120626 0.090018 0.030788 0.133782 0.117565 0.118971 0.031128 0.115911 0.057484 0.116119 0.050716
910000.043223 3.013465 0.079671 0.103906 0.102553 0.131927 0.141468 0.130516 0.070577 0.093015 0.123264 0.131564 0.122983 0.118302 0.117273 0.100451 0.105293 0.123775 0.087773 0.106308 0.128054 0.089609 0.116976 0.034693 0.015936 0.050960 0.056806 0.082869 0.024813 0.085534 0.091931 0.042495 0.049702 0.092995 0.113088 0.101050 0.147899 0.138868 0.116661 0.077000 0.034905 0.073716 0.091996 0.075241 0.118318 0.116846 0.122950 0.116716 0.102489 0.115894 0.148344 0.116958 0.080511 0.025189 0.134011 0.118195 0.123682 0.040275 0.111953 0.053107 0.117946 0.059801
911000.043270 1.922600 0.084813 0.108728 0.107218 0.135373 0.143338 0.134182 0.076317 0.096718 0.127243 0.133453 0.126060 0.119468 0.118585 0.102667 0.109749 0.128532 0.091715 0.109697 0.128702 0.094389 0.117739 0.030619 0.012729 0.048490 0.054554 0.078959 0.030118 0.083145 0.088498 0.038537 0.047999 0.092606 0.111289 0.098291 0.145076 0.136225 0.114372 0.075364 0.036503 0.073945 0.088640 0.070662 0.116046 0.114059 0.120110 0.114677 0.100219 0.115444 0.145327 0.114002 0.078853 0.026939 0.130635 0.116960 0.121501 0.035024 0.112400 0.058916 0.117078 0.059246
912000.043318 5.491450 0.071809 0.092926 0.093897 0.124065 0.138914 0.121350 0.066037 0.089684 0.112982 0.132235 0.113763 0.126307 0.125195 0.107528 0.095143 0.113617 0.089830 0.099584 0.133005 0.082371 0.122838 0.047156 0.021513 0.039160 0.064869 0.081990 0.033310 0.087144 0.099121 0.039662 0.065584 0.080638 0.105614 0.089859 0.146282 0.132494 0.109132 0.071169 0.019098 0.059626 0.084715 0.085638 0.118743 0.106984 0.120829 0.108855 0.090950 0.110411 0.146264 0.124400 0.093614 0.019801 0.135404 0.115755 0.114507 0.038410 0.119022 0.051127 0.116087 0.044355
913000.043365 3.131054 0.069493 0.097361 0.095833 0.126996 0.135460 0.123829 0.064657 0.088639 0.116436 0.128368 0.118450 0.117551 0.114650 0.099216 0.096080 0.118832 0.085965 0.097102 0.122751 0.082331 0.114179 0.047806 0.016244 0.053771 0.073519 0.095490 0.032416 0.099489 0.105983 0.055648 0.059795 0.090677 0.112398 0.106261 0.154050 0.142807 0.120121 0.089759 0.032526 0.072490 0.100373 0.088832 0.119063 0.120063 0.125724 0.115135 0.104296 0.113024 0.152871 0.124972 0.091396 0.035189 0.140444 0.119887 0.128463 0.045118 0.110777 0.045862 0.115871 0.059183
914000.043413 5.159880 0.073517 0.093867 0.095288 0.124954 0.139435 0.121337 0.070563 0.092193 0.112868 0.133895 0.113619 0.129558 0.128086 0.111734 0.094843 0.115099 0.094440 0.099215 0.134194 0.085153 0.124535 0.049897 0.020853 0.031802 0.067158 0.081678 0.038502 0.088287 0.100458 0.038508 0.069368 0.075203 0.101169 0.085324 0.144576 0.129282 0.105077 0.071119 0.016316 0.053737 0.082396 0.086521 0.115639 0.101841 0.117419 0.103489 0.085603 0.106495 0.143499 0.123491 0.095840 0.026157 0.132777 0.113518 0.111587 0.034971 0.121514 0.055303 0.113576 0.037336
915000.043460 6.499629 0.092193 0.114371 0.112100 0.137929 0.144384 0.138445 0.081088 0.099640 0.132234 0.132951 0.129431 0.116252 0.116887 0.100437 0.116852 0.131883 0.091455 0.116076 0.128528 0.098921 0.117530 0.020155 0.023405 0.053458 0.044582 0.070766 0.030314 0.073153 0.077930 0.034475 0.041743 0.097239 0.112403 0.097572 0.139219 0.133309 0.113182 0.068791 0.044706 0.080142 0.084163 0.061312 0.115712 0.113907 0.118044 0.117575 0.101408 0.118130 0.141240 0.108234 0.070770 0.025796 0.125685 0.115345 0.119295 0.036647 0.109904 0.064535 0.117521 0.065149
916000.043508 1.948607 0.079774 0.105500 0.103079 0.131855 0.138532 0.130610 0.071034 0.092245 0.123785 0.128879 0.123163 0.114410 0.112607 0.096945 0.105846 0.125062 0.086453 0.104985 0.122943 0.089454 0.112523 0.033433 0.012815 0.053128 0.059120 0.084326 0.028167 0.087944 0.092254 0.045621 0.046883 0.094377 0.112490 0.103104 0.146960 0.138504 0.117088 0.081472 0.038138 0.076926 0.093657 0.074172 0.115825 0.117667 0.121380 0.115895 0.103706 0.115126 0.146822 0.114869 0.078841 0.030621 0.132405 0.117173 0.124790 0.039321 0.107479 0.053393 0.115640 0.062787
917000.043555 1.110588 0.075366 0.098849 0.099357 0.127739 0.138977 0.125399 0.070664 0.093158 0.118029 0.131568 0.119220 0.124523 0.121443 0.106854 0.099310 0.119828 0.092707 0.101461 0.128717 0.088069 0.118112 0.043881 0.009675 0.040697 0.065548 0.086149 0.034714 0.091796 0.100237 0.042779 0.060414 0.083179 0.106045 0.094965 0.148017 0.135086 0.111128 0.078758 0.026219 0.063770 0.090190 0.083155 0.115004 0.110275 0.119772 0.108517 0.094276 0.109195 0.146860 0.120764 0.089775 0.030303 0.134299 0.115259 0.119001 0.036018 0.116750 0.053766 0.113588 0.048749
918000.043603 3.133022 0.080214 0.103130 0.102612 0.131720 0.143301 0.130163 0.072702 0.094826 0.122314 0.134850 0.122133 0.123858 0.123228 0.105784 0.104911 0.122647 0.091368 0.106896 0.133041 0.089552 0.122370 0.036142 0.016249 0.045170 0.057158 0.078664 0.029359 0.081777 0.091518 0.037469 0.056352 0.088995 0.110786 0.095650 0.147204 0.136555 0.113818 0.070740 0.029642 0.068799 0.086627 0.077202 0.119825 0.112571 0.122508 0.114384 0.097631 0.115425 0.148215 0.120163 0.084874 0.018115 0.134636 0.118079 0.119739 0.036127 0.116698 0.056286 0.118838 0.053015
919000.043650 9.749895 0.068181 0.086095 0.089907 0.118141 0.134992 0.113912 0.068288 0.090737 0.105679 0.131307 0.108241 0.133845 0.130264 0.115841 0.087553 0.108084 0.096920 0.094132 0.133493 0.082263 0.123880 0.060381 0.028665 0.027669 0.076465 0.087781 0.046640 0.096227 0.109770 0.044708 0.078371 0.067628 0.096387 0.082136 0.144494 0.126468 0.101447 0.075789 0.012672 0.046004 0.083980 0.095698 0.113624 0.097830 0.115578 0.097661 0.080329 0.101233 0.142340 0.127484 0.104746 0.034908 0.133784 0.111332 0.108172 0.039035 0.125413 0.054875 0.110113 0.029707
920000.043698 5.609517 0.084364 0.105524 0.104149 0.131835 0.141194 0.131468 0.073153 0.093433 0.124388 0.130696 0.123067 0.116243 0.116942 0.098953 0.108466 0.124195 0.087468 0.109194 0.127877 0.091979 0.117336 0.029060 0.021743 0.049024 0.048873 0.072940 0.024897 0.075262 0.083392 0.034662 0.048909 0.091710 0.110034 0.094457 0.140705 0.132784 0.111671 0.067145 0.037963 0.074010 0.083018 0.068545 0.117044 0.111651 0.119182 0.115550 0.097633 0.115608 0.142504 0.112762 0.076156 0.022757 0.128363 0.114817 0.117090 0.039819 0.109812 0.056698 0.116371 0.058720
