#! FIELDS time restraint.bias r0 r1 r2 r3 r4 r5 r6 r7 r8 r9 r10 r11 r12 r13 r14 r15 r16 r17 r18 r19 r20 r21 r22 r23 r24 r25 r26 r27 r28
 1040000.049397 1.340583 0.109605 0.118445 0.105575 0.067493 0.118278 0.086002 0.014173 0.038509 0.044619 0.125602 0.124126 0.107742 0.114819 0.139748 0.118769 0.107653 0.126928 0.146967 0.139803 0.151502 0.136267 0.139928 0.149080 0.118097 0.139424 0.132002 0.101504 0.093521 0.112434
 1041000.049445 1.306591 0.124367 0.126901 0.106132 0.071166 0.125712 0.097322 0.013992 0.049032 0.045581 0.138127 0.130228 0.115884 0.128748 0.150008 0.112985 0.099957 0.132632 0.154705 0.143378 0.153688 0.128545 0.150751 0.147692 0.119034 0.138462 0.135407 0.107783 0.106398 0.124832
 1042000.049492 1.381149 0.119450 0.119090 0.095544 0.058018 0.122813 0.099082 0.014386 0.053811 0.031003 0.132071 0.122013 0.116702 0.125537 0.148847 0.125774 0.109735 0.136747 0.145121 0.133510 0.157043 0.129997 0.143361 0.148326 0.110365 0.134046 0.126305 0.106983 0.103940 0.123789
 1043000.049540 1.780920 0.115429 0.118106 0.098608 0.062166 0.122743 0.095590 0.016335 0.049903 0.032748 0.131231 0.124280 0.108329 0.117502 0.142210 0.123618 0.107228 0.129397 0.141639 0.131077 0.152953 0.129730 0.138171 0.146915 0.107120 0.132427 0.124347 0.099592 0.095217 0.121968
 1044000.049587 0.908597 0.112941 0.121096 0.107616 0.070396 0.119026 0.086873 0.011668 0.037722 0.048065 0.128833 0.126067 0.107799 0.117095 0.140299 0.113418 0.102487 0.125439 0.149160 0.141632 0.148916 0.132749 0.142276 0.146279 0.119389 0.138308 0.133558 0.101181 0.095864 0.114173
 1045000.049635 0.758487 0.114328 0.121650 0.107270 0.071568 0.121731 0.089561 0.010661 0.040014 0.044929 0.131368 0.128620 0.106976 0.116779 0.141584 0.116912 0.104524 0.126608 0.147936 0.139361 0.151746 0.133691 0.140794 0.148862 0.115609 0.138487 0.132408 0.100884 0.092356 0.117628
 1046000.049682 1.775517 0.112084 0.122699 0.112449 0.077278 0.121769 0.085063 0.016311 0.035261 0.050490 0.130523 0.131856 0.105824 0.115620 0.139998 0.112697 0.103309 0.124108 0.151814 0.145348 0.149793 0.136856 0.142602 0.149125 0.122470 0.143650 0.138525 0.101944 0.092066 0.115097
 1047000.049730 2.973483 0.118848 0.115640 0.090120 0.053041 0.122451 0.101936 0.021108 0.059027 0.023905 0.130753 0.118981 0.115110 0.123197 0.146199 0.129711 0.111160 0.135920 0.138243 0.125811 0.154582 0.126633 0.138164 0.145055 0.102651 0.128596 0.119896 0.104738 0.102354 0.125358
 1048000.049777 1.118433 0.117618 0.118152 0.095803 0.057373 0.120281 0.096483 0.012945 0.051629 0.033756 0.129843 0.120122 0.114815 0.123562 0.146401 0.122827 0.107130 0.133973 0.144290 0.133066 0.153976 0.127953 0.142350 0.145929 0.110361 0.132203 0.125509 0.104852 0.103217 0.120560
 1049000.049825 1.259104 0.112386 0.120619 0.107761 0.071193 0.117778 0.085630 0.013735 0.036672 0.049649 0.127980 0.125513 0.109228 0.117740 0.140881 0.114861 0.104401 0.126519 0.149228 0.141904 0.149094 0.132831 0.142147 0.146060 0.120154 0.138322 0.133941 0.102650 0.096084 0.112629
 1050000.049872 2.554693 0.109659 0.119186 0.110505 0.078873 0.119007 0.081778 0.019565 0.032492 0.050883 0.128607 0.130542 0.105024 0.114453 0.137560 0.111679 0.102770 0.122157 0.149123 0.143608 0.146704 0.134448 0.139533 0.145482 0.121877 0.142013 0.138162 0.101819 0.090174 0.113525
 1051000.049920 8.022023 0.102266 0.117283 0.120157 0.093323 0.111845 0.067752 0.034670 0.017988 0.069443 0.123050 0.132222 0.103523 0.110924 0.131368 0.104237 0.103511 0.115784 0.151007 0.151742 0.137571 0.137756 0.136300 0.139591 0.134886 0.148486 0.149710 0.106075 0.086033 0.102233
 1052000.049967 2.926180 0.106873 0.119189 0.112816 0.079665 0.117335 0.078121 0.020939 0.028803 0.054227 0.125821 0.129465 0.104323 0.112650 0.135689 0.110161 0.103262 0.120784 0.149662 0.145428 0.145792 0.137874 0.139174 0.146686 0.124165 0.144078 0.139411 0.101818 0.089353 0.109011
 1053000.050015 3.773841 0.111888 0.124076 0.117554 0.086359 0.121388 0.082053 0.023779 0.031803 0.058588 0.131866 0.135858 0.106611 0.116489 0.140513 0.112005 0.104920 0.123841 0.154377 0.149307 0.149051 0.139745 0.142546 0.149629 0.126436 0.147829 0.144267 0.105175 0.089362 0.113936
 1054000.050062 1.751867 0.113647 0.117597 0.098189 0.057826 0.120971 0.094693 0.016202 0.049248 0.033296 0.127967 0.121121 0.109412 0.116816 0.141897 0.124920 0.109000 0.130470 0.142331 0.132279 0.153746 0.131794 0.138939 0.147905 0.109319 0.132954 0.123688 0.099937 0.096938 0.118950
 1055000.050110 1.411493 0.115422 0.121415 0.104888 0.068863 0.124634 0.092948 0.014543 0.045264 0.038514 0.132712 0.129166 0.107296 0.117054 0.142817 0.121425 0.107078 0.128537 0.145970 0.136138 0.154717 0.133988 0.140511 0.150789 0.111481 0.137266 0.129153 0.100189 0.092791 0.121209
 1056000.050157 8.684258 0.118988 0.112244 0.082996 0.044376 0.123357 0.108404 0.036072 0.070713 0.010016 0.127935 0.114770 0.115550 0.121748 0.143253 0.136550 0.115331 0.136763 0.130894 0.117020 0.151995 0.123993 0.134491 0.141290 0.094409 0.121822 0.109153 0.102221 0.105379 0.128528
 1057000.050205 0.397252 0.118084 0.121307 0.102374 0.066620 0.122084 0.093121 0.007715 0.045297 0.039925 0.132383 0.125952 0.113282 0.123140 0.146096 0.118892 0.105330 0.131728 0.148320 0.138139 0.153711 0.130804 0.144091 0.148080 0.114632 0.136601 0.131219 0.105346 0.100301 0.120470
 1058000.050252 1.288226 0.113259 0.118209 0.103452 0.069980 0.120991 0.090078 0.013893 0.042289 0.041175 0.130557 0.127125 0.106225 0.115798 0.140172 0.118936 0.105189 0.126022 0.144027 0.135595 0.150542 0.131723 0.137562 0.146876 0.112326 0.136283 0.130530 0.100608 0.091195 0.119027
 1059000.050300 4.322266 0.114716 0.121362 0.106575 0.074050 0.126793 0.092811 0.025449 0.046811 0.041109 0.134247 0.132409 0.105640 0.115702 0.141322 0.121965 0.107446 0.127125 0.145701 0.136489 0.154573 0.134699 0.139023 0.151127 0.111982 0.138821 0.130826 0.100072 0.090613 0.122951
 1060000.050347 1.637419 0.110619 0.117790 0.103945 0.067257 0.120101 0.087699 0.015663 0.041254 0.039938 0.127122 0.125493 0.106475 0.114521 0.139258 0.118749 0.106296 0.125955 0.145400 0.137713 0.151115 0.134207 0.139428 0.148144 0.115284 0.137771 0.130126 0.099784 0.093149 0.115719
 1061000.050395 1.625361 0.113328 0.115286 0.095468 0.056374 0.118397 0.093735 0.015606 0.049806 0.032170 0.126164 0.118914 0.111136 0.118438 0.142047 0.123663 0.108192 0.130774 0.141752 0.131881 0.151731 0.128996 0.139004 0.144973 0.109874 0.131687 0.123746 0.101705 0.099138 0.117879
 1062000.050442 1.793219 0.108275 0.113783 0.099201 0.063032 0.116392 0.086677 0.016392 0.041944 0.038032 0.123502 0.120712 0.107972 0.114340 0.138316 0.121053 0.108441 0.126908 0.142085 0.134577 0.149739 0.132169 0.136565 0.145392 0.113748 0.135192 0.127809 0.101108 0.093638 0.113315
 1063000.050490 1.909328 0.107022 0.116619 0.107345 0.073173 0.115984 0.081044 0.016914 0.032382 0.048943 0.124731 0.125603 0.105709 0.113115 0.136919 0.115201 0.105834 0.123353 0.146754 0.141468 0.147354 0.134866 0.138060 0.145527 0.120879 0.140202 0.135291 0.101529 0.090616 0.110235
 1064000.050537 3.846180 0.112731 0.122364 0.114706 0.083143 0.116814 0.080077 0.024006 0.032004 0.060713 0.128889 0.130519 0.108655 0.119068 0.137799 0.102273 0.097397 0.120785 0.153741 0.149375 0.140550 0.131268 0.144150 0.140077 0.129452 0.142756 0.143516 0.105859 0.097658 0.110882
 1065000.050585 0.938773 0.110581 0.116985 0.102276 0.065126 0.117731 0.087684 0.011860 0.040483 0.041223 0.126334 0.122681 0.107013 0.114784 0.139037 0.118935 0.105992 0.126119 0.143764 0.135757 0.149663 0.131775 0.138005 0.145873 0.113706 0.134916 0.128312 0.099617 0.093359 0.114256
 1066000.050632 3.533934 0.104224 0.117627 0.112490 0.079633 0.116622 0.077266 0.023011 0.027756 0.054461 0.124089 0.128772 0.103976 0.110649 0.135662 0.115652 0.108281 0.122210 0.148255 0.144510 0.148647 0.141218 0.136736 0.149467 0.123602 0.145526 0.139417 0.102327 0.085494 0.107678
 1067000.050680 1.946693 0.106889 0.117788 0.109456 0.074869 0.116623 0.080569 0.017079 0.031252 0.050637 0.125022 0.126919 0.104416 0.111885 0.136277 0.113969 0.104904 0.122261 0.147412 0.142330 0.147108 0.135925 0.137817 0.146486 0.121461 0.141218 0.136407 0.100944 0.089191 0.109668
 1068000.050727 1.501503 0.122446 0.124984 0.105072 0.071286 0.126535 0.096570 0.014999 0.049556 0.041043 0.136679 0.131212 0.114696 0.126380 0.149228 0.117171 0.103776 0.133108 0.151843 0.140460 0.155594 0.130892 0.147926 0.149991 0.115708 0.138855 0.133928 0.107587 0.102478 0.125109
 1069000.050775 0.919385 0.111953 0.118616 0.106299 0.072800 0.117738 0.085005 0.011737 0.036376 0.047555 0.128519 0.126470 0.106892 0.116758 0.139012 0.111403 0.100857 0.123702 0.147532 0.140590 0.146363 0.130757 0.140175 0.143819 0.118733 0.138052 0.134803 0.102027 0.094020 0.114243
 1070000.050822 2.824569 0.107336 0.117324 0.108031 0.075165 0.119994 0.083496 0.020572 0.036606 0.045335 0.126721 0.129229 0.101560 0.110114 0.135456 0.115602 0.104779 0.121456 0.144860 0.138580 0.149000 0.136531 0.135780 0.148493 0.115901 0.140305 0.132863 0.097999 0.085416 0.113904
 1071000.050870 2.722328 0.107521 0.115205 0.102242 0.063598 0.113271 0.084321 0.020197 0.039744 0.047146 0.121593 0.118202 0.109881 0.115323 0.138420 0.118995 0.108198 0.127021 0.144737 0.138255 0.148272 0.132494 0.138874 0.144304 0.118923 0.135644 0.129672 0.102138 0.097071 0.108442
 1072000.050917 1.972351 0.119687 0.119544 0.095638 0.056380 0.124137 0.101255 0.017191 0.056378 0.028794 0.131720 0.122251 0.113863 0.122273 0.146520 0.128344 0.110639 0.135208 0.142015 0.129657 0.156298 0.129892 0.140798 0.148279 0.105380 0.131106 0.121858 0.103328 0.100868 0.125113
 1073000.050965 2.149224 0.112500 0.119637 0.106642 0.070237 0.117050 0.085397 0.017945 0.039116 0.049315 0.126462 0.124475 0.111040 0.119204 0.141150 0.113808 0.103729 0.126978 0.149914 0.142844 0.148022 0.131514 0.143809 0.144679 0.122054 0.138415 0.134816 0.104401 0.099788 0.112313
 1074000.051012 2.212409 0.123546 0.125586 0.107144 0.074102 0.122094 0.093642 0.018207 0.047105 0.051567 0.135637 0.128725 0.116634 0.129341 0.147999 0.107796 0.097336 0.130230 0.155259 0.145509 0.148668 0.126843 0.150636 0.143999 0.122872 0.138737 0.138606 0.109817 0.107978 0.121467
 1075000.051060 2.402326 0.110070 0.115196 0.098082 0.057648 0.118360 0.091630 0.018972 0.047657 0.035447 0.124499 0.119320 0.108069 0.113922 0.139303 0.125531 0.110796 0.128800 0.140589 0.131880 0.152230 0.133192 0.136478 0.147471 0.110145 0.133258 0.123654 0.099365 0.094617 0.115483
 1076000.051107 2.272997 0.119681 0.116940 0.091569 0.053259 0.122625 0.101815 0.018455 0.058170 0.025034 0.131442 0.119763 0.115112 0.123833 0.147007 0.127857 0.109521 0.135813 0.140591 0.128207 0.154895 0.126501 0.140126 0.145366 0.104820 0.129551 0.121456 0.104454 0.103413 0.125424
 1077000.051155 1.946984 0.113203 0.120136 0.105301 0.066351 0.118081 0.088726 0.017080 0.042596 0.047073 0.126527 0.123100 0.112233 0.119391 0.143041 0.119314 0.108028 0.130089 0.149098 0.141174 0.152068 0.134222 0.143327 0.148214 0.119855 0.138553 0.132605 0.104762 0.099273 0.113487
 1078000.051202 2.829080 0.111787 0.122502 0.114344 0.081836 0.122101 0.083749 0.020589 0.034551 0.052589 0.131359 0.134342 0.105768 0.115820 0.140153 0.112612 0.104151 0.123699 0.152681 0.147089 0.149565 0.138430 0.142409 0.149701 0.124127 0.146058 0.141212 0.103299 0.090489 0.115525
 1079000.051250 1.209816 0.112297 0.118461 0.102447 0.064100 0.120392 0.090346 0.013464 0.043894 0.038448 0.128103 0.124201 0.106795 0.115218 0.140124 0.119172 0.105456 0.126787 0.144756 0.136014 0.151346 0.132123 0.139508 0.147355 0.113182 0.135575 0.128014 0.099110 0.094448 0.116688
 1080000.051297 0.397903 0.117082 0.119602 0.100257 0.063389 0.120837 0.093490 0.007721 0.046774 0.037508 0.130444 0.123820 0.112738 0.122055 0.145147 0.119624 0.105420 0.131518 0.146714 0.136520 0.152954 0.129740 0.142986 0.146826 0.113415 0.135003 0.129206 0.104518 0.100348 0.119671
 1081000.051345 1.153063 0.117753 0.120066 0.100535 0.065105 0.123349 0.094583 0.013144 0.048277 0.035259 0.132176 0.126335 0.112496 0.122308 0.145773 0.120358 0.105909 0.131925 0.147015 0.136503 0.154323 0.130340 0.143231 0.147967 0.113009 0.136301 0.129963 0.104959 0.099892 0.122125
 1082000.051392 1.249585 0.120859 0.120089 0.096118 0.056816 0.122495 0.100331 0.013683 0.054928 0.032479 0.132293 0.121594 0.115812 0.125268 0.148333 0.124205 0.107248 0.135644 0.145239 0.133170 0.155310 0.127442 0.143813 0.146450 0.109578 0.131724 0.124893 0.105004 0.104796 0.124196
 1083000.051440 0.990306 0.113376 0.117006 0.099128 0.060219 0.116543 0.090529 0.012181 0.045313 0.040708 0.125586 0.118909 0.113076 0.120349 0.143153 0.120268 0.107451 0.130926 0.145353 0.136538 0.151582 0.131124 0.141330 0.146156 0.115320 0.134941 0.128607 0.104484 0.100352 0.114654
 1084000.051487 2.824558 0.114995 0.119427 0.102120 0.067722 0.125188 0.094363 0.020572 0.049374 0.033725 0.131814 0.128887 0.105322 0.115455 0.140575 0.120608 0.105112 0.126770 0.142945 0.132537 0.152632 0.130857 0.138635 0.147922 0.107834 0.134166 0.125596 0.097946 0.092181 0.122892
 1085000.051535 1.320558 0.117746 0.120692 0.100752 0.062938 0.123624 0.096161 0.014066 0.050302 0.035101 0.131521 0.125579 0.111725 0.121160 0.145586 0.121581 0.106844 0.132012 0.146602 0.135846 0.155130 0.131441 0.143043 0.149068 0.112132 0.135897 0.128167 0.103275 0.099328 0.122273
 1086000.051582 2.327080 0.106413 0.115391 0.103765 0.066550 0.116790 0.084058 0.018673 0.038981 0.042818 0.122439 0.122599 0.107046 0.112703 0.137769 0.120211 0.109509 0.126154 0.144880 0.138647 0.150917 0.137139 0.137886 0.148769 0.117945 0.139588 0.131204 0.101392 0.092132 0.110642
 1087000.051630 2.271027 0.116274 0.123919 0.110917 0.078251 0.124879 0.089359 0.018447 0.041123 0.047531 0.133735 0.134076 0.110077 0.120644 0.144652 0.115355 0.105481 0.128681 0.153335 0.145136 0.153472 0.137335 0.144960 0.151707 0.121250 0.145096 0.139319 0.106534 0.094734 0.120125
 1088000.051677 0.850638 0.119662 0.121640 0.100385 0.063304 0.124838 0.097634 0.011290 0.050717 0.033775 0.133797 0.126431 0.112275 0.122733 0.146798 0.121040 0.105549 0.132649 0.147005 0.135523 0.155667 0.130341 0.143952 0.148941 0.111047 0.135262 0.127956 0.103551 0.100311 0.124172
 1089000.051725 0.718313 0.114038 0.119542 0.102946 0.065445 0.120266 0.090385 0.010374 0.043384 0.040434 0.128829 0.124531 0.111132 0.119501 0.143612 0.119913 0.107482 0.130216 0.147486 0.138559 0.153469 0.133771 0.142290 0.148974 0.115944 0.138004 0.130951 0.103633 0.097480 0.117003
 1090000.051772 3.085042 0.119136 0.119911 0.097710 0.061799 0.126806 0.100647 0.021500 0.055870 0.027657 0.133745 0.126691 0.110334 0.120382 0.144902 0.124883 0.107350 0.132250 0.143045 0.131082 0.155565 0.129518 0.140953 0.147973 0.106346 0.132738 0.123590 0.101217 0.098495 0.127208
 1091000.051820 1.181603 0.118028 0.119604 0.098126 0.058319 0.119702 0.096027 0.013306 0.050744 0.038098 0.129483 0.120055 0.113439 0.122848 0.145217 0.118940 0.104023 0.131890 0.145804 0.134909 0.152344 0.127684 0.143516 0.145209 0.112187 0.132081 0.125822 0.103106 0.103456 0.119547
 1092000.051867 1.602784 0.111540 0.120726 0.109773 0.075127 0.119374 0.084798 0.015497 0.036215 0.049450 0.128321 0.128821 0.107362 0.116205 0.140146 0.113957 0.104299 0.125102 0.149983 0.143258 0.149369 0.135563 0.141698 0.148128 0.120911 0.141587 0.136410 0.102738 0.092850 0.113586
 1093000.051915 1.985668 0.109857 0.117244 0.103148 0.064041 0.115974 0.086840 0.017249 0.041451 0.044942 0.123844 0.120568 0.109331 0.115990 0.139602 0.118339 0.106972 0.127260 0.145957 0.138639 0.149751 0.133240 0.140435 0.146128 0.117902 0.136491 0.129634 0.101373 0.096918 0.111430
 1094000.051962 0.978041 0.113704 0.116613 0.097433 0.058942 0.118626 0.092490 0.012106 0.046917 0.035746 0.126928 0.119943 0.112355 0.119535 0.143157 0.123723 0.109129 0.131751 0.143237 0.133592 0.152962 0.130885 0.139556 0.146664 0.111614 0.133614 0.126285 0.103732 0.098759 0.117237
 1095000.052010 0.730430 0.119047 0.124229 0.107023 0.071730 0.123469 0.092470 0.010462 0.043671 0.045072 0.133772 0.129594 0.112136 0.123023 0.145890 0.114854 0.102583 0.129999 0.151841 0.141957 0.152705 0.131750 0.146302 0.148614 0.117947 0.139074 0.134531 0.105300 0.099735 0.120531
 1096000.052057 4.308764 0.112879 0.112639 0.090826 0.052758 0.120157 0.098087 0.025409 0.056963 0.024547 0.126205 0.117735 0.110332 0.116002 0.140108 0.131893 0.114128 0.131431 0.134777 0.124105 0.151781 0.129099 0.133314 0.144628 0.102017 0.128018 0.117390 0.100262 0.096596 0.121242
 1097000.052105 4.172104 0.109781 0.119929 0.111233 0.080073 0.123088 0.084764 0.025003 0.037838 0.047908 0.131008 0.133838 0.099688 0.110339 0.135285 0.112737 0.101229 0.119342 0.146402 0.140022 0.147702 0.134554 0.136901 0.147491 0.116374 0.140254 0.134407 0.096411 0.085379 0.117213
 1098000.052152 4.146635 0.107270 0.118557 0.112368 0.082082 0.119954 0.080974 0.024926 0.033716 0.051697 0.127799 0.132759 0.100750 0.110177 0.134707 0.111691 0.102794 0.119307 0.147440 0.142511 0.146611 0.137156 0.136484 0.147303 0.120083 0.143125 0.137517 0.099143 0.084169 0.113255
 1099000.052200 0.707356 0.115115 0.121521 0.107723 0.073903 0.119631 0.087151 0.010295 0.037999 0.048643 0.130634 0.128147 0.110921 0.120890 0.143105 0.112807 0.102753 0.127527 0.151116 0.143298 0.149475 0.132578 0.143894 0.146571 0.120813 0.140487 0.137101 0.105725 0.097235 0.116037
 1100000.052247 1.128625 0.119174 0.122050 0.101919 0.065813 0.122623 0.094212 0.013004 0.047788 0.040136 0.132679 0.125711 0.115112 0.125367 0.147561 0.117053 0.104140 0.132855 0.150322 0.139682 0.154129 0.130189 0.146579 0.147822 0.116638 0.137406 0.132125 0.106837 0.103934 0.120954
 1101000.052295 3.033235 0.120063 0.116903 0.090386 0.049754 0.121522 0.102652 0.021319 0.060457 0.025137 0.129643 0.117261 0.116258 0.124691 0.147259 0.127360 0.108709 0.136362 0.140766 0.127893 0.154490 0.125306 0.141711 0.144509 0.104629 0.127762 0.119218 0.104025 0.106399 0.124502
 1102000.052342 3.322931 0.119969 0.117426 0.092498 0.057379 0.124692 0.102519 0.022313 0.059055 0.025027 0.133404 0.122546 0.112441 0.122155 0.145452 0.127325 0.108301 0.133708 0.138514 0.125479 0.153564 0.124769 0.138240 0.144171 0.101190 0.127805 0.119648 0.102110 0.100477 0.127314
 1103000.052390 1.425006 0.111133 0.118319 0.104443 0.067201 0.118139 0.086789 0.014612 0.040472 0.043615 0.126057 0.123918 0.107779 0.116062 0.139551 0.115490 0.104348 0.125843 0.146696 0.139011 0.149426 0.132822 0.140819 0.146410 0.117198 0.137350 0.130806 0.100856 0.095447 0.113569
 1104000.052437 2.772107 0.112604 0.120127 0.108299 0.075941 0.123341 0.088188 0.020380 0.040732 0.044068 0.131752 0.132113 0.104122 0.114324 0.139352 0.116804 0.104681 0.124108 0.147042 0.139475 0.150875 0.134566 0.139047 0.148663 0.115837 0.140024 0.133679 0.099530 0.089134 0.119417
 1105000.052485 2.501401 0.112365 0.120063 0.106251 0.071750 0.123791 0.089818 0.019360 0.043155 0.040167 0.130467 0.129917 0.104297 0.114001 0.139438 0.118360 0.105227 0.125216 0.145558 0.136770 0.152603 0.135085 0.139131 0.150236 0.112439 0.138115 0.129434 0.098193 0.089867 0.119231
 1106000.052532 1.742065 0.113982 0.119362 0.103483 0.065380 0.116552 0.088631 0.016156 0.043040 0.046748 0.126845 0.121555 0.112199 0.120550 0.142376 0.115550 0.103781 0.128619 0.148539 0.140305 0.148794 0.129421 0.143937 0.143905 0.119178 0.135299 0.131151 0.103614 0.101921 0.113410
 1107000.052580 1.807930 0.110211 0.119850 0.109333 0.075312 0.120324 0.084119 0.016459 0.034571 0.047821 0.129106 0.129542 0.104795 0.113868 0.138318 0.115082 0.104249 0.123552 0.147899 0.141333 0.149452 0.135642 0.139282 0.148230 0.118594 0.140748 0.135295 0.100398 0.090040 0.114469
 1108000.052627 1.632046 0.117600 0.121497 0.103441 0.069623 0.125004 0.094253 0.015638 0.047663 0.037665 0.133125 0.129438 0.111359 0.121325 0.145588 0.120741 0.107188 0.131380 0.147687 0.137252 0.155702 0.133672 0.142977 0.150908 0.112912 0.138466 0.130979 0.104595 0.096608 0.122996
 1109000.052675 2.083459 0.107647 0.117786 0.108421 0.072947 0.118209 0.082774 0.017668 0.034996 0.047195 0.125605 0.127120 0.102785 0.110954 0.135762 0.113913 0.103852 0.121485 0.146052 0.140230 0.147613 0.135350 0.137559 0.146980 0.118501 0.139761 0.133414 0.098330 0.088714 0.111771
 1110000.052722 0.806848 0.116490 0.119154 0.099032 0.061037 0.121435 0.094534 0.010995 0.048406 0.034605 0.130280 0.123180 0.110417 0.119965 0.143473 0.119300 0.103793 0.129986 0.144975 0.134266 0.152079 0.128062 0.141718 0.145660 0.110798 0.132806 0.126344 0.101460 0.099571 0.120179
 1111000.052770 2.828400 0.119810 0.116123 0.089614 0.049680 0.119098 0.100972 0.020586 0.059024 0.029335 0.128772 0.115275 0.119621 0.127558 0.148922 0.127037 0.109411 0.138384 0.142184 0.129877 0.154516 0.124904 0.142813 0.143724 0.107917 0.128530 0.121513 0.107530 0.109366 0.122383
 1112000.052817 2.970636 0.109921 0.110598 0.091042 0.050998 0.112796 0.091493 0.021098 0.050625 0.034521 0.120360 0.111716 0.113267 0.118050 0.140216 0.125711 0.111070 0.131413 0.138166 0.129321 0.149710 0.128448 0.135932 0.142571 0.109855 0.129406 0.121400 0.103487 0.100591 0.113066
 1113000.052865 2.817884 0.119926 0.118500 0.093330 0.054453 0.124275 0.101888 0.020548 0.058302 0.024219 0.131459 0.121224 0.114461 0.123536 0.146806 0.126430 0.108458 0.135362 0.142063 0.129431 0.155857 0.127740 0.142144 0.146631 0.105536 0.130115 0.120663 0.103194 0.103849 0.125891
 1114000.052912 0.478528 0.120661 0.122607 0.101021 0.063460 0.123842 0.097008 0.008468 0.049395 0.037199 0.133822 0.125509 0.114149 0.124613 0.147721 0.119622 0.104399 0.133271 0.148530 0.137011 0.155053 0.129340 0.145623 0.148242 0.112844 0.134929 0.129045 0.104925 0.102953 0.123055
 1115000.052960 1.457337 0.106880 0.115852 0.105511 0.070134 0.115035 0.082199 0.014777 0.034397 0.047482 0.123526 0.123270 0.106120 0.112737 0.137123 0.117406 0.107207 0.124276 0.144942 0.139099 0.148176 0.135017 0.136941 0.146315 0.118366 0.138614 0.132820 0.101202 0.090284 0.109582
 1116000.053007 3.411697 0.115704 0.112384 0.087479 0.047657 0.117334 0.099573 0.022610 0.058910 0.025822 0.125183 0.113431 0.116866 0.122501 0.144529 0.131441 0.113794 0.136238 0.136922 0.125565 0.152718 0.126849 0.136903 0.143431 0.104322 0.127309 0.118401 0.105585 0.103909 0.120744
 1117000.053055 3.264728 0.118596 0.115332 0.088810 0.048393 0.120418 0.102535 0.022117 0.060417 0.024277 0.128216 0.115839 0.115842 0.123257 0.145699 0.129182 0.110218 0.136229 0.138533 0.125681 0.153612 0.125190 0.139156 0.143515 0.102810 0.126325 0.117156 0.103676 0.104788 0.123739
 1118000.053102 0.850521 0.115001 0.120468 0.104182 0.067388 0.119381 0.089179 0.011289 0.042389 0.044253 0.129464 0.124535 0.110857 0.120568 0.142824 0.114164 0.102545 0.128053 0.148991 0.140230 0.150145 0.130990 0.143850 0.146225 0.117813 0.137309 0.132517 0.103630 0.099910 0.115803
 1119000.053150 1.364539 0.109758 0.118917 0.107001 0.070478 0.118224 0.085078 0.014299 0.036213 0.047221 0.127021 0.125428 0.106628 0.114344 0.139162 0.117844 0.106818 0.125617 0.146673 0.139785 0.150469 0.135594 0.138788 0.148366 0.117831 0.139203 0.132939 0.100935 0.091512 0.112534
 1120000.053197 0.849012 0.116543 0.119514 0.100224 0.062359 0.121844 0.094496 0.011279 0.048267 0.035530 0.130317 0.124220 0.111971 0.120935 0.144991 0.121331 0.106739 0.131644 0.146563 0.136427 0.154063 0.131049 0.142795 0.148052 0.113248 0.135795 0.128730 0.103585 0.099620 0.120519
 1121000.053245 2.028769 0.113343 0.114731 0.095011 0.058011 0.120254 0.094841 0.017435 0.050883 0.029419 0.127530 0.120734 0.110045 0.117253 0.141589 0.126676 0.110431 0.130739 0.139553 0.129561 0.152641 0.130232 0.136540 0.146226 0.106984 0.131965 0.123299 0.101706 0.096031 0.120066
 1122000.053292 1.082618 0.113572 0.118682 0.102571 0.064645 0.118304 0.089664 0.012736 0.042806 0.042907 0.128419 0.122737 0.109890 0.118625 0.141803 0.117550 0.104563 0.128044 0.146543 0.138114 0.150059 0.130283 0.141562 0.145207 0.116209 0.135390 0.130200 0.101866 0.098518 0.115624
 1123000.053340 2.608478 0.109839 0.115559 0.099754 0.061316 0.119968 0.091108 0.019770 0.046761 0.034786 0.126048 0.122437 0.104797 0.112113 0.137718 0.122513 0.107977 0.125931 0.140880 0.132459 0.151116 0.132666 0.136076 0.146948 0.110161 0.134004 0.124495 0.096865 0.092028 0.116946
 1124000.053387 1.526747 0.115848 0.117088 0.098627 0.062652 0.115828 0.090568 0.015125 0.046101 0.042679 0.127014 0.119539 0.114560 0.123373 0.143663 0.115915 0.102646 0.130295 0.146399 0.137165 0.148012 0.125125 0.143306 0.141113 0.116196 0.132315 0.129532 0.105716 0.104453 0.115841
 1125000.053435 4.262706 0.110302 0.120613 0.114713 0.084734 0.117546 0.080139 0.025273 0.032170 0.059014 0.128307 0.132249 0.105881 0.115384 0.137570 0.108596 0.102121 0.121229 0.151216 0.146762 0.144200 0.134818 0.140399 0.144150 0.125835 0.143947 0.142311 0.104370 0.090236 0.111616
 1126000.053482 1.879087 0.123573 0.122837 0.099357 0.064190 0.124168 0.098408 0.016780 0.053433 0.037836 0.134399 0.125330 0.119155 0.130281 0.151079 0.117173 0.103243 0.136044 0.151301 0.139451 0.155502 0.127826 0.149673 0.147452 0.116239 0.136367 0.131896 0.110263 0.109538 0.124724
 1127000.053530 0.727103 0.117469 0.121723 0.103057 0.064233 0.122416 0.093835 0.010438 0.046575 0.039698 0.131454 0.125394 0.111484 0.121165 0.145037 0.118646 0.104801 0.130692 0.148389 0.138280 0.153666 0.131296 0.144174 0.148386 0.114857 0.136442 0.130126 0.103034 0.100129 0.119997
 1128000.053577 2.145624 0.121659 0.117695 0.091841 0.055643 0.120655 0.100256 0.017930 0.057192 0.031086 0.131111 0.118922 0.118349 0.128514 0.148938 0.120688 0.103961 0.136083 0.144499 0.132154 0.153246 0.123110 0.144611 0.142803 0.109619 0.129850 0.124823 0.107632 0.109050 0.124272
 1129000.053625 2.870984 0.107659 0.118612 0.111582 0.079978 0.118461 0.080169 0.020741 0.031113 0.052024 0.127338 0.130802 0.103581 0.112409 0.136580 0.112612 0.104372 0.121484 0.148555 0.143621 0.147191 0.136880 0.137937 0.146954 0.121887 0.143427 0.138664 0.101414 0.087016 0.111790
 1130000.053672 1.089778 0.115170 0.120538 0.102811 0.063977 0.122257 0.093616 0.012778 0.046571 0.038313 0.129950 0.125192 0.109291 0.117871 0.143154 0.122025 0.107791 0.130007 0.145835 0.135989 0.154364 0.133479 0.141192 0.149687 0.112300 0.136005 0.127577 0.100987 0.095703 0.119295
 1131000.053720 1.582937 0.112696 0.119797 0.106788 0.073538 0.120903 0.087234 0.015401 0.039621 0.045062 0.129578 0.128932 0.110338 0.118889 0.143231 0.119047 0.108751 0.129259 0.149441 0.141836 0.153483 0.137149 0.141699 0.150604 0.119236 0.142756 0.136225 0.105958 0.093525 0.116612
 1132000.053767 2.198753 0.111631 0.120434 0.109795 0.075348 0.117946 0.082817 0.018151 0.034799 0.051655 0.127883 0.127890 0.108219 0.117621 0.139105 0.109156 0.100782 0.123564 0.151171 0.145179 0.145673 0.131974 0.143192 0.143716 0.124274 0.140761 0.138049 0.103422 0.096897 0.112215
 1133000.053815 1.043582 0.115842 0.121091 0.103812 0.066582 0.122413 0.091668 0.012505 0.044779 0.039486 0.130716 0.126553 0.109021 0.119056 0.142449 0.115985 0.102370 0.127770 0.147851 0.138204 0.151530 0.130868 0.143485 0.147318 0.114555 0.136158 0.129995 0.101101 0.098428 0.119254
 1134000.053862 0.770152 0.116443 0.120622 0.102698 0.066295 0.122525 0.092831 0.010742 0.045611 0.038143 0.131877 0.126533 0.109289 0.119621 0.143430 0.117344 0.103327 0.128637 0.147080 0.137127 0.152220 0.130115 0.142455 0.147245 0.113396 0.135883 0.129720 0.101561 0.097589 0.120296
 1135000.053910 2.383962 0.112455 0.118417 0.102381 0.065675 0.123057 0.092596 0.018900 0.046922 0.035856 0.129049 0.126504 0.105579 0.113845 0.139862 0.123063 0.108590 0.127270 0.142873 0.133700 0.153645 0.134645 0.137643 0.149832 0.110043 0.136041 0.126298 0.098219 0.090923 0.119984
 1136000.053957 3.345327 0.104669 0.118261 0.112682 0.078575 0.117322 0.079044 0.022389 0.029406 0.053889 0.124985 0.129139 0.101498 0.108569 0.134644 0.115588 0.107247 0.120662 0.147252 0.143284 0.148257 0.140002 0.135955 0.149009 0.122140 0.143695 0.137454 0.099161 0.083912 0.108742
 1137000.054005 1.525546 0.109690 0.118556 0.107830 0.073439 0.118049 0.084000 0.015119 0.034817 0.048544 0.126960 0.127052 0.106906 0.115109 0.139172 0.115643 0.106036 0.125138 0.148113 0.141890 0.149390 0.135634 0.139449 0.147244 0.120390 0.141238 0.135833 0.102645 0.091121 0.113101
 1138000.054052 1.128107 0.114394 0.120095 0.103546 0.066032 0.123002 0.092679 0.013001 0.045369 0.037617 0.130545 0.126916 0.106117 0.115493 0.140981 0.120108 0.105495 0.127122 0.144666 0.135129 0.152706 0.132694 0.139554 0.148857 0.110962 0.135586 0.127650 0.098602 0.092863 0.120021
 1139000.054100 2.018720 0.111260 0.121123 0.111188 0.076387 0.117964 0.082390 0.017392 0.033322 0.053389 0.127820 0.128408 0.108403 0.117312 0.139417 0.110142 0.101939 0.124045 0.151923 0.146233 0.146353 0.133744 0.143254 0.145002 0.125344 0.142014 0.139429 0.104172 0.096229 0.111521
 1140000.054147 2.019435 0.110855 0.117894 0.104664 0.069647 0.120782 0.088039 0.017395 0.041363 0.040960 0.128074 0.127190 0.106931 0.114649 0.140182 0.121708 0.109309 0.127168 0.145342 0.137656 0.152643 0.135621 0.138310 0.149530 0.115144 0.139143 0.131462 0.101443 0.090937 0.116571
 1141000.054195 1.986905 0.114857 0.122342 0.109340 0.077060 0.123948 0.088514 0.017254 0.039952 0.045915 0.133090 0.132789 0.106344 0.117391 0.141201 0.113396 0.102036 0.125120 0.149741 0.141444 0.150697 0.133922 0.141667 0.148937 0.117309 0.141042 0.135813 0.102291 0.091929 0.119552
 1142000.054242 1.507551 0.112407 0.117338 0.099660 0.060536 0.119671 0.091443 0.015029 0.045715 0.036665 0.127009 0.121531 0.110185 0.117313 0.141837 0.123204 0.109024 0.130163 0.143802 0.134664 0.153238 0.132724 0.139518 0.147929 0.112509 0.134944 0.126717 0.101674 0.096998 0.116735
 1143000.054290 3.224977 0.114897 0.114610 0.093608 0.057455 0.120626 0.096409 0.021982 0.054001 0.028239 0.127093 0.120278 0.113107 0.120071 0.143037 0.127277 0.111233 0.132930 0.140397 0.130163 0.153260 0.129717 0.138365 0.145830 0.108223 0.132025 0.123214 0.104212 0.099766 0.121528
 1144000.054337 1.946503 0.121727 0.124224 0.103083 0.066922 0.127279 0.098228 0.017078 0.051875 0.036017 0.135690 0.129655 0.113157 0.124424 0.148024 0.118953 0.104305 0.132924 0.149667 0.137809 0.156330 0.130554 0.146710 0.149766 0.113017 0.136617 0.129651 0.104404 0.102156 0.125945
 1145000.054385 2.106619 0.117660 0.122517 0.107625 0.076368 0.123213 0.090340 0.017766 0.043582 0.046114 0.133419 0.131566 0.111603 0.122611 0.144996 0.114229 0.103527 0.128893 0.151257 0.142263 0.151751 0.133020 0.144864 0.148729 0.118531 0.141111 0.136531 0.106746 0.097335 0.120510
 1146000.054432 1.015977 0.118523 0.119115 0.096972 0.059183 0.122374 0.097396 0.012338 0.051805 0.031471 0.131685 0.122687 0.112327 0.122129 0.145392 0.121973 0.105365 0.132215 0.143857 0.132285 0.153407 0.127257 0.142055 0.145738 0.108409 0.131343 0.124411 0.102313 0.101414 0.122787
 1147000.054480 2.238347 0.116504 0.122434 0.106990 0.073823 0.126007 0.092527 0.018313 0.045590 0.040945 0.134009 0.132497 0.107631 0.118486 0.143335 0.118022 0.105104 0.127941 0.148475 0.138875 0.154237 0.134619 0.142130 0.151218 0.114073 0.140089 0.132917 0.102261 0.092965 0.122763
 1148000.054527 1.194848 0.111468 0.119647 0.107212 0.072729 0.119772 0.085710 0.013380 0.036575 0.046022 0.128638 0.127845 0.108370 0.116614 0.141011 0.117818 0.106845 0.127044 0.148485 0.141218 0.151378 0.135447 0.140483 0.148844 0.118846 0.140710 0.135040 0.103407 0.092615 0.114719
 1149000.054575 1.762403 0.110782 0.117403 0.103911 0.068603 0.118956 0.087767 0.016250 0.041231 0.041785 0.127053 0.125447 0.106492 0.114495 0.139187 0.119359 0.106909 0.125899 0.144664 0.136857 0.150144 0.132828 0.138335 0.146708 0.114557 0.136549 0.129587 0.099916 0.091875 0.115416
 1150000.054622 0.735939 0.115387 0.118892 0.102967 0.070221 0.119420 0.089439 0.010501 0.041637 0.043332 0.130528 0.126188 0.109889 0.120083 0.142015 0.114259 0.101505 0.127140 0.146992 0.138289 0.148344 0.128016 0.141116 0.143584 0.115801 0.135844 0.132933 0.103989 0.097016 0.118277
 1151000.054670 2.116864 0.119344 0.123555 0.106219 0.073171 0.126481 0.094666 0.017810 0.047486 0.040922 0.135470 0.132460 0.110205 0.121795 0.145430 0.116636 0.103300 0.129626 0.150129 0.139823 0.153872 0.131823 0.144714 0.149292 0.115162 0.139108 0.133371 0.104139 0.097321 0.124504
 1152000.054717 3.761308 0.116383 0.119489 0.100142 0.063899 0.126999 0.099625 0.023740 0.054774 0.030312 0.133201 0.128063 0.102985 0.113020 0.139476 0.125035 0.106557 0.126549 0.138932 0.127463 0.152547 0.129518 0.135499 0.147207 0.101724 0.130424 0.120493 0.094333 0.090175 0.126287
 1153000.054765 3.160209 0.118378 0.117600 0.093964 0.054477 0.122679 0.100230 0.021760 0.057342 0.027394 0.129363 0.120406 0.115025 0.122886 0.146253 0.127160 0.110097 0.135469 0.142604 0.130907 0.155557 0.129044 0.141722 0.146948 0.108102 0.131549 0.122359 0.104252 0.103821 0.123904
 1154000.054812 3.359113 0.106774 0.119567 0.113648 0.081294 0.119495 0.080336 0.022435 0.030256 0.053403 0.127516 0.131820 0.101662 0.110210 0.135661 0.114192 0.105498 0.120795 0.148459 0.143908 0.148722 0.140251 0.136952 0.149903 0.121446 0.144737 0.138447 0.099759 0.083879 0.111660
 1155000.054860 1.605396 0.112577 0.121141 0.109727 0.076924 0.121080 0.085656 0.015510 0.036621 0.048669 0.130633 0.130808 0.106688 0.116809 0.140454 0.113118 0.103364 0.124894 0.149818 0.142581 0.149758 0.135532 0.141020 0.148466 0.119390 0.142216 0.137130 0.103188 0.091352 0.115949
 1156000.054907 1.579532 0.114555 0.120953 0.106618 0.069677 0.116534 0.087707 0.015384 0.040482 0.051389 0.127868 0.123372 0.111500 0.120335 0.142172 0.113575 0.103067 0.127587 0.149543 0.141703 0.148111 0.130607 0.143534 0.144490 0.120370 0.136708 0.133454 0.104094 0.099703 0.112802
 1157000.054955 1.391906 0.115851 0.119305 0.101172 0.064236 0.118534 0.091591 0.014441 0.045719 0.042337 0.128405 0.122360 0.113237 0.122130 0.143887 0.116994 0.103678 0.130352 0.148038 0.138691 0.150279 0.128461 0.144195 0.144229 0.116752 0.134644 0.130127 0.104513 0.102537 0.117201
 1158000.055002 2.019994 0.111391 0.114899 0.097094 0.058923 0.118511 0.091474 0.017397 0.047765 0.033291 0.124892 0.120085 0.110217 0.116786 0.140920 0.123875 0.109535 0.129963 0.142034 0.133014 0.152183 0.131652 0.138360 0.146635 0.111375 0.133886 0.125246 0.101898 0.097005 0.116520
 1159000.055050 1.424980 0.112165 0.116658 0.099461 0.060397 0.118313 0.090634 0.014612 0.045716 0.037252 0.126011 0.120847 0.109518 0.117072 0.140984 0.120484 0.106720 0.128726 0.143887 0.134992 0.151088 0.130825 0.139803 0.145899 0.113131 0.134095 0.126732 0.101032 0.097653 0.115743
 1160000.055097 1.230014 0.113266 0.116929 0.098017 0.060146 0.119979 0.092990 0.013576 0.047799 0.033804 0.127602 0.121714 0.109770 0.117533 0.141906 0.122752 0.107658 0.129922 0.142732 0.132774 0.152491 0.130475 0.138949 0.146636 0.109997 0.133272 0.125266 0.101126 0.096597 0.118204
