1040000.049397	56.192 171.766
1041000.049445	66.452 -175.581
1042000.049492	55.9496 -164.138
1043000.049540	55.4183 -173.231
1044000.049587	59.1514 176.748
1045000.049635	56.2019 -179.873
1046000.049682	62.9375 168.43
1047000.049730	57.3814 -160.349
1048000.049777	58.6771 -167.618
1049000.049825	62.6079 177.545
1050000.049872	67.65 166.038
1051000.049920	75.0211 144.469
1052000.049967	63.3471 159.367
1053000.050015	65.1767 163.798
1054000.050062	55.2801 -176.068
1055000.050110	49.4157 -178.135
1056000.050157	53.7768 -157.79
1057000.050205	64.4076 -177.472
1058000.050252	56.0472 178.605
1059000.050300	66.1267 177.137
1060000.050347	59.144 174.649
1061000.050395	61.8463 -172.329
1062000.050442	55.9413 176.151
1063000.050490	61.9563 176.095
1064000.050537	74.0955 162.418
1065000.050585	56.7686 177.136
1066000.050632	59.4471 169.894
1067000.050680	58.4744 160.773
1068000.050727	67.2065 -177.48
1069000.050775	63.5384 175.327
1070000.050822	63.7572 167.699
1071000.050870	54.7582 176.019
1072000.050917	51.6695 -167.87
1073000.050965	64.5389 172.362
1074000.051012	82.0563 176.476
1075000.051060	48.865 -172.446
1076000.051107	63.7623 -161.908
1077000.051155	54.7161 179.135
1078000.051202	69.3669 156.9
1079000.051250	59.3355 -179.563
1080000.051297	62.5017 -175.686
1081000.051345	56.488 -173.891
1082000.051392	59.4306 -168.354
1083000.051440	53.6446 -177.749
1084000.051487	59.0393 -178.286
1085000.051535	59.4052 -175.75
1086000.051582	56.6808 170.757
1087000.051630	70.0149 169.867
1088000.051677	55.2039 -172.344
1089000.051725	51.2726 -177.12
1090000.051772	57.9481 -172.556
1091000.051820	52.8499 -170.165
1092000.051867	64.119 159.751
1093000.051915	56.7111 177.017
1094000.051962	61.0538 -173.109
1095000.052010	64.0111 175.742
1096000.052057	56.8511 -169.392
1097000.052105	64.1702 163.14
1098000.052152	59.4629 162.177
1099000.052200	64.9663 172.47
1100000.052247	65.9887 -179.277
1101000.052295	58.6493 -165.963
1102000.052342	54.6458 -163.602
1103000.052390	53.6903 176.626
1104000.052437	56.205 171.939
1105000.052485	51.3777 176.002
1106000.052532	66.1105 -179.396
1107000.052580	55.7078 170.861
1108000.052627	58.4494 175.643
1109000.052675	50.0887 164.946
1110000.052722	59.3761 -178.265
1111000.052770	63.5364 -156.956
1112000.052817	51.977 -169.709
1113000.052865	66.2477 -169.181
1114000.052912	59.4315 177.668
1115000.052960	59.3936 172.696
1116000.053007	48.5976 -161.631
1117000.053055	58.2154 -162.572
1118000.053102	65.061 -178.842
1119000.053150	51.6864 172.71
1120000.053197	60.2715 -179.963
1121000.053245	52.5921 -168.243
1122000.053292	60.8541 -172.777
1123000.053340	48.8758 -173.181
1124000.053387	70.8242 -176.823
1125000.053435	59.7618 159.455
1126000.053482	79.8774 -176.981
1127000.053530	55.183 -176.818
1128000.053577	75.9003 -164.292
1129000.053625	64.8479 168.37
1130000.053672	48.1516 -173.314
1131000.053720	60.7554 179.103
1132000.053767	69.064 169.15
1133000.053815	64.5637 175.91
1134000.053862	60.7184 175.756
1135000.053910	47.1113 -176.106
1136000.053957	47.9301 173.568
1137000.054005	52.63 177.976
1138000.054052	49.6622 -177.225
1139000.054100	73.0949 159.657
1140000.054147	47.0783 177.996
1141000.054195	69.1666 167.017
1142000.054242	56.1515 -173.869
1143000.054290	63.7926 -171.804
1144000.054337	68.1742 179.671
1145000.054385	69.0903 171.541
1146000.054432	68.5934 -173.224
1147000.054480	66.5726 175.813
1148000.054527	64.3666 167.683
1149000.054575	57.5658 175.123
1150000.054622	72.2016 174.521
1151000.054670	69.3169 177.702
1152000.054717	44.8187 -173.812
1153000.054765	55.3051 -173.646
1154000.054812	61.8363 163.448
1155000.054860	61.2468 178.226
1156000.054907	58.565 177.395
1157000.054955	71.2207 178.82
1158000.055002	60.9649 179.431
1159000.055050	55.2657 -175.042
1160000.055097	63.4727 -179.859
