#! FIELDS time restraint.bias r0 r1 r2 r3 r4 r5 r6 r7 r8 r9 r10 r11 r12 r13 r14 r15 r16 r17 r18 r19 r20 r21 r22 r23 r24 r25 r26 r27 r28 r29 r30 r31 r32 r33 r34 r35 r36 r37 r38 r39 r40 r41 r42 r43 r44 r45 r46 r47 r48 r49 r50 r51 r52 r53 r54 r55 r56 r57 r58 r59
120000.005700 1.434606 0.039081 0.069953 0.060564 0.106555 0.117977 0.099838 0.026543 0.054716 0.087010 0.113250 0.088769 0.100613 0.102375 0.078459 0.066644 0.090984 0.055664 0.066693 0.109875 0.048402 0.109220 0.076575 0.053462 0.074942 0.094335 0.111124 0.043372 0.115726 0.124292 0.080028 0.082039 0.097314 0.119630 0.112578 0.151429 0.140454 0.126052 0.103916 0.052678 0.083380 0.107408 0.111236 0.130334 0.124712 0.135836 0.124447 0.111879 0.117829 0.148855 0.139537 0.108741 0.059434 0.148508 0.126699 0.130449 0.075823 0.093194 0.006185 0.120143 0.074796
121000.005747 5.812472 0.041016 0.070910 0.064742 0.107517 0.120227 0.101843 0.029606 0.059760 0.089972 0.114913 0.093330 0.104303 0.104346 0.082219 0.069709 0.092488 0.060850 0.071391 0.112555 0.052644 0.109044 0.072503 0.048707 0.070979 0.090407 0.109456 0.040183 0.112855 0.121993 0.076140 0.078488 0.094837 0.118177 0.111911 0.153200 0.141935 0.125163 0.100706 0.047777 0.079999 0.107210 0.108767 0.128735 0.124795 0.134927 0.122813 0.110249 0.116249 0.151008 0.137821 0.105710 0.054459 0.148513 0.125207 0.129974 0.072484 0.097481 0.012450 0.119139 0.070827
122000.005795 5.991279 0.041980 0.076074 0.064772 0.111644 0.121529 0.105606 0.027881 0.053920 0.092109 0.115212 0.093440 0.098125 0.100473 0.075009 0.071843 0.095978 0.053522 0.068702 0.109880 0.050706 0.109074 0.076254 0.054688 0.079731 0.094545 0.113392 0.044535 0.117019 0.124608 0.082949 0.080232 0.104788 0.126452 0.118712 0.156230 0.146187 0.132400 0.107205 0.057855 0.089964 0.111156 0.111300 0.134536 0.131473 0.141299 0.131008 0.118782 0.123641 0.153536 0.141447 0.107293 0.062637 0.152929 0.132017 0.136599 0.078610 0.089859 0.012640 0.124998 0.080985
123000.005842 5.601176 0.039082 0.070971 0.056663 0.108435 0.119955 0.101610 0.019296 0.046388 0.086032 0.114473 0.085971 0.097112 0.101734 0.073225 0.067052 0.090383 0.046832 0.063964 0.111116 0.043114 0.112025 0.083081 0.063274 0.084030 0.098492 0.114393 0.050011 0.118671 0.127513 0.086970 0.087326 0.106122 0.127653 0.117111 0.152075 0.142648 0.131920 0.107648 0.062961 0.092452 0.109538 0.115900 0.138258 0.129755 0.142971 0.133040 0.118642 0.126090 0.149972 0.145095 0.112568 0.067567 0.153001 0.133710 0.133992 0.085114 0.088789 0.012221 0.127636 0.084078
124000.005890 5.636361 0.032023 0.064959 0.054282 0.105178 0.119416 0.097277 0.019642 0.049502 0.081812 0.115703 0.083604 0.104293 0.106319 0.081215 0.061572 0.086622 0.056148 0.061249 0.113592 0.042718 0.112586 0.081425 0.057488 0.074811 0.097480 0.112284 0.049836 0.117614 0.127522 0.081736 0.087146 0.097179 0.121020 0.111022 0.150817 0.139099 0.126052 0.104570 0.053575 0.082282 0.106499 0.115333 0.133196 0.123537 0.137869 0.124426 0.111122 0.119455 0.148037 0.143821 0.114036 0.062709 0.150191 0.129932 0.128729 0.077651 0.095492 0.012260 0.123468 0.074459
125000.005937 3.195733 0.035006 0.069274 0.057748 0.107680 0.119454 0.099925 0.023748 0.051047 0.084949 0.115267 0.086771 0.101791 0.103938 0.079096 0.063701 0.090423 0.055067 0.062040 0.111266 0.044906 0.111670 0.081461 0.057505 0.078403 0.098940 0.115301 0.048611 0.120258 0.128976 0.084585 0.086711 0.100594 0.123725 0.115716 0.154380 0.143124 0.129808 0.108260 0.056635 0.086082 0.110524 0.115956 0.134451 0.127667 0.140270 0.127631 0.115324 0.121252 0.151115 0.144409 0.113171 0.065005 0.152519 0.131536 0.133903 0.080007 0.092961 0.009231 0.124143 0.078021
126000.005985 15.284772 0.048407 0.078528 0.073168 0.113420 0.125237 0.108404 0.039109 0.066988 0.097411 0.119139 0.100026 0.107700 0.107581 0.086193 0.076745 0.099850 0.066448 0.078238 0.115899 0.060692 0.111609 0.066216 0.041172 0.066617 0.086153 0.106090 0.035307 0.109638 0.118611 0.070667 0.073774 0.094877 0.118302 0.110921 0.155121 0.143181 0.124966 0.097732 0.043203 0.078140 0.105377 0.104431 0.127887 0.124573 0.134156 0.122455 0.109867 0.116651 0.153107 0.136264 0.103056 0.048565 0.148453 0.125396 0.130577 0.065338 0.100704 0.020189 0.119738 0.067915
127000.006032 7.288760 0.031481 0.065998 0.055693 0.105810 0.117988 0.096339 0.028031 0.054359 0.081156 0.116234 0.083946 0.106373 0.107386 0.084851 0.058478 0.088236 0.060657 0.058856 0.112695 0.043549 0.113620 0.083428 0.056782 0.075532 0.101585 0.116682 0.050529 0.122127 0.131333 0.084810 0.089914 0.095340 0.119803 0.113673 0.154331 0.141552 0.127293 0.109018 0.053287 0.080950 0.110856 0.118305 0.132148 0.124452 0.137768 0.122677 0.111813 0.117042 0.150271 0.145088 0.116094 0.064577 0.151638 0.129471 0.132494 0.078187 0.097533 0.013942 0.121643 0.073627
128000.006080 6.956196 0.031824 0.062024 0.049961 0.100928 0.114427 0.093194 0.014145 0.045821 0.078547 0.110847 0.080671 0.099281 0.101784 0.076384 0.059659 0.082296 0.050858 0.059223 0.109062 0.039843 0.109409 0.087185 0.065510 0.082841 0.102085 0.117221 0.054392 0.121825 0.130983 0.089004 0.090829 0.101133 0.123174 0.115524 0.149381 0.139609 0.128658 0.109652 0.061998 0.088824 0.110895 0.119414 0.134802 0.126946 0.139743 0.127910 0.115173 0.120765 0.146851 0.144986 0.115829 0.069428 0.150834 0.130272 0.130814 0.086047 0.091736 0.013620 0.123475 0.081848
129000.006127 8.031595 0.032832 0.064702 0.055700 0.104572 0.118858 0.097245 0.020814 0.052320 0.082525 0.115198 0.085684 0.105153 0.106018 0.082250 0.062209 0.086502 0.057691 0.063217 0.113588 0.043097 0.111840 0.082357 0.058595 0.077004 0.098780 0.114975 0.050622 0.119584 0.129232 0.083831 0.087680 0.097724 0.121557 0.113948 0.153005 0.141807 0.127782 0.106443 0.054505 0.083611 0.110029 0.116925 0.133638 0.126147 0.139090 0.125459 0.112763 0.119682 0.150448 0.144447 0.114141 0.063218 0.151885 0.129872 0.131004 0.080299 0.097123 0.014635 0.123268 0.075767
130000.006175 12.216087 0.023266 0.060407 0.045969 0.102054 0.115117 0.091450 0.018847 0.043770 0.074070 0.113788 0.075893 0.103149 0.105405 0.081101 0.052381 0.082236 0.055155 0.050257 0.110424 0.034718 0.112809 0.091659 0.066280 0.081627 0.108068 0.119867 0.060103 0.127026 0.135791 0.091355 0.096154 0.099059 0.122398 0.114145 0.150726 0.138711 0.128065 0.113937 0.061001 0.085706 0.111290 0.123423 0.134672 0.124410 0.139482 0.124603 0.113595 0.119653 0.146381 0.148113 0.122297 0.073235 0.151194 0.132573 0.131021 0.084934 0.093277 0.018049 0.124337 0.079932
131000.006222 5.062016 0.033707 0.065417 0.058511 0.103656 0.116472 0.095828 0.026958 0.056998 0.083897 0.113393 0.087581 0.104864 0.104821 0.083508 0.062265 0.088059 0.060908 0.064425 0.110865 0.047361 0.109118 0.078939 0.053093 0.072548 0.097011 0.113492 0.046728 0.118257 0.127047 0.080948 0.084432 0.092643 0.116304 0.111706 0.152077 0.140177 0.124401 0.105339 0.049301 0.079014 0.108920 0.113785 0.127998 0.123172 0.134056 0.120213 0.109181 0.113816 0.148988 0.140077 0.111351 0.059400 0.148280 0.124772 0.129316 0.075060 0.098038 0.011618 0.117804 0.071204
132000.006270 3.022492 0.035429 0.067740 0.056827 0.106912 0.119841 0.099297 0.021520 0.050527 0.084554 0.115292 0.086325 0.101913 0.104319 0.078877 0.064014 0.089281 0.054602 0.063216 0.112322 0.045379 0.111475 0.081257 0.058259 0.078088 0.097587 0.114252 0.048144 0.118814 0.127759 0.083775 0.085880 0.100308 0.123656 0.114891 0.153775 0.142620 0.129339 0.106802 0.056527 0.085684 0.109552 0.115181 0.134413 0.127279 0.140110 0.127606 0.114876 0.121172 0.150850 0.143741 0.112397 0.064177 0.152256 0.131146 0.132664 0.080130 0.093805 0.008978 0.124352 0.077978
133000.006317 10.292156 0.050001 0.081493 0.069765 0.113014 0.119608 0.108283 0.033725 0.056990 0.096680 0.111908 0.096098 0.091315 0.094645 0.068754 0.078174 0.099692 0.049080 0.074573 0.105788 0.054040 0.105163 0.071794 0.054681 0.082808 0.090738 0.110330 0.040123 0.113447 0.119057 0.081963 0.073894 0.107556 0.126479 0.120008 0.154227 0.145721 0.132391 0.106184 0.059998 0.093675 0.110653 0.105616 0.132000 0.132148 0.138807 0.131955 0.120731 0.123931 0.152189 0.135672 0.100784 0.060235 0.149616 0.129128 0.137067 0.077660 0.084536 0.016567 0.122967 0.084681
134000.006365 6.514037 0.032704 0.062588 0.054083 0.101497 0.115557 0.094487 0.019462 0.050692 0.081007 0.111758 0.084586 0.102557 0.103286 0.079971 0.061420 0.084327 0.056701 0.062325 0.109886 0.044976 0.108502 0.083505 0.059739 0.076954 0.099562 0.114950 0.051995 0.120080 0.129460 0.084502 0.088066 0.096596 0.119374 0.112529 0.149709 0.138876 0.125538 0.107028 0.056152 0.083780 0.108948 0.116941 0.131251 0.124431 0.136586 0.123759 0.111135 0.117291 0.147084 0.142671 0.114550 0.065262 0.149011 0.127478 0.128468 0.080722 0.094895 0.013180 0.120546 0.076145
135000.006412 4.625541 0.045584 0.075782 0.067815 0.109717 0.119791 0.104511 0.032382 0.060580 0.093660 0.113662 0.095534 0.099913 0.101009 0.078143 0.073489 0.096320 0.057415 0.073526 0.109622 0.054938 0.107465 0.071057 0.049070 0.075039 0.090035 0.110177 0.037584 0.113387 0.120982 0.077801 0.075984 0.099120 0.120592 0.115179 0.154055 0.143776 0.127786 0.102814 0.051882 0.085022 0.109032 0.107019 0.129318 0.127623 0.135838 0.126119 0.114074 0.118460 0.151859 0.136549 0.103240 0.055706 0.148877 0.125672 0.133155 0.073652 0.093753 0.011106 0.119590 0.075648
136000.006460 26.913533 0.056535 0.083515 0.079457 0.116358 0.127836 0.112254 0.046492 0.073639 0.102862 0.120979 0.105054 0.109756 0.109698 0.089052 0.082663 0.104001 0.069983 0.085161 0.118659 0.066951 0.113272 0.058830 0.036141 0.063781 0.078087 0.100997 0.025283 0.102540 0.111588 0.064800 0.068737 0.093716 0.116696 0.109605 0.155026 0.143678 0.123600 0.091103 0.041082 0.077381 0.103212 0.098039 0.126440 0.123850 0.132301 0.122455 0.108479 0.116142 0.153895 0.131625 0.095707 0.041406 0.146127 0.122312 0.130031 0.062790 0.104226 0.026790 0.118502 0.065447
137000.006507 7.527366 0.046701 0.077324 0.067573 0.112856 0.123842 0.107937 0.030152 0.056874 0.093919 0.116552 0.094877 0.099678 0.102277 0.076706 0.074948 0.097147 0.054549 0.073451 0.113094 0.052701 0.110527 0.070191 0.050528 0.075487 0.086963 0.107075 0.037432 0.109717 0.118393 0.076045 0.075906 0.101784 0.123965 0.114220 0.154299 0.144070 0.128881 0.099303 0.053217 0.086039 0.106139 0.105618 0.132931 0.127950 0.138689 0.129150 0.114999 0.122692 0.152317 0.137645 0.101987 0.055679 0.149964 0.129178 0.133116 0.074854 0.091663 0.014168 0.124030 0.076506
138000.006555 11.349862 0.026592 0.058908 0.050799 0.101317 0.117380 0.092116 0.022161 0.052240 0.076658 0.115781 0.080945 0.109479 0.110003 0.087448 0.055147 0.081868 0.062259 0.058107 0.115139 0.041806 0.114267 0.085799 0.059632 0.073479 0.101506 0.115788 0.053682 0.120884 0.131884 0.084059 0.092523 0.092372 0.117823 0.110200 0.151072 0.138403 0.124332 0.106166 0.052415 0.078044 0.108557 0.120080 0.132103 0.121821 0.136841 0.120836 0.108310 0.115549 0.147735 0.146039 0.118323 0.064765 0.150501 0.128378 0.127784 0.079536 0.101171 0.017397 0.121332 0.071140
139000.006602 7.420702 0.030608 0.061499 0.048616 0.102396 0.116940 0.093619 0.016451 0.044691 0.076844 0.113645 0.077805 0.102220 0.105741 0.079734 0.057513 0.082259 0.052323 0.057591 0.112547 0.037293 0.113589 0.086748 0.064294 0.079676 0.101267 0.114503 0.053729 0.120237 0.130183 0.086164 0.092049 0.098787 0.122073 0.111166 0.148294 0.137049 0.126116 0.106708 0.058777 0.084646 0.106977 0.118763 0.134971 0.123041 0.138771 0.125956 0.111990 0.120469 0.145336 0.145639 0.117352 0.067464 0.149819 0.130829 0.128219 0.083269 0.093521 0.014067 0.124526 0.078219
140000.006650 15.587979 0.028841 0.062293 0.043831 0.101850 0.113767 0.092309 0.013837 0.036129 0.073957 0.111492 0.073645 0.096903 0.101462 0.073663 0.055696 0.081285 0.046533 0.050134 0.107767 0.032388 0.111720 0.093553 0.071682 0.087160 0.108555 0.118725 0.062595 0.125881 0.134573 0.094083 0.097374 0.104771 0.125782 0.115032 0.146301 0.136399 0.129287 0.114185 0.068201 0.092698 0.109610 0.123504 0.137658 0.125498 0.140990 0.129118 0.116392 0.124138 0.143009 0.148446 0.122236 0.077122 0.149794 0.134544 0.130088 0.089533 0.086265 0.020388 0.127028 0.086380
141000.006697 7.796794 0.039268 0.067634 0.054255 0.106054 0.119340 0.099384 0.016978 0.044229 0.083252 0.113578 0.083476 0.097359 0.102197 0.073406 0.065697 0.086893 0.047249 0.063723 0.111773 0.042992 0.111844 0.083210 0.064511 0.082344 0.096426 0.111868 0.050122 0.115838 0.125554 0.085182 0.087675 0.104043 0.125965 0.113878 0.149274 0.139807 0.129252 0.104352 0.062652 0.090303 0.106531 0.114856 0.137344 0.127002 0.141467 0.131335 0.115817 0.124739 0.147411 0.143795 0.111631 0.067295 0.150910 0.132337 0.130518 0.085373 0.089020 0.014419 0.126746 0.082421
142000.006745 5.676687 0.036377 0.071206 0.059548 0.109321 0.121247 0.102112 0.023876 0.052571 0.087004 0.116838 0.088427 0.102659 0.104832 0.079475 0.066342 0.091755 0.054761 0.064685 0.113262 0.044609 0.112850 0.079759 0.056685 0.078749 0.097531 0.114470 0.047678 0.118767 0.127759 0.083666 0.085140 0.102050 0.125123 0.116543 0.155061 0.144167 0.130886 0.107057 0.055933 0.087053 0.110572 0.115144 0.135715 0.128933 0.141314 0.129101 0.116497 0.123030 0.152441 0.144765 0.112153 0.062558 0.153661 0.132446 0.134472 0.079065 0.094027 0.012304 0.125793 0.078499
143000.006792 6.596751 0.028881 0.061480 0.048510 0.102060 0.115391 0.093058 0.016925 0.044527 0.076186 0.112627 0.078148 0.101488 0.104044 0.079060 0.056022 0.082809 0.053319 0.054944 0.109953 0.037644 0.111780 0.088638 0.064819 0.081185 0.104487 0.117583 0.056034 0.123941 0.133147 0.088868 0.093425 0.099414 0.122455 0.113613 0.149796 0.138586 0.127586 0.110854 0.060494 0.086016 0.110003 0.120882 0.134667 0.124577 0.139227 0.125809 0.113461 0.120283 0.146300 0.146544 0.119106 0.070743 0.150600 0.131529 0.130451 0.084546 0.092024 0.013263 0.123884 0.079687
144000.006840 12.723073 0.043008 0.075596 0.069484 0.112223 0.123666 0.105260 0.038154 0.065395 0.093510 0.119434 0.096494 0.108905 0.108540 0.087883 0.071040 0.098030 0.067199 0.072412 0.115422 0.056508 0.112534 0.070459 0.042605 0.066888 0.090922 0.109634 0.039173 0.113857 0.122511 0.074181 0.078075 0.092770 0.117205 0.111520 0.156498 0.143633 0.125299 0.101548 0.042705 0.076289 0.107580 0.108107 0.127687 0.124001 0.134338 0.120473 0.109355 0.114954 0.153348 0.138297 0.106538 0.052210 0.149284 0.125797 0.131883 0.066898 0.101387 0.018420 0.119073 0.066923
145000.006887 7.358096 0.036806 0.068315 0.062111 0.106800 0.120152 0.099232 0.030847 0.060151 0.087006 0.116661 0.090935 0.108245 0.107942 0.086694 0.064769 0.091134 0.064254 0.066996 0.114182 0.051473 0.111697 0.076390 0.049398 0.069751 0.094281 0.112496 0.043466 0.116607 0.125964 0.078262 0.083206 0.092416 0.117277 0.111829 0.155081 0.142418 0.125302 0.103257 0.047128 0.077608 0.108798 0.112538 0.129115 0.124006 0.135514 0.121143 0.109336 0.114732 0.151764 0.140625 0.109903 0.057222 0.150132 0.125901 0.130790 0.073216 0.101083 0.014008 0.119193 0.068781
146000.006935 6.260624 0.045856 0.077568 0.068270 0.112870 0.122741 0.106715 0.034236 0.060047 0.093930 0.116733 0.094830 0.101291 0.103221 0.079567 0.073260 0.098406 0.058124 0.072267 0.112186 0.054283 0.110523 0.070095 0.047444 0.073383 0.088882 0.108569 0.036404 0.112180 0.119853 0.076064 0.075880 0.099158 0.121608 0.114053 0.155355 0.144090 0.128044 0.101680 0.050381 0.083392 0.107516 0.105880 0.130316 0.126674 0.136620 0.126057 0.113865 0.119562 0.152490 0.136973 0.103039 0.055085 0.149334 0.127528 0.133767 0.071664 0.093747 0.012921 0.121544 0.074235
147000.006982 4.233901 0.033696 0.062885 0.053881 0.101700 0.115549 0.094323 0.019950 0.051956 0.080792 0.111971 0.083476 0.102454 0.103979 0.080359 0.061212 0.084342 0.055303 0.063304 0.110845 0.042911 0.110226 0.083478 0.060647 0.078751 0.099753 0.115373 0.050178 0.120090 0.129468 0.085004 0.088123 0.097329 0.120164 0.113382 0.150144 0.139525 0.126414 0.106995 0.055986 0.084136 0.109874 0.117171 0.132271 0.124922 0.137200 0.124832 0.112364 0.118131 0.147850 0.143270 0.114453 0.063814 0.149949 0.127705 0.129630 0.081233 0.095677 0.010626 0.121272 0.077124
148000.007030 5.429655 0.042644 0.074013 0.066370 0.110021 0.121312 0.103985 0.032009 0.060436 0.091796 0.116133 0.094067 0.103826 0.104478 0.081846 0.071068 0.095420 0.060207 0.071494 0.112577 0.053128 0.110148 0.071484 0.047218 0.071629 0.090463 0.109360 0.038803 0.113234 0.121788 0.076097 0.077798 0.096418 0.119451 0.112807 0.154299 0.142867 0.126450 0.101551 0.048062 0.081263 0.107452 0.108030 0.129500 0.125436 0.135609 0.123908 0.111659 0.117690 0.151837 0.138119 0.105466 0.054175 0.149224 0.126320 0.131646 0.071283 0.096574 0.012033 0.120228 0.071735
149000.007077 6.099681 0.038348 0.070662 0.055017 0.107773 0.118175 0.100334 0.020097 0.043949 0.084330 0.112933 0.083466 0.094695 0.099469 0.071063 0.065483 0.089851 0.045205 0.060932 0.108637 0.041984 0.110375 0.084357 0.064522 0.085288 0.099950 0.115291 0.051458 0.120276 0.128042 0.088543 0.087589 0.106906 0.128070 0.117911 0.152122 0.142388 0.132322 0.110071 0.064800 0.093350 0.110410 0.116068 0.137444 0.129671 0.142659 0.132616 0.119543 0.125753 0.149157 0.144390 0.112695 0.070173 0.152506 0.133940 0.134813 0.085571 0.085778 0.012754 0.127140 0.085693
150000.007125 6.648970 0.031087 0.065035 0.054241 0.105420 0.119341 0.096625 0.024058 0.052112 0.080912 0.116665 0.083361 0.106582 0.108621 0.084461 0.059239 0.086331 0.058369 0.060386 0.114783 0.042047 0.115518 0.084386 0.059501 0.077139 0.101250 0.116367 0.050878 0.121215 0.131516 0.085137 0.091067 0.097524 0.121950 0.113508 0.153111 0.141070 0.127847 0.107451 0.054843 0.082503 0.109953 0.119409 0.134956 0.125305 0.139798 0.125629 0.112776 0.119514 0.149953 0.147077 0.117225 0.064473 0.152794 0.131217 0.131715 0.080383 0.098137 0.013316 0.124185 0.075179
151000.007172 10.100866 0.051510 0.076524 0.068009 0.110063 0.121411 0.105603 0.033337 0.060117 0.094471 0.113839 0.094674 0.098186 0.101782 0.076155 0.076608 0.095455 0.053610 0.077716 0.112431 0.056433 0.109799 0.070774 0.054663 0.077869 0.085688 0.106734 0.034518 0.108229 0.116571 0.076839 0.075507 0.101694 0.122523 0.114200 0.151989 0.142607 0.127682 0.098003 0.056128 0.087709 0.106488 0.104661 0.131661 0.127603 0.136901 0.129581 0.114972 0.121115 0.150865 0.134959 0.100081 0.055129 0.148233 0.125638 0.131683 0.077516 0.093515 0.016412 0.121742 0.078640
152000.007220 9.621069 0.027106 0.059891 0.050956 0.101971 0.117118 0.092790 0.021658 0.051777 0.076842 0.115409 0.080797 0.108157 0.108878 0.086151 0.055436 0.082669 0.060495 0.057949 0.114446 0.039485 0.114116 0.085895 0.060107 0.075521 0.102127 0.116375 0.053379 0.121604 0.132149 0.085076 0.092431 0.093669 0.118763 0.111506 0.151596 0.139303 0.125433 0.107179 0.053210 0.079529 0.109523 0.120206 0.132757 0.122761 0.137512 0.121903 0.109687 0.116722 0.148349 0.146239 0.118123 0.064851 0.150994 0.128982 0.129127 0.080535 0.099731 0.016018 0.121969 0.072683
153000.007267 13.333333 0.031736 0.059208 0.053810 0.100331 0.116820 0.091623 0.028708 0.058264 0.077320 0.115418 0.081900 0.112332 0.112473 0.091757 0.055999 0.081667 0.065603 0.062843 0.116575 0.044441 0.116268 0.084931 0.058794 0.072476 0.101160 0.115700 0.051156 0.120631 0.132343 0.082520 0.093239 0.089355 0.115289 0.108555 0.150539 0.137363 0.122057 0.104249 0.049459 0.074614 0.108419 0.120308 0.130770 0.119891 0.134935 0.119159 0.106127 0.113357 0.147456 0.145743 0.118941 0.061283 0.149781 0.125852 0.126801 0.078344 0.105137 0.018856 0.119358 0.068213
154000.007315 5.398211 0.030792 0.066584 0.053944 0.105865 0.117414 0.097176 0.021209 0.048707 0.081561 0.114359 0.083437 0.101156 0.103159 0.078550 0.060369 0.087915 0.053870 0.058266 0.110346 0.040070 0.111084 0.084717 0.060586 0.080600 0.102194 0.117378 0.052600 0.122647 0.131039 0.087679 0.089093 0.100655 0.123649 0.116511 0.153792 0.142579 0.130116 0.110905 0.058309 0.086799 0.111811 0.118365 0.134460 0.127647 0.140278 0.126944 0.115746 0.120835 0.150236 0.145328 0.115437 0.067449 0.152481 0.131789 0.133880 0.081971 0.092262 0.011998 0.124182 0.079569
155000.007362 3.351581 0.037077 0.069199 0.060725 0.107317 0.119690 0.100390 0.025346 0.055632 0.087128 0.115148 0.090008 0.103358 0.104150 0.080906 0.065989 0.091427 0.058167 0.066436 0.111929 0.048345 0.109915 0.078301 0.053938 0.075461 0.096110 0.113795 0.045858 0.118307 0.126877 0.081548 0.083150 0.097644 0.121037 0.114574 0.154666 0.143289 0.128060 0.106084 0.052511 0.083245 0.110084 0.113407 0.131563 0.126826 0.137890 0.125095 0.113271 0.118660 0.151795 0.141550 0.110592 0.060734 0.151120 0.128527 0.132492 0.077042 0.095741 0.009454 0.121675 0.075077
156000.007410 6.893372 0.046474 0.078742 0.067729 0.113793 0.123340 0.108009 0.031744 0.057697 0.094788 0.116846 0.095445 0.098902 0.101887 0.075945 0.074879 0.098386 0.053770 0.072584 0.112236 0.052867 0.110995 0.072529 0.052672 0.079192 0.090544 0.110828 0.038618 0.113090 0.120962 0.080377 0.077576 0.104774 0.126480 0.118592 0.156989 0.147142 0.132641 0.103677 0.056523 0.089809 0.110233 0.108286 0.134881 0.131550 0.141204 0.131855 0.118929 0.124272 0.154935 0.139696 0.103408 0.058359 0.152941 0.130980 0.137080 0.077433 0.091759 0.013558 0.125291 0.080089
157000.007457 3.530849 0.040695 0.070558 0.061296 0.106483 0.117361 0.099377 0.030181 0.056846 0.087326 0.112895 0.089213 0.101084 0.102512 0.079768 0.066188 0.091691 0.057312 0.066580 0.109181 0.051228 0.109126 0.078852 0.055227 0.077139 0.096535 0.114779 0.044167 0.119248 0.127032 0.082892 0.083595 0.098229 0.120580 0.115408 0.154042 0.142607 0.127819 0.107422 0.055628 0.084867 0.111121 0.113230 0.130542 0.126685 0.136986 0.125513 0.114045 0.117557 0.150543 0.140287 0.109762 0.062904 0.150201 0.127028 0.133440 0.078330 0.094297 0.009703 0.119870 0.076825
158000.007505 11.587976 0.036810 0.066295 0.058133 0.106512 0.122724 0.099116 0.026595 0.054899 0.083939 0.118544 0.086432 0.109482 0.111447 0.087071 0.063560 0.087460 0.061627 0.065956 0.118310 0.048441 0.116705 0.079951 0.056060 0.071722 0.094738 0.111103 0.047045 0.115327 0.126795 0.078629 0.087806 0.095403 0.120755 0.109419 0.152390 0.139759 0.125167 0.100552 0.051351 0.079038 0.105442 0.115085 0.134132 0.123003 0.138608 0.124720 0.109626 0.119087 0.149636 0.144821 0.113771 0.060004 0.151539 0.129928 0.128478 0.076786 0.101116 0.017579 0.124123 0.071026
159000.007552 8.114563 0.039757 0.067850 0.058372 0.106346 0.120833 0.100269 0.022344 0.052786 0.085303 0.115496 0.086815 0.102995 0.106049 0.080086 0.067311 0.087893 0.053881 0.068888 0.115394 0.044770 0.113708 0.078881 0.058924 0.077747 0.093597 0.110183 0.045604 0.113501 0.124077 0.080543 0.084810 0.099504 0.122622 0.111833 0.150325 0.140087 0.126857 0.100586 0.054666 0.084405 0.105973 0.112967 0.134963 0.125171 0.138951 0.127880 0.112661 0.121803 0.149039 0.142643 0.110356 0.058947 0.150582 0.129461 0.129106 0.079779 0.095878 0.014710 0.124805 0.076435
160000.007600 4.573658 0.033886 0.064925 0.055591 0.104082 0.117079 0.096268 0.023996 0.053252 0.081709 0.113837 0.084337 0.103551 0.105144 0.081642 0.061520 0.086481 0.056901 0.063325 0.112008 0.042342 0.112006 0.081869 0.058240 0.077083 0.099366 0.114256 0.048702 0.119049 0.128673 0.083655 0.087685 0.096313 0.119626 0.112571 0.150903 0.139744 0.126035 0.106122 0.053351 0.082098 0.108980 0.116464 0.132083 0.124039 0.136807 0.123782 0.111433 0.117833 0.148525 0.143386 0.114116 0.061816 0.149884 0.128093 0.129958 0.078914 0.096020 0.011044 0.121413 0.074859
161000.007647 8.376543 0.035521 0.067106 0.054705 0.105315 0.118358 0.098402 0.015660 0.046135 0.083650 0.113393 0.084399 0.098720 0.102190 0.074929 0.065170 0.087182 0.049642 0.063392 0.110869 0.041519 0.110418 0.083377 0.062827 0.081467 0.099046 0.113205 0.052686 0.118421 0.127429 0.085600 0.087232 0.102938 0.124553 0.114119 0.149183 0.139699 0.128802 0.106803 0.059978 0.089335 0.107675 0.115790 0.135564 0.126866 0.139919 0.129046 0.115254 0.123416 0.147542 0.144061 0.113959 0.065988 0.150480 0.131718 0.129943 0.082566 0.090506 0.014946 0.125626 0.081578
162000.007695 8.438864 0.035635 0.067950 0.060257 0.106565 0.119427 0.098466 0.030552 0.058509 0.084909 0.116631 0.087785 0.107392 0.108222 0.085995 0.063550 0.089819 0.062329 0.065849 0.114372 0.046748 0.113657 0.078184 0.052546 0.072144 0.097076 0.112288 0.046024 0.117149 0.126959 0.079768 0.085519 0.093404 0.117721 0.110931 0.152566 0.140262 0.124837 0.103895 0.047593 0.077965 0.107691 0.114230 0.130267 0.122685 0.135264 0.121056 0.109314 0.115896 0.149928 0.142433 0.112784 0.057146 0.149689 0.127065 0.129668 0.073215 0.099702 0.015001 0.120382 0.070098
163000.007742 10.075658 0.040619 0.074060 0.060360 0.109608 0.119277 0.103543 0.021936 0.047893 0.089414 0.113000 0.090156 0.094282 0.097345 0.069981 0.070299 0.093256 0.047680 0.065296 0.107484 0.046823 0.107192 0.082659 0.062939 0.086373 0.099340 0.117123 0.051815 0.121038 0.128035 0.089362 0.084414 0.109300 0.129825 0.122113 0.155545 0.146752 0.135356 0.112042 0.065533 0.096178 0.113975 0.115424 0.137409 0.134355 0.144214 0.134631 0.122630 0.126880 0.152948 0.143738 0.110446 0.070131 0.154439 0.134566 0.138124 0.085928 0.085844 0.016392 0.127249 0.087762
164000.007790 6.694006 0.035584 0.063603 0.056829 0.102382 0.117495 0.095651 0.024813 0.055466 0.081713 0.113716 0.084522 0.106385 0.107308 0.084798 0.062420 0.084826 0.059738 0.066242 0.113876 0.044997 0.112317 0.078534 0.054824 0.071482 0.094798 0.109958 0.045963 0.114873 0.125657 0.077864 0.085750 0.091954 0.116001 0.107327 0.148117 0.136174 0.121349 0.100230 0.048195 0.076915 0.104450 0.113423 0.129391 0.119731 0.133458 0.120326 0.106478 0.115068 0.145930 0.140921 0.112350 0.056776 0.146940 0.124824 0.125121 0.074591 0.098896 0.013361 0.119194 0.069418
165000.007837 14.677452 0.030958 0.062283 0.045737 0.103617 0.117311 0.094831 0.012298 0.039120 0.075653 0.114102 0.076140 0.099885 0.104422 0.076371 0.057561 0.082214 0.047615 0.054808 0.112405 0.032259 0.114578 0.092249 0.071130 0.086795 0.106187 0.118199 0.059947 0.123988 0.133805 0.092541 0.096677 0.104494 0.126870 0.115271 0.148910 0.138944 0.130260 0.111310 0.066397 0.091423 0.109884 0.123235 0.139786 0.126710 0.143217 0.130976 0.116654 0.125585 0.146230 0.149573 0.120952 0.074397 0.152394 0.135360 0.131170 0.090506 0.090212 0.019784 0.128892 0.084985
166000.007885 2.754430 0.037917 0.070112 0.059224 0.107434 0.118420 0.100089 0.025017 0.052617 0.085998 0.113873 0.087504 0.099791 0.102242 0.077531 0.065644 0.091040 0.053494 0.064741 0.110232 0.044766 0.110364 0.079543 0.056989 0.079147 0.097086 0.113692 0.046172 0.118258 0.126454 0.083645 0.084384 0.100268 0.122652 0.115371 0.153251 0.142655 0.129092 0.106748 0.055916 0.086201 0.109803 0.113566 0.133104 0.127166 0.138699 0.127183 0.114979 0.120635 0.150502 0.141920 0.110461 0.062354 0.150908 0.129456 0.133267 0.079518 0.091953 0.008570 0.122902 0.078315
167000.007932 4.304916 0.044358 0.074649 0.066570 0.109410 0.119975 0.103788 0.031568 0.059848 0.092563 0.114036 0.094277 0.100581 0.101672 0.078695 0.072272 0.095331 0.057393 0.072674 0.110415 0.053397 0.108037 0.071946 0.049843 0.075104 0.090724 0.110592 0.038440 0.114096 0.121604 0.078151 0.076555 0.098954 0.120781 0.115126 0.154363 0.143721 0.127793 0.103328 0.051538 0.084545 0.109275 0.107741 0.129515 0.127510 0.136102 0.125861 0.114102 0.118468 0.151993 0.137053 0.104156 0.055692 0.149251 0.126164 0.133104 0.073761 0.094251 0.010714 0.120032 0.075639
168000.007980 7.489261 0.040997 0.072204 0.064926 0.109166 0.121488 0.101984 0.033744 0.061135 0.090171 0.117115 0.092877 0.106682 0.107306 0.085315 0.068145 0.093916 0.063085 0.069600 0.114086 0.054220 0.112067 0.074262 0.048549 0.070760 0.092313 0.111651 0.040368 0.115346 0.124205 0.077528 0.080987 0.094922 0.119031 0.112870 0.155815 0.143275 0.126410 0.102759 0.048620 0.079649 0.108643 0.110560 0.129736 0.125337 0.136274 0.123332 0.111202 0.116175 0.152411 0.139751 0.107781 0.056462 0.150442 0.126578 0.132265 0.072591 0.099746 0.014132 0.120083 0.070657
169000.008027 7.626626 0.036979 0.068117 0.059299 0.107489 0.120653 0.098746 0.031360 0.058018 0.084518 0.117933 0.087286 0.108383 0.109861 0.086940 0.062222 0.090130 0.062367 0.064107 0.115651 0.048940 0.115782 0.080830 0.055153 0.074090 0.097902 0.114982 0.045797 0.119090 0.129112 0.082166 0.088322 0.095348 0.120412 0.113370 0.155676 0.142844 0.127557 0.105482 0.052239 0.080313 0.110125 0.116464 0.133233 0.125067 0.138736 0.124391 0.111911 0.117725 0.152111 0.144757 0.113730 0.061650 0.152781 0.129256 0.132877 0.077707 0.100695 0.014261 0.122414 0.072267
170000.008075 5.548232 0.044810 0.076791 0.066306 0.111572 0.120578 0.105420 0.032189 0.057718 0.092332 0.114911 0.093440 0.098543 0.100691 0.076255 0.072352 0.096559 0.054966 0.070527 0.109951 0.051729 0.109433 0.073658 0.052644 0.078554 0.092475 0.111810 0.039994 0.114809 0.122448 0.081024 0.078558 0.102589 0.124241 0.117821 0.155827 0.145583 0.130981 0.105292 0.055577 0.087951 0.110733 0.109269 0.132679 0.129835 0.139128 0.129002 0.117393 0.121693 0.153319 0.139239 0.104637 0.059263 0.151458 0.129399 0.136197 0.076592 0.091022 0.012164 0.122811 0.078927
171000.008122 3.112164 0.042958 0.072594 0.062539 0.108578 0.120524 0.103065 0.024588 0.053707 0.090218 0.114064 0.091031 0.098658 0.101590 0.075372 0.071263 0.092614 0.052077 0.070548 0.111311 0.049972 0.109336 0.074479 0.054868 0.077391 0.090718 0.109347 0.041164 0.112614 0.121203 0.079271 0.079023 0.101691 0.123427 0.114330 0.152155 0.142313 0.128569 0.101839 0.055509 0.087348 0.107107 0.108817 0.133060 0.127642 0.138491 0.128941 0.114991 0.121903 0.150458 0.139063 0.105414 0.058651 0.149989 0.128712 0.131711 0.077521 0.091818 0.009110 0.123239 0.078320
172000.008170 12.116259 0.036834 0.065614 0.061074 0.104994 0.119802 0.096768 0.034067 0.063175 0.084577 0.117562 0.089280 0.112741 0.112172 0.092154 0.061772 0.088899 0.068311 0.067073 0.116788 0.052327 0.115060 0.079749 0.051893 0.069069 0.097072 0.114511 0.045601 0.118721 0.129345 0.079343 0.087974 0.089159 0.115337 0.110295 0.155031 0.141348 0.123675 0.103419 0.046347 0.074204 0.109341 0.116145 0.129287 0.122044 0.135058 0.119363 0.107157 0.112731 0.151500 0.143024 0.114059 0.058224 0.150746 0.125117 0.129746 0.074526 0.106106 0.017975 0.118454 0.066180
173000.008217 6.958300 0.038340 0.071182 0.063482 0.108287 0.119738 0.100454 0.032873 0.059739 0.088428 0.116137 0.091403 0.105741 0.105845 0.084394 0.065934 0.093418 0.063285 0.066207 0.111762 0.052910 0.110402 0.075782 0.048670 0.070601 0.094783 0.112673 0.043363 0.117320 0.125645 0.078918 0.082021 0.094263 0.118168 0.112996 0.155307 0.142701 0.126241 0.105179 0.048969 0.079531 0.109224 0.111603 0.128591 0.124694 0.135366 0.121584 0.110859 0.115144 0.151507 0.139864 0.109169 0.058869 0.149756 0.126486 0.132222 0.072164 0.098032 0.013622 0.118985 0.070805
174000.008265 9.820495 0.051076 0.080331 0.070322 0.113736 0.122907 0.109226 0.033660 0.059486 0.097055 0.114935 0.096950 0.095912 0.099369 0.073509 0.078613 0.099390 0.052007 0.077351 0.111345 0.055056 0.108612 0.068097 0.051745 0.078487 0.085114 0.106465 0.033887 0.107953 0.115244 0.076786 0.072108 0.103978 0.124407 0.116335 0.154032 0.145002 0.129911 0.099424 0.055353 0.089081 0.107356 0.102716 0.131793 0.129676 0.137781 0.130581 0.117190 0.122788 0.152646 0.134109 0.097870 0.054321 0.148635 0.127325 0.134421 0.075608 0.090056 0.016183 0.122943 0.079750
175000.008312 5.210145 0.030013 0.062704 0.051536 0.103019 0.116537 0.094301 0.020316 0.049371 0.078462 0.113934 0.080900 0.103892 0.105765 0.081735 0.057583 0.084303 0.055765 0.058226 0.111936 0.039367 0.112831 0.085404 0.061100 0.078460 0.101749 0.116311 0.052088 0.121689 0.131352 0.086096 0.091192 0.097232 0.120985 0.113183 0.151261 0.139700 0.127017 0.108207 0.056427 0.083494 0.109869 0.119149 0.133765 0.124401 0.138552 0.124805 0.112294 0.118919 0.148016 0.145568 0.116757 0.066196 0.151023 0.129892 0.130656 0.081929 0.095393 0.011787 0.122832 0.076373
176000.008360 4.189962 0.034236 0.063262 0.054932 0.101187 0.113926 0.093283 0.025831 0.054477 0.080127 0.111300 0.082772 0.103378 0.104175 0.082332 0.059852 0.084922 0.058179 0.062330 0.109450 0.044209 0.109871 0.081818 0.057213 0.075375 0.099282 0.114065 0.048407 0.119672 0.128825 0.082829 0.087686 0.093444 0.116449 0.110801 0.149014 0.137368 0.123431 0.106198 0.052549 0.080338 0.108394 0.115796 0.128909 0.121427 0.133683 0.120657 0.109063 0.114663 0.146033 0.141276 0.113887 0.062009 0.147367 0.124914 0.128060 0.077495 0.096157 0.010570 0.117995 0.073157
177000.008407 12.410883 0.029186 0.062918 0.056857 0.103107 0.117807 0.094519 0.027972 0.057846 0.081292 0.115879 0.085933 0.110526 0.109378 0.089234 0.058754 0.086192 0.065674 0.061773 0.114129 0.046101 0.112238 0.082138 0.053834 0.070796 0.100203 0.115778 0.051344 0.121395 0.131113 0.081820 0.088670 0.090822 0.116166 0.111011 0.153455 0.140247 0.124103 0.106837 0.047839 0.076190 0.109932 0.117629 0.129009 0.122318 0.135003 0.118737 0.108004 0.113555 0.149728 0.143638 0.116191 0.061199 0.150149 0.126519 0.129138 0.074814 0.102548 0.018192 0.119064 0.068801
178000.008455 4.270307 0.034281 0.063790 0.052094 0.103198 0.116615 0.095263 0.017955 0.048034 0.080254 0.112834 0.081502 0.100426 0.103674 0.077709 0.061057 0.084635 0.051360 0.061690 0.111433 0.040193 0.111747 0.084673 0.063410 0.081194 0.100075 0.114845 0.050885 0.119578 0.128932 0.086333 0.089229 0.100132 0.122753 0.113904 0.149914 0.139613 0.127979 0.107132 0.059026 0.086748 0.109109 0.117439 0.134832 0.125678 0.139277 0.127418 0.114126 0.120950 0.147717 0.144394 0.114644 0.065827 0.150788 0.130121 0.130397 0.083592 0.093120 0.010671 0.123884 0.079761
179000.008502 8.251430 0.035112 0.067629 0.060925 0.106529 0.119733 0.098510 0.030568 0.059517 0.085092 0.117049 0.088677 0.108959 0.108826 0.087499 0.063010 0.090392 0.064580 0.065480 0.114388 0.048557 0.113055 0.078143 0.050784 0.070232 0.097147 0.112868 0.046466 0.118242 0.127996 0.078988 0.085438 0.092011 0.116976 0.110681 0.153675 0.140758 0.124558 0.104516 0.046166 0.076533 0.108209 0.114442 0.129402 0.122460 0.134931 0.119816 0.108601 0.115002 0.150547 0.142414 0.113277 0.057719 0.149878 0.126811 0.129820 0.072151 0.100755 0.014834 0.119604 0.068544
180000.008550 10.872915 0.050021 0.079532 0.072073 0.113161 0.122275 0.107582 0.039563 0.065394 0.096957 0.116157 0.098643 0.102085 0.103040 0.081248 0.076102 0.100430 0.061419 0.076342 0.111782 0.059535 0.109226 0.068105 0.045614 0.072778 0.087308 0.108885 0.033203 0.111496 0.118667 0.075536 0.073953 0.097717 0.119591 0.114931 0.155960 0.145019 0.127398 0.101259 0.050128 0.083172 0.108918 0.104417 0.127995 0.127158 0.134951 0.125090 0.113418 0.117181 0.153331 0.134389 0.100343 0.053605 0.148216 0.124520 0.134183 0.071461 0.096185 0.017028 0.118866 0.073425
181000.008597 4.861543 0.041209 0.072573 0.061328 0.106037 0.114528 0.099755 0.028080 0.053413 0.088068 0.109345 0.088988 0.094369 0.096235 0.072487 0.068805 0.091971 0.051195 0.066242 0.104010 0.048981 0.104699 0.078983 0.057629 0.081892 0.097689 0.115083 0.046745 0.119763 0.126049 0.085704 0.081569 0.102962 0.122932 0.118244 0.152099 0.142484 0.129753 0.110132 0.059944 0.090438 0.112176 0.112295 0.130643 0.128967 0.137211 0.127809 0.117431 0.119852 0.149097 0.139000 0.108348 0.064970 0.149309 0.127791 0.134459 0.079709 0.087343 0.011386 0.120434 0.082407
182000.008645 7.638249 0.030988 0.064436 0.051267 0.105269 0.118536 0.096571 0.018438 0.046488 0.078955 0.115372 0.080682 0.102451 0.105563 0.079628 0.058988 0.085271 0.052754 0.058053 0.113222 0.036381 0.114401 0.086259 0.063613 0.081434 0.101915 0.116257 0.053127 0.120992 0.130916 0.087618 0.091769 0.100714 0.124313 0.114736 0.151926 0.141064 0.129438 0.108356 0.059159 0.086333 0.110014 0.119563 0.136932 0.126371 0.141369 0.128099 0.114868 0.122468 0.149085 0.147186 0.116587 0.067645 0.152700 0.132903 0.132282 0.084423 0.093370 0.014272 0.126160 0.079383
183000.008692 5.830925 0.039898 0.072625 0.062166 0.108320 0.118911 0.102404 0.024559 0.053167 0.089844 0.113179 0.091306 0.097816 0.099506 0.074632 0.070203 0.093075 0.052735 0.067992 0.108804 0.048464 0.106822 0.076623 0.055078 0.078631 0.094493 0.112292 0.046010 0.116410 0.123869 0.082330 0.079938 0.102080 0.123301 0.116375 0.153153 0.143325 0.129590 0.106220 0.056356 0.088413 0.109559 0.110724 0.131958 0.128824 0.138313 0.127960 0.115981 0.121162 0.150810 0.139487 0.107390 0.061377 0.150140 0.129023 0.133069 0.077840 0.090401 0.012470 0.122574 0.079591
184000.008740 3.156481 0.044383 0.073881 0.062524 0.108604 0.118054 0.102768 0.026372 0.051907 0.090057 0.111502 0.090630 0.093735 0.097503 0.070757 0.071451 0.093651 0.049033 0.069255 0.106899 0.049928 0.106981 0.077550 0.058496 0.081970 0.094593 0.111690 0.044292 0.115697 0.123043 0.083679 0.080703 0.104362 0.124733 0.116809 0.151745 0.142769 0.130336 0.106297 0.060140 0.091009 0.109086 0.110387 0.133330 0.129139 0.138957 0.130295 0.117528 0.122743 0.149851 0.139342 0.106731 0.063510 0.149778 0.129517 0.133695 0.080800 0.086735 0.009175 0.123081 0.082655
185000.008787 7.695115 0.044330 0.076258 0.061999 0.112248 0.121689 0.105819 0.025974 0.049469 0.090561 0.114877 0.089501 0.094145 0.099348 0.070813 0.071877 0.095238 0.045563 0.067946 0.110744 0.045975 0.110800 0.078101 0.060355 0.084042 0.093654 0.111618 0.044630 0.114714 0.122245 0.084533 0.081442 0.107555 0.128560 0.118347 0.154470 0.145071 0.133103 0.105570 0.062051 0.092934 0.109270 0.110473 0.136938 0.131115 0.142593 0.133921 0.120254 0.126473 0.152033 0.140758 0.106046 0.064270 0.152385 0.132779 0.136312 0.082950 0.086300 0.014325 0.127392 0.084685
186000.008835 5.153672 0.037034 0.071449 0.057301 0.109364 0.119804 0.101360 0.024140 0.048588 0.084849 0.115521 0.084674 0.098940 0.102771 0.076086 0.064761 0.091427 0.050710 0.061675 0.111072 0.041450 0.112922 0.082408 0.060490 0.081927 0.100069 0.114774 0.049879 0.120226 0.128592 0.086115 0.087276 0.103881 0.126202 0.116381 0.153344 0.142540 0.131079 0.109166 0.059395 0.088887 0.109951 0.116040 0.136403 0.128032 0.141374 0.129704 0.117439 0.124173 0.150343 0.145207 0.113822 0.066177 0.152678 0.133653 0.134567 0.081102 0.089366 0.011723 0.126536 0.081462
187000.008882 9.290260 0.033752 0.065768 0.049838 0.105386 0.117896 0.097228 0.014699 0.041864 0.079596 0.113940 0.079678 0.098035 0.102714 0.074332 0.061162 0.085198 0.046330 0.058192 0.111520 0.036031 0.113267 0.088414 0.068080 0.086110 0.103023 0.116893 0.055458 0.121677 0.131052 0.090643 0.092517 0.105500 0.127547 0.116691 0.150421 0.140784 0.131480 0.110083 0.065088 0.092092 0.110232 0.120248 0.139274 0.128437 0.143402 0.132064 0.118091 0.125749 0.148003 0.147732 0.116967 0.071402 0.153061 0.134759 0.132893 0.088349 0.089145 0.015740 0.128365 0.084978
188000.008930 17.185646 0.040931 0.069446 0.066484 0.108107 0.123032 0.100582 0.038429 0.066750 0.088957 0.119905 0.093384 0.114578 0.113599 0.093950 0.066610 0.092803 0.071881 0.071684 0.118910 0.056793 0.115219 0.073040 0.044047 0.061772 0.091109 0.108609 0.040948 0.112929 0.123663 0.071979 0.082418 0.086040 0.112813 0.106277 0.154329 0.140020 0.120680 0.097876 0.038326 0.069051 0.104792 0.110278 0.126245 0.119066 0.131954 0.115925 0.103488 0.110873 0.151116 0.139199 0.109597 0.050933 0.147982 0.123209 0.126977 0.066450 0.107488 0.021408 0.117090 0.060179
189000.008977 7.774214 0.035957 0.069125 0.055697 0.106394 0.117327 0.099071 0.018924 0.045717 0.084631 0.112287 0.085682 0.095710 0.098735 0.071905 0.065373 0.088928 0.048969 0.061311 0.107763 0.043698 0.107616 0.083217 0.062465 0.082777 0.098947 0.115089 0.051899 0.119321 0.127109 0.087592 0.085767 0.104757 0.126039 0.117848 0.152438 0.142891 0.131571 0.109589 0.062581 0.091687 0.110834 0.115235 0.135135 0.129892 0.141232 0.130308 0.118183 0.123205 0.149652 0.142757 0.111113 0.068818 0.151704 0.132147 0.133964 0.084048 0.087327 0.014398 0.124939 0.083741
190000.009025 7.114070 0.033868 0.066649 0.051888 0.105173 0.116822 0.096999 0.018801 0.045278 0.080384 0.113185 0.080086 0.098256 0.102261 0.075428 0.061558 0.086304 0.048283 0.059248 0.110289 0.036653 0.112254 0.085475 0.064263 0.083167 0.101684 0.115015 0.053050 0.120532 0.129367 0.087800 0.089868 0.102826 0.124615 0.114691 0.149414 0.139237 0.129036 0.108929 0.060917 0.088995 0.108958 0.117748 0.135972 0.125956 0.140000 0.128641 0.115762 0.123086 0.146848 0.145197 0.115616 0.067737 0.150699 0.132121 0.131388 0.083551 0.089502 0.013773 0.125635 0.082035
191000.009072 3.862597 0.040166 0.072547 0.062825 0.109216 0.119475 0.101857 0.031092 0.056960 0.088373 0.115111 0.090340 0.101678 0.103232 0.080050 0.067180 0.093699 0.057942 0.066575 0.110679 0.049795 0.110512 0.076395 0.052337 0.075553 0.095096 0.112862 0.042750 0.117006 0.125211 0.081046 0.082110 0.098095 0.121027 0.114868 0.154845 0.143269 0.128155 0.105781 0.052864 0.083384 0.109737 0.111759 0.131033 0.126511 0.137295 0.125140 0.113726 0.118318 0.151523 0.140416 0.108497 0.060196 0.150439 0.128188 0.133802 0.075640 0.093764 0.010149 0.121064 0.075067
192000.009120 17.928785 0.030889 0.058619 0.041560 0.099396 0.113748 0.090253 0.009919 0.037204 0.071627 0.111444 0.072007 0.098811 0.103914 0.075661 0.054983 0.077191 0.046648 0.053269 0.110741 0.030665 0.114002 0.094408 0.074369 0.087982 0.107219 0.118021 0.061794 0.123647 0.134068 0.093829 0.099042 0.103753 0.125302 0.113711 0.143994 0.135101 0.128288 0.110861 0.068556 0.092036 0.108739 0.124463 0.139226 0.124739 0.141456 0.129937 0.115227 0.124391 0.142001 0.149414 0.121931 0.075930 0.149714 0.133708 0.128171 0.092493 0.089683 0.021866 0.127436 0.085955
193000.009167 10.915253 0.026982 0.059262 0.049313 0.101178 0.116737 0.092263 0.019670 0.049291 0.076269 0.114440 0.079958 0.106936 0.107947 0.084821 0.055285 0.081427 0.058970 0.057114 0.113509 0.040289 0.113449 0.088654 0.063487 0.078517 0.104066 0.118842 0.055964 0.124241 0.134432 0.087910 0.094031 0.096650 0.121169 0.113445 0.151873 0.139827 0.127010 0.109852 0.057582 0.082766 0.111303 0.122226 0.134322 0.124757 0.139461 0.124536 0.112086 0.118369 0.148247 0.147589 0.119916 0.068888 0.152183 0.130725 0.130322 0.083762 0.098515 0.017061 0.123348 0.076390
194000.009215 6.126765 0.039523 0.069282 0.059831 0.105972 0.118403 0.099684 0.024673 0.054449 0.087277 0.113096 0.089256 0.100635 0.102351 0.078308 0.067479 0.090047 0.054281 0.067706 0.110890 0.048583 0.109030 0.079713 0.058010 0.079470 0.095752 0.114692 0.046198 0.118202 0.126381 0.083852 0.083386 0.100653 0.122813 0.116452 0.153834 0.143453 0.129239 0.106415 0.057399 0.087320 0.111215 0.113514 0.132751 0.128604 0.139015 0.128240 0.115637 0.120171 0.151163 0.140970 0.109402 0.062837 0.151377 0.128342 0.133188 0.081045 0.094465 0.012782 0.122420 0.079244
195000.009262 12.241172 0.047191 0.075258 0.070266 0.109357 0.120434 0.103454 0.038958 0.066468 0.094175 0.115749 0.097465 0.106477 0.105963 0.085675 0.072695 0.097031 0.066652 0.074601 0.111811 0.061117 0.109197 0.070415 0.044589 0.067919 0.089834 0.109305 0.037760 0.113177 0.121672 0.074440 0.077649 0.092824 0.115723 0.111468 0.154069 0.142068 0.124172 0.101086 0.047150 0.079012 0.107477 0.107235 0.126141 0.123857 0.132676 0.120772 0.108993 0.113644 0.151383 0.136173 0.104849 0.054344 0.147453 0.122865 0.130493 0.069232 0.100254 0.018067 0.116172 0.068827
196000.009310 2.531270 0.037669 0.066155 0.058836 0.103098 0.115752 0.096489 0.025863 0.055694 0.083970 0.111495 0.086467 0.102003 0.102814 0.080572 0.064368 0.087529 0.057463 0.066674 0.109682 0.046702 0.108435 0.077132 0.053833 0.073814 0.094674 0.110922 0.044071 0.115869 0.124734 0.079250 0.082666 0.094007 0.116726 0.110410 0.149382 0.138196 0.123302 0.103043 0.050247 0.080131 0.106852 0.111572 0.128103 0.122046 0.133248 0.121237 0.109094 0.115205 0.146962 0.138588 0.109416 0.057889 0.146666 0.124223 0.127862 0.074970 0.095037 0.008216 0.117883 0.072526
197000.009357 5.520856 0.038492 0.071781 0.060972 0.108497 0.119745 0.102069 0.023841 0.052740 0.088424 0.114606 0.089961 0.100062 0.101622 0.076568 0.068570 0.092315 0.053968 0.066273 0.110366 0.047203 0.108953 0.077698 0.055367 0.078441 0.095553 0.113095 0.046564 0.117475 0.125495 0.082609 0.081822 0.102276 0.124341 0.116712 0.154117 0.143875 0.130439 0.106811 0.056262 0.088146 0.110302 0.112422 0.133616 0.129029 0.139700 0.128434 0.116470 0.122316 0.151723 0.141771 0.109142 0.062003 0.151906 0.130747 0.133836 0.078003 0.091806 0.012134 0.124025 0.079198
198000.009404 6.806496 0.032695 0.063661 0.050774 0.102971 0.116492 0.095238 0.013175 0.044646 0.079772 0.112663 0.081188 0.099248 0.102744 0.075718 0.061190 0.083717 0.049661 0.060063 0.110746 0.038857 0.111087 0.085601 0.064670 0.082086 0.100448 0.114754 0.053313 0.119255 0.128930 0.087351 0.089980 0.101731 0.123878 0.114223 0.148668 0.139107 0.128608 0.107319 0.061087 0.088717 0.108469 0.117984 0.135953 0.126406 0.140151 0.128561 0.114748 0.122274 0.146750 0.145209 0.114963 0.067615 0.150735 0.131301 0.129931 0.084847 0.091214 0.013472 0.125033 0.081283
199000.009452 5.489957 0.041846 0.071709 0.062448 0.106966 0.117907 0.101794 0.024495 0.053240 0.089093 0.111512 0.090522 0.096605 0.098343 0.073541 0.071143 0.091745 0.052032 0.069942 0.108174 0.048171 0.105761 0.074362 0.054435 0.077349 0.091676 0.108877 0.043732 0.113048 0.120833 0.079476 0.077844 0.100465 0.121389 0.113605 0.150036 0.140625 0.126877 0.102865 0.054422 0.086575 0.106794 0.108031 0.130237 0.126175 0.135812 0.126129 0.113641 0.120086 0.148429 0.136995 0.105105 0.058355 0.147365 0.126921 0.130023 0.076084 0.089215 0.012100 0.121088 0.077999
200000.009499 15.190759 0.050386 0.080809 0.074148 0.115194 0.125699 0.109702 0.041118 0.067333 0.098397 0.119789 0.099966 0.106600 0.107351 0.085307 0.077432 0.101648 0.065282 0.078162 0.115856 0.060453 0.112664 0.064344 0.040301 0.067346 0.084566 0.104912 0.031678 0.108109 0.116663 0.070097 0.072850 0.095800 0.118944 0.111459 0.155712 0.143857 0.125762 0.096957 0.043949 0.079265 0.105124 0.102663 0.128424 0.124845 0.134504 0.123400 0.110727 0.117664 0.153549 0.135415 0.100748 0.047789 0.148304 0.125592 0.131988 0.065354 0.099450 0.020127 0.120140 0.068572
201000.009547 12.637044 0.040802 0.070264 0.065819 0.108069 0.120900 0.100438 0.037136 0.065016 0.088761 0.117906 0.093020 0.111050 0.110071 0.090398 0.066256 0.093721 0.068953 0.069638 0.115253 0.055508 0.112726 0.074543 0.045783 0.065850 0.093519 0.110878 0.042206 0.115790 0.125318 0.075369 0.082811 0.088415 0.113858 0.108995 0.154515 0.140972 0.122534 0.101684 0.042870 0.073296 0.107096 0.111184 0.126442 0.120869 0.132545 0.117332 0.105922 0.111925 0.151130 0.139166 0.109867 0.054662 0.148174 0.123582 0.129018 0.069311 0.103667 0.018357 0.116848 0.064266
202000.009594 8.025351 0.044594 0.076509 0.068497 0.112460 0.123274 0.105709 0.035967 0.062500 0.093773 0.118098 0.095745 0.105093 0.106137 0.083712 0.071739 0.098107 0.062564 0.071828 0.113721 0.056499 0.111791 0.071579 0.046515 0.071353 0.090576 0.110651 0.037808 0.114173 0.122326 0.076562 0.078047 0.097098 0.120575 0.114217 0.157131 0.145020 0.127959 0.102743 0.049063 0.081395 0.108924 0.108150 0.130077 0.126814 0.136881 0.124864 0.113045 0.117867 0.153837 0.138592 0.105275 0.055883 0.150618 0.127427 0.134244 0.071392 0.097893 0.014629 0.120860 0.072168
203000.009642 4.253877 0.034024 0.069157 0.056880 0.108849 0.121353 0.100592 0.022557 0.050265 0.084557 0.117423 0.085776 0.103417 0.106245 0.080355 0.063219 0.090500 0.054969 0.061696 0.113899 0.042549 0.114313 0.081819 0.057940 0.078138 0.099136 0.114518 0.049169 0.119716 0.128966 0.084085 0.087600 0.100872 0.124568 0.114847 0.154383 0.142902 0.130021 0.107354 0.055743 0.085551 0.109413 0.116451 0.136022 0.127220 0.141160 0.128086 0.115183 0.122639 0.151430 0.145916 0.114453 0.064014 0.153354 0.133029 0.133422 0.079535 0.094238 0.010651 0.126093 0.077590
204000.009689 9.228787 0.033139 0.061935 0.057646 0.101764 0.117017 0.093884 0.029169 0.059413 0.080963 0.114587 0.085823 0.110116 0.109336 0.089322 0.059554 0.085093 0.065926 0.065042 0.114144 0.047932 0.112238 0.080463 0.053458 0.069501 0.098013 0.113504 0.047937 0.118646 0.129201 0.079397 0.087705 0.088461 0.113953 0.108400 0.151172 0.138058 0.121460 0.103556 0.045832 0.073433 0.107662 0.116121 0.127535 0.119931 0.132816 0.117226 0.105563 0.111688 0.148081 0.141915 0.114711 0.058331 0.148112 0.124091 0.126729 0.073834 0.102902 0.015688 0.117069 0.066607
205000.009737 2.958223 0.038756 0.071474 0.059202 0.108850 0.119744 0.101432 0.025083 0.050411 0.086864 0.114604 0.087631 0.098825 0.101808 0.075923 0.066383 0.092024 0.052395 0.063665 0.110233 0.046877 0.110300 0.079274 0.057106 0.079023 0.095785 0.113306 0.045732 0.117681 0.125653 0.083493 0.083689 0.102204 0.124644 0.116127 0.154433 0.143497 0.130355 0.106887 0.058064 0.087828 0.109639 0.112766 0.134154 0.128284 0.140263 0.128935 0.116416 0.122013 0.151048 0.141873 0.109280 0.064463 0.151770 0.131090 0.134430 0.079988 0.090336 0.008882 0.124207 0.079556
206000.009784 10.251486 0.048033 0.075755 0.069661 0.111218 0.123314 0.105562 0.036485 0.064678 0.094312 0.117595 0.096239 0.105602 0.107101 0.084330 0.074271 0.096815 0.062288 0.076628 0.115783 0.056783 0.112457 0.067394 0.045373 0.069051 0.085019 0.104951 0.032405 0.107405 0.116749 0.071546 0.075273 0.094291 0.117561 0.109924 0.153122 0.141812 0.124258 0.095347 0.045174 0.078698 0.104195 0.103971 0.128632 0.123384 0.133836 0.123125 0.109229 0.116660 0.151513 0.135314 0.101500 0.048153 0.147279 0.123783 0.129442 0.069345 0.099757 0.016534 0.119484 0.068897
207000.009832 7.355523 0.043551 0.072457 0.065284 0.107542 0.119349 0.102704 0.027946 0.057960 0.091508 0.112827 0.093780 0.099761 0.100411 0.077202 0.072649 0.093088 0.056325 0.072982 0.110225 0.052434 0.105929 0.071595 0.050945 0.074494 0.088711 0.108601 0.040182 0.111628 0.119452 0.077079 0.075365 0.098339 0.119951 0.113664 0.152212 0.142260 0.126424 0.101040 0.051596 0.084380 0.107524 0.106300 0.128689 0.126581 0.135083 0.125083 0.112698 0.118163 0.150396 0.135307 0.102487 0.055261 0.147495 0.125059 0.130497 0.074298 0.093600 0.014005 0.119634 0.075387
208000.009879 8.804407 0.032815 0.060916 0.049938 0.101734 0.116988 0.093943 0.014233 0.046629 0.078497 0.113373 0.080772 0.102427 0.105352 0.079214 0.059841 0.082134 0.052725 0.061084 0.113011 0.039748 0.112459 0.086879 0.065527 0.081331 0.100885 0.115443 0.053861 0.119966 0.130213 0.087180 0.091613 0.099733 0.122846 0.113302 0.149208 0.139128 0.127730 0.106770 0.060161 0.086755 0.108804 0.119301 0.135961 0.125575 0.140095 0.127654 0.113410 0.121388 0.147293 0.145969 0.116438 0.067527 0.151227 0.130761 0.129148 0.085763 0.095006 0.015323 0.124778 0.079712
209000.009927 10.751121 0.042991 0.069548 0.065721 0.105726 0.120239 0.100289 0.033810 0.064201 0.089295 0.115608 0.092783 0.109425 0.108867 0.088337 0.069199 0.090903 0.065805 0.073833 0.115359 0.055232 0.111901 0.071798 0.046927 0.066709 0.089499 0.107868 0.038863 0.111787 0.122253 0.072626 0.080044 0.090422 0.114777 0.107865 0.151528 0.139081 0.121393 0.097333 0.043289 0.074934 0.104903 0.108988 0.127166 0.120889 0.132366 0.119591 0.106078 0.113529 0.149504 0.138060 0.107519 0.050586 0.147371 0.122723 0.126595 0.069123 0.103088 0.016932 0.117286 0.065747
210000.009974 8.135610 0.031393 0.067851 0.054747 0.107878 0.119396 0.097901 0.026916 0.051399 0.081611 0.117329 0.083112 0.104872 0.107080 0.082938 0.058647 0.089653 0.057719 0.056704 0.112945 0.042153 0.114927 0.086110 0.060318 0.079675 0.103907 0.118963 0.052843 0.124662 0.133290 0.088170 0.091694 0.100048 0.124162 0.116785 0.156329 0.143805 0.130969 0.112194 0.058009 0.085452 0.112987 0.120232 0.135653 0.127501 0.141461 0.126853 0.115987 0.120957 0.151929 0.147616 0.117830 0.068708 0.154434 0.133294 0.135711 0.081645 0.095521 0.014729 0.125228 0.078362
211000.010022 5.999833 0.044294 0.075118 0.067432 0.110345 0.120676 0.104754 0.032268 0.059478 0.093127 0.114398 0.095839 0.100420 0.101068 0.078471 0.072630 0.096524 0.058795 0.071892 0.109922 0.055255 0.107000 0.071330 0.048254 0.073454 0.089529 0.109939 0.038532 0.112958 0.120587 0.077514 0.076091 0.098048 0.120248 0.114758 0.154909 0.144325 0.127634 0.102588 0.051408 0.083676 0.108740 0.106720 0.128891 0.127350 0.135976 0.125249 0.113279 0.117756 0.152195 0.136084 0.102565 0.057080 0.148617 0.125974 0.133203 0.073896 0.093581 0.012649 0.119557 0.074268
212000.010069 10.145207 0.043622 0.075578 0.067473 0.111152 0.121585 0.104178 0.036130 0.062349 0.092150 0.117350 0.094282 0.105087 0.105800 0.083589 0.070665 0.096413 0.062637 0.070735 0.113017 0.054534 0.111699 0.071667 0.046811 0.071071 0.091140 0.109869 0.038880 0.113402 0.121918 0.076597 0.078951 0.096233 0.119462 0.113604 0.155570 0.143648 0.127124 0.102223 0.048568 0.081186 0.108291 0.108570 0.129624 0.125778 0.135889 0.123579 0.112074 0.117218 0.152664 0.138637 0.105508 0.054886 0.149872 0.126694 0.133063 0.070815 0.097558 0.016448 0.120116 0.071383
213000.010117 12.135952 0.029968 0.064323 0.046924 0.104654 0.116301 0.094417 0.019404 0.041567 0.076538 0.114132 0.076729 0.099436 0.103679 0.076687 0.056077 0.084518 0.049506 0.051640 0.110324 0.035929 0.113736 0.092260 0.069546 0.086586 0.107466 0.120505 0.058960 0.126316 0.134950 0.093889 0.096237 0.104724 0.127220 0.117905 0.152123 0.141276 0.132267 0.114676 0.066799 0.091867 0.112794 0.123504 0.138857 0.128326 0.143596 0.130652 0.118568 0.124222 0.148155 0.149440 0.120509 0.075799 0.153875 0.135461 0.134651 0.089444 0.089927 0.017990 0.127754 0.085396
214000.010164 10.689864 0.031905 0.064213 0.049600 0.104862 0.118521 0.096617 0.011394 0.041334 0.079128 0.114427 0.079755 0.099290 0.103449 0.075365 0.060854 0.084444 0.048417 0.058039 0.112305 0.036054 0.112588 0.086820 0.066096 0.082761 0.100861 0.114289 0.055366 0.119256 0.128891 0.087822 0.090924 0.103117 0.125686 0.113982 0.149420 0.139445 0.129442 0.107452 0.062179 0.089287 0.107710 0.118226 0.137600 0.126409 0.141671 0.129585 0.115440 0.124277 0.147112 0.146162 0.115781 0.069312 0.151504 0.133601 0.130245 0.085702 0.090099 0.016884 0.127491 0.082220
215000.010212 8.238759 0.048373 0.077446 0.070765 0.110663 0.120867 0.106209 0.034181 0.061621 0.096254 0.113318 0.098419 0.098799 0.099591 0.076921 0.076684 0.097823 0.058737 0.076636 0.109143 0.058751 0.105102 0.067618 0.046899 0.073080 0.086043 0.107385 0.035509 0.110174 0.117245 0.074884 0.071495 0.099007 0.120114 0.114286 0.153509 0.143539 0.126822 0.100561 0.050906 0.084443 0.107403 0.103119 0.127338 0.127482 0.134466 0.125350 0.113412 0.117654 0.151432 0.133239 0.099269 0.053810 0.146885 0.124644 0.132126 0.071485 0.092753 0.014822 0.118618 0.075151
216000.010259 10.560431 0.045565 0.075845 0.069941 0.110847 0.122035 0.104616 0.037992 0.065282 0.094213 0.116928 0.096957 0.106331 0.106182 0.085488 0.072477 0.097536 0.065379 0.073764 0.113152 0.058942 0.110142 0.068911 0.042851 0.067526 0.088160 0.108595 0.035651 0.112060 0.120271 0.073444 0.075915 0.093467 0.116919 0.111760 0.155312 0.143071 0.124843 0.100204 0.045342 0.078174 0.107325 0.105867 0.126641 0.124293 0.133501 0.121388 0.109723 0.114426 0.152241 0.135731 0.103221 0.052461 0.147915 0.123874 0.131483 0.068076 0.099796 0.016781 0.117597 0.068397
217000.010307 6.270115 0.040390 0.068684 0.063224 0.105454 0.118875 0.099261 0.030446 0.061202 0.088075 0.114413 0.091335 0.106307 0.106057 0.085040 0.067273 0.090739 0.062358 0.070603 0.112954 0.052381 0.109933 0.074973 0.050179 0.071306 0.092613 0.111582 0.041474 0.115634 0.124637 0.077392 0.080965 0.093172 0.116914 0.111599 0.153315 0.141349 0.124365 0.102217 0.047774 0.078808 0.108492 0.110860 0.128154 0.123811 0.134262 0.121661 0.109503 0.114844 0.150618 0.138670 0.108209 0.055502 0.148753 0.124134 0.129730 0.073309 0.100182 0.012931 0.118124 0.070427
218000.010354 15.530846 0.031508 0.067074 0.060514 0.108226 0.122314 0.099035 0.032437 0.059516 0.084269 0.120167 0.089149 0.112942 0.112188 0.091588 0.060327 0.091156 0.068622 0.062124 0.117061 0.049194 0.115430 0.082101 0.052014 0.069611 0.100681 0.116353 0.051504 0.122217 0.132082 0.081585 0.089586 0.091407 0.118024 0.111733 0.157258 0.143090 0.126034 0.107503 0.047169 0.075173 0.110297 0.118132 0.130832 0.123490 0.137307 0.119737 0.108932 0.115108 0.152861 0.145566 0.117191 0.062277 0.152477 0.129470 0.131796 0.074302 0.103629 0.020351 0.121508 0.067662
219000.010402 4.199485 0.039604 0.070420 0.059027 0.106340 0.117336 0.100281 0.021425 0.050588 0.087216 0.111624 0.088168 0.096096 0.098845 0.072887 0.068544 0.090237 0.049161 0.066834 0.108347 0.045720 0.107311 0.079264 0.059247 0.081471 0.095801 0.113062 0.046931 0.116922 0.124713 0.084442 0.082264 0.103147 0.124059 0.116610 0.151530 0.142252 0.129750 0.106559 0.059214 0.089991 0.109762 0.112391 0.133296 0.128779 0.139016 0.129346 0.116743 0.121959 0.149512 0.140358 0.108514 0.063303 0.150265 0.129219 0.132659 0.081235 0.089240 0.010582 0.123192 0.081768
220000.010449 13.056801 0.045121 0.075516 0.069447 0.112328 0.125251 0.106604 0.035121 0.064090 0.094318 0.119442 0.096708 0.107698 0.108266 0.085958 0.073679 0.097010 0.063709 0.075818 0.117576 0.054992 0.113136 0.068745 0.045250 0.069152 0.086961 0.107073 0.036516 0.110010 0.119163 0.072666 0.075793 0.095263 0.119383 0.111483 0.155670 0.143844 0.125867 0.097707 0.043947 0.078353 0.106173 0.105919 0.129740 0.125116 0.135750 0.123627 0.110586 0.117893 0.153625 0.137337 0.103665 0.049098 0.149445 0.126393 0.131099 0.069160 0.100968 0.018660 0.121465 0.069063
221000.010497 5.665104 0.040943 0.072031 0.064199 0.109462 0.121169 0.101906 0.033265 0.060451 0.089386 0.116920 0.091762 0.105464 0.106653 0.084224 0.067570 0.094128 0.061699 0.068964 0.113698 0.052416 0.112418 0.075299 0.050246 0.072565 0.093668 0.112011 0.040720 0.115948 0.124595 0.078766 0.081645 0.095541 0.119472 0.113306 0.155615 0.143411 0.126968 0.103701 0.049268 0.080207 0.109116 0.111105 0.130287 0.125339 0.136487 0.123657 0.111877 0.116829 0.152460 0.140066 0.108382 0.057153 0.150522 0.127027 0.132772 0.073617 0.098605 0.012291 0.120509 0.071850
222000.010544 5.228341 0.042965 0.073239 0.060894 0.109043 0.119850 0.103292 0.022389 0.049907 0.089556 0.113111 0.089240 0.094848 0.099030 0.071103 0.071486 0.092560 0.046764 0.069103 0.109885 0.046621 0.108659 0.076715 0.058777 0.081274 0.092357 0.109723 0.044178 0.113177 0.121137 0.082131 0.079940 0.104766 0.125524 0.115649 0.151220 0.142184 0.130067 0.103493 0.059299 0.090804 0.107271 0.109380 0.134499 0.128686 0.139672 0.131032 0.117178 0.124094 0.149656 0.139260 0.105822 0.061503 0.149993 0.130176 0.132375 0.080461 0.087791 0.011808 0.124945 0.082180
223000.010592 11.993127 0.050660 0.079489 0.073648 0.112598 0.122596 0.108101 0.038429 0.065632 0.098314 0.115599 0.100280 0.102204 0.102372 0.080810 0.078201 0.100684 0.062724 0.078436 0.111228 0.061347 0.106823 0.063559 0.040613 0.068032 0.083187 0.104225 0.031743 0.107647 0.114913 0.070158 0.069586 0.095585 0.117220 0.111230 0.152970 0.142328 0.124358 0.097292 0.045795 0.080793 0.104824 0.100244 0.125341 0.124452 0.131989 0.122361 0.110098 0.115937 0.150990 0.131506 0.097754 0.049224 0.145133 0.122626 0.130226 0.066296 0.095893 0.017883 0.117169 0.070276
224000.010639 3.756828 0.039400 0.070622 0.059693 0.106832 0.117825 0.100460 0.023532 0.051835 0.087263 0.112240 0.088628 0.097204 0.099531 0.074221 0.068096 0.090462 0.051257 0.066780 0.108835 0.046592 0.107841 0.078630 0.058151 0.080611 0.095523 0.113485 0.045586 0.116974 0.124849 0.084050 0.081897 0.102675 0.124146 0.117216 0.152989 0.143291 0.130171 0.106772 0.058228 0.088974 0.110724 0.112478 0.133157 0.129254 0.139324 0.129026 0.116992 0.121437 0.150722 0.140531 0.107995 0.062778 0.151064 0.129509 0.133780 0.080487 0.090199 0.010009 0.122985 0.080846
225000.010687 12.983287 0.028118 0.058469 0.044289 0.098857 0.113032 0.090207 0.010004 0.040407 0.073623 0.110524 0.075114 0.099364 0.102623 0.076342 0.055902 0.078477 0.049599 0.054618 0.109141 0.033452 0.110691 0.090647 0.068968 0.083575 0.104962 0.116499 0.059344 0.122483 0.132183 0.090471 0.094886 0.100381 0.122079 0.112432 0.144874 0.135259 0.126290 0.109775 0.063421 0.088477 0.108070 0.121463 0.135109 0.123561 0.138411 0.126243 0.112764 0.120883 0.142556 0.146194 0.119527 0.071942 0.148283 0.130673 0.127005 0.087288 0.090647 0.018607 0.124086 0.081998
226000.010734 5.508567 0.029083 0.063285 0.050675 0.103501 0.115977 0.094234 0.019816 0.047049 0.078125 0.113560 0.080465 0.102059 0.104347 0.079707 0.056930 0.084963 0.054725 0.055691 0.110063 0.039480 0.111985 0.087770 0.063222 0.080651 0.104658 0.118137 0.055064 0.124166 0.133257 0.088877 0.092758 0.099274 0.122426 0.114749 0.151436 0.140140 0.128528 0.111490 0.059518 0.085927 0.111082 0.120836 0.134555 0.125627 0.139495 0.125779 0.114070 0.119932 0.147973 0.146740 0.118752 0.069965 0.151482 0.131578 0.131880 0.083571 0.092886 0.012120 0.123619 0.079143
227000.010782 6.382126 0.036742 0.067221 0.053034 0.105565 0.117284 0.098165 0.017449 0.044221 0.081629 0.112541 0.081151 0.096135 0.100715 0.072841 0.063998 0.086877 0.045994 0.061795 0.110034 0.037367 0.110963 0.083223 0.063718 0.082776 0.098508 0.112016 0.051039 0.117171 0.125969 0.085733 0.087293 0.102855 0.124337 0.113334 0.148256 0.138551 0.128173 0.106057 0.060542 0.089015 0.106594 0.114765 0.135425 0.125328 0.139268 0.128798 0.114983 0.123415 0.146196 0.142935 0.112603 0.065885 0.149279 0.131229 0.129961 0.083159 0.087555 0.013046 0.125451 0.081905
228000.010829 2.344080 0.041996 0.072539 0.062274 0.107625 0.117703 0.101287 0.027567 0.054761 0.088701 0.112382 0.089335 0.097711 0.100100 0.075556 0.069179 0.092719 0.053014 0.068274 0.108377 0.048553 0.108077 0.075195 0.053983 0.077289 0.093396 0.110413 0.042185 0.115034 0.122631 0.080227 0.079761 0.099923 0.121186 0.113995 0.151292 0.141024 0.127330 0.104407 0.054423 0.086019 0.107882 0.109344 0.130545 0.125874 0.136015 0.125974 0.113961 0.119534 0.148979 0.138252 0.106687 0.059151 0.148283 0.127074 0.131652 0.075802 0.090365 0.007906 0.120751 0.077594
229000.010877 8.963975 0.036901 0.067990 0.056800 0.105687 0.117414 0.097744 0.028428 0.054324 0.082420 0.114805 0.084018 0.103818 0.106012 0.082159 0.062339 0.087921 0.056519 0.063151 0.112469 0.042872 0.114350 0.083292 0.060159 0.079833 0.101047 0.115926 0.049658 0.120655 0.130450 0.085779 0.090139 0.098853 0.121804 0.114572 0.151768 0.140586 0.127909 0.107770 0.056753 0.084932 0.110436 0.118333 0.134368 0.125413 0.138723 0.126148 0.113747 0.120057 0.149063 0.145596 0.115565 0.064103 0.151521 0.129989 0.132295 0.080929 0.095669 0.015461 0.123196 0.077233
230000.010924 4.277303 0.041891 0.070756 0.064051 0.107266 0.120086 0.101410 0.028868 0.058918 0.089676 0.114508 0.092090 0.103629 0.104387 0.081729 0.069421 0.092519 0.059420 0.071017 0.112299 0.052436 0.109282 0.072991 0.049636 0.071695 0.090352 0.109217 0.039710 0.113323 0.121950 0.076097 0.078668 0.095350 0.118436 0.111394 0.152643 0.141337 0.125020 0.100788 0.048890 0.080700 0.106780 0.108306 0.128922 0.124210 0.134807 0.123327 0.110398 0.116882 0.150296 0.137540 0.105918 0.055182 0.148192 0.125141 0.129722 0.073033 0.096990 0.010680 0.119423 0.071873
231000.010972 6.864908 0.028629 0.061794 0.050183 0.102481 0.116322 0.093530 0.019760 0.048535 0.076986 0.114156 0.079579 0.104532 0.106297 0.082324 0.055996 0.083118 0.056379 0.056746 0.112130 0.038472 0.113300 0.087314 0.062765 0.079471 0.103640 0.117925 0.054351 0.123475 0.133393 0.087638 0.093013 0.097759 0.121707 0.113801 0.151437 0.139666 0.127517 0.109871 0.057756 0.083847 0.110723 0.121142 0.134477 0.124833 0.139284 0.124990 0.112918 0.119258 0.147917 0.147157 0.118783 0.068149 0.151726 0.131022 0.131118 0.082971 0.095473 0.013530 0.123436 0.077341
232000.011019 7.723677 0.027985 0.063123 0.049610 0.104229 0.117557 0.095020 0.017151 0.045076 0.077363 0.115075 0.078768 0.102872 0.105639 0.079975 0.057054 0.084272 0.053486 0.055370 0.112430 0.035064 0.113693 0.086249 0.062493 0.079286 0.102347 0.115267 0.054506 0.121213 0.130928 0.086583 0.091905 0.098981 0.122568 0.112628 0.150283 0.138863 0.127546 0.108334 0.057651 0.084683 0.108324 0.119206 0.135239 0.124083 0.139430 0.125494 0.112787 0.121018 0.147111 0.146550 0.117583 0.067479 0.150941 0.132056 0.130103 0.082056 0.092984 0.014351 0.125026 0.077748
233000.011067 2.102331 0.036741 0.068725 0.056746 0.107011 0.118346 0.099186 0.023312 0.049846 0.083790 0.114027 0.084842 0.099538 0.102620 0.076995 0.063745 0.089641 0.052433 0.062373 0.110439 0.043073 0.111352 0.081422 0.059151 0.079734 0.098438 0.113832 0.047855 0.118896 0.127468 0.084511 0.086363 0.100749 0.123379 0.114709 0.152386 0.141579 0.129008 0.107321 0.057335 0.086365 0.109226 0.114893 0.134191 0.126394 0.139304 0.127411 0.114948 0.121403 0.149547 0.143261 0.112305 0.064548 0.151065 0.130796 0.132727 0.080534 0.090948 0.007487 0.123891 0.078909
234000.011114 18.294457 0.029969 0.059149 0.042673 0.099974 0.114155 0.091176 0.008011 0.036876 0.072917 0.111361 0.073110 0.098266 0.102960 0.074898 0.056493 0.078502 0.046496 0.054275 0.110267 0.030030 0.112609 0.093387 0.073090 0.087069 0.106997 0.116858 0.062343 0.123326 0.133124 0.092793 0.097297 0.103392 0.124609 0.112790 0.143778 0.134737 0.127447 0.110807 0.066853 0.091283 0.107742 0.123059 0.137862 0.124007 0.140214 0.128702 0.114423 0.124075 0.141927 0.148042 0.121779 0.074741 0.148729 0.133263 0.127008 0.090347 0.089038 0.022087 0.127089 0.085318
235000.011162 2.317020 0.038810 0.069576 0.061267 0.107027 0.119562 0.100458 0.026228 0.056245 0.087622 0.114730 0.090321 0.103205 0.104396 0.080860 0.066808 0.091199 0.057836 0.067742 0.111985 0.049521 0.110463 0.077319 0.053647 0.075122 0.094793 0.112752 0.043678 0.116834 0.125861 0.080569 0.082906 0.097597 0.120777 0.113967 0.153780 0.142680 0.127532 0.104415 0.052533 0.083329 0.109235 0.112731 0.131782 0.126433 0.137675 0.125625 0.112894 0.118705 0.151303 0.141287 0.109693 0.059637 0.150807 0.127914 0.131944 0.077028 0.096042 0.007860 0.121388 0.074680
236000.011209 6.788291 0.043524 0.073342 0.067027 0.109751 0.122356 0.103793 0.032864 0.061592 0.092039 0.116853 0.094436 0.105616 0.106176 0.083814 0.071207 0.095040 0.062502 0.072749 0.114152 0.055208 0.110673 0.069508 0.045135 0.068034 0.087661 0.107060 0.036561 0.110747 0.119722 0.072791 0.076418 0.094072 0.117812 0.110293 0.153718 0.141737 0.124441 0.098502 0.045278 0.078216 0.105329 0.106084 0.128168 0.123550 0.134221 0.122135 0.109264 0.116119 0.151215 0.136666 0.104005 0.051825 0.147945 0.125052 0.129725 0.069000 0.098556 0.013454 0.119229 0.068792
237000.011257 7.067833 0.045436 0.076807 0.065285 0.111192 0.120759 0.106589 0.025955 0.052487 0.092968 0.113022 0.093710 0.094078 0.097129 0.070469 0.074658 0.095878 0.048676 0.071411 0.108471 0.050177 0.106893 0.075022 0.056735 0.082129 0.091870 0.111317 0.043358 0.114173 0.121563 0.082582 0.077936 0.106479 0.126893 0.118601 0.154056 0.145338 0.132035 0.105147 0.060075 0.092291 0.109899 0.108807 0.134450 0.131621 0.140774 0.132540 0.119328 0.124916 0.152144 0.138883 0.103985 0.062289 0.151136 0.130849 0.135612 0.080671 0.086393 0.013729 0.124914 0.083350
238000.011304 9.157353 0.042614 0.076587 0.067924 0.112687 0.123304 0.106651 0.032641 0.059545 0.093722 0.117546 0.095805 0.103191 0.103773 0.080715 0.072749 0.097753 0.060309 0.071338 0.112655 0.053739 0.109972 0.071772 0.047379 0.072773 0.091432 0.110353 0.041398 0.114463 0.122409 0.077325 0.077146 0.099439 0.122311 0.115064 0.156430 0.145048 0.128917 0.103777 0.049771 0.083454 0.108807 0.108383 0.130894 0.127934 0.137758 0.125811 0.114289 0.119929 0.153643 0.139164 0.105863 0.056320 0.150902 0.129283 0.134008 0.071357 0.094869 0.015627 0.122454 0.074016
239000.011352 8.943053 0.031663 0.063884 0.053193 0.104870 0.119183 0.096723 0.020878 0.050416 0.079906 0.116035 0.082693 0.105120 0.107396 0.082588 0.060023 0.084913 0.056088 0.061529 0.115113 0.038606 0.115087 0.084880 0.061935 0.079248 0.100833 0.115622 0.051910 0.119824 0.130465 0.085800 0.091010 0.098376 0.122510 0.113538 0.151913 0.140759 0.127887 0.106400 0.055992 0.083526 0.109505 0.119291 0.135773 0.125567 0.140196 0.126480 0.112994 0.120637 0.149497 0.146758 0.116449 0.064376 0.152375 0.131367 0.130928 0.082600 0.096791 0.015443 0.125019 0.076566
240000.011399 11.328642 0.033627 0.064897 0.057276 0.104997 0.120453 0.097828 0.022918 0.053910 0.083799 0.116192 0.087136 0.106950 0.107806 0.084456 0.063504 0.086950 0.059992 0.065363 0.115352 0.046004 0.112492 0.081239 0.057185 0.074404 0.096955 0.113471 0.050117 0.117991 0.127961 0.081583 0.086626 0.096147 0.120501 0.111870 0.152725 0.140956 0.126170 0.104217 0.052201 0.081085 0.108219 0.115574 0.132605 0.124843 0.138081 0.124287 0.110981 0.118440 0.150051 0.143481 0.113671 0.061403 0.151044 0.129051 0.129272 0.078225 0.099318 0.017381 0.122959 0.073545
