#! FIELDS time restraint.bias r0 r1 r2 r3 r4 r5 r6 r7 r8 r9 r10 r11 r12 r13 r14 r15 r16 r17 r18 r19 r20 r21 r22 r23 r24 r25 r26 r27 r28 r29 r30 r31 r32 r33 r34 r35 r36 r37 r38 r39 r40 r41 r42 r43 r44 r45 r46 r47 r48 r49 r50 r51 r52 r53 r54 r55 r56
 820000.038948 1.742394 0.146845 0.125131 0.131787 0.107309 0.109515 0.117694 0.143740 0.138979 0.120553 0.103783 0.116484 0.129696 0.119306 0.140261 0.141274 0.112058 0.144295 0.147191 0.115382 0.141066 0.105905 0.121671 0.133666 0.120753 0.112829 0.113776 0.135479 0.118569 0.099131 0.118411 0.112961 0.096815 0.067016 0.081148 0.031981 0.034718 0.046113 0.119914 0.130182 0.113535 0.102067 0.093739 0.062699 0.064335 0.040310 0.078219 0.072764 0.086360 0.030973 0.042393 0.089439 0.129799 0.013993 0.060823 0.052913 0.122065 0.132512
 821000.038995 1.264551 0.148761 0.126603 0.133089 0.108049 0.109046 0.117556 0.145920 0.141462 0.121893 0.104686 0.116846 0.130529 0.120663 0.141697 0.142391 0.113642 0.145658 0.148807 0.116500 0.142841 0.108370 0.122549 0.134995 0.122416 0.114333 0.114560 0.136233 0.119258 0.099300 0.119736 0.113807 0.097489 0.066899 0.082363 0.030481 0.033250 0.047052 0.121508 0.130975 0.114648 0.103730 0.094590 0.062933 0.063628 0.037951 0.077647 0.074140 0.086906 0.030188 0.043103 0.090818 0.129871 0.011921 0.060649 0.054081 0.122440 0.134118
 822000.039043 4.469328 0.149374 0.126164 0.129200 0.108324 0.110996 0.116678 0.145714 0.137298 0.118284 0.107926 0.110512 0.132347 0.125575 0.142986 0.141542 0.109905 0.143861 0.146068 0.120599 0.140682 0.115598 0.131563 0.144880 0.130108 0.120298 0.116881 0.145382 0.120766 0.100429 0.127094 0.123326 0.107574 0.079287 0.085842 0.021039 0.029115 0.056335 0.125924 0.139786 0.123664 0.104923 0.100326 0.076886 0.068419 0.052202 0.088377 0.082180 0.098733 0.018331 0.054091 0.099600 0.138744 0.022410 0.073560 0.055643 0.130880 0.134360
 823000.039090 8.403972 0.141958 0.121178 0.135842 0.100995 0.102698 0.113273 0.140725 0.144897 0.123934 0.095350 0.125336 0.126163 0.110496 0.136677 0.138645 0.113755 0.145879 0.149340 0.106344 0.143774 0.090516 0.113234 0.120473 0.109346 0.110178 0.117665 0.123159 0.123661 0.106577 0.111203 0.102540 0.079887 0.047027 0.080557 0.055723 0.049354 0.037022 0.119056 0.117067 0.099273 0.106456 0.094305 0.037417 0.063595 0.020561 0.060908 0.063287 0.063362 0.053397 0.037044 0.084449 0.118736 0.030731 0.038134 0.056344 0.111409 0.133941
 824000.039138 4.501456 0.145168 0.121381 0.125415 0.105246 0.110147 0.113128 0.142823 0.134768 0.114149 0.107941 0.107506 0.135746 0.126679 0.145329 0.137129 0.106394 0.144218 0.142043 0.121205 0.137326 0.113955 0.133257 0.143420 0.126222 0.123150 0.118863 0.145712 0.124489 0.106260 0.126492 0.125612 0.100994 0.072324 0.081134 0.023757 0.024992 0.050065 0.125275 0.136466 0.118451 0.103261 0.104904 0.072774 0.063273 0.047916 0.081690 0.075027 0.093123 0.020548 0.055836 0.102167 0.137819 0.022491 0.068917 0.048592 0.129813 0.137504
 825000.039185 3.260497 0.146732 0.124052 0.129799 0.107317 0.111922 0.116889 0.143754 0.137703 0.119158 0.106993 0.113082 0.133905 0.124277 0.143750 0.140703 0.110294 0.144865 0.146458 0.120792 0.139722 0.110877 0.126519 0.137928 0.122023 0.116314 0.114323 0.139319 0.119389 0.102099 0.120546 0.118840 0.097879 0.068981 0.078560 0.025516 0.027463 0.045264 0.119285 0.131943 0.114517 0.100182 0.099375 0.068133 0.062207 0.043527 0.079826 0.072049 0.089411 0.027678 0.049507 0.095442 0.131666 0.019141 0.063200 0.046222 0.124758 0.136974
 826000.039233 3.523123 0.145166 0.122638 0.125804 0.107166 0.110873 0.115303 0.141715 0.133965 0.115666 0.107708 0.108755 0.133207 0.125299 0.142749 0.137974 0.108205 0.141313 0.142526 0.120391 0.136733 0.114506 0.129219 0.140510 0.124934 0.119243 0.114839 0.142218 0.120469 0.102067 0.123257 0.122270 0.101226 0.072841 0.080140 0.021950 0.026867 0.049985 0.121661 0.134665 0.117678 0.100541 0.100201 0.073165 0.062655 0.047761 0.083241 0.075149 0.094026 0.022360 0.053327 0.098472 0.134886 0.019897 0.068883 0.050238 0.127195 0.134378
 827000.039280 6.800578 0.142727 0.120753 0.131820 0.104395 0.109739 0.113978 0.142430 0.141675 0.119475 0.105118 0.116765 0.136523 0.122614 0.145768 0.137205 0.111861 0.148798 0.145815 0.117772 0.141131 0.103836 0.122638 0.128363 0.110758 0.116811 0.116543 0.133060 0.125573 0.110893 0.114205 0.114954 0.081845 0.051856 0.072040 0.046934 0.033034 0.031050 0.118573 0.121230 0.100337 0.100515 0.101742 0.050779 0.052648 0.027055 0.060580 0.058683 0.072594 0.041930 0.049167 0.097142 0.124735 0.027644 0.050827 0.043761 0.115246 0.140663
 828000.039328 1.628151 0.149417 0.126357 0.132468 0.107577 0.110351 0.117814 0.146019 0.140534 0.121721 0.105247 0.116267 0.131469 0.121806 0.142542 0.143269 0.112332 0.146150 0.149183 0.118355 0.142842 0.108973 0.125482 0.138594 0.124997 0.115442 0.115678 0.139190 0.119244 0.099659 0.122301 0.116547 0.100455 0.070037 0.083039 0.023754 0.031887 0.049019 0.121858 0.134116 0.117830 0.103820 0.096787 0.067149 0.066127 0.042656 0.081804 0.075818 0.090207 0.027501 0.045036 0.091899 0.132673 0.013526 0.062297 0.051191 0.126390 0.135730
 829000.039375 3.655503 0.150169 0.128746 0.139553 0.108030 0.109097 0.120523 0.147157 0.147532 0.129064 0.101644 0.126482 0.128845 0.115648 0.139896 0.146901 0.118389 0.148976 0.155070 0.113917 0.147922 0.099236 0.116914 0.129286 0.118506 0.110237 0.115894 0.129800 0.119622 0.100786 0.116314 0.106317 0.092625 0.059533 0.083788 0.040704 0.042973 0.044288 0.119679 0.126494 0.111282 0.105962 0.093072 0.052248 0.067517 0.029616 0.073501 0.071749 0.078396 0.045109 0.034278 0.083205 0.124291 0.020268 0.047157 0.053299 0.118726 0.136663
 830000.039423 5.868485 0.142030 0.120626 0.122614 0.107384 0.111238 0.113119 0.140203 0.131492 0.111353 0.110428 0.102849 0.135872 0.128388 0.144067 0.133719 0.106488 0.140338 0.137618 0.122162 0.133194 0.117726 0.130848 0.139165 0.121079 0.121850 0.114307 0.142586 0.122818 0.106288 0.121617 0.125412 0.097677 0.071585 0.075615 0.031212 0.020067 0.046924 0.121497 0.131889 0.113090 0.097993 0.103584 0.072987 0.055433 0.047304 0.077454 0.071267 0.092504 0.020202 0.059702 0.104836 0.134242 0.025680 0.072136 0.049077 0.123723 0.134435
 831000.039470 3.091663 0.153272 0.131295 0.138404 0.111666 0.113716 0.124234 0.147878 0.144254 0.129136 0.105050 0.124344 0.128292 0.118748 0.139459 0.149717 0.118097 0.146605 0.155736 0.118395 0.147099 0.106494 0.119283 0.135664 0.125399 0.108120 0.112308 0.133976 0.113267 0.093485 0.119148 0.109585 0.103685 0.073358 0.086322 0.025709 0.041654 0.053135 0.117797 0.133528 0.120045 0.103963 0.090324 0.068540 0.072780 0.046129 0.087675 0.079778 0.092798 0.038258 0.038637 0.082723 0.128968 0.018639 0.060936 0.054451 0.125336 0.134397
 832000.039518 1.849560 0.149884 0.128121 0.132295 0.108391 0.108313 0.117845 0.146239 0.139189 0.120987 0.104173 0.114630 0.126639 0.119066 0.138037 0.143527 0.112352 0.143065 0.147912 0.115076 0.142223 0.109459 0.123714 0.138638 0.127815 0.113158 0.113810 0.139498 0.116083 0.093820 0.122910 0.114497 0.106673 0.077412 0.088741 0.026388 0.036411 0.056972 0.124301 0.136444 0.122498 0.106217 0.091925 0.070930 0.071355 0.048792 0.086568 0.083063 0.095589 0.021389 0.044911 0.090668 0.133928 0.014417 0.070501 0.060638 0.126211 0.128690
 833000.039565 10.970903 0.138813 0.116090 0.128338 0.101111 0.108367 0.110952 0.138470 0.139379 0.117832 0.103707 0.116390 0.137964 0.123486 0.146910 0.133395 0.109166 0.147109 0.143725 0.117897 0.138438 0.103910 0.122452 0.125916 0.106339 0.118350 0.115537 0.130091 0.125745 0.115005 0.111565 0.116873 0.074745 0.043371 0.066583 0.049881 0.034967 0.023996 0.113811 0.116862 0.095090 0.096359 0.105642 0.050563 0.049246 0.024744 0.058618 0.051338 0.067254 0.049672 0.054091 0.099904 0.121046 0.035112 0.042588 0.037952 0.113325 0.144096
 834000.039613 8.665702 0.138292 0.117052 0.125598 0.104937 0.111834 0.112009 0.138262 0.135838 0.114803 0.109111 0.109906 0.140254 0.127909 0.147560 0.132070 0.109342 0.144871 0.139826 0.122103 0.135356 0.110598 0.123341 0.127162 0.106731 0.118191 0.112301 0.132726 0.123878 0.112296 0.111157 0.118745 0.078586 0.050551 0.063678 0.045377 0.024835 0.025953 0.114094 0.117806 0.096269 0.093346 0.103946 0.056416 0.042788 0.028742 0.058836 0.052557 0.074618 0.041106 0.056759 0.102941 0.122263 0.031206 0.054248 0.036384 0.112001 0.142043
 835000.039660 6.448886 0.142759 0.120849 0.127974 0.106469 0.112989 0.115389 0.141071 0.136774 0.117742 0.108454 0.112156 0.138433 0.127244 0.147111 0.136891 0.109794 0.145203 0.143896 0.122627 0.137578 0.111394 0.126005 0.133101 0.113634 0.118087 0.113122 0.136122 0.121980 0.109036 0.115518 0.120443 0.087366 0.058954 0.069011 0.036393 0.023409 0.032912 0.114570 0.124925 0.104580 0.094702 0.103660 0.062616 0.051750 0.036335 0.070195 0.060710 0.080937 0.035977 0.054077 0.100194 0.127058 0.026920 0.056546 0.037934 0.118802 0.141574
 836000.039708 8.584316 0.137142 0.115353 0.126226 0.100990 0.107776 0.110461 0.136792 0.136222 0.115066 0.103185 0.113219 0.135419 0.121851 0.143802 0.131996 0.106744 0.144198 0.141139 0.116573 0.135467 0.103435 0.120357 0.124664 0.105770 0.114832 0.113139 0.128860 0.121917 0.110459 0.110289 0.114786 0.076454 0.047050 0.067072 0.047284 0.032762 0.025024 0.112460 0.116586 0.095159 0.095186 0.102074 0.051758 0.049957 0.028197 0.059851 0.052788 0.068564 0.044462 0.052053 0.096889 0.120559 0.031059 0.046649 0.039271 0.112357 0.139586
 837000.039755 8.011769 0.141648 0.119691 0.131179 0.104100 0.110069 0.113942 0.140867 0.141259 0.120356 0.104851 0.118044 0.137055 0.123274 0.146272 0.136554 0.112040 0.147790 0.146223 0.118488 0.140381 0.104520 0.120796 0.126373 0.108487 0.115758 0.114442 0.130171 0.123564 0.110983 0.111677 0.114258 0.078593 0.047603 0.068832 0.046999 0.034352 0.027193 0.114361 0.118415 0.097580 0.097334 0.101771 0.050836 0.051037 0.024320 0.060925 0.055207 0.070301 0.046663 0.050039 0.096519 0.121332 0.030005 0.045493 0.041091 0.113445 0.142595
 838000.039803 14.249135 0.134462 0.112922 0.124218 0.101780 0.109957 0.108654 0.136510 0.136251 0.112370 0.108147 0.111037 0.143127 0.128288 0.150366 0.127809 0.107019 0.147135 0.137471 0.120904 0.134131 0.108019 0.124166 0.124020 0.101640 0.120888 0.116028 0.131167 0.127866 0.119329 0.110487 0.120684 0.068312 0.039504 0.061923 0.056703 0.034992 0.019852 0.114036 0.113468 0.088412 0.094818 0.109204 0.050589 0.041148 0.026805 0.049271 0.044072 0.064067 0.050893 0.061685 0.105984 0.120887 0.040015 0.048356 0.038477 0.110588 0.145766
 839000.039850 2.677092 0.145280 0.122382 0.129450 0.103782 0.105975 0.112482 0.144057 0.139183 0.116509 0.103377 0.111980 0.131919 0.120939 0.142760 0.137501 0.109193 0.146044 0.143886 0.114500 0.140534 0.106667 0.127466 0.136204 0.120907 0.120060 0.118970 0.139397 0.125949 0.106328 0.122060 0.118654 0.093943 0.063843 0.080544 0.036323 0.029053 0.044097 0.125579 0.130992 0.112186 0.105081 0.100490 0.060288 0.059826 0.036702 0.071926 0.070730 0.083180 0.025388 0.048421 0.097806 0.133217 0.017344 0.061076 0.052502 0.123241 0.134554
 840000.039898 7.708824 0.141639 0.118357 0.121344 0.104281 0.110849 0.110900 0.139632 0.130690 0.110037 0.109283 0.102252 0.137009 0.129260 0.145199 0.133000 0.103132 0.141278 0.137738 0.122768 0.133358 0.117130 0.135783 0.143431 0.123912 0.125768 0.118134 0.146134 0.125988 0.109593 0.125601 0.129648 0.099546 0.073403 0.076969 0.027937 0.019464 0.048483 0.123862 0.135001 0.115828 0.099816 0.108437 0.076183 0.059244 0.051437 0.081500 0.072694 0.093971 0.018339 0.062543 0.108296 0.138011 0.029432 0.072626 0.046592 0.128850 0.137094
 841000.039945 2.085579 0.149679 0.125792 0.131638 0.106556 0.108870 0.116073 0.146687 0.140576 0.120379 0.105203 0.114880 0.131480 0.122326 0.142699 0.142572 0.110917 0.146570 0.148464 0.118035 0.143126 0.110051 0.127392 0.140550 0.126686 0.117297 0.117191 0.140877 0.120088 0.099953 0.124541 0.118484 0.101795 0.071407 0.085162 0.024105 0.031508 0.051321 0.124347 0.136129 0.119806 0.105942 0.098270 0.068811 0.067517 0.044480 0.082611 0.077739 0.091085 0.024614 0.047166 0.093955 0.134849 0.015309 0.064234 0.053059 0.128282 0.135818
 842000.039993 6.998553 0.149308 0.125330 0.127208 0.106025 0.107561 0.115118 0.144198 0.134855 0.117003 0.104393 0.109755 0.126274 0.121088 0.137682 0.141715 0.106800 0.140283 0.145433 0.117222 0.139038 0.114446 0.131385 0.148409 0.136886 0.117990 0.116702 0.147113 0.115516 0.093887 0.131001 0.122714 0.116053 0.088053 0.094673 0.015334 0.040079 0.067370 0.127920 0.144948 0.131927 0.109290 0.097902 0.084761 0.079370 0.062164 0.098440 0.091726 0.106472 0.021239 0.055936 0.096182 0.141565 0.028044 0.080070 0.063828 0.136356 0.128668
 843000.040040 6.956626 0.141172 0.117910 0.122870 0.103513 0.109254 0.109547 0.140500 0.133710 0.110537 0.108475 0.103261 0.137771 0.128564 0.146511 0.132252 0.104746 0.143428 0.138329 0.121771 0.134434 0.115384 0.133116 0.139216 0.119683 0.125096 0.118053 0.142917 0.127311 0.111598 0.122523 0.127111 0.093012 0.066322 0.073816 0.033991 0.017429 0.042041 0.123146 0.130070 0.109625 0.099843 0.108053 0.069056 0.052692 0.043227 0.072532 0.067226 0.087267 0.023229 0.061030 0.108123 0.133766 0.027959 0.067586 0.044935 0.123870 0.138394
 844000.040088 8.672787 0.140933 0.119162 0.120986 0.106987 0.113174 0.113980 0.137422 0.128918 0.111381 0.110315 0.103061 0.135650 0.129384 0.143152 0.133284 0.104989 0.137422 0.137784 0.123674 0.131657 0.119588 0.132703 0.140531 0.121728 0.122897 0.113819 0.142326 0.122689 0.107702 0.121713 0.128319 0.098990 0.074054 0.073659 0.028857 0.021114 0.047083 0.118636 0.132540 0.113801 0.095139 0.105841 0.078262 0.056836 0.052895 0.083513 0.071315 0.095408 0.024290 0.063189 0.107061 0.134798 0.031218 0.073388 0.046822 0.126223 0.134684
 845000.040135 6.628938 0.141339 0.118687 0.128164 0.103432 0.108830 0.111181 0.141961 0.139375 0.115671 0.106612 0.112387 0.139262 0.125982 0.148511 0.133974 0.109116 0.148540 0.142312 0.119114 0.138918 0.107768 0.126562 0.131061 0.111636 0.121357 0.118053 0.136067 0.127901 0.113706 0.116757 0.120030 0.081020 0.050468 0.070510 0.045208 0.027611 0.029928 0.119999 0.122781 0.100533 0.099796 0.105656 0.053147 0.049058 0.026467 0.059441 0.057151 0.072435 0.038492 0.053489 0.101953 0.127394 0.027293 0.052011 0.042531 0.117134 0.142757
 846000.040183 5.785115 0.142312 0.119497 0.127136 0.104320 0.110999 0.113733 0.140276 0.136308 0.117129 0.106550 0.112210 0.136928 0.125247 0.145743 0.136721 0.108478 0.144799 0.143771 0.121093 0.137397 0.109030 0.126228 0.134197 0.116076 0.118358 0.114760 0.136982 0.122343 0.108199 0.117518 0.119562 0.089321 0.059690 0.072604 0.032842 0.026769 0.037348 0.116916 0.126087 0.107374 0.097442 0.103330 0.062748 0.056428 0.036697 0.072119 0.063649 0.082009 0.036188 0.052209 0.098436 0.127743 0.025497 0.055488 0.038582 0.120720 0.140897
 847000.040230 3.940666 0.144303 0.121434 0.126831 0.106191 0.111045 0.114224 0.142521 0.135860 0.114975 0.107920 0.109581 0.136199 0.126595 0.145649 0.136571 0.107922 0.144638 0.142611 0.120621 0.137638 0.112888 0.129419 0.138208 0.120809 0.120625 0.116621 0.141165 0.123802 0.106697 0.121632 0.122532 0.094922 0.066551 0.076436 0.031545 0.024722 0.042756 0.121647 0.131462 0.111802 0.100310 0.102625 0.067102 0.057828 0.042469 0.076032 0.069026 0.087078 0.025401 0.053546 0.100763 0.133713 0.021043 0.064868 0.047648 0.124685 0.137541
 848000.040278 5.778635 0.141755 0.118854 0.126433 0.103702 0.109309 0.111487 0.141486 0.137040 0.114182 0.107017 0.109518 0.138509 0.126428 0.147747 0.133992 0.107847 0.146694 0.141064 0.119651 0.137569 0.109822 0.129359 0.134610 0.115162 0.122891 0.118221 0.139226 0.128176 0.113027 0.119266 0.122754 0.086312 0.056953 0.071536 0.039713 0.023109 0.034431 0.121267 0.126424 0.104892 0.099552 0.106265 0.059348 0.050416 0.033232 0.065413 0.060980 0.078898 0.032167 0.055026 0.103629 0.130739 0.025483 0.057742 0.042487 0.120462 0.140904
 849000.040325 5.057304 0.140402 0.117958 0.127425 0.102978 0.108402 0.111932 0.139575 0.137305 0.115750 0.104383 0.113117 0.134934 0.122569 0.144069 0.134206 0.108209 0.144910 0.142552 0.117352 0.137149 0.105959 0.122169 0.128561 0.111243 0.115779 0.114185 0.132218 0.122075 0.107838 0.113963 0.115827 0.082170 0.052463 0.070623 0.041311 0.030805 0.031257 0.115712 0.121236 0.100607 0.097573 0.100517 0.055474 0.051991 0.030777 0.064361 0.057990 0.074449 0.038152 0.050109 0.096167 0.124286 0.023839 0.051828 0.042767 0.116474 0.138322
 850000.040373 5.977599 0.141724 0.119152 0.128900 0.103832 0.109373 0.112303 0.141292 0.139503 0.117336 0.106041 0.113893 0.137759 0.124840 0.146929 0.135228 0.110117 0.147389 0.143801 0.119197 0.139160 0.107189 0.124107 0.129799 0.111322 0.118417 0.115584 0.133881 0.124837 0.110895 0.114817 0.117510 0.081585 0.051049 0.069892 0.042505 0.028315 0.030247 0.117381 0.121605 0.100653 0.098264 0.103058 0.054140 0.049990 0.026457 0.061736 0.057513 0.073837 0.039585 0.051463 0.099119 0.124932 0.025917 0.050628 0.040855 0.116157 0.141849
 851000.040420 7.545427 0.142821 0.121711 0.134362 0.103908 0.106595 0.113664 0.143267 0.144897 0.122067 0.102253 0.121386 0.134471 0.119247 0.144590 0.137709 0.114130 0.149692 0.147665 0.113441 0.143286 0.099496 0.118639 0.124321 0.109565 0.115776 0.118371 0.128957 0.126583 0.110803 0.113351 0.110012 0.078653 0.045233 0.076123 0.053426 0.041697 0.032288 0.120193 0.118691 0.098519 0.104192 0.099497 0.040641 0.056116 0.015124 0.056521 0.059441 0.064818 0.049273 0.044083 0.092713 0.121858 0.029119 0.042314 0.051491 0.112303 0.140456
 852000.040468 4.114789 0.144121 0.121970 0.127357 0.106858 0.111894 0.116544 0.140332 0.134939 0.118295 0.106489 0.112488 0.133529 0.124114 0.142758 0.138685 0.109529 0.141499 0.144731 0.120588 0.137030 0.111237 0.124746 0.135543 0.119621 0.115621 0.111927 0.136673 0.118121 0.102284 0.117870 0.118217 0.095445 0.066590 0.075269 0.025123 0.027821 0.042847 0.115587 0.129032 0.111931 0.096443 0.098923 0.068201 0.059969 0.042261 0.079741 0.069221 0.088362 0.032558 0.050086 0.094975 0.128686 0.021503 0.060663 0.043806 0.122539 0.136551
 853000.040515 1.998427 0.152184 0.130053 0.134046 0.110388 0.110448 0.121046 0.147335 0.140555 0.124003 0.104895 0.118222 0.127147 0.119477 0.139025 0.146432 0.114316 0.143907 0.150970 0.116527 0.143849 0.110198 0.123388 0.140211 0.130381 0.112353 0.114185 0.139657 0.115015 0.092623 0.124074 0.114000 0.109001 0.078827 0.090506 0.021862 0.039917 0.058840 0.123605 0.138585 0.125186 0.106841 0.091248 0.073165 0.074606 0.050530 0.090792 0.085014 0.097726 0.028030 0.042976 0.087334 0.134777 0.014986 0.069377 0.061200 0.128841 0.130429
 854000.040563 1.101080 0.151562 0.129231 0.137732 0.108058 0.108511 0.119696 0.148298 0.145050 0.126219 0.102181 0.123353 0.127586 0.116319 0.138996 0.146598 0.115939 0.148286 0.153125 0.113197 0.147647 0.101481 0.119499 0.133851 0.123726 0.110606 0.116028 0.134190 0.117922 0.096168 0.120320 0.108475 0.099687 0.067717 0.087943 0.034224 0.041800 0.051348 0.123158 0.132555 0.117954 0.107931 0.090894 0.059768 0.071649 0.039235 0.080260 0.077734 0.085714 0.034909 0.034585 0.083572 0.130014 0.011123 0.057424 0.057897 0.123907 0.133417
 855000.040610 1.669345 0.148022 0.125949 0.133424 0.107886 0.110476 0.118192 0.144821 0.141287 0.122756 0.104735 0.117764 0.130946 0.120620 0.141541 0.142741 0.113879 0.145609 0.149407 0.117562 0.142775 0.107113 0.121146 0.133168 0.119508 0.112303 0.112730 0.134115 0.117767 0.099474 0.117062 0.112731 0.094913 0.064754 0.078834 0.029847 0.031634 0.043225 0.117879 0.128576 0.111904 0.100859 0.094398 0.061930 0.061472 0.036708 0.076332 0.070725 0.085232 0.032404 0.042587 0.089853 0.127397 0.013696 0.057555 0.048644 0.120712 0.135287
 856000.040658 3.280226 0.144610 0.122389 0.128175 0.106416 0.110251 0.114837 0.142432 0.137000 0.117061 0.106626 0.110967 0.134444 0.124448 0.144144 0.137578 0.109939 0.144102 0.143725 0.119259 0.138367 0.110991 0.126594 0.135702 0.119088 0.118589 0.114655 0.138387 0.122618 0.105440 0.119068 0.119403 0.093623 0.064648 0.075346 0.031173 0.023797 0.040957 0.120005 0.129124 0.110494 0.099203 0.100494 0.064327 0.056100 0.038128 0.073995 0.068115 0.085908 0.027707 0.050769 0.098466 0.130540 0.019199 0.061959 0.046494 0.121565 0.136499
 857000.040705 2.353543 0.150528 0.127285 0.132047 0.108072 0.110140 0.118043 0.146447 0.139579 0.121263 0.105096 0.115304 0.129484 0.121510 0.140911 0.143879 0.111543 0.144778 0.149083 0.117927 0.142734 0.110780 0.126689 0.141435 0.128726 0.115219 0.115434 0.141164 0.117355 0.096521 0.124584 0.117567 0.105944 0.076516 0.086855 0.020178 0.034096 0.054954 0.123434 0.137806 0.122465 0.105458 0.095733 0.072790 0.070606 0.049435 0.087782 0.081329 0.095553 0.023672 0.046915 0.092101 0.135513 0.016263 0.068552 0.055994 0.129380 0.133061
 858000.040753 2.132316 0.154033 0.132303 0.138350 0.111339 0.111326 0.123104 0.148711 0.143993 0.128440 0.103830 0.123196 0.125151 0.117304 0.136903 0.149569 0.117601 0.145190 0.154920 0.115534 0.147797 0.106821 0.118988 0.136315 0.127358 0.107599 0.111823 0.134505 0.112034 0.089650 0.120299 0.108817 0.107221 0.077099 0.089953 0.026229 0.042175 0.057389 0.120553 0.135749 0.123244 0.106157 0.087347 0.070091 0.075210 0.048497 0.089920 0.084075 0.095081 0.032403 0.037756 0.082772 0.130649 0.015479 0.065466 0.060540 0.125722 0.130379
 859000.040800 2.357142 0.152986 0.130255 0.135686 0.110114 0.110745 0.120897 0.148207 0.142927 0.125991 0.105008 0.120126 0.128474 0.120363 0.140363 0.147172 0.115890 0.145716 0.152901 0.117453 0.146080 0.109864 0.123767 0.139616 0.128845 0.113556 0.114775 0.138548 0.116819 0.095179 0.123275 0.114182 0.106128 0.075395 0.088185 0.022949 0.037860 0.055755 0.122988 0.136903 0.123066 0.106137 0.093135 0.070826 0.072017 0.046612 0.088188 0.082343 0.095087 0.030809 0.043006 0.088866 0.133058 0.016275 0.065243 0.057859 0.127777 0.133513
 860000.040848 2.723002 0.146701 0.124354 0.133566 0.104966 0.107273 0.115165 0.145556 0.142902 0.121533 0.102977 0.118711 0.132463 0.119662 0.143243 0.140830 0.112486 0.148819 0.148249 0.114454 0.143873 0.102632 0.123032 0.132495 0.118250 0.116301 0.118499 0.135297 0.123983 0.105185 0.119437 0.113574 0.090645 0.058186 0.081077 0.039886 0.035418 0.041406 0.123022 0.128281 0.110123 0.105410 0.098232 0.053494 0.062566 0.030408 0.069750 0.068608 0.077228 0.035657 0.041887 0.091685 0.129353 0.017493 0.051940 0.051374 0.120846 0.137746
 861000.040895 2.635890 0.152214 0.130591 0.140458 0.108688 0.109017 0.122104 0.147358 0.146868 0.130271 0.100079 0.127550 0.123949 0.112520 0.135341 0.149379 0.118578 0.146459 0.156646 0.112362 0.148716 0.098528 0.115240 0.130883 0.122724 0.106004 0.113770 0.129262 0.114460 0.093633 0.117265 0.103800 0.099519 0.067771 0.088226 0.034428 0.045963 0.051810 0.119159 0.129897 0.117144 0.107074 0.088088 0.059687 0.073819 0.039534 0.082258 0.078329 0.085882 0.042216 0.030945 0.077814 0.125402 0.017210 0.053544 0.057156 0.122055 0.131636
 862000.040943 6.771763 0.141865 0.118980 0.125220 0.105578 0.113104 0.113782 0.139673 0.134090 0.114698 0.109221 0.108367 0.138036 0.128272 0.146005 0.135114 0.107315 0.143397 0.141575 0.123615 0.135757 0.113740 0.128525 0.135512 0.115447 0.119346 0.112933 0.138361 0.121949 0.108737 0.117083 0.123250 0.089989 0.063390 0.068691 0.032335 0.019215 0.036421 0.115417 0.126751 0.106609 0.094143 0.104716 0.068341 0.051585 0.042456 0.073430 0.062350 0.085892 0.030444 0.057879 0.103222 0.129244 0.027585 0.062543 0.036706 0.121307 0.139793
 863000.040990 2.294387 0.147958 0.126029 0.131487 0.107928 0.108636 0.116590 0.145615 0.139952 0.119390 0.105356 0.113796 0.130959 0.121667 0.142086 0.140609 0.112451 0.145064 0.146242 0.116134 0.141579 0.110040 0.125530 0.136706 0.123253 0.117485 0.116201 0.138918 0.122339 0.101866 0.121554 0.117082 0.098552 0.069135 0.082517 0.033730 0.031708 0.048324 0.124252 0.132599 0.115249 0.104451 0.096719 0.064781 0.062308 0.040766 0.077442 0.074978 0.088479 0.026102 0.047338 0.095257 0.132990 0.016057 0.065233 0.056344 0.123431 0.132822
 864000.041038 5.215644 0.148453 0.125551 0.127748 0.108348 0.110929 0.116311 0.144524 0.135659 0.116929 0.108198 0.108374 0.131615 0.125220 0.141940 0.140434 0.109533 0.142282 0.144197 0.120480 0.139057 0.116390 0.132558 0.145207 0.130374 0.121054 0.116496 0.146292 0.121313 0.101074 0.127286 0.124647 0.108296 0.080887 0.085309 0.020937 0.028884 0.057537 0.126094 0.139869 0.123932 0.104242 0.100988 0.079022 0.067436 0.054365 0.088863 0.082438 0.101066 0.015688 0.056737 0.101310 0.139255 0.024209 0.076512 0.055970 0.131141 0.132332
 865000.041085 2.129788 0.146558 0.124327 0.129260 0.108131 0.111169 0.116445 0.143974 0.137582 0.118241 0.107708 0.112124 0.133894 0.124812 0.143802 0.139567 0.111097 0.144358 0.145018 0.119836 0.139673 0.112335 0.126140 0.137185 0.122009 0.117236 0.114354 0.139523 0.120552 0.101998 0.120584 0.118688 0.097544 0.068321 0.078806 0.027814 0.027204 0.045874 0.121091 0.131759 0.114237 0.100831 0.098023 0.067053 0.060211 0.041515 0.078053 0.072131 0.089324 0.025314 0.049182 0.096297 0.132083 0.015470 0.064769 0.049944 0.123632 0.135652
 866000.041133 1.487721 0.146336 0.124179 0.130071 0.106876 0.109040 0.116051 0.143156 0.137857 0.118964 0.104666 0.113738 0.129545 0.120612 0.139885 0.139955 0.111059 0.142994 0.145694 0.116394 0.140073 0.108719 0.122393 0.134281 0.120731 0.113028 0.112275 0.135749 0.117179 0.098055 0.118258 0.114417 0.096986 0.068030 0.079848 0.028687 0.031294 0.046759 0.119216 0.130037 0.113542 0.100850 0.093921 0.065873 0.062150 0.041723 0.078500 0.072641 0.088325 0.026277 0.045879 0.091762 0.129502 0.012930 0.063284 0.051965 0.122005 0.131934
 867000.041180 1.199927 0.151278 0.128564 0.133328 0.108960 0.109433 0.118578 0.147966 0.141198 0.122032 0.105557 0.116286 0.130175 0.121048 0.141667 0.144378 0.113425 0.146484 0.149254 0.116781 0.144019 0.109406 0.125921 0.140411 0.128558 0.116060 0.116688 0.141359 0.119634 0.097614 0.124854 0.116153 0.105101 0.074388 0.088059 0.025368 0.034938 0.054962 0.126044 0.137546 0.122483 0.107264 0.095068 0.068791 0.070066 0.045176 0.084404 0.081193 0.093797 0.024318 0.044056 0.091448 0.135526 0.011612 0.067073 0.058048 0.128014 0.133312
 868000.041228 7.977512 0.146886 0.126346 0.140948 0.104003 0.102398 0.116161 0.145869 0.150508 0.128537 0.096210 0.129860 0.126092 0.109658 0.137534 0.143636 0.118619 0.149373 0.154018 0.105902 0.148675 0.089893 0.113965 0.123201 0.115053 0.112078 0.121422 0.125430 0.126003 0.106404 0.115763 0.101363 0.085132 0.050138 0.088034 0.056711 0.053792 0.045307 0.124827 0.121238 0.105445 0.112736 0.094077 0.035168 0.069440 0.016982 0.062679 0.070496 0.065672 0.055670 0.032569 0.081897 0.121328 0.029941 0.038050 0.062746 0.114228 0.135014
 869000.041275 10.662861 0.138457 0.116673 0.121359 0.106059 0.114361 0.111859 0.137185 0.130900 0.110843 0.112385 0.102589 0.140886 0.132354 0.147246 0.130774 0.105755 0.141103 0.136807 0.126417 0.131935 0.118830 0.130203 0.134448 0.112064 0.122022 0.111746 0.138366 0.123603 0.112657 0.115309 0.127127 0.087281 0.063576 0.063149 0.038279 0.011050 0.034138 0.114240 0.124056 0.102520 0.090608 0.108201 0.071061 0.043486 0.044467 0.070305 0.058834 0.086378 0.031226 0.065468 0.110248 0.128214 0.034615 0.067055 0.035123 0.118288 0.140282
 870000.041323 0.678185 0.151429 0.128649 0.135149 0.108556 0.109116 0.118867 0.147945 0.142602 0.123612 0.103995 0.119305 0.128303 0.118850 0.139717 0.145379 0.114084 0.146788 0.151114 0.115385 0.145506 0.106364 0.121483 0.136701 0.125965 0.111295 0.114425 0.136830 0.115846 0.094113 0.121578 0.111413 0.103093 0.072441 0.087978 0.027530 0.038389 0.053915 0.123002 0.134710 0.120241 0.106859 0.091153 0.066089 0.071302 0.043975 0.083609 0.080074 0.090897 0.028582 0.039429 0.086411 0.131804 0.008730 0.063941 0.058119 0.125621 0.132524
 871000.041370 2.150147 0.145837 0.124512 0.132239 0.106939 0.109175 0.116532 0.143841 0.140422 0.120855 0.104302 0.116371 0.131519 0.120467 0.141807 0.140206 0.112848 0.145467 0.147032 0.116049 0.141385 0.105894 0.120648 0.130842 0.116578 0.113315 0.113376 0.133244 0.119873 0.101799 0.115829 0.112424 0.091375 0.061155 0.077279 0.036495 0.031405 0.039931 0.118586 0.126213 0.108434 0.100582 0.095130 0.057392 0.058561 0.032702 0.071323 0.067710 0.080896 0.033208 0.043087 0.091419 0.126499 0.015544 0.056156 0.049760 0.117886 0.134996
 872000.041418 0.735529 0.151471 0.128817 0.135032 0.108471 0.108853 0.118331 0.148819 0.143022 0.122881 0.104490 0.118058 0.129652 0.119874 0.141366 0.144897 0.114010 0.147790 0.150362 0.115614 0.145481 0.107271 0.124189 0.138196 0.126639 0.114567 0.116933 0.139363 0.119454 0.097404 0.123550 0.114146 0.102779 0.071932 0.087980 0.029579 0.036528 0.052979 0.125622 0.135796 0.120210 0.108164 0.093938 0.065126 0.069606 0.042976 0.081804 0.079631 0.090266 0.025521 0.041491 0.089776 0.134095 0.009091 0.064693 0.058434 0.126489 0.133367
 873000.041465 7.179518 0.144904 0.122520 0.123449 0.108490 0.113562 0.116381 0.140008 0.130130 0.114738 0.109951 0.106382 0.133082 0.127076 0.141319 0.138279 0.106372 0.138165 0.141418 0.123806 0.134002 0.117996 0.131254 0.144631 0.128779 0.118380 0.113054 0.145014 0.116314 0.099061 0.125321 0.124758 0.108046 0.081636 0.082989 0.014294 0.030989 0.057579 0.120291 0.138444 0.123151 0.099514 0.101231 0.082778 0.069002 0.058227 0.092073 0.081052 0.102427 0.024444 0.058769 0.099137 0.137130 0.028404 0.076375 0.051231 0.131333 0.133370
 874000.041513 5.455731 0.140261 0.117889 0.123123 0.103569 0.109142 0.110542 0.139695 0.132866 0.110943 0.107364 0.105208 0.136601 0.126377 0.145198 0.132338 0.104770 0.143138 0.137840 0.119631 0.134180 0.111872 0.130078 0.136322 0.117259 0.122053 0.116905 0.140707 0.125501 0.109671 0.120515 0.123906 0.090955 0.063400 0.073548 0.035915 0.022052 0.039901 0.121397 0.128727 0.108184 0.098954 0.105110 0.065331 0.053752 0.041314 0.071077 0.065084 0.083984 0.024674 0.056946 0.103752 0.132665 0.024760 0.064341 0.045125 0.122393 0.137060
 875000.041560 11.135277 0.138038 0.116379 0.126989 0.103551 0.111872 0.112883 0.136943 0.136805 0.117364 0.106685 0.114003 0.138970 0.126003 0.146741 0.133399 0.109116 0.144530 0.142815 0.121765 0.135840 0.108278 0.121048 0.125234 0.104709 0.115270 0.110526 0.129007 0.120821 0.112034 0.108406 0.117125 0.075983 0.047971 0.062008 0.046495 0.030372 0.021876 0.108551 0.115349 0.093885 0.091074 0.104095 0.056567 0.045835 0.030622 0.061500 0.050053 0.071878 0.047811 0.056518 0.100224 0.118611 0.035374 0.047838 0.032080 0.111535 0.143345
 876000.041608 2.223257 0.148515 0.126333 0.132278 0.108880 0.111544 0.119084 0.145092 0.139870 0.122604 0.106204 0.117699 0.132649 0.122317 0.143169 0.143211 0.113335 0.145713 0.149060 0.118992 0.142165 0.108624 0.122678 0.135910 0.122441 0.113709 0.113866 0.136523 0.117633 0.099176 0.119805 0.114298 0.098104 0.067117 0.081547 0.027035 0.034281 0.047356 0.119059 0.131722 0.115755 0.101713 0.095510 0.065056 0.065648 0.040000 0.080496 0.073692 0.087750 0.034219 0.043181 0.089269 0.129954 0.015806 0.058591 0.050175 0.123847 0.137290
 877000.041655 6.706333 0.140422 0.117853 0.128609 0.102021 0.108267 0.111954 0.139532 0.138667 0.117560 0.103540 0.115026 0.135471 0.121978 0.144546 0.135069 0.108844 0.146122 0.143976 0.117280 0.138393 0.103743 0.122133 0.127898 0.109695 0.116179 0.114745 0.131536 0.123281 0.110086 0.113139 0.115483 0.080369 0.049706 0.069752 0.043329 0.031114 0.028618 0.115227 0.120106 0.099635 0.097482 0.102238 0.052821 0.052246 0.027636 0.062532 0.056401 0.071905 0.042034 0.049945 0.096604 0.123109 0.027452 0.047281 0.039189 0.115382 0.140475
 878000.041703 15.392557 0.135913 0.114391 0.122772 0.105144 0.115869 0.111747 0.135975 0.132956 0.112379 0.112855 0.106733 0.144836 0.133453 0.150414 0.129539 0.106779 0.144207 0.137612 0.127638 0.132672 0.116065 0.126947 0.128224 0.103531 0.120329 0.111060 0.133804 0.124065 0.117183 0.109738 0.125044 0.076290 0.053180 0.056247 0.049545 0.022546 0.021901 0.109734 0.116500 0.092498 0.088131 0.110028 0.064459 0.037559 0.039678 0.060942 0.047417 0.076885 0.044494 0.067097 0.110769 0.122386 0.041590 0.059435 0.028053 0.112509 0.145531
 879000.041750 6.759529 0.142196 0.118499 0.126784 0.103587 0.110987 0.112272 0.141132 0.136842 0.115021 0.107283 0.110534 0.138550 0.126882 0.147487 0.135162 0.107156 0.146670 0.142645 0.121616 0.137739 0.110254 0.129271 0.135319 0.115132 0.121033 0.116628 0.138708 0.125325 0.111610 0.118537 0.122992 0.087006 0.058902 0.070500 0.036940 0.023384 0.034339 0.118184 0.126542 0.105167 0.097821 0.106473 0.063005 0.052363 0.038091 0.069057 0.060878 0.080640 0.033398 0.056091 0.102819 0.130031 0.027561 0.058001 0.037998 0.121804 0.141847
 880000.041798 2.067756 0.156626 0.136116 0.140730 0.114644 0.111438 0.125762 0.151486 0.145731 0.130089 0.105233 0.124411 0.124016 0.116269 0.136253 0.152006 0.120958 0.145783 0.155858 0.114541 0.149291 0.107644 0.117447 0.136517 0.130511 0.106787 0.111775 0.135774 0.111822 0.086901 0.121488 0.106763 0.111966 0.081725 0.095330 0.030815 0.047055 0.063627 0.124018 0.138010 0.127312 0.109741 0.083788 0.071148 0.078828 0.050757 0.091627 0.089582 0.099328 0.033078 0.035979 0.080696 0.131938 0.015243 0.071146 0.068163 0.125612 0.127059
 881000.041845 3.098837 0.156455 0.135235 0.140637 0.111516 0.107231 0.122130 0.152568 0.146437 0.128051 0.102676 0.123639 0.122616 0.114452 0.135588 0.150567 0.118802 0.147127 0.154445 0.110402 0.150599 0.104791 0.120323 0.138237 0.132457 0.109963 0.115925 0.138456 0.115319 0.089030 0.125167 0.108481 0.113070 0.082672 0.099745 0.037703 0.050245 0.067130 0.129649 0.140483 0.129424 0.114956 0.085914 0.070061 0.082147 0.052693 0.091091 0.092297 0.098058 0.030080 0.038329 0.083771 0.135614 0.018661 0.073308 0.073385 0.128071 0.125798
 882000.041893 6.894002 0.148016 0.124586 0.126313 0.108152 0.112304 0.116635 0.143065 0.133891 0.116867 0.108716 0.108473 0.131972 0.126624 0.141794 0.140715 0.107804 0.140485 0.144738 0.122666 0.137774 0.118477 0.133391 0.147463 0.132687 0.120689 0.116233 0.147129 0.118745 0.099472 0.128704 0.126096 0.111109 0.083773 0.086845 0.012375 0.031804 0.060121 0.124623 0.141699 0.126574 0.103909 0.101756 0.083633 0.071586 0.058838 0.094507 0.084896 0.103951 0.020864 0.058477 0.100818 0.140087 0.027833 0.077490 0.055430 0.134084 0.133636
 883000.041940 2.033495 0.147394 0.125464 0.132042 0.108078 0.110734 0.118088 0.144418 0.140136 0.122084 0.105736 0.116953 0.132907 0.121942 0.143230 0.142052 0.113438 0.145663 0.148266 0.118400 0.141703 0.107838 0.122460 0.134270 0.120325 0.114491 0.113942 0.135857 0.119362 0.101297 0.118458 0.114190 0.095301 0.064034 0.079360 0.029377 0.031715 0.043880 0.119108 0.129424 0.113012 0.101065 0.096289 0.061809 0.062174 0.035628 0.076380 0.070933 0.085283 0.034140 0.043264 0.090857 0.128472 0.015116 0.056732 0.048245 0.121460 0.137137
 884000.041988 4.012542 0.157307 0.135328 0.139568 0.113109 0.111439 0.124817 0.151199 0.144491 0.129291 0.104272 0.123235 0.122806 0.116879 0.135575 0.152198 0.118361 0.144774 0.156400 0.115538 0.148934 0.109761 0.121111 0.141271 0.134576 0.107939 0.112296 0.138740 0.110121 0.085600 0.124677 0.110667 0.116464 0.087056 0.097299 0.024386 0.047263 0.067055 0.124212 0.142060 0.131419 0.110368 0.086171 0.078282 0.082572 0.057910 0.098384 0.093294 0.104180 0.030501 0.041691 0.083475 0.135240 0.021234 0.075429 0.068604 0.130779 0.126779
 885000.042035 2.683528 0.146298 0.124111 0.133776 0.105840 0.108504 0.116040 0.144319 0.142679 0.122301 0.103275 0.118881 0.131844 0.119437 0.142178 0.140834 0.113854 0.147439 0.148693 0.115419 0.143344 0.103036 0.120325 0.130094 0.115737 0.113670 0.114673 0.132353 0.121395 0.103680 0.115607 0.111283 0.088784 0.057458 0.077129 0.038596 0.033547 0.038521 0.119066 0.125022 0.107184 0.101828 0.096095 0.053972 0.058530 0.028313 0.068517 0.065999 0.078164 0.037598 0.041783 0.090766 0.125484 0.017365 0.051728 0.048210 0.117617 0.136995
 886000.042083 1.595692 0.149319 0.127957 0.132781 0.108239 0.107162 0.117308 0.146832 0.140328 0.120625 0.103865 0.115420 0.127893 0.118839 0.139459 0.142499 0.112870 0.144825 0.147160 0.113307 0.142912 0.107632 0.123444 0.136879 0.125844 0.114923 0.115987 0.138878 0.119721 0.097027 0.122748 0.113812 0.103300 0.073147 0.088420 0.033849 0.037305 0.054533 0.126386 0.135116 0.119954 0.107601 0.092695 0.065245 0.069376 0.043694 0.081517 0.080704 0.090632 0.025058 0.042856 0.090800 0.134036 0.013391 0.067231 0.062021 0.124386 0.129854
 887000.042130 4.391336 0.144703 0.122712 0.126803 0.107690 0.112216 0.116147 0.141284 0.134875 0.117632 0.108175 0.110334 0.134987 0.126173 0.144180 0.138313 0.109808 0.141819 0.143694 0.121889 0.136967 0.113922 0.127558 0.137909 0.121169 0.118477 0.113051 0.139423 0.120231 0.103934 0.119866 0.121028 0.097139 0.068588 0.075589 0.024357 0.024134 0.044579 0.117915 0.130859 0.113502 0.097121 0.101090 0.070155 0.058645 0.043106 0.079791 0.070659 0.090562 0.029119 0.053089 0.098546 0.130863 0.022214 0.064024 0.044895 0.123603 0.137267
 888000.042178 1.885019 0.147969 0.125622 0.130361 0.107912 0.110208 0.117847 0.143799 0.137400 0.120343 0.104959 0.114533 0.129131 0.120805 0.139675 0.142099 0.111028 0.142527 0.147322 0.117646 0.140246 0.109718 0.123197 0.137331 0.124453 0.112581 0.112054 0.137374 0.115050 0.095563 0.120370 0.114911 0.102009 0.072756 0.082911 0.021405 0.032781 0.051036 0.119169 0.133499 0.118343 0.101317 0.093781 0.070210 0.067185 0.046077 0.084670 0.077142 0.092688 0.026852 0.045384 0.089953 0.131228 0.014554 0.065132 0.052700 0.125202 0.132277
 889000.042225 4.201329 0.149547 0.126575 0.130207 0.108610 0.110943 0.118122 0.145019 0.138061 0.120714 0.106536 0.113903 0.131020 0.123938 0.142109 0.142934 0.111155 0.142802 0.148267 0.120003 0.140917 0.114459 0.128516 0.142972 0.129924 0.117945 0.115962 0.142412 0.118659 0.098572 0.125673 0.120422 0.106874 0.077473 0.086484 0.019087 0.033730 0.055769 0.123498 0.138259 0.123150 0.104587 0.098212 0.075588 0.070325 0.050602 0.089697 0.082047 0.097284 0.027363 0.050713 0.095216 0.135947 0.021728 0.069394 0.055994 0.130058 0.134497
 890000.042273 4.603849 0.149824 0.126338 0.130072 0.107619 0.110439 0.117986 0.144860 0.136896 0.119734 0.105119 0.113699 0.128437 0.121699 0.139566 0.143139 0.109527 0.142596 0.147698 0.118004 0.141226 0.112267 0.129123 0.144127 0.131200 0.116689 0.115832 0.143359 0.117446 0.096397 0.126724 0.120446 0.109497 0.081088 0.088507 0.019247 0.036050 0.058917 0.124343 0.140710 0.125743 0.105477 0.096923 0.078326 0.073612 0.055844 0.092895 0.084377 0.099950 0.022875 0.050994 0.094223 0.138596 0.022745 0.072976 0.057742 0.132600 0.131376
 891000.042320 2.029232 0.149393 0.127918 0.133319 0.107936 0.107104 0.117127 0.147224 0.141018 0.120698 0.103728 0.115934 0.128473 0.118681 0.140057 0.142344 0.113290 0.145971 0.147043 0.112730 0.143692 0.106445 0.124788 0.137086 0.125678 0.116586 0.117875 0.139839 0.122485 0.099585 0.123584 0.114734 0.102273 0.072031 0.088310 0.036709 0.037928 0.053897 0.128009 0.135319 0.119395 0.108593 0.094274 0.063721 0.068737 0.043032 0.079871 0.079822 0.089513 0.025449 0.043617 0.092263 0.135161 0.015101 0.066977 0.062219 0.124910 0.130316
 892000.042368 2.782134 0.147044 0.124587 0.129899 0.106095 0.108592 0.115486 0.144467 0.138121 0.118429 0.104621 0.112628 0.131228 0.121816 0.141979 0.140182 0.109788 0.144694 0.145557 0.116555 0.140633 0.108941 0.127330 0.138591 0.123738 0.118024 0.116751 0.140198 0.121882 0.102071 0.122768 0.118632 0.099690 0.070116 0.082425 0.029511 0.029219 0.048371 0.123755 0.134124 0.116852 0.103738 0.098680 0.066512 0.064370 0.042916 0.079911 0.075331 0.088922 0.023656 0.047933 0.095677 0.134367 0.017681 0.064285 0.052778 0.125489 0.134209
 893000.042415 4.277220 0.145401 0.122023 0.128549 0.106196 0.111292 0.114328 0.143491 0.138290 0.117491 0.108284 0.111464 0.137003 0.126990 0.146518 0.138065 0.110055 0.146266 0.144640 0.121724 0.140004 0.112663 0.128736 0.137224 0.119320 0.120279 0.115967 0.139774 0.123711 0.107358 0.120389 0.121855 0.092731 0.063599 0.074599 0.030852 0.022781 0.040773 0.120378 0.129829 0.110562 0.099619 0.103099 0.065672 0.055318 0.038672 0.073629 0.066968 0.085696 0.028441 0.053426 0.100891 0.131370 0.021924 0.061010 0.043095 0.123235 0.140132
 894000.042463 12.633850 0.136403 0.114871 0.127445 0.101782 0.109997 0.111066 0.136788 0.138127 0.116638 0.105210 0.115306 0.139039 0.124565 0.146943 0.131744 0.108573 0.146259 0.142171 0.119432 0.136208 0.104678 0.119719 0.122194 0.101777 0.115292 0.112791 0.127235 0.122848 0.114130 0.107678 0.115303 0.070712 0.041610 0.062966 0.053359 0.036118 0.018695 0.110057 0.112552 0.089557 0.093610 0.104483 0.049776 0.045790 0.025963 0.054851 0.046845 0.064612 0.051637 0.056112 0.099652 0.117294 0.037679 0.043632 0.036586 0.109295 0.143934
 895000.042510 6.857964 0.140565 0.118982 0.127573 0.104985 0.110828 0.112767 0.140842 0.137703 0.115355 0.107775 0.111511 0.139258 0.126596 0.147884 0.133822 0.109195 0.146807 0.141565 0.120280 0.137212 0.109210 0.125149 0.129861 0.110414 0.119294 0.115718 0.135102 0.125620 0.112169 0.114756 0.119407 0.081597 0.052741 0.068710 0.045007 0.026962 0.028763 0.117526 0.121743 0.099443 0.097433 0.104120 0.055180 0.048091 0.030073 0.061064 0.056640 0.074139 0.038101 0.054025 0.101394 0.126272 0.027760 0.054869 0.042082 0.115753 0.141268
 896000.042558 2.329924 0.150402 0.127967 0.132636 0.108689 0.109673 0.118440 0.146447 0.140351 0.122292 0.105053 0.115700 0.128945 0.121069 0.140472 0.144203 0.112896 0.144004 0.149559 0.117771 0.142606 0.111269 0.124893 0.139592 0.127670 0.114527 0.114527 0.139340 0.116960 0.096212 0.123104 0.116224 0.104909 0.075147 0.086526 0.022506 0.034081 0.054000 0.122675 0.135919 0.121180 0.105100 0.094791 0.071073 0.069337 0.046870 0.086132 0.080872 0.094362 0.026154 0.046058 0.091557 0.133146 0.016181 0.066968 0.056466 0.126932 0.132519
 897000.042605 6.871911 0.143100 0.120782 0.131232 0.104086 0.108520 0.112625 0.143626 0.142240 0.118438 0.105625 0.115309 0.137756 0.124114 0.147502 0.136273 0.111451 0.149686 0.144966 0.117797 0.141421 0.105917 0.125291 0.130215 0.112079 0.120439 0.119014 0.135140 0.128710 0.113393 0.116634 0.117932 0.081744 0.050892 0.072935 0.047909 0.030936 0.031005 0.121505 0.122829 0.101064 0.102224 0.104388 0.050292 0.051133 0.024899 0.058855 0.059078 0.071640 0.040255 0.051265 0.100478 0.127001 0.027789 0.051291 0.045718 0.116447 0.141759
 898000.042653 5.271344 0.142953 0.120679 0.131864 0.102689 0.106617 0.113476 0.142262 0.141714 0.119845 0.101339 0.118077 0.133044 0.118571 0.143378 0.137722 0.111189 0.147869 0.146442 0.113859 0.141154 0.100073 0.121541 0.128379 0.112742 0.116434 0.117549 0.132198 0.125384 0.109491 0.115485 0.113007 0.083112 0.050847 0.075252 0.044942 0.036035 0.033011 0.119303 0.122356 0.102519 0.102190 0.100402 0.048381 0.056346 0.024319 0.062821 0.060871 0.071400 0.042599 0.044533 0.093143 0.125000 0.024338 0.046382 0.046469 0.116572 0.138626
 899000.042700 5.753589 0.142082 0.120103 0.127904 0.106068 0.112582 0.114943 0.140141 0.136656 0.117482 0.107848 0.112291 0.137033 0.125982 0.145459 0.136391 0.109902 0.144474 0.143682 0.121863 0.137321 0.110357 0.123608 0.130821 0.111936 0.115469 0.111163 0.133818 0.119884 0.107002 0.113296 0.118046 0.085697 0.057823 0.067617 0.036263 0.024159 0.031942 0.112859 0.122710 0.102650 0.093668 0.101163 0.061882 0.050198 0.035387 0.068751 0.059157 0.080484 0.035924 0.052997 0.098384 0.124668 0.025427 0.056146 0.037150 0.116956 0.139910
 900000.042748 3.991922 0.143568 0.121728 0.132013 0.104212 0.107006 0.113192 0.143284 0.141985 0.119462 0.103364 0.116892 0.133679 0.120379 0.143685 0.137432 0.112045 0.148042 0.145773 0.114652 0.141767 0.102547 0.120797 0.128119 0.112661 0.115576 0.116347 0.132027 0.124035 0.107109 0.115086 0.112173 0.083996 0.052507 0.075735 0.044865 0.034201 0.035234 0.120260 0.122416 0.102852 0.102422 0.098249 0.049048 0.055385 0.023450 0.061788 0.062358 0.072483 0.039202 0.044464 0.093522 0.124880 0.021180 0.050053 0.049209 0.115277 0.138139
 901000.042795 4.791580 0.147388 0.125108 0.128340 0.110359 0.114483 0.119309 0.142661 0.134982 0.118803 0.109485 0.111785 0.133012 0.126157 0.142298 0.140903 0.110859 0.141233 0.145675 0.122791 0.138196 0.116301 0.127286 0.140094 0.124921 0.115974 0.111534 0.140541 0.116680 0.099179 0.121069 0.120833 0.103045 0.076061 0.079362 0.021682 0.029809 0.051033 0.117924 0.134586 0.118074 0.098057 0.097884 0.076614 0.064097 0.051737 0.087074 0.076213 0.097195 0.027381 0.053796 0.096654 0.133479 0.023204 0.071237 0.050448 0.127005 0.134000
 902000.042843 6.249229 0.144466 0.121888 0.134423 0.103387 0.107422 0.115375 0.142306 0.143878 0.123750 0.100286 0.122870 0.131093 0.117378 0.141715 0.140302 0.113219 0.147404 0.150513 0.114119 0.143317 0.099640 0.118086 0.126721 0.112584 0.112512 0.115300 0.127995 0.121273 0.106263 0.113241 0.109644 0.083136 0.050684 0.075802 0.044315 0.040474 0.034173 0.115337 0.120932 0.102470 0.101236 0.097701 0.050117 0.059947 0.026105 0.067214 0.061901 0.071311 0.047968 0.042202 0.088748 0.121396 0.026500 0.041510 0.046530 0.116194 0.139005
 903000.042890 5.741888 0.143422 0.119796 0.124593 0.104529 0.110593 0.112722 0.140542 0.133979 0.114382 0.107545 0.107199 0.135720 0.126702 0.144766 0.136141 0.106504 0.142485 0.141783 0.121987 0.136095 0.114107 0.131820 0.140686 0.122641 0.122319 0.116434 0.142622 0.123768 0.107535 0.122981 0.125197 0.097302 0.069368 0.076192 0.023708 0.021550 0.045596 0.121121 0.132458 0.114367 0.099371 0.105426 0.072196 0.058670 0.045884 0.079628 0.070836 0.091433 0.025353 0.057284 0.103133 0.133862 0.025401 0.066075 0.042853 0.126636 0.138029
 904000.042938 4.786495 0.141270 0.120119 0.125305 0.105657 0.108860 0.112206 0.140831 0.135113 0.113628 0.107679 0.107623 0.136304 0.125624 0.145158 0.133549 0.108616 0.143594 0.139163 0.118568 0.135747 0.111330 0.126836 0.133342 0.115816 0.120923 0.115795 0.138171 0.125540 0.109006 0.118365 0.120495 0.089377 0.060483 0.073719 0.039253 0.024352 0.039134 0.121540 0.126494 0.106813 0.099195 0.102493 0.060771 0.051867 0.034451 0.067310 0.064654 0.081876 0.029755 0.053886 0.101740 0.129885 0.023192 0.061697 0.048110 0.118464 0.136808
 905000.042985 4.533424 0.143392 0.120179 0.125669 0.104565 0.110443 0.113590 0.140617 0.134345 0.115258 0.106468 0.109175 0.134663 0.125128 0.143902 0.136646 0.106794 0.142852 0.142506 0.120426 0.136667 0.111504 0.129096 0.138191 0.120339 0.119543 0.115080 0.140074 0.121968 0.105837 0.120780 0.122302 0.095165 0.066792 0.075188 0.026299 0.023045 0.042785 0.119058 0.130942 0.112431 0.098203 0.102938 0.069016 0.058424 0.043582 0.078090 0.068690 0.088264 0.026205 0.053883 0.099843 0.132282 0.022571 0.062801 0.042706 0.124884 0.137390
 906000.043033 3.240063 0.152120 0.131908 0.141712 0.109961 0.107426 0.120718 0.150174 0.149845 0.129530 0.102245 0.126624 0.128340 0.115235 0.140304 0.147619 0.121140 0.150187 0.154881 0.111408 0.149927 0.099759 0.117697 0.130156 0.121791 0.112662 0.119025 0.132298 0.123356 0.101002 0.119326 0.105657 0.096166 0.063118 0.089554 0.046186 0.046612 0.050798 0.126713 0.128907 0.114250 0.111754 0.091498 0.049936 0.069647 0.028838 0.072167 0.077348 0.080111 0.043396 0.033244 0.084486 0.127275 0.019081 0.053872 0.063542 0.118765 0.134060
 907000.043080 2.428619 0.147238 0.124995 0.131060 0.108095 0.111540 0.117450 0.144432 0.139268 0.120393 0.106990 0.114403 0.133971 0.123809 0.144042 0.141084 0.112268 0.145668 0.147076 0.119932 0.140961 0.110153 0.124924 0.135938 0.120384 0.115894 0.113835 0.137675 0.119981 0.102411 0.119036 0.117107 0.095667 0.065990 0.077555 0.028267 0.026868 0.043174 0.119138 0.130302 0.112709 0.099960 0.098182 0.064562 0.059675 0.038395 0.076351 0.070397 0.086997 0.029384 0.047275 0.094456 0.130065 0.016520 0.060518 0.046576 0.122346 0.137216
 908000.043128 5.888867 0.143496 0.120962 0.131645 0.104291 0.109754 0.114275 0.142482 0.141623 0.120265 0.104783 0.117304 0.136205 0.123043 0.145873 0.137989 0.111637 0.148167 0.146981 0.118421 0.141292 0.105196 0.122848 0.129598 0.112284 0.116693 0.115994 0.132956 0.124151 0.109672 0.114787 0.115529 0.083132 0.052130 0.072108 0.042703 0.031521 0.030939 0.117273 0.122277 0.101957 0.099655 0.101690 0.053068 0.053823 0.027273 0.064233 0.059529 0.073645 0.041293 0.048446 0.096390 0.124661 0.025724 0.048757 0.042119 0.116722 0.141405
 909000.043175 2.067924 0.153220 0.132065 0.138237 0.109739 0.107844 0.120879 0.149494 0.144187 0.126509 0.102117 0.122190 0.124224 0.114803 0.136126 0.148071 0.116718 0.146307 0.152571 0.111156 0.148070 0.102796 0.119953 0.136013 0.127839 0.110109 0.115479 0.136482 0.116401 0.092021 0.122560 0.108428 0.107395 0.076616 0.093810 0.035391 0.044933 0.059686 0.126555 0.136870 0.124272 0.110784 0.087956 0.065438 0.077075 0.047109 0.086463 0.085738 0.092722 0.030365 0.036175 0.083827 0.133341 0.015244 0.066877 0.065847 0.125573 0.128137
 910000.043223 3.085614 0.148744 0.126211 0.129839 0.109196 0.111386 0.118074 0.144484 0.137153 0.119471 0.107082 0.112527 0.130053 0.123329 0.140550 0.142071 0.111060 0.141938 0.147049 0.120013 0.139672 0.114441 0.125727 0.140143 0.127201 0.114465 0.112415 0.140300 0.115357 0.095840 0.122331 0.118213 0.105307 0.077266 0.084185 0.020060 0.032493 0.054238 0.120678 0.135606 0.120435 0.102242 0.095231 0.075187 0.067784 0.050857 0.087599 0.080058 0.097198 0.024195 0.050417 0.093934 0.133388 0.018621 0.071424 0.055336 0.127167 0.131740
 911000.043270 13.910919 0.141243 0.119625 0.136796 0.098247 0.099296 0.109666 0.142534 0.148640 0.123142 0.094786 0.126823 0.129386 0.110863 0.140221 0.136727 0.113618 0.150379 0.148930 0.104715 0.145505 0.087512 0.118116 0.121684 0.109853 0.117927 0.125993 0.126487 0.133101 0.116350 0.115983 0.106593 0.074835 0.039292 0.084543 0.065707 0.055617 0.039525 0.126551 0.117162 0.097400 0.113541 0.102492 0.026423 0.065221 0.013892 0.051171 0.062669 0.054432 0.060425 0.044191 0.090818 0.121703 0.039537 0.033597 0.061358 0.113008 0.138162
 912000.043318 3.124077 0.150760 0.128465 0.137939 0.107923 0.108958 0.118459 0.149078 0.147086 0.125975 0.104247 0.122289 0.132932 0.119803 0.144206 0.145114 0.117339 0.151511 0.152364 0.115451 0.148130 0.102769 0.123418 0.134241 0.121303 0.117179 0.119758 0.136726 0.125773 0.105527 0.121019 0.112581 0.094393 0.061439 0.084107 0.040432 0.037653 0.045620 0.125915 0.130453 0.113559 0.108209 0.097726 0.053502 0.064626 0.029117 0.071158 0.072755 0.080720 0.038593 0.039780 0.091251 0.130348 0.018737 0.053572 0.053986 0.121616 0.138944
 913000.043365 5.705554 0.143688 0.119758 0.122555 0.103890 0.108160 0.111209 0.140129 0.131735 0.112140 0.106308 0.104469 0.131334 0.124962 0.140775 0.135527 0.104053 0.139256 0.140238 0.119885 0.134653 0.115866 0.132203 0.143501 0.127516 0.121193 0.115674 0.144220 0.120101 0.101890 0.125898 0.125464 0.104002 0.076956 0.082190 0.018291 0.026565 0.054384 0.123315 0.136597 0.120248 0.101826 0.102762 0.078570 0.065052 0.053398 0.086727 0.078410 0.097593 0.017455 0.058729 0.102178 0.136687 0.025321 0.073289 0.051420 0.130048 0.132703
 914000.043413 1.835224 0.149852 0.127612 0.133282 0.108848 0.109590 0.117843 0.146851 0.141487 0.121544 0.105709 0.115577 0.130267 0.121671 0.141651 0.142891 0.113751 0.145450 0.148812 0.117400 0.143024 0.110912 0.124572 0.137386 0.124855 0.115279 0.114958 0.138597 0.119424 0.098863 0.121493 0.115919 0.100826 0.071494 0.083983 0.029740 0.033074 0.050493 0.123170 0.133281 0.117048 0.104863 0.095056 0.067212 0.064891 0.043072 0.080516 0.077219 0.090977 0.025948 0.046519 0.093348 0.132157 0.014361 0.066276 0.056639 0.124376 0.132769
 915000.043460 2.771319 0.145221 0.122139 0.129773 0.104292 0.107535 0.112646 0.144407 0.139860 0.117050 0.104959 0.112499 0.134079 0.122860 0.144519 0.137723 0.109700 0.147228 0.144507 0.116918 0.140780 0.107711 0.127012 0.135520 0.119501 0.119463 0.118325 0.138933 0.125030 0.106634 0.121100 0.118636 0.091914 0.061697 0.078658 0.035967 0.028594 0.041921 0.123853 0.129487 0.110308 0.103998 0.101072 0.059820 0.058126 0.035309 0.070335 0.068265 0.081897 0.027408 0.049215 0.097978 0.131629 0.017647 0.059470 0.049597 0.122469 0.137235
 916000.043508 1.239791 0.146572 0.123933 0.131500 0.105134 0.107291 0.115296 0.144219 0.140196 0.120057 0.102661 0.116233 0.130563 0.119175 0.141492 0.140515 0.111007 0.145855 0.147304 0.114905 0.141477 0.104642 0.122789 0.134225 0.120756 0.114807 0.115829 0.135859 0.120459 0.101291 0.119622 0.113629 0.094604 0.063226 0.081273 0.031295 0.032856 0.044264 0.121336 0.129760 0.112821 0.103543 0.096232 0.059487 0.063502 0.035230 0.074958 0.071360 0.083031 0.031300 0.041869 0.090277 0.129520 0.011803 0.056295 0.050887 0.122317 0.134964
 917000.043555 7.975502 0.138614 0.117367 0.124305 0.105607 0.112568 0.112476 0.138187 0.133935 0.113089 0.109722 0.107436 0.139828 0.128762 0.147176 0.131744 0.107854 0.143437 0.138784 0.122804 0.133866 0.112975 0.125422 0.129789 0.109149 0.118974 0.112167 0.134807 0.123399 0.111532 0.112823 0.121188 0.082167 0.055703 0.064064 0.042237 0.020760 0.028156 0.114197 0.120553 0.098578 0.092602 0.104463 0.061035 0.043422 0.034647 0.063325 0.055126 0.078553 0.036148 0.058295 0.104188 0.124946 0.029937 0.059265 0.037681 0.114625 0.140303
 918000.043603 4.516098 0.150227 0.126703 0.129890 0.107821 0.110038 0.116965 0.146024 0.137769 0.119143 0.106409 0.111551 0.130247 0.123296 0.141375 0.142597 0.110428 0.143698 0.146797 0.118894 0.141557 0.114008 0.132054 0.145914 0.132310 0.120534 0.117998 0.146339 0.121344 0.099878 0.128672 0.123192 0.109815 0.081127 0.088445 0.019309 0.032265 0.058965 0.127728 0.141494 0.126268 0.106991 0.099947 0.077981 0.071157 0.054169 0.090632 0.084565 0.100844 0.017962 0.053462 0.098744 0.140152 0.022527 0.074800 0.057613 0.132823 0.132447
 919000.043650 2.194997 0.153979 0.132575 0.136372 0.112108 0.110852 0.122973 0.148819 0.141816 0.126067 0.104831 0.120181 0.125067 0.117829 0.137009 0.148629 0.116409 0.144188 0.152544 0.115332 0.145756 0.108956 0.120680 0.138977 0.130742 0.109094 0.112189 0.138070 0.112212 0.088562 0.122890 0.110604 0.111576 0.081765 0.092989 0.024955 0.043073 0.062109 0.123447 0.139037 0.127062 0.107617 0.087180 0.073664 0.077430 0.052271 0.092610 0.088075 0.099647 0.028886 0.040278 0.084098 0.133904 0.015705 0.071636 0.064767 0.127715 0.128049
 920000.043698 5.726765 0.149042 0.126204 0.128800 0.106149 0.105553 0.115225 0.144720 0.135761 0.116878 0.102408 0.110432 0.122860 0.117982 0.134940 0.141178 0.107926 0.139678 0.144921 0.113022 0.139821 0.112232 0.128055 0.143329 0.132617 0.115959 0.114661 0.143104 0.115769 0.092945 0.127178 0.119600 0.112431 0.085291 0.093030 0.028428 0.040423 0.064548 0.127142 0.141442 0.127573 0.108169 0.094032 0.080292 0.076058 0.059555 0.093998 0.089164 0.102147 0.016754 0.053760 0.095400 0.139247 0.025368 0.079270 0.067093 0.131470 0.123802
 921000.043745 9.270690 0.139220 0.117370 0.121444 0.106991 0.114536 0.112491 0.138193 0.130770 0.109906 0.112918 0.102271 0.140738 0.132362 0.147360 0.130976 0.105689 0.141571 0.136489 0.126130 0.131868 0.119281 0.131081 0.135991 0.114536 0.122625 0.113133 0.140395 0.124215 0.111858 0.117471 0.127517 0.089550 0.065654 0.066061 0.037711 0.015070 0.037166 0.116694 0.126252 0.104514 0.092779 0.107483 0.071630 0.045929 0.045997 0.071510 0.061212 0.087918 0.028394 0.064607 0.109559 0.130711 0.032276 0.069739 0.039668 0.120410 0.139036
 922000.043793 4.900665 0.156450 0.133094 0.136421 0.112600 0.113114 0.123376 0.150671 0.143361 0.127547 0.107484 0.120700 0.129128 0.122527 0.141616 0.150393 0.116541 0.146608 0.154926 0.120662 0.147271 0.114208 0.126758 0.145907 0.136410 0.113983 0.116320 0.143059 0.114475 0.092216 0.128688 0.117156 0.115019 0.084701 0.094935 0.015731 0.043331 0.065129 0.125598 0.144007 0.131559 0.109999 0.094113 0.080242 0.079959 0.056660 0.097691 0.090875 0.103995 0.031958 0.047669 0.088837 0.137940 0.023467 0.073074 0.063060 0.134693 0.134395
 923000.043840 8.024782 0.141557 0.118315 0.120883 0.105492 0.112542 0.112843 0.137497 0.128875 0.111542 0.109326 0.103402 0.134971 0.128532 0.142434 0.134153 0.103808 0.137809 0.138948 0.124060 0.132120 0.118036 0.132593 0.142243 0.123743 0.121489 0.113133 0.143114 0.119982 0.104859 0.122710 0.127138 0.101097 0.075743 0.075592 0.019440 0.021908 0.049830 0.118374 0.133663 0.116320 0.095800 0.105176 0.079925 0.060648 0.054074 0.086021 0.073575 0.097422 0.024063 0.061870 0.104730 0.134575 0.030029 0.072986 0.043978 0.128062 0.135401
 924000.043888 7.385390 0.141350 0.118919 0.122862 0.106127 0.112639 0.112629 0.139268 0.132407 0.113059 0.110816 0.104701 0.138848 0.130238 0.146377 0.133840 0.106737 0.141530 0.139336 0.124938 0.133872 0.117469 0.130982 0.138099 0.118140 0.122440 0.113737 0.140952 0.123259 0.109481 0.119560 0.126151 0.093146 0.066525 0.070531 0.029539 0.015312 0.040993 0.117915 0.128724 0.109607 0.094988 0.106706 0.071733 0.051901 0.044032 0.075226 0.065821 0.089495 0.028032 0.060995 0.106370 0.130936 0.028808 0.066279 0.039231 0.122465 0.139668
 925000.043935 6.060899 0.140478 0.118050 0.124710 0.104960 0.112250 0.113603 0.138304 0.133188 0.114599 0.107759 0.109750 0.136757 0.126369 0.144738 0.134618 0.106583 0.142265 0.141297 0.122158 0.134509 0.111391 0.125279 0.132914 0.113925 0.116295 0.111550 0.135540 0.118970 0.106247 0.115315 0.120125 0.088110 0.060782 0.069182 0.032834 0.025400 0.035629 0.112917 0.124713 0.104959 0.093528 0.102249 0.065947 0.053616 0.041005 0.072959 0.061114 0.082933 0.034264 0.054816 0.098695 0.126664 0.026097 0.058863 0.037474 0.120002 0.138968
 926000.043983 2.743495 0.148038 0.125183 0.131599 0.107726 0.111626 0.118598 0.143838 0.138676 0.121855 0.105274 0.116934 0.130787 0.121166 0.140928 0.142895 0.111927 0.144414 0.148790 0.118813 0.141575 0.108118 0.123094 0.136252 0.122316 0.112501 0.112549 0.136331 0.116089 0.098062 0.119221 0.114878 0.098861 0.069319 0.080481 0.024015 0.033282 0.047614 0.117477 0.131839 0.116017 0.100332 0.095399 0.068279 0.065907 0.044460 0.082696 0.073577 0.090086 0.031774 0.045173 0.089832 0.129993 0.017558 0.061084 0.047888 0.124885 0.135148
 927000.044030 1.713011 0.150493 0.127591 0.133172 0.107647 0.108819 0.117456 0.147251 0.141082 0.121631 0.104363 0.115982 0.129325 0.120694 0.140893 0.143715 0.112328 0.145862 0.149296 0.116320 0.143885 0.109055 0.125628 0.139519 0.126987 0.115508 0.116112 0.139917 0.119029 0.097609 0.123671 0.116154 0.103625 0.073602 0.086618 0.026365 0.033544 0.052919 0.124619 0.136242 0.120577 0.106316 0.095231 0.068341 0.068945 0.045179 0.083889 0.079895 0.092063 0.023548 0.044734 0.092160 0.134509 0.013874 0.066086 0.056818 0.127078 0.133068
 928000.044078 6.741374 0.149103 0.125429 0.127068 0.106108 0.106741 0.114670 0.144670 0.134877 0.115697 0.104369 0.108892 0.126168 0.121285 0.137961 0.140510 0.106550 0.140544 0.144164 0.115776 0.139083 0.115067 0.132735 0.148175 0.136297 0.120194 0.117784 0.147936 0.118534 0.095929 0.131483 0.124153 0.114950 0.087363 0.094189 0.023586 0.039534 0.066642 0.129922 0.145101 0.130775 0.109593 0.098492 0.083752 0.077442 0.061796 0.096664 0.090838 0.105170 0.015899 0.057126 0.098793 0.143195 0.027523 0.081302 0.066393 0.135997 0.127318
 929000.044125 9.102304 0.146774 0.122318 0.124100 0.106295 0.111784 0.114606 0.141944 0.132216 0.114446 0.108635 0.106653 0.133328 0.127670 0.142868 0.138861 0.104872 0.140608 0.142996 0.123208 0.136515 0.118786 0.137214 0.150631 0.134589 0.124100 0.119176 0.150124 0.121339 0.102383 0.131891 0.129671 0.112195 0.085290 0.088071 0.013582 0.033039 0.062112 0.126954 0.143914 0.128184 0.105379 0.105778 0.086155 0.073520 0.061939 0.096232 0.085986 0.105187 0.022351 0.061943 0.103705 0.143234 0.031982 0.079120 0.055289 0.137612 0.135253
 930000.044173 5.174481 0.147514 0.123884 0.128932 0.108086 0.113457 0.116835 0.144332 0.137830 0.119238 0.109607 0.112601 0.137871 0.128589 0.147643 0.140494 0.110589 0.145873 0.146523 0.124134 0.140372 0.115239 0.131143 0.141785 0.124123 0.121480 0.116684 0.142720 0.122922 0.106399 0.123613 0.124045 0.098565 0.069286 0.077895 0.023796 0.025212 0.046182 0.120847 0.134331 0.116162 0.100340 0.104382 0.071599 0.061175 0.044602 0.081387 0.072236 0.091206 0.030307 0.054320 0.100435 0.134494 0.024114 0.063727 0.044315 0.127872 0.141748
 931000.044220 3.057726 0.146906 0.124046 0.131162 0.105173 0.107086 0.113586 0.146268 0.141357 0.118204 0.104988 0.113386 0.134174 0.122778 0.145177 0.138979 0.110927 0.148482 0.145452 0.116103 0.142409 0.107823 0.128674 0.137267 0.121551 0.121724 0.120552 0.140717 0.127685 0.108023 0.123327 0.119752 0.093957 0.063055 0.081273 0.038009 0.029160 0.043939 0.127015 0.131950 0.112749 0.106350 0.102175 0.059179 0.059762 0.034855 0.070848 0.070894 0.082386 0.027155 0.048808 0.098995 0.134147 0.018537 0.060223 0.052855 0.123778 0.137393
 932000.044268 11.910730 0.135331 0.113893 0.120640 0.104049 0.111736 0.109016 0.135576 0.131847 0.110751 0.111205 0.104503 0.142255 0.131069 0.148214 0.127985 0.106535 0.142295 0.135027 0.124363 0.131594 0.114937 0.126545 0.128678 0.106212 0.121715 0.111961 0.134261 0.124922 0.115196 0.112032 0.123717 0.078029 0.051977 0.060891 0.045894 0.022056 0.028941 0.113675 0.117696 0.096057 0.090923 0.108276 0.062627 0.039131 0.034547 0.059596 0.051314 0.077531 0.041457 0.064261 0.108855 0.122994 0.036585 0.058502 0.034104 0.112790 0.142942
 933000.044315 12.829329 0.133819 0.112300 0.117595 0.104465 0.114969 0.110276 0.132717 0.127066 0.108560 0.112687 0.101874 0.142605 0.133207 0.147122 0.127362 0.103010 0.138601 0.133843 0.127699 0.127782 0.118236 0.127991 0.130840 0.107186 0.120287 0.109259 0.135191 0.120734 0.113475 0.111827 0.126646 0.081373 0.057995 0.058070 0.040378 0.018048 0.028950 0.108646 0.119199 0.097296 0.086151 0.109214 0.070333 0.041595 0.044178 0.068126 0.051693 0.082377 0.038795 0.067146 0.109587 0.123851 0.037969 0.062625 0.027012 0.115895 0.141969
 934000.044363 1.900649 0.148010 0.126020 0.134016 0.107848 0.110489 0.118689 0.144891 0.141275 0.122967 0.104062 0.119478 0.130356 0.119466 0.140832 0.142890 0.113741 0.146240 0.149573 0.116097 0.143437 0.104756 0.120124 0.132253 0.119136 0.111184 0.113156 0.133453 0.117555 0.098794 0.116935 0.111189 0.094795 0.064557 0.080193 0.033436 0.035939 0.044278 0.118165 0.128820 0.112045 0.101595 0.093128 0.060653 0.064055 0.038091 0.076903 0.071006 0.084048 0.034497 0.040514 0.087569 0.127885 0.014614 0.057155 0.051034 0.121106 0.134724
 935000.044410 13.063402 0.141231 0.117342 0.117576 0.103522 0.109568 0.110158 0.136019 0.125660 0.108492 0.107560 0.099239 0.129820 0.126581 0.137593 0.133077 0.099978 0.133549 0.136791 0.122137 0.129689 0.120757 0.137514 0.149317 0.133329 0.124487 0.116277 0.148829 0.119369 0.102270 0.130277 0.131532 0.112744 0.088565 0.086588 0.017355 0.033958 0.064645 0.124884 0.141237 0.126801 0.102282 0.106893 0.091081 0.072875 0.066965 0.098088 0.086705 0.108438 0.023305 0.068697 0.107983 0.141145 0.038314 0.084861 0.056636 0.135788 0.129603
 936000.044458 6.433271 0.146361 0.123339 0.126179 0.109648 0.115446 0.117358 0.142617 0.133807 0.115695 0.111954 0.107971 0.137005 0.130063 0.145570 0.138724 0.108515 0.142589 0.143276 0.125752 0.136884 0.119119 0.132200 0.143086 0.125009 0.120291 0.113945 0.144320 0.120058 0.103970 0.123414 0.126250 0.102216 0.076337 0.077310 0.023263 0.024384 0.050141 0.119585 0.135854 0.117427 0.097927 0.103417 0.078694 0.061294 0.053430 0.085484 0.074571 0.097521 0.023494 0.059563 0.102844 0.136400 0.026887 0.073603 0.047112 0.129036 0.137230
 937000.044505 6.675027 0.142946 0.119016 0.121188 0.102599 0.106274 0.109456 0.140037 0.130744 0.109348 0.105302 0.101829 0.130613 0.124546 0.140570 0.133761 0.101702 0.138911 0.138243 0.118167 0.133425 0.116155 0.135120 0.145792 0.129782 0.124185 0.118515 0.146967 0.122970 0.103660 0.128878 0.128057 0.106089 0.079633 0.084911 0.023252 0.027552 0.056906 0.127232 0.139067 0.121951 0.104540 0.104681 0.079715 0.066798 0.055944 0.087712 0.081077 0.098598 0.010236 0.060948 0.104996 0.140332 0.027388 0.076932 0.056126 0.132177 0.130932
 938000.044553 4.136145 0.145513 0.122308 0.127144 0.105613 0.110337 0.114472 0.142668 0.135721 0.116166 0.106562 0.109604 0.133858 0.125079 0.143826 0.138259 0.107667 0.143627 0.143788 0.120072 0.138247 0.112493 0.130231 0.140443 0.123387 0.120135 0.116259 0.141879 0.122294 0.104543 0.123035 0.122797 0.098901 0.070591 0.078643 0.025240 0.023895 0.046531 0.121684 0.133961 0.115695 0.100725 0.102350 0.070669 0.061215 0.045735 0.080758 0.072925 0.090777 0.022399 0.053449 0.099847 0.134801 0.021559 0.065988 0.047307 0.126850 0.136415
 939000.044600 6.646112 0.147983 0.128021 0.141823 0.105431 0.103348 0.117814 0.146041 0.150063 0.129793 0.096250 0.130501 0.124404 0.108731 0.135720 0.145161 0.119607 0.148147 0.154954 0.105643 0.149098 0.089810 0.112007 0.123148 0.116294 0.109314 0.119470 0.124769 0.123189 0.102335 0.115025 0.098671 0.088900 0.054840 0.089630 0.054728 0.054097 0.047940 0.124436 0.122196 0.108036 0.112659 0.090433 0.038414 0.072029 0.022353 0.067044 0.073618 0.069751 0.054069 0.028302 0.078884 0.121062 0.027328 0.042479 0.064656 0.114199 0.132829
 940000.044648 3.123386 0.144273 0.122481 0.127874 0.106530 0.110097 0.114721 0.141927 0.136449 0.117116 0.106647 0.110503 0.133576 0.124151 0.143080 0.137605 0.110016 0.143032 0.143426 0.119158 0.137962 0.111209 0.125369 0.134931 0.118806 0.117172 0.113304 0.137470 0.120895 0.103589 0.118237 0.118289 0.094250 0.065478 0.075516 0.030063 0.023805 0.042161 0.119241 0.128572 0.110754 0.098625 0.098933 0.064921 0.056483 0.038419 0.074632 0.068926 0.086630 0.026837 0.050332 0.097589 0.129408 0.018735 0.062329 0.046676 0.120560 0.135526
