0.000000	-85.2102 146.025
1000.000047	-83.8017 155.726
2000.000095	-73.9838 145.077
3000.000142	-75.356 157.756
4000.000190	-85.3499 159.751
5000.000237	-84.7172 145.81
6000.000285	-72.3579 134.683
7000.000332	-75.8582 148.542
8000.000380	-96.4493 142.875
9000.000427	-99.4274 144.721
10000.000475	-83.5903 157.062
11000.000522	-85.2455 160.514
12000.000570	-86.6133 154.917
13000.000617	-96.9256 147.256
14000.000665	-83.2932 150.395
15000.000712	-91.5384 151.149
16000.000760	-96.0075 139.338
17000.000807	-88.0999 159.091
18000.000855	-78.1158 141.263
19000.000902	-96.4578 152.514
20000.000950	-86.1498 150.105
21000.000997	-100.102 147.276
22000.001045	-86.993 141.748
23000.001092	-91.899 151.684
24000.001140	-83.2054 154.785
25000.001187	-88.6729 143.85
26000.001235	-88.707 152.584
27000.001282	-83.5426 139.38
28000.001330	-86.6027 143.764
29000.001377	-77.3477 150.656
30000.001425	-86.6937 148.77
31000.001472	-100.892 143.295
32000.001520	-88.9839 144.693
33000.001567	-74.1116 140.046
34000.001615	-83.5752 140.062
35000.001662	-94.1816 148.244
36000.001710	-84.5746 154.198
37000.001757	-82.6042 147.247
38000.001805	-81.7747 139.276
39000.001852	-84.8742 146.642
40000.001900	-89.2534 145.283
41000.001947	-73.17 143.606
42000.001995	-97.1728 144.212
43000.002042	-84.0978 153.049
44000.002090	-82.8817 147.066
45000.002137	-87.4675 150.494
46000.002185	-84.1952 149.184
47000.002232	-87.5604 145.154
48000.002280	-76.8615 155.551
49000.002327	-77.0733 143.536
50000.002375	-101.901 148.136
51000.002422	-84.4914 132.945
52000.002470	-77.4879 147.56
53000.002517	-82.7825 146.585
54000.002565	-80.3091 151.062
55000.002612	-80.6805 146.377
56000.002660	-82.0064 158.605
57000.002707	-82.0725 149.616
58000.002755	-79.6633 141.334
59000.002802	-90.2218 150.336
60000.002850	-94.3941 139.833
61000.002897	-94.7367 142.421
62000.002945	-90.4434 145.347
63000.002992	-71.385 159.624
64000.003040	-76.5947 141.892
65000.003087	-86.0442 148.6
66000.003135	-83.0129 148.911
67000.003182	-94.6127 135.697
68000.003230	-86.8482 159.578
69000.003277	-91.4956 146.381
70000.003325	-86.555 155.236
71000.003372	-93.1262 145.742
72000.003420	-88.8071 152.988
73000.003467	-90.9878 138.451
74000.003515	-77.8231 151.688
75000.003562	-91.2612 132.387
76000.003610	-89.0691 150.096
77000.003657	-78.3038 147.859
78000.003705	-79.0565 152.391
79000.003752	-80.9024 149.652
80000.003800	-84.6336 141.135
81000.003847	-80.5995 144.833
82000.003895	-92.7069 153.007
83000.003942	-80.5753 153.682
84000.003990	-109.89 139.288
85000.004037	-86.5738 154.458
86000.004085	-80.2576 147.578
87000.004132	-91.8444 142.282
88000.004180	-88.9118 154.849
89000.004227	-81.6655 148.59
90000.004275	-82.0796 143.409
91000.004322	-83.6699 161.034
92000.004370	-84.5788 147.171
93000.004417	-90.6325 146.666
94000.004465	-84.4046 158.817
95000.004512	-84.7166 148.625
96000.004560	-86.3965 146.452
97000.004607	-93.2824 141.864
98000.004655	-96.4111 147.588
99000.004702	-84.4364 150.404
100000.004750	-92.3071 154.153
101000.004797	-85.9833 147.477
102000.004845	-89.3886 141.307
103000.004892	-90.2501 149.25
104000.004940	-99.1202 137.606
105000.004987	-87.2902 147.545
106000.005035	-92.6534 151.526
107000.005082	-70.1416 139.933
108000.005130	-77.114 155.468
109000.005177	-95.7733 149.997
110000.005225	-90.7556 137.666
111000.005272	-81.2148 134.493
112000.005320	-103.124 147.556
113000.005367	-87.9325 141.669
114000.005415	-93.5028 143.332
115000.005462	-84.5864 152.384
116000.005510	-78.4219 148.858
117000.005557	-88.1646 146.904
118000.005605	-77.2254 146.399
119000.005652	-80.4291 139.493
120000.005700	-81.9447 158.784
