1280000.060797	-154.363 156.264
1281000.060844	-144.43 133.174
1282000.060892	-148.104 164.586
1283000.060939	-147.168 152.832
1284000.060987	-170.027 151.417
1285000.061034	-162.043 151.922
1286000.061082	-137.137 147.922
1287000.061129	-161.002 172.31
1288000.061177	-150.091 168.41
1289000.061224	-136.763 139.557
1290000.061272	-150.577 124.481
1291000.061319	-167.772 137.183
1292000.061367	-135.058 151.307
1293000.061414	-162.198 142.706
1294000.061462	-155.397 165.949
1295000.061509	-142.22 154.611
1296000.061557	-139.574 162.872
1297000.061604	-158.812 159.683
1298000.061652	-143.522 132.102
1299000.061699	-134.239 134.781
1300000.061747	-144.316 154.587
1301000.061794	-161.12 159.302
1302000.061842	-156.949 148
1303000.061889	-156.538 150.617
1304000.061937	-152.681 155.628
1305000.061984	-152.839 134.746
1306000.062032	-149.952 159.867
1307000.062079	-169.174 150.336
1308000.062127	-165.977 163.492
1309000.062174	-136.095 162.886
1310000.062222	-149.979 154.711
1311000.062269	-150.406 138.245
1312000.062317	-140.769 144.145
1313000.062364	-160.092 152.101
1314000.062412	-132.042 150.298
1315000.062459	-147.437 170.74
1316000.062507	-157.895 140.345
1317000.062554	-160.587 161.336
1318000.062602	-103.858 158.878
1319000.062649	-167.112 152.859
1320000.062697	-145.946 138.457
1321000.062744	-138.634 160.012
1322000.062792	-128.551 170.844
1323000.062839	-146.232 164.036
1324000.062887	-148.952 135.767
1325000.062934	-155.235 155.48
1326000.062982	-149.356 142.382
1327000.063029	-158.497 147.807
1328000.063077	-149.661 154.996
1329000.063124	-149.218 137.902
1330000.063172	-132.797 148.49
1331000.063219	-172.701 150.897
1332000.063267	-140.132 158.717
1333000.063314	-155.872 164.167
1334000.063362	-147.465 164.168
1335000.063409	-147.498 158.733
1336000.063457	-144.562 148.905
1337000.063504	-140.492 143.845
1338000.063552	-159.026 157.84
1339000.063599	-143.988 144.907
1340000.063647	-136.658 168.693
1341000.063694	-149.134 138.321
1342000.063742	-167.784 149.216
1343000.063789	-145.034 149.158
1344000.063837	-110.972 150.045
1345000.063884	-175.729 128.215
1346000.063932	-121.967 147.367
1347000.063979	-136.037 155.479
1348000.064027	-158.529 151.494
1349000.064074	-158.555 132.912
1350000.064122	-151.046 158.386
1351000.064169	-140.408 166.71
1352000.064217	-161.827 170.039
1353000.064264	-139.465 155.877
1354000.064312	-159.992 151.12
1355000.064359	-131.943 144.6
1356000.064407	-155.778 143.867
1357000.064454	-148.61 161.861
1358000.064502	-137.687 152.029
1359000.064549	-148.839 162.857
1360000.064597	-128.634 163.047
1361000.064644	-148.972 139.408
1362000.064692	-129.823 126.69
1363000.064739	-137.379 167.54
1364000.064787	-161.669 139.78
1365000.064834	-156.418 157.601
1366000.064882	-150.998 169.127
1367000.064929	-141.18 163.007
1368000.064977	-141.321 173.974
1369000.065024	-154.942 135.425
1370000.065072	-139.286 159.032
1371000.065119	-167.202 148.344
1372000.065167	-141.388 152.19
1373000.065214	-140.635 155.511
1374000.065261	-96.3293 148.545
1375000.065309	-127.555 141.316
1376000.065356	-107.031 147.662
1377000.065404	-148.42 -168.465
1378000.065451	-149.26 137.407
1379000.065499	-156.285 165.511
1380000.065546	-134.73 133.648
1381000.065594	-148.566 154.48
1382000.065641	-149.976 139.398
1383000.065689	-127.497 162.502
1384000.065736	-140.207 162.667
1385000.065784	-142.816 159.882
1386000.065831	-116.444 154.942
1387000.065879	-169.735 165.428
1388000.065926	-168.104 150.223
1389000.065974	-127.901 150.704
1390000.066021	-142.362 159.554
1391000.066069	-132.787 150.485
1392000.066116	-138.903 143.031
1393000.066164	-150.545 161.66
1394000.066211	-158.407 157.8
1395000.066259	-133.535 152.652
1396000.066306	-135.873 155.677
1397000.066354	-143.163 172.95
1398000.066401	-134.487 144.431
1399000.066449	-174.002 145.431
1400000.066496	-130.856 157.183
