840000.039898	-69.5856 -20.4654
841000.039945	-78.5915 -34.3297
842000.039993	-60.7062 -43.6748
843000.040040	-76.4175 -37.9005
844000.040088	-83.6121 -34.9334
845000.040135	-71.2893 -30.1493
846000.040183	-73.1205 -22.6625
847000.040230	-69.9521 -29.4327
848000.040278	-69.8285 -32.4795
849000.040325	-60.964 -52.566
850000.040373	-68.5576 -19.5799
851000.040420	-61.6898 -27.2477
852000.040468	-61.0253 -48.0754
853000.040515	-64.8059 -24.6466
854000.040563	-72.8504 -28.9751
855000.040610	-77.8305 -19.149
856000.040658	-62.3982 -32.0885
857000.040705	-84.5482 -12.4183
858000.040753	-68.4093 -26.4302
859000.040800	-102.515 -7.63051
860000.040848	-58.4662 -41.0547
861000.040895	-65.5338 -45.0944
862000.040943	-62.7645 -37.5626
863000.040990	-55.5465 -39.9139
864000.041038	-77.3491 -26.7331
865000.041085	-58.8223 -33.3958
866000.041133	-68.8029 -25.3936
867000.041180	-45.9648 -54.9258
868000.041228	-71.5053 -39.9742
869000.041275	-49.0865 -45.6993
870000.041323	-53.0959 -40.8102
871000.041370	-85.221 -20.7619
872000.041418	-74.712 -38.8764
873000.041465	-57.9147 -36.7987
874000.041513	-49.726 -50.4475
875000.041560	-72.9911 -31.8662
876000.041608	-86.7623 -21.8907
877000.041655	-47.8897 -32.1432
878000.041703	-73.863 -32.1145
879000.041750	-79.3736 -18.0679
880000.041798	-71.8728 -55.0588
881000.041845	-57.2981 -48.8889
882000.041893	-76.5382 -13.1139
883000.041940	-51.1382 -40.0195
884000.041988	-55.0527 -35.5107
885000.042035	-70.3506 -32.046
886000.042083	-57.8058 -14.9317
887000.042130	-65.4878 -31.9266
888000.042178	-73.3258 -27.512
889000.042225	-81.8737 -30.2062
890000.042273	-63.1925 -50.9142
891000.042320	-50.8788 -49.0485
892000.042368	-48.9376 -42.2341
893000.042415	-64.3573 -45.8499
894000.042463	-60.3538 -43.1947
895000.042510	-57.334 -30.3195
896000.042558	-68.0548 -28.8982
897000.042605	-74.0755 -36.4841
898000.042653	-71.2191 -60.9159
899000.042700	-72.9538 -41.1484
900000.042748	-78.7676 -41.2206
901000.042795	-61.9155 -43.594
902000.042843	-75.8337 -42.9092
903000.042890	-82.159 -42.2142
904000.042938	-69.3817 -42.1263
905000.042985	-80.1927 -23.2914
906000.043033	-57.578 -47.0827
907000.043080	-60.0572 -35.693
908000.043128	-80.5552 -24.3017
909000.043175	-58.0679 -54.2941
910000.043223	-84.2766 -23.2458
911000.043270	-65.6015 -42.1527
912000.043318	-62.5437 -28.1475
913000.043365	-59.0716 -38.9228
914000.043413	-66.5398 -17.2016
915000.043460	-70.2257 -38.6363
916000.043508	-59.5304 -37.7691
917000.043555	-75.4762 -47.2093
918000.043603	-62.2025 -33.9886
919000.043650	-69.0801 -24.3524
920000.043698	-62.9327 -36.2933
921000.043745	-77.9974 -36.9197
922000.043793	-57.3684 -26.7619
923000.043840	-66.4447 -36.4794
924000.043888	-54.0321 -52.6125
925000.043935	-77.6937 -31.377
926000.043983	-87.7508 -48.0448
927000.044030	-83.9415 -43.345
928000.044078	-67.3256 -58.5657
929000.044125	-64.7298 -20.7987
930000.044173	-78.3768 -44.5258
931000.044220	-75.0608 -28.1725
932000.044268	-72.4816 -28.7047
933000.044315	-57.9058 -32.7351
934000.044363	-73.7497 -21.0351
935000.044410	-75.9898 -56.2306
936000.044458	-59.5391 -34.5508
937000.044505	-79.6134 -24.7963
938000.044553	-69.507 -37.1321
939000.044600	-68.3392 -48.0738
940000.044648	-108.724 -14.156
941000.044695	-73.574 -33.1144
942000.044743	-62.8895 -41.5421
943000.044790	-52.0473 -22.9645
944000.044838	-89.7151 1.01687
945000.044885	-88.1372 -14.0704
946000.044933	-67.7537 -25.7248
947000.044980	-59.9196 -44.7379
948000.045028	-66.3107 -28.8771
949000.045075	-57.4349 -58.1141
950000.045123	-66.4243 -22.9847
951000.045170	-62.266 -50.75
952000.045218	-81.7875 -26.1355
953000.045265	-54.4846 -49.4001
954000.045313	-60.0877 -36.1894
955000.045360	-71.3276 -43.2049
956000.045408	-65.5372 -41.7361
957000.045455	-61.6658 -74.1133
958000.045503	-72.9541 -23.3268
959000.045550	-89.8371 -35.2305
960000.045598	-87.3998 -31.8609
