#! FIELDS time restraint.bias r0 r1 r2 r3 r4 r5 r6 r7 r8 r9 r10 r11 r12 r13 r14 r15 r16 r17 r18 r19 r20 r21 r22 r23 r24 r25 r26 r27 r28 r29 r30 r31 r32 r33
2440000.115894 0.859760 0.129384 0.110727 0.110316 0.130350 0.105463 0.120666 0.149909 0.141906 0.137488 0.127710 0.119133 0.128478 0.128192 0.099912 0.102192 0.118457 0.105262 0.079657 0.064279 0.044201 0.052044 0.100589 0.011350 0.078168 0.045828 0.082309 0.123592 0.142010 0.122686 0.122153 0.118330 0.137090 0.132837 0.127625
2441000.115941 7.555899 0.117744 0.105802 0.114372 0.135806 0.103060 0.116823 0.155068 0.140803 0.145286 0.119400 0.116725 0.115603 0.108433 0.074932 0.092097 0.119851 0.086407 0.060507 0.059090 0.022158 0.079377 0.079081 0.033647 0.087457 0.057165 0.082955 0.118815 0.128658 0.114462 0.126750 0.107906 0.129962 0.120910 0.119795
2442000.115989 3.074873 0.134640 0.114251 0.106775 0.121906 0.107068 0.126708 0.143403 0.143314 0.129855 0.130345 0.115868 0.129089 0.131753 0.107330 0.108073 0.113785 0.111637 0.083944 0.062230 0.057109 0.041572 0.107620 0.021464 0.068802 0.030992 0.070834 0.116864 0.144622 0.126326 0.115452 0.123406 0.142288 0.137670 0.133622
2443000.116036 1.984440 0.128766 0.109825 0.107276 0.125343 0.105974 0.122319 0.146749 0.142049 0.133020 0.126709 0.116661 0.125457 0.125295 0.098579 0.103466 0.116125 0.104795 0.075470 0.057179 0.046983 0.050532 0.097915 0.017244 0.070786 0.038529 0.074636 0.118730 0.139703 0.122985 0.117855 0.117704 0.137346 0.132116 0.127929
2444000.116084 3.693025 0.123244 0.107620 0.110773 0.130388 0.104793 0.118579 0.149906 0.139694 0.138355 0.124754 0.117897 0.119319 0.116478 0.087020 0.095555 0.117253 0.093956 0.068446 0.058799 0.033494 0.065320 0.087135 0.023523 0.079462 0.049725 0.081280 0.118877 0.132147 0.119706 0.122272 0.112390 0.131791 0.125075 0.122584
2445000.116131 6.436123 0.134564 0.112693 0.106191 0.122059 0.100653 0.118690 0.137664 0.134978 0.130390 0.129390 0.114833 0.138770 0.144392 0.122880 0.112114 0.111779 0.123227 0.103154 0.082938 0.071112 0.029100 0.121431 0.031054 0.082769 0.050051 0.090124 0.125998 0.151001 0.122642 0.116235 0.123564 0.136644 0.138299 0.129575
2446000.116179 6.352304 0.120471 0.109009 0.118906 0.142550 0.107622 0.113251 0.154314 0.136093 0.147294 0.125207 0.126733 0.114989 0.111625 0.078749 0.083028 0.114572 0.084072 0.072378 0.070412 0.019910 0.076085 0.085010 0.030851 0.093433 0.068117 0.097153 0.121956 0.127978 0.118382 0.133537 0.111014 0.127234 0.121047 0.117608
2447000.116226 4.011690 0.122167 0.106887 0.111456 0.132633 0.104409 0.119269 0.152519 0.141771 0.140985 0.122488 0.117518 0.119059 0.114514 0.083164 0.095292 0.118798 0.092304 0.064923 0.056676 0.028336 0.068756 0.085163 0.024517 0.080684 0.050367 0.080559 0.119447 0.132246 0.118633 0.123697 0.110883 0.132743 0.124515 0.122567
2448000.116274 1.044029 0.128274 0.111068 0.111713 0.130854 0.106242 0.118598 0.147874 0.138703 0.136477 0.127714 0.121160 0.123735 0.124462 0.096769 0.096173 0.113798 0.100447 0.079627 0.064903 0.041214 0.051538 0.099163 0.012507 0.078011 0.047718 0.083024 0.119672 0.138212 0.121985 0.123116 0.117779 0.134692 0.130253 0.125434
2449000.116321 4.222107 0.124056 0.106445 0.107567 0.128727 0.108278 0.122287 0.150685 0.143440 0.134967 0.125403 0.119017 0.118569 0.115538 0.085657 0.096974 0.117969 0.093764 0.063421 0.051840 0.034738 0.065295 0.084440 0.025152 0.073855 0.048915 0.078151 0.118294 0.131483 0.123877 0.119468 0.111841 0.134031 0.125230 0.123643
2450000.116369 1.512826 0.123649 0.107796 0.111465 0.131901 0.101751 0.116696 0.150683 0.139337 0.140574 0.122864 0.116663 0.123600 0.120687 0.090869 0.097211 0.118848 0.097906 0.073160 0.062211 0.034364 0.061239 0.093033 0.015056 0.081845 0.048351 0.082073 0.121651 0.136635 0.116761 0.123390 0.113283 0.132706 0.127151 0.123074
2451000.116416 5.060459 0.133801 0.113008 0.105730 0.122119 0.114104 0.131237 0.146507 0.148854 0.127392 0.131895 0.120257 0.124030 0.124654 0.098894 0.107164 0.117498 0.105476 0.071692 0.048836 0.051375 0.052470 0.097078 0.027536 0.060416 0.033759 0.066116 0.115140 0.139323 0.131755 0.114422 0.121124 0.143336 0.134922 0.133318
2452000.116464 7.718693 0.141606 0.119134 0.106798 0.117578 0.111352 0.132347 0.139678 0.145281 0.125243 0.135102 0.117534 0.131747 0.138414 0.118071 0.114458 0.110194 0.120069 0.092891 0.066534 0.070227 0.031326 0.117819 0.034008 0.063644 0.026659 0.067673 0.113987 0.149742 0.132173 0.112398 0.129975 0.148005 0.143908 0.139814
2453000.116511 2.100293 0.129394 0.112364 0.112704 0.133029 0.108327 0.118564 0.149589 0.139378 0.136994 0.130436 0.124232 0.126520 0.127485 0.099768 0.097515 0.116511 0.102590 0.084020 0.070041 0.045109 0.053105 0.101950 0.017740 0.081584 0.054105 0.088360 0.123344 0.140126 0.123542 0.125238 0.119419 0.134802 0.131975 0.125684
2454000.116559 3.107195 0.124423 0.106987 0.107759 0.128011 0.105828 0.121429 0.150577 0.143158 0.135794 0.123981 0.116466 0.121397 0.118156 0.088238 0.099326 0.119013 0.097021 0.065731 0.052919 0.036636 0.062836 0.087915 0.021577 0.074182 0.044837 0.075710 0.119131 0.134558 0.121319 0.119304 0.113002 0.134814 0.127213 0.124690
2455000.116606 1.465387 0.127159 0.109334 0.109781 0.127917 0.099191 0.116738 0.147432 0.138234 0.138243 0.122839 0.113305 0.130628 0.129720 0.102356 0.103878 0.118586 0.108387 0.082524 0.066715 0.047901 0.050645 0.102986 0.014818 0.080271 0.042771 0.080414 0.123961 0.143196 0.116439 0.120459 0.116954 0.134721 0.131918 0.126131
2456000.116654 5.026951 0.131213 0.111164 0.105239 0.122493 0.113106 0.129659 0.146925 0.147770 0.128052 0.130235 0.119828 0.121954 0.121826 0.095962 0.105656 0.117458 0.102952 0.068746 0.046410 0.049093 0.054716 0.093845 0.027445 0.060327 0.035451 0.066483 0.114456 0.137015 0.130220 0.114285 0.118703 0.141298 0.132328 0.130963
2457000.116701 0.887871 0.121886 0.106149 0.111567 0.133698 0.098248 0.110974 0.148454 0.134073 0.141778 0.121217 0.116833 0.126213 0.123818 0.094443 0.095495 0.118623 0.099746 0.080334 0.070427 0.036644 0.058615 0.096578 0.011534 0.087859 0.055562 0.090901 0.126374 0.136570 0.113858 0.125133 0.111678 0.128247 0.125282 0.119233
2458000.116749 2.178886 0.129162 0.109409 0.106610 0.126103 0.106889 0.123808 0.147961 0.144086 0.132803 0.126218 0.117292 0.125769 0.125176 0.097575 0.103638 0.117368 0.104435 0.074583 0.056300 0.046304 0.051706 0.098122 0.018069 0.070708 0.040081 0.074347 0.119264 0.140064 0.124128 0.117575 0.117273 0.138790 0.132146 0.128472
2459000.116796 1.779396 0.128172 0.108955 0.107083 0.126804 0.105665 0.122269 0.147768 0.142587 0.133890 0.126819 0.117251 0.125349 0.124229 0.096172 0.101920 0.118296 0.102326 0.074471 0.058845 0.042304 0.054231 0.095775 0.016328 0.074248 0.042871 0.078210 0.120678 0.138284 0.123310 0.118625 0.115986 0.136490 0.130453 0.126783
2460000.116844 7.154255 0.142752 0.120612 0.108064 0.119420 0.114994 0.133175 0.139639 0.145385 0.124424 0.138675 0.121993 0.129432 0.137427 0.117235 0.112194 0.107957 0.117980 0.093122 0.066694 0.069467 0.029716 0.116905 0.032741 0.062173 0.030669 0.070402 0.112876 0.147658 0.135466 0.114318 0.131242 0.147934 0.143942 0.140024
2461000.116891 2.794650 0.133283 0.112828 0.107098 0.123527 0.104888 0.121528 0.142467 0.139720 0.130356 0.129052 0.117341 0.131962 0.135768 0.112280 0.107822 0.113083 0.114816 0.090902 0.069319 0.060279 0.033971 0.112259 0.020463 0.073044 0.040437 0.079380 0.120503 0.146792 0.123761 0.116864 0.122684 0.139043 0.137158 0.130268
2462000.116939 5.064513 0.122682 0.108711 0.114523 0.136241 0.108384 0.118626 0.152539 0.139880 0.141679 0.126436 0.123487 0.114416 0.111762 0.080612 0.087664 0.114160 0.086309 0.067274 0.061755 0.023769 0.070674 0.083690 0.027547 0.084124 0.058065 0.087263 0.117660 0.128243 0.121523 0.127469 0.111672 0.130839 0.122772 0.120994
2463000.116986 2.677566 0.129062 0.108484 0.104616 0.122071 0.098956 0.120854 0.144581 0.140798 0.133522 0.122556 0.109318 0.132792 0.132098 0.106118 0.110272 0.119193 0.113119 0.082496 0.063582 0.054880 0.047241 0.105606 0.020030 0.075217 0.035754 0.074888 0.122980 0.145522 0.118625 0.114584 0.117575 0.138015 0.134101 0.128962
2464000.117034 1.342909 0.126551 0.111710 0.116708 0.137562 0.102645 0.113815 0.150958 0.135987 0.145005 0.127003 0.121649 0.128149 0.127389 0.098175 0.095748 0.118382 0.101766 0.085148 0.074886 0.039269 0.058531 0.101191 0.014185 0.090286 0.057140 0.093370 0.127270 0.140187 0.117476 0.129856 0.117357 0.131617 0.130082 0.123386
2465000.117081 1.454103 0.126149 0.110017 0.112299 0.132146 0.105239 0.118207 0.150145 0.139550 0.138808 0.125935 0.120211 0.122717 0.121365 0.092233 0.095542 0.116504 0.097651 0.075620 0.062866 0.035628 0.057752 0.094943 0.014761 0.079638 0.048444 0.082433 0.120368 0.136617 0.120101 0.123987 0.115511 0.133761 0.128406 0.124267
2466000.117129 2.208400 0.119325 0.106500 0.114493 0.136578 0.101092 0.110496 0.150321 0.133887 0.143947 0.121284 0.119700 0.119911 0.116648 0.085862 0.089939 0.116471 0.092047 0.074225 0.067265 0.028189 0.066271 0.089821 0.018191 0.088226 0.058490 0.090510 0.122595 0.132048 0.113405 0.128099 0.110508 0.126749 0.122512 0.117441
2467000.117176 2.585096 0.124237 0.109365 0.113107 0.132419 0.101782 0.115448 0.150186 0.137366 0.141610 0.124662 0.117278 0.125040 0.122868 0.093859 0.097631 0.119072 0.099708 0.077345 0.066998 0.039016 0.061987 0.094767 0.019681 0.084826 0.051406 0.085409 0.123451 0.136910 0.116645 0.124923 0.114870 0.131341 0.127853 0.123002
2468000.117224 5.600331 0.127388 0.109098 0.106317 0.122434 0.105255 0.126123 0.147244 0.144930 0.133154 0.123739 0.112094 0.122852 0.120319 0.093893 0.106300 0.118571 0.102914 0.067247 0.049026 0.047101 0.059403 0.093269 0.028968 0.067716 0.031519 0.064343 0.114693 0.137564 0.122143 0.114719 0.115793 0.139425 0.130477 0.129392
2469000.117271 3.123155 0.121541 0.106772 0.112676 0.134556 0.103867 0.115880 0.152371 0.139147 0.141957 0.122505 0.119192 0.119654 0.115796 0.084190 0.092497 0.117863 0.091999 0.068716 0.061524 0.027253 0.067881 0.086974 0.021632 0.084182 0.054959 0.085799 0.121467 0.132392 0.117332 0.125773 0.111133 0.130627 0.124068 0.120726
2470000.117319 4.191139 0.131026 0.109798 0.104851 0.121285 0.096833 0.120230 0.142864 0.139596 0.133712 0.123385 0.107696 0.137851 0.138521 0.113852 0.113846 0.119205 0.119373 0.091083 0.072450 0.062273 0.043364 0.113294 0.025060 0.080478 0.039287 0.079179 0.125749 0.150273 0.117757 0.114562 0.119996 0.138883 0.137287 0.130449
2471000.117366 4.684166 0.121860 0.107049 0.111488 0.130783 0.101502 0.118486 0.151752 0.141013 0.141237 0.121002 0.114218 0.120906 0.115957 0.085668 0.097731 0.120590 0.094744 0.066708 0.058424 0.032066 0.068977 0.087238 0.026493 0.081843 0.047971 0.078135 0.119601 0.133620 0.115959 0.122324 0.111120 0.132752 0.124934 0.122935
2472000.117414 2.392568 0.130731 0.111930 0.109159 0.126354 0.105595 0.124593 0.149060 0.144698 0.135551 0.126614 0.115756 0.127694 0.127031 0.099756 0.105481 0.118491 0.106687 0.076308 0.057650 0.047443 0.051981 0.100478 0.018934 0.071836 0.034823 0.071470 0.119328 0.142609 0.122842 0.118671 0.119503 0.140461 0.134333 0.130872
2473000.117461 0.771371 0.126373 0.107130 0.105560 0.124598 0.098537 0.117183 0.144661 0.137961 0.134403 0.122521 0.111640 0.129999 0.129437 0.102913 0.105190 0.117685 0.108795 0.081605 0.064473 0.049756 0.046950 0.102461 0.010751 0.077006 0.040698 0.079079 0.122887 0.142063 0.117078 0.116834 0.115446 0.134168 0.131012 0.125201
2474000.117509 0.546845 0.128104 0.110323 0.111300 0.130779 0.101805 0.116089 0.146901 0.136912 0.138185 0.125532 0.118188 0.129120 0.129866 0.102806 0.099978 0.115661 0.106412 0.085553 0.070165 0.046760 0.047213 0.104873 0.009052 0.081742 0.048340 0.085859 0.123748 0.142332 0.118791 0.122947 0.117846 0.134129 0.131601 0.125172
2475000.117556 0.747165 0.128541 0.110742 0.111774 0.131357 0.100316 0.117086 0.148658 0.138670 0.140476 0.124661 0.116008 0.131415 0.130958 0.102855 0.102152 0.118436 0.107900 0.085069 0.070434 0.046262 0.050253 0.104869 0.010581 0.083869 0.046988 0.085110 0.125838 0.144040 0.117621 0.123603 0.118111 0.135431 0.132953 0.126673
2476000.117604 1.826367 0.129992 0.110607 0.107923 0.126229 0.103079 0.123136 0.147691 0.143092 0.135647 0.125639 0.114090 0.129019 0.128336 0.100980 0.105391 0.118434 0.107503 0.078549 0.061207 0.047810 0.050728 0.101579 0.016542 0.075124 0.037309 0.075023 0.121198 0.142718 0.121496 0.118353 0.118265 0.139203 0.133687 0.129798
2477000.117651 3.363513 0.131800 0.112015 0.107038 0.124144 0.111797 0.126410 0.144561 0.143375 0.128672 0.131329 0.121403 0.121321 0.123580 0.098637 0.101314 0.111993 0.102559 0.075098 0.054506 0.049032 0.047971 0.097323 0.022449 0.064517 0.038987 0.073558 0.114289 0.136526 0.129448 0.116653 0.119697 0.139138 0.132038 0.129605
2478000.117699 0.902555 0.128989 0.110074 0.108795 0.127669 0.099886 0.117616 0.146920 0.138770 0.137193 0.124968 0.114249 0.133436 0.133456 0.106556 0.106367 0.119026 0.111733 0.086516 0.069517 0.051792 0.046122 0.106777 0.011629 0.080451 0.043483 0.082669 0.125888 0.145626 0.118325 0.120143 0.118541 0.135696 0.133987 0.127210
2479000.117746 2.437029 0.128279 0.109681 0.107775 0.124321 0.098681 0.118887 0.144498 0.138692 0.135484 0.122923 0.111057 0.130347 0.130204 0.104546 0.106078 0.117073 0.110138 0.083353 0.065785 0.052130 0.047784 0.105168 0.019109 0.077555 0.037880 0.076581 0.121185 0.143715 0.116924 0.117361 0.117748 0.136439 0.132862 0.127717
2480000.117794 4.838866 0.137048 0.115312 0.106166 0.120187 0.105981 0.125589 0.139466 0.140524 0.128010 0.131889 0.115755 0.133380 0.138350 0.116047 0.111305 0.111548 0.118138 0.093986 0.071832 0.065492 0.033015 0.116209 0.026926 0.072871 0.036469 0.077414 0.119204 0.148894 0.126719 0.114661 0.125799 0.142270 0.140351 0.134418
2481000.117841 3.153759 0.134512 0.114219 0.107727 0.122643 0.105149 0.123165 0.141964 0.140106 0.130374 0.129986 0.116045 0.131349 0.135187 0.111421 0.107812 0.112048 0.114310 0.090235 0.069423 0.060116 0.036998 0.112283 0.021738 0.073576 0.037032 0.076888 0.118799 0.146993 0.124239 0.116816 0.124112 0.140446 0.138428 0.132328
2482000.117889 4.854070 0.138789 0.116860 0.107207 0.122358 0.111584 0.128347 0.141717 0.143795 0.126738 0.134934 0.121593 0.131112 0.137163 0.115007 0.110124 0.111180 0.116507 0.092375 0.067907 0.065006 0.030691 0.114781 0.026969 0.067048 0.038216 0.076400 0.117747 0.147429 0.131480 0.115748 0.127072 0.144129 0.140777 0.135427
2483000.117936 5.474509 0.139407 0.116933 0.105254 0.119438 0.111448 0.130695 0.141264 0.145672 0.125294 0.134658 0.118986 0.132151 0.137587 0.115474 0.113697 0.112942 0.118377 0.090450 0.064556 0.066775 0.032583 0.114412 0.028640 0.063635 0.031544 0.070885 0.117227 0.148325 0.132006 0.113021 0.127503 0.145942 0.141930 0.137277
2484000.117984 5.603375 0.136479 0.115648 0.107303 0.120321 0.106086 0.128381 0.142990 0.144223 0.130503 0.129744 0.113622 0.131714 0.134327 0.110992 0.111809 0.115112 0.115597 0.086708 0.064076 0.061533 0.042310 0.111198 0.028976 0.069475 0.027848 0.068600 0.117290 0.147583 0.125968 0.114408 0.124895 0.144410 0.139675 0.135961
2485000.118031 0.975109 0.127819 0.110664 0.113130 0.133156 0.101905 0.114465 0.148167 0.135833 0.140328 0.126605 0.119647 0.130163 0.130518 0.102774 0.099025 0.117371 0.105975 0.087227 0.074065 0.045533 0.051141 0.104519 0.012087 0.086224 0.053390 0.090651 0.126717 0.142066 0.118550 0.125483 0.117784 0.132480 0.131177 0.124241
2486000.118079 2.239809 0.128166 0.109770 0.108961 0.127018 0.102967 0.121462 0.148899 0.142528 0.136678 0.124501 0.114426 0.127724 0.125924 0.097966 0.104099 0.119452 0.105160 0.075721 0.059925 0.044309 0.054844 0.098386 0.018319 0.075957 0.039393 0.075547 0.121221 0.141282 0.120075 0.119274 0.116969 0.137535 0.132016 0.128034
2487000.118126 1.971333 0.125034 0.109717 0.113800 0.134894 0.105058 0.118537 0.153902 0.141398 0.142599 0.125056 0.119984 0.123202 0.120162 0.089119 0.095727 0.119486 0.096379 0.072234 0.062008 0.031590 0.063893 0.091763 0.017186 0.082628 0.050827 0.083308 0.122558 0.136683 0.119242 0.126086 0.114640 0.134127 0.128186 0.124388
2488000.118174 9.035500 0.126316 0.107472 0.104175 0.122048 0.108775 0.130418 0.150608 0.149941 0.132605 0.124335 0.112216 0.122353 0.116987 0.088827 0.110118 0.124860 0.101201 0.057585 0.041199 0.046845 0.070114 0.086070 0.036795 0.066337 0.036024 0.061303 0.116095 0.135902 0.125552 0.113031 0.113665 0.140704 0.129387 0.130036
2489000.118221 3.889595 0.136490 0.114570 0.106096 0.121176 0.109318 0.127425 0.142442 0.144006 0.127499 0.132269 0.118392 0.130405 0.134737 0.111794 0.110068 0.112958 0.114810 0.087155 0.063416 0.061145 0.035026 0.110451 0.024141 0.066078 0.033912 0.073116 0.117592 0.146274 0.129042 0.114619 0.124676 0.143106 0.139210 0.134179
2490000.118269 3.708178 0.124016 0.106324 0.108221 0.131520 0.104956 0.122806 0.154756 0.146322 0.140118 0.123079 0.116057 0.124569 0.119245 0.087238 0.101810 0.124291 0.097829 0.065019 0.055359 0.034350 0.068363 0.087678 0.023571 0.079832 0.049156 0.079233 0.123844 0.136521 0.121236 0.121418 0.111783 0.136378 0.127788 0.125313
2491000.118316 2.686185 0.122770 0.107127 0.110868 0.129239 0.095763 0.113507 0.147170 0.135813 0.140882 0.119273 0.111099 0.127254 0.124267 0.096079 0.100010 0.119371 0.102886 0.078778 0.067539 0.041621 0.059229 0.097497 0.020062 0.085330 0.047470 0.082730 0.123615 0.138374 0.111601 0.121997 0.112901 0.130901 0.127251 0.122334
2492000.118364 3.021030 0.130105 0.110982 0.108399 0.127365 0.109456 0.127004 0.150811 0.146979 0.134831 0.128537 0.118648 0.124595 0.123128 0.094943 0.104434 0.119406 0.102622 0.070035 0.052353 0.043478 0.057343 0.094483 0.021276 0.069583 0.038214 0.071887 0.118626 0.139366 0.126659 0.118666 0.117967 0.140566 0.132540 0.130357
2493000.118411 1.858937 0.128103 0.108945 0.106794 0.125552 0.102499 0.121429 0.147533 0.142316 0.134720 0.123619 0.113439 0.128300 0.126741 0.098824 0.104788 0.118784 0.106347 0.076394 0.059311 0.046267 0.052195 0.099426 0.016689 0.074453 0.038303 0.074872 0.121317 0.141588 0.120102 0.117667 0.116705 0.137646 0.132196 0.127971
2494000.118459 1.484799 0.129122 0.110066 0.107598 0.125605 0.101895 0.120993 0.146134 0.140783 0.134911 0.124746 0.113862 0.128960 0.128945 0.102449 0.105018 0.116887 0.108220 0.080907 0.062787 0.049526 0.047477 0.103379 0.014916 0.074988 0.037741 0.075852 0.120651 0.142878 0.120124 0.117847 0.117998 0.137752 0.133088 0.128396
2495000.118506 4.062094 0.135880 0.114641 0.106714 0.121347 0.105387 0.126296 0.142266 0.142280 0.130492 0.130742 0.114698 0.132893 0.136208 0.112842 0.111554 0.114517 0.116375 0.089785 0.068171 0.061965 0.038719 0.112987 0.024671 0.072413 0.033326 0.074364 0.119505 0.148285 0.125847 0.115140 0.124440 0.142735 0.139541 0.134485
2496000.118554 3.003420 0.135132 0.113969 0.107025 0.123898 0.107953 0.125027 0.143511 0.142522 0.129748 0.130995 0.119140 0.130746 0.134849 0.111079 0.107848 0.112943 0.113886 0.088444 0.065838 0.059678 0.034949 0.110705 0.021214 0.069701 0.038700 0.077367 0.119583 0.145969 0.127335 0.116708 0.123656 0.141467 0.137962 0.132370
2497000.118601 2.400118 0.129913 0.110216 0.107011 0.123849 0.101427 0.122326 0.146217 0.142121 0.134474 0.124248 0.111740 0.130392 0.130016 0.103680 0.107736 0.118127 0.110341 0.080433 0.061860 0.051844 0.048687 0.104166 0.018964 0.074206 0.034529 0.072841 0.120664 0.144525 0.120028 0.116387 0.118694 0.139283 0.134432 0.130080
2498000.118649 1.983684 0.126965 0.108759 0.109523 0.129511 0.096805 0.112327 0.144571 0.133939 0.138407 0.122272 0.114679 0.135511 0.136038 0.110238 0.105304 0.118111 0.113955 0.093570 0.077156 0.055990 0.043289 0.111631 0.017240 0.086250 0.052180 0.090470 0.128941 0.146185 0.114794 0.121865 0.117234 0.131994 0.132165 0.123546
2499000.118696 3.729370 0.135400 0.113996 0.106031 0.121612 0.110542 0.129335 0.143942 0.145847 0.128059 0.131831 0.118002 0.127539 0.130076 0.105639 0.108557 0.114364 0.110395 0.080243 0.057777 0.055975 0.043447 0.104953 0.023639 0.064839 0.031400 0.069404 0.116028 0.143357 0.129586 0.114823 0.123313 0.143644 0.137702 0.134380
2500000.118744 0.696633 0.122577 0.107467 0.112648 0.134050 0.100440 0.112646 0.149936 0.135612 0.142026 0.122258 0.118212 0.124982 0.122702 0.093156 0.095358 0.118275 0.098895 0.078286 0.067393 0.035732 0.058941 0.095887 0.010217 0.085193 0.053201 0.087666 0.124437 0.136905 0.115081 0.125468 0.112937 0.129902 0.126169 0.120631
2501000.118791 0.745553 0.125841 0.108013 0.109817 0.130339 0.101254 0.115470 0.147239 0.137006 0.137980 0.124211 0.117458 0.127444 0.126988 0.099412 0.099397 0.117170 0.103950 0.081259 0.067064 0.043528 0.051317 0.099980 0.010569 0.081194 0.049632 0.086307 0.124317 0.139349 0.118177 0.122072 0.115024 0.132307 0.128852 0.123086
2502000.118839 2.458673 0.127227 0.109605 0.109594 0.127375 0.098347 0.118046 0.147298 0.138854 0.139109 0.123728 0.111860 0.131172 0.129613 0.102639 0.105800 0.120592 0.108742 0.082299 0.067613 0.048774 0.054108 0.102098 0.019194 0.081965 0.042678 0.080695 0.124681 0.142608 0.116540 0.120187 0.116642 0.134857 0.131785 0.126680
2503000.118886 4.582369 0.132042 0.112404 0.107716 0.122064 0.101327 0.123104 0.144307 0.141091 0.134155 0.126444 0.111225 0.132807 0.133503 0.109088 0.111023 0.118260 0.114428 0.085869 0.066517 0.058219 0.047454 0.108220 0.026203 0.075426 0.034290 0.073834 0.121206 0.146429 0.120938 0.115824 0.120987 0.139684 0.136219 0.131628
2504000.118934 2.186776 0.123052 0.105798 0.109356 0.129667 0.090682 0.107824 0.144352 0.131421 0.141000 0.117901 0.109901 0.137173 0.135538 0.108965 0.105746 0.121499 0.113875 0.093230 0.080090 0.054177 0.049718 0.110022 0.018101 0.092191 0.054848 0.093001 0.132072 0.145237 0.108511 0.122230 0.113881 0.128458 0.129655 0.120444
2505000.118981 5.156623 0.118937 0.105187 0.113244 0.137351 0.104169 0.115726 0.154633 0.139670 0.144752 0.121119 0.119806 0.117532 0.111913 0.078394 0.090904 0.119004 0.087990 0.064741 0.061512 0.022272 0.075086 0.081678 0.027796 0.087724 0.060383 0.089029 0.122462 0.129380 0.117124 0.127568 0.108141 0.129149 0.121163 0.118757
2506000.119029 4.378840 0.125346 0.106704 0.105015 0.125677 0.108904 0.124845 0.150772 0.146492 0.132356 0.124783 0.117224 0.121705 0.118083 0.088480 0.102769 0.121167 0.098476 0.063058 0.047076 0.040542 0.063425 0.087424 0.025615 0.068659 0.043039 0.071231 0.118433 0.135169 0.124626 0.116287 0.113323 0.137229 0.128160 0.126237
2507000.119076 3.252308 0.135711 0.114279 0.107854 0.124463 0.108380 0.125748 0.144868 0.143339 0.131310 0.132593 0.118945 0.132247 0.135642 0.111088 0.109518 0.115221 0.114463 0.087696 0.066851 0.059119 0.040449 0.109418 0.022075 0.072148 0.039981 0.079085 0.121740 0.146778 0.128335 0.117683 0.124084 0.141607 0.138756 0.133197
2508000.119124 6.492468 0.118246 0.104119 0.110455 0.132047 0.101128 0.118155 0.154922 0.142957 0.143035 0.117060 0.112401 0.120412 0.112473 0.079189 0.099189 0.123668 0.092817 0.059414 0.054775 0.030279 0.076595 0.081979 0.031190 0.083728 0.051626 0.077658 0.120859 0.132880 0.114021 0.122622 0.108175 0.132290 0.123278 0.121528
2509000.119171 0.689238 0.124750 0.107380 0.109960 0.130719 0.100018 0.112637 0.146113 0.134296 0.138059 0.123884 0.117352 0.128205 0.127859 0.100262 0.098859 0.116846 0.104322 0.084107 0.071031 0.044578 0.051517 0.101324 0.010162 0.084258 0.052854 0.089618 0.125544 0.139452 0.116713 0.122834 0.114640 0.130031 0.128280 0.121386
2510000.119219 3.453432 0.126111 0.107916 0.107233 0.127666 0.109007 0.123557 0.149935 0.144208 0.133798 0.126721 0.119375 0.120474 0.118256 0.089285 0.099375 0.118146 0.096900 0.066399 0.051656 0.038355 0.061078 0.088221 0.022747 0.071135 0.045425 0.076124 0.118215 0.133892 0.125048 0.118768 0.113968 0.135785 0.127602 0.125437
2511000.119266 3.646765 0.119317 0.104251 0.109927 0.130959 0.097177 0.114795 0.152445 0.139797 0.142819 0.116943 0.110496 0.125753 0.119359 0.087891 0.101697 0.124114 0.099251 0.068733 0.061077 0.035553 0.069401 0.089701 0.023375 0.085443 0.049701 0.080560 0.124511 0.137202 0.111455 0.122242 0.109774 0.131457 0.125713 0.121581
2512000.119314 3.198450 0.134549 0.113764 0.106352 0.122559 0.109151 0.128288 0.144962 0.145497 0.129400 0.130817 0.117828 0.128057 0.130144 0.105393 0.108021 0.115823 0.110071 0.080930 0.058360 0.054860 0.043367 0.105102 0.021892 0.065916 0.031660 0.069636 0.117008 0.143386 0.128211 0.115068 0.122338 0.142922 0.136671 0.133414
2513000.119361 2.584554 0.127154 0.108438 0.107224 0.125170 0.103880 0.122277 0.148098 0.142859 0.134708 0.123979 0.113818 0.125430 0.123668 0.096081 0.104532 0.118374 0.104003 0.071974 0.055246 0.044616 0.055524 0.095994 0.019679 0.072050 0.037035 0.071992 0.118741 0.139785 0.120867 0.117194 0.115933 0.137586 0.131028 0.127772
2514000.119409 3.215791 0.132692 0.111733 0.105205 0.123780 0.111264 0.127796 0.145966 0.145813 0.128825 0.131323 0.120308 0.125910 0.127131 0.101312 0.105941 0.116939 0.106524 0.076577 0.055050 0.051483 0.048314 0.099335 0.021951 0.065081 0.038704 0.073567 0.118518 0.139806 0.130040 0.115473 0.119858 0.140749 0.133842 0.130950
2515000.119456 3.045313 0.134800 0.113533 0.106834 0.123919 0.108862 0.129058 0.147264 0.147283 0.131659 0.130093 0.116980 0.130006 0.130958 0.104929 0.109701 0.117946 0.111087 0.079450 0.057845 0.053893 0.046566 0.104817 0.021361 0.067822 0.031878 0.070131 0.119308 0.145245 0.128157 0.116112 0.122460 0.144223 0.137846 0.134440
2516000.119504 2.179157 0.129715 0.111386 0.110972 0.130937 0.109344 0.122551 0.150467 0.143027 0.136291 0.129701 0.122091 0.124388 0.124258 0.095515 0.098590 0.116714 0.100610 0.075630 0.061375 0.040865 0.056178 0.095855 0.018070 0.076505 0.048395 0.082365 0.121263 0.138237 0.125785 0.122783 0.118209 0.137078 0.131420 0.127554
2517000.119551 5.364878 0.136830 0.115725 0.105576 0.117649 0.108199 0.128537 0.139623 0.142568 0.125849 0.131825 0.115490 0.128828 0.133412 0.111748 0.110640 0.111279 0.114699 0.087485 0.062882 0.063438 0.036071 0.111401 0.028352 0.064237 0.025684 0.066937 0.113604 0.145372 0.128192 0.112081 0.125341 0.143556 0.138958 0.135377
2518000.119599 6.805935 0.137809 0.115950 0.105118 0.118316 0.110593 0.132404 0.144311 0.148135 0.127503 0.132018 0.114797 0.132389 0.134548 0.110928 0.116836 0.117920 0.117553 0.083407 0.058360 0.064841 0.046037 0.109944 0.031934 0.063179 0.024468 0.063102 0.117183 0.148648 0.130340 0.112069 0.126344 0.147260 0.141851 0.138511
2519000.119646 2.139125 0.122491 0.107909 0.113743 0.135107 0.102659 0.115139 0.151993 0.138166 0.143177 0.122827 0.118672 0.121825 0.118486 0.087306 0.093403 0.117747 0.094581 0.072168 0.064004 0.029472 0.065343 0.090243 0.017903 0.085367 0.053606 0.086293 0.122541 0.134613 0.116385 0.126676 0.112590 0.131014 0.125756 0.121641
2520000.119694 5.458425 0.135808 0.115618 0.107953 0.120754 0.111209 0.128914 0.142196 0.143546 0.127553 0.133157 0.118445 0.125361 0.128995 0.105987 0.107390 0.111418 0.109495 0.082082 0.060572 0.057975 0.044840 0.105992 0.028598 0.065794 0.031676 0.069119 0.112780 0.142452 0.129606 0.115210 0.124722 0.143028 0.137621 0.134662
2521000.119741 0.807458 0.125664 0.108349 0.109444 0.128305 0.099433 0.114366 0.146147 0.135926 0.137149 0.123133 0.114893 0.129064 0.128792 0.101762 0.101537 0.116908 0.106709 0.083212 0.067987 0.047370 0.049415 0.102550 0.010999 0.080834 0.046235 0.083340 0.123459 0.141526 0.115974 0.120850 0.116198 0.132445 0.130388 0.123779
2522000.119789 2.638458 0.122599 0.108231 0.113754 0.133498 0.099759 0.115266 0.150472 0.137792 0.143354 0.121168 0.115379 0.122896 0.119255 0.088866 0.095368 0.118150 0.096336 0.073809 0.065402 0.032051 0.064974 0.092866 0.019883 0.086210 0.050230 0.083529 0.121483 0.135914 0.114026 0.125547 0.112701 0.131790 0.126299 0.122613
2523000.119836 3.918383 0.118376 0.107046 0.117239 0.139426 0.097056 0.109163 0.152667 0.134420 0.149237 0.118185 0.116522 0.123338 0.117752 0.085159 0.091773 0.120771 0.093457 0.076414 0.072881 0.027086 0.072974 0.091690 0.024230 0.096166 0.061388 0.092849 0.126158 0.134484 0.108622 0.131136 0.110188 0.127133 0.123371 0.118207
2524000.119884 4.587940 0.117802 0.105255 0.113671 0.135253 0.100291 0.113568 0.152866 0.137695 0.144889 0.118386 0.115924 0.118323 0.112167 0.079512 0.092342 0.119305 0.089645 0.065691 0.061472 0.023177 0.073662 0.083574 0.026219 0.087391 0.055607 0.084751 0.120901 0.130625 0.112533 0.126418 0.108198 0.128525 0.121329 0.118673
2525000.119931 0.941677 0.127388 0.110183 0.111975 0.131646 0.101463 0.117934 0.150333 0.139980 0.141041 0.124578 0.116275 0.129110 0.127617 0.098671 0.101342 0.119396 0.104898 0.079821 0.066185 0.041957 0.055041 0.099956 0.011878 0.082302 0.046181 0.083124 0.124831 0.141881 0.118072 0.123711 0.116952 0.135300 0.131649 0.126328
2526000.119979 6.243442 0.124440 0.106965 0.107553 0.127183 0.104612 0.124943 0.153981 0.147881 0.138341 0.121639 0.112081 0.125085 0.118821 0.088039 0.106904 0.125991 0.100703 0.061601 0.049784 0.040302 0.070424 0.087562 0.030586 0.075388 0.041663 0.069637 0.121047 0.138151 0.120204 0.118056 0.112927 0.138454 0.129282 0.127821
2527000.120026 1.921154 0.125171 0.107640 0.107579 0.126430 0.103212 0.120032 0.148600 0.141107 0.135473 0.123658 0.114791 0.123918 0.121690 0.093557 0.101612 0.118666 0.101078 0.071155 0.055710 0.040883 0.057139 0.093109 0.016966 0.073512 0.040349 0.074566 0.119288 0.137165 0.119742 0.118076 0.114151 0.134845 0.128427 0.125176
2528000.120074 3.416461 0.135061 0.113499 0.106144 0.122340 0.104150 0.125526 0.144140 0.143506 0.131552 0.128787 0.114065 0.134952 0.137236 0.112761 0.112448 0.117269 0.117373 0.089242 0.067449 0.061113 0.038889 0.112676 0.022625 0.073022 0.034737 0.075062 0.122294 0.149323 0.124557 0.115323 0.123344 0.142620 0.139304 0.133787
2529000.120121 4.205606 0.134075 0.113120 0.105317 0.122189 0.110635 0.129830 0.145849 0.147348 0.128681 0.130077 0.117812 0.127218 0.128440 0.103236 0.109049 0.116841 0.109480 0.077514 0.054107 0.055178 0.047222 0.103075 0.025103 0.063301 0.031547 0.066849 0.116416 0.142651 0.129201 0.114237 0.121831 0.143876 0.136446 0.133818
2530000.120169 5.539980 0.138366 0.116530 0.106138 0.120168 0.112941 0.133567 0.143915 0.148441 0.127161 0.133938 0.118602 0.128378 0.131452 0.108230 0.112117 0.115328 0.113046 0.081120 0.055558 0.060221 0.043017 0.107277 0.028811 0.060184 0.024737 0.064213 0.114765 0.144769 0.132743 0.113327 0.125710 0.147040 0.139868 0.137788
2531000.120216 1.699577 0.131778 0.111904 0.107440 0.124277 0.105921 0.123052 0.144870 0.141498 0.131575 0.128599 0.117071 0.127975 0.129582 0.104006 0.104814 0.114775 0.108431 0.081906 0.062043 0.051344 0.043725 0.104065 0.015958 0.070914 0.036612 0.075188 0.118872 0.142587 0.124338 0.117160 0.120333 0.138829 0.134495 0.129921
2532000.120264 1.160291 0.131241 0.112897 0.112216 0.130834 0.106487 0.120151 0.147739 0.139688 0.136876 0.130078 0.121595 0.127745 0.129612 0.103066 0.099730 0.114822 0.105616 0.084642 0.068354 0.046758 0.046684 0.103846 0.013185 0.078643 0.047252 0.084758 0.122195 0.141697 0.123775 0.123334 0.120220 0.136560 0.133315 0.127772
2533000.120311 4.268571 0.137890 0.116186 0.107122 0.121424 0.110022 0.129909 0.142735 0.144916 0.128459 0.133911 0.118232 0.129948 0.133982 0.110741 0.110145 0.113556 0.113685 0.086421 0.063796 0.060151 0.039262 0.110327 0.025290 0.067335 0.031473 0.071691 0.116724 0.145990 0.130490 0.114939 0.125658 0.144665 0.139629 0.136046
2534000.120359 3.387286 0.124482 0.107427 0.108664 0.129709 0.105779 0.121723 0.152633 0.144546 0.137652 0.123300 0.116385 0.123134 0.119000 0.088090 0.100744 0.120887 0.098144 0.066490 0.054324 0.037327 0.064825 0.089560 0.022529 0.076576 0.045895 0.075765 0.120328 0.136832 0.120466 0.120745 0.113697 0.136124 0.128737 0.125632
2535000.120406 1.517237 0.125948 0.110700 0.114962 0.135550 0.101809 0.114728 0.150004 0.136869 0.142938 0.124954 0.119852 0.126403 0.125002 0.095589 0.095019 0.117706 0.099871 0.082727 0.072432 0.037004 0.058529 0.100130 0.015078 0.088467 0.054628 0.090042 0.124718 0.138956 0.116752 0.127704 0.116007 0.132258 0.128944 0.123222
2536000.120454 1.492283 0.128008 0.111471 0.112978 0.134106 0.107047 0.119920 0.152113 0.141481 0.140041 0.127852 0.122243 0.125138 0.124025 0.094591 0.097258 0.118148 0.099906 0.077959 0.064465 0.038410 0.057217 0.097277 0.014953 0.080529 0.050279 0.084436 0.122800 0.138856 0.122284 0.125476 0.117246 0.135669 0.130621 0.125946
2537000.120501 1.358596 0.123963 0.109463 0.114045 0.133107 0.100358 0.113732 0.148922 0.135622 0.142228 0.123477 0.117366 0.124717 0.122920 0.094187 0.095883 0.117194 0.099327 0.079264 0.068311 0.037038 0.058949 0.097033 0.014268 0.085319 0.050378 0.085631 0.122429 0.137427 0.114947 0.125638 0.114767 0.130859 0.127516 0.122277
2538000.120549 4.525688 0.134097 0.113647 0.106411 0.121264 0.111247 0.130185 0.145352 0.146825 0.128413 0.130918 0.117533 0.125078 0.126244 0.101283 0.108097 0.115760 0.107451 0.074879 0.052299 0.053138 0.049461 0.100749 0.026040 0.062293 0.027804 0.064352 0.113995 0.141331 0.129365 0.114201 0.122061 0.143559 0.136045 0.134127
2539000.120596 1.338346 0.127884 0.108399 0.106702 0.125601 0.102246 0.119982 0.146914 0.141104 0.134364 0.123927 0.114072 0.128705 0.128058 0.100723 0.104464 0.117874 0.107245 0.078051 0.060678 0.047613 0.049249 0.100254 0.014161 0.074505 0.040331 0.077152 0.121975 0.141771 0.119963 0.117739 0.116699 0.136526 0.132060 0.126961
2540000.120644 0.981655 0.126693 0.109601 0.111673 0.132446 0.103605 0.119010 0.152358 0.141928 0.140787 0.124509 0.117779 0.127695 0.125390 0.095519 0.101253 0.120370 0.103017 0.076220 0.062527 0.039744 0.057663 0.097658 0.012128 0.080375 0.046580 0.081447 0.124001 0.141429 0.119118 0.123750 0.116367 0.136123 0.131340 0.126294
2541000.120691 1.343727 0.125762 0.109301 0.111682 0.131954 0.103672 0.117907 0.150153 0.139688 0.139246 0.125271 0.118651 0.124093 0.122352 0.092966 0.096674 0.117809 0.098533 0.076159 0.064664 0.035944 0.058671 0.095745 0.014189 0.081821 0.049006 0.083197 0.121570 0.137425 0.119193 0.123700 0.115066 0.133814 0.128580 0.124246
2542000.120739 1.079441 0.121924 0.107242 0.113623 0.134930 0.095263 0.110074 0.149495 0.134157 0.145180 0.119396 0.114246 0.129590 0.126349 0.096467 0.098125 0.120959 0.102956 0.083071 0.073644 0.039283 0.060432 0.100270 0.012718 0.091731 0.054993 0.090678 0.128317 0.140103 0.110221 0.126800 0.112960 0.129318 0.127357 0.120722
2543000.120786 3.094945 0.122896 0.108225 0.113385 0.133877 0.104147 0.116645 0.151476 0.138805 0.141414 0.123853 0.119309 0.119532 0.116661 0.086099 0.092280 0.116640 0.092576 0.070201 0.062184 0.029059 0.065901 0.088527 0.021534 0.083341 0.052969 0.084448 0.120072 0.132737 0.117995 0.125420 0.112583 0.131340 0.124909 0.121763
2544000.120834 2.154526 0.123861 0.108216 0.112930 0.134867 0.103408 0.115990 0.151167 0.138512 0.141805 0.123564 0.119790 0.122914 0.120256 0.089686 0.093966 0.117610 0.096029 0.075236 0.065680 0.032275 0.062427 0.093104 0.017967 0.084979 0.054465 0.087713 0.123267 0.135409 0.118028 0.126223 0.113011 0.131751 0.126344 0.121974
2545000.120881 1.271406 0.129324 0.110472 0.109415 0.127983 0.104852 0.120450 0.147219 0.140684 0.135328 0.126763 0.117783 0.126944 0.127222 0.099961 0.101570 0.115695 0.105023 0.079419 0.062994 0.045556 0.049573 0.100829 0.013802 0.075812 0.042937 0.079897 0.120827 0.141044 0.122044 0.120428 0.118261 0.136748 0.132355 0.127451
2546000.120929 4.694039 0.116784 0.105383 0.115946 0.137923 0.098708 0.109352 0.151605 0.134332 0.146734 0.116906 0.117141 0.119307 0.113468 0.080836 0.089821 0.118112 0.089995 0.071514 0.068066 0.024125 0.073485 0.087604 0.026520 0.092520 0.060769 0.090528 0.122589 0.131598 0.109362 0.129503 0.108371 0.126417 0.121050 0.116666
2547000.120976 1.504647 0.124996 0.109682 0.114488 0.136106 0.104687 0.115054 0.151776 0.137563 0.142307 0.126121 0.122016 0.124325 0.122988 0.093058 0.093805 0.117445 0.097757 0.078488 0.068592 0.035205 0.060577 0.095686 0.015015 0.085976 0.056210 0.089886 0.124466 0.137148 0.118888 0.127619 0.115320 0.131691 0.128034 0.122451
2548000.121024 2.115624 0.133779 0.114551 0.110577 0.127216 0.104796 0.120558 0.144360 0.138812 0.134253 0.130118 0.119113 0.132364 0.136004 0.111577 0.105364 0.113388 0.113555 0.092391 0.072328 0.057530 0.036169 0.112388 0.017804 0.077140 0.042889 0.082753 0.122179 0.146823 0.123353 0.120689 0.123376 0.138317 0.137137 0.130226
2549000.121071 1.284094 0.129487 0.110655 0.110696 0.130621 0.100301 0.115750 0.145872 0.136431 0.138412 0.125846 0.117374 0.133541 0.134808 0.108477 0.103205 0.116887 0.111423 0.091222 0.075276 0.052537 0.043575 0.109632 0.013871 0.084734 0.050919 0.089784 0.127467 0.145202 0.118760 0.122934 0.118814 0.134266 0.133289 0.125746
2550000.121119 3.211789 0.131896 0.112331 0.109206 0.126727 0.102737 0.116642 0.141177 0.134817 0.132530 0.128860 0.118890 0.133133 0.137602 0.114232 0.104257 0.111807 0.114539 0.096861 0.078415 0.060888 0.033907 0.114953 0.021937 0.081659 0.050955 0.089195 0.123777 0.146155 0.121574 0.120178 0.121696 0.134863 0.135100 0.126803
2551000.121166 1.182518 0.126565 0.108549 0.110515 0.132898 0.103692 0.117445 0.152310 0.140874 0.140143 0.124127 0.118819 0.129935 0.127844 0.097957 0.101644 0.121208 0.105090 0.079072 0.064876 0.042749 0.055671 0.098906 0.013311 0.081351 0.051136 0.085852 0.127597 0.141840 0.119788 0.123809 0.115784 0.134745 0.131004 0.124898
2552000.121213 1.497726 0.129421 0.110111 0.108445 0.126225 0.099941 0.117136 0.144167 0.137154 0.135253 0.125268 0.114491 0.132419 0.133665 0.108201 0.105481 0.116104 0.111966 0.088574 0.071141 0.053746 0.042538 0.108602 0.014980 0.080019 0.043941 0.083289 0.123998 0.145278 0.118594 0.119226 0.118895 0.135322 0.133828 0.126866
2553000.121261 0.528485 0.124340 0.107004 0.108744 0.128946 0.097791 0.115172 0.147435 0.137191 0.139039 0.121814 0.112929 0.128839 0.126850 0.098721 0.102193 0.119404 0.105128 0.079861 0.066207 0.043622 0.053952 0.099379 0.008899 0.082212 0.045775 0.083018 0.124589 0.140336 0.115078 0.120820 0.113947 0.132360 0.129061 0.123425
2554000.121308 1.782821 0.126105 0.108296 0.109028 0.128618 0.101959 0.120182 0.150050 0.142047 0.138258 0.123528 0.114208 0.126545 0.123694 0.094472 0.102292 0.120481 0.102295 0.073335 0.059997 0.039789 0.058660 0.095205 0.016344 0.078492 0.042603 0.077662 0.122108 0.139374 0.118794 0.120279 0.114757 0.135784 0.129940 0.126189
2555000.121356 3.096900 0.135198 0.113917 0.107839 0.124442 0.107793 0.127431 0.147221 0.146275 0.132747 0.129453 0.116876 0.131611 0.133604 0.108260 0.110331 0.116756 0.113830 0.082913 0.060515 0.056896 0.042794 0.107934 0.021541 0.068767 0.033231 0.072189 0.120267 0.147387 0.126899 0.116974 0.123575 0.144104 0.139081 0.134538
2556000.121403 3.325943 0.135613 0.114949 0.108298 0.123881 0.108956 0.124657 0.142735 0.141373 0.129491 0.132718 0.120725 0.129581 0.134517 0.111654 0.106708 0.111604 0.113179 0.089444 0.066780 0.059771 0.033596 0.110560 0.022324 0.069181 0.039200 0.078207 0.118397 0.145004 0.128138 0.117328 0.124270 0.140536 0.137607 0.131979
2557000.121451 2.866077 0.133546 0.113073 0.107412 0.122936 0.104074 0.123334 0.143568 0.141228 0.131965 0.129107 0.115227 0.131969 0.134629 0.110579 0.108826 0.115307 0.114039 0.087533 0.066715 0.058087 0.039458 0.109423 0.020723 0.072874 0.036119 0.076413 0.120556 0.146149 0.123795 0.116373 0.122293 0.139842 0.136913 0.131441
2558000.121498 3.592052 0.134973 0.112693 0.104988 0.121032 0.104177 0.125461 0.142180 0.142269 0.130080 0.129256 0.113670 0.133799 0.136974 0.113357 0.112032 0.114833 0.117207 0.089313 0.067753 0.062023 0.037142 0.112549 0.023199 0.072528 0.035096 0.075951 0.121090 0.148498 0.125416 0.114140 0.123009 0.142203 0.138928 0.133491
2559000.121546 2.664185 0.126207 0.108600 0.109030 0.130007 0.108342 0.122009 0.150060 0.142739 0.135699 0.127456 0.120614 0.120506 0.119039 0.090037 0.097012 0.116874 0.096206 0.069730 0.056585 0.036776 0.060186 0.090040 0.019980 0.074937 0.048340 0.080148 0.118919 0.134035 0.124183 0.121232 0.114404 0.134904 0.127637 0.124826
2560000.121593 1.449383 0.129770 0.111694 0.109982 0.129473 0.108456 0.122210 0.148924 0.142162 0.134661 0.129681 0.121581 0.124617 0.125243 0.097839 0.099356 0.116108 0.102042 0.078061 0.061385 0.043980 0.051330 0.098557 0.014737 0.074176 0.045142 0.079803 0.119728 0.138871 0.124886 0.121236 0.118657 0.137099 0.131800 0.127502
