480000.022799	-136.65 59.5793
481000.022846	-128.841 39.0533
482000.022894	-121.757 36.9749
483000.022941	-148.583 60.4512
484000.022989	-135.669 36.3853
485000.023036	-141.799 57.9067
486000.023084	-151.198 48.4111
487000.023131	-144.62 70.914
488000.023179	-155.76 45.4069
489000.023226	-164.71 55.7034
490000.023274	-144.921 68.7843
491000.023321	-147.935 37.7846
492000.023369	-149.136 46.5861
493000.023416	-143.883 55.1557
494000.023464	-151.404 42.3738
495000.023511	-141.444 29.4872
496000.023559	-136.286 45.9493
497000.023606	-141.315 37.2489
498000.023654	-136.565 39.7786
499000.023701	-148.682 55.3209
500000.023749	-146.375 64.9532
501000.023796	-125.621 70.6111
502000.023844	-152.481 49.2338
503000.023891	-146.764 55.2806
504000.023939	-139.371 56.383
505000.023986	-154.219 43.5961
506000.024034	-154.224 61.3099
507000.024081	-137.777 48.9369
508000.024129	-137.376 51.6617
509000.024176	-152.434 48.9606
510000.024224	-141.311 30.3861
511000.024271	-156.893 62.8013
512000.024319	-127.251 38.3309
513000.024366	-149.306 66.3973
514000.024414	-131.689 31.8146
515000.024461	-131.702 50.2999
516000.024509	-135.939 33.9179
517000.024556	-119.853 61.1399
518000.024604	-145.054 28.6451
519000.024651	-149.571 31.9449
520000.024699	-149.039 38.8369
521000.024746	-152.158 63.4764
522000.024794	-154.962 57.0503
523000.024841	-137.921 66.0856
524000.024889	-144.936 68.8971
525000.024936	-151.576 50.0114
526000.024984	-122.964 56.3934
527000.025031	-152.946 54.6861
528000.025079	-150.194 48.9783
529000.025126	-147.478 72.383
530000.025174	-158.267 47.5973
531000.025221	-159.248 43.4589
532000.025269	-150.82 48.1292
533000.025316	-144.15 44.3177
534000.025364	-154.988 53.6107
535000.025411	-141.021 55.2812
536000.025459	-143.04 52.844
537000.025506	-151.826 41.7553
538000.025554	-145.478 25.9917
539000.025601	-136.198 32.2531
540000.025649	-140.527 67.1682
541000.025696	-147.675 36.4608
542000.025744	-121.23 67.1368
543000.025791	-143.906 49.6538
544000.025839	-139.712 54.2581
545000.025886	-133.035 50.2978
546000.025934	-145.326 44.8838
547000.025981	-137.94 45.7142
548000.026029	-128.65 58.629
549000.026076	-140.532 33.2813
550000.026124	-140.417 43.2631
551000.026171	-137.178 61.5938
552000.026219	-128.159 31.8679
553000.026266	-129.95 63.3893
554000.026314	-116.156 34.5458
555000.026361	-138.458 52.4525
556000.026409	-140.313 59.9496
557000.026456	-128.204 53.4985
558000.026504	-141.906 41.0685
559000.026551	-144.4 55.4276
560000.026599	-147.874 38.4335
561000.026646	-115.628 50.1983
562000.026694	-139.787 48.5741
563000.026741	-146.212 70.3687
564000.026789	-140.169 36.6957
565000.026836	-152.746 56.6525
566000.026884	-139.197 53.1617
567000.026931	-130.906 52.3425
568000.026979	-132.55 66.0784
569000.027026	-163.568 29.556
570000.027074	-139.61 41.3719
571000.027121	-144.846 66.0551
572000.027169	-150.134 48.8555
573000.027216	-135.771 59.7631
574000.027264	-144.523 49.5382
575000.027311	-145.342 47.2306
576000.027359	-163.257 47.5774
577000.027406	-144.338 50.7536
578000.027454	-152.717 54.4608
579000.027501	-139.566 62.9755
580000.027549	-150.561 69.2937
581000.027596	-151.694 51.0031
582000.027644	-130.709 43.5829
583000.027691	-147.109 59.3317
584000.027739	-141.39 61.8035
585000.027786	-128.783 39.4312
586000.027834	-141.056 50.748
587000.027881	-131.891 59.8586
588000.027929	-154.188 58.5307
589000.027976	-133.812 35.899
590000.028023	-136.164 41.9473
591000.028071	-133.691 50.182
592000.028118	-155.276 61.6229
593000.028166	-152.01 71.8114
594000.028213	-152.082 46.9645
595000.028261	-151.769 41.558
596000.028308	-133.826 54.125
597000.028356	-148.607 48.1199
598000.028403	-149.872 47.3155
599000.028451	-147.078 51.2638
600000.028498	-150.061 39.3015
