360000.017099	-64.2456 131.181
361000.017147	-47.2451 117.396
362000.017194	-62.7412 135.396
363000.017242	-45.6624 138.5
364000.017289	-56.5928 148.384
365000.017337	-60.8611 119.679
366000.017384	-44.4747 125.879
367000.017432	-64.0313 145.105
368000.017479	-67.1396 141.542
369000.017527	-60.8993 134.72
370000.017574	-60.383 127.021
371000.017622	-63.8903 124.591
372000.017669	-65.9473 123.603
373000.017717	-63.3909 131.888
374000.017764	-48.7913 141.364
375000.017812	-59.704 132.717
376000.017859	-63.7635 139.554
377000.017907	-56.3141 124.535
378000.017954	-66.2765 131.926
379000.018002	-45.8258 110.176
380000.018049	-56.2568 141.439
381000.018097	-68.1373 131.612
382000.018144	-76.0032 135.304
383000.018192	-75.4286 132.975
384000.018239	-66.9446 125.889
385000.018287	-57.7237 148.788
386000.018334	-72.0159 141.69
387000.018382	-53.0623 115.387
388000.018429	-58.5379 131.07
389000.018477	-47.2014 129.979
390000.018524	-67.4413 127.274
391000.018572	-67.4365 131.065
392000.018619	-75.75 136.119
393000.018666	-63.1351 147.414
394000.018714	-61.0314 147.22
395000.018761	-63.1631 118.625
396000.018809	-50.6531 130.974
397000.018856	-62.2151 134.818
398000.018904	-48.7298 127.907
399000.018951	-53.8396 126.349
400000.018999	-68.3695 142.071
401000.019046	-60.7047 127.033
402000.019094	-55.13 136.922
403000.019141	-68.1172 131.641
404000.019189	-47.5897 129.647
405000.019236	-53.6603 120.833
406000.019284	-59.9559 136.639
407000.019331	-57.2413 128.568
408000.019379	-59.3495 135.843
409000.019426	-56.6288 142.021
410000.019474	-64.3589 137.412
411000.019521	-61.0604 133.915
412000.019569	-42.047 115.646
413000.019616	-64.8509 140.546
414000.019664	-48.9268 126.752
415000.019711	-50.4714 130.835
416000.019759	-67.0232 124.745
417000.019806	-63.1729 138.859
418000.019854	-59.7623 125.435
419000.019901	-62.0058 119.078
420000.019949	-66.5443 131.236
421000.019996	-65.1683 125.409
422000.020044	-54.4408 137.998
423000.020091	-54.8288 129.484
424000.020139	-74.7136 131.7
425000.020186	-59.214 142.76
426000.020234	-60.2095 127.031
427000.020281	-55.0106 130.394
428000.020329	-54.9591 139.495
429000.020376	-76.3325 134.062
430000.020424	-66.0167 123.222
431000.020471	-56.7061 137.387
432000.020519	-67.4388 142.425
433000.020566	-42.2639 133.22
434000.020614	-58.0706 132.923
435000.020661	-68.3777 132.318
436000.020709	-58.9084 140.032
437000.020756	-58.8611 123.917
438000.020804	-76.1806 123.015
439000.020851	-75.9415 127.438
440000.020899	-48.2445 122.003
441000.020946	-58.9854 127.142
442000.020994	-59.0726 129.615
443000.021041	-60.8326 135.228
444000.021089	-72.1422 133.679
445000.021136	-74.8486 128.781
446000.021184	-56.2251 127.759
447000.021231	-69.6943 127.252
448000.021279	-65.7176 133.119
449000.021326	-70.3881 139.757
450000.021374	-62.014 149.509
451000.021421	-64.6637 143.211
452000.021469	-67.0074 129.108
453000.021516	-60.3995 124.673
454000.021564	-54.3538 131.084
455000.021611	-58.0616 121.755
456000.021659	-61.8593 126.093
457000.021706	-51.7507 140.459
458000.021754	-62.3436 130.625
459000.021801	-79.5822 131.302
460000.021849	-72.1292 143.679
461000.021896	-65.0057 134.292
462000.021944	-43.1343 131.282
463000.021991	-69.458 127.863
464000.022039	-63.4083 145.462
465000.022086	-55.7364 137.712
466000.022134	-59.6559 122.399
467000.022181	-54.8429 142.603
468000.022229	-47.8578 125.161
469000.022276	-47.2125 136.68
470000.022324	-61.5571 152.441
471000.022371	-67.278 136.913
472000.022419	-50.5667 121.52
473000.022466	-63.9174 135.099
474000.022514	-54.1072 133.38
475000.022561	-60.7309 122.395
476000.022609	-69.9089 134.77
477000.022656	-62.044 127.975
478000.022704	-68.5165 130.739
479000.022751	-63.297 138.771
480000.022799	-52.995 144.561
