#! FIELDS time restraint.bias r0 r1 r2 r3 r4 r5 r6 r7 r8 r9 r10 r11 r12 r13 r14 r15 r16 r17 r18 r19 r20 r21 r22 r23 r24 r25 r26 r27 r28 r29 r30 r31 r32 r33 r34 r35 r36 r37 r38 r39 r40 r41 r42 r43 r44 r45 r46 r47 r48 r49 r50 r51 r52 r53 r54 r55 r56
 540000.025649 4.887180 0.031797 0.059469 0.036418 0.100902 0.115249 0.091010 0.013182 0.027640 0.068897 0.113606 0.066993 0.098582 0.105168 0.074420 0.054992 0.076251 0.044009 0.048181 0.112413 0.024762 0.116987 0.101516 0.082327 0.093730 0.113131 0.119865 0.071603 0.127112 0.137475 0.099700 0.105646 0.109206 0.129437 0.114394 0.140962 0.132918 0.129915 0.114877 0.076448 0.098179 0.108380 0.129129 0.143784 0.124973 0.144188 0.133192 0.117574 0.129864 0.139177 0.153424 0.128017 0.084236 0.149395 0.138908 0.127115 0.098325 0.087338
 541000.025696 4.567022 0.032782 0.063734 0.041509 0.104522 0.117396 0.094749 0.012743 0.030287 0.073841 0.114622 0.071473 0.096837 0.103677 0.072317 0.057668 0.081286 0.041951 0.050220 0.112074 0.028612 0.116118 0.096432 0.077278 0.091511 0.108606 0.118249 0.065131 0.124498 0.134175 0.096508 0.100220 0.109860 0.130940 0.116262 0.145897 0.137119 0.132433 0.113312 0.073484 0.097558 0.109010 0.125065 0.143768 0.127467 0.145878 0.134777 0.119644 0.130214 0.143592 0.151896 0.122764 0.080337 0.152454 0.139251 0.131012 0.094998 0.085943
 542000.025744 7.064526 0.028423 0.059411 0.035232 0.101108 0.114505 0.089921 0.015849 0.027750 0.067835 0.113824 0.066078 0.099335 0.105253 0.075555 0.051716 0.076842 0.046434 0.043025 0.111064 0.025911 0.116606 0.102740 0.081623 0.093093 0.115457 0.122130 0.072564 0.130277 0.139812 0.100940 0.106697 0.108835 0.129391 0.115683 0.143315 0.134087 0.130816 0.118148 0.076513 0.097830 0.110389 0.130574 0.143041 0.125514 0.144350 0.132166 0.118272 0.128738 0.140238 0.154112 0.129849 0.085974 0.150449 0.139503 0.129028 0.097606 0.087250
 543000.025791 5.040505 0.031401 0.059561 0.035894 0.101405 0.115783 0.090803 0.013387 0.026193 0.068672 0.113990 0.066146 0.098636 0.105703 0.074766 0.053693 0.077055 0.044556 0.045863 0.112232 0.028106 0.117214 0.100892 0.080992 0.091459 0.112037 0.118555 0.070471 0.126305 0.136526 0.098092 0.105226 0.108030 0.128721 0.112664 0.141371 0.132312 0.129068 0.113863 0.075627 0.096574 0.106730 0.127864 0.142942 0.123416 0.143479 0.132166 0.116430 0.128852 0.138800 0.152588 0.127620 0.084263 0.149013 0.138527 0.126549 0.096708 0.087056
 544000.025839 11.515717 0.021040 0.046695 0.026345 0.093113 0.110723 0.080153 0.020235 0.035984 0.057151 0.112625 0.059575 0.107987 0.111289 0.086701 0.039571 0.067002 0.057717 0.039965 0.113519 0.025224 0.118582 0.107092 0.083274 0.089779 0.119272 0.125510 0.075417 0.133808 0.145080 0.101546 0.112588 0.099683 0.122193 0.111355 0.141108 0.130154 0.124976 0.118219 0.073115 0.089355 0.111388 0.135632 0.138858 0.119843 0.139737 0.124599 0.111440 0.121099 0.137167 0.154580 0.135426 0.086421 0.147815 0.134633 0.124686 0.098196 0.097575
 545000.025886 5.894971 0.026208 0.054158 0.036489 0.097162 0.112634 0.087070 0.014478 0.035282 0.066299 0.111903 0.067959 0.102046 0.105636 0.079292 0.051027 0.073301 0.051356 0.048711 0.111704 0.024209 0.114505 0.100833 0.079534 0.090133 0.113660 0.121236 0.071292 0.128391 0.138697 0.098372 0.104864 0.102960 0.124249 0.113163 0.142413 0.133162 0.126963 0.115084 0.071105 0.092075 0.110019 0.129427 0.138897 0.123205 0.140670 0.127372 0.113780 0.123819 0.139979 0.151315 0.128322 0.081394 0.148342 0.134649 0.125972 0.095589 0.091779
 546000.025934 15.548158 0.029781 0.055659 0.026062 0.098780 0.113621 0.085712 0.023512 0.023366 0.060009 0.114779 0.056087 0.102260 0.109464 0.079926 0.047065 0.071427 0.048827 0.037683 0.113907 0.018155 0.121242 0.110277 0.089563 0.096478 0.121140 0.123002 0.080939 0.132654 0.142886 0.105229 0.114965 0.108610 0.128316 0.111706 0.137232 0.127685 0.127387 0.119360 0.081315 0.098410 0.107871 0.135267 0.144083 0.120468 0.142556 0.130495 0.115444 0.129215 0.133834 0.155758 0.136797 0.091916 0.146325 0.140190 0.123902 0.102384 0.089704
 547000.025981 7.344088 0.029409 0.058418 0.034071 0.101117 0.116020 0.090020 0.016159 0.028010 0.066135 0.115035 0.063127 0.101408 0.108318 0.078319 0.050937 0.075479 0.046480 0.045031 0.114198 0.022036 0.120050 0.102220 0.081601 0.091483 0.114171 0.119614 0.071470 0.128108 0.138826 0.098496 0.107470 0.106838 0.127915 0.111425 0.140685 0.130746 0.127618 0.114453 0.074299 0.094490 0.106726 0.129955 0.142877 0.121693 0.142678 0.130778 0.115181 0.128274 0.137797 0.153898 0.130715 0.083664 0.148515 0.138697 0.125708 0.096150 0.089329
 548000.026029 8.067349 0.042622 0.071464 0.051215 0.106654 0.116183 0.100079 0.016936 0.033765 0.082449 0.110334 0.078557 0.087397 0.095388 0.062083 0.068462 0.087210 0.032510 0.060645 0.106535 0.035926 0.109860 0.089911 0.074737 0.093166 0.102920 0.113477 0.060325 0.119179 0.127009 0.093544 0.091771 0.113363 0.131596 0.117376 0.144237 0.137365 0.132586 0.110651 0.074039 0.101440 0.107104 0.117572 0.141232 0.129174 0.143814 0.136847 0.121706 0.131405 0.143045 0.145366 0.115152 0.076585 0.149627 0.136588 0.131202 0.092424 0.077561
 549000.026076 1.799805 0.031079 0.060067 0.044096 0.100241 0.114634 0.092130 0.008000 0.037580 0.074449 0.111513 0.075341 0.098774 0.102637 0.074865 0.058200 0.079103 0.047382 0.054881 0.110225 0.033238 0.111643 0.093608 0.073311 0.087691 0.106711 0.118090 0.063240 0.124023 0.133661 0.093581 0.097124 0.104845 0.125920 0.114895 0.145305 0.136644 0.129107 0.111709 0.068628 0.093388 0.109567 0.123430 0.138722 0.126225 0.141763 0.130326 0.116057 0.125179 0.143360 0.148496 0.121186 0.076164 0.150187 0.133989 0.128573 0.091771 0.089443
 550000.026124 6.905058 0.029640 0.055921 0.034310 0.099569 0.116504 0.089205 0.015669 0.030327 0.066476 0.115563 0.065813 0.103993 0.109655 0.080429 0.052487 0.073604 0.050153 0.047674 0.116035 0.025478 0.119403 0.102979 0.082688 0.090893 0.113381 0.119605 0.073754 0.126838 0.138408 0.098684 0.108007 0.105628 0.126796 0.111128 0.140188 0.131087 0.127112 0.112932 0.074707 0.094489 0.106789 0.130394 0.142915 0.122136 0.142809 0.130439 0.113844 0.127718 0.138064 0.153918 0.130234 0.084151 0.148423 0.137631 0.124052 0.098012 0.092962
 551000.026171 2.767348 0.032862 0.058214 0.039510 0.098397 0.113129 0.089708 0.009919 0.031623 0.070842 0.110396 0.070187 0.096751 0.102260 0.072906 0.057238 0.075720 0.044586 0.052865 0.109794 0.029887 0.112366 0.097567 0.078913 0.090706 0.108966 0.117129 0.068115 0.123796 0.133592 0.096110 0.100788 0.106307 0.126210 0.112818 0.140114 0.132387 0.127623 0.111798 0.073006 0.095704 0.106976 0.124849 0.139693 0.123951 0.141054 0.130606 0.115285 0.126417 0.138695 0.148768 0.123521 0.080102 0.147323 0.134565 0.125077 0.095188 0.087136
 552000.026219 1.857082 0.030899 0.055845 0.040672 0.096627 0.112369 0.088416 0.008126 0.036699 0.070885 0.109578 0.072098 0.099175 0.103042 0.075927 0.055765 0.074894 0.048582 0.054225 0.109617 0.033719 0.111168 0.094621 0.074477 0.086331 0.106598 0.116934 0.063941 0.123092 0.133334 0.092866 0.098485 0.101977 0.122922 0.111528 0.141453 0.132679 0.125549 0.110020 0.068391 0.091092 0.107244 0.123562 0.136718 0.122721 0.138919 0.127629 0.112669 0.122500 0.139574 0.147155 0.121928 0.076472 0.147039 0.131433 0.124644 0.091788 0.090328
 553000.026266 4.902430 0.026568 0.054233 0.043398 0.096763 0.113700 0.088282 0.013203 0.043433 0.070928 0.111841 0.074696 0.104892 0.106758 0.082157 0.053981 0.074933 0.056021 0.055905 0.112564 0.033646 0.112839 0.093616 0.071265 0.082781 0.107549 0.118017 0.063463 0.124081 0.135277 0.091244 0.098653 0.097770 0.120418 0.110930 0.143898 0.134081 0.124450 0.109764 0.062544 0.085659 0.108449 0.125043 0.135093 0.122207 0.137841 0.124071 0.110393 0.119559 0.142161 0.148372 0.123657 0.072720 0.148191 0.130506 0.124680 0.088387 0.096047
 554000.026314 2.427814 0.027230 0.057523 0.038831 0.099014 0.113260 0.089415 0.009291 0.033854 0.069734 0.111572 0.070430 0.099189 0.103830 0.075833 0.053283 0.076297 0.047476 0.049533 0.110066 0.028481 0.113715 0.097564 0.076352 0.089019 0.110914 0.119768 0.066662 0.126554 0.136678 0.096372 0.101775 0.104343 0.125401 0.113768 0.143096 0.134055 0.128079 0.113830 0.070368 0.092977 0.109153 0.126971 0.139255 0.124326 0.141230 0.129250 0.115092 0.124584 0.140734 0.150555 0.125551 0.079409 0.148954 0.134821 0.127355 0.093518 0.089025
 555000.026361 3.512798 0.029493 0.061841 0.040173 0.103096 0.116300 0.093301 0.011176 0.029857 0.071685 0.114100 0.069928 0.097854 0.104030 0.073823 0.055817 0.079684 0.043931 0.048906 0.111702 0.024395 0.115821 0.096852 0.076681 0.089752 0.109901 0.117401 0.067215 0.124707 0.134650 0.095683 0.101163 0.107050 0.127933 0.113253 0.143392 0.134125 0.129131 0.112761 0.071262 0.094641 0.106950 0.125404 0.141381 0.124317 0.142737 0.131135 0.116256 0.127937 0.140970 0.151048 0.124911 0.079538 0.149441 0.137542 0.127688 0.092948 0.086175
 556000.026409 1.847661 0.034434 0.062817 0.044290 0.101697 0.114474 0.093608 0.008105 0.033365 0.075095 0.110739 0.074027 0.094036 0.100031 0.069609 0.060261 0.080248 0.041389 0.055315 0.108629 0.031126 0.111673 0.093862 0.075686 0.090833 0.106911 0.116648 0.063353 0.122739 0.132076 0.094725 0.096880 0.108341 0.128302 0.115385 0.143184 0.135674 0.130248 0.111875 0.071475 0.096589 0.108279 0.122655 0.140405 0.126738 0.142589 0.132699 0.118099 0.127889 0.142010 0.148488 0.120463 0.077338 0.149516 0.135732 0.128735 0.093071 0.084239
 557000.026456 5.668357 0.029703 0.051645 0.031617 0.094077 0.110528 0.083937 0.014197 0.031833 0.063012 0.110003 0.063644 0.101226 0.106050 0.078819 0.049558 0.069413 0.049588 0.047239 0.110848 0.027292 0.115150 0.103882 0.083482 0.092038 0.114775 0.121449 0.073290 0.128976 0.139715 0.100022 0.108293 0.103778 0.124111 0.111548 0.137899 0.129336 0.125489 0.114924 0.075454 0.094261 0.108584 0.131004 0.139690 0.121294 0.139992 0.128326 0.113124 0.124337 0.135555 0.151495 0.130338 0.084998 0.145921 0.134096 0.123398 0.099040 0.091227
 558000.026504 5.101580 0.022345 0.056268 0.038292 0.099610 0.114636 0.088900 0.013468 0.035797 0.068242 0.114005 0.069552 0.103353 0.106943 0.080353 0.050425 0.076175 0.052255 0.046921 0.112619 0.024652 0.115559 0.098191 0.075389 0.086791 0.112034 0.120126 0.068568 0.127545 0.137847 0.095823 0.103002 0.101846 0.124063 0.112596 0.144676 0.134389 0.127234 0.114054 0.067653 0.089846 0.109208 0.127908 0.138547 0.123046 0.140772 0.126602 0.113271 0.123367 0.141706 0.151439 0.127296 0.078797 0.149461 0.135062 0.126940 0.091866 0.092439
 559000.026551 6.368485 0.021096 0.058043 0.039152 0.101436 0.116243 0.090299 0.015048 0.036408 0.069795 0.115680 0.071189 0.104726 0.108119 0.081604 0.050094 0.078363 0.053703 0.045057 0.113195 0.029333 0.116550 0.099780 0.075621 0.087889 0.114043 0.123508 0.069444 0.130990 0.140899 0.097913 0.104251 0.104153 0.126866 0.115851 0.148533 0.137682 0.130519 0.117486 0.069636 0.091848 0.112470 0.130125 0.140600 0.126175 0.143778 0.129150 0.116426 0.125011 0.144681 0.154024 0.129164 0.081542 0.152937 0.137746 0.130767 0.093108 0.093579
 560000.026599 5.947961 0.024148 0.057193 0.043273 0.099822 0.114864 0.089726 0.014542 0.043672 0.071954 0.113646 0.073989 0.104612 0.107300 0.082341 0.051620 0.078734 0.054558 0.052030 0.112573 0.032870 0.114592 0.092271 0.068264 0.081737 0.107214 0.118897 0.059810 0.125173 0.135481 0.090776 0.097644 0.098060 0.121579 0.112315 0.147987 0.136624 0.126508 0.111080 0.061218 0.085128 0.109807 0.124264 0.135730 0.123023 0.139241 0.124920 0.112049 0.119797 0.144704 0.148891 0.122822 0.072242 0.150508 0.131665 0.128499 0.086593 0.095608
 561000.026646 17.960816 0.045657 0.071452 0.043065 0.108721 0.118935 0.099336 0.025271 0.019825 0.075356 0.115321 0.066320 0.090089 0.102051 0.065113 0.064959 0.084483 0.030425 0.052374 0.112199 0.027459 0.119738 0.102301 0.087829 0.100372 0.112260 0.114912 0.073814 0.123537 0.132601 0.101317 0.105596 0.118763 0.136579 0.114803 0.138498 0.131486 0.133010 0.114305 0.084417 0.106869 0.104035 0.125788 0.149047 0.125619 0.147331 0.140108 0.122776 0.138626 0.137291 0.153284 0.126499 0.088430 0.148812 0.144459 0.128039 0.101143 0.076649
 562000.026694 6.954768 0.022712 0.048847 0.032985 0.092883 0.109757 0.081522 0.015725 0.038939 0.063326 0.110521 0.066402 0.105168 0.107489 0.083284 0.045786 0.069880 0.056063 0.045944 0.110817 0.030918 0.113598 0.102613 0.079236 0.088169 0.115285 0.123935 0.071686 0.131398 0.141603 0.098998 0.106745 0.099675 0.121633 0.113036 0.142776 0.132717 0.125977 0.116842 0.070775 0.090200 0.111979 0.131512 0.136862 0.122318 0.139252 0.124920 0.112367 0.120178 0.139520 0.151508 0.130336 0.082600 0.148432 0.132258 0.125589 0.095550 0.096304
 563000.026741 4.684894 0.035611 0.065784 0.043592 0.104612 0.116056 0.095756 0.012906 0.027945 0.075480 0.112224 0.071860 0.092134 0.099896 0.067621 0.060619 0.082742 0.037707 0.052198 0.108851 0.029718 0.113246 0.093702 0.075762 0.090203 0.106018 0.113890 0.063917 0.120914 0.129924 0.093813 0.097052 0.109332 0.129027 0.113168 0.142546 0.133985 0.129608 0.110701 0.072490 0.096976 0.104822 0.120801 0.140965 0.124673 0.142455 0.132942 0.117503 0.129138 0.140386 0.147810 0.120212 0.078686 0.148288 0.136961 0.127867 0.092064 0.080789
 564000.026789 10.276532 0.034620 0.066076 0.041349 0.106668 0.119071 0.096366 0.019115 0.026833 0.073534 0.116316 0.070021 0.097105 0.104831 0.073064 0.057658 0.082608 0.042132 0.047167 0.113148 0.029057 0.118352 0.100032 0.080787 0.094182 0.111394 0.120069 0.069545 0.127000 0.136388 0.099497 0.103884 0.112668 0.133669 0.117262 0.147131 0.137637 0.134076 0.115789 0.077731 0.100081 0.109545 0.127331 0.146180 0.128283 0.148172 0.136964 0.121482 0.132723 0.143575 0.154092 0.125664 0.085301 0.153583 0.142348 0.132623 0.098101 0.084654
 565000.026836 6.788593 0.023836 0.054703 0.032761 0.098392 0.113673 0.086422 0.015536 0.032187 0.064850 0.113887 0.065106 0.103369 0.108089 0.080693 0.046678 0.073949 0.051633 0.041570 0.112410 0.027273 0.117276 0.102794 0.079999 0.089640 0.115031 0.122836 0.071497 0.130497 0.140859 0.099495 0.107584 0.103886 0.125891 0.113588 0.144059 0.133613 0.128534 0.116794 0.073236 0.092919 0.110459 0.131248 0.140891 0.123369 0.142606 0.128808 0.114951 0.124706 0.140240 0.153805 0.130395 0.084617 0.150140 0.136851 0.127884 0.096504 0.092367
 566000.026884 4.412748 0.029498 0.056050 0.039657 0.099409 0.116385 0.090293 0.012526 0.036434 0.069348 0.114215 0.070862 0.103610 0.108106 0.080346 0.054187 0.074678 0.050919 0.053210 0.115378 0.027814 0.117248 0.097855 0.077640 0.088311 0.109316 0.118790 0.067167 0.124539 0.136157 0.095135 0.102960 0.103359 0.125666 0.112270 0.143456 0.134253 0.127387 0.110433 0.069487 0.091091 0.108117 0.127455 0.140994 0.123845 0.142561 0.129778 0.113788 0.125432 0.141596 0.151985 0.125684 0.078008 0.150104 0.135499 0.126138 0.094853 0.093744
 567000.026931 16.876412 0.024457 0.048112 0.024280 0.092237 0.108496 0.078639 0.024496 0.034784 0.054815 0.111227 0.053973 0.106475 0.110543 0.086074 0.039167 0.066356 0.056511 0.037938 0.111623 0.021913 0.118737 0.109175 0.085809 0.091638 0.121944 0.124890 0.078697 0.135341 0.145490 0.102826 0.114494 0.100472 0.121139 0.109121 0.136491 0.125369 0.122465 0.119883 0.075108 0.090649 0.109604 0.135850 0.137288 0.116430 0.136616 0.122769 0.110313 0.121201 0.132279 0.152702 0.138037 0.088406 0.143745 0.133866 0.121695 0.097824 0.095169
 568000.026979 6.917603 0.037854 0.060460 0.040469 0.099749 0.114134 0.091383 0.015683 0.032818 0.071388 0.111425 0.069294 0.096145 0.103255 0.072323 0.059935 0.075855 0.041742 0.056287 0.112011 0.026872 0.115468 0.099307 0.082842 0.094712 0.110052 0.117032 0.069530 0.123051 0.133636 0.098176 0.102824 0.109232 0.128355 0.113434 0.137874 0.131406 0.128458 0.111319 0.075972 0.098597 0.106661 0.126268 0.142730 0.124458 0.142543 0.133388 0.116969 0.129473 0.137724 0.150610 0.124530 0.080773 0.147301 0.136233 0.124918 0.098299 0.086943
 569000.027026 17.122366 0.026271 0.056252 0.029036 0.100403 0.114330 0.086809 0.024674 0.025721 0.060068 0.115553 0.057468 0.102778 0.109111 0.080913 0.045162 0.073584 0.051318 0.035603 0.113674 0.014655 0.120704 0.108108 0.086185 0.093371 0.120223 0.122086 0.079331 0.131947 0.141885 0.103071 0.113059 0.105759 0.126684 0.110906 0.140392 0.129344 0.126780 0.118824 0.077311 0.094234 0.107670 0.133636 0.141905 0.119639 0.141590 0.127472 0.113866 0.126844 0.136077 0.154699 0.135535 0.089665 0.147010 0.139607 0.124926 0.098884 0.089266
 570000.027074 11.571155 0.039204 0.069198 0.056977 0.105593 0.116610 0.099178 0.020283 0.048310 0.084864 0.111282 0.085550 0.095716 0.099179 0.072481 0.066566 0.088791 0.048155 0.064731 0.107969 0.044010 0.108471 0.080751 0.060754 0.081817 0.097066 0.112842 0.047735 0.117375 0.125754 0.084864 0.084667 0.102883 0.123946 0.115280 0.149824 0.140437 0.128940 0.106600 0.060101 0.089660 0.108606 0.113627 0.134081 0.127256 0.138942 0.129085 0.115937 0.122310 0.147833 0.141676 0.110420 0.064820 0.149756 0.129861 0.131649 0.082010 0.087828
 571000.027121 9.281925 0.020112 0.048505 0.029202 0.093729 0.109858 0.081210 0.018167 0.035898 0.059558 0.111418 0.062130 0.105250 0.108237 0.083777 0.041931 0.069115 0.055790 0.041163 0.111208 0.023257 0.115887 0.105684 0.082011 0.090486 0.118951 0.125337 0.074743 0.133710 0.143924 0.101619 0.110186 0.100483 0.122384 0.112898 0.142143 0.131717 0.126020 0.119193 0.072332 0.090389 0.112253 0.134110 0.137951 0.121402 0.139589 0.124683 0.112594 0.121147 0.138457 0.153234 0.133679 0.085355 0.147986 0.134255 0.125886 0.097298 0.094967
 572000.027169 3.277048 0.032981 0.056011 0.038371 0.096299 0.111802 0.087992 0.010794 0.033913 0.069090 0.109307 0.068769 0.097764 0.102764 0.074514 0.056229 0.073281 0.045759 0.054072 0.110027 0.028713 0.112554 0.097771 0.079267 0.090245 0.109139 0.117095 0.067963 0.123626 0.133940 0.095709 0.101351 0.104483 0.124281 0.111495 0.138285 0.130587 0.125576 0.110944 0.072030 0.094074 0.106686 0.125373 0.138499 0.122261 0.139360 0.129029 0.113570 0.124785 0.137134 0.148191 0.124097 0.079158 0.145813 0.132764 0.123368 0.095014 0.088746
 573000.027216 8.334319 0.021559 0.045194 0.034295 0.090397 0.109122 0.079756 0.017214 0.043895 0.062053 0.110083 0.067518 0.108810 0.109580 0.087649 0.044275 0.067410 0.060766 0.048829 0.112026 0.032904 0.113802 0.101775 0.077498 0.085061 0.114563 0.123905 0.070696 0.130902 0.142294 0.096967 0.106893 0.095218 0.118151 0.110874 0.142298 0.131696 0.123123 0.114854 0.067091 0.085459 0.111762 0.131888 0.134564 0.120281 0.136943 0.121656 0.108941 0.116757 0.139174 0.150855 0.130761 0.080143 0.147368 0.129439 0.123633 0.093820 0.100475
 574000.027264 13.128607 0.017990 0.050831 0.029041 0.096922 0.113115 0.083269 0.021605 0.035413 0.059812 0.115446 0.061383 0.108753 0.111943 0.086937 0.040553 0.071476 0.057945 0.036252 0.114560 0.023228 0.119474 0.106222 0.081340 0.088767 0.119121 0.125211 0.075950 0.134095 0.144640 0.101150 0.111780 0.100537 0.123441 0.112232 0.144243 0.132363 0.126681 0.119037 0.072317 0.089825 0.111579 0.134720 0.139605 0.120829 0.141073 0.124857 0.112348 0.122448 0.139496 0.155233 0.135091 0.086329 0.149579 0.136431 0.126589 0.096525 0.097057
 575000.027311 7.385125 0.017701 0.052281 0.034155 0.097576 0.113930 0.085338 0.016204 0.037578 0.064136 0.114651 0.066386 0.107055 0.110199 0.084897 0.044393 0.073084 0.056234 0.043075 0.114044 0.025717 0.117694 0.101413 0.077040 0.086833 0.115058 0.123595 0.070109 0.131085 0.141878 0.097870 0.106710 0.100305 0.123708 0.113101 0.145855 0.134561 0.127423 0.116376 0.068327 0.088272 0.111503 0.131671 0.138994 0.122835 0.141415 0.125822 0.113149 0.121894 0.141992 0.153985 0.130848 0.081051 0.150917 0.135487 0.127834 0.093408 0.096527
 576000.027359 8.296525 0.019688 0.049460 0.034110 0.094827 0.111899 0.083289 0.017175 0.040741 0.063085 0.112649 0.066737 0.107342 0.109544 0.085807 0.044314 0.070674 0.057394 0.046125 0.113485 0.026715 0.116306 0.101458 0.077491 0.086841 0.114599 0.123908 0.069765 0.130674 0.141672 0.097842 0.106585 0.098247 0.121584 0.112785 0.145131 0.134136 0.126014 0.115524 0.067733 0.087066 0.112141 0.131672 0.137403 0.122198 0.140030 0.124520 0.111803 0.119747 0.141474 0.152611 0.130041 0.080224 0.149912 0.132904 0.126901 0.094349 0.098116
 577000.027406 8.526416 0.028702 0.060397 0.035716 0.103307 0.116809 0.091620 0.017412 0.027161 0.067368 0.115908 0.064515 0.099937 0.107107 0.076725 0.051407 0.077968 0.045660 0.043620 0.113839 0.018817 0.119660 0.101181 0.080621 0.091411 0.113471 0.118831 0.070902 0.126918 0.137286 0.098375 0.106213 0.107169 0.128598 0.112304 0.142863 0.132760 0.129039 0.114421 0.073657 0.094495 0.106800 0.128691 0.143189 0.122687 0.143591 0.130922 0.115949 0.128695 0.139770 0.153735 0.128876 0.083230 0.149600 0.139585 0.127414 0.095645 0.087463
 578000.027454 5.688479 0.028810 0.050447 0.032776 0.093987 0.111414 0.083816 0.014222 0.035765 0.063041 0.110990 0.064317 0.103331 0.107786 0.081173 0.049224 0.068748 0.051471 0.049854 0.113146 0.025751 0.116355 0.101981 0.081664 0.089976 0.112851 0.120291 0.070891 0.126892 0.138478 0.097854 0.106877 0.101450 0.122807 0.110458 0.138599 0.129666 0.124553 0.112296 0.072035 0.091070 0.107929 0.130121 0.139085 0.120568 0.139490 0.126994 0.111699 0.122844 0.136621 0.151413 0.128965 0.081248 0.146457 0.132946 0.122826 0.097114 0.094193
 579000.027501 2.870401 0.032893 0.061582 0.040507 0.101383 0.114700 0.092322 0.010102 0.028846 0.072574 0.111697 0.070674 0.095108 0.101724 0.070721 0.058025 0.078513 0.041536 0.051394 0.109691 0.028893 0.113520 0.096818 0.078249 0.091328 0.108882 0.116935 0.066883 0.123700 0.133289 0.096301 0.100249 0.108644 0.128513 0.114084 0.141519 0.133668 0.129537 0.112448 0.073681 0.097261 0.107044 0.124520 0.141433 0.125323 0.142839 0.132686 0.117311 0.128453 0.139911 0.149834 0.123098 0.080377 0.148732 0.136824 0.127185 0.094817 0.084572
 580000.027549 5.669774 0.022570 0.049896 0.036931 0.094427 0.111716 0.083864 0.014198 0.040373 0.065720 0.111515 0.069681 0.105837 0.107851 0.083509 0.047735 0.071731 0.057360 0.049180 0.111752 0.032429 0.113469 0.099066 0.075539 0.084895 0.112395 0.121495 0.068266 0.128622 0.139398 0.095475 0.103725 0.097859 0.120621 0.111548 0.143543 0.133256 0.125023 0.114063 0.066548 0.086976 0.110337 0.129112 0.135787 0.121778 0.138409 0.123617 0.110786 0.119277 0.140868 0.150457 0.128077 0.078732 0.148400 0.131666 0.124967 0.092072 0.096671
 581000.027596 11.007194 0.029071 0.054187 0.029443 0.098958 0.115944 0.086939 0.019783 0.026851 0.061238 0.115932 0.058598 0.104785 0.111560 0.082070 0.048042 0.071377 0.050950 0.042974 0.116532 0.020198 0.122042 0.105530 0.084939 0.091039 0.116128 0.119027 0.075893 0.128085 0.139822 0.099282 0.111316 0.104643 0.125824 0.107819 0.136885 0.126868 0.124552 0.113594 0.075190 0.092622 0.104561 0.131954 0.142374 0.117971 0.140720 0.128002 0.111739 0.127223 0.134389 0.154301 0.133830 0.085914 0.145809 0.138120 0.121225 0.097568 0.092438
 582000.027644 10.009545 0.031389 0.056713 0.031283 0.098007 0.111566 0.086597 0.018865 0.027824 0.063129 0.111543 0.059426 0.098412 0.105201 0.075934 0.049507 0.073076 0.045003 0.043374 0.110508 0.020886 0.117333 0.103551 0.083633 0.093235 0.115453 0.119720 0.072891 0.128641 0.138474 0.100111 0.108126 0.106314 0.126209 0.111301 0.137877 0.128467 0.126358 0.115859 0.076308 0.095628 0.106983 0.129914 0.140862 0.120166 0.140365 0.129019 0.114671 0.126684 0.134905 0.151812 0.130456 0.085430 0.145781 0.136574 0.124516 0.097406 0.086684
 583000.027691 6.256539 0.028051 0.058555 0.036263 0.100433 0.114553 0.089396 0.014915 0.029252 0.068284 0.113465 0.067798 0.099753 0.105193 0.076146 0.051819 0.076465 0.048319 0.043973 0.110889 0.029900 0.115579 0.102174 0.080965 0.092029 0.114395 0.122297 0.071841 0.129678 0.139412 0.100349 0.105843 0.108066 0.129046 0.115927 0.144189 0.135017 0.130993 0.117592 0.076016 0.096989 0.110913 0.130103 0.142502 0.126142 0.144477 0.131962 0.118126 0.127730 0.141084 0.153685 0.128694 0.085826 0.150975 0.138939 0.129338 0.097507 0.088243
 584000.027739 8.926802 0.023311 0.049838 0.027818 0.094991 0.112219 0.082628 0.017816 0.033500 0.060311 0.113405 0.060767 0.106257 0.110674 0.084252 0.043655 0.068962 0.054205 0.041897 0.114159 0.024622 0.118854 0.105509 0.082820 0.089741 0.117088 0.123108 0.074523 0.131272 0.142486 0.100277 0.110865 0.101463 0.123319 0.110652 0.140161 0.129588 0.125156 0.116157 0.073458 0.091097 0.109091 0.133541 0.139879 0.120001 0.140273 0.126321 0.111860 0.122921 0.136679 0.153956 0.133685 0.085229 0.147480 0.135093 0.123797 0.097579 0.095869
 585000.027786 8.649570 0.031806 0.058342 0.033626 0.101169 0.116410 0.090364 0.017537 0.026860 0.065941 0.115191 0.063275 0.101187 0.108221 0.077867 0.051720 0.074923 0.046294 0.045424 0.114741 0.023841 0.120290 0.103715 0.083917 0.093429 0.114479 0.120627 0.072784 0.128374 0.139300 0.100193 0.108682 0.108460 0.129540 0.112922 0.141361 0.131893 0.129122 0.115027 0.077078 0.096595 0.107866 0.130992 0.144647 0.123253 0.144637 0.132815 0.116657 0.129741 0.138493 0.154979 0.130597 0.086012 0.149702 0.139951 0.126902 0.099310 0.089206
 586000.027834 14.603506 0.021410 0.044115 0.030026 0.091221 0.109867 0.078778 0.022787 0.042944 0.057258 0.111739 0.061768 0.110452 0.112530 0.090349 0.039100 0.065823 0.061222 0.045365 0.114396 0.026942 0.118435 0.105174 0.080761 0.086963 0.117751 0.125047 0.072772 0.132752 0.144589 0.099104 0.111359 0.094829 0.118395 0.109422 0.141596 0.129860 0.122193 0.115726 0.068418 0.084124 0.111221 0.134755 0.135950 0.117988 0.137252 0.121360 0.108176 0.117063 0.137631 0.152860 0.134407 0.082219 0.147044 0.130949 0.123385 0.095933 0.101405
 587000.027881 3.009950 0.031509 0.063266 0.047647 0.102225 0.114658 0.094087 0.010345 0.040320 0.077108 0.111264 0.077625 0.097038 0.100975 0.073560 0.059165 0.082779 0.046565 0.055769 0.108449 0.034921 0.110641 0.089843 0.068794 0.085657 0.104783 0.116978 0.058417 0.122995 0.131984 0.091133 0.093565 0.103917 0.125114 0.115083 0.147189 0.137858 0.129174 0.111187 0.065339 0.091660 0.109535 0.120761 0.136924 0.126248 0.140614 0.129347 0.116124 0.123822 0.144771 0.146628 0.118647 0.072915 0.150108 0.132845 0.130214 0.087909 0.087640
 588000.027929 4.253926 0.029981 0.059136 0.036580 0.101938 0.116625 0.091263 0.012298 0.028243 0.069190 0.114862 0.067652 0.099748 0.106260 0.075806 0.053355 0.077389 0.045772 0.046790 0.113313 0.026808 0.117424 0.100257 0.080072 0.091350 0.111637 0.119541 0.069377 0.126571 0.136905 0.098072 0.104427 0.107783 0.129299 0.114086 0.143978 0.134693 0.130431 0.114146 0.074338 0.095867 0.108305 0.128086 0.143465 0.125112 0.144832 0.132641 0.117260 0.128852 0.141355 0.153358 0.126897 0.083059 0.151116 0.139055 0.128384 0.096696 0.088556
 589000.027976 3.743076 0.036055 0.063837 0.044039 0.103208 0.116826 0.095046 0.011536 0.031227 0.076013 0.112621 0.074230 0.095205 0.102174 0.070603 0.060993 0.081030 0.041536 0.055135 0.110740 0.034725 0.113877 0.094847 0.076662 0.090347 0.106407 0.116066 0.064172 0.122172 0.132035 0.094589 0.098398 0.109102 0.129256 0.114240 0.143201 0.135099 0.130126 0.110795 0.073178 0.097194 0.106557 0.122982 0.141934 0.126333 0.143737 0.134169 0.117824 0.128979 0.141570 0.149420 0.121377 0.079164 0.149857 0.136942 0.128129 0.094187 0.085163
 590000.028023 9.003080 0.026923 0.050253 0.027813 0.093363 0.109265 0.081743 0.017892 0.030230 0.058895 0.110068 0.058685 0.101935 0.106588 0.079992 0.045717 0.067804 0.051392 0.042473 0.110221 0.022128 0.115759 0.106206 0.084967 0.092545 0.118224 0.122277 0.076435 0.131342 0.141608 0.101542 0.110544 0.103269 0.123308 0.110581 0.136150 0.127009 0.124263 0.117524 0.075747 0.093435 0.108545 0.132794 0.138576 0.119201 0.138242 0.125755 0.112296 0.123579 0.133441 0.151735 0.133545 0.086791 0.144231 0.134588 0.122075 0.098248 0.090687
 591000.028071 6.102727 0.026807 0.055738 0.034941 0.097566 0.112027 0.086580 0.014730 0.033751 0.065868 0.111682 0.064541 0.100756 0.105877 0.078299 0.049651 0.073892 0.048027 0.046320 0.111037 0.023128 0.115938 0.099167 0.077942 0.088995 0.112236 0.119309 0.068090 0.127234 0.137283 0.096541 0.104118 0.103026 0.124142 0.111550 0.140788 0.131048 0.126111 0.113681 0.070446 0.091828 0.107912 0.127796 0.138771 0.121161 0.139712 0.127365 0.113421 0.123949 0.137984 0.150723 0.127453 0.079787 0.147327 0.134253 0.125401 0.093298 0.090385
 592000.028118 12.837327 0.047919 0.074248 0.053694 0.108887 0.118655 0.102875 0.021364 0.034942 0.084278 0.111931 0.079260 0.086803 0.096747 0.061535 0.072197 0.088440 0.029469 0.065012 0.109510 0.035937 0.112931 0.090336 0.077927 0.096000 0.101630 0.111563 0.060795 0.116319 0.125007 0.093892 0.092571 0.116097 0.133964 0.117127 0.142680 0.136941 0.133427 0.108024 0.076453 0.103656 0.105379 0.117022 0.144237 0.129573 0.145558 0.139893 0.122960 0.134774 0.142742 0.146112 0.114223 0.076390 0.150013 0.138187 0.130820 0.095001 0.077361
 593000.028166 8.374861 0.034120 0.055976 0.033423 0.097982 0.114285 0.088231 0.017256 0.030714 0.065028 0.113461 0.063193 0.101719 0.108279 0.078339 0.053767 0.071487 0.046771 0.050268 0.114957 0.022717 0.119703 0.104604 0.086210 0.095172 0.115065 0.120464 0.074439 0.127590 0.139291 0.101056 0.109458 0.108075 0.127940 0.112286 0.136596 0.129151 0.127291 0.114017 0.077802 0.097537 0.107684 0.131920 0.144118 0.122359 0.142726 0.132124 0.115546 0.129359 0.135635 0.154456 0.131179 0.085181 0.146955 0.137849 0.123679 0.100790 0.091169
 594000.028213 1.928949 0.028860 0.058941 0.039399 0.100849 0.114954 0.090918 0.008282 0.031969 0.071000 0.112840 0.070338 0.098583 0.103837 0.074580 0.054693 0.078237 0.046101 0.049447 0.110949 0.028157 0.113940 0.096359 0.075796 0.088272 0.109001 0.117408 0.066050 0.124572 0.134264 0.094847 0.100155 0.105076 0.126339 0.113070 0.143742 0.134545 0.128622 0.112424 0.070055 0.093397 0.107616 0.124776 0.139820 0.124069 0.141832 0.129717 0.115342 0.126035 0.141478 0.149828 0.123808 0.078766 0.149405 0.135723 0.127201 0.092588 0.088107
 595000.028261 4.251073 0.029360 0.057785 0.036296 0.099876 0.115002 0.089819 0.012294 0.031030 0.067997 0.113635 0.067295 0.100620 0.106557 0.077196 0.053173 0.075013 0.046491 0.048741 0.113238 0.024037 0.117600 0.101873 0.081767 0.092988 0.113884 0.121230 0.071290 0.128252 0.139019 0.099677 0.106269 0.107494 0.128327 0.114268 0.141781 0.133218 0.129316 0.115055 0.074695 0.096068 0.109299 0.130319 0.143073 0.124829 0.143768 0.132112 0.116823 0.128207 0.139726 0.153921 0.129251 0.083101 0.149781 0.138045 0.127228 0.097884 0.089913
 596000.028308 8.392631 0.033850 0.065084 0.039389 0.105851 0.118021 0.095319 0.017274 0.026261 0.072055 0.116131 0.066960 0.096975 0.105156 0.072446 0.057393 0.081605 0.040315 0.047677 0.113190 0.022439 0.119107 0.099945 0.081011 0.093934 0.112771 0.117986 0.070321 0.126442 0.136052 0.098666 0.104121 0.111778 0.131885 0.114512 0.142566 0.133671 0.131397 0.115122 0.076014 0.099222 0.107062 0.127355 0.145223 0.125028 0.145260 0.134568 0.119377 0.132610 0.140498 0.153855 0.127807 0.083233 0.150522 0.141519 0.128674 0.095637 0.084405
 597000.028356 2.553292 0.023977 0.055603 0.040677 0.098629 0.114408 0.088815 0.009528 0.038916 0.070392 0.113011 0.072890 0.103616 0.106670 0.080531 0.051720 0.076676 0.053485 0.050377 0.111874 0.032516 0.113892 0.095517 0.072217 0.083995 0.109313 0.119332 0.064592 0.126101 0.136706 0.093197 0.100429 0.099962 0.122574 0.112096 0.145289 0.135009 0.126560 0.112175 0.065331 0.088079 0.108988 0.126162 0.137052 0.123157 0.139828 0.126038 0.112309 0.121483 0.142591 0.149986 0.125149 0.076326 0.149503 0.132939 0.126724 0.089948 0.093835
 598000.028403 2.967280 0.026964 0.053030 0.037701 0.096204 0.113280 0.086812 0.010271 0.038397 0.067715 0.112246 0.069855 0.104100 0.107521 0.080983 0.052074 0.072649 0.052562 0.052038 0.113298 0.029422 0.115153 0.097890 0.076690 0.087011 0.110217 0.119424 0.067215 0.125600 0.137008 0.095028 0.102814 0.101114 0.123032 0.111771 0.141754 0.132802 0.125949 0.111466 0.068308 0.090054 0.108765 0.127811 0.138587 0.122545 0.140038 0.127095 0.112343 0.122847 0.140180 0.150976 0.126307 0.077597 0.148496 0.132985 0.124687 0.093343 0.095054
 599000.028451 3.276251 0.036907 0.062712 0.042277 0.101140 0.113522 0.092881 0.010793 0.029941 0.073965 0.109645 0.071588 0.091623 0.098804 0.067311 0.060527 0.079498 0.037923 0.054537 0.107769 0.030629 0.111395 0.095975 0.078893 0.093089 0.107617 0.116204 0.065509 0.122511 0.131497 0.096385 0.098371 0.109690 0.128912 0.114914 0.141379 0.134168 0.130063 0.112132 0.074753 0.098677 0.107236 0.122793 0.140987 0.126013 0.142654 0.133669 0.118478 0.128780 0.140041 0.147966 0.120805 0.080142 0.148356 0.135878 0.127856 0.095659 0.082041
 600000.028498 3.794031 0.027041 0.060464 0.039261 0.103460 0.117515 0.092590 0.011615 0.031796 0.071014 0.115845 0.069772 0.100626 0.106690 0.076796 0.053309 0.079626 0.046685 0.047479 0.113779 0.025533 0.117707 0.096730 0.075520 0.088098 0.109713 0.118085 0.065537 0.125062 0.135433 0.095088 0.101625 0.105606 0.127843 0.113322 0.145645 0.135619 0.129796 0.112478 0.069539 0.092648 0.107706 0.126077 0.141958 0.124470 0.143724 0.130812 0.116035 0.127247 0.142973 0.152388 0.125171 0.078621 0.151403 0.137975 0.128790 0.092415 0.089532
 601000.028546 6.256623 0.025084 0.053224 0.036313 0.096713 0.113232 0.085972 0.014915 0.038901 0.066672 0.112804 0.068371 0.104768 0.108732 0.082598 0.048627 0.072991 0.053461 0.049009 0.113209 0.031099 0.116773 0.099436 0.076817 0.086949 0.112079 0.121672 0.066808 0.128125 0.139349 0.096317 0.104699 0.100806 0.123337 0.112384 0.143697 0.133394 0.126553 0.113458 0.068784 0.089286 0.110022 0.129619 0.138841 0.122696 0.140746 0.127309 0.112955 0.121832 0.140748 0.152188 0.128205 0.079201 0.149681 0.133581 0.126579 0.093714 0.095789
 602000.028593 5.434726 0.027995 0.050957 0.036432 0.093858 0.110722 0.084299 0.013901 0.040349 0.065401 0.109844 0.067668 0.103427 0.106772 0.081802 0.049758 0.070724 0.052553 0.051969 0.111709 0.029457 0.114517 0.098050 0.076620 0.086843 0.110202 0.119919 0.065652 0.126084 0.137312 0.094870 0.103208 0.098795 0.120847 0.110709 0.141134 0.131479 0.124053 0.111135 0.067704 0.088025 0.108895 0.127717 0.136621 0.120707 0.138170 0.125485 0.110865 0.120222 0.138711 0.149425 0.126074 0.077140 0.147077 0.130449 0.124237 0.093463 0.095162
 603000.028641 3.454070 0.032074 0.062105 0.041467 0.102495 0.115191 0.093249 0.011082 0.031180 0.072862 0.112486 0.071380 0.095684 0.101899 0.071430 0.057740 0.079835 0.041972 0.051559 0.110310 0.026305 0.113979 0.096156 0.077144 0.091271 0.109118 0.117422 0.065915 0.124028 0.133613 0.096191 0.099749 0.108043 0.128461 0.114833 0.143485 0.135203 0.130170 0.112806 0.072152 0.096232 0.108018 0.124612 0.141423 0.125752 0.143162 0.132267 0.117617 0.128274 0.141738 0.150185 0.122956 0.079075 0.149809 0.136995 0.128597 0.094088 0.085107
 604000.028688 7.187717 0.032137 0.057145 0.032445 0.099309 0.114635 0.088758 0.015986 0.025113 0.065537 0.113916 0.063301 0.100427 0.107119 0.076452 0.053068 0.073763 0.046572 0.045373 0.113064 0.025599 0.118224 0.105417 0.085775 0.094309 0.116166 0.120233 0.076458 0.128721 0.139405 0.101461 0.109698 0.108661 0.128217 0.112030 0.137398 0.129297 0.127765 0.115923 0.078865 0.098470 0.106958 0.131498 0.143553 0.122187 0.142505 0.131558 0.115616 0.129612 0.135644 0.153853 0.132127 0.087887 0.146730 0.138771 0.123675 0.100002 0.088477
 605000.028736 8.540219 0.027491 0.057183 0.031030 0.099940 0.114369 0.087720 0.017426 0.026557 0.064641 0.114487 0.062014 0.101387 0.107809 0.078304 0.048623 0.074735 0.047986 0.040046 0.112467 0.024748 0.118783 0.105428 0.083859 0.093239 0.117419 0.122639 0.074988 0.131526 0.141434 0.101898 0.109777 0.107950 0.128605 0.113659 0.141449 0.131639 0.129301 0.118504 0.077457 0.096997 0.109396 0.132356 0.143230 0.123165 0.143524 0.131135 0.116802 0.128340 0.138010 0.154986 0.132890 0.087905 0.149226 0.139530 0.127071 0.098546 0.089334
 606000.028783 5.572627 0.024491 0.051546 0.031005 0.096096 0.113215 0.084697 0.014076 0.032648 0.062879 0.113389 0.063524 0.105069 0.109626 0.082327 0.046804 0.070699 0.052884 0.044473 0.113713 0.026223 0.117883 0.103125 0.080901 0.088887 0.114946 0.121431 0.072408 0.129364 0.140718 0.098428 0.108394 0.102143 0.123899 0.110628 0.139982 0.130079 0.125491 0.114735 0.072244 0.091245 0.108212 0.131620 0.139956 0.120678 0.140333 0.126999 0.112224 0.123825 0.137284 0.153296 0.131712 0.083362 0.147539 0.135305 0.123726 0.095938 0.094383
 607000.028831 10.726625 0.021462 0.053761 0.029455 0.098184 0.113127 0.085214 0.019529 0.029814 0.060956 0.114310 0.060298 0.104417 0.108963 0.082206 0.043518 0.072754 0.053192 0.036321 0.112450 0.021446 0.118373 0.105543 0.082069 0.090489 0.118574 0.123598 0.075632 0.133024 0.142938 0.101135 0.110448 0.103675 0.125410 0.112303 0.142488 0.131297 0.127155 0.119108 0.074148 0.092366 0.110101 0.133157 0.140264 0.121067 0.141270 0.126668 0.113904 0.124668 0.138057 0.154309 0.134074 0.087064 0.148513 0.137738 0.126410 0.096388 0.091777
 608000.028878 7.437652 0.023432 0.050666 0.029901 0.093858 0.109906 0.082476 0.016262 0.032291 0.060904 0.110598 0.061970 0.103175 0.106672 0.081095 0.045484 0.069042 0.053066 0.042123 0.110247 0.024455 0.114790 0.104695 0.082199 0.090422 0.117022 0.123048 0.075065 0.131618 0.141765 0.100480 0.108995 0.102206 0.122973 0.111702 0.139345 0.129507 0.125106 0.117543 0.073762 0.092298 0.109836 0.132245 0.137965 0.120708 0.138977 0.125575 0.112450 0.122473 0.135889 0.151759 0.132297 0.085528 0.146059 0.134171 0.123881 0.096875 0.092084
 609000.028926 7.332953 0.036788 0.069379 0.046910 0.107222 0.117431 0.098588 0.016147 0.028987 0.078165 0.113249 0.074040 0.091399 0.099281 0.066520 0.063015 0.085790 0.037271 0.053021 0.108588 0.030862 0.113516 0.092754 0.074869 0.090924 0.106290 0.114150 0.063779 0.121455 0.130014 0.093969 0.096028 0.111609 0.131056 0.115026 0.144040 0.135654 0.131465 0.111943 0.072851 0.098606 0.105873 0.120496 0.141953 0.126494 0.143702 0.134441 0.119648 0.131020 0.141935 0.148501 0.120002 0.078665 0.149594 0.138825 0.129912 0.091045 0.079085
 610000.028973 7.835740 0.037503 0.060882 0.035951 0.100678 0.114564 0.091063 0.016691 0.023600 0.068569 0.112081 0.063669 0.095280 0.103928 0.071588 0.056710 0.076169 0.039502 0.049295 0.111271 0.026851 0.117098 0.101433 0.084033 0.094198 0.111385 0.116261 0.071409 0.124434 0.134465 0.098414 0.105571 0.109827 0.128986 0.110981 0.136874 0.128789 0.127467 0.112392 0.078377 0.098906 0.104099 0.126612 0.143179 0.121621 0.142257 0.133141 0.116182 0.130376 0.134973 0.150942 0.127057 0.085064 0.145989 0.137928 0.123996 0.098436 0.083724
 611000.029021 11.582634 0.029974 0.059139 0.031802 0.102183 0.116149 0.089858 0.020294 0.024673 0.064651 0.115990 0.060653 0.101122 0.108562 0.078195 0.049462 0.076269 0.046641 0.040520 0.114056 0.019858 0.121047 0.106205 0.085359 0.094905 0.118090 0.122067 0.075911 0.131450 0.141346 0.102436 0.110855 0.109384 0.130222 0.113374 0.141903 0.131811 0.129900 0.118481 0.078288 0.097545 0.108638 0.132581 0.144896 0.122950 0.144669 0.132274 0.117448 0.130487 0.138372 0.155984 0.133714 0.088581 0.149789 0.141519 0.127618 0.099476 0.088230
 612000.029068 12.554353 0.036228 0.063871 0.035912 0.104908 0.118158 0.093823 0.021128 0.020120 0.069642 0.116546 0.064558 0.097529 0.106494 0.073352 0.056480 0.079266 0.041684 0.044563 0.114154 0.025771 0.120361 0.105376 0.086968 0.096958 0.115197 0.119561 0.076291 0.127749 0.137713 0.102615 0.109374 0.113604 0.133334 0.114453 0.141189 0.132611 0.132014 0.116349 0.082111 0.102446 0.106806 0.130257 0.147614 0.125175 0.147089 0.136585 0.119808 0.134237 0.138505 0.155567 0.130303 0.089928 0.150213 0.143187 0.127926 0.101911 0.084735
 613000.029116 5.770836 0.028355 0.060262 0.036930 0.102956 0.117136 0.092099 0.014324 0.026917 0.068980 0.115795 0.066664 0.100238 0.106642 0.076040 0.053691 0.078146 0.046596 0.045474 0.113539 0.022975 0.118046 0.100364 0.079813 0.090204 0.112942 0.117925 0.071728 0.126322 0.136698 0.097389 0.104907 0.107213 0.128088 0.111880 0.141647 0.132184 0.128389 0.114050 0.073138 0.094887 0.106186 0.128012 0.142384 0.122700 0.142704 0.130313 0.115392 0.128714 0.139413 0.152970 0.128817 0.082759 0.148784 0.139126 0.125700 0.094252 0.087656
 614000.029163 6.371017 0.034082 0.061475 0.037375 0.100775 0.112952 0.090852 0.015051 0.024977 0.070160 0.110732 0.066717 0.093296 0.100948 0.069533 0.056047 0.077954 0.039806 0.047512 0.107988 0.028505 0.113737 0.099994 0.081275 0.092914 0.111646 0.117261 0.070165 0.125284 0.134290 0.098479 0.103352 0.108967 0.128016 0.112839 0.139565 0.131118 0.128442 0.114306 0.076730 0.098411 0.105956 0.125758 0.141109 0.123225 0.141722 0.131966 0.116728 0.128201 0.137044 0.149579 0.125762 0.084402 0.146625 0.136820 0.126044 0.096577 0.082039
 615000.029211 8.383576 0.022334 0.054581 0.031130 0.099007 0.114489 0.086653 0.017265 0.030905 0.063326 0.115338 0.063558 0.105017 0.109442 0.082061 0.046209 0.073552 0.052984 0.039365 0.113776 0.023593 0.118751 0.106145 0.083110 0.092297 0.118805 0.125118 0.076168 0.133500 0.143851 0.102533 0.110624 0.105907 0.127660 0.114961 0.143987 0.133802 0.129749 0.119822 0.075662 0.094935 0.112105 0.134406 0.142670 0.124253 0.143916 0.129616 0.116400 0.126791 0.140320 0.156262 0.134134 0.087675 0.150902 0.139328 0.128275 0.098544 0.093094
 616000.029258 8.551051 0.031727 0.058254 0.032510 0.101016 0.115769 0.089696 0.017437 0.026136 0.065622 0.114925 0.062066 0.100535 0.107956 0.077389 0.051087 0.075445 0.045381 0.044184 0.114056 0.022751 0.120042 0.103843 0.083859 0.093202 0.114696 0.119843 0.073037 0.128241 0.138751 0.099989 0.108711 0.107866 0.128681 0.111847 0.140586 0.130935 0.128407 0.115028 0.076854 0.096398 0.106883 0.130331 0.143940 0.121965 0.143568 0.131898 0.115889 0.129365 0.137624 0.154170 0.130798 0.086110 0.148680 0.139280 0.126047 0.098713 0.088719
 617000.029306 4.776180 0.026460 0.057973 0.037840 0.100974 0.116086 0.090492 0.013031 0.033834 0.069110 0.114919 0.069522 0.102606 0.107348 0.079083 0.051774 0.076611 0.049601 0.047195 0.113787 0.027319 0.117313 0.099064 0.077514 0.089476 0.111509 0.121352 0.067738 0.127632 0.138305 0.097416 0.103872 0.105568 0.127867 0.115211 0.146060 0.136286 0.130330 0.114452 0.071592 0.093534 0.110671 0.128886 0.142266 0.125885 0.144518 0.131259 0.116725 0.126662 0.143072 0.153672 0.126716 0.080961 0.152237 0.137775 0.129736 0.095304 0.091815
 618000.029353 19.690124 0.019617 0.054215 0.029825 0.098353 0.112387 0.083631 0.026459 0.034868 0.060780 0.115341 0.060836 0.107228 0.110727 0.085870 0.040096 0.074090 0.058219 0.030869 0.112028 0.027730 0.118914 0.108774 0.083130 0.091311 0.122776 0.128123 0.078689 0.138093 0.147101 0.104550 0.113501 0.103592 0.125532 0.115171 0.145844 0.133622 0.129104 0.124124 0.076100 0.093397 0.114282 0.136487 0.140178 0.122729 0.142190 0.126230 0.115461 0.123603 0.140022 0.156146 0.137344 0.090819 0.150565 0.138494 0.129556 0.097774 0.094891
 619000.029401 8.630727 0.028911 0.059117 0.033470 0.101556 0.115295 0.089901 0.017518 0.026686 0.065983 0.114823 0.063068 0.100469 0.107222 0.077419 0.050138 0.076602 0.046227 0.041890 0.112722 0.021590 0.119179 0.103854 0.082660 0.093140 0.116154 0.121373 0.073463 0.130273 0.140128 0.100697 0.108590 0.107940 0.128762 0.113294 0.142159 0.132152 0.129206 0.117256 0.076276 0.096400 0.108542 0.130974 0.143266 0.123004 0.143556 0.131370 0.116679 0.128898 0.138645 0.154389 0.131617 0.086316 0.149305 0.139624 0.127602 0.097718 0.087925
 620000.029448 5.763803 0.032316 0.056924 0.033106 0.098960 0.114745 0.088796 0.014316 0.028072 0.066076 0.113567 0.063361 0.100833 0.107658 0.077271 0.052833 0.073350 0.045457 0.047659 0.113827 0.024954 0.118914 0.102777 0.083456 0.092731 0.113452 0.119318 0.072218 0.127089 0.138203 0.099073 0.107698 0.107438 0.127683 0.111488 0.138061 0.129536 0.127189 0.113527 0.076369 0.096536 0.106580 0.130025 0.143222 0.121851 0.142450 0.131705 0.115166 0.128742 0.136185 0.153404 0.129987 0.084453 0.147352 0.137650 0.124169 0.098355 0.089783
 621000.029496 19.213911 0.024729 0.049237 0.021080 0.093974 0.109769 0.079508 0.026137 0.030680 0.054292 0.112876 0.053204 0.106140 0.110773 0.085441 0.038805 0.067243 0.055938 0.032389 0.112442 0.021689 0.119612 0.111700 0.088396 0.093644 0.123011 0.125984 0.081739 0.136006 0.145885 0.105461 0.116606 0.102837 0.123589 0.110815 0.138502 0.127167 0.124911 0.121334 0.079049 0.093719 0.110332 0.137007 0.139882 0.118161 0.139563 0.125204 0.112217 0.123356 0.133314 0.154555 0.138538 0.092468 0.145522 0.136439 0.123589 0.101406 0.094271
 622000.029543 5.910199 0.025928 0.056353 0.034418 0.100564 0.115768 0.089062 0.014496 0.032316 0.065955 0.115269 0.065090 0.103097 0.108724 0.080204 0.049037 0.075503 0.049312 0.045098 0.114581 0.022299 0.119251 0.101115 0.079366 0.089814 0.113629 0.120756 0.069591 0.128379 0.139173 0.097865 0.106231 0.104396 0.126700 0.112513 0.143851 0.133401 0.128279 0.114564 0.071466 0.092007 0.108763 0.129946 0.141900 0.122696 0.142909 0.129459 0.114855 0.126195 0.140733 0.153926 0.129625 0.081729 0.150361 0.137620 0.127378 0.095158 0.091998
 623000.029591 13.591944 0.027215 0.057389 0.029885 0.101223 0.115235 0.087859 0.021983 0.025292 0.063029 0.116056 0.060714 0.102278 0.108869 0.079426 0.046785 0.075109 0.049966 0.036067 0.113518 0.023571 0.120224 0.107376 0.085382 0.093809 0.118976 0.123261 0.077200 0.132131 0.142185 0.103434 0.111982 0.107929 0.129111 0.113846 0.142665 0.132262 0.129978 0.119455 0.078799 0.096968 0.109541 0.133729 0.144122 0.123056 0.144464 0.130899 0.116878 0.128571 0.138609 0.156282 0.134005 0.090144 0.149953 0.140964 0.127813 0.100013 0.089508
 624000.029638 8.750806 0.020740 0.047146 0.033696 0.093179 0.111358 0.081570 0.017639 0.042582 0.062548 0.112290 0.067229 0.108948 0.110931 0.087714 0.043096 0.069507 0.059734 0.046909 0.113586 0.031953 0.116414 0.102322 0.077815 0.085822 0.115109 0.124644 0.069904 0.131391 0.142905 0.097768 0.107785 0.096602 0.120202 0.111861 0.144506 0.133362 0.124982 0.115453 0.067826 0.085987 0.112244 0.132667 0.136797 0.121440 0.139222 0.123706 0.110544 0.118326 0.140931 0.152773 0.131349 0.081019 0.149457 0.131772 0.125906 0.094745 0.100340
 625000.029686 5.065429 0.040078 0.067320 0.052009 0.105053 0.118048 0.098943 0.013420 0.040968 0.082032 0.112699 0.081825 0.095211 0.100467 0.070177 0.067379 0.084941 0.042759 0.063964 0.111387 0.037196 0.111572 0.089591 0.073117 0.090591 0.102577 0.115396 0.059668 0.119602 0.129073 0.092341 0.092308 0.109690 0.129761 0.117600 0.146712 0.139845 0.132333 0.109091 0.069921 0.097616 0.109443 0.119677 0.141294 0.130100 0.144356 0.135295 0.119911 0.129629 0.146538 0.147222 0.116091 0.073099 0.152066 0.135606 0.131023 0.092308 0.086966
 626000.029733 10.010123 0.035913 0.064207 0.036792 0.103623 0.115289 0.093158 0.018866 0.019740 0.070153 0.113275 0.064437 0.093594 0.102457 0.069388 0.057098 0.079604 0.038089 0.045177 0.109967 0.025206 0.116768 0.102184 0.083988 0.095343 0.113407 0.117297 0.073288 0.126120 0.135089 0.100291 0.105746 0.112321 0.131122 0.113330 0.139347 0.130939 0.130052 0.115510 0.079786 0.101242 0.105493 0.127032 0.144218 0.123553 0.143852 0.134302 0.118576 0.132076 0.136758 0.151913 0.127794 0.087207 0.147501 0.140399 0.126655 0.098281 0.080732
 627000.029781 4.484075 0.025467 0.057268 0.038858 0.099194 0.113077 0.088558 0.012627 0.036206 0.069477 0.111955 0.070112 0.100030 0.104637 0.077286 0.051364 0.076801 0.048921 0.048530 0.110182 0.028395 0.114354 0.097499 0.075492 0.088621 0.111715 0.120869 0.065467 0.127702 0.137529 0.096607 0.101770 0.103573 0.125215 0.114566 0.144849 0.135289 0.128766 0.114912 0.069092 0.091849 0.110543 0.127471 0.138960 0.124710 0.141430 0.128705 0.115555 0.123658 0.142171 0.151092 0.125857 0.078704 0.150136 0.134833 0.128864 0.092684 0.090473
 628000.029828 3.656226 0.026010 0.057038 0.036109 0.099347 0.113561 0.088543 0.011402 0.030919 0.067705 0.112679 0.067213 0.099774 0.104559 0.076333 0.051552 0.075908 0.047967 0.045560 0.110755 0.024876 0.114373 0.100018 0.078758 0.090018 0.112767 0.120043 0.070499 0.127808 0.137385 0.097881 0.103580 0.105219 0.126291 0.113575 0.143115 0.133622 0.128568 0.115462 0.072127 0.093976 0.109068 0.127873 0.139937 0.123773 0.141779 0.128872 0.115481 0.125699 0.140267 0.151319 0.127334 0.082101 0.149080 0.136391 0.127020 0.094493 0.088678
 629000.029876 2.300744 0.035060 0.064375 0.044626 0.103699 0.116398 0.095330 0.009045 0.031748 0.076436 0.112394 0.074373 0.094396 0.100965 0.069531 0.060843 0.082336 0.040979 0.054528 0.109607 0.033039 0.112682 0.093431 0.074857 0.089614 0.106152 0.115503 0.063111 0.122178 0.131394 0.093679 0.096598 0.108701 0.128869 0.114519 0.144040 0.135773 0.130343 0.111317 0.071469 0.096630 0.106878 0.121815 0.140913 0.126291 0.143052 0.133118 0.117972 0.128678 0.142400 0.148550 0.120571 0.077751 0.149865 0.136660 0.128698 0.092129 0.084015
 630000.029923 6.085433 0.026484 0.052230 0.038300 0.095859 0.113120 0.086067 0.014710 0.042137 0.066835 0.112266 0.068956 0.105816 0.109055 0.084013 0.049622 0.072480 0.054426 0.052669 0.114105 0.029351 0.116521 0.096368 0.074153 0.084426 0.109097 0.119099 0.063796 0.125272 0.136945 0.092814 0.102285 0.097679 0.120768 0.109970 0.143004 0.132460 0.124036 0.109833 0.064522 0.085568 0.108265 0.127143 0.136803 0.120493 0.138525 0.124906 0.110211 0.120048 0.140458 0.150114 0.125912 0.074568 0.148322 0.131025 0.124683 0.090947 0.097252
 631000.029971 8.000155 0.032794 0.050665 0.032416 0.094439 0.113066 0.084549 0.016866 0.034183 0.063626 0.112274 0.064748 0.104488 0.109733 0.081833 0.051159 0.068608 0.052435 0.050984 0.114814 0.031187 0.118135 0.104870 0.085232 0.091845 0.114202 0.120862 0.074000 0.127528 0.139743 0.099717 0.109837 0.103651 0.124513 0.110374 0.137049 0.128935 0.125192 0.112752 0.076000 0.093936 0.107599 0.132039 0.141564 0.121031 0.140999 0.129371 0.112412 0.125319 0.135723 0.153137 0.131233 0.085135 0.146496 0.134775 0.121938 0.100568 0.095340
 632000.030018 10.794267 0.042110 0.069638 0.043672 0.108863 0.120645 0.099861 0.019591 0.021781 0.076685 0.116668 0.071144 0.092581 0.102829 0.066559 0.064876 0.084374 0.034501 0.053326 0.113738 0.029023 0.118692 0.100423 0.085045 0.098018 0.110368 0.115757 0.071909 0.122489 0.132565 0.100138 0.103614 0.117210 0.136219 0.116109 0.141479 0.134795 0.134257 0.113045 0.081817 0.105225 0.105477 0.125781 0.149277 0.128030 0.148801 0.140237 0.122584 0.137682 0.140898 0.154030 0.124539 0.086156 0.151369 0.144287 0.129168 0.100583 0.080156
 633000.030066 6.372213 0.021019 0.051883 0.031772 0.095841 0.111732 0.084145 0.015052 0.033407 0.062894 0.112412 0.064386 0.104114 0.107655 0.081652 0.045873 0.071314 0.053525 0.042277 0.111606 0.024831 0.115695 0.103187 0.080147 0.089150 0.116068 0.122864 0.073261 0.130929 0.141305 0.099515 0.107797 0.101961 0.123557 0.112414 0.141781 0.131670 0.126372 0.116946 0.071962 0.091447 0.110210 0.131709 0.138672 0.121864 0.140155 0.126060 0.112938 0.122724 0.138416 0.152639 0.131365 0.083882 0.147975 0.134935 0.125385 0.095594 0.093234
 634000.030113 4.826286 0.033990 0.064640 0.043328 0.105336 0.118481 0.096077 0.013100 0.032156 0.075367 0.115073 0.072634 0.096973 0.104293 0.072647 0.059396 0.082222 0.041376 0.053377 0.113220 0.029137 0.116980 0.094778 0.076022 0.090217 0.107212 0.116314 0.063394 0.122553 0.132651 0.094534 0.098995 0.109015 0.130026 0.114426 0.145015 0.136088 0.130923 0.110885 0.071500 0.095985 0.106933 0.123724 0.143202 0.126125 0.144793 0.134215 0.118263 0.129744 0.143141 0.151073 0.122334 0.077678 0.151473 0.138369 0.129462 0.093166 0.086618
 635000.030161 2.651552 0.034126 0.060671 0.040943 0.100408 0.114652 0.091684 0.009710 0.031889 0.073088 0.111608 0.071847 0.096454 0.102655 0.072114 0.058239 0.077946 0.043277 0.053158 0.110289 0.033528 0.113408 0.097042 0.078427 0.091261 0.108553 0.118197 0.066209 0.124352 0.134231 0.096437 0.100361 0.108398 0.128597 0.114965 0.142396 0.134565 0.130083 0.112655 0.074163 0.097444 0.108376 0.125225 0.141658 0.126317 0.143461 0.133315 0.117843 0.128054 0.140829 0.150290 0.123126 0.080666 0.149841 0.136401 0.127884 0.095637 0.086901
 636000.030208 3.717289 0.033640 0.064467 0.046761 0.103474 0.115648 0.095124 0.011497 0.035175 0.077396 0.111650 0.077001 0.094654 0.099886 0.070377 0.060207 0.083325 0.044228 0.054333 0.107984 0.036606 0.110461 0.091574 0.071679 0.087699 0.105121 0.116721 0.060721 0.122753 0.131482 0.092851 0.094551 0.106949 0.127753 0.115844 0.147124 0.138114 0.130846 0.112098 0.069478 0.094766 0.108835 0.120890 0.138882 0.127455 0.142606 0.131793 0.117941 0.126225 0.144508 0.147292 0.118598 0.076770 0.150688 0.135307 0.130831 0.090524 0.084512
 637000.030256 4.622612 0.036014 0.065402 0.042605 0.105235 0.117673 0.096280 0.012820 0.027445 0.074902 0.114082 0.071826 0.094287 0.102322 0.069439 0.060317 0.082001 0.038426 0.052264 0.111554 0.028752 0.115992 0.096914 0.079129 0.093108 0.108574 0.116698 0.066484 0.123199 0.133035 0.096855 0.100633 0.111429 0.131551 0.115243 0.143575 0.135503 0.131834 0.112346 0.075391 0.099234 0.106886 0.124516 0.144432 0.126881 0.145619 0.135811 0.119574 0.131664 0.141821 0.151469 0.122992 0.081320 0.150830 0.139643 0.129487 0.096178 0.082958
 638000.030303 7.180460 0.019449 0.054166 0.038741 0.097896 0.113074 0.086573 0.015978 0.041306 0.067194 0.113091 0.069592 0.105419 0.107806 0.083764 0.046564 0.075770 0.055930 0.046398 0.111887 0.028829 0.114943 0.096624 0.071743 0.083218 0.111279 0.121189 0.064983 0.128497 0.138649 0.093878 0.101840 0.097394 0.120886 0.111852 0.146826 0.134928 0.125698 0.114007 0.063531 0.084990 0.110516 0.127426 0.135424 0.121613 0.138686 0.123297 0.111290 0.118925 0.142666 0.150086 0.126642 0.076505 0.149520 0.132097 0.127705 0.088880 0.095446
 639000.030351 10.797149 0.025166 0.056127 0.031044 0.099704 0.114163 0.087280 0.019593 0.029574 0.062924 0.114832 0.061381 0.102949 0.108713 0.080375 0.046552 0.073683 0.049930 0.040123 0.113465 0.019410 0.119905 0.105109 0.083090 0.092711 0.117873 0.123187 0.074235 0.131636 0.142117 0.101726 0.110267 0.106124 0.127508 0.113584 0.142080 0.131928 0.128648 0.118150 0.075411 0.094620 0.110047 0.133260 0.142667 0.122638 0.143053 0.129700 0.115841 0.126977 0.138561 0.155487 0.133062 0.086296 0.149423 0.139037 0.127449 0.097979 0.090936
 640000.030398 13.337194 0.048003 0.072658 0.052007 0.107980 0.118671 0.102189 0.021776 0.029681 0.083004 0.111992 0.079249 0.086937 0.096173 0.060397 0.072575 0.086710 0.033250 0.063463 0.109088 0.038200 0.111447 0.095206 0.082623 0.097757 0.105168 0.112643 0.068845 0.117889 0.126934 0.097336 0.096587 0.117528 0.134847 0.117126 0.140846 0.135945 0.133601 0.110262 0.080883 0.106315 0.105078 0.120058 0.145480 0.130000 0.146493 0.140228 0.122803 0.136157 0.141373 0.147802 0.117755 0.082700 0.149279 0.140339 0.128724 0.098938 0.076218
 641000.030446 12.059418 0.014924 0.052734 0.038321 0.097363 0.113138 0.085124 0.020707 0.042716 0.066221 0.114332 0.070152 0.109075 0.110064 0.087277 0.044636 0.075449 0.061465 0.043306 0.112245 0.032953 0.115140 0.100621 0.073722 0.083539 0.116266 0.124728 0.070779 0.133337 0.143211 0.096997 0.105605 0.097388 0.120853 0.113098 0.147538 0.135342 0.126343 0.118521 0.065481 0.085804 0.113053 0.131458 0.135362 0.122280 0.138903 0.122063 0.111541 0.118585 0.143139 0.152328 0.131688 0.080784 0.150321 0.133438 0.127867 0.089836 0.098443
 642000.030493 3.895688 0.028898 0.058698 0.037638 0.100816 0.115031 0.090438 0.011769 0.031962 0.068926 0.113336 0.067378 0.099649 0.105567 0.076504 0.052376 0.077246 0.045951 0.048013 0.112034 0.025362 0.116604 0.098169 0.077339 0.089506 0.110875 0.118932 0.066576 0.126476 0.136518 0.096040 0.102737 0.105329 0.126895 0.112867 0.143611 0.133738 0.128439 0.113376 0.070918 0.093021 0.108060 0.126860 0.140867 0.123392 0.142333 0.130220 0.115571 0.126408 0.140713 0.151522 0.126295 0.079898 0.149715 0.136579 0.127748 0.093684 0.088763
 643000.030541 12.809405 0.029394 0.057298 0.030395 0.101004 0.115848 0.088610 0.021341 0.027831 0.062447 0.116461 0.058753 0.103464 0.110558 0.080746 0.048247 0.073887 0.048322 0.041389 0.115995 0.014707 0.122766 0.105779 0.085111 0.093583 0.117465 0.120990 0.075410 0.129886 0.140957 0.101282 0.111533 0.107036 0.128081 0.111210 0.139515 0.129447 0.127470 0.116082 0.076557 0.095190 0.107240 0.132888 0.144154 0.120476 0.142891 0.130240 0.114915 0.129036 0.136509 0.155878 0.133830 0.086474 0.148048 0.139913 0.125150 0.098666 0.090907
 644000.030588 4.949974 0.029119 0.062976 0.044678 0.104628 0.118696 0.095061 0.013266 0.035105 0.075312 0.115877 0.076068 0.100606 0.105331 0.076272 0.057269 0.081859 0.049384 0.051274 0.113007 0.033933 0.115261 0.095670 0.074330 0.088362 0.108829 0.120012 0.065385 0.125831 0.135873 0.095569 0.099590 0.107495 0.129739 0.116990 0.149167 0.139592 0.132574 0.114000 0.070502 0.094563 0.110758 0.125929 0.142290 0.128832 0.145829 0.132891 0.118783 0.127872 0.146414 0.152455 0.123462 0.079295 0.153971 0.138926 0.131950 0.092981 0.089543
 645000.030636 15.336791 0.032500 0.054404 0.025646 0.097415 0.113481 0.084964 0.023352 0.026984 0.058822 0.114735 0.054200 0.104051 0.111495 0.081813 0.047251 0.069415 0.049138 0.041483 0.115643 0.018937 0.123126 0.109601 0.089636 0.095790 0.119946 0.121838 0.079314 0.131331 0.142758 0.103620 0.115327 0.107291 0.127018 0.109535 0.134148 0.124911 0.125188 0.116879 0.080377 0.097001 0.106388 0.135332 0.143880 0.118159 0.140986 0.129745 0.113735 0.128815 0.131574 0.155530 0.137015 0.090023 0.144580 0.138778 0.121531 0.101852 0.091972
 646000.030683 5.044298 0.027511 0.053552 0.033224 0.097378 0.113797 0.086700 0.013392 0.032611 0.064655 0.112897 0.064844 0.102680 0.107951 0.080112 0.048994 0.072185 0.049862 0.047144 0.113446 0.025649 0.117694 0.101926 0.080861 0.090154 0.113419 0.120945 0.070195 0.128064 0.139241 0.098214 0.106875 0.103520 0.125299 0.111763 0.141450 0.131741 0.126726 0.113833 0.072563 0.092054 0.108522 0.130348 0.140873 0.122055 0.141716 0.129023 0.113722 0.124842 0.138718 0.152892 0.129521 0.082525 0.148650 0.135763 0.125553 0.096849 0.092477
 647000.030731 5.404286 0.033908 0.065599 0.042739 0.104761 0.115907 0.095415 0.013862 0.028266 0.074635 0.112814 0.071437 0.093153 0.100398 0.068776 0.059604 0.082541 0.038609 0.050566 0.109257 0.026138 0.113877 0.096666 0.078072 0.093018 0.109630 0.117240 0.067263 0.124450 0.133142 0.097226 0.099601 0.110922 0.130652 0.115842 0.144164 0.135776 0.131712 0.114157 0.074382 0.098859 0.107865 0.123970 0.142489 0.126757 0.144301 0.134150 0.119631 0.130424 0.141823 0.150149 0.122987 0.081019 0.150170 0.138750 0.129970 0.094556 0.081636
 648000.030778 5.544902 0.040995 0.069768 0.048541 0.107524 0.119068 0.100059 0.014041 0.030119 0.080480 0.113651 0.077389 0.091038 0.099435 0.065286 0.066406 0.085698 0.035542 0.058170 0.110601 0.034706 0.113584 0.093605 0.077925 0.093959 0.104816 0.115000 0.063871 0.120145 0.129471 0.095539 0.096175 0.114209 0.133692 0.117466 0.145113 0.138155 0.134080 0.110828 0.076191 0.101948 0.107170 0.121114 0.144898 0.130042 0.147042 0.138691 0.122212 0.133526 0.144098 0.149403 0.118199 0.079738 0.152089 0.139896 0.131425 0.095976 0.080448
 649000.030826 6.303271 0.028476 0.054946 0.032538 0.098541 0.114333 0.087387 0.014971 0.029384 0.064823 0.113874 0.064247 0.101698 0.107486 0.078472 0.050506 0.072905 0.048684 0.045426 0.113726 0.023105 0.117786 0.103281 0.083085 0.092019 0.114148 0.120362 0.073230 0.127493 0.138420 0.099838 0.107699 0.105702 0.126792 0.112345 0.140546 0.131644 0.127923 0.114432 0.075166 0.094880 0.108056 0.130405 0.142350 0.122641 0.142709 0.130084 0.114760 0.126998 0.138274 0.153464 0.129506 0.084644 0.148506 0.137373 0.125247 0.098539 0.090964
 650000.030873 15.594637 0.020904 0.042188 0.023365 0.089797 0.108562 0.075983 0.023547 0.038937 0.053357 0.111876 0.057599 0.110358 0.112648 0.089716 0.036586 0.063093 0.061572 0.039402 0.113832 0.025862 0.118417 0.110157 0.086119 0.090796 0.121747 0.127375 0.079080 0.135586 0.147118 0.103717 0.115456 0.098059 0.120473 0.111228 0.139645 0.128977 0.124001 0.119620 0.074487 0.089082 0.112721 0.138097 0.137971 0.119049 0.138608 0.122663 0.110303 0.119409 0.135780 0.154922 0.137704 0.088490 0.146765 0.133374 0.123277 0.100359 0.100613
 651000.030921 14.512155 0.036589 0.065064 0.035597 0.105779 0.118079 0.094152 0.022715 0.020031 0.068775 0.116989 0.062185 0.097278 0.106782 0.073240 0.055716 0.079869 0.040586 0.042577 0.114110 0.023324 0.121639 0.104801 0.086407 0.096737 0.115221 0.118863 0.075283 0.127569 0.137535 0.102048 0.109361 0.113757 0.133470 0.113911 0.140354 0.131439 0.131634 0.116320 0.081762 0.102107 0.106270 0.129975 0.147681 0.123943 0.146479 0.136080 0.119813 0.134550 0.137537 0.155756 0.130369 0.089362 0.149606 0.143583 0.127896 0.100498 0.083596
 652000.030968 15.453357 0.026495 0.059900 0.032404 0.102388 0.114845 0.088800 0.023440 0.025508 0.065082 0.115751 0.062120 0.100967 0.107055 0.078243 0.047816 0.077845 0.049937 0.034108 0.111441 0.024033 0.118418 0.107740 0.085201 0.095067 0.120495 0.124751 0.078763 0.134497 0.142940 0.104803 0.111250 0.109869 0.130603 0.116368 0.145209 0.134632 0.132173 0.122715 0.079629 0.098989 0.111848 0.133539 0.143927 0.125210 0.145393 0.131577 0.119212 0.129558 0.140434 0.156101 0.134317 0.091628 0.151321 0.142162 0.130427 0.099696 0.087661
 653000.031016 5.802140 0.025566 0.056117 0.032223 0.100309 0.115842 0.088452 0.014363 0.028055 0.065367 0.115709 0.063966 0.103045 0.108848 0.079457 0.049124 0.074864 0.049717 0.042197 0.114350 0.023958 0.118903 0.103234 0.081543 0.090222 0.114987 0.120458 0.073465 0.128752 0.139468 0.099143 0.107962 0.105501 0.126990 0.111819 0.141848 0.131842 0.128036 0.115430 0.074086 0.094049 0.107639 0.130749 0.142332 0.122156 0.142748 0.129427 0.114584 0.127123 0.138950 0.154240 0.131191 0.084889 0.149162 0.138442 0.125551 0.096388 0.091258
 654000.031063 4.901746 0.037480 0.067624 0.046223 0.105407 0.116522 0.097196 0.013202 0.030292 0.078518 0.112215 0.075921 0.091635 0.098894 0.066301 0.063181 0.084437 0.037931 0.054386 0.108185 0.034691 0.112042 0.095282 0.077626 0.093600 0.107926 0.117678 0.065288 0.123917 0.132436 0.097153 0.097564 0.113005 0.132333 0.118323 0.145540 0.138149 0.133875 0.114374 0.076013 0.101520 0.109487 0.123085 0.143327 0.129850 0.145956 0.136873 0.122005 0.131603 0.143833 0.149813 0.120687 0.081504 0.151793 0.139117 0.131982 0.095604 0.081055
 655000.031111 3.569403 0.028503 0.055740 0.037566 0.097911 0.113199 0.088213 0.011266 0.035846 0.068020 0.111842 0.068217 0.101060 0.105907 0.078062 0.052510 0.074299 0.048187 0.051001 0.112017 0.026553 0.115719 0.097412 0.076756 0.088471 0.110280 0.118779 0.065647 0.125485 0.136372 0.095288 0.102366 0.102999 0.124385 0.112009 0.141320 0.132255 0.126466 0.111864 0.069180 0.091366 0.108081 0.127089 0.139299 0.122411 0.140363 0.128422 0.113626 0.124158 0.139475 0.150760 0.125909 0.077545 0.148189 0.133942 0.125575 0.093102 0.091436
 656000.031158 9.597784 0.027174 0.052497 0.029331 0.096520 0.112158 0.084480 0.018473 0.029354 0.061393 0.112723 0.061928 0.102222 0.107424 0.079836 0.046794 0.070658 0.051045 0.041771 0.112357 0.022876 0.117315 0.107128 0.085938 0.094040 0.118129 0.123601 0.076907 0.131317 0.141789 0.103268 0.111283 0.105390 0.126312 0.113444 0.140711 0.131518 0.128078 0.118021 0.077646 0.095571 0.110265 0.133638 0.141924 0.122797 0.142571 0.129288 0.115027 0.125918 0.137577 0.154332 0.132731 0.088513 0.148260 0.137412 0.125914 0.101385 0.091302
 657000.031206 5.843747 0.030501 0.058804 0.034200 0.100494 0.114888 0.089921 0.014414 0.025769 0.067601 0.113854 0.065147 0.099084 0.105859 0.075078 0.053730 0.075627 0.044972 0.045704 0.112259 0.024822 0.117398 0.103231 0.083460 0.093340 0.114887 0.119741 0.074107 0.127824 0.138178 0.100374 0.107331 0.108682 0.128371 0.112765 0.139031 0.130669 0.128436 0.115585 0.077126 0.097970 0.107180 0.130007 0.143092 0.123112 0.142722 0.131778 0.116227 0.129192 0.137113 0.153271 0.130294 0.085924 0.147569 0.138629 0.125036 0.098078 0.087493
 658000.031253 8.206213 0.023829 0.052430 0.030955 0.097910 0.115186 0.086096 0.017081 0.032169 0.062435 0.115319 0.062674 0.106339 0.111111 0.083808 0.046261 0.071288 0.053459 0.043428 0.115978 0.022340 0.120030 0.103820 0.081588 0.089204 0.115293 0.121634 0.073317 0.129469 0.140966 0.098828 0.109335 0.102601 0.125038 0.110724 0.141762 0.131099 0.126139 0.114580 0.072276 0.090722 0.108246 0.132170 0.141247 0.120863 0.141831 0.127619 0.112555 0.124768 0.138457 0.154522 0.132241 0.083708 0.148891 0.136908 0.124682 0.096597 0.095121
 659000.031301 5.185168 0.022518 0.053459 0.038474 0.098119 0.115160 0.087919 0.013578 0.038845 0.067188 0.114152 0.069819 0.106510 0.109442 0.084103 0.049013 0.074447 0.055553 0.049057 0.114409 0.028247 0.116621 0.097164 0.073652 0.083815 0.110395 0.119684 0.066306 0.126790 0.138080 0.093372 0.102976 0.098519 0.121991 0.110304 0.144818 0.133663 0.125061 0.111597 0.064774 0.085722 0.108387 0.127705 0.137422 0.121182 0.139660 0.124933 0.110586 0.121214 0.141607 0.151138 0.127295 0.076770 0.149209 0.133350 0.125576 0.090616 0.096066
 660000.031348 2.014247 0.028647 0.060711 0.042328 0.102133 0.116683 0.093032 0.008463 0.033789 0.073094 0.113935 0.072841 0.099975 0.104810 0.075800 0.056403 0.079395 0.047578 0.051400 0.112077 0.030712 0.114623 0.094169 0.073278 0.086257 0.107373 0.116848 0.064240 0.123647 0.133899 0.092844 0.098656 0.104935 0.126529 0.112857 0.144493 0.134979 0.128386 0.111094 0.068176 0.092195 0.107238 0.124018 0.139784 0.124466 0.141989 0.129889 0.115090 0.126006 0.142231 0.150019 0.123133 0.076771 0.149925 0.135961 0.127386 0.090321 0.088948
