#! FIELDS time restraint.bias r0 r1 r2 r3 r4 r5 r6 r7 r8 r9 r10 r11 r12 r13 r14 r15 r16 r17 r18 r19 r20 r21 r22 r23 r24 r25 r26 r27 r28 r29 r30 r31 r32 r33 r34 r35 r36 r37 r38 r39 r40 r41 r42 r43 r44 r45 r46 r47 r48 r49 r50 r51 r52 r53 r54 r55 r56 r57 r58 r59
0.000000 0.000000 0.078410 0.103794 0.102725 0.131822 0.140632 0.129188 0.073711 0.094970 0.122033 0.132984 0.122151 0.122781 0.120131 0.105600 0.103018 0.124501 0.092933 0.103375 0.128026 0.090396 0.117841 0.040397 0.000000 0.044713 0.064349 0.086178 0.034587 0.091614 0.097657 0.044367 0.056177 0.087787 0.108818 0.098767 0.148895 0.137304 0.114219 0.081472 0.031171 0.068948 0.092383 0.079688 0.115228 0.113227 0.120511 0.110849 0.098384 0.111660 0.147519 0.118815 0.086425 0.031557 0.133966 0.116887 0.122589 0.034381 0.115036 0.056145 0.115163 0.054121
1000.000047 6.279976 0.077979 0.102913 0.101812 0.129504 0.137362 0.128049 0.070176 0.092624 0.122140 0.128114 0.122558 0.116459 0.113786 0.099063 0.103560 0.123046 0.087813 0.104009 0.123050 0.089504 0.112155 0.037084 0.011207 0.050828 0.061437 0.086885 0.028223 0.090783 0.095529 0.046494 0.049748 0.091133 0.110185 0.102139 0.147568 0.138037 0.115628 0.082478 0.035723 0.073946 0.094638 0.077085 0.114447 0.116604 0.120523 0.113762 0.101677 0.112184 0.147011 0.115662 0.081286 0.031185 0.132818 0.115464 0.123722 0.040144 0.110147 0.052040 0.113670 0.059964
2000.000095 8.094644 0.076890 0.102998 0.101504 0.129233 0.135960 0.127825 0.069732 0.091917 0.121610 0.126973 0.122260 0.114874 0.111506 0.097548 0.103240 0.122915 0.087172 0.102984 0.120861 0.088098 0.110220 0.038834 0.012724 0.053788 0.064758 0.089377 0.031715 0.093458 0.097456 0.050152 0.049627 0.092668 0.111170 0.104663 0.148527 0.139258 0.117216 0.086152 0.037006 0.075593 0.097097 0.078780 0.114272 0.118291 0.120963 0.114003 0.103628 0.112623 0.147722 0.116334 0.082138 0.033466 0.133635 0.116381 0.125652 0.040607 0.108145 0.052059 0.113693 0.062272
3000.000142 8.078100 0.079926 0.104585 0.103405 0.130982 0.138990 0.129827 0.072299 0.093675 0.123253 0.129916 0.122978 0.117989 0.115302 0.100439 0.105762 0.124385 0.089829 0.105358 0.124606 0.090636 0.113356 0.036129 0.012711 0.049531 0.061113 0.083694 0.033833 0.088858 0.093854 0.044030 0.049832 0.091850 0.110598 0.100376 0.146520 0.136771 0.115058 0.081015 0.035866 0.074154 0.092042 0.075697 0.114798 0.115026 0.119998 0.113026 0.100851 0.113762 0.146179 0.115874 0.082202 0.030772 0.132243 0.116628 0.122174 0.035461 0.110522 0.055768 0.115066 0.059831
4000.000190 5.977389 0.076980 0.100847 0.100111 0.129055 0.139260 0.127427 0.069022 0.091653 0.120291 0.130372 0.120549 0.119403 0.117632 0.101368 0.102193 0.121116 0.088174 0.103412 0.127067 0.087799 0.116133 0.037135 0.010934 0.046398 0.059216 0.082819 0.027595 0.086718 0.094099 0.041420 0.053225 0.088614 0.109511 0.097761 0.146803 0.136410 0.113777 0.076430 0.030916 0.069958 0.089900 0.077436 0.116513 0.113545 0.120987 0.113085 0.098418 0.112889 0.146765 0.117761 0.083226 0.025498 0.133289 0.116098 0.120645 0.038156 0.112516 0.052015 0.115459 0.055079
5000.000237 3.006453 0.077760 0.102825 0.101641 0.131210 0.140627 0.129133 0.071342 0.093005 0.121327 0.132212 0.121330 0.120978 0.119019 0.103269 0.102877 0.123251 0.090280 0.103534 0.127947 0.088658 0.117668 0.038459 0.007754 0.046232 0.062307 0.084448 0.031384 0.089489 0.096414 0.042682 0.054759 0.089143 0.110302 0.098506 0.148595 0.137377 0.114670 0.079225 0.030551 0.069566 0.091053 0.078959 0.116884 0.113810 0.121684 0.112725 0.099115 0.113422 0.147933 0.119409 0.085735 0.028016 0.134630 0.117835 0.122264 0.035409 0.113122 0.053861 0.116399 0.055008
6000.000285 9.394629 0.073134 0.099321 0.097335 0.127404 0.135862 0.125324 0.065425 0.088061 0.118344 0.127159 0.119159 0.115002 0.112569 0.096534 0.099349 0.119574 0.084593 0.099194 0.121740 0.085072 0.111811 0.041330 0.013707 0.051583 0.064770 0.089202 0.028606 0.092827 0.098585 0.049642 0.053349 0.091788 0.111899 0.103639 0.149838 0.139619 0.117635 0.084356 0.036009 0.074475 0.095843 0.081317 0.116966 0.118298 0.123315 0.115307 0.103066 0.113231 0.148816 0.119270 0.084229 0.033980 0.135840 0.117743 0.125322 0.043211 0.107952 0.047792 0.114954 0.060344
7000.000332 4.923124 0.082095 0.104939 0.104812 0.132027 0.141741 0.130171 0.076298 0.096858 0.123503 0.133534 0.122952 0.123798 0.121596 0.106946 0.106045 0.125113 0.094883 0.106867 0.129808 0.093439 0.118372 0.036933 0.009923 0.040800 0.058824 0.079607 0.035824 0.085595 0.092288 0.037238 0.054162 0.085962 0.106382 0.093456 0.144152 0.132738 0.110036 0.075267 0.030622 0.067092 0.086550 0.074720 0.113174 0.108778 0.117007 0.108358 0.094377 0.110730 0.143378 0.115257 0.084005 0.027879 0.129656 0.114467 0.117239 0.029549 0.116026 0.059809 0.114267 0.051832
8000.000380 5.546024 0.077197 0.101898 0.101288 0.131763 0.142981 0.129268 0.071488 0.093715 0.120986 0.135066 0.121361 0.124539 0.123110 0.106506 0.102180 0.122700 0.091968 0.103847 0.132113 0.088036 0.121666 0.040306 0.010532 0.043666 0.062289 0.083505 0.032332 0.087888 0.096608 0.041247 0.058518 0.087383 0.110176 0.096782 0.149484 0.137870 0.114474 0.076014 0.026714 0.066784 0.089560 0.080794 0.119075 0.113079 0.123056 0.112872 0.097505 0.113991 0.149220 0.121830 0.087943 0.024448 0.136021 0.118794 0.121445 0.036586 0.116819 0.054833 0.118198 0.051466
9000.000427 1.489345 0.077735 0.103524 0.101942 0.132097 0.141139 0.129177 0.073186 0.094161 0.121381 0.133849 0.121285 0.122857 0.120816 0.105421 0.102387 0.124023 0.092299 0.102591 0.129009 0.089331 0.119263 0.040458 0.005458 0.044267 0.064099 0.085260 0.034326 0.090252 0.097181 0.043860 0.057402 0.087970 0.109533 0.098419 0.149211 0.137449 0.114629 0.080200 0.030630 0.068636 0.091406 0.080177 0.116608 0.113182 0.121449 0.111384 0.098434 0.112485 0.147912 0.119999 0.087047 0.030566 0.134672 0.117911 0.122642 0.034094 0.114749 0.055809 0.116312 0.053405
10000.000475 4.452930 0.074539 0.101387 0.099970 0.131071 0.140351 0.127807 0.070321 0.091667 0.119733 0.132698 0.120623 0.121389 0.119035 0.103607 0.100132 0.122439 0.090922 0.100222 0.127377 0.087381 0.117576 0.043542 0.009437 0.046265 0.066897 0.088913 0.034845 0.093539 0.100118 0.047828 0.057960 0.089067 0.111237 0.101156 0.151467 0.139759 0.116793 0.083726 0.031286 0.069332 0.094589 0.082996 0.117620 0.115933 0.123619 0.112742 0.100576 0.112822 0.149723 0.121717 0.088327 0.034137 0.136759 0.119720 0.125037 0.038372 0.113156 0.053047 0.116922 0.055170
11000.000522 6.595404 0.077578 0.103928 0.101691 0.130795 0.138124 0.128877 0.070728 0.091634 0.121896 0.129271 0.121898 0.116285 0.114115 0.098896 0.103331 0.123595 0.087963 0.102472 0.123193 0.089103 0.113410 0.038010 0.011485 0.050438 0.062594 0.086654 0.031307 0.090608 0.095765 0.047073 0.051682 0.092425 0.111750 0.102521 0.148579 0.138605 0.116726 0.083002 0.037176 0.074509 0.094112 0.077901 0.115860 0.117030 0.121919 0.114502 0.102539 0.113447 0.147457 0.117334 0.082522 0.034336 0.133903 0.117711 0.124931 0.038874 0.108699 0.053081 0.115226 0.060354
12000.000570 6.425952 0.073500 0.100264 0.099156 0.129464 0.138982 0.126976 0.068208 0.091124 0.119274 0.131153 0.120380 0.120593 0.117652 0.102258 0.099878 0.121167 0.089272 0.100511 0.126298 0.085852 0.116121 0.043446 0.011337 0.048789 0.068096 0.089999 0.034047 0.094761 0.101494 0.048929 0.057241 0.090090 0.111817 0.102543 0.151980 0.140514 0.117667 0.084733 0.030859 0.070899 0.095976 0.084280 0.118183 0.117289 0.124184 0.113808 0.101823 0.113629 0.150959 0.122654 0.089066 0.032148 0.138039 0.119659 0.125418 0.039341 0.112843 0.051167 0.116747 0.056716
13000.000617 18.871478 0.086956 0.109524 0.108854 0.136671 0.146992 0.134528 0.082299 0.101003 0.126528 0.139452 0.124160 0.129404 0.127908 0.112765 0.110068 0.128921 0.100040 0.110254 0.136154 0.096321 0.124768 0.038975 0.019428 0.039980 0.059968 0.076015 0.044048 0.084343 0.091394 0.034294 0.057936 0.087728 0.108364 0.091265 0.144627 0.132096 0.110150 0.073831 0.032248 0.067070 0.083880 0.074505 0.115510 0.106588 0.117729 0.108043 0.094177 0.114307 0.143848 0.117471 0.087788 0.028672 0.130396 0.117907 0.116624 0.021838 0.119915 0.067262 0.118559 0.052098
14000.000665 6.540630 0.083066 0.107699 0.106025 0.135253 0.143571 0.133368 0.076388 0.096011 0.125201 0.134721 0.123878 0.121302 0.120197 0.104550 0.107884 0.127577 0.092863 0.107420 0.129968 0.092328 0.119278 0.033918 0.011437 0.045343 0.057128 0.078556 0.035051 0.083983 0.090004 0.037909 0.051725 0.090252 0.110056 0.096036 0.144878 0.134953 0.113050 0.075225 0.032847 0.070507 0.087120 0.072568 0.115738 0.111499 0.119482 0.111876 0.097904 0.114634 0.144545 0.115387 0.081855 0.027036 0.130487 0.117462 0.120096 0.031435 0.112885 0.060093 0.117441 0.055804
15000.000712 10.399089 0.080444 0.103749 0.103096 0.130507 0.139973 0.129534 0.071944 0.094115 0.123179 0.130724 0.122449 0.119600 0.117588 0.101923 0.105880 0.123707 0.089722 0.106677 0.127102 0.090329 0.115411 0.035037 0.014422 0.047859 0.058708 0.080924 0.032014 0.086387 0.092274 0.040221 0.050174 0.090171 0.109318 0.097262 0.144892 0.134929 0.113050 0.076988 0.032969 0.072230 0.089133 0.074560 0.115065 0.112777 0.119083 0.112511 0.098554 0.113710 0.145189 0.115589 0.082484 0.025017 0.131345 0.115476 0.119362 0.034665 0.112811 0.055836 0.115299 0.057668
16000.000760 8.384288 0.073818 0.097239 0.097046 0.127178 0.138905 0.124073 0.068896 0.090826 0.116131 0.131793 0.116900 0.123656 0.121854 0.105720 0.097243 0.118367 0.090932 0.099370 0.128966 0.086490 0.119383 0.045123 0.012949 0.040404 0.065552 0.085559 0.032832 0.090997 0.100131 0.042695 0.061842 0.083307 0.106891 0.094134 0.148272 0.134792 0.111457 0.077930 0.026341 0.063178 0.088916 0.083726 0.116542 0.109819 0.120764 0.109274 0.094299 0.109856 0.146723 0.122110 0.090794 0.030658 0.135022 0.116431 0.119036 0.036661 0.115697 0.051565 0.114693 0.048489
17000.000807 4.986401 0.077840 0.102849 0.101771 0.131125 0.140662 0.128810 0.071777 0.093418 0.121510 0.132531 0.121104 0.121368 0.119306 0.103665 0.103287 0.123311 0.090963 0.103730 0.128215 0.088926 0.117322 0.038794 0.009986 0.045536 0.062313 0.083446 0.034193 0.089066 0.095265 0.042286 0.053936 0.088980 0.109804 0.097971 0.147518 0.136364 0.114159 0.079371 0.030267 0.069752 0.090533 0.077982 0.115878 0.113010 0.120492 0.111472 0.098711 0.113140 0.146669 0.118264 0.085608 0.027452 0.133357 0.117442 0.121189 0.032946 0.113663 0.055457 0.116354 0.055293
18000.000855 7.084747 0.074026 0.098435 0.098757 0.128412 0.139607 0.124961 0.071030 0.093369 0.117314 0.133149 0.118384 0.125875 0.122607 0.108045 0.098047 0.120053 0.094042 0.100000 0.129637 0.087609 0.119059 0.047021 0.011904 0.040628 0.069114 0.088468 0.037980 0.094789 0.102512 0.045545 0.061914 0.083352 0.106981 0.096508 0.149968 0.136305 0.112655 0.082545 0.025203 0.063228 0.092552 0.085384 0.115379 0.110866 0.120537 0.107515 0.095525 0.109389 0.148009 0.122334 0.092381 0.032624 0.135643 0.117151 0.120710 0.034246 0.117735 0.054341 0.114721 0.049022
19000.000902 2.355295 0.074612 0.100875 0.099103 0.129771 0.139209 0.127046 0.069487 0.091210 0.119181 0.131719 0.119406 0.120994 0.118718 0.102987 0.100030 0.121476 0.089447 0.100120 0.126937 0.086473 0.117292 0.041933 0.006863 0.045842 0.065497 0.087137 0.033195 0.091959 0.099014 0.045988 0.057489 0.088512 0.110091 0.099629 0.149917 0.138139 0.115422 0.081685 0.030796 0.069564 0.092730 0.081977 0.117205 0.114468 0.122444 0.112475 0.099400 0.112659 0.148582 0.121077 0.087707 0.031771 0.135889 0.118130 0.123274 0.036975 0.113055 0.052419 0.115989 0.054609
20000.000950 7.674983 0.079236 0.101775 0.102271 0.129724 0.140811 0.127161 0.075124 0.096310 0.120860 0.133913 0.121019 0.127119 0.123885 0.109643 0.102523 0.122617 0.096436 0.103760 0.130665 0.092534 0.118995 0.043907 0.012389 0.037360 0.064139 0.083641 0.039769 0.090391 0.097801 0.040843 0.060203 0.082888 0.104878 0.093117 0.146381 0.133133 0.109695 0.078127 0.029886 0.064832 0.088126 0.080522 0.113276 0.108176 0.117720 0.106489 0.092758 0.108767 0.144635 0.118458 0.089105 0.033123 0.131840 0.114344 0.116916 0.032162 0.119219 0.059223 0.113452 0.048907
21000.000997 7.109764 0.083474 0.107508 0.105924 0.134440 0.143226 0.132683 0.076546 0.096259 0.125361 0.134405 0.124011 0.121578 0.120554 0.104614 0.108009 0.126882 0.093107 0.107685 0.129873 0.093580 0.119183 0.033409 0.011925 0.044091 0.055923 0.077746 0.033934 0.082663 0.089146 0.036910 0.051777 0.090328 0.109909 0.095814 0.144782 0.134521 0.112750 0.074214 0.034549 0.071260 0.086448 0.072356 0.115681 0.111604 0.119358 0.112210 0.097847 0.114138 0.144402 0.115271 0.081468 0.027583 0.130486 0.116939 0.119636 0.030783 0.113442 0.060058 0.116873 0.055912
22000.001045 7.625085 0.078715 0.104053 0.102947 0.131868 0.140816 0.130156 0.072001 0.094317 0.122906 0.132287 0.122697 0.120928 0.118643 0.103294 0.104642 0.124449 0.090442 0.105350 0.128018 0.088816 0.117187 0.038416 0.012349 0.049039 0.063362 0.084944 0.033920 0.090328 0.096337 0.044229 0.053442 0.090561 0.110689 0.099820 0.148235 0.137789 0.115416 0.080538 0.031210 0.071691 0.092323 0.078717 0.116738 0.114870 0.121412 0.113251 0.100311 0.114336 0.148136 0.118858 0.085780 0.026402 0.134434 0.117718 0.122495 0.035787 0.113667 0.055431 0.116760 0.057312
23000.001092 3.046222 0.075725 0.100358 0.099368 0.128402 0.137685 0.125648 0.070927 0.092052 0.118567 0.130335 0.119073 0.120954 0.118548 0.103655 0.099717 0.120777 0.090687 0.100382 0.125839 0.088162 0.116375 0.042034 0.007805 0.042998 0.064605 0.085833 0.033017 0.090934 0.098031 0.044367 0.058102 0.085413 0.106774 0.096751 0.147282 0.135161 0.112166 0.080112 0.030788 0.067188 0.090691 0.080863 0.114351 0.111423 0.119422 0.109503 0.096105 0.109396 0.145724 0.118761 0.086900 0.032607 0.133016 0.115084 0.120424 0.036243 0.113223 0.053238 0.113062 0.052116
24000.001140 6.323411 0.083536 0.107730 0.106543 0.134200 0.141662 0.131982 0.078510 0.097645 0.125072 0.133985 0.124198 0.122639 0.120311 0.106189 0.107494 0.127827 0.095649 0.106748 0.128099 0.094376 0.117681 0.037662 0.011246 0.044069 0.061804 0.081279 0.039492 0.087844 0.093110 0.041265 0.054297 0.088313 0.107579 0.096162 0.145111 0.134133 0.112095 0.079448 0.034690 0.070440 0.088686 0.074914 0.113198 0.110479 0.117504 0.108932 0.096634 0.111928 0.143898 0.115377 0.084138 0.033169 0.129963 0.115835 0.119870 0.029844 0.114104 0.061772 0.114610 0.055186
25000.001187 10.080219 0.077391 0.101631 0.101088 0.129392 0.139763 0.127300 0.071702 0.093361 0.120454 0.131694 0.120169 0.122646 0.120021 0.104883 0.102331 0.121896 0.091982 0.103191 0.127830 0.089697 0.116938 0.042281 0.014199 0.044414 0.065039 0.085161 0.036788 0.091910 0.098495 0.043171 0.056390 0.088182 0.109186 0.097053 0.147992 0.135426 0.113189 0.081135 0.031080 0.068790 0.090776 0.080543 0.115368 0.112079 0.120179 0.110495 0.097904 0.112021 0.146650 0.119761 0.088915 0.031280 0.134241 0.117282 0.120314 0.032136 0.114684 0.055435 0.115462 0.054862
26000.001235 6.471203 0.081908 0.106438 0.105777 0.134320 0.143180 0.131493 0.078644 0.098324 0.123766 0.136403 0.123434 0.126779 0.124061 0.110017 0.105679 0.127083 0.097875 0.105667 0.131361 0.093296 0.120937 0.042092 0.011376 0.041331 0.065543 0.083374 0.042264 0.090445 0.097080 0.042140 0.059388 0.086017 0.107244 0.095290 0.147415 0.135016 0.112119 0.080091 0.030625 0.066731 0.089343 0.079454 0.114592 0.109670 0.118749 0.107681 0.095330 0.111589 0.145981 0.119078 0.088991 0.032999 0.132507 0.117161 0.119961 0.029008 0.117719 0.062337 0.115833 0.051279
27000.001282 4.192405 0.075253 0.099838 0.099136 0.128938 0.139211 0.126381 0.069553 0.091504 0.118663 0.131500 0.118839 0.121461 0.119291 0.103494 0.100273 0.120768 0.090085 0.101230 0.127628 0.086788 0.117172 0.041064 0.009157 0.043528 0.063930 0.084246 0.033355 0.090051 0.097353 0.042488 0.056588 0.086437 0.108286 0.096384 0.147503 0.135565 0.112948 0.079135 0.027294 0.066971 0.089963 0.080259 0.115821 0.111540 0.120312 0.110142 0.096728 0.111675 0.146534 0.119630 0.087573 0.027995 0.133821 0.116791 0.120053 0.034081 0.113539 0.052907 0.115266 0.052334
28000.001330 8.754556 0.079840 0.101722 0.101626 0.129477 0.140703 0.127290 0.074859 0.094684 0.119893 0.133308 0.119248 0.125378 0.123835 0.108347 0.102562 0.121731 0.094515 0.103991 0.130800 0.091061 0.120566 0.040786 0.013232 0.035439 0.060905 0.078285 0.037311 0.085108 0.094226 0.035161 0.060235 0.081699 0.103466 0.088321 0.142869 0.129618 0.106516 0.071886 0.027454 0.062367 0.082237 0.078008 0.113361 0.104588 0.116080 0.106112 0.089536 0.108676 0.141879 0.117620 0.088182 0.028469 0.129642 0.113265 0.113477 0.029315 0.117017 0.058872 0.113128 0.046166
29000.001377 5.410428 0.077075 0.100366 0.100206 0.128680 0.139083 0.126777 0.070512 0.093144 0.119621 0.131120 0.120135 0.121821 0.119764 0.104087 0.101384 0.120804 0.090259 0.103468 0.128233 0.087752 0.117914 0.039029 0.010402 0.044775 0.062047 0.083541 0.029463 0.088042 0.096152 0.041631 0.056578 0.086094 0.107639 0.096295 0.147058 0.135716 0.112450 0.076554 0.028043 0.067236 0.089592 0.079755 0.116113 0.111799 0.120164 0.111171 0.096336 0.111459 0.147011 0.119194 0.086047 0.024301 0.133683 0.115345 0.119804 0.036692 0.114878 0.052937 0.114548 0.052130
30000.001425 8.217680 0.080772 0.106397 0.104671 0.136020 0.146030 0.132228 0.078325 0.096768 0.122916 0.139335 0.122007 0.128513 0.127333 0.111607 0.104059 0.127147 0.097889 0.103708 0.134557 0.092562 0.125315 0.044668 0.012820 0.038566 0.066193 0.083570 0.042537 0.090700 0.098629 0.041356 0.063425 0.086296 0.109386 0.094105 0.149800 0.135978 0.112975 0.078803 0.030332 0.064679 0.087805 0.081675 0.117840 0.109550 0.121809 0.109423 0.095339 0.113179 0.147446 0.122667 0.092137 0.035332 0.135182 0.120414 0.120974 0.029742 0.118527 0.061952 0.118954 0.049421
31000.001472 2.507196 0.080069 0.104280 0.103315 0.131541 0.140385 0.129740 0.073596 0.094775 0.122707 0.131946 0.122381 0.121115 0.119109 0.103986 0.104667 0.124456 0.091513 0.105281 0.127665 0.090703 0.117265 0.036744 0.007081 0.045048 0.060611 0.082345 0.032232 0.087761 0.094264 0.040730 0.053653 0.088049 0.108184 0.096583 0.146068 0.135157 0.112537 0.077646 0.031122 0.069385 0.089164 0.076462 0.114816 0.111782 0.119146 0.111088 0.097228 0.112052 0.145606 0.116890 0.084180 0.027244 0.131956 0.115545 0.120086 0.033443 0.113580 0.056123 0.114755 0.054390
32000.001520 7.716089 0.074928 0.100144 0.098658 0.127585 0.136092 0.125787 0.066940 0.090124 0.119396 0.127445 0.119801 0.115847 0.113789 0.097825 0.100673 0.120322 0.085211 0.101546 0.122845 0.085903 0.113075 0.038766 0.012423 0.051392 0.063462 0.087312 0.025762 0.091115 0.097155 0.047316 0.052402 0.090830 0.110676 0.102037 0.148551 0.138445 0.116314 0.082147 0.033596 0.073364 0.094351 0.079779 0.116447 0.116720 0.121882 0.114594 0.101839 0.112901 0.148247 0.118505 0.083798 0.028651 0.134894 0.116326 0.123927 0.040735 0.109625 0.048446 0.114378 0.059171
33000.001567 4.190321 0.079610 0.103566 0.102443 0.131976 0.141618 0.129739 0.073041 0.093822 0.122212 0.133346 0.121958 0.121469 0.120243 0.103977 0.104083 0.123997 0.091454 0.104534 0.129240 0.090573 0.118723 0.036814 0.009155 0.042996 0.058558 0.080596 0.031544 0.084825 0.092366 0.039400 0.054789 0.087626 0.108639 0.095722 0.145991 0.135293 0.112682 0.074926 0.031408 0.068789 0.087560 0.076074 0.116188 0.111630 0.120178 0.111678 0.096581 0.112619 0.145501 0.117233 0.083444 0.027756 0.131953 0.116358 0.119675 0.035192 0.113842 0.056106 0.115922 0.053047
34000.001615 5.997597 0.076953 0.100731 0.101176 0.130716 0.142362 0.127579 0.073489 0.095095 0.119497 0.135277 0.120169 0.127213 0.124758 0.109766 0.100733 0.121944 0.095445 0.102897 0.132531 0.089274 0.121620 0.043933 0.010952 0.038983 0.064985 0.084752 0.037060 0.090546 0.098866 0.041292 0.060980 0.083256 0.107000 0.094247 0.148616 0.135499 0.111500 0.077797 0.023973 0.062012 0.089455 0.082317 0.115939 0.109581 0.120280 0.107994 0.094120 0.110334 0.147205 0.121122 0.090287 0.028554 0.134286 0.117145 0.119350 0.033095 0.118989 0.057041 0.116004 0.047422
35000.001662 6.471946 0.081014 0.106177 0.105149 0.133488 0.142140 0.131127 0.076517 0.096638 0.123827 0.134478 0.123104 0.124131 0.121375 0.107142 0.105803 0.126515 0.095405 0.105409 0.129185 0.092623 0.118329 0.040733 0.011377 0.043786 0.064833 0.083919 0.041055 0.091340 0.096862 0.042574 0.055934 0.088585 0.108899 0.096944 0.147455 0.135384 0.113199 0.081577 0.032262 0.069362 0.090315 0.078310 0.114413 0.111452 0.119200 0.109292 0.097592 0.112498 0.145915 0.118256 0.087908 0.032894 0.132687 0.117635 0.120685 0.028683 0.115254 0.060463 0.116027 0.054876
36000.001710 7.141459 0.069858 0.094665 0.094396 0.124934 0.135938 0.121462 0.065897 0.088937 0.113704 0.129484 0.114869 0.121879 0.119095 0.103724 0.094238 0.116224 0.088777 0.096468 0.126164 0.082520 0.116651 0.047153 0.011951 0.043364 0.069853 0.089356 0.033687 0.095421 0.103340 0.047241 0.061727 0.083088 0.106443 0.096726 0.149133 0.135755 0.112504 0.082778 0.023712 0.063721 0.092500 0.086345 0.115533 0.111156 0.120603 0.108299 0.095576 0.108855 0.147406 0.122674 0.092240 0.030384 0.135754 0.116064 0.120430 0.037569 0.114180 0.048392 0.113411 0.049817
37000.001757 5.197998 0.076214 0.102736 0.100769 0.131996 0.140309 0.128793 0.071223 0.092425 0.120650 0.132676 0.121203 0.120204 0.118504 0.102691 0.101163 0.123632 0.090129 0.101244 0.127087 0.087907 0.118179 0.041747 0.010196 0.048184 0.065846 0.088060 0.031642 0.091891 0.098609 0.047787 0.057347 0.089932 0.111521 0.101719 0.151039 0.140068 0.117306 0.082819 0.032852 0.070645 0.094477 0.081856 0.118191 0.116254 0.123634 0.113864 0.101334 0.113552 0.149888 0.121171 0.086765 0.033065 0.136504 0.119397 0.125748 0.039330 0.112470 0.052823 0.116965 0.056196
38000.001805 10.258290 0.077342 0.101274 0.100520 0.129499 0.140042 0.127975 0.068835 0.091973 0.121162 0.130771 0.121413 0.119421 0.117785 0.101141 0.102926 0.121282 0.087949 0.104319 0.127725 0.088358 0.116444 0.036863 0.014324 0.048131 0.058491 0.083398 0.026353 0.086520 0.093661 0.042311 0.052200 0.090618 0.111378 0.099689 0.147956 0.137996 0.115459 0.076832 0.032839 0.071869 0.091426 0.077380 0.117736 0.115662 0.122455 0.115068 0.100536 0.114215 0.148161 0.118040 0.082557 0.025486 0.134350 0.117239 0.122153 0.039828 0.112997 0.051917 0.116670 0.057262
39000.001852 7.261251 0.076270 0.099861 0.100375 0.128095 0.139125 0.125338 0.073147 0.095283 0.118607 0.132796 0.119150 0.126813 0.123149 0.109174 0.100124 0.120430 0.095160 0.102040 0.129823 0.089176 0.118956 0.045207 0.012051 0.040044 0.067836 0.086298 0.039094 0.093126 0.100833 0.043559 0.061218 0.083288 0.105834 0.095164 0.148351 0.134603 0.111165 0.080840 0.026225 0.064055 0.090829 0.083765 0.114198 0.109500 0.118788 0.106668 0.094424 0.108960 0.146807 0.121057 0.091713 0.030308 0.134288 0.115502 0.118840 0.030634 0.118819 0.056794 0.113763 0.049018
40000.001900 6.766172 0.073813 0.099215 0.098221 0.129300 0.139727 0.125909 0.069702 0.090593 0.117195 0.132669 0.117569 0.123065 0.120839 0.105168 0.098227 0.120708 0.091510 0.098707 0.128131 0.086240 0.118427 0.045953 0.011633 0.041487 0.068113 0.086531 0.038390 0.093701 0.101257 0.044458 0.061126 0.084959 0.107930 0.095420 0.148740 0.135393 0.112702 0.081689 0.026999 0.064804 0.090106 0.083706 0.116110 0.110519 0.120915 0.108705 0.095604 0.111076 0.146686 0.122111 0.091808 0.033975 0.134995 0.118189 0.120199 0.034481 0.113819 0.053553 0.115677 0.050513
41000.001947 10.626187 0.083990 0.106547 0.105584 0.132462 0.141478 0.131683 0.075314 0.096074 0.125370 0.131711 0.124057 0.119449 0.118543 0.102628 0.108579 0.125633 0.090951 0.109304 0.128297 0.093363 0.117228 0.030513 0.014578 0.046689 0.053379 0.076772 0.029191 0.080926 0.087303 0.036134 0.048609 0.090462 0.108944 0.095464 0.142662 0.133383 0.111540 0.072310 0.034924 0.072132 0.086021 0.070361 0.114685 0.111405 0.117931 0.112904 0.097616 0.113543 0.143298 0.113124 0.078868 0.023226 0.128992 0.114505 0.118240 0.033194 0.112899 0.058377 0.115235 0.057331
42000.001995 4.248787 0.077876 0.103890 0.102141 0.131121 0.138733 0.129230 0.071730 0.092922 0.121771 0.130481 0.121928 0.118484 0.115991 0.101107 0.103464 0.123880 0.089532 0.103126 0.124775 0.088497 0.115096 0.038580 0.009218 0.049726 0.064245 0.086274 0.033141 0.090976 0.096807 0.046443 0.053610 0.091009 0.110781 0.101288 0.148663 0.138330 0.116096 0.082487 0.034008 0.072618 0.093440 0.079051 0.116125 0.115644 0.121469 0.113270 0.101141 0.113528 0.147990 0.118637 0.084597 0.031380 0.134382 0.117662 0.124154 0.036799 0.110646 0.054222 0.115457 0.058210
43000.002042 7.081531 0.074282 0.098427 0.097704 0.127225 0.137244 0.124167 0.069382 0.091182 0.117180 0.130369 0.118158 0.121499 0.119268 0.103707 0.097962 0.119137 0.090073 0.099282 0.126424 0.086751 0.117109 0.043890 0.011901 0.043053 0.065575 0.086453 0.032282 0.091028 0.099044 0.045410 0.060431 0.084498 0.106594 0.096775 0.147969 0.135711 0.112547 0.079609 0.030206 0.066838 0.090817 0.082886 0.115594 0.111779 0.120412 0.109922 0.095787 0.109451 0.146657 0.120365 0.088183 0.032110 0.134152 0.115220 0.120384 0.039330 0.114074 0.051707 0.113281 0.051203
44000.002090 14.070539 0.070950 0.093723 0.094171 0.123892 0.136001 0.120854 0.065184 0.088797 0.114116 0.128750 0.115722 0.120907 0.119088 0.102743 0.095008 0.115070 0.087881 0.098157 0.126686 0.084138 0.116731 0.045663 0.016775 0.042582 0.065288 0.086631 0.029028 0.090414 0.099511 0.045129 0.060802 0.082636 0.105829 0.095354 0.147143 0.134782 0.111387 0.077797 0.026300 0.064102 0.090357 0.084207 0.115906 0.111026 0.120345 0.109692 0.094526 0.108302 0.146239 0.120834 0.089116 0.028811 0.134250 0.114352 0.118491 0.041519 0.114681 0.047770 0.112901 0.049491
45000.002137 5.693502 0.079152 0.101870 0.101588 0.128032 0.137269 0.126874 0.071644 0.093316 0.120861 0.128566 0.120718 0.118931 0.116454 0.101708 0.103598 0.121566 0.089871 0.104511 0.124827 0.090131 0.113770 0.036016 0.010671 0.044884 0.059157 0.081235 0.031069 0.086484 0.092847 0.040041 0.051840 0.086984 0.106355 0.095459 0.143546 0.132907 0.110574 0.076629 0.032307 0.069573 0.088159 0.075169 0.112585 0.110493 0.116898 0.109704 0.095842 0.110167 0.143246 0.114522 0.082195 0.027487 0.129713 0.112891 0.117738 0.033905 0.112013 0.054726 0.112144 0.054797
46000.002185 3.584427 0.075734 0.100041 0.099451 0.129008 0.139249 0.126075 0.071048 0.092681 0.118607 0.131923 0.119103 0.122621 0.120467 0.105079 0.099844 0.120690 0.091443 0.101245 0.128258 0.087892 0.118380 0.041958 0.008467 0.042250 0.064043 0.085010 0.032252 0.089962 0.097675 0.042998 0.058322 0.085264 0.107486 0.096294 0.147933 0.135651 0.112493 0.078816 0.027777 0.065680 0.090327 0.081046 0.115534 0.111224 0.120133 0.109661 0.096128 0.110259 0.146703 0.119754 0.087664 0.028847 0.133851 0.116127 0.120393 0.034815 0.114966 0.053428 0.114584 0.050858
47000.002232 10.195257 0.078115 0.102365 0.102262 0.131577 0.143394 0.128190 0.076657 0.096567 0.120045 0.137439 0.119999 0.130902 0.128487 0.113548 0.101298 0.123057 0.098738 0.102634 0.134371 0.091114 0.124438 0.047866 0.014280 0.034992 0.069278 0.084823 0.044239 0.092616 0.101907 0.041562 0.066422 0.082138 0.105964 0.091591 0.149064 0.133861 0.110154 0.078682 0.025455 0.060799 0.087208 0.085389 0.116124 0.107116 0.119821 0.106218 0.091931 0.109862 0.146912 0.124080 0.095823 0.033476 0.135323 0.117796 0.117829 0.027879 0.121429 0.060974 0.116170 0.044989
48000.002280 6.816760 0.075232 0.099029 0.098609 0.128598 0.139917 0.126065 0.069053 0.091368 0.118201 0.132011 0.118764 0.122269 0.120850 0.104249 0.099621 0.119756 0.089860 0.101580 0.129209 0.086800 0.119240 0.041170 0.011676 0.042921 0.062411 0.083731 0.029703 0.088180 0.097053 0.041371 0.058406 0.085874 0.108615 0.095635 0.148094 0.135986 0.112854 0.076197 0.026977 0.065753 0.088988 0.081049 0.117516 0.111709 0.121588 0.111567 0.096266 0.111854 0.147456 0.120937 0.087723 0.026278 0.134902 0.117014 0.120009 0.036941 0.114759 0.051722 0.115905 0.050895
49000.002327 4.426842 0.076790 0.102325 0.101041 0.130050 0.139032 0.127503 0.071816 0.093683 0.120773 0.131542 0.120707 0.121835 0.119108 0.104215 0.101754 0.122776 0.091170 0.102290 0.126749 0.089161 0.116864 0.041931 0.009409 0.046638 0.066633 0.087880 0.034162 0.093691 0.099811 0.046307 0.056600 0.088945 0.109828 0.100073 0.149955 0.137727 0.115181 0.083591 0.032088 0.070344 0.093751 0.081792 0.115909 0.114317 0.121328 0.111739 0.099923 0.112052 0.148510 0.120435 0.088493 0.032088 0.135663 0.117517 0.123267 0.034252 0.114356 0.053924 0.115226 0.055867
50000.002375 3.137150 0.077313 0.103025 0.101827 0.131034 0.139974 0.128451 0.072520 0.093494 0.121215 0.132273 0.121116 0.121986 0.119275 0.104564 0.102453 0.123739 0.092247 0.102338 0.126979 0.089579 0.116648 0.041857 0.007921 0.044554 0.065806 0.086232 0.037482 0.092846 0.098672 0.044709 0.056244 0.088159 0.108968 0.098152 0.148483 0.136419 0.113989 0.082715 0.031129 0.069193 0.091813 0.080211 0.114960 0.112770 0.120289 0.110267 0.098222 0.111827 0.146792 0.119285 0.088087 0.033045 0.133932 0.117437 0.121747 0.032875 0.113617 0.055841 0.115228 0.054786
51000.002422 10.987224 0.080526 0.102875 0.102147 0.129651 0.139076 0.128876 0.071021 0.092868 0.122168 0.129235 0.121835 0.117454 0.116224 0.100051 0.105136 0.122500 0.087702 0.106383 0.126214 0.089933 0.115192 0.033084 0.014824 0.048100 0.054992 0.079491 0.025132 0.083077 0.090002 0.038908 0.049851 0.089421 0.108707 0.096371 0.143506 0.134255 0.112052 0.073540 0.033850 0.071469 0.087697 0.073078 0.115154 0.112268 0.118884 0.113302 0.097735 0.112922 0.144246 0.114272 0.079437 0.023817 0.130236 0.114112 0.118765 0.038496 0.111136 0.053721 0.114459 0.056763
52000.002470 11.057683 0.074278 0.096727 0.096284 0.124730 0.135785 0.123127 0.066181 0.088827 0.116146 0.127465 0.116248 0.118177 0.116802 0.100062 0.098851 0.116538 0.085883 0.100807 0.125314 0.084500 0.115282 0.039233 0.014871 0.044112 0.060437 0.080769 0.027715 0.085595 0.094343 0.039901 0.055800 0.085240 0.106149 0.093415 0.143476 0.132142 0.110026 0.073908 0.027659 0.066927 0.086129 0.078581 0.115075 0.109435 0.118315 0.110250 0.094425 0.110337 0.143661 0.117864 0.085452 0.022312 0.131500 0.113438 0.116122 0.036568 0.111316 0.049582 0.113033 0.052012
53000.002517 4.782119 0.084787 0.108673 0.107514 0.135542 0.144443 0.133826 0.078361 0.098403 0.127012 0.135896 0.125748 0.124080 0.122488 0.107098 0.109238 0.128637 0.095477 0.109079 0.131281 0.095523 0.120055 0.034367 0.009780 0.043126 0.057366 0.078857 0.036170 0.084486 0.090635 0.037293 0.052817 0.089719 0.109333 0.095812 0.145635 0.134999 0.112742 0.075339 0.034463 0.071209 0.087148 0.073192 0.115424 0.111553 0.119270 0.111740 0.097368 0.113963 0.145116 0.115736 0.082831 0.028812 0.130994 0.116757 0.119687 0.030262 0.116183 0.061819 0.116776 0.055242
54000.002565 7.819095 0.077487 0.103840 0.101299 0.131032 0.137741 0.128958 0.070094 0.091225 0.121732 0.128814 0.121781 0.114615 0.113192 0.097413 0.103091 0.123656 0.086116 0.102599 0.122826 0.087816 0.113828 0.036648 0.012505 0.052937 0.061995 0.086692 0.026579 0.089581 0.094824 0.047974 0.051040 0.093020 0.112260 0.103502 0.148594 0.139532 0.117629 0.082415 0.036997 0.075076 0.094733 0.077428 0.116814 0.117886 0.122497 0.115854 0.103460 0.114139 0.148112 0.117177 0.081069 0.031870 0.134106 0.117609 0.126017 0.041292 0.107759 0.051266 0.115552 0.061071
55000.002612 18.656186 0.084724 0.107976 0.105795 0.132581 0.138997 0.132601 0.073528 0.094162 0.126492 0.127989 0.125282 0.112322 0.111922 0.095596 0.109864 0.126390 0.085766 0.109735 0.123255 0.092438 0.112845 0.026598 0.019316 0.055320 0.051609 0.078906 0.022445 0.080690 0.085431 0.041864 0.043039 0.095575 0.111905 0.101149 0.142649 0.136143 0.115124 0.075173 0.041611 0.078870 0.089889 0.068182 0.115502 0.116537 0.119584 0.117519 0.102853 0.115798 0.144122 0.110891 0.072990 0.026576 0.128898 0.114685 0.122297 0.041742 0.106729 0.055488 0.115027 0.064622
56000.002660 4.096558 0.079981 0.103344 0.102728 0.131222 0.140906 0.129280 0.073540 0.094329 0.121911 0.132483 0.121831 0.121868 0.120078 0.104590 0.104047 0.123667 0.092222 0.104838 0.128542 0.091061 0.117988 0.037555 0.009052 0.042923 0.059749 0.081344 0.032339 0.086421 0.093729 0.039471 0.054968 0.086988 0.107859 0.095225 0.145849 0.134648 0.111817 0.075991 0.031152 0.067929 0.087851 0.076610 0.115119 0.110807 0.119251 0.110640 0.095974 0.111736 0.145255 0.117170 0.084302 0.028477 0.131786 0.115723 0.119239 0.034102 0.114076 0.056312 0.114920 0.052794
57000.002707 6.284936 0.080316 0.105207 0.103141 0.131973 0.139443 0.130591 0.071867 0.092970 0.123449 0.130277 0.122590 0.116614 0.115051 0.099153 0.105762 0.125052 0.087901 0.105274 0.124951 0.089665 0.114506 0.033509 0.011212 0.050206 0.058635 0.082022 0.029627 0.086496 0.091698 0.042612 0.048993 0.092135 0.110846 0.099956 0.145810 0.136667 0.115121 0.078817 0.035644 0.074449 0.090753 0.073927 0.115634 0.114874 0.120267 0.114120 0.100930 0.114600 0.145775 0.115206 0.080265 0.028231 0.131673 0.116512 0.122314 0.036672 0.109364 0.054665 0.115634 0.059792
58000.002755 5.913078 0.078394 0.102832 0.102145 0.131594 0.142403 0.129758 0.071724 0.094163 0.122049 0.133944 0.122315 0.123273 0.121719 0.105283 0.103533 0.123061 0.091284 0.105089 0.130995 0.089356 0.120389 0.037938 0.010875 0.045031 0.060434 0.083045 0.030039 0.086781 0.095304 0.040794 0.056319 0.088849 0.110766 0.097811 0.149104 0.138001 0.114777 0.075635 0.029659 0.068886 0.089985 0.079381 0.118788 0.114100 0.122965 0.114038 0.098673 0.114246 0.149178 0.120648 0.085950 0.024777 0.135693 0.118270 0.121797 0.036890 0.115974 0.054673 0.117685 0.053424
59000.002802 3.823615 0.073900 0.099113 0.098225 0.128848 0.139564 0.126167 0.068035 0.090685 0.118256 0.131728 0.118902 0.121767 0.119565 0.103436 0.099099 0.120188 0.089317 0.100286 0.127991 0.086066 0.117666 0.042515 0.008745 0.044765 0.064889 0.086901 0.031597 0.091955 0.099499 0.044609 0.057788 0.087418 0.109912 0.098479 0.150001 0.137856 0.114847 0.080482 0.028508 0.067785 0.092099 0.082460 0.117545 0.113926 0.122689 0.112262 0.098502 0.112457 0.148817 0.121576 0.088502 0.029518 0.136283 0.118129 0.122245 0.037765 0.113984 0.050925 0.116301 0.053227
60000.002850 10.226410 0.071462 0.095972 0.095582 0.125861 0.137182 0.122851 0.066933 0.089732 0.114605 0.130533 0.115144 0.122546 0.120175 0.104305 0.096177 0.116792 0.089061 0.098326 0.127858 0.082520 0.118188 0.045445 0.014301 0.043827 0.068322 0.086408 0.034731 0.092745 0.101176 0.044809 0.061079 0.084239 0.107274 0.095586 0.148141 0.134984 0.112263 0.080204 0.022836 0.064091 0.090459 0.084871 0.116446 0.110400 0.120494 0.108764 0.095510 0.110598 0.147132 0.122708 0.092011 0.026114 0.135487 0.116750 0.119334 0.034725 0.114508 0.050577 0.114970 0.050085
61000.002897 5.603551 0.080446 0.104610 0.103972 0.131789 0.141124 0.130071 0.074208 0.096646 0.123776 0.133213 0.123912 0.123097 0.120721 0.105450 0.105426 0.124589 0.092640 0.106595 0.129375 0.091588 0.118713 0.037323 0.010586 0.047184 0.061768 0.084048 0.031526 0.088013 0.095020 0.043216 0.054753 0.089817 0.110175 0.099766 0.148806 0.138209 0.115355 0.078554 0.032827 0.071651 0.092026 0.078516 0.117077 0.114804 0.121456 0.113425 0.099856 0.113617 0.148959 0.118970 0.084890 0.026122 0.134781 0.116883 0.122606 0.035437 0.116511 0.056550 0.116216 0.055892
62000.002945 10.305841 0.076672 0.102739 0.100613 0.129566 0.136503 0.127838 0.068286 0.091032 0.121685 0.127403 0.121699 0.114007 0.111933 0.096314 0.103107 0.122934 0.084772 0.102912 0.121710 0.086954 0.111654 0.037419 0.014357 0.054790 0.063061 0.087773 0.027035 0.091418 0.095694 0.049256 0.048989 0.093643 0.112142 0.104579 0.148340 0.139629 0.118092 0.084251 0.036763 0.076728 0.096269 0.077591 0.116136 0.118637 0.121909 0.115893 0.104434 0.114317 0.148222 0.116603 0.081383 0.030263 0.134096 0.116776 0.125711 0.041709 0.108074 0.050087 0.115037 0.062910
63000.002992 12.147504 0.080142 0.102357 0.102643 0.128647 0.138648 0.127585 0.073252 0.096009 0.121754 0.130498 0.121417 0.122362 0.119773 0.105124 0.104563 0.121994 0.091691 0.106834 0.128209 0.090013 0.117079 0.037794 0.015587 0.046135 0.061682 0.081735 0.033040 0.087421 0.094510 0.040588 0.054425 0.086682 0.106357 0.095308 0.144441 0.133391 0.110727 0.076369 0.029511 0.068800 0.088703 0.077589 0.113957 0.110307 0.117338 0.109822 0.095796 0.111007 0.144993 0.116759 0.085561 0.021482 0.131349 0.113259 0.117473 0.032826 0.116111 0.056493 0.113387 0.054089
64000.003040 2.020859 0.076750 0.102988 0.101595 0.130641 0.138639 0.127975 0.072250 0.093490 0.121050 0.131009 0.121533 0.120291 0.117555 0.103271 0.101782 0.123403 0.091184 0.101910 0.125443 0.089106 0.115805 0.041245 0.006357 0.046874 0.065943 0.088221 0.034227 0.093051 0.098703 0.047315 0.055939 0.088539 0.109082 0.100587 0.149186 0.137925 0.115016 0.083584 0.032710 0.070174 0.094103 0.080792 0.114857 0.114726 0.120818 0.111365 0.099582 0.110980 0.147619 0.118794 0.086223 0.033481 0.134200 0.116716 0.123760 0.036742 0.112740 0.054323 0.114231 0.055869
65000.003087 6.970061 0.077476 0.100906 0.100373 0.127795 0.137027 0.126098 0.070591 0.092772 0.120018 0.128889 0.119984 0.119063 0.116611 0.101472 0.102203 0.120849 0.089295 0.103371 0.124956 0.088732 0.114377 0.037929 0.011807 0.046208 0.061914 0.083542 0.030491 0.088517 0.094973 0.042766 0.053000 0.087742 0.107629 0.097567 0.145721 0.134733 0.112463 0.079107 0.031536 0.070038 0.090538 0.077768 0.113950 0.112216 0.118516 0.110570 0.097656 0.110793 0.145285 0.116648 0.084145 0.027390 0.131893 0.114401 0.119817 0.034408 0.112332 0.053088 0.112983 0.055464
66000.003135 12.222553 0.076883 0.099918 0.098939 0.129655 0.141353 0.127225 0.069692 0.091672 0.118965 0.133586 0.118587 0.122773 0.122648 0.104616 0.100974 0.120378 0.089098 0.102995 0.131656 0.086231 0.121907 0.039500 0.015635 0.042961 0.059799 0.079508 0.029390 0.083785 0.093718 0.038246 0.059123 0.085787 0.108242 0.093008 0.145985 0.134428 0.111791 0.071181 0.026575 0.066054 0.085089 0.079135 0.118872 0.109931 0.121263 0.112209 0.094736 0.113413 0.146343 0.120699 0.087205 0.020310 0.133841 0.116671 0.117664 0.037144 0.115554 0.053300 0.117282 0.050113
67000.003182 8.459826 0.078581 0.101840 0.101312 0.130008 0.140374 0.128443 0.070460 0.093466 0.121557 0.131433 0.121695 0.120623 0.119115 0.102763 0.103303 0.122077 0.089042 0.105296 0.128723 0.089021 0.117853 0.036498 0.013008 0.047418 0.058551 0.083029 0.025199 0.086330 0.093831 0.041347 0.053324 0.089037 0.109981 0.098321 0.147465 0.137222 0.114199 0.075777 0.031311 0.070246 0.090602 0.077394 0.117290 0.114175 0.121554 0.114121 0.098989 0.113399 0.147794 0.117919 0.082994 0.023545 0.133859 0.116149 0.121331 0.039216 0.114440 0.052613 0.115992 0.055465
68000.003230 4.140826 0.076538 0.102624 0.100424 0.131241 0.140089 0.128803 0.069618 0.090690 0.120770 0.131541 0.120162 0.118552 0.117111 0.100623 0.102290 0.123138 0.088098 0.101684 0.126312 0.087343 0.116303 0.038346 0.009100 0.047177 0.062034 0.083921 0.032081 0.089299 0.095276 0.043374 0.053219 0.090775 0.111408 0.099203 0.148129 0.137345 0.115620 0.080188 0.032459 0.071581 0.090999 0.077703 0.117071 0.114423 0.121984 0.113455 0.100306 0.114477 0.147106 0.118669 0.084746 0.030335 0.134128 0.118691 0.122718 0.035634 0.110386 0.053026 0.117062 0.057121
69000.003277 5.937434 0.075365 0.099587 0.099892 0.128994 0.140124 0.126171 0.071679 0.093878 0.118384 0.133424 0.119147 0.125858 0.122798 0.108010 0.099787 0.120783 0.093968 0.101551 0.130175 0.087646 0.119400 0.044809 0.010897 0.040857 0.067655 0.086055 0.038472 0.092645 0.100745 0.043410 0.061049 0.083726 0.106784 0.095247 0.148688 0.135462 0.111979 0.080194 0.024361 0.063676 0.090398 0.083833 0.115548 0.110143 0.120010 0.107735 0.094762 0.110277 0.147433 0.121902 0.091698 0.029233 0.134934 0.116794 0.119381 0.032400 0.117516 0.055560 0.115063 0.048951
70000.003325 11.085995 0.080971 0.105931 0.104171 0.132939 0.140853 0.131617 0.072919 0.094152 0.124358 0.131797 0.124002 0.117848 0.116450 0.100197 0.106914 0.125274 0.089175 0.106692 0.126772 0.090177 0.116369 0.033434 0.014890 0.051155 0.058711 0.081505 0.030518 0.084739 0.090976 0.043205 0.050163 0.093552 0.112585 0.101250 0.147082 0.138392 0.116825 0.077814 0.036076 0.075312 0.091267 0.074856 0.117823 0.116575 0.122098 0.115785 0.102307 0.116227 0.147795 0.116920 0.080744 0.026123 0.133339 0.118269 0.123514 0.037337 0.110615 0.056004 0.117507 0.060237
71000.003372 13.106144 0.077855 0.101505 0.101091 0.128962 0.139180 0.127723 0.070172 0.093584 0.121180 0.130636 0.121214 0.120435 0.118361 0.102509 0.103581 0.121211 0.088900 0.105361 0.128050 0.087543 0.116864 0.037307 0.016190 0.048861 0.060732 0.082777 0.030312 0.086649 0.093863 0.042732 0.053247 0.089458 0.109563 0.098598 0.146434 0.136532 0.114104 0.076725 0.030669 0.071204 0.090821 0.077945 0.116740 0.113986 0.120578 0.113255 0.099108 0.113553 0.147272 0.117951 0.084044 0.021293 0.133407 0.115779 0.120466 0.037431 0.114325 0.054008 0.115774 0.056487
72000.003420 8.610920 0.082633 0.106127 0.105213 0.132369 0.141352 0.131277 0.075627 0.096418 0.124433 0.132732 0.123275 0.121871 0.119932 0.104772 0.107415 0.125417 0.092577 0.107914 0.129039 0.092000 0.117933 0.034334 0.013123 0.045171 0.058448 0.078790 0.035080 0.084727 0.091239 0.037877 0.052279 0.088969 0.108060 0.095137 0.143967 0.133445 0.111392 0.075038 0.032197 0.070582 0.086817 0.074024 0.114473 0.110620 0.117931 0.110824 0.096565 0.113013 0.144195 0.115458 0.083189 0.024291 0.130320 0.115088 0.118018 0.030445 0.114201 0.059449 0.115197 0.055276
73000.003467 4.307317 0.081190 0.105370 0.103926 0.133363 0.142391 0.130997 0.075404 0.095294 0.123003 0.134553 0.121895 0.122861 0.121418 0.105714 0.105277 0.125666 0.093279 0.105162 0.129970 0.091244 0.119682 0.037077 0.009282 0.042499 0.060339 0.079871 0.035877 0.086084 0.092853 0.038547 0.055227 0.087614 0.108240 0.094647 0.145535 0.134196 0.111959 0.076194 0.030972 0.068339 0.086908 0.075672 0.115363 0.109897 0.118962 0.109990 0.095944 0.112966 0.144791 0.117211 0.085063 0.028378 0.131340 0.116763 0.119108 0.030155 0.114322 0.058905 0.116209 0.052981
74000.003515 5.046326 0.072258 0.098137 0.097305 0.128815 0.140029 0.125367 0.068225 0.090587 0.117061 0.132979 0.118091 0.123794 0.121663 0.105533 0.097252 0.119658 0.090579 0.098587 0.129347 0.085380 0.119701 0.045687 0.010046 0.042849 0.067730 0.088375 0.033912 0.093592 0.101902 0.045975 0.061753 0.085737 0.109454 0.097882 0.151242 0.138235 0.114831 0.081173 0.026560 0.065483 0.092433 0.085320 0.118357 0.113273 0.123462 0.111446 0.097491 0.111807 0.149661 0.123864 0.091543 0.031651 0.137632 0.118910 0.122445 0.038299 0.115750 0.051156 0.116725 0.050489
75000.003562 7.197277 0.075984 0.098994 0.099408 0.127640 0.138970 0.125591 0.069937 0.092992 0.118647 0.131268 0.119217 0.123152 0.120744 0.105196 0.100501 0.119651 0.091130 0.102966 0.128879 0.087576 0.117946 0.041201 0.011998 0.042451 0.063326 0.083581 0.032392 0.089052 0.097383 0.040961 0.057564 0.084751 0.106837 0.094877 0.146772 0.134551 0.111413 0.076921 0.025400 0.065375 0.088970 0.080887 0.115467 0.110487 0.119447 0.109440 0.095118 0.110513 0.146405 0.119756 0.088262 0.023994 0.133614 0.115209 0.118239 0.034105 0.115983 0.053191 0.114345 0.050544
76000.003610 3.333918 0.077972 0.102008 0.101912 0.130807 0.141174 0.127710 0.074799 0.095305 0.120062 0.134412 0.120316 0.126164 0.123552 0.109031 0.101489 0.122919 0.095707 0.102589 0.130505 0.090385 0.120163 0.043354 0.008166 0.038476 0.065623 0.084166 0.038871 0.090867 0.098484 0.041454 0.060616 0.083234 0.105837 0.093690 0.147407 0.134151 0.110657 0.078859 0.026634 0.063296 0.088586 0.081281 0.114280 0.108565 0.118661 0.106780 0.093431 0.109466 0.145639 0.119893 0.089909 0.031331 0.132872 0.116056 0.118662 0.030547 0.117525 0.058151 0.114474 0.048089
77000.003657 4.057805 0.078776 0.104146 0.102422 0.131354 0.139820 0.129628 0.072089 0.093314 0.122291 0.131375 0.121818 0.119772 0.117445 0.102111 0.104165 0.124000 0.090001 0.103878 0.126403 0.089544 0.115979 0.037245 0.009009 0.047256 0.061937 0.084063 0.033054 0.089296 0.095306 0.043242 0.052988 0.090534 0.110401 0.099411 0.147707 0.136913 0.114799 0.080228 0.033815 0.072161 0.091434 0.077605 0.115885 0.114283 0.120889 0.112827 0.099955 0.113557 0.147028 0.117875 0.084318 0.030332 0.133580 0.117283 0.122272 0.034614 0.111837 0.055160 0.115726 0.057218
78000.003705 10.775038 0.088239 0.111748 0.110644 0.137409 0.146003 0.136003 0.082975 0.101306 0.128757 0.137475 0.126772 0.126781 0.124707 0.110667 0.111847 0.130882 0.099436 0.111206 0.132785 0.098581 0.121555 0.035822 0.014680 0.042039 0.058410 0.078061 0.042211 0.085407 0.091159 0.036093 0.054387 0.089628 0.108693 0.093906 0.144826 0.133160 0.110897 0.075984 0.036476 0.070277 0.085929 0.072618 0.113963 0.109166 0.117625 0.109745 0.096019 0.113601 0.143713 0.115218 0.084316 0.033136 0.129747 0.116883 0.118628 0.025194 0.117602 0.066889 0.116677 0.055115
79000.003752 8.884343 0.082111 0.106233 0.105223 0.134949 0.145557 0.132211 0.077617 0.096699 0.123782 0.137781 0.122817 0.126691 0.125472 0.109584 0.106008 0.126292 0.096720 0.106022 0.133940 0.093391 0.123092 0.039809 0.013330 0.038415 0.059749 0.079016 0.039677 0.085124 0.093061 0.036707 0.058534 0.086984 0.109060 0.093041 0.146651 0.134290 0.111687 0.074219 0.030859 0.066087 0.085363 0.076772 0.116679 0.109187 0.120253 0.109750 0.094933 0.113300 0.145248 0.118893 0.087097 0.030572 0.132267 0.118587 0.118586 0.029283 0.117323 0.062095 0.118292 0.050475
80000.003800 6.422357 0.078821 0.102379 0.101529 0.129759 0.139818 0.128042 0.072287 0.094120 0.121046 0.131755 0.120442 0.122069 0.120223 0.104499 0.103256 0.122041 0.090797 0.104693 0.128710 0.089137 0.118457 0.037610 0.011333 0.044467 0.060901 0.081775 0.031131 0.086984 0.094625 0.039913 0.055120 0.087552 0.108178 0.095759 0.146237 0.134614 0.112068 0.076237 0.029518 0.068464 0.088497 0.077928 0.115745 0.111149 0.119428 0.111166 0.096780 0.112127 0.146041 0.118330 0.085749 0.024043 0.132884 0.115590 0.119249 0.032399 0.114824 0.055110 0.115025 0.053402
81000.003847 4.126440 0.076312 0.100917 0.100406 0.129741 0.139728 0.127219 0.070508 0.093000 0.120166 0.131734 0.120835 0.121297 0.119333 0.103622 0.101318 0.121546 0.090339 0.102958 0.128073 0.087977 0.117730 0.039514 0.009085 0.045696 0.062627 0.085199 0.029473 0.089102 0.096337 0.043725 0.055577 0.087611 0.109276 0.098720 0.148597 0.137559 0.114437 0.078826 0.028920 0.068324 0.091818 0.079927 0.116550 0.113924 0.121374 0.112106 0.098554 0.111914 0.148060 0.119276 0.085547 0.025993 0.134473 0.116790 0.122113 0.037013 0.114447 0.052712 0.115536 0.053724
82000.003895 3.545849 0.075638 0.101384 0.100185 0.130786 0.140845 0.128039 0.070100 0.091946 0.120179 0.133077 0.120520 0.121921 0.119971 0.103785 0.101232 0.122322 0.090565 0.101636 0.128625 0.087713 0.118184 0.041104 0.008421 0.044341 0.063861 0.085179 0.033850 0.090186 0.097551 0.043678 0.056877 0.088276 0.110301 0.098363 0.149400 0.137728 0.115139 0.079824 0.029394 0.068741 0.091162 0.080737 0.117535 0.113891 0.122430 0.112184 0.098724 0.113207 0.148318 0.120816 0.087589 0.029640 0.135459 0.118652 0.122162 0.035685 0.113815 0.053550 0.117013 0.053619
83000.003942 8.192819 0.072988 0.099305 0.097310 0.127511 0.135868 0.125255 0.065608 0.088303 0.118156 0.127410 0.118872 0.115349 0.113233 0.097031 0.099046 0.119747 0.084593 0.099162 0.121967 0.084606 0.112864 0.041493 0.012801 0.052090 0.066112 0.089538 0.027617 0.093571 0.099590 0.049850 0.054316 0.091742 0.112109 0.103557 0.150511 0.139979 0.117987 0.084718 0.034692 0.073923 0.095945 0.082107 0.117700 0.118094 0.123694 0.115510 0.103178 0.113664 0.149611 0.120570 0.085628 0.032769 0.136833 0.118251 0.125820 0.042308 0.108371 0.047046 0.115315 0.059947
84000.003990 3.416946 0.079221 0.103869 0.102731 0.132091 0.141214 0.129733 0.073568 0.094065 0.121849 0.132996 0.121855 0.121482 0.119964 0.104523 0.103543 0.124106 0.091924 0.104119 0.128673 0.090007 0.118724 0.037913 0.008267 0.043788 0.060483 0.082355 0.032585 0.086808 0.094096 0.040920 0.055674 0.087246 0.108386 0.096209 0.146522 0.135586 0.112640 0.076621 0.030555 0.067713 0.088745 0.077270 0.115658 0.111670 0.120018 0.111052 0.096672 0.111927 0.145757 0.117691 0.084308 0.028748 0.132204 0.116463 0.120574 0.035175 0.113509 0.056321 0.115492 0.052755
85000.004037 13.622359 0.085470 0.107101 0.106486 0.133955 0.144598 0.132919 0.077762 0.097621 0.125667 0.135515 0.123862 0.124346 0.123390 0.107218 0.109373 0.126424 0.094712 0.109931 0.132960 0.095005 0.120932 0.032941 0.016506 0.040945 0.052560 0.073551 0.035365 0.079110 0.086830 0.031190 0.052666 0.088148 0.107963 0.091261 0.142035 0.131424 0.109398 0.068811 0.033516 0.069030 0.082190 0.070590 0.115158 0.107903 0.117526 0.110683 0.094184 0.113743 0.142308 0.114146 0.081599 0.024625 0.128535 0.115228 0.115130 0.029513 0.116477 0.062436 0.116786 0.053148
86000.004085 3.634212 0.078301 0.104088 0.103057 0.132539 0.142245 0.129656 0.074343 0.095777 0.122511 0.135134 0.122543 0.125151 0.122557 0.107492 0.103325 0.124598 0.094520 0.103650 0.130409 0.090809 0.119976 0.041613 0.008526 0.043821 0.065366 0.086137 0.037199 0.091405 0.098161 0.044544 0.057992 0.088663 0.110339 0.099385 0.150623 0.138560 0.115603 0.081485 0.031138 0.069308 0.092716 0.081196 0.117150 0.114172 0.122222 0.111626 0.099268 0.113093 0.149271 0.121060 0.088440 0.031704 0.135852 0.118928 0.123396 0.033024 0.117109 0.057607 0.117067 0.054023
87000.004132 5.416219 0.078217 0.103831 0.102659 0.131024 0.139274 0.128957 0.072640 0.093830 0.122028 0.130910 0.122149 0.120291 0.117094 0.102997 0.103480 0.124180 0.091597 0.103242 0.125328 0.090600 0.114595 0.040853 0.010408 0.047630 0.065109 0.087652 0.035974 0.093495 0.098524 0.046360 0.053807 0.090132 0.110249 0.100758 0.149027 0.137649 0.115232 0.084396 0.034560 0.071592 0.094178 0.079568 0.114599 0.114887 0.120731 0.111648 0.100557 0.112203 0.147372 0.118154 0.085963 0.035083 0.134038 0.117512 0.123556 0.035297 0.112253 0.055464 0.114913 0.057834
88000.004180 4.849469 0.076545 0.100167 0.100251 0.128825 0.139678 0.125757 0.073068 0.094159 0.118726 0.133036 0.119098 0.125850 0.122800 0.108345 0.100015 0.121136 0.094813 0.101150 0.129403 0.089725 0.118673 0.044786 0.009848 0.037484 0.065948 0.084764 0.039023 0.091688 0.099253 0.041982 0.061029 0.082399 0.104953 0.093412 0.146974 0.133433 0.110056 0.079307 0.027327 0.063583 0.088704 0.082018 0.113578 0.108289 0.118190 0.106200 0.092898 0.108466 0.144991 0.119634 0.090230 0.032821 0.132598 0.114998 0.117680 0.032023 0.117461 0.056932 0.113372 0.048044
89000.004227 7.527881 0.077528 0.103546 0.101211 0.131133 0.138907 0.129446 0.069237 0.091093 0.121906 0.129686 0.121835 0.115841 0.114278 0.097879 0.103544 0.123372 0.086130 0.103236 0.124260 0.087585 0.114587 0.036316 0.012270 0.052581 0.061452 0.085838 0.026769 0.089227 0.095021 0.046481 0.050795 0.093835 0.113427 0.103342 0.149392 0.139998 0.118209 0.081561 0.036215 0.075426 0.094210 0.077771 0.118175 0.118263 0.123559 0.116791 0.103964 0.115754 0.149256 0.118493 0.082081 0.029790 0.135450 0.118855 0.125827 0.040279 0.108660 0.051123 0.117006 0.061204
90000.004275 5.296319 0.074008 0.097468 0.097417 0.126667 0.137612 0.124086 0.068318 0.091070 0.116910 0.130179 0.117772 0.121700 0.119507 0.103770 0.098242 0.118510 0.089506 0.100364 0.127323 0.086100 0.117178 0.042386 0.010292 0.042183 0.064072 0.084835 0.030453 0.089804 0.098183 0.042677 0.058717 0.083773 0.106195 0.095137 0.146884 0.134670 0.111395 0.077616 0.025957 0.064959 0.089483 0.081795 0.115321 0.110479 0.119633 0.109343 0.094798 0.109498 0.146127 0.119840 0.088049 0.027084 0.133605 0.114723 0.118676 0.036922 0.114626 0.050860 0.113472 0.049781
91000.004322 6.174870 0.079671 0.105303 0.103570 0.132950 0.141799 0.131057 0.072932 0.094234 0.123491 0.133025 0.122751 0.120659 0.118714 0.103046 0.105333 0.125131 0.090817 0.105177 0.128236 0.090232 0.117534 0.036603 0.011113 0.048200 0.060836 0.083672 0.032925 0.088548 0.094332 0.042769 0.051935 0.092129 0.112302 0.100399 0.148710 0.138239 0.116195 0.079988 0.033784 0.072624 0.092058 0.076755 0.117150 0.115402 0.122084 0.114104 0.101554 0.115236 0.148088 0.118165 0.083780 0.029093 0.134280 0.118991 0.123670 0.034087 0.112775 0.056248 0.117684 0.058378
92000.004370 8.132367 0.076071 0.100314 0.099213 0.129111 0.138825 0.126434 0.069554 0.091932 0.119436 0.131078 0.119816 0.119775 0.118798 0.102022 0.100682 0.120796 0.088310 0.102305 0.127543 0.087046 0.118187 0.039409 0.012753 0.046550 0.062030 0.083978 0.026569 0.087181 0.095158 0.043834 0.056521 0.087610 0.108975 0.098095 0.147610 0.136892 0.114241 0.077026 0.030061 0.069120 0.090439 0.079752 0.117373 0.113526 0.121425 0.112930 0.098255 0.112109 0.147519 0.119378 0.085194 0.024856 0.134245 0.116148 0.121398 0.038873 0.113461 0.051190 0.115406 0.053902
93000.004417 3.161879 0.074142 0.100242 0.098798 0.129146 0.138085 0.126206 0.069025 0.090636 0.118377 0.130345 0.118995 0.119661 0.117233 0.102086 0.099024 0.121236 0.089165 0.099342 0.125106 0.086331 0.115733 0.043115 0.007952 0.046868 0.066832 0.088767 0.032879 0.094076 0.100346 0.047394 0.057282 0.088001 0.109627 0.100024 0.149898 0.138098 0.115271 0.083729 0.031060 0.068911 0.093863 0.082357 0.116056 0.114401 0.121869 0.111673 0.099461 0.111625 0.148136 0.120525 0.087755 0.033875 0.135441 0.117755 0.123822 0.038283 0.111655 0.051207 0.114946 0.055187
94000.004465 3.284147 0.080001 0.105441 0.103923 0.134105 0.143446 0.131429 0.074788 0.095988 0.123600 0.135667 0.122952 0.124201 0.122750 0.106880 0.104751 0.126092 0.093108 0.105332 0.131437 0.090666 0.121500 0.038812 0.008105 0.045098 0.062592 0.083636 0.033625 0.088880 0.095822 0.041953 0.056633 0.089052 0.110456 0.097933 0.149144 0.137764 0.114944 0.078403 0.030009 0.069116 0.090583 0.078717 0.117818 0.113153 0.121942 0.112683 0.098835 0.114262 0.148508 0.120044 0.086880 0.027154 0.134926 0.118579 0.122517 0.033379 0.116545 0.057357 0.117964 0.053854
95000.004512 10.837717 0.069739 0.096351 0.095416 0.125560 0.135363 0.122875 0.064522 0.087994 0.115612 0.127651 0.117640 0.118467 0.115139 0.100095 0.095711 0.117352 0.086850 0.096642 0.122845 0.083894 0.113304 0.047440 0.014723 0.049630 0.070717 0.093703 0.032796 0.098092 0.104956 0.052496 0.059616 0.088863 0.110938 0.103411 0.152480 0.140423 0.117436 0.087288 0.033050 0.070554 0.097896 0.087453 0.117417 0.117783 0.124343 0.113578 0.101762 0.111296 0.150676 0.123442 0.090428 0.037134 0.138744 0.118493 0.125759 0.043988 0.111107 0.046694 0.114606 0.057044
96000.004560 4.843584 0.080154 0.103713 0.102916 0.130536 0.140061 0.128708 0.073952 0.094975 0.122106 0.131889 0.121141 0.122308 0.119853 0.105040 0.104491 0.123586 0.092407 0.104970 0.127981 0.091148 0.116886 0.037768 0.009842 0.043352 0.060538 0.081535 0.034908 0.088065 0.094084 0.039520 0.053502 0.087491 0.107512 0.095312 0.145262 0.133548 0.111308 0.077894 0.031414 0.068979 0.088393 0.075946 0.113574 0.110172 0.117790 0.109428 0.096323 0.111447 0.144243 0.116108 0.084730 0.028426 0.130953 0.115007 0.118605 0.029929 0.114552 0.057495 0.114319 0.054246
97000.004607 3.891201 0.074819 0.100541 0.099469 0.129318 0.138885 0.126706 0.069543 0.091853 0.119321 0.131433 0.120056 0.121689 0.118993 0.103505 0.100152 0.121548 0.090257 0.100712 0.126644 0.087296 0.116871 0.043446 0.008822 0.046261 0.067522 0.088221 0.034318 0.093921 0.101028 0.046768 0.058444 0.088328 0.110039 0.099835 0.150599 0.138397 0.115735 0.083172 0.030583 0.069651 0.093412 0.083497 0.117271 0.114687 0.122569 0.112234 0.099546 0.112615 0.149387 0.122236 0.089762 0.032118 0.136915 0.118322 0.123252 0.036855 0.113756 0.052120 0.115851 0.054652
98000.004655 4.891476 0.077006 0.102573 0.101063 0.130686 0.139958 0.128097 0.071447 0.093193 0.121057 0.132242 0.120713 0.121020 0.119245 0.103355 0.102325 0.122681 0.090246 0.102917 0.127837 0.088342 0.117912 0.039221 0.009891 0.046315 0.063254 0.084674 0.032086 0.089411 0.096021 0.043914 0.055097 0.089361 0.110230 0.099177 0.148632 0.137358 0.115082 0.079972 0.030761 0.070234 0.091619 0.079282 0.116713 0.114056 0.121395 0.112420 0.099637 0.113008 0.147788 0.119364 0.086043 0.027461 0.134531 0.117652 0.122535 0.034045 0.113715 0.054134 0.116238 0.055519
99000.004702 1.575080 0.078117 0.102321 0.101742 0.129747 0.138989 0.127527 0.072863 0.094590 0.120908 0.131350 0.120942 0.122072 0.119469 0.104899 0.102557 0.122635 0.091979 0.103592 0.127329 0.089690 0.116978 0.039298 0.005613 0.043725 0.063172 0.084133 0.033222 0.089604 0.096211 0.042404 0.055606 0.086235 0.106899 0.096638 0.146541 0.134966 0.112035 0.079073 0.029519 0.067808 0.090279 0.078793 0.113955 0.111202 0.118527 0.109442 0.096424 0.110259 0.145722 0.117601 0.085901 0.027853 0.132310 0.114724 0.119864 0.032710 0.114857 0.055430 0.113592 0.052826
100000.004750 5.278032 0.077700 0.103889 0.101937 0.132138 0.140333 0.129283 0.072393 0.093676 0.122043 0.132760 0.122326 0.120563 0.119052 0.103107 0.102616 0.124253 0.090486 0.102827 0.127377 0.089236 0.118563 0.040071 0.010274 0.048098 0.064590 0.086717 0.031033 0.090363 0.097278 0.046715 0.056984 0.090231 0.111131 0.101258 0.150376 0.139555 0.116919 0.081331 0.033670 0.071771 0.093421 0.080785 0.118154 0.116150 0.123207 0.114295 0.101047 0.113622 0.149614 0.120683 0.086107 0.031343 0.136080 0.118542 0.125014 0.038656 0.113294 0.053821 0.116581 0.056406
101000.004797 7.935695 0.076246 0.100568 0.099826 0.127654 0.136467 0.126107 0.068908 0.091311 0.119544 0.127786 0.119640 0.117343 0.114675 0.099750 0.101721 0.120736 0.087663 0.102554 0.123440 0.087000 0.112806 0.038688 0.012598 0.048797 0.063411 0.085291 0.031359 0.090852 0.096459 0.044713 0.051917 0.089006 0.108653 0.098978 0.146211 0.135574 0.113496 0.081410 0.031664 0.071014 0.092137 0.078339 0.114087 0.113471 0.119165 0.111347 0.099054 0.111617 0.145716 0.116899 0.084471 0.028521 0.132461 0.115242 0.120942 0.036104 0.110311 0.051804 0.113427 0.057393
102000.004845 5.298391 0.083066 0.108481 0.106802 0.135818 0.143165 0.133868 0.076326 0.096636 0.126534 0.134010 0.126300 0.120405 0.118402 0.103589 0.108065 0.128690 0.092937 0.107441 0.128178 0.093697 0.117247 0.034951 0.010294 0.049408 0.058600 0.083956 0.032792 0.087590 0.092297 0.043865 0.050578 0.092677 0.112139 0.101694 0.148118 0.139222 0.116737 0.080227 0.037450 0.074130 0.093032 0.074200 0.116278 0.116492 0.121772 0.114631 0.102017 0.115063 0.147524 0.115574 0.080024 0.032557 0.132511 0.118325 0.125021 0.038287 0.112748 0.058865 0.117283 0.059563
103000.004892 8.288726 0.078502 0.101228 0.101386 0.130080 0.141993 0.127375 0.074618 0.095462 0.119808 0.135346 0.119662 0.127734 0.125893 0.110143 0.101848 0.121618 0.095597 0.103754 0.133147 0.090145 0.122616 0.042624 0.012875 0.035851 0.062973 0.080234 0.037950 0.086476 0.096127 0.037327 0.061961 0.082159 0.105165 0.090533 0.145889 0.132408 0.109038 0.073392 0.024355 0.061954 0.084730 0.080675 0.115585 0.106575 0.118457 0.106952 0.091325 0.109974 0.144991 0.120510 0.090330 0.026071 0.132575 0.115446 0.115746 0.029500 0.119406 0.058761 0.115207 0.045323
104000.004940 5.746031 0.079209 0.103362 0.102517 0.130859 0.140153 0.128262 0.074302 0.094562 0.121351 0.132438 0.120705 0.122770 0.120149 0.105614 0.103349 0.123695 0.093593 0.103267 0.127671 0.091301 0.116929 0.040749 0.010720 0.041992 0.063119 0.083119 0.037763 0.090119 0.095804 0.041516 0.055481 0.086926 0.107504 0.095658 0.146167 0.133948 0.111730 0.080235 0.031780 0.068146 0.089439 0.077561 0.113381 0.110104 0.118117 0.108380 0.096247 0.110837 0.144384 0.116930 0.086378 0.032913 0.131365 0.115985 0.119356 0.030078 0.114354 0.057952 0.114389 0.053657
105000.004987 6.071632 0.076087 0.103226 0.101398 0.130805 0.138290 0.128140 0.071556 0.092719 0.120997 0.130884 0.121315 0.119542 0.116553 0.102079 0.102030 0.123607 0.090560 0.101265 0.124465 0.088079 0.114905 0.042678 0.011020 0.049198 0.068474 0.089018 0.037666 0.094756 0.100049 0.049317 0.056074 0.090645 0.110766 0.102207 0.150110 0.138880 0.116854 0.086126 0.033847 0.072462 0.095210 0.081976 0.115885 0.116077 0.121845 0.112141 0.101552 0.112840 0.148603 0.120303 0.088014 0.034756 0.135553 0.118543 0.124878 0.035932 0.111329 0.054524 0.115505 0.058300
106000.005035 6.345514 0.077276 0.102489 0.101635 0.130184 0.138392 0.128381 0.070134 0.092805 0.121611 0.129553 0.122162 0.118088 0.115215 0.100522 0.103036 0.123319 0.088824 0.103599 0.124490 0.088451 0.113542 0.038868 0.011265 0.050692 0.063739 0.087608 0.030840 0.092313 0.097278 0.046970 0.051405 0.090730 0.110642 0.102073 0.148706 0.138780 0.116235 0.083514 0.033273 0.072603 0.095226 0.078727 0.115390 0.116349 0.121254 0.113255 0.101615 0.113050 0.148159 0.117441 0.083702 0.030676 0.134070 0.116907 0.124183 0.039153 0.111223 0.052413 0.114930 0.059004
107000.005082 7.602394 0.076634 0.100918 0.099778 0.128522 0.137934 0.126759 0.068776 0.091705 0.120556 0.129417 0.120446 0.118133 0.116291 0.100117 0.102142 0.121073 0.087221 0.103225 0.125612 0.087445 0.114844 0.037056 0.012331 0.048256 0.060537 0.084018 0.027579 0.087795 0.094136 0.043741 0.052018 0.089485 0.109404 0.099424 0.146716 0.136679 0.114423 0.078576 0.032404 0.072053 0.091542 0.077511 0.115817 0.114616 0.120526 0.113292 0.099577 0.112568 0.146637 0.116969 0.082767 0.025930 0.132952 0.115413 0.121388 0.038393 0.112057 0.051573 0.114566 0.057175
108000.005130 8.348934 0.081677 0.106841 0.105007 0.133316 0.141219 0.132446 0.072727 0.094822 0.125889 0.131373 0.125579 0.117664 0.115998 0.099997 0.107780 0.126279 0.088635 0.107776 0.126525 0.091779 0.115610 0.032250 0.012922 0.052580 0.057362 0.083685 0.026562 0.086224 0.091778 0.044088 0.048076 0.094935 0.113624 0.103271 0.148400 0.139990 0.117954 0.078993 0.038151 0.077014 0.093470 0.074495 0.117905 0.118682 0.123035 0.117743 0.104135 0.116446 0.149013 0.116365 0.079244 0.027828 0.134192 0.118046 0.125230 0.039886 0.111330 0.054915 0.117363 0.062053
109000.005177 8.378169 0.080588 0.104512 0.102983 0.131441 0.140454 0.130155 0.072344 0.093674 0.122977 0.131305 0.121614 0.119175 0.117788 0.101677 0.105732 0.124068 0.089030 0.106108 0.127504 0.089628 0.116688 0.033918 0.012945 0.047737 0.057881 0.079947 0.030601 0.085428 0.091416 0.039208 0.050209 0.090666 0.109913 0.096970 0.144903 0.134754 0.113100 0.076188 0.032715 0.071951 0.088307 0.073857 0.115601 0.112370 0.119363 0.112848 0.098821 0.114262 0.145026 0.115706 0.082141 0.023891 0.131355 0.116136 0.119776 0.033062 0.111867 0.055744 0.116052 0.057526
110000.005225 6.965336 0.076315 0.099990 0.099630 0.129148 0.139616 0.126363 0.071587 0.093087 0.118584 0.132460 0.119359 0.123539 0.121679 0.106190 0.099769 0.120912 0.091987 0.101615 0.129225 0.087896 0.119726 0.042987 0.011803 0.041474 0.064398 0.084602 0.033177 0.089316 0.098163 0.042691 0.060973 0.083348 0.105931 0.094415 0.147109 0.134838 0.111122 0.076886 0.027189 0.064186 0.088806 0.081990 0.115830 0.109882 0.119855 0.109232 0.093953 0.109723 0.146244 0.120353 0.088585 0.029634 0.133490 0.115229 0.119037 0.037625 0.115959 0.054121 0.114049 0.048635
111000.005272 8.700476 0.081917 0.104840 0.104643 0.131709 0.141746 0.130532 0.074664 0.096471 0.124220 0.133068 0.123756 0.122607 0.120816 0.105176 0.106789 0.124623 0.092855 0.108076 0.129908 0.092609 0.118412 0.034715 0.013191 0.044178 0.057768 0.079257 0.032658 0.083918 0.091375 0.037707 0.052759 0.088479 0.108465 0.095557 0.145043 0.134552 0.112076 0.074110 0.031536 0.069939 0.087382 0.074923 0.115499 0.111535 0.119029 0.111626 0.096819 0.112909 0.145444 0.116419 0.083304 0.023745 0.131461 0.115422 0.118493 0.032260 0.115687 0.058152 0.115497 0.054339
112000.005320 6.545653 0.080118 0.103255 0.102629 0.131442 0.141586 0.128931 0.074058 0.095303 0.122055 0.133708 0.121374 0.123110 0.121915 0.105851 0.103926 0.123600 0.092668 0.105422 0.130350 0.091043 0.119925 0.037551 0.011442 0.042347 0.059514 0.080496 0.031413 0.085489 0.092867 0.038536 0.055197 0.086637 0.107822 0.094756 0.145846 0.134360 0.111736 0.075154 0.029246 0.067257 0.087513 0.076442 0.115524 0.110279 0.119052 0.110332 0.095924 0.111813 0.145270 0.117342 0.084913 0.024695 0.131746 0.115778 0.118957 0.031802 0.115975 0.056629 0.115522 0.052250
113000.005367 5.456546 0.080827 0.104682 0.103025 0.131936 0.140838 0.129638 0.074677 0.094259 0.122349 0.133009 0.120991 0.121231 0.120179 0.104075 0.104965 0.124467 0.091951 0.104533 0.128399 0.091060 0.118493 0.036446 0.010447 0.041984 0.059144 0.078029 0.035057 0.084169 0.091045 0.037722 0.054619 0.087536 0.107421 0.093649 0.143816 0.132617 0.111016 0.074783 0.032000 0.069135 0.085141 0.074394 0.114622 0.109040 0.117825 0.109703 0.095305 0.112237 0.143144 0.116071 0.084033 0.027771 0.130043 0.115466 0.117599 0.029254 0.112992 0.058288 0.115167 0.053322
114000.005415 13.743613 0.077126 0.098802 0.098978 0.126372 0.136433 0.124864 0.068818 0.091854 0.118851 0.127769 0.119864 0.117958 0.116479 0.100465 0.101011 0.118935 0.087330 0.103727 0.125371 0.087591 0.115217 0.038121 0.016579 0.047468 0.059316 0.082795 0.023196 0.085296 0.093498 0.042772 0.054759 0.086094 0.106522 0.096582 0.144540 0.134708 0.111658 0.074700 0.031441 0.068981 0.089358 0.078006 0.115169 0.112200 0.119024 0.112065 0.096311 0.110166 0.145261 0.116451 0.082277 0.023949 0.131529 0.112643 0.118781 0.042197 0.112628 0.050413 0.112446 0.054025
115000.005462 5.577490 0.077533 0.101162 0.100489 0.128373 0.137878 0.126778 0.070451 0.092421 0.120147 0.129606 0.120178 0.119601 0.117370 0.101874 0.102248 0.121242 0.089462 0.103288 0.125624 0.088781 0.115228 0.038383 0.010562 0.045446 0.062077 0.083376 0.031239 0.088621 0.095706 0.042058 0.054258 0.087652 0.107938 0.096869 0.146158 0.134829 0.112461 0.078450 0.031301 0.069578 0.089569 0.078457 0.114786 0.112092 0.119251 0.111038 0.097261 0.111346 0.145648 0.117817 0.085244 0.028060 0.132662 0.115127 0.119677 0.034658 0.112348 0.053132 0.113667 0.054750
116000.005510 7.194351 0.080160 0.106475 0.104337 0.133925 0.141357 0.132376 0.072200 0.093444 0.124932 0.131588 0.124865 0.117096 0.115313 0.099590 0.106508 0.126436 0.088767 0.105763 0.125807 0.090726 0.115129 0.034844 0.011995 0.052183 0.059437 0.085278 0.029621 0.088371 0.093372 0.045722 0.048930 0.094789 0.114082 0.103821 0.149225 0.140555 0.118531 0.081358 0.037660 0.076127 0.094471 0.075626 0.117746 0.118945 0.123570 0.117063 0.104456 0.116272 0.148981 0.116917 0.080276 0.031573 0.134451 0.119374 0.126315 0.040140 0.109766 0.054722 0.117822 0.061907
117000.005557 8.188545 0.081730 0.107015 0.105289 0.133047 0.140129 0.131671 0.074103 0.095223 0.125455 0.130737 0.124987 0.117295 0.115402 0.100354 0.107471 0.126507 0.090063 0.107058 0.125028 0.092491 0.114528 0.033804 0.012797 0.051180 0.059296 0.083768 0.030630 0.087363 0.091996 0.044530 0.048184 0.093665 0.111962 0.102250 0.147078 0.138210 0.116495 0.080757 0.037869 0.075773 0.093174 0.074154 0.115521 0.116879 0.120829 0.115003 0.102884 0.114457 0.146898 0.115090 0.079900 0.030613 0.132310 0.117127 0.124301 0.036604 0.110579 0.056401 0.115756 0.061543
118000.005605 6.520715 0.081418 0.106845 0.104292 0.134507 0.142891 0.132236 0.075142 0.094089 0.123937 0.134418 0.122517 0.120777 0.119979 0.103515 0.106109 0.126354 0.091717 0.104948 0.129057 0.091456 0.119504 0.035913 0.011420 0.044977 0.059194 0.079874 0.034767 0.085240 0.091854 0.039719 0.054163 0.091192 0.111309 0.097153 0.146885 0.136003 0.114393 0.076719 0.035025 0.071795 0.087714 0.075106 0.117262 0.112753 0.121325 0.113258 0.099111 0.115178 0.145991 0.117829 0.083707 0.031044 0.132735 0.118987 0.121616 0.032289 0.111822 0.058531 0.117900 0.056330
119000.005652 10.862182 0.082817 0.104174 0.104785 0.131794 0.143116 0.129600 0.078376 0.098225 0.122514 0.135789 0.121492 0.128374 0.126306 0.111703 0.105401 0.124549 0.098252 0.107076 0.133399 0.093961 0.121898 0.041094 0.014739 0.034316 0.060959 0.077755 0.041305 0.085818 0.093911 0.033841 0.059622 0.081321 0.102936 0.087434 0.142489 0.129099 0.105828 0.072550 0.026446 0.061531 0.082232 0.076759 0.112249 0.103417 0.114844 0.104356 0.088775 0.108749 0.141363 0.116487 0.088642 0.027803 0.128504 0.113214 0.112644 0.025394 0.119919 0.062898 0.113702 0.045957
120000.005700 11.072753 0.082395 0.105278 0.104589 0.133269 0.144667 0.130982 0.077579 0.097010 0.123378 0.137170 0.122123 0.128290 0.126432 0.110807 0.105752 0.125291 0.097249 0.105938 0.134101 0.094185 0.122575 0.041381 0.014881 0.035993 0.060234 0.078942 0.041342 0.085996 0.094186 0.035919 0.060043 0.085231 0.106992 0.090993 0.145620 0.132375 0.109596 0.073666 0.032032 0.065880 0.084017 0.077588 0.115468 0.107332 0.118845 0.108434 0.092721 0.111896 0.144087 0.118645 0.088429 0.032471 0.131597 0.116552 0.116013 0.029383 0.119224 0.062668 0.116673 0.049369
