0.000000	-71.4998 -4.9426
1000.000047	-67.3253 -22.7204
2000.000095	-80.7141 -0.263145
3000.000142	-59.531 -15.8891
4000.000190	-72.397 -13.7148
5000.000237	-66.2017 -11.1082
6000.000285	-75.1493 -3.22284
7000.000332	-67.9346 -16.8747
8000.000380	-64.8707 -11.0363
9000.000427	-66.6712 -18.1898
10000.000475	-68.6617 -21.9743
11000.000522	-74.4856 -8.07893
12000.000570	-73.929 -13.6347
13000.000617	-71.7977 -3.28015
14000.000665	-78.8461 -3.35293
15000.000712	-69.3135 -13.3628
16000.000760	-83.6281 5.4251
17000.000807	-77.0449 -6.53023
18000.000855	-71.83 -14.8561
19000.000902	-59.6223 -5.03297
20000.000950	-63.5051 -7.19985
21000.000997	-63.8583 -7.6274
22000.001045	-58.5553 -13.3272
23000.001092	-65.2014 -5.28535
24000.001140	-75.9395 -9.34784
25000.001187	-68.8088 -17.3269
26000.001235	-68.6769 -11.505
27000.001282	-71.6042 -14.5553
28000.001330	-72.2199 -12.2624
29000.001377	-69.4593 -13.1046
30000.001425	-86.3863 -5.28574
31000.001472	-70.0716 -9.9992
32000.001520	-69.922 -12.0479
33000.001567	-62.6056 -13.1422
34000.001615	-65.6551 -12.2941
35000.001662	-68.2915 -0.0541347
36000.001710	-83.1629 -22.2076
37000.001757	-70.9885 -9.60606
38000.001805	-66.2147 -0.525408
39000.001852	-70.5009 -5.97016
40000.001900	-75.4632 -9.70307
41000.001947	-79.5772 1.2046
42000.001995	-79.2885 -5.89533
43000.002042	-73.9551 -7.31125
44000.002090	-74.1606 -12.6542
45000.002137	-76.4861 -7.88756
46000.002185	-72.8146 -16.1778
47000.002232	-77.5584 -11.2198
48000.002280	-68.2448 0.0410383
49000.002327	-75.418 -5.68202
50000.002375	-62.0549 -12.69
51000.002422	-80.6104 -15.6326
52000.002470	-74.2839 -21.9728
53000.002517	-69.2782 -14.0134
54000.002565	-60.4833 -9.27039
55000.002612	-70.8127 -7.46332
56000.002660	-80.968 -1.21171
57000.002707	-71.513 -10.0542
58000.002755	-67.4902 -13.9835
59000.002802	-59.4561 -21.5714
60000.002850	-69.9036 -8.30678
61000.002897	-66.5973 -8.53128
62000.002945	-65.4919 -9.52375
63000.002992	-71.8668 -13.2273
64000.003040	-67.8584 -22.671
65000.003087	-64.87 -25.1751
66000.003135	-77.9661 11.629
67000.003182	-62.4397 -21.9558
68000.003230	-77.7567 -13.5592
69000.003277	-72.7189 -16.4974
70000.003325	-66.3678 -13.9209
71000.003372	-76.6579 -10.6606
72000.003420	-68.2827 -16.109
73000.003467	-83.6305 -1.2746
74000.003515	-79.8848 1.41798
75000.003562	-67.7245 -8.54241
76000.003610	-69.0274 -16.4273
77000.003657	-68.7572 -21.375
78000.003705	-77.0316 -4.04176
79000.003752	-67.3681 -19.9207
80000.003800	-70.9375 -7.71674
81000.003847	-66.782 -15.8625
82000.003895	-64.7387 -12.3149
83000.003942	-70.1762 -26.7002
84000.003990	-66.6239 -8.67338
85000.004037	-71.446 -8.0988
86000.004085	-71.9213 -10.1256
87000.004132	-71.5323 -12.7092
88000.004180	-69.2541 -12.0922
89000.004227	-79.4153 -9.79169
90000.004275	-60.1426 -22.272
91000.004322	-70.2449 -15.4191
92000.004370	-66.6075 -18.9069
93000.004417	-72.4098 -13.5524
94000.004465	-65.4306 -9.97704
95000.004512	-71.858 -1.02289
96000.004560	-78.8184 -13.3731
97000.004607	-66.037 -14.6254
98000.004655	-63.9831 -14.0528
99000.004702	-72.1809 -12.299
100000.004750	-70.6575 -11.9329
101000.004797	-66.7579 -7.939
102000.004845	-62.8927 -14.0122
103000.004892	-76.9664 -4.64141
104000.004940	-73.8146 -3.99247
105000.004987	-64.6612 -10.0496
106000.005035	-62.0117 -11.3533
107000.005082	-68.3338 -8.84269
108000.005130	-72.9854 -7.58813
109000.005177	-73.435 -0.499513
110000.005225	-69.2521 -21.378
111000.005272	-73.5174 -0.899582
112000.005320	-63.249 -6.20082
113000.005367	-65.2604 -20.5544
114000.005415	-69.7773 -4.6091
115000.005462	-77.4915 -12.5898
116000.005510	-74.4284 -14.4211
117000.005557	-67.1522 -13.6
118000.005605	-74.7537 -14.3869
119000.005652	-69.2208 -7.97896
120000.005700	-70.8051 -21.4512
