0.000000	47.799 178.549
1000.000047	54.9368 -175.165
2000.000095	49.8103 -174.89
3000.000142	57.7392 177.606
4000.000190	51.222 -178.815
5000.000237	55.468 -177.821
6000.000285	49.7598 -177.476
7000.000332	52.6878 -178.459
8000.000380	62.5524 177.754
9000.000427	51.5544 177.812
10000.000475	52.6653 178.948
11000.000522	54.5815 -175.905
12000.000570	47.358 168.61
13000.000617	45.2562 -176.161
14000.000665	57.5253 -173.872
15000.000712	64.8614 179.367
16000.000760	51.0222 -162.586
17000.000807	57.878 178.966
18000.000855	42.5432 -173.301
19000.000902	54.0065 -169.398
20000.000950	44.0947 -177.652
21000.000997	50.8209 -169.145
22000.001045	61.5026 176.846
23000.001092	66.5454 172.956
24000.001140	53.1915 -176.158
25000.001187	48.2124 -174.064
26000.001235	54.9917 -179.367
27000.001282	54.4895 -176.969
28000.001330	56.3179 177.704
29000.001377	52.2147 175.309
30000.001425	47.8143 -178.169
31000.001472	56.984 176.687
32000.001520	47.2872 -173.335
33000.001567	45.5713 -168.663
34000.001615	56.44 -179.977
35000.001662	53.1378 -179.75
36000.001710	53.7356 -174.353
37000.001757	50.4772 172.53
38000.001805	58.1248 -172.148
39000.001852	54.9035 178.057
40000.001900	60.6746 175.98
41000.001947	52.1889 -170.872
42000.001995	53.693 174.719
43000.002042	53.0191 -171.552
44000.002090	53.8172 -171.013
45000.002137	51.9234 -172.965
46000.002185	54.5491 -172.879
47000.002232	63.1328 -175.714
48000.002280	58.6855 179.715
49000.002327	62.9945 -176.747
50000.002375	49.6697 -172.659
51000.002422	47.4745 -169.411
52000.002470	55.441 -178.236
53000.002517	54.8368 -174.696
54000.002565	51.8265 -170.091
55000.002612	52.4885 172.632
56000.002660	45.4326 176.148
57000.002707	42.5188 -170.311
58000.002755	35.6343 -171.537
59000.002802	56.8526 -178.934
60000.002850	55.2146 179.846
61000.002897	52.1738 178.12
62000.002945	42.9748 -170.714
63000.002992	70.2369 -177.031
64000.003040	46.9339 174.904
65000.003087	53.8744 178.11
66000.003135	51.2941 174.881
67000.003182	52.1519 -169.158
68000.003230	48.1808 -178.332
69000.003277	52.5819 -163.644
70000.003325	57.4764 -176.751
71000.003372	53.0562 176.671
72000.003420	58.4438 -175.703
73000.003467	54.4506 -176.108
74000.003515	65.6753 -172.689
75000.003562	44.6498 177.377
76000.003610	43.9216 -160.435
77000.003657	43.5857 -173.399
78000.003705	45.0612 -172.417
79000.003752	58.2454 178.97
80000.003800	57.5629 -176.76
81000.003847	47.2941 -179.933
82000.003895	56.2916 179.064
83000.003942	58.5172 -172.295
84000.003990	61.6725 179.681
85000.004037	49.6741 -178.039
86000.004085	47.9916 178.9
87000.004132	63.4044 -172.726
88000.004180	55.6032 -175.793
89000.004227	45.2029 -167.538
90000.004275	50.6355 -175.876
91000.004322	48.0349 -162.92
92000.004370	54.3033 -176.93
93000.004417	45.7173 -176.238
94000.004465	46.7275 -174.46
95000.004512	52.2081 -169.186
96000.004560	57.3396 -170.028
97000.004607	58.8875 176.623
98000.004655	41.7791 -177.315
99000.004702	53.7694 -175.688
100000.004750	61.8374 173.86
101000.004797	47.0487 -174.489
102000.004845	45.6563 -173.492
103000.004892	60.3773 179.142
104000.004940	53.1887 -169.476
105000.004987	58.985 -171.003
106000.005035	49.1051 -173.92
107000.005082	50.3907 171.779
108000.005130	56.8566 -175.339
109000.005177	47.34 -164.598
110000.005225	58.1578 -179.954
111000.005272	37.821 -165.07
112000.005320	69.8115 -173.629
113000.005367	46.3258 -175.874
114000.005415	55.2597 -171.874
115000.005462	49.7102 -169.461
116000.005510	63.6984 174.161
117000.005557	57.2458 174.921
118000.005605	48.826 -173.368
119000.005652	49.3502 -174.204
120000.005700	50.7409 -167.977
