#! FIELDS time restraint.bias r0 r1 r2 r3 r4 r5 r6 r7 r8 r9 r10 r11 r12 r13 r14 r15 r16 r17 r18 r19 r20 r21 r22 r23 r24 r25 r26 r27 r28 r29 r30 r31 r32 r33 r34 r35 r36 r37 r38 r39 r40 r41 r42 r43 r44 r45 r46 r47 r48 r49 r50 r51 r52 r53 r54 r55 r56 r57 r58 r59
0.000000 0.000280 0.135816 0.115085 0.116405 0.107549 0.116735 0.111420 0.134415 0.125574 0.107172 0.116325 0.096428 0.143510 0.136607 0.147423 0.127689 0.103907 0.137509 0.131725 0.130010 0.127491 0.124277 0.134345 0.137279 0.113426 0.126339 0.111790 0.141704 0.125527 0.115900 0.117292 0.132754 0.090894 0.068941 0.062122 0.038402 0.000075 0.039551 0.115294 0.125941 0.105154 0.088408 0.112632 0.078043 0.042935 0.050969 0.074230 0.061121 0.092413 0.031223 0.072270 0.116609 0.130810 0.040332 0.073976 0.034641 0.119898 0.140321 0.139809 0.092235 0.111272
1000.000047 10.048246 0.135963 0.113230 0.115334 0.104918 0.116081 0.109692 0.133905 0.124701 0.105820 0.114983 0.095943 0.143201 0.136362 0.147377 0.127648 0.100545 0.137753 0.132204 0.130353 0.127312 0.123904 0.138561 0.141765 0.117542 0.128834 0.114816 0.144911 0.126901 0.117221 0.121440 0.136222 0.094642 0.073292 0.066007 0.035408 0.014176 0.044858 0.117089 0.129611 0.109144 0.090988 0.116142 0.082978 0.050431 0.057382 0.080322 0.065312 0.095879 0.031110 0.074953 0.118258 0.134383 0.043230 0.076393 0.034677 0.125815 0.141147 0.141145 0.095178 0.115255
2000.000095 10.494481 0.135232 0.113864 0.119043 0.105095 0.114780 0.109687 0.135836 0.129743 0.107829 0.114105 0.100145 0.145049 0.134905 0.150381 0.127105 0.104229 0.142396 0.133193 0.127862 0.129727 0.119356 0.132081 0.133054 0.108345 0.125336 0.113923 0.139219 0.127567 0.118725 0.114962 0.130007 0.081792 0.059019 0.059606 0.045980 0.014488 0.029999 0.115045 0.121247 0.097552 0.090426 0.112893 0.068854 0.037817 0.043390 0.063529 0.052850 0.082279 0.036444 0.069939 0.114900 0.127890 0.039901 0.066573 0.032887 0.116532 0.143456 0.139553 0.084125 0.105202
3000.000142 7.461143 0.131198 0.111079 0.112079 0.107437 0.119079 0.110494 0.129541 0.120905 0.104648 0.118596 0.094192 0.145576 0.139456 0.146624 0.123829 0.101877 0.133896 0.128123 0.133098 0.122961 0.126670 0.132786 0.133993 0.108491 0.125094 0.108111 0.138444 0.122551 0.117234 0.113229 0.133592 0.086453 0.066695 0.055101 0.041793 0.012216 0.036960 0.109203 0.121087 0.100031 0.082086 0.114158 0.080554 0.038793 0.053393 0.073752 0.055226 0.091594 0.039156 0.076870 0.118827 0.126463 0.045866 0.073671 0.027583 0.117012 0.141350 0.135515 0.092658 0.105613
4000.000190 6.213735 0.136735 0.116396 0.118132 0.109490 0.119745 0.114331 0.134517 0.126495 0.110714 0.117865 0.100394 0.145828 0.138541 0.149053 0.129960 0.106371 0.137826 0.134398 0.132674 0.128787 0.125333 0.133311 0.136622 0.112419 0.125258 0.110217 0.140563 0.123833 0.116122 0.115711 0.132501 0.089957 0.067364 0.059809 0.037876 0.011148 0.037411 0.111727 0.124960 0.104441 0.085905 0.112752 0.078334 0.043285 0.050583 0.075879 0.059207 0.091951 0.037410 0.071892 0.115629 0.129004 0.041744 0.070952 0.029710 0.119552 0.143541 0.139794 0.091267 0.109872
5000.000237 10.790403 0.139141 0.117533 0.120350 0.106531 0.114377 0.113338 0.136150 0.128414 0.111581 0.111330 0.103001 0.138337 0.130777 0.144649 0.132351 0.105196 0.137962 0.137183 0.125638 0.130912 0.118510 0.130460 0.137193 0.116645 0.121169 0.111021 0.139783 0.121029 0.108633 0.117689 0.126705 0.093576 0.068423 0.067552 0.028407 0.014690 0.040528 0.114261 0.127909 0.108838 0.090783 0.106158 0.074852 0.051185 0.047919 0.078387 0.064769 0.091393 0.028228 0.062622 0.106683 0.130234 0.031084 0.068201 0.037095 0.122026 0.138005 0.141027 0.088238 0.114478
6000.000285 3.090302 0.135111 0.113467 0.115925 0.105837 0.115553 0.109565 0.134399 0.125802 0.105646 0.115362 0.096274 0.143754 0.136221 0.148074 0.126506 0.102047 0.138531 0.131336 0.129469 0.127145 0.123082 0.134435 0.137025 0.112649 0.126131 0.112487 0.141521 0.125273 0.116063 0.117449 0.132709 0.088469 0.066722 0.061732 0.039185 0.007862 0.037747 0.114890 0.125151 0.103173 0.088975 0.113138 0.076705 0.042455 0.050355 0.072145 0.058958 0.089800 0.031201 0.072177 0.116033 0.130534 0.039709 0.072521 0.033908 0.120378 0.141040 0.139844 0.090532 0.109921
7000.000332 4.140976 0.135281 0.114077 0.115417 0.106267 0.115649 0.110489 0.133224 0.124558 0.106647 0.114776 0.096326 0.141414 0.135319 0.145475 0.127280 0.102509 0.135762 0.131809 0.128885 0.126695 0.123834 0.134103 0.137792 0.115164 0.125871 0.111919 0.141335 0.124559 0.114226 0.118100 0.132170 0.092559 0.070144 0.064031 0.035009 0.009101 0.041476 0.115463 0.126535 0.106700 0.089074 0.111647 0.079262 0.046439 0.052195 0.077369 0.063255 0.093482 0.030327 0.071484 0.115457 0.130817 0.039400 0.074049 0.036272 0.121207 0.138772 0.138872 0.092598 0.112777
8000.000380 13.831777 0.137322 0.114709 0.115368 0.103332 0.110848 0.108336 0.134669 0.124800 0.105701 0.110482 0.095793 0.136799 0.130917 0.142965 0.128551 0.099811 0.135613 0.132333 0.124296 0.127750 0.120881 0.137747 0.143938 0.123474 0.128050 0.116575 0.146210 0.125996 0.111314 0.125324 0.133260 0.100677 0.076565 0.074844 0.026833 0.016632 0.051017 0.122406 0.134081 0.115923 0.096563 0.111421 0.081984 0.057799 0.056165 0.084175 0.073299 0.098038 0.020296 0.068957 0.112980 0.137452 0.035738 0.077120 0.045209 0.128546 0.135343 0.141899 0.094813 0.121638
9000.000427 8.041023 0.136472 0.114005 0.118368 0.104002 0.112485 0.109454 0.135215 0.128311 0.107996 0.111171 0.100747 0.140441 0.131668 0.146396 0.128368 0.102802 0.139484 0.134419 0.125231 0.129581 0.117767 0.130926 0.135275 0.113120 0.123102 0.112599 0.138995 0.123721 0.112577 0.116757 0.127614 0.087291 0.062703 0.064510 0.035484 0.012682 0.035564 0.115089 0.124577 0.103436 0.091186 0.108877 0.071099 0.045839 0.044245 0.070898 0.059182 0.085928 0.030853 0.064892 0.109614 0.128975 0.033058 0.066157 0.035270 0.119844 0.139821 0.139396 0.084563 0.110160
10000.000475 4.958090 0.134563 0.113744 0.115506 0.106752 0.116725 0.111654 0.132180 0.123640 0.106840 0.114739 0.097017 0.141417 0.134681 0.145071 0.127266 0.102649 0.135176 0.131638 0.129130 0.125752 0.122596 0.131774 0.135393 0.111972 0.122923 0.108756 0.138990 0.121632 0.113141 0.114746 0.130511 0.089996 0.068702 0.060169 0.036126 0.009958 0.038078 0.110978 0.124085 0.103634 0.085350 0.110325 0.078606 0.043670 0.052156 0.075964 0.059594 0.092337 0.032532 0.071039 0.113563 0.128320 0.039627 0.072935 0.032270 0.119168 0.138327 0.137753 0.091592 0.109551
11000.000522 12.968266 0.135934 0.113619 0.117495 0.103862 0.112883 0.109248 0.134950 0.127250 0.106664 0.111696 0.099648 0.140678 0.132195 0.146500 0.127814 0.101420 0.139320 0.133343 0.125578 0.128644 0.118396 0.132372 0.136411 0.114006 0.123683 0.113829 0.140566 0.124121 0.113000 0.118214 0.129172 0.088482 0.064489 0.065743 0.036448 0.016105 0.037546 0.115903 0.125940 0.104303 0.092020 0.109778 0.072792 0.047944 0.047559 0.072491 0.060177 0.086763 0.029101 0.066402 0.110430 0.130834 0.034047 0.068243 0.037001 0.121649 0.139348 0.140193 0.086274 0.111159
12000.000570 5.599814 0.133035 0.112873 0.113617 0.106918 0.115944 0.110047 0.131844 0.122958 0.104958 0.116106 0.094981 0.143112 0.136390 0.146127 0.124915 0.102332 0.134997 0.128952 0.129399 0.124504 0.124317 0.132859 0.135218 0.111673 0.125755 0.110740 0.139856 0.124377 0.115531 0.116004 0.132113 0.088402 0.066420 0.060846 0.039600 0.010583 0.038310 0.113732 0.123737 0.102933 0.086886 0.112133 0.077099 0.041548 0.049949 0.072685 0.058809 0.090502 0.033722 0.072347 0.115818 0.128946 0.040343 0.072802 0.035360 0.118476 0.139298 0.137314 0.090609 0.108760
13000.000617 5.850669 0.137600 0.117135 0.118986 0.109105 0.118149 0.114524 0.134835 0.126844 0.111090 0.115786 0.101033 0.142463 0.135335 0.146680 0.130865 0.106382 0.137162 0.135270 0.130249 0.128947 0.122900 0.130705 0.135700 0.112906 0.121822 0.108289 0.139081 0.120617 0.111688 0.114665 0.129035 0.090797 0.067871 0.061254 0.034058 0.010817 0.037896 0.110651 0.124882 0.104997 0.085875 0.108774 0.077185 0.044848 0.049420 0.076159 0.060474 0.092133 0.033920 0.068335 0.111190 0.127901 0.037274 0.070504 0.032017 0.119034 0.140356 0.139747 0.090609 0.110628
14000.000665 7.714312 0.135908 0.116006 0.115832 0.110560 0.121339 0.114763 0.132619 0.122881 0.109225 0.119383 0.097227 0.144500 0.139183 0.146295 0.129321 0.105340 0.134472 0.132333 0.134285 0.126190 0.127638 0.133963 0.137994 0.113719 0.124287 0.107384 0.141301 0.120952 0.113881 0.115645 0.133609 0.094108 0.073537 0.059815 0.035070 0.012421 0.043048 0.109960 0.126170 0.107039 0.083222 0.112412 0.084523 0.045666 0.057102 0.081073 0.062604 0.098078 0.036052 0.075045 0.116609 0.129439 0.044086 0.076923 0.029814 0.120762 0.140630 0.139310 0.097311 0.111916
15000.000712 12.380958 0.135632 0.114134 0.118927 0.107236 0.118445 0.111909 0.135204 0.128927 0.109465 0.117116 0.101287 0.147898 0.138197 0.151890 0.128047 0.105821 0.142016 0.134009 0.131896 0.129853 0.122451 0.132645 0.133677 0.107775 0.125386 0.111597 0.139306 0.125948 0.119464 0.113825 0.131780 0.082066 0.060225 0.055835 0.045138 0.015736 0.030683 0.111625 0.120953 0.097671 0.086617 0.114272 0.073177 0.036536 0.046599 0.066761 0.051240 0.085482 0.040879 0.072871 0.116650 0.127030 0.043182 0.067560 0.026325 0.117081 0.146312 0.139503 0.086836 0.104446
16000.000760 7.369047 0.131545 0.110798 0.112495 0.106008 0.116619 0.108339 0.131265 0.122669 0.102973 0.117274 0.093365 0.145312 0.138395 0.147882 0.122659 0.101172 0.136333 0.127250 0.130678 0.124152 0.125292 0.134261 0.134563 0.109109 0.127295 0.111649 0.139895 0.126315 0.119034 0.115378 0.134200 0.085159 0.065132 0.057347 0.044724 0.012140 0.036572 0.113533 0.122065 0.099491 0.086155 0.114932 0.077816 0.037222 0.051577 0.070061 0.055107 0.089162 0.036162 0.076432 0.119755 0.128892 0.044562 0.074031 0.033458 0.117806 0.141233 0.136685 0.091008 0.106047
17000.000807 7.049359 0.130870 0.110494 0.113767 0.104623 0.115036 0.108266 0.130519 0.123479 0.104833 0.114629 0.096102 0.143295 0.135008 0.146249 0.123628 0.101536 0.136128 0.128761 0.128512 0.124328 0.120799 0.129072 0.130259 0.105445 0.122227 0.108449 0.135753 0.122183 0.115319 0.111204 0.128656 0.081320 0.059889 0.055489 0.043211 0.011874 0.030812 0.109693 0.118076 0.096298 0.084277 0.110825 0.072501 0.036548 0.046047 0.066285 0.051161 0.084415 0.037383 0.071458 0.114129 0.123875 0.041116 0.067531 0.027811 0.113670 0.140380 0.134994 0.085916 0.102500
18000.000855 9.538444 0.132968 0.113070 0.115521 0.108299 0.119113 0.112270 0.131912 0.124242 0.106776 0.117803 0.097633 0.145827 0.138182 0.148310 0.125694 0.104060 0.136803 0.130652 0.131888 0.125319 0.124456 0.130624 0.132069 0.106824 0.123200 0.108218 0.137222 0.122473 0.116722 0.111660 0.131054 0.083561 0.063331 0.054331 0.044508 0.013812 0.031764 0.108754 0.119810 0.097229 0.082924 0.112129 0.075941 0.036121 0.049610 0.069648 0.052276 0.087799 0.039623 0.073764 0.116141 0.125557 0.043541 0.071010 0.029343 0.115273 0.141904 0.136565 0.089162 0.103622
19000.000902 6.638577 0.135927 0.113806 0.115446 0.104368 0.112733 0.109314 0.133346 0.124726 0.106273 0.111724 0.096763 0.138284 0.132068 0.143591 0.127598 0.101340 0.135302 0.132202 0.125686 0.127202 0.121299 0.134082 0.138788 0.117349 0.125431 0.112716 0.141504 0.124218 0.112151 0.119647 0.131201 0.094119 0.070901 0.067173 0.031125 0.011523 0.043557 0.116755 0.128336 0.109018 0.091088 0.110196 0.079031 0.049505 0.052226 0.078978 0.065584 0.093945 0.026160 0.069065 0.112936 0.132120 0.036187 0.073494 0.039089 0.123279 0.136524 0.139121 0.091784 0.114885
20000.000950 6.299190 0.133594 0.112121 0.113036 0.106915 0.117556 0.109076 0.132362 0.123144 0.103797 0.118439 0.092529 0.145018 0.139371 0.147634 0.124343 0.101807 0.136346 0.128428 0.132324 0.125279 0.127928 0.137045 0.138185 0.112794 0.128943 0.112195 0.142449 0.126993 0.119179 0.117825 0.136803 0.090316 0.071244 0.059938 0.042658 0.011224 0.042611 0.115214 0.125451 0.104075 0.087300 0.116498 0.083430 0.041002 0.056917 0.075459 0.060513 0.095172 0.034743 0.079355 0.122269 0.131486 0.046871 0.078898 0.034653 0.121010 0.140967 0.138499 0.096403 0.110352
21000.000997 6.585846 0.134779 0.113306 0.116003 0.105355 0.114828 0.110237 0.133429 0.125213 0.106339 0.113798 0.098043 0.142159 0.134118 0.146589 0.127098 0.102037 0.137520 0.131860 0.127751 0.126905 0.120619 0.132338 0.135841 0.112675 0.124087 0.111876 0.140232 0.123734 0.113976 0.116747 0.130230 0.088301 0.065068 0.062642 0.036475 0.011477 0.036850 0.114051 0.124808 0.103610 0.088857 0.110632 0.074592 0.044842 0.048236 0.072616 0.058808 0.088555 0.031226 0.068461 0.112326 0.129689 0.036375 0.069454 0.033299 0.120150 0.139792 0.139031 0.088035 0.109841
22000.001045 5.002269 0.131925 0.111989 0.114111 0.106939 0.117951 0.110371 0.131271 0.123371 0.105514 0.117437 0.095674 0.145932 0.138253 0.148146 0.124535 0.102725 0.136440 0.129130 0.131533 0.124614 0.124251 0.131909 0.132813 0.107107 0.124784 0.109366 0.138208 0.123917 0.117883 0.112745 0.132077 0.084043 0.063517 0.055311 0.044046 0.010002 0.033164 0.110467 0.120273 0.098196 0.083970 0.113594 0.076067 0.036925 0.049455 0.069342 0.053276 0.087784 0.038491 0.074545 0.117620 0.126325 0.044166 0.071002 0.028329 0.115450 0.142152 0.136425 0.089280 0.104317
23000.001092 8.233011 0.135916 0.114590 0.118037 0.106131 0.116109 0.111956 0.133829 0.126787 0.109736 0.113747 0.100995 0.142267 0.134002 0.146814 0.129380 0.104093 0.137809 0.134622 0.128891 0.128404 0.120419 0.130395 0.134486 0.111114 0.121761 0.109380 0.138054 0.121100 0.112804 0.114305 0.128685 0.087324 0.064031 0.060523 0.035429 0.012832 0.034686 0.110234 0.123166 0.102627 0.086534 0.109802 0.074752 0.044435 0.047744 0.073506 0.057377 0.088250 0.035065 0.067959 0.110772 0.126823 0.037498 0.066802 0.028427 0.118688 0.141319 0.138771 0.087366 0.108363
24000.001140 5.321060 0.135213 0.114457 0.115708 0.108998 0.120090 0.112211 0.134048 0.124868 0.107360 0.119854 0.096504 0.147848 0.140720 0.150141 0.127371 0.104470 0.138408 0.131148 0.134345 0.127138 0.127154 0.135989 0.137776 0.111854 0.127617 0.111312 0.142772 0.125581 0.118618 0.116954 0.135582 0.089199 0.068324 0.058709 0.040919 0.010316 0.039204 0.113227 0.125181 0.103689 0.086054 0.115824 0.080621 0.041007 0.053495 0.074184 0.058150 0.093025 0.036687 0.076318 0.119598 0.130570 0.044674 0.074589 0.028812 0.120379 0.144302 0.140366 0.094050 0.109436
25000.001187 8.190167 0.133294 0.112366 0.113821 0.107480 0.118816 0.111035 0.131551 0.122961 0.106065 0.118228 0.096247 0.145869 0.139292 0.147811 0.125699 0.102615 0.135820 0.130287 0.132919 0.125125 0.126271 0.134302 0.136424 0.111583 0.126396 0.110609 0.140704 0.124132 0.117276 0.116008 0.134139 0.088352 0.067060 0.058643 0.039138 0.012799 0.038248 0.111942 0.123798 0.102871 0.085346 0.114475 0.080107 0.042542 0.052854 0.075110 0.057578 0.091995 0.037552 0.075105 0.117957 0.128960 0.043631 0.073028 0.029253 0.119929 0.142480 0.137779 0.092331 0.108559
26000.001235 12.391767 0.135829 0.114072 0.118672 0.105638 0.115392 0.111473 0.134203 0.127935 0.109615 0.113155 0.102373 0.142622 0.133413 0.147558 0.128833 0.104485 0.139288 0.134822 0.127795 0.129219 0.118876 0.129591 0.133222 0.110079 0.121761 0.110283 0.137361 0.122244 0.113578 0.113874 0.127563 0.084515 0.060592 0.059985 0.037740 0.015743 0.032115 0.110987 0.121941 0.100575 0.087507 0.109289 0.071639 0.042859 0.044744 0.070167 0.054837 0.085432 0.036519 0.066508 0.109959 0.126362 0.036192 0.064745 0.029378 0.118008 0.141837 0.138445 0.084530 0.106781
27000.001282 7.649516 0.131548 0.111491 0.113643 0.107290 0.118803 0.110715 0.129903 0.122195 0.105985 0.117794 0.095611 0.144185 0.137782 0.145761 0.124692 0.102973 0.134658 0.129239 0.132170 0.124090 0.124787 0.129516 0.131187 0.105699 0.121441 0.105493 0.135869 0.119890 0.114646 0.110007 0.130125 0.084316 0.065214 0.052922 0.042838 0.012369 0.034658 0.106866 0.118554 0.097669 0.080621 0.111096 0.078852 0.036738 0.052121 0.071557 0.053006 0.090203 0.039358 0.075422 0.116479 0.123610 0.045181 0.072463 0.025126 0.114031 0.140355 0.134907 0.091551 0.103395
28000.001330 7.626058 0.134786 0.112966 0.116299 0.103371 0.111149 0.108110 0.133754 0.126330 0.105886 0.110537 0.097990 0.138650 0.130509 0.144421 0.126593 0.101579 0.137276 0.131853 0.123886 0.127377 0.117964 0.130489 0.134482 0.113025 0.122982 0.112253 0.138723 0.123606 0.111795 0.116701 0.127473 0.087776 0.063611 0.064999 0.035613 0.012350 0.036902 0.115733 0.124150 0.103490 0.091254 0.108082 0.071581 0.045067 0.045152 0.070750 0.059855 0.086708 0.028014 0.065434 0.109846 0.128797 0.032688 0.068096 0.037525 0.119117 0.137008 0.138273 0.085861 0.110109
29000.001377 11.861526 0.139987 0.118957 0.122751 0.107984 0.115236 0.114863 0.137383 0.130857 0.113394 0.111792 0.105103 0.139136 0.130795 0.145763 0.133346 0.107658 0.139636 0.138833 0.125837 0.132313 0.118037 0.128135 0.134634 0.114158 0.119639 0.109954 0.137641 0.120776 0.109013 0.115015 0.124545 0.090820 0.065943 0.065616 0.033287 0.015402 0.036718 0.112941 0.125317 0.105450 0.090186 0.104931 0.071460 0.048001 0.044352 0.074509 0.062334 0.088657 0.032205 0.061387 0.105776 0.127757 0.031345 0.066547 0.037243 0.118733 0.138666 0.140676 0.086049 0.111854
30000.001425 9.609593 0.136040 0.114587 0.119039 0.106093 0.115956 0.112071 0.134213 0.127989 0.110067 0.113439 0.102237 0.142233 0.133755 0.147127 0.129191 0.104755 0.138899 0.135194 0.128053 0.129568 0.119640 0.129107 0.132634 0.109187 0.120920 0.109229 0.136392 0.121369 0.113115 0.112796 0.127462 0.084821 0.061696 0.058854 0.038810 0.013863 0.031701 0.109790 0.121623 0.100063 0.086249 0.108777 0.072477 0.041724 0.045635 0.070922 0.054949 0.085777 0.036172 0.067270 0.110532 0.125804 0.037444 0.065402 0.029415 0.117013 0.141411 0.138005 0.085240 0.106324
31000.001472 4.573806 0.134190 0.113793 0.115889 0.107701 0.117987 0.111720 0.132836 0.124514 0.106867 0.116707 0.097017 0.143970 0.136720 0.147144 0.126845 0.103600 0.136791 0.131227 0.130938 0.125991 0.123754 0.131445 0.134138 0.109625 0.123036 0.108593 0.138875 0.122030 0.114523 0.113591 0.130766 0.087034 0.066196 0.057669 0.039827 0.009564 0.035324 0.110485 0.122238 0.100752 0.084769 0.111096 0.077086 0.039729 0.050643 0.072114 0.056261 0.090180 0.034838 0.072181 0.114754 0.127225 0.040882 0.072289 0.029870 0.117306 0.140419 0.138125 0.091015 0.107029
32000.001520 7.692257 0.132997 0.111696 0.115321 0.105132 0.116873 0.109256 0.132297 0.125293 0.106089 0.116034 0.096441 0.145378 0.137397 0.148568 0.125404 0.102015 0.138197 0.130995 0.131063 0.126297 0.123198 0.133276 0.134174 0.108424 0.125614 0.111116 0.138985 0.125278 0.118902 0.114063 0.132647 0.084936 0.064756 0.057134 0.044194 0.012403 0.034759 0.111858 0.121150 0.099151 0.086149 0.114978 0.076985 0.039736 0.051048 0.070557 0.055011 0.088272 0.038493 0.075566 0.118677 0.127028 0.045639 0.071189 0.028226 0.116967 0.142990 0.137324 0.089757 0.105813
33000.001567 10.813632 0.134343 0.113088 0.114628 0.106692 0.117828 0.111766 0.131457 0.122509 0.106315 0.115616 0.096662 0.142215 0.135983 0.145304 0.127227 0.101466 0.134582 0.131528 0.130798 0.125009 0.124181 0.133896 0.137500 0.113565 0.124071 0.109532 0.140476 0.121769 0.114170 0.116296 0.133050 0.091796 0.071346 0.061017 0.035817 0.014706 0.040923 0.110718 0.125666 0.105306 0.085340 0.112487 0.082322 0.046890 0.056553 0.079526 0.061240 0.094742 0.033980 0.073705 0.115235 0.129858 0.042486 0.074990 0.031625 0.121935 0.139030 0.138200 0.094125 0.110962
34000.001615 6.151073 0.136863 0.116038 0.117733 0.108419 0.117852 0.113767 0.134012 0.125496 0.109293 0.115457 0.099135 0.141638 0.134814 0.145648 0.129966 0.104820 0.136336 0.134140 0.130043 0.127611 0.122902 0.131438 0.136361 0.113579 0.121968 0.108293 0.139731 0.120430 0.111428 0.115242 0.129636 0.091954 0.069921 0.061840 0.033257 0.011092 0.039537 0.111010 0.125358 0.105566 0.086084 0.109083 0.078944 0.045639 0.051837 0.077364 0.061568 0.093787 0.032410 0.069405 0.111734 0.128605 0.038014 0.072796 0.032310 0.119900 0.138938 0.139596 0.092499 0.111347
35000.001662 14.928490 0.140714 0.118225 0.122047 0.107687 0.116480 0.114543 0.137935 0.130612 0.113151 0.113394 0.105259 0.142027 0.133449 0.148313 0.133869 0.106670 0.140988 0.139317 0.128636 0.132795 0.119726 0.131990 0.138677 0.117062 0.122518 0.112289 0.141227 0.122049 0.110949 0.118651 0.128256 0.092441 0.067055 0.066932 0.029423 0.017279 0.039688 0.114139 0.128311 0.108354 0.091398 0.108549 0.075043 0.051086 0.047591 0.077606 0.063439 0.090738 0.033104 0.063770 0.107655 0.130794 0.032864 0.066724 0.033807 0.123454 0.142549 0.142984 0.087926 0.114278
36000.001710 6.534510 0.131354 0.110300 0.112134 0.105162 0.116525 0.108875 0.129559 0.121241 0.104248 0.115762 0.094441 0.143344 0.136634 0.145436 0.123870 0.100632 0.134076 0.128457 0.130378 0.123484 0.123670 0.132553 0.134350 0.109592 0.124738 0.108987 0.138431 0.122794 0.116049 0.114106 0.132249 0.086980 0.066326 0.057367 0.039004 0.011432 0.037451 0.110524 0.121804 0.101274 0.084005 0.113128 0.079229 0.041207 0.052306 0.073990 0.056441 0.091020 0.036544 0.074529 0.116883 0.127017 0.043400 0.072286 0.028225 0.117962 0.140142 0.135531 0.091130 0.106843
37000.001757 4.786857 0.138021 0.116979 0.119806 0.107931 0.116562 0.113269 0.136051 0.128664 0.110752 0.114622 0.101409 0.142589 0.134762 0.147777 0.130499 0.106215 0.139158 0.135638 0.128717 0.130337 0.121694 0.131635 0.135932 0.113219 0.123612 0.111008 0.139702 0.123671 0.113587 0.115942 0.129277 0.089705 0.066120 0.062467 0.036364 0.009785 0.036638 0.113616 0.125189 0.104387 0.088708 0.109652 0.074479 0.044032 0.046869 0.073624 0.060195 0.089769 0.033029 0.067563 0.112078 0.129037 0.036494 0.069399 0.034557 0.119203 0.141035 0.140244 0.088492 0.110752
38000.001805 4.122989 0.133720 0.113122 0.113433 0.107916 0.118222 0.110610 0.132165 0.122753 0.104817 0.118428 0.093467 0.144912 0.139238 0.147366 0.125141 0.102503 0.135371 0.129005 0.132390 0.124800 0.127643 0.135730 0.137399 0.112425 0.127600 0.110746 0.141523 0.125223 0.117735 0.116833 0.135628 0.090321 0.070437 0.059226 0.040785 0.009081 0.041057 0.113322 0.125022 0.103818 0.085647 0.115074 0.082272 0.040538 0.055076 0.075698 0.059969 0.094492 0.034394 0.077363 0.120219 0.130398 0.044943 0.077099 0.034060 0.120102 0.140778 0.138229 0.095284 0.109810
39000.001852 9.179291 0.139398 0.117925 0.122537 0.108410 0.117842 0.114607 0.138398 0.131575 0.112706 0.115442 0.104860 0.145938 0.135681 0.151560 0.132257 0.107770 0.143664 0.137823 0.129837 0.132923 0.119790 0.132250 0.135837 0.111853 0.124338 0.112928 0.140837 0.125640 0.116339 0.116197 0.129470 0.086546 0.061904 0.061685 0.039935 0.013549 0.032364 0.114127 0.124869 0.102565 0.089873 0.111435 0.070523 0.043293 0.043729 0.069422 0.056543 0.085849 0.036547 0.066315 0.111716 0.129528 0.036645 0.065480 0.030386 0.119439 0.145278 0.142510 0.085132 0.109134
40000.001900 6.999225 0.136376 0.115613 0.117683 0.109104 0.119467 0.111889 0.136239 0.127723 0.107931 0.119983 0.097030 0.148186 0.140720 0.151460 0.127850 0.105755 0.141272 0.131945 0.133477 0.129645 0.126914 0.136567 0.137538 0.111643 0.128885 0.113783 0.143467 0.128715 0.120305 0.117735 0.135526 0.088772 0.068077 0.060432 0.045704 0.011832 0.039623 0.116852 0.125442 0.103187 0.089335 0.116145 0.078599 0.039948 0.052306 0.071224 0.058995 0.091611 0.036422 0.076693 0.121228 0.131718 0.045828 0.075451 0.033483 0.119490 0.144750 0.141540 0.093617 0.109747
41000.001947 4.210402 0.137271 0.116159 0.118694 0.107231 0.115300 0.111404 0.136263 0.128153 0.108468 0.114773 0.099124 0.142273 0.134742 0.147481 0.128799 0.104841 0.139459 0.133698 0.127992 0.129550 0.121870 0.132216 0.136092 0.113288 0.124276 0.111935 0.140581 0.124432 0.113535 0.116832 0.129651 0.089383 0.066285 0.063586 0.038292 0.009176 0.037907 0.115684 0.125416 0.104172 0.090101 0.109781 0.074147 0.043623 0.047205 0.071713 0.060546 0.089343 0.029974 0.068447 0.112978 0.130006 0.036084 0.071296 0.037494 0.119223 0.139888 0.140538 0.089028 0.110997
42000.001995 4.904529 0.135639 0.114212 0.117154 0.106792 0.116775 0.111466 0.134254 0.126689 0.107982 0.115548 0.099058 0.144281 0.136363 0.148430 0.127717 0.104079 0.138684 0.133029 0.129749 0.128342 0.122846 0.133187 0.135670 0.111743 0.125620 0.112032 0.140130 0.125466 0.116610 0.116121 0.131727 0.087388 0.064714 0.060284 0.039457 0.009904 0.035224 0.113809 0.124137 0.102466 0.088020 0.112511 0.075434 0.041607 0.048383 0.072231 0.057369 0.088958 0.034619 0.070955 0.115415 0.129305 0.039775 0.070142 0.032177 0.119356 0.142080 0.139084 0.088826 0.108794
43000.002042 15.444992 0.136202 0.114756 0.120277 0.106228 0.117200 0.112370 0.135578 0.129594 0.110697 0.114684 0.103401 0.145723 0.135324 0.150538 0.129649 0.105248 0.142175 0.135766 0.129801 0.130386 0.119013 0.130887 0.133214 0.108304 0.122949 0.111560 0.138428 0.124101 0.116912 0.113684 0.129080 0.082774 0.059587 0.058671 0.043029 0.017576 0.029656 0.111094 0.121341 0.098675 0.087729 0.112154 0.070647 0.041894 0.045211 0.067761 0.052684 0.083494 0.039767 0.068781 0.112395 0.126579 0.040253 0.064291 0.026470 0.117341 0.145102 0.139847 0.084124 0.105297
44000.002090 8.167620 0.134739 0.114516 0.116062 0.108055 0.118223 0.113014 0.132160 0.123681 0.107364 0.115843 0.097108 0.141419 0.135307 0.144887 0.127739 0.103525 0.134854 0.131974 0.130181 0.125568 0.123926 0.131108 0.134669 0.111222 0.121784 0.107604 0.138299 0.120633 0.112851 0.113513 0.130447 0.090213 0.070179 0.058948 0.038518 0.012781 0.038317 0.109574 0.123423 0.102765 0.084124 0.109820 0.080099 0.042880 0.054233 0.076756 0.059499 0.093486 0.033701 0.072588 0.114183 0.127619 0.041584 0.074884 0.033259 0.118346 0.137638 0.137605 0.093385 0.108891
45000.002137 6.152306 0.135652 0.114563 0.114523 0.108672 0.119310 0.112353 0.132714 0.122804 0.106680 0.118331 0.095062 0.143763 0.138941 0.146283 0.127757 0.102920 0.134686 0.131375 0.133184 0.125818 0.128212 0.136679 0.140354 0.116256 0.127095 0.110573 0.143182 0.123669 0.115373 0.118742 0.135919 0.095319 0.074879 0.062586 0.034711 0.011093 0.045005 0.113475 0.128242 0.108486 0.086484 0.114320 0.085645 0.047045 0.058425 0.081844 0.064789 0.098666 0.033030 0.076363 0.118663 0.132258 0.044129 0.078783 0.033972 0.123480 0.140112 0.139683 0.098095 0.114033
46000.002185 4.781998 0.134247 0.112355 0.115764 0.104444 0.114721 0.108910 0.133453 0.125833 0.105178 0.113939 0.096561 0.143013 0.135159 0.147624 0.125685 0.101208 0.138373 0.131350 0.128190 0.126938 0.121782 0.133979 0.135809 0.111524 0.126036 0.113077 0.140217 0.126158 0.117257 0.116609 0.132328 0.086786 0.065330 0.060776 0.041134 0.009780 0.035607 0.114593 0.123909 0.101400 0.088992 0.113357 0.075563 0.041664 0.049804 0.071304 0.057515 0.088120 0.032374 0.072295 0.116402 0.129836 0.040670 0.071337 0.034076 0.119648 0.140627 0.138496 0.088835 0.108527
47000.002232 4.372309 0.135475 0.114317 0.117229 0.106210 0.115271 0.110219 0.134835 0.127105 0.106637 0.114867 0.097237 0.143039 0.135281 0.147884 0.126812 0.103536 0.139102 0.131859 0.128260 0.128195 0.122325 0.133116 0.135085 0.110939 0.125392 0.112164 0.139891 0.125940 0.116573 0.115832 0.131492 0.086839 0.065491 0.060510 0.042699 0.009351 0.035989 0.114722 0.123734 0.101328 0.088776 0.112142 0.074995 0.039486 0.048892 0.069929 0.057670 0.088527 0.032156 0.071968 0.116084 0.129496 0.040332 0.072088 0.035879 0.118284 0.140291 0.139176 0.089332 0.108337
48000.002280 3.435605 0.133429 0.112723 0.115123 0.105174 0.114174 0.109044 0.132585 0.124751 0.105618 0.113816 0.096314 0.141481 0.133927 0.145629 0.125562 0.102096 0.136445 0.130317 0.127339 0.125810 0.121145 0.130828 0.133601 0.110313 0.123428 0.110488 0.138379 0.123332 0.113897 0.114662 0.129272 0.086478 0.064038 0.060738 0.039109 0.008289 0.035362 0.113320 0.122331 0.101274 0.087757 0.110102 0.073812 0.041362 0.047202 0.070137 0.057285 0.087582 0.031827 0.069639 0.113306 0.127453 0.037738 0.070052 0.033931 0.117037 0.138652 0.137335 0.087921 0.107696
49000.002327 6.461801 0.135630 0.113556 0.117522 0.105148 0.115338 0.109964 0.134867 0.127417 0.107787 0.114347 0.099729 0.144379 0.135449 0.149036 0.127743 0.103090 0.140267 0.133200 0.128756 0.129186 0.120441 0.133229 0.135788 0.111274 0.125321 0.112811 0.140411 0.125350 0.116354 0.116609 0.131033 0.086050 0.062670 0.061170 0.039216 0.011368 0.034695 0.114186 0.124169 0.102161 0.089147 0.112626 0.073325 0.042964 0.046716 0.070330 0.056536 0.086462 0.034168 0.069499 0.114004 0.129463 0.038517 0.067450 0.030242 0.119734 0.143209 0.139824 0.086521 0.108520
50000.002375 4.873046 0.134318 0.112498 0.116292 0.103682 0.113355 0.108921 0.133011 0.126014 0.106974 0.112019 0.098660 0.140978 0.132626 0.145770 0.126814 0.101900 0.137598 0.132370 0.126338 0.127569 0.118914 0.131041 0.134097 0.110940 0.123399 0.111439 0.138246 0.123755 0.114080 0.115249 0.128797 0.086347 0.062828 0.061541 0.037200 0.009872 0.034488 0.113396 0.122938 0.102102 0.088648 0.110300 0.072873 0.043567 0.046257 0.071144 0.057231 0.086614 0.032323 0.067941 0.112147 0.127720 0.036902 0.067062 0.031462 0.118351 0.139786 0.137671 0.085913 0.108264
51000.002422 12.623287 0.140348 0.117924 0.122062 0.106554 0.114882 0.113859 0.137271 0.130390 0.112506 0.111352 0.104581 0.138694 0.130838 0.145460 0.133361 0.105751 0.139788 0.139116 0.126240 0.132362 0.118338 0.130421 0.137242 0.116381 0.120503 0.111151 0.139428 0.120818 0.109052 0.117213 0.126582 0.092619 0.068177 0.066922 0.029970 0.015889 0.039353 0.113582 0.127504 0.107704 0.091100 0.106464 0.074957 0.051012 0.048534 0.077832 0.063916 0.090942 0.029789 0.063204 0.106796 0.129868 0.031990 0.068134 0.036170 0.122315 0.138779 0.141645 0.088131 0.114021
52000.002470 9.947986 0.136688 0.115615 0.119992 0.106385 0.115107 0.112515 0.134960 0.128708 0.111177 0.112558 0.103280 0.141109 0.131814 0.146282 0.130407 0.105929 0.139233 0.135831 0.126739 0.130087 0.117366 0.127267 0.131980 0.109915 0.119508 0.108899 0.136324 0.120552 0.110738 0.112804 0.124551 0.085659 0.060771 0.061308 0.035823 0.014105 0.032348 0.111002 0.121633 0.101447 0.087724 0.106289 0.069577 0.043789 0.042104 0.069765 0.056333 0.085289 0.034998 0.063085 0.107012 0.125112 0.033200 0.063581 0.029848 0.116164 0.140432 0.138665 0.083873 0.107386
53000.002517 10.575332 0.140981 0.118887 0.122264 0.106981 0.114205 0.113781 0.138133 0.130613 0.112231 0.111249 0.103407 0.137721 0.130353 0.144730 0.133600 0.106190 0.139603 0.138859 0.125467 0.132512 0.118693 0.130972 0.138317 0.118444 0.121474 0.112089 0.140820 0.122002 0.108479 0.118698 0.126491 0.095386 0.070733 0.069610 0.029317 0.014543 0.042237 0.116672 0.129005 0.109951 0.093214 0.105854 0.075220 0.052282 0.048770 0.078598 0.067216 0.092913 0.026434 0.062717 0.107376 0.131275 0.030932 0.070861 0.040293 0.122589 0.137105 0.142405 0.089810 0.116492
54000.002565 6.711680 0.137567 0.114913 0.119418 0.103745 0.111411 0.108862 0.136893 0.130009 0.108242 0.110909 0.100652 0.140234 0.131303 0.146924 0.128935 0.103529 0.141142 0.134743 0.124290 0.131221 0.117413 0.132119 0.136209 0.114345 0.124555 0.114720 0.140520 0.126077 0.113450 0.118507 0.128123 0.088094 0.063022 0.066514 0.036590 0.011586 0.037063 0.118328 0.125924 0.104654 0.093909 0.109251 0.070070 0.045846 0.043293 0.069622 0.060652 0.085890 0.027735 0.064719 0.110629 0.130700 0.032154 0.066882 0.037814 0.120494 0.139766 0.140864 0.084851 0.111707
55000.002612 8.099557 0.135409 0.114545 0.118809 0.105809 0.114702 0.111143 0.134782 0.127978 0.108480 0.112963 0.100706 0.142120 0.132633 0.147264 0.128159 0.104339 0.139724 0.133535 0.126559 0.128743 0.117963 0.129101 0.132215 0.108984 0.121629 0.110564 0.137455 0.123166 0.113674 0.113409 0.126730 0.084236 0.060868 0.060345 0.040707 0.012728 0.031181 0.112542 0.121450 0.099487 0.088353 0.108608 0.069342 0.040895 0.043364 0.067061 0.054893 0.084245 0.034009 0.065933 0.110173 0.126604 0.035600 0.066198 0.032509 0.116069 0.140202 0.138623 0.084252 0.106270
56000.002660 6.931706 0.141116 0.118941 0.123139 0.107501 0.114845 0.113248 0.139520 0.132804 0.112825 0.113259 0.104120 0.141564 0.133006 0.148439 0.133242 0.107771 0.142687 0.138844 0.127215 0.134187 0.119672 0.131710 0.137261 0.115703 0.123406 0.113192 0.140877 0.124564 0.112164 0.118104 0.127744 0.090782 0.065714 0.066657 0.034689 0.011774 0.038379 0.116941 0.127125 0.106558 0.093082 0.108262 0.072038 0.046659 0.044215 0.072465 0.062740 0.088959 0.030156 0.064154 0.109729 0.130419 0.032541 0.067705 0.036853 0.120770 0.141498 0.143055 0.087326 0.113374
57000.002707 5.656185 0.136677 0.115297 0.116128 0.106828 0.115180 0.111322 0.134275 0.125022 0.107171 0.114322 0.097267 0.140965 0.134563 0.145656 0.128492 0.102866 0.136073 0.132496 0.128194 0.127422 0.123374 0.134747 0.139477 0.117265 0.125957 0.112458 0.142639 0.124227 0.112924 0.119765 0.132301 0.094319 0.071114 0.066426 0.032006 0.010636 0.043147 0.116204 0.128855 0.108973 0.090308 0.111012 0.079325 0.048492 0.052170 0.078582 0.065153 0.094295 0.028060 0.069548 0.113360 0.132684 0.036652 0.074011 0.038233 0.123379 0.138468 0.140390 0.092623 0.114768
58000.002755 5.725744 0.137483 0.115267 0.119181 0.105847 0.116019 0.111185 0.136315 0.128937 0.108956 0.114352 0.100365 0.143961 0.135619 0.149381 0.129407 0.103850 0.140987 0.135079 0.129145 0.130504 0.121635 0.134910 0.137952 0.113924 0.126379 0.114344 0.142044 0.126781 0.116929 0.118348 0.132400 0.089172 0.066327 0.063165 0.038667 0.010701 0.036721 0.115865 0.126432 0.104321 0.090942 0.113333 0.075379 0.045105 0.049495 0.073402 0.059862 0.089024 0.032344 0.070303 0.115230 0.131530 0.039215 0.070302 0.033382 0.121791 0.142775 0.141336 0.089010 0.111280
59000.002802 4.858636 0.135791 0.114415 0.117734 0.106041 0.115663 0.111360 0.134374 0.126944 0.108146 0.113996 0.099651 0.143200 0.134516 0.147954 0.128238 0.103630 0.138785 0.133542 0.128440 0.128155 0.120559 0.132127 0.135388 0.111801 0.124115 0.111531 0.139709 0.124142 0.115105 0.115744 0.130077 0.087190 0.064026 0.061067 0.037578 0.009858 0.034460 0.113060 0.123934 0.102343 0.088194 0.111220 0.073634 0.042897 0.046811 0.071424 0.057472 0.087798 0.033533 0.068501 0.112660 0.128721 0.037269 0.068324 0.031621 0.119186 0.141349 0.139338 0.087208 0.108822
60000.002850 7.531532 0.139850 0.117572 0.121745 0.106664 0.115232 0.113140 0.137660 0.130676 0.111730 0.112517 0.103355 0.140715 0.132336 0.147145 0.132517 0.105937 0.140945 0.138107 0.127197 0.132313 0.119030 0.131477 0.137238 0.115538 0.122291 0.112218 0.140498 0.122982 0.111379 0.117496 0.127712 0.091339 0.066956 0.065877 0.032399 0.012273 0.037996 0.115030 0.126933 0.106482 0.091579 0.108131 0.073662 0.048304 0.046902 0.074899 0.062528 0.089886 0.029920 0.064404 0.109042 0.130154 0.032973 0.068373 0.034793 0.121416 0.140337 0.142059 0.088073 0.113205
61000.002897 9.537922 0.134055 0.113929 0.116480 0.108182 0.119534 0.113388 0.131578 0.124314 0.109387 0.116929 0.099373 0.144649 0.137014 0.147040 0.128246 0.104978 0.135897 0.132790 0.132270 0.126245 0.123487 0.130032 0.132939 0.108288 0.121643 0.106413 0.137083 0.120233 0.114655 0.111406 0.129951 0.086645 0.065698 0.055413 0.039165 0.013812 0.034646 0.106974 0.120645 0.100370 0.081908 0.111122 0.078024 0.040665 0.050971 0.074012 0.055186 0.090742 0.040152 0.072477 0.114197 0.124631 0.043314 0.069904 0.023189 0.116075 0.141986 0.136878 0.090584 0.105737
62000.002945 6.463557 0.137367 0.114548 0.117220 0.104934 0.113684 0.110006 0.135426 0.126929 0.106898 0.112662 0.098298 0.140726 0.133316 0.146456 0.128647 0.102090 0.138476 0.133752 0.126974 0.128860 0.121147 0.135067 0.139756 0.117574 0.126146 0.114179 0.142980 0.125371 0.113512 0.120518 0.131782 0.092913 0.069387 0.067061 0.032122 0.011370 0.041770 0.117558 0.128828 0.108169 0.092364 0.111296 0.077390 0.048732 0.050809 0.076754 0.064214 0.092359 0.026988 0.068492 0.112896 0.133093 0.035186 0.072467 0.037751 0.124227 0.139162 0.141218 0.090760 0.114751
63000.002992 11.726640 0.132364 0.112892 0.115682 0.108049 0.118987 0.111885 0.131845 0.124383 0.106134 0.117567 0.096805 0.145537 0.137761 0.148247 0.125034 0.103743 0.137126 0.130058 0.131474 0.124890 0.124007 0.130141 0.130918 0.105348 0.122713 0.108077 0.136556 0.122779 0.117296 0.110581 0.130645 0.082692 0.063860 0.053516 0.047693 0.015314 0.031163 0.108594 0.118583 0.095349 0.082842 0.112214 0.075567 0.034627 0.050452 0.068184 0.051649 0.087185 0.040097 0.074936 0.116941 0.124818 0.045378 0.072358 0.031070 0.113724 0.141150 0.136141 0.089550 0.102373
64000.003040 11.013075 0.129392 0.109854 0.109611 0.107801 0.119980 0.109611 0.128104 0.118308 0.102017 0.120207 0.090790 0.146195 0.141118 0.146250 0.121364 0.100417 0.132396 0.124932 0.134244 0.120575 0.128999 0.134533 0.134543 0.108034 0.126712 0.108214 0.139207 0.123527 0.119168 0.113592 0.136218 0.087069 0.069437 0.053992 0.045292 0.014841 0.039578 0.109396 0.121227 0.099735 0.081047 0.116375 0.083952 0.037924 0.057753 0.074950 0.055624 0.093842 0.039876 0.081116 0.122397 0.127595 0.049635 0.078173 0.030426 0.117494 0.140497 0.134731 0.095777 0.105299
65000.003087 9.220553 0.139071 0.117084 0.118492 0.107015 0.114853 0.112710 0.135731 0.126701 0.109414 0.112779 0.099662 0.138266 0.132316 0.144060 0.131272 0.103931 0.136485 0.135561 0.127068 0.129362 0.121929 0.133455 0.140309 0.119585 0.123473 0.111590 0.142434 0.121808 0.109181 0.120073 0.130013 0.097307 0.073775 0.069073 0.026984 0.013580 0.045457 0.116102 0.130411 0.111622 0.091396 0.108111 0.080367 0.052550 0.053502 0.082003 0.068397 0.096545 0.025438 0.067002 0.110240 0.132875 0.034092 0.074627 0.040038 0.124655 0.136605 0.141579 0.093670 0.117463
66000.003135 6.600762 0.135950 0.115824 0.116426 0.108881 0.118186 0.113069 0.133957 0.124263 0.107120 0.116721 0.096313 0.142174 0.136186 0.145878 0.128377 0.103620 0.135847 0.131940 0.130683 0.126007 0.124903 0.133108 0.137317 0.113954 0.123578 0.109451 0.141240 0.121832 0.112749 0.116400 0.131759 0.092925 0.072155 0.062489 0.037140 0.011490 0.041222 0.112685 0.126218 0.105623 0.086826 0.110636 0.080540 0.045513 0.054641 0.077522 0.062676 0.094724 0.030782 0.072257 0.114509 0.130370 0.040208 0.076639 0.036521 0.120387 0.137973 0.139930 0.094719 0.111888
67000.003182 9.472522 0.138739 0.116738 0.119473 0.106966 0.116267 0.113152 0.136333 0.128068 0.110634 0.113975 0.102053 0.142488 0.134442 0.147891 0.131546 0.104623 0.139419 0.136382 0.128791 0.130580 0.120952 0.133918 0.139301 0.116853 0.124674 0.113152 0.142498 0.123856 0.112910 0.119477 0.130720 0.092893 0.068152 0.066424 0.031099 0.013764 0.040305 0.115309 0.128793 0.108632 0.090944 0.110645 0.076483 0.050367 0.049510 0.077903 0.063460 0.091567 0.030879 0.066473 0.110791 0.132193 0.034999 0.069058 0.034103 0.123802 0.141812 0.142196 0.089335 0.114339
68000.003230 10.529970 0.138398 0.116790 0.118888 0.108151 0.117856 0.113682 0.136119 0.127041 0.109811 0.115685 0.100704 0.143331 0.135904 0.148012 0.131173 0.104356 0.138869 0.135533 0.130571 0.129428 0.122734 0.134032 0.139442 0.116323 0.124006 0.111820 0.142737 0.122361 0.112421 0.118867 0.131394 0.093368 0.070092 0.065416 0.032518 0.014512 0.041162 0.113937 0.128579 0.108047 0.089543 0.110850 0.078600 0.049850 0.052225 0.078525 0.063481 0.092978 0.031356 0.068571 0.111630 0.132010 0.036935 0.071826 0.033979 0.123579 0.141520 0.142383 0.091767 0.113987
69000.003277 10.603000 0.134544 0.114397 0.115413 0.108942 0.119472 0.113802 0.131109 0.122664 0.108339 0.116853 0.097785 0.142036 0.136468 0.144425 0.128222 0.104025 0.133158 0.132481 0.132052 0.124764 0.125406 0.130547 0.134951 0.111748 0.121222 0.105710 0.137745 0.118378 0.111696 0.112991 0.130417 0.091077 0.070673 0.058486 0.035109 0.014562 0.039434 0.107273 0.123073 0.103661 0.082230 0.109769 0.081929 0.044420 0.054839 0.079100 0.060027 0.095008 0.037001 0.072768 0.113459 0.126115 0.042205 0.074236 0.030096 0.118528 0.138555 0.136897 0.094238 0.109071
70000.003325 5.611857 0.133386 0.112440 0.113575 0.106817 0.118150 0.110923 0.131212 0.122009 0.105327 0.116805 0.094895 0.143640 0.137514 0.146039 0.125980 0.101383 0.134683 0.130115 0.131716 0.124390 0.125315 0.134518 0.137229 0.112799 0.125626 0.110097 0.140987 0.123317 0.115802 0.116378 0.133869 0.091085 0.070564 0.060072 0.037140 0.010594 0.040247 0.111992 0.124972 0.104528 0.085396 0.113711 0.081746 0.044636 0.055351 0.077741 0.060391 0.094229 0.034270 0.074868 0.117396 0.129721 0.043421 0.075305 0.030588 0.120703 0.139981 0.137866 0.094289 0.110317
71000.003372 5.986631 0.133033 0.111449 0.112486 0.105145 0.115255 0.107552 0.132819 0.123132 0.101740 0.116507 0.091865 0.144728 0.138094 0.148272 0.123158 0.099485 0.137081 0.127576 0.129996 0.124516 0.125818 0.138392 0.139333 0.114484 0.130700 0.115629 0.144128 0.129336 0.120032 0.120499 0.137224 0.090167 0.069531 0.063198 0.042304 0.010942 0.041601 0.118389 0.126979 0.104526 0.090651 0.117137 0.080102 0.043172 0.054395 0.073792 0.061053 0.092140 0.030874 0.076947 0.121208 0.133808 0.043622 0.077135 0.038641 0.122749 0.140652 0.139311 0.093414 0.111464
72000.003420 6.443292 0.138908 0.117102 0.119968 0.106240 0.113177 0.111348 0.137519 0.129700 0.109744 0.112463 0.101180 0.140402 0.132308 0.146860 0.130580 0.105200 0.140251 0.135439 0.125472 0.131514 0.119526 0.132426 0.137537 0.116300 0.124512 0.114016 0.141589 0.125215 0.112042 0.119327 0.128583 0.091486 0.066047 0.067927 0.033931 0.011352 0.039840 0.118406 0.127969 0.107570 0.093563 0.108382 0.072357 0.047741 0.044964 0.073189 0.063545 0.089070 0.026613 0.064247 0.110036 0.131906 0.031268 0.068846 0.039647 0.121575 0.139346 0.141928 0.087281 0.113970
73000.003467 3.064284 0.137011 0.115739 0.117709 0.106799 0.115069 0.111242 0.135455 0.127075 0.108265 0.114322 0.098422 0.141546 0.134378 0.146589 0.128999 0.104270 0.138106 0.133415 0.127948 0.128904 0.122169 0.133026 0.137289 0.114988 0.124922 0.112289 0.141411 0.124541 0.113202 0.118089 0.130386 0.091504 0.067843 0.064833 0.034689 0.007829 0.039789 0.116240 0.126654 0.106397 0.090503 0.110021 0.075828 0.045454 0.048484 0.074467 0.062443 0.091287 0.028716 0.068291 0.112989 0.130811 0.035700 0.071618 0.036498 0.120653 0.139420 0.140501 0.090362 0.112674
74000.003515 7.554488 0.132627 0.112906 0.114336 0.107694 0.117506 0.110927 0.131755 0.123011 0.105008 0.117022 0.095322 0.143747 0.136914 0.146529 0.124717 0.102820 0.135742 0.128816 0.130112 0.124571 0.124103 0.131149 0.132848 0.108091 0.123398 0.108569 0.138027 0.122587 0.115289 0.112922 0.130995 0.085755 0.065678 0.056866 0.043642 0.012292 0.035496 0.110734 0.121322 0.099224 0.084194 0.111175 0.076764 0.037859 0.050800 0.070606 0.055250 0.089230 0.035402 0.073479 0.115893 0.127148 0.042226 0.073369 0.033721 0.115995 0.139224 0.136716 0.090521 0.105530
75000.003562 6.846628 0.137838 0.115817 0.117929 0.106015 0.113906 0.110856 0.136065 0.127310 0.108061 0.113116 0.099302 0.140292 0.133203 0.146021 0.129550 0.103164 0.138336 0.134134 0.126822 0.129400 0.121326 0.133432 0.138865 0.117212 0.124537 0.113273 0.142350 0.123766 0.111388 0.119896 0.130271 0.093033 0.068716 0.067781 0.031727 0.011702 0.041565 0.117181 0.128810 0.108581 0.092345 0.109268 0.076215 0.049428 0.049593 0.076537 0.064432 0.091575 0.025758 0.066553 0.110919 0.132587 0.032991 0.071525 0.038712 0.123343 0.138623 0.141589 0.090107 0.114752
76000.003610 16.112212 0.138465 0.116962 0.120737 0.108843 0.119830 0.115456 0.135592 0.128411 0.113002 0.116129 0.104308 0.144555 0.136088 0.148682 0.132584 0.106945 0.139800 0.137729 0.131910 0.130902 0.121710 0.131350 0.136281 0.112769 0.121813 0.109246 0.139727 0.120955 0.113108 0.114968 0.129304 0.089983 0.066893 0.061129 0.034917 0.017951 0.037293 0.109957 0.124853 0.104833 0.086387 0.110291 0.077292 0.047626 0.050637 0.076995 0.059330 0.091435 0.038618 0.068506 0.110961 0.127891 0.039637 0.068390 0.026319 0.120502 0.143729 0.140928 0.089913 0.110364
77000.003657 5.758384 0.135615 0.113992 0.116032 0.105796 0.114345 0.109864 0.133991 0.125870 0.106429 0.113979 0.097045 0.141062 0.134446 0.145937 0.127032 0.102713 0.136856 0.131998 0.127654 0.127432 0.122916 0.133172 0.136725 0.114149 0.125198 0.112078 0.140366 0.124411 0.113902 0.117577 0.131261 0.090068 0.067465 0.063549 0.036631 0.010732 0.039526 0.115254 0.125681 0.104811 0.089683 0.110796 0.077046 0.044108 0.049914 0.074398 0.061188 0.090951 0.029974 0.070444 0.114256 0.130296 0.037582 0.072379 0.037567 0.120609 0.138766 0.138947 0.090440 0.111275
78000.003705 9.017024 0.137365 0.115520 0.117584 0.104914 0.111834 0.110177 0.135141 0.126738 0.107938 0.110763 0.099086 0.137409 0.130312 0.143593 0.129322 0.102898 0.136749 0.133839 0.124155 0.128754 0.119024 0.131749 0.137888 0.117641 0.123276 0.112498 0.141030 0.122874 0.109464 0.119338 0.127903 0.093906 0.069069 0.069151 0.029453 0.013429 0.042787 0.117407 0.128285 0.109288 0.092748 0.107092 0.075226 0.050738 0.048347 0.077007 0.065961 0.091908 0.024811 0.064310 0.108702 0.131511 0.030897 0.070912 0.040722 0.122380 0.136000 0.140293 0.089145 0.115316
79000.003752 5.481514 0.132629 0.110899 0.113449 0.104353 0.115382 0.108366 0.130934 0.123379 0.105105 0.114651 0.095560 0.143262 0.136157 0.146472 0.124712 0.100833 0.135528 0.130062 0.129693 0.125100 0.123372 0.133752 0.135568 0.111092 0.126117 0.111021 0.139212 0.124641 0.117114 0.115662 0.133003 0.087253 0.065940 0.059109 0.038572 0.010470 0.037297 0.112239 0.122909 0.102056 0.086294 0.114145 0.078505 0.041963 0.051432 0.073908 0.057509 0.090304 0.035837 0.074118 0.117254 0.128034 0.042921 0.071326 0.029753 0.119287 0.141137 0.136529 0.090332 0.108018
80000.003800 9.082872 0.137393 0.115788 0.117399 0.106174 0.114576 0.111774 0.134885 0.125552 0.107965 0.112676 0.098689 0.139127 0.132189 0.144394 0.129950 0.102619 0.136661 0.133940 0.126790 0.127996 0.120331 0.132902 0.139116 0.117845 0.123185 0.111848 0.142307 0.121976 0.109819 0.119448 0.129374 0.095431 0.071637 0.068366 0.028967 0.013478 0.043573 0.116015 0.129140 0.109967 0.091174 0.108362 0.077974 0.052025 0.051833 0.079425 0.066408 0.094069 0.025910 0.066194 0.109676 0.132267 0.033635 0.072954 0.038139 0.123441 0.137020 0.141153 0.091784 0.115848
81000.003847 3.210475 0.134533 0.113846 0.115132 0.107296 0.117556 0.111091 0.133064 0.123987 0.106400 0.116975 0.096065 0.144522 0.137586 0.147508 0.126835 0.102688 0.136608 0.130909 0.131325 0.125911 0.124614 0.134293 0.137171 0.112617 0.125833 0.110875 0.141459 0.124038 0.115894 0.116695 0.133185 0.090028 0.068520 0.060884 0.038093 0.008013 0.039225 0.113257 0.125145 0.104348 0.086769 0.113394 0.079068 0.043917 0.052228 0.074875 0.059893 0.092178 0.033592 0.073221 0.116508 0.129997 0.041559 0.073437 0.031710 0.120079 0.141148 0.139163 0.092258 0.110214
82000.003895 10.523147 0.130211 0.111259 0.110532 0.108681 0.120728 0.111504 0.127712 0.118113 0.104620 0.119915 0.092457 0.144984 0.140051 0.144618 0.123793 0.101981 0.130947 0.126650 0.134570 0.120828 0.128303 0.132799 0.134383 0.108912 0.124463 0.105945 0.138627 0.120717 0.116308 0.112656 0.134207 0.089481 0.070715 0.055002 0.040578 0.014507 0.040763 0.107524 0.121444 0.102025 0.079831 0.114220 0.084467 0.041223 0.057458 0.077709 0.057719 0.095743 0.040137 0.078910 0.119512 0.126141 0.048200 0.076895 0.026629 0.117050 0.139714 0.134804 0.096467 0.106709
83000.003942 8.417427 0.134660 0.113493 0.117276 0.106027 0.116160 0.111078 0.133503 0.126683 0.108210 0.114591 0.100215 0.144349 0.135464 0.148531 0.127329 0.103828 0.138655 0.133074 0.129109 0.127789 0.120882 0.131094 0.133589 0.109444 0.123790 0.110753 0.138151 0.123783 0.116045 0.114054 0.129811 0.084228 0.061212 0.058536 0.040249 0.012975 0.031810 0.111316 0.121731 0.099750 0.086647 0.111584 0.072695 0.040647 0.045678 0.069575 0.054232 0.085715 0.037215 0.069383 0.113195 0.126887 0.039068 0.066491 0.029527 0.117482 0.142655 0.137992 0.085570 0.106091
84000.003990 7.162432 0.137412 0.115344 0.119910 0.104584 0.112660 0.110411 0.136131 0.129489 0.109522 0.110949 0.101888 0.139787 0.130752 0.146030 0.129710 0.104328 0.140266 0.135466 0.124626 0.130873 0.116636 0.129883 0.134524 0.112825 0.121995 0.112232 0.138691 0.123563 0.111691 0.116120 0.126030 0.087700 0.062707 0.064819 0.035475 0.011969 0.035350 0.115484 0.124394 0.103720 0.091572 0.107382 0.069727 0.045844 0.042942 0.070246 0.059520 0.085929 0.029709 0.063234 0.108508 0.128546 0.031628 0.065825 0.035390 0.118845 0.139218 0.139926 0.084356 0.110439
85000.004037 5.871958 0.136146 0.114972 0.116910 0.106941 0.115674 0.111274 0.134744 0.125966 0.107378 0.114817 0.098339 0.142187 0.134945 0.146766 0.128142 0.103507 0.137743 0.132579 0.128377 0.127934 0.122189 0.132549 0.136653 0.113902 0.124262 0.111597 0.140945 0.123496 0.112929 0.117390 0.130292 0.090184 0.066829 0.063607 0.035561 0.010837 0.038631 0.114800 0.125990 0.105104 0.089261 0.109858 0.075640 0.045011 0.048738 0.074027 0.060658 0.090293 0.029771 0.068347 0.112413 0.130470 0.035666 0.071231 0.035907 0.120527 0.139645 0.140052 0.089694 0.111316
86000.004085 12.909370 0.140543 0.118344 0.122649 0.107030 0.114624 0.113782 0.138336 0.131590 0.112858 0.111823 0.105298 0.140007 0.131231 0.146992 0.133341 0.107046 0.141357 0.138932 0.125951 0.133350 0.117870 0.130007 0.136283 0.115555 0.121259 0.112144 0.139565 0.122364 0.109937 0.117388 0.126009 0.090530 0.064732 0.066721 0.031712 0.016068 0.037380 0.114954 0.126846 0.106535 0.092153 0.106204 0.071456 0.048431 0.044247 0.074127 0.061976 0.088305 0.030182 0.061438 0.106283 0.129736 0.029597 0.065740 0.036378 0.121308 0.140215 0.142249 0.085863 0.112887
87000.004132 1.981652 0.134515 0.113150 0.114800 0.105856 0.115444 0.109774 0.132939 0.124082 0.105299 0.114961 0.095318 0.141932 0.135362 0.145836 0.126216 0.101689 0.136178 0.130681 0.128942 0.125955 0.123340 0.133711 0.136865 0.113352 0.125274 0.111189 0.140859 0.124022 0.114479 0.117020 0.132087 0.090373 0.068753 0.062075 0.036752 0.006295 0.039631 0.114342 0.125339 0.104568 0.087953 0.111831 0.078462 0.043816 0.051755 0.074796 0.060730 0.092126 0.030036 0.072039 0.115528 0.130152 0.039449 0.073873 0.034489 0.120296 0.138813 0.138649 0.091999 0.110874
88000.004180 4.847283 0.133914 0.113178 0.115371 0.107246 0.118394 0.111405 0.132089 0.124191 0.107173 0.117061 0.096579 0.144296 0.137473 0.146988 0.126831 0.103305 0.136244 0.131460 0.132041 0.125847 0.124713 0.132170 0.134593 0.109646 0.123635 0.108347 0.138747 0.122084 0.115552 0.113463 0.131847 0.087683 0.067444 0.057105 0.039896 0.009846 0.036709 0.109834 0.122099 0.101289 0.084018 0.112629 0.079421 0.040618 0.052600 0.073969 0.056972 0.091687 0.036828 0.074551 0.116690 0.126718 0.043830 0.072887 0.027452 0.117428 0.141249 0.137551 0.092387 0.107269
89000.004227 5.878498 0.133501 0.113650 0.115953 0.108110 0.118702 0.112246 0.131750 0.124450 0.108271 0.117174 0.098160 0.144265 0.137321 0.146788 0.126814 0.104670 0.135843 0.131672 0.131611 0.125981 0.124233 0.129361 0.131768 0.107092 0.121585 0.106449 0.136161 0.120473 0.114361 0.110816 0.129509 0.084983 0.064267 0.054680 0.041425 0.010843 0.033272 0.107671 0.119652 0.098719 0.082078 0.110411 0.076787 0.037720 0.049430 0.071595 0.054020 0.089096 0.038728 0.072731 0.114825 0.124176 0.042758 0.070209 0.027147 0.114542 0.141176 0.136160 0.089735 0.104506
90000.004275 6.264766 0.138144 0.116475 0.119983 0.106726 0.115049 0.112138 0.136715 0.129283 0.110105 0.113505 0.101695 0.141692 0.133249 0.147439 0.130598 0.105432 0.140261 0.135667 0.127373 0.130799 0.119816 0.131174 0.135943 0.113850 0.122852 0.112067 0.140248 0.123497 0.112167 0.116953 0.128102 0.089107 0.064520 0.064360 0.034657 0.011194 0.036500 0.115093 0.125614 0.104825 0.090829 0.108399 0.072479 0.045330 0.045408 0.072115 0.060038 0.088304 0.029852 0.065107 0.109885 0.129638 0.032813 0.067909 0.034438 0.120109 0.140463 0.141236 0.087281 0.111257
91000.004322 9.752357 0.135341 0.113252 0.117046 0.105600 0.116468 0.110882 0.133751 0.126636 0.108135 0.114714 0.100074 0.144455 0.135995 0.148712 0.127879 0.103017 0.138763 0.133776 0.130078 0.128011 0.121850 0.133034 0.135979 0.111818 0.124863 0.111812 0.139857 0.124040 0.116170 0.116101 0.131550 0.086490 0.063575 0.060178 0.037541 0.013966 0.034591 0.112025 0.123745 0.102065 0.087682 0.112934 0.075569 0.043630 0.048725 0.072920 0.056403 0.088053 0.036353 0.070588 0.114000 0.128529 0.039572 0.067953 0.028943 0.120392 0.143244 0.139084 0.087749 0.108351
92000.004370 9.467140 0.134892 0.114194 0.115911 0.107829 0.118138 0.112668 0.132227 0.123900 0.108070 0.116035 0.098442 0.143110 0.136268 0.146146 0.128047 0.103491 0.135146 0.132683 0.131173 0.125747 0.123782 0.131547 0.135648 0.112030 0.122580 0.107887 0.138837 0.120165 0.112953 0.114412 0.130704 0.089653 0.068136 0.059687 0.035322 0.013760 0.038104 0.109118 0.123685 0.103419 0.084287 0.110821 0.079187 0.044609 0.052034 0.076579 0.059172 0.092255 0.036266 0.071298 0.112970 0.127236 0.040422 0.071670 0.030167 0.119321 0.140326 0.137975 0.091513 0.109126
93000.004417 4.095918 0.133089 0.112700 0.113332 0.107510 0.118205 0.110947 0.131177 0.121921 0.105379 0.117528 0.094710 0.144084 0.138057 0.146170 0.125647 0.101989 0.134365 0.129492 0.132020 0.124092 0.125966 0.133656 0.136311 0.111723 0.125132 0.109187 0.140332 0.122515 0.115300 0.115534 0.133411 0.089865 0.069123 0.059150 0.037675 0.009051 0.039322 0.111234 0.124096 0.103563 0.084617 0.113134 0.080810 0.042751 0.053794 0.076041 0.059167 0.093173 0.034737 0.074535 0.116903 0.128786 0.042794 0.074450 0.030344 0.119441 0.140169 0.137574 0.093583 0.109160
94000.004465 8.695094 0.136259 0.114946 0.117941 0.106608 0.117226 0.112494 0.133998 0.126318 0.109491 0.114568 0.100376 0.142928 0.135300 0.147210 0.129497 0.103683 0.137730 0.134726 0.129896 0.128363 0.121856 0.132512 0.136417 0.112858 0.123520 0.110598 0.139785 0.122597 0.114129 0.115896 0.130699 0.089985 0.067349 0.061626 0.035901 0.013187 0.037272 0.111621 0.124965 0.104393 0.087090 0.111404 0.077235 0.046471 0.050839 0.076422 0.059880 0.090628 0.034706 0.069843 0.113058 0.128762 0.039702 0.069720 0.030548 0.120381 0.141482 0.139390 0.089724 0.110345
95000.004512 8.876205 0.132626 0.111628 0.111123 0.106366 0.117061 0.109598 0.130036 0.119506 0.103118 0.116697 0.092032 0.142056 0.137052 0.144098 0.124600 0.099805 0.132469 0.127629 0.130962 0.122682 0.126284 0.136482 0.139506 0.115678 0.127221 0.110891 0.142911 0.123861 0.115161 0.118946 0.135596 0.094618 0.074263 0.063207 0.034726 0.013324 0.045755 0.114199 0.127549 0.108111 0.086674 0.114215 0.085048 0.047792 0.058636 0.080994 0.064349 0.097954 0.031467 0.076219 0.118191 0.132234 0.043583 0.078986 0.034862 0.123365 0.137699 0.137866 0.097429 0.113392
96000.004560 9.188953 0.138482 0.117028 0.120380 0.108700 0.118437 0.114448 0.136159 0.128768 0.111275 0.115621 0.102284 0.142955 0.135700 0.147852 0.131429 0.105992 0.139220 0.136987 0.130753 0.130271 0.123082 0.131088 0.135945 0.112711 0.121657 0.109302 0.138963 0.120804 0.112247 0.114870 0.129478 0.089558 0.067455 0.061138 0.036548 0.013557 0.036076 0.110489 0.124780 0.103550 0.086985 0.109481 0.077165 0.044799 0.050580 0.075792 0.059482 0.090768 0.034696 0.069098 0.111704 0.128192 0.038428 0.070511 0.032252 0.119846 0.141426 0.140534 0.090298 0.110013
97000.004607 11.413040 0.132767 0.112503 0.112502 0.108136 0.119332 0.111719 0.130050 0.120597 0.105991 0.118594 0.095341 0.145051 0.139255 0.146042 0.125621 0.102455 0.133291 0.129139 0.133111 0.123861 0.126859 0.134543 0.136981 0.112237 0.126099 0.109019 0.140616 0.122648 0.116262 0.115981 0.134646 0.090800 0.069862 0.059176 0.037555 0.015108 0.041851 0.110665 0.124736 0.105005 0.083531 0.114282 0.082927 0.044637 0.055362 0.078439 0.059926 0.094953 0.037948 0.075933 0.117766 0.129197 0.044763 0.074606 0.029976 0.120554 0.141185 0.137029 0.094344 0.109694
98000.004655 5.244662 0.132953 0.112051 0.113696 0.105416 0.115794 0.109794 0.131181 0.122459 0.105028 0.114708 0.095426 0.141678 0.135006 0.144870 0.125615 0.100704 0.134729 0.129903 0.128995 0.124526 0.122750 0.132527 0.135462 0.111661 0.123904 0.110066 0.139472 0.122458 0.114036 0.115585 0.131492 0.089251 0.067757 0.060937 0.037214 0.010242 0.038248 0.112115 0.124040 0.103528 0.086354 0.111578 0.078428 0.044660 0.052407 0.075308 0.059231 0.091087 0.032185 0.071961 0.114621 0.128815 0.040431 0.072479 0.031921 0.119486 0.138491 0.137288 0.091103 0.109243
99000.004702 11.203203 0.130328 0.110277 0.112442 0.105590 0.116168 0.109192 0.129058 0.121430 0.103983 0.115211 0.094966 0.142138 0.135390 0.144595 0.123023 0.100897 0.133421 0.128051 0.129263 0.122311 0.123028 0.129210 0.130921 0.106759 0.121911 0.107396 0.135450 0.120903 0.114561 0.111168 0.129618 0.083609 0.063635 0.055477 0.042664 0.014969 0.033320 0.108309 0.118697 0.097237 0.082839 0.110693 0.076485 0.038366 0.050647 0.070756 0.053213 0.087813 0.037856 0.073431 0.114795 0.124187 0.042692 0.071284 0.031090 0.114872 0.138254 0.133926 0.088953 0.103476
100000.004750 10.037800 0.134096 0.113430 0.115718 0.108144 0.118738 0.111415 0.133547 0.125474 0.106383 0.118574 0.097416 0.147631 0.139746 0.150504 0.125734 0.104038 0.138781 0.130719 0.132427 0.126701 0.125544 0.134173 0.135203 0.109638 0.126932 0.111843 0.140538 0.125986 0.119233 0.115466 0.133950 0.084859 0.063709 0.057287 0.044343 0.014169 0.034757 0.112739 0.122690 0.099602 0.086353 0.114827 0.076456 0.037806 0.049596 0.069754 0.054376 0.088266 0.038484 0.074769 0.118334 0.129069 0.043415 0.071701 0.032127 0.118421 0.144107 0.138743 0.089678 0.106213
101000.004797 9.482341 0.140170 0.116873 0.122022 0.104930 0.113852 0.111607 0.138819 0.132028 0.111307 0.111807 0.103804 0.142051 0.132524 0.149103 0.132204 0.105144 0.143494 0.138219 0.126446 0.133805 0.117761 0.134321 0.138911 0.116414 0.125731 0.116104 0.142680 0.127152 0.114986 0.120250 0.129926 0.090435 0.065002 0.067392 0.034917 0.013771 0.037930 0.118416 0.128433 0.107113 0.094558 0.111308 0.072075 0.048923 0.045721 0.073238 0.062044 0.087893 0.030089 0.065076 0.111151 0.132698 0.033894 0.066579 0.035027 0.123513 0.142798 0.143410 0.086043 0.113869
102000.004845 5.743270 0.134365 0.112911 0.113008 0.106153 0.115314 0.109274 0.132334 0.122365 0.103735 0.115640 0.093046 0.141275 0.135957 0.144854 0.125411 0.100698 0.134503 0.129080 0.129242 0.124702 0.125532 0.136147 0.139556 0.116462 0.127314 0.112289 0.143064 0.124887 0.114631 0.119732 0.134588 0.093993 0.072801 0.064863 0.035305 0.010718 0.044813 0.116413 0.128093 0.107987 0.089232 0.113054 0.082521 0.046833 0.055834 0.078640 0.064721 0.096114 0.028245 0.074336 0.117273 0.132891 0.040688 0.077999 0.038582 0.123221 0.137441 0.139063 0.095629 0.114008
103000.004892 5.602383 0.138727 0.117692 0.118983 0.108492 0.116017 0.113511 0.136018 0.127345 0.110199 0.114471 0.099955 0.139997 0.133639 0.145281 0.131104 0.105774 0.137133 0.135120 0.128182 0.129635 0.122893 0.131979 0.137832 0.116389 0.122933 0.110237 0.140913 0.121853 0.110204 0.117669 0.129437 0.094141 0.070730 0.065861 0.031539 0.010585 0.042035 0.114574 0.127905 0.108530 0.089531 0.107916 0.078146 0.047609 0.050722 0.078016 0.064838 0.094253 0.028197 0.067313 0.110795 0.130767 0.034746 0.073151 0.037869 0.121517 0.137835 0.141062 0.092354 0.114284
104000.004940 11.898528 0.131156 0.110793 0.112117 0.106478 0.116766 0.108440 0.130114 0.122259 0.104254 0.117489 0.093652 0.144229 0.138221 0.146223 0.122896 0.102258 0.134386 0.127534 0.131273 0.123654 0.126219 0.132171 0.133043 0.108287 0.125511 0.108838 0.137594 0.123604 0.117051 0.113377 0.132656 0.085295 0.065518 0.056483 0.043758 0.015426 0.038242 0.111019 0.120230 0.099326 0.084120 0.113527 0.079311 0.037185 0.051862 0.071363 0.055679 0.090525 0.039335 0.077058 0.118934 0.125754 0.045911 0.073729 0.032408 0.115867 0.140727 0.135034 0.091981 0.105279
105000.004987 10.594974 0.139065 0.116175 0.120509 0.103899 0.110863 0.109788 0.137481 0.130675 0.109847 0.109645 0.102394 0.138055 0.129752 0.145408 0.130761 0.104009 0.140431 0.136716 0.123348 0.132149 0.117066 0.131403 0.137301 0.116993 0.123227 0.114480 0.140497 0.124333 0.110521 0.119463 0.126869 0.091206 0.065267 0.069523 0.031921 0.014557 0.039778 0.118540 0.127704 0.107676 0.095159 0.107223 0.071265 0.050317 0.044500 0.073699 0.064107 0.087826 0.026066 0.062260 0.107926 0.131197 0.029293 0.066934 0.040117 0.122248 0.138249 0.141459 0.085463 0.114423
106000.005035 5.302096 0.133659 0.112307 0.113252 0.103918 0.112592 0.108236 0.131429 0.122596 0.103942 0.112056 0.093725 0.138277 0.132417 0.142896 0.125316 0.099580 0.133393 0.129654 0.126019 0.124259 0.122274 0.134063 0.137704 0.115554 0.125531 0.111898 0.140586 0.123968 0.113310 0.118397 0.132143 0.092843 0.071131 0.065344 0.034475 0.010298 0.042764 0.115361 0.126660 0.106941 0.089455 0.111405 0.079993 0.047488 0.053697 0.077995 0.064354 0.093698 0.027159 0.071771 0.114724 0.131047 0.039006 0.074938 0.039087 0.121794 0.135459 0.137460 0.092534 0.112965
107000.005082 6.928173 0.133579 0.112624 0.115007 0.105961 0.115742 0.110078 0.132042 0.124392 0.106262 0.114915 0.097301 0.142757 0.135645 0.146412 0.125783 0.102457 0.136001 0.130948 0.128992 0.125966 0.122892 0.131503 0.133992 0.110118 0.123856 0.109802 0.137940 0.122825 0.114875 0.114332 0.130765 0.086216 0.064366 0.058873 0.039500 0.011771 0.035441 0.111193 0.122327 0.100912 0.085801 0.111264 0.076104 0.040748 0.048987 0.072199 0.056393 0.088475 0.035069 0.071482 0.114455 0.127251 0.040136 0.069967 0.032362 0.117849 0.140245 0.136853 0.088597 0.107006
108000.005130 5.198466 0.136724 0.115892 0.117874 0.107139 0.115844 0.112528 0.134601 0.126077 0.108702 0.113801 0.099242 0.140909 0.133412 0.145673 0.129627 0.103940 0.137026 0.133942 0.128016 0.127822 0.120975 0.131559 0.136670 0.114579 0.122734 0.110512 0.140421 0.122112 0.111468 0.116738 0.128935 0.091955 0.068569 0.064477 0.033023 0.010197 0.039078 0.113801 0.126115 0.106209 0.088865 0.108754 0.075878 0.047309 0.049282 0.075851 0.062472 0.091542 0.030009 0.066750 0.110539 0.129670 0.035171 0.071089 0.034921 0.120320 0.138478 0.140028 0.090097 0.112269
109000.005177 12.450495 0.139546 0.116980 0.118434 0.106650 0.115284 0.112176 0.136337 0.127016 0.109762 0.113623 0.099792 0.139877 0.133598 0.145317 0.131748 0.103734 0.137770 0.135793 0.128327 0.130285 0.122368 0.135892 0.142712 0.121482 0.125637 0.113762 0.145018 0.123558 0.110726 0.122573 0.131951 0.099099 0.075009 0.071239 0.025706 0.015780 0.048148 0.118442 0.132432 0.114196 0.093414 0.110486 0.081863 0.055644 0.055086 0.083613 0.070383 0.097950 0.026672 0.068317 0.111768 0.134908 0.035995 0.075194 0.039051 0.127008 0.138809 0.143090 0.094944 0.119721
110000.005225 7.210393 0.139010 0.117840 0.121605 0.107874 0.116337 0.114257 0.137154 0.130219 0.112434 0.113726 0.103949 0.142550 0.133277 0.148393 0.132224 0.107171 0.140863 0.137373 0.128028 0.131693 0.119127 0.130319 0.135138 0.112595 0.122023 0.110858 0.139224 0.122795 0.112666 0.115412 0.127448 0.088280 0.063478 0.062731 0.035527 0.012009 0.034274 0.112793 0.124822 0.103966 0.089038 0.108528 0.071551 0.044607 0.044096 0.071840 0.058634 0.087548 0.033544 0.064416 0.108960 0.128346 0.033841 0.065712 0.031864 0.119042 0.141936 0.141304 0.085888 0.110017
111000.005272 6.897061 0.138720 0.117203 0.120688 0.107973 0.117068 0.113494 0.136946 0.130007 0.111482 0.115157 0.102455 0.143655 0.135292 0.149050 0.131328 0.106824 0.140761 0.136631 0.129634 0.131394 0.121948 0.132380 0.136504 0.113673 0.124132 0.112192 0.140710 0.124577 0.114485 0.116778 0.129973 0.089053 0.065096 0.062692 0.036293 0.011745 0.036087 0.114308 0.125494 0.104436 0.089849 0.110470 0.074295 0.044006 0.046873 0.072949 0.059458 0.089471 0.033424 0.067807 0.112330 0.129576 0.036431 0.068704 0.032600 0.120283 0.142504 0.141492 0.088687 0.110913
112000.005320 11.487797 0.138296 0.116630 0.122059 0.107400 0.117393 0.113830 0.136906 0.131240 0.112513 0.114569 0.105071 0.144637 0.134838 0.150069 0.131475 0.107207 0.142570 0.137803 0.129310 0.132435 0.119351 0.130158 0.133572 0.109762 0.122089 0.111151 0.138119 0.123537 0.115050 0.113808 0.127871 0.084380 0.060447 0.059600 0.040418 0.015158 0.030337 0.111562 0.122459 0.100210 0.088289 0.109972 0.070496 0.041922 0.043680 0.069032 0.054497 0.084763 0.037829 0.066520 0.110845 0.126972 0.037407 0.064275 0.028599 0.117691 0.144343 0.140505 0.084421 0.106870
113000.005367 7.223481 0.138047 0.116590 0.120043 0.108288 0.118208 0.114069 0.135867 0.128395 0.111137 0.115729 0.102208 0.143986 0.135566 0.148571 0.131117 0.106381 0.139993 0.136052 0.130487 0.130468 0.121590 0.131715 0.136016 0.112374 0.122806 0.110029 0.140027 0.122631 0.113824 0.115227 0.129639 0.088917 0.066091 0.060694 0.036333 0.012020 0.036183 0.111814 0.124780 0.103889 0.087168 0.110251 0.075742 0.044074 0.048784 0.073822 0.058490 0.090522 0.035017 0.068516 0.112034 0.128699 0.037976 0.069415 0.029000 0.119732 0.142410 0.140813 0.089458 0.109915
114000.005415 7.429221 0.135907 0.114781 0.117433 0.107231 0.115522 0.110927 0.134996 0.127117 0.107267 0.115435 0.098284 0.142638 0.135053 0.147243 0.127434 0.104779 0.138859 0.132101 0.128253 0.128577 0.122311 0.131543 0.134614 0.111533 0.124059 0.111223 0.139619 0.124439 0.114194 0.115637 0.129696 0.087284 0.064925 0.061517 0.040455 0.012190 0.037182 0.114877 0.123754 0.102229 0.089069 0.109720 0.074300 0.040576 0.047451 0.069899 0.058146 0.088978 0.032260 0.069699 0.113670 0.129028 0.037495 0.071592 0.036213 0.118107 0.139682 0.139308 0.089172 0.108887
115000.005462 6.715468 0.132641 0.112062 0.115060 0.105699 0.115317 0.109131 0.132021 0.125038 0.106067 0.115220 0.097015 0.143461 0.135552 0.146855 0.124822 0.103266 0.137096 0.130004 0.128597 0.126172 0.121806 0.130038 0.131634 0.107549 0.123529 0.109698 0.136980 0.123703 0.115574 0.112751 0.129106 0.083202 0.061081 0.057448 0.042470 0.011589 0.033176 0.112011 0.119815 0.098363 0.086084 0.110678 0.072893 0.037310 0.045479 0.067275 0.053729 0.085941 0.036597 0.071081 0.114621 0.125508 0.040313 0.068553 0.031265 0.114772 0.140754 0.136165 0.086738 0.104713
116000.005510 4.111604 0.137416 0.115212 0.118639 0.105859 0.115493 0.110885 0.136015 0.128326 0.108925 0.114276 0.099782 0.143043 0.135125 0.148225 0.129522 0.103842 0.140027 0.134819 0.128986 0.130140 0.121581 0.133874 0.137707 0.114168 0.125246 0.112907 0.141514 0.124871 0.114742 0.117998 0.131209 0.089942 0.066655 0.063723 0.035864 0.009068 0.038209 0.115293 0.126312 0.105287 0.090386 0.111867 0.075784 0.045660 0.048850 0.073941 0.060793 0.089896 0.031311 0.069340 0.113788 0.130645 0.037787 0.069901 0.032645 0.121273 0.142040 0.141078 0.089382 0.111756
117000.005557 6.050904 0.135485 0.114424 0.118332 0.106537 0.116627 0.111390 0.134862 0.127746 0.108249 0.115222 0.099520 0.144701 0.135655 0.149195 0.127827 0.104593 0.140357 0.133043 0.129186 0.129000 0.120875 0.132003 0.133814 0.108976 0.124329 0.111340 0.139172 0.125281 0.117045 0.114251 0.130363 0.084741 0.062809 0.058348 0.042983 0.011001 0.032605 0.112844 0.122219 0.099627 0.087443 0.112038 0.072873 0.038586 0.046752 0.068225 0.054642 0.086533 0.035614 0.070620 0.114865 0.128005 0.040414 0.068966 0.030572 0.117064 0.142527 0.139229 0.087251 0.106369
118000.005605 8.762071 0.137136 0.115294 0.117321 0.104802 0.112646 0.110261 0.134554 0.125889 0.107567 0.110872 0.098177 0.136674 0.130394 0.142551 0.129435 0.101944 0.135911 0.133931 0.124915 0.128133 0.119607 0.131777 0.138181 0.117640 0.122068 0.111275 0.140863 0.121025 0.108258 0.118779 0.128069 0.095366 0.071870 0.068968 0.028678 0.013238 0.044003 0.116027 0.128390 0.109595 0.091714 0.106882 0.077729 0.052093 0.051663 0.079376 0.067238 0.093725 0.023913 0.065773 0.109080 0.131255 0.033185 0.073113 0.039917 0.122535 0.135013 0.140134 0.091602 0.115810
119000.005652 7.037881 0.136839 0.114703 0.118688 0.104600 0.113425 0.110332 0.135511 0.128053 0.108520 0.111739 0.100799 0.140956 0.131940 0.146749 0.129114 0.103336 0.139853 0.134403 0.125697 0.129930 0.117574 0.131734 0.135984 0.113532 0.123516 0.112832 0.140222 0.124330 0.112989 0.117299 0.128173 0.088651 0.064057 0.064694 0.034927 0.011864 0.036615 0.115576 0.125568 0.104649 0.091083 0.109262 0.071699 0.046470 0.045262 0.071823 0.059860 0.087241 0.029842 0.064952 0.109963 0.129984 0.033379 0.067047 0.034079 0.120439 0.140093 0.140323 0.085802 0.111060
120000.005700 9.797664 0.138955 0.116741 0.119853 0.105707 0.113009 0.111189 0.137550 0.129314 0.109049 0.111869 0.101227 0.139827 0.131668 0.146509 0.130708 0.104029 0.140338 0.135579 0.125183 0.131154 0.118750 0.132448 0.138254 0.117235 0.123654 0.114211 0.142138 0.124142 0.110760 0.120012 0.128294 0.092298 0.067006 0.069085 0.032205 0.013998 0.040612 0.118307 0.128827 0.108245 0.094174 0.107763 0.072866 0.049988 0.046556 0.074510 0.064298 0.089385 0.024777 0.063385 0.108592 0.132706 0.029808 0.069310 0.040031 0.123011 0.138731 0.142571 0.087649 0.114820
