#! FIELDS time restraint.bias r0 r1 r2 r3 r4 r5 r6 r7 r8 r9 r10 r11 r12 r13 r14 r15 r16 r17 r18 r19 r20 r21 r22 r23 r24 r25 r26 r27 r28 r29 r30 r31 r32 r33 r34 r35 r36 r37 r38 r39 r40 r41 r42 r43 r44 r45 r46 r47 r48 r49 r50 r51 r52 r53 r54 r55 r56 r57 r58 r59
660000.031348 3.773393 0.116358 0.125314 0.114359 0.147821 0.160890 0.145436 0.107215 0.100274 0.128466 0.154759 0.110667 0.132047 0.148389 0.119574 0.127865 0.133984 0.105238 0.120251 0.157012 0.108902 0.153350 0.082231 0.086340 0.063573 0.072291 0.037025 0.093907 0.063537 0.081206 0.049405 0.101836 0.098155 0.107969 0.045996 0.109247 0.092267 0.087121 0.045243 0.081630 0.085636 0.013375 0.081049 0.125662 0.071434 0.109404 0.109901 0.074957 0.128922 0.110505 0.118604 0.112578 0.076568 0.110064 0.119863 0.075359 0.064714 0.116858 0.106192 0.133699 0.074724
661000.031396 2.461203 0.117955 0.122685 0.114545 0.142880 0.158018 0.142853 0.107611 0.102540 0.127849 0.151225 0.111937 0.133220 0.149085 0.120544 0.129157 0.130243 0.106249 0.124416 0.157759 0.109648 0.151347 0.085284 0.090901 0.067720 0.073649 0.038497 0.095600 0.060579 0.081654 0.053452 0.104540 0.094613 0.102239 0.041878 0.101488 0.087052 0.080798 0.038173 0.083221 0.085102 0.010802 0.084351 0.122547 0.068526 0.104637 0.107808 0.069668 0.124722 0.106786 0.115331 0.112259 0.076299 0.105120 0.112213 0.066114 0.072020 0.120528 0.107833 0.128657 0.075037
662000.031443 2.578289 0.112526 0.118959 0.109720 0.141150 0.156553 0.139252 0.104009 0.098425 0.123134 0.151064 0.106467 0.134420 0.149374 0.120852 0.123112 0.127570 0.104768 0.117615 0.156325 0.105409 0.150924 0.085235 0.086967 0.061559 0.076561 0.042739 0.094086 0.067204 0.086535 0.051319 0.104640 0.091274 0.100838 0.038013 0.104511 0.086604 0.080149 0.044722 0.078858 0.080269 0.011056 0.086428 0.121254 0.065064 0.104069 0.104100 0.067183 0.122653 0.107080 0.117448 0.115313 0.075460 0.106714 0.113288 0.067166 0.066136 0.120178 0.103996 0.127858 0.070251
663000.031491 7.360504 0.117322 0.127159 0.118111 0.148864 0.161493 0.148177 0.106772 0.102907 0.133322 0.153601 0.117545 0.129530 0.145097 0.117368 0.131440 0.136736 0.105396 0.124617 0.155291 0.111635 0.149822 0.073793 0.081033 0.061268 0.062451 0.029137 0.088121 0.054048 0.072918 0.042239 0.093863 0.099058 0.108782 0.052137 0.110940 0.097283 0.089896 0.036989 0.078631 0.086380 0.018680 0.073308 0.125168 0.077925 0.110491 0.112539 0.077865 0.128842 0.113842 0.115386 0.104486 0.070089 0.110667 0.118569 0.078777 0.061278 0.115573 0.104405 0.132504 0.073687
664000.031538 7.181453 0.118435 0.129646 0.118489 0.152047 0.162668 0.150933 0.106977 0.101298 0.134445 0.154659 0.117844 0.124863 0.142806 0.113346 0.132898 0.138751 0.102071 0.124753 0.154729 0.110158 0.152179 0.074741 0.083639 0.066671 0.063256 0.026513 0.089558 0.051115 0.071031 0.045793 0.095363 0.103586 0.112963 0.056112 0.111827 0.099971 0.093810 0.036472 0.081543 0.090474 0.018451 0.073419 0.129370 0.081480 0.114101 0.117009 0.082106 0.133512 0.115496 0.117802 0.104926 0.071889 0.112588 0.122636 0.082619 0.065111 0.111264 0.105297 0.136604 0.077819
665000.031586 1.156749 0.117585 0.124149 0.113902 0.145755 0.160335 0.144123 0.108278 0.100724 0.127336 0.154404 0.110151 0.132651 0.150089 0.120313 0.128248 0.131780 0.105922 0.121518 0.158825 0.109146 0.154474 0.087149 0.091309 0.066870 0.075975 0.039207 0.097358 0.063016 0.083440 0.054516 0.106915 0.096637 0.105257 0.042408 0.105085 0.088793 0.083707 0.042553 0.084585 0.085933 0.007405 0.085799 0.125136 0.068690 0.107453 0.108899 0.071621 0.127243 0.108190 0.118772 0.115291 0.079519 0.107910 0.116686 0.069937 0.071245 0.118664 0.108572 0.131942 0.075630
666000.031633 5.075419 0.115351 0.121488 0.114755 0.142046 0.157127 0.142322 0.105558 0.102665 0.128269 0.149990 0.114403 0.132303 0.147330 0.119615 0.127562 0.130433 0.106057 0.123602 0.155829 0.109212 0.148615 0.078809 0.083915 0.061279 0.068601 0.036288 0.089293 0.056902 0.079165 0.046653 0.099436 0.091384 0.100722 0.044021 0.105675 0.091306 0.081968 0.034040 0.077279 0.080614 0.015512 0.080818 0.120750 0.070725 0.104577 0.106354 0.069024 0.121958 0.110455 0.114758 0.108022 0.070339 0.106901 0.111095 0.070600 0.065797 0.119798 0.103735 0.125790 0.069277
667000.031681 4.211496 0.115952 0.122758 0.115236 0.143956 0.158724 0.143370 0.106577 0.102561 0.128619 0.151933 0.113592 0.132953 0.147949 0.120500 0.128056 0.131780 0.107114 0.122900 0.156531 0.109621 0.149782 0.079686 0.084579 0.061110 0.068976 0.035298 0.091477 0.058666 0.078949 0.046685 0.099662 0.093037 0.102830 0.043788 0.106548 0.091445 0.083341 0.037347 0.078214 0.081687 0.014130 0.079998 0.121982 0.070554 0.106010 0.106668 0.070184 0.124135 0.110001 0.115393 0.108888 0.072104 0.107312 0.114006 0.071203 0.065175 0.119371 0.105333 0.128547 0.070587
668000.031728 3.685744 0.119676 0.127990 0.115864 0.150510 0.163319 0.148941 0.108440 0.100068 0.130760 0.156055 0.113077 0.127603 0.147407 0.115874 0.131507 0.135145 0.101941 0.124218 0.159000 0.108821 0.157603 0.086358 0.093481 0.073344 0.074307 0.036868 0.096692 0.058568 0.080333 0.056546 0.106592 0.103998 0.112451 0.050753 0.107977 0.094354 0.090138 0.040081 0.087814 0.091716 0.013219 0.084710 0.131445 0.076649 0.113782 0.117269 0.079583 0.133907 0.112439 0.121962 0.114581 0.080046 0.112091 0.122651 0.077077 0.075173 0.114590 0.108643 0.137836 0.081381
669000.031776 1.639122 0.114710 0.120365 0.110213 0.142171 0.157239 0.140401 0.105819 0.098508 0.123308 0.151807 0.106164 0.133978 0.150125 0.120636 0.124542 0.127854 0.104399 0.118718 0.157550 0.105909 0.153006 0.088768 0.091365 0.066447 0.079347 0.043999 0.097172 0.067785 0.087656 0.055950 0.108322 0.093467 0.101852 0.038256 0.102548 0.085018 0.079827 0.045563 0.083153 0.083280 0.008815 0.088870 0.122559 0.064553 0.104423 0.105668 0.067943 0.124209 0.105720 0.117979 0.117280 0.079349 0.105924 0.113910 0.066222 0.071300 0.119822 0.106413 0.129059 0.073753
670000.031823 4.769635 0.117819 0.126674 0.114845 0.148961 0.160622 0.146673 0.107620 0.100327 0.129109 0.154337 0.111187 0.127482 0.146219 0.116055 0.129266 0.134345 0.102050 0.122163 0.156601 0.107461 0.155343 0.083125 0.089559 0.069805 0.072995 0.035653 0.094038 0.059412 0.079121 0.053033 0.103363 0.100955 0.109904 0.049317 0.107723 0.093172 0.088627 0.041971 0.083744 0.088119 0.015037 0.081799 0.128161 0.073771 0.110756 0.113088 0.077702 0.131120 0.111095 0.119642 0.112419 0.076192 0.110216 0.120886 0.077167 0.069162 0.114292 0.106627 0.135433 0.078136
671000.031871 7.489645 0.114634 0.119325 0.111321 0.140096 0.155202 0.138120 0.108177 0.102586 0.122058 0.150492 0.105451 0.139883 0.152256 0.126996 0.123133 0.127380 0.110189 0.118612 0.156907 0.107675 0.150560 0.088368 0.088682 0.061166 0.081101 0.048488 0.097546 0.073640 0.090851 0.053979 0.107295 0.087074 0.095987 0.031569 0.102008 0.081531 0.074254 0.050891 0.079405 0.076505 0.018843 0.088725 0.116125 0.056909 0.098502 0.097364 0.061552 0.118252 0.103192 0.114596 0.117087 0.078291 0.102541 0.109932 0.063533 0.065661 0.125092 0.107434 0.124247 0.068453
672000.031918 8.602456 0.113992 0.114751 0.107545 0.134156 0.150936 0.132654 0.107311 0.100609 0.117303 0.146669 0.101201 0.140480 0.152276 0.127348 0.120702 0.121003 0.110010 0.117304 0.155760 0.106368 0.148805 0.096210 0.095784 0.066425 0.087099 0.054900 0.102686 0.077265 0.095456 0.062506 0.113683 0.084960 0.091813 0.025853 0.094357 0.074275 0.068762 0.053211 0.084294 0.078188 0.020194 0.095311 0.114435 0.052693 0.095198 0.095534 0.056737 0.115347 0.096632 0.113208 0.120591 0.084273 0.097745 0.105242 0.053749 0.075722 0.126697 0.109242 0.121230 0.071495
673000.031966 0.912104 0.115372 0.122859 0.111408 0.145327 0.158989 0.143194 0.105664 0.097684 0.125483 0.153128 0.107727 0.129762 0.147476 0.117162 0.126417 0.130393 0.102175 0.119330 0.156805 0.105573 0.153927 0.086423 0.090724 0.068017 0.076124 0.039494 0.096358 0.063275 0.083206 0.054823 0.105995 0.097453 0.106031 0.043445 0.104501 0.088749 0.084254 0.043275 0.083690 0.086183 0.006576 0.085466 0.125741 0.069467 0.107973 0.109721 0.072629 0.128014 0.107784 0.118932 0.115035 0.078303 0.107855 0.117581 0.070658 0.070913 0.115812 0.106407 0.132725 0.076184
674000.032013 4.376361 0.120784 0.130106 0.119122 0.151970 0.164951 0.151195 0.109338 0.102692 0.134321 0.156977 0.116556 0.128470 0.147268 0.116918 0.134231 0.138018 0.104372 0.126596 0.159084 0.111625 0.155782 0.081060 0.089621 0.070178 0.068142 0.029518 0.094423 0.054527 0.075324 0.050439 0.100876 0.105120 0.114031 0.053382 0.110408 0.097187 0.092384 0.037301 0.085531 0.092057 0.014404 0.078858 0.131116 0.079473 0.114638 0.117896 0.081845 0.134828 0.114569 0.120372 0.110480 0.076180 0.113250 0.123233 0.078932 0.069608 0.114736 0.108833 0.138407 0.080769
675000.032061 2.686133 0.116823 0.125350 0.114453 0.147319 0.160993 0.145724 0.106998 0.100327 0.128840 0.154340 0.110840 0.132119 0.148632 0.119387 0.128667 0.133454 0.104410 0.121464 0.157694 0.108434 0.153477 0.082549 0.087613 0.065675 0.072143 0.036633 0.094180 0.062639 0.081106 0.050188 0.102154 0.099041 0.108124 0.046026 0.107880 0.091573 0.086485 0.043225 0.082462 0.086732 0.011285 0.081565 0.125994 0.071890 0.109365 0.111075 0.075238 0.129354 0.110279 0.118499 0.112661 0.076269 0.109782 0.119132 0.074077 0.066464 0.117353 0.106477 0.133666 0.076022
676000.032108 10.958236 0.114977 0.125462 0.117650 0.148136 0.161641 0.147011 0.106069 0.104624 0.132234 0.154393 0.117360 0.132967 0.147374 0.120681 0.128920 0.136039 0.106902 0.123807 0.157047 0.109909 0.150950 0.070651 0.076063 0.055621 0.061856 0.031670 0.084114 0.055103 0.074824 0.036914 0.092718 0.094450 0.106581 0.050650 0.114397 0.099191 0.088856 0.034484 0.072208 0.079545 0.022792 0.074188 0.123938 0.076118 0.109989 0.109415 0.075246 0.125910 0.116740 0.116853 0.104526 0.064154 0.112532 0.117872 0.080810 0.055176 0.119617 0.102025 0.130931 0.066960
677000.032156 2.485550 0.118200 0.125247 0.115622 0.146825 0.161984 0.146041 0.107900 0.102331 0.129793 0.154996 0.112792 0.133752 0.150816 0.121053 0.129849 0.133232 0.105944 0.124159 0.160146 0.110001 0.155011 0.084503 0.089881 0.066896 0.072971 0.037586 0.094888 0.060965 0.082259 0.051566 0.104600 0.098181 0.107276 0.044761 0.107215 0.091513 0.085513 0.038821 0.083303 0.086258 0.010855 0.084306 0.126755 0.071917 0.109508 0.111718 0.074082 0.128773 0.111196 0.119652 0.114112 0.076642 0.110286 0.117787 0.072262 0.069977 0.120227 0.107619 0.133153 0.075782
678000.032203 7.597569 0.113203 0.114930 0.106687 0.135109 0.151093 0.133161 0.105936 0.098741 0.117330 0.146792 0.100713 0.138382 0.150460 0.125066 0.120291 0.121717 0.107918 0.115937 0.154439 0.105598 0.148546 0.094515 0.094390 0.066211 0.085631 0.053415 0.101298 0.076872 0.093904 0.061298 0.111821 0.086750 0.093769 0.028374 0.095336 0.075618 0.071010 0.054004 0.084103 0.079656 0.018978 0.093084 0.115611 0.054438 0.096681 0.097221 0.059097 0.117275 0.097172 0.113261 0.119419 0.083933 0.098513 0.107265 0.056254 0.074547 0.124207 0.107677 0.122739 0.072289
679000.032251 3.131115 0.116958 0.124849 0.111862 0.146732 0.159569 0.144725 0.106500 0.097317 0.126443 0.153506 0.107482 0.128173 0.147247 0.115530 0.127751 0.131511 0.100219 0.119935 0.156934 0.105755 0.155421 0.088017 0.093395 0.072514 0.078299 0.040339 0.097496 0.064569 0.084020 0.057943 0.107526 0.101477 0.108653 0.046930 0.104135 0.088777 0.086028 0.046606 0.087178 0.090373 0.012183 0.086588 0.127413 0.071127 0.108941 0.112610 0.076340 0.130683 0.108087 0.119862 0.116544 0.080863 0.108586 0.119202 0.072721 0.073044 0.114220 0.107131 0.134306 0.080526
680000.032298 2.631998 0.118690 0.125566 0.116727 0.146550 0.161823 0.146525 0.108121 0.103284 0.130761 0.154444 0.114390 0.133407 0.150298 0.120761 0.130955 0.133569 0.106323 0.125488 0.160023 0.110432 0.153896 0.082932 0.089115 0.066894 0.071090 0.035160 0.094214 0.058452 0.080358 0.050338 0.103108 0.097911 0.106808 0.045788 0.106851 0.092108 0.085429 0.036032 0.082593 0.086232 0.011170 0.082869 0.126089 0.072795 0.109041 0.111550 0.074090 0.128362 0.111624 0.118584 0.112262 0.074924 0.109872 0.116685 0.071976 0.069478 0.120065 0.107767 0.132344 0.075488
681000.032346 3.369167 0.120923 0.126053 0.117376 0.146049 0.161612 0.146450 0.110026 0.104147 0.130632 0.154162 0.113950 0.133733 0.151240 0.121435 0.132273 0.133056 0.107394 0.127056 0.160807 0.111496 0.154512 0.087365 0.094131 0.071462 0.074847 0.037618 0.098348 0.060271 0.082117 0.055444 0.106667 0.099028 0.106542 0.044919 0.103310 0.089373 0.083933 0.038353 0.086441 0.088514 0.012638 0.085722 0.126100 0.071550 0.108013 0.111674 0.073713 0.128892 0.109173 0.118117 0.114392 0.078966 0.107826 0.115958 0.068865 0.074723 0.120769 0.110722 0.132429 0.078969
682000.032393 3.907836 0.119910 0.128833 0.115300 0.150155 0.160651 0.148268 0.108109 0.098609 0.130649 0.153472 0.111273 0.123612 0.143771 0.112342 0.131900 0.135205 0.099405 0.123221 0.155031 0.108435 0.155112 0.085439 0.093905 0.075503 0.073633 0.033921 0.097124 0.058463 0.077150 0.057184 0.104183 0.106817 0.113541 0.052937 0.105113 0.092482 0.090869 0.044098 0.089452 0.095216 0.013611 0.081172 0.130568 0.077165 0.112528 0.117874 0.082137 0.135139 0.109434 0.119090 0.112589 0.080691 0.109659 0.122664 0.076930 0.073995 0.110343 0.108566 0.138136 0.084923
683000.032441 12.856270 0.118722 0.126737 0.120823 0.147997 0.163659 0.149731 0.106708 0.106791 0.136068 0.154314 0.123460 0.132931 0.148363 0.120142 0.133462 0.136659 0.107076 0.130204 0.159845 0.113098 0.151810 0.072774 0.081551 0.063705 0.059755 0.031503 0.084698 0.048218 0.073720 0.041861 0.094952 0.098493 0.109643 0.055289 0.114373 0.102678 0.091662 0.022530 0.077429 0.085173 0.024688 0.076598 0.128459 0.082820 0.114096 0.116554 0.078877 0.129386 0.120398 0.119065 0.104049 0.066119 0.115280 0.118144 0.081379 0.066766 0.121297 0.103571 0.132523 0.072394
684000.032488 4.084914 0.115846 0.123737 0.115501 0.145552 0.161001 0.145088 0.106580 0.102804 0.129401 0.154159 0.113876 0.134218 0.150222 0.121355 0.128417 0.132726 0.106529 0.123233 0.159463 0.108656 0.152923 0.079894 0.084445 0.061547 0.069972 0.035658 0.091183 0.058808 0.080715 0.046421 0.101152 0.094318 0.104821 0.044981 0.109534 0.093765 0.085015 0.035324 0.077779 0.081578 0.013916 0.082238 0.124460 0.071855 0.108420 0.108710 0.071843 0.125784 0.113365 0.118941 0.111277 0.071030 0.110868 0.115965 0.073558 0.064476 0.120751 0.105273 0.130548 0.070275
685000.032536 2.610780 0.116492 0.125624 0.115162 0.148369 0.161974 0.146739 0.106586 0.100491 0.129946 0.155104 0.113151 0.130455 0.147887 0.118050 0.128992 0.134483 0.103936 0.122133 0.157841 0.108691 0.154079 0.080482 0.085851 0.064396 0.070157 0.034470 0.091887 0.058864 0.079281 0.048392 0.101184 0.098698 0.108707 0.047760 0.110146 0.094722 0.088303 0.039090 0.080862 0.085754 0.011125 0.080761 0.127236 0.074244 0.110990 0.112285 0.075863 0.129544 0.113094 0.119678 0.111435 0.074080 0.111683 0.119791 0.076544 0.065868 0.116507 0.105263 0.133983 0.074353
686000.032583 10.654824 0.111585 0.118700 0.112144 0.141023 0.157099 0.139240 0.104834 0.102188 0.125105 0.151603 0.110530 0.139164 0.150592 0.125553 0.123062 0.129104 0.110064 0.118443 0.156533 0.108720 0.148530 0.080658 0.080196 0.052151 0.072459 0.044949 0.090618 0.068227 0.086278 0.045107 0.100286 0.086864 0.098928 0.039846 0.110193 0.090927 0.080940 0.045380 0.073545 0.075088 0.022475 0.083667 0.118748 0.066539 0.104235 0.101038 0.065442 0.119191 0.110441 0.116636 0.112150 0.071841 0.108697 0.112347 0.070608 0.059413 0.124579 0.103049 0.125594 0.063551
687000.032631 3.986259 0.112597 0.118868 0.107509 0.141143 0.156223 0.138549 0.104682 0.095971 0.120311 0.151458 0.102083 0.134909 0.150133 0.121292 0.121878 0.125887 0.103940 0.114978 0.156678 0.103422 0.152639 0.091321 0.092152 0.066307 0.082575 0.048850 0.099639 0.073283 0.091287 0.058393 0.110018 0.093237 0.101580 0.036820 0.102179 0.083062 0.078934 0.051611 0.083812 0.083021 0.013747 0.091029 0.121868 0.062694 0.104013 0.104139 0.067072 0.123818 0.103540 0.118361 0.119611 0.082191 0.105216 0.114709 0.065466 0.071598 0.119438 0.106506 0.129311 0.074186
688000.032678 3.392170 0.119898 0.125498 0.116589 0.145941 0.160995 0.145744 0.109609 0.103851 0.129530 0.153830 0.113049 0.133617 0.150985 0.121582 0.130758 0.132439 0.106684 0.125983 0.160302 0.110271 0.154944 0.086443 0.092674 0.070326 0.074648 0.038689 0.096538 0.060526 0.082437 0.054597 0.106493 0.097833 0.106094 0.044336 0.104381 0.089616 0.083490 0.037888 0.084951 0.086390 0.012681 0.085696 0.125713 0.070664 0.107873 0.110951 0.073075 0.127858 0.109364 0.118432 0.114119 0.077669 0.108069 0.116194 0.070607 0.073325 0.120852 0.109363 0.131971 0.077226
689000.032726 3.718699 0.117369 0.122777 0.115183 0.143220 0.158753 0.143194 0.107811 0.103705 0.127821 0.151877 0.112337 0.136089 0.151133 0.123184 0.128221 0.130790 0.107744 0.124187 0.158834 0.109449 0.151892 0.084074 0.088648 0.065031 0.073909 0.039916 0.094174 0.062759 0.083948 0.050805 0.104239 0.092916 0.101825 0.040456 0.104397 0.088346 0.080485 0.038845 0.080551 0.081700 0.013277 0.084947 0.121830 0.067449 0.104545 0.106275 0.068707 0.123760 0.108868 0.116523 0.113083 0.074668 0.106696 0.112846 0.068450 0.068747 0.122686 0.106973 0.128030 0.072137
690000.032773 6.459206 0.114569 0.118013 0.108594 0.139676 0.155947 0.137090 0.107813 0.099628 0.119161 0.151717 0.101759 0.139276 0.153785 0.126296 0.121914 0.124599 0.108568 0.117061 0.159068 0.105559 0.154074 0.095706 0.095682 0.067171 0.086606 0.052876 0.102662 0.076081 0.095011 0.061587 0.114359 0.089707 0.098303 0.030542 0.100067 0.079557 0.074633 0.052530 0.084817 0.079806 0.017499 0.095289 0.120085 0.057054 0.101339 0.100439 0.062398 0.120872 0.101466 0.118308 0.122684 0.084499 0.103247 0.112379 0.061158 0.074726 0.124558 0.109457 0.127443 0.072921
691000.032821 3.708692 0.117229 0.124831 0.115934 0.146121 0.160312 0.145639 0.106821 0.102473 0.130206 0.153050 0.114252 0.131195 0.147988 0.118778 0.129522 0.133452 0.104624 0.124156 0.157553 0.109372 0.152406 0.079334 0.085762 0.064965 0.068781 0.033071 0.090429 0.056609 0.077963 0.047526 0.100164 0.096989 0.106355 0.047025 0.107829 0.093424 0.086128 0.035388 0.080020 0.084786 0.013260 0.079953 0.125226 0.073142 0.108623 0.111003 0.074313 0.127571 0.112248 0.117541 0.109471 0.071987 0.109761 0.116568 0.074625 0.066360 0.118337 0.105056 0.131256 0.073644
692000.032868 5.333901 0.113075 0.118101 0.111599 0.139956 0.156466 0.138953 0.105086 0.101934 0.123863 0.150543 0.109335 0.138392 0.151182 0.124876 0.123400 0.127417 0.108526 0.120129 0.157477 0.107359 0.150079 0.083905 0.085162 0.058348 0.074945 0.044274 0.092375 0.066748 0.087220 0.048792 0.103951 0.086991 0.097915 0.035288 0.105624 0.087443 0.077870 0.041218 0.075953 0.075514 0.015902 0.086473 0.119336 0.063651 0.102882 0.101616 0.063428 0.119564 0.108287 0.116638 0.113977 0.073189 0.106498 0.110968 0.066569 0.065593 0.124687 0.104021 0.125274 0.065798
693000.032916 4.113242 0.120343 0.126650 0.118581 0.147001 0.161877 0.147558 0.108977 0.104993 0.132643 0.153854 0.116924 0.131752 0.148849 0.119833 0.132871 0.134496 0.106541 0.128161 0.159437 0.111992 0.153349 0.081298 0.089329 0.068556 0.068078 0.032223 0.092923 0.053709 0.076539 0.049908 0.101427 0.099012 0.107627 0.048465 0.106295 0.093484 0.086507 0.031402 0.083149 0.087516 0.013964 0.080506 0.126717 0.075212 0.109722 0.113381 0.075682 0.129085 0.112001 0.117372 0.109283 0.073695 0.109457 0.116587 0.073255 0.071037 0.119636 0.108145 0.132601 0.076800
694000.032963 3.558420 0.117266 0.125301 0.116818 0.147197 0.162006 0.146386 0.107779 0.103801 0.130945 0.155103 0.115132 0.133866 0.150131 0.121451 0.129645 0.134502 0.107239 0.124373 0.159428 0.110509 0.153599 0.079401 0.084510 0.061759 0.068934 0.034199 0.090987 0.057852 0.079265 0.045872 0.100546 0.095502 0.105896 0.045719 0.109997 0.094368 0.086120 0.035582 0.078624 0.082777 0.012988 0.080716 0.125187 0.072659 0.109053 0.109839 0.073106 0.126912 0.113438 0.118630 0.110550 0.071644 0.110950 0.117028 0.074878 0.064345 0.120555 0.105892 0.131549 0.071300
695000.033011 11.879330 0.114578 0.116859 0.105172 0.137975 0.153409 0.134414 0.107499 0.096637 0.115556 0.150293 0.095899 0.138956 0.153127 0.125550 0.119925 0.122297 0.107010 0.113403 0.156947 0.104590 0.153943 0.101899 0.100989 0.073162 0.093022 0.058747 0.107461 0.083711 0.099663 0.068882 0.118751 0.093249 0.099768 0.032264 0.096275 0.074739 0.074969 0.062645 0.090901 0.085575 0.023731 0.098942 0.120734 0.054705 0.100641 0.101055 0.064851 0.123179 0.096449 0.118289 0.126844 0.091883 0.101100 0.113817 0.059473 0.079925 0.123215 0.110705 0.128949 0.079353
696000.033058 3.957170 0.114844 0.118561 0.108400 0.139607 0.155349 0.137647 0.106463 0.097976 0.120209 0.150461 0.102830 0.134835 0.151040 0.121892 0.122929 0.124503 0.104991 0.117741 0.157574 0.105123 0.153334 0.094210 0.096054 0.069617 0.084078 0.049473 0.100883 0.071368 0.091480 0.061521 0.113052 0.092631 0.100143 0.035413 0.098910 0.080684 0.076752 0.048900 0.086384 0.083532 0.013697 0.093512 0.121664 0.061334 0.102623 0.104195 0.065763 0.122664 0.101780 0.117858 0.120439 0.083909 0.103378 0.112422 0.062556 0.076522 0.120974 0.108242 0.127882 0.075639
697000.033106 3.404308 0.118155 0.126121 0.115471 0.148528 0.161798 0.146424 0.109052 0.101974 0.128927 0.155791 0.111557 0.132942 0.150182 0.120819 0.129133 0.134502 0.106201 0.122273 0.159064 0.109253 0.155622 0.084798 0.089366 0.066597 0.075021 0.038331 0.096138 0.063388 0.082641 0.052485 0.105093 0.097544 0.106862 0.044159 0.107490 0.091264 0.085500 0.043507 0.082934 0.085200 0.012704 0.083697 0.125876 0.069736 0.108606 0.109519 0.073281 0.128707 0.110259 0.119129 0.114366 0.077715 0.109171 0.119013 0.073755 0.068414 0.118707 0.108270 0.133564 0.075158
698000.033153 4.065304 0.118141 0.124921 0.116660 0.146633 0.161726 0.145935 0.108884 0.104204 0.129855 0.155037 0.113862 0.134922 0.151002 0.122579 0.129861 0.133540 0.108241 0.124787 0.160261 0.110354 0.154177 0.082604 0.087627 0.063980 0.071833 0.036295 0.093996 0.059905 0.081162 0.049173 0.103125 0.095095 0.105005 0.043577 0.107683 0.091910 0.084110 0.037339 0.080308 0.082744 0.013882 0.083076 0.124700 0.070220 0.107932 0.108540 0.071480 0.126546 0.111532 0.118342 0.112428 0.073955 0.109375 0.116385 0.071899 0.067284 0.121403 0.107830 0.131462 0.072265
699000.033201 9.072184 0.118974 0.126315 0.119983 0.147503 0.163126 0.148668 0.107403 0.106255 0.134881 0.154262 0.121073 0.132743 0.148330 0.120361 0.133244 0.135799 0.107492 0.129384 0.159600 0.112876 0.151825 0.075215 0.083691 0.064058 0.061579 0.030127 0.087649 0.049466 0.073459 0.043558 0.096230 0.098135 0.108682 0.052345 0.111305 0.099283 0.089644 0.024887 0.078687 0.085489 0.020738 0.076798 0.127532 0.079893 0.112452 0.114882 0.077199 0.129044 0.116921 0.117769 0.105174 0.068117 0.112761 0.117487 0.077656 0.067336 0.120924 0.105326 0.132702 0.073259
700000.033248 6.973385 0.111122 0.116771 0.110709 0.138052 0.154688 0.137481 0.103643 0.101231 0.123409 0.148777 0.109374 0.138506 0.150040 0.124522 0.122407 0.126196 0.108321 0.118981 0.155786 0.106773 0.147227 0.082185 0.082555 0.055079 0.074293 0.045636 0.091312 0.067664 0.087642 0.047273 0.102000 0.084892 0.095358 0.035831 0.105418 0.086944 0.076443 0.042400 0.073983 0.074333 0.018182 0.086056 0.116513 0.063981 0.100844 0.099521 0.061882 0.116561 0.107931 0.114974 0.112821 0.071505 0.105699 0.107982 0.065160 0.062588 0.124603 0.102673 0.122213 0.063640
701000.033296 4.602405 0.117380 0.125654 0.116582 0.147765 0.161570 0.146301 0.107920 0.103374 0.130381 0.154765 0.113724 0.133294 0.149090 0.121160 0.129412 0.134831 0.106901 0.123499 0.158197 0.110246 0.153189 0.079134 0.084498 0.062450 0.068495 0.033547 0.091168 0.059163 0.078350 0.045759 0.099454 0.096804 0.107282 0.046087 0.109763 0.093919 0.086862 0.038925 0.079032 0.083444 0.014771 0.078703 0.125345 0.072021 0.109274 0.109887 0.074387 0.128173 0.112214 0.117775 0.109845 0.072359 0.110254 0.118678 0.075846 0.063367 0.119359 0.105944 0.132929 0.072594
702000.033343 9.953124 0.119260 0.127254 0.119632 0.147938 0.161985 0.148291 0.108784 0.106193 0.133881 0.154116 0.119301 0.130717 0.147880 0.119290 0.132282 0.136164 0.106509 0.127957 0.158543 0.112003 0.152929 0.075742 0.083934 0.064990 0.065085 0.031180 0.087667 0.051164 0.074432 0.045433 0.097785 0.097833 0.107720 0.052303 0.111020 0.098110 0.088916 0.030568 0.079046 0.084917 0.021722 0.077791 0.126265 0.077604 0.110497 0.113062 0.076988 0.128041 0.116201 0.117930 0.106301 0.068904 0.111932 0.117230 0.079453 0.065573 0.119263 0.105409 0.131429 0.073302
703000.033391 5.194743 0.118590 0.128142 0.118115 0.149668 0.162459 0.149415 0.106889 0.102195 0.133947 0.154211 0.117848 0.127640 0.145062 0.115496 0.132557 0.136901 0.102975 0.125719 0.156509 0.111142 0.152153 0.075769 0.084358 0.066240 0.063388 0.028404 0.088735 0.051417 0.072795 0.045918 0.096594 0.101937 0.111075 0.053863 0.110798 0.098119 0.091480 0.033648 0.081870 0.089629 0.015693 0.075353 0.128374 0.079834 0.112773 0.116336 0.080183 0.131537 0.114990 0.117721 0.105779 0.071833 0.112268 0.119935 0.079856 0.066336 0.114557 0.104913 0.134491 0.076945
704000.033438 2.717593 0.113390 0.119718 0.110819 0.141886 0.157453 0.140202 0.105210 0.099345 0.123944 0.151885 0.107892 0.135731 0.150575 0.122191 0.123966 0.128421 0.106257 0.118576 0.157284 0.106582 0.151367 0.086071 0.087580 0.061656 0.077610 0.044325 0.095284 0.068263 0.087804 0.052230 0.105703 0.090717 0.100143 0.037253 0.104740 0.086626 0.079517 0.045439 0.079455 0.079944 0.011350 0.087402 0.120741 0.064828 0.103673 0.103571 0.066149 0.122057 0.107335 0.117407 0.116055 0.076568 0.106562 0.112834 0.066751 0.066994 0.121241 0.105109 0.127345 0.069944
705000.033486 3.420098 0.117519 0.124020 0.110724 0.145275 0.158185 0.143171 0.106854 0.095725 0.124902 0.152358 0.105201 0.128240 0.146502 0.115487 0.127925 0.129854 0.101131 0.118914 0.155614 0.106199 0.153667 0.092385 0.097520 0.075363 0.081005 0.043093 0.102815 0.067909 0.085160 0.062432 0.109646 0.102796 0.108639 0.046091 0.099968 0.085185 0.085037 0.051363 0.091191 0.093668 0.012733 0.087843 0.127058 0.070331 0.108198 0.112330 0.075961 0.131494 0.103520 0.118156 0.117850 0.086048 0.105597 0.118993 0.068046 0.077605 0.113233 0.109929 0.135091 0.084258
706000.033533 12.234146 0.119956 0.128932 0.121609 0.149277 0.161134 0.150252 0.107217 0.106214 0.137428 0.151528 0.123154 0.126862 0.142261 0.115336 0.135214 0.138614 0.104736 0.130245 0.153929 0.114011 0.147701 0.068290 0.080284 0.065284 0.054644 0.022203 0.083587 0.044153 0.064914 0.040042 0.088651 0.101392 0.110226 0.057576 0.109749 0.100388 0.092108 0.027254 0.078638 0.089116 0.024083 0.067272 0.125994 0.083182 0.111490 0.116612 0.081373 0.130289 0.115375 0.112271 0.097500 0.065337 0.109983 0.117506 0.081347 0.063858 0.115546 0.103635 0.132323 0.076179
707000.033581 4.538776 0.119913 0.127460 0.119347 0.148694 0.163703 0.148497 0.110085 0.106306 0.133078 0.156405 0.117141 0.135064 0.151650 0.123027 0.132434 0.136133 0.109000 0.127436 0.161518 0.112396 0.155112 0.080671 0.087007 0.064639 0.069235 0.033632 0.093092 0.057062 0.078937 0.047434 0.101680 0.097159 0.107053 0.046655 0.109469 0.094517 0.086418 0.034126 0.080614 0.084386 0.014669 0.081188 0.126126 0.073481 0.109675 0.111071 0.074247 0.128213 0.113808 0.118810 0.111085 0.072553 0.111052 0.117513 0.074456 0.066616 0.122003 0.108538 0.132841 0.073450
708000.033628 4.031849 0.116596 0.120917 0.113624 0.141457 0.157786 0.141591 0.106500 0.101852 0.127111 0.150880 0.112147 0.134886 0.149935 0.121567 0.127907 0.129058 0.107184 0.123466 0.157912 0.109866 0.150451 0.086246 0.090457 0.065653 0.074624 0.041530 0.095725 0.062616 0.084027 0.053684 0.105317 0.092988 0.101153 0.041084 0.102493 0.087682 0.080515 0.039079 0.082632 0.083990 0.013825 0.086248 0.122234 0.068889 0.104924 0.107266 0.068195 0.123487 0.107566 0.116099 0.113321 0.077157 0.105979 0.111491 0.065252 0.072783 0.121992 0.107127 0.127599 0.073508
709000.033676 2.503331 0.115672 0.121442 0.113484 0.142925 0.158506 0.142281 0.105992 0.101883 0.126950 0.151927 0.111646 0.134042 0.149718 0.121140 0.126828 0.129927 0.105871 0.122656 0.158170 0.108238 0.152126 0.083126 0.087316 0.063666 0.072385 0.038888 0.092199 0.060447 0.082515 0.050012 0.103603 0.092688 0.102455 0.041491 0.105644 0.089898 0.081987 0.036263 0.079564 0.081459 0.010894 0.084472 0.123309 0.068844 0.106225 0.107494 0.069281 0.124113 0.109774 0.117686 0.112411 0.073464 0.108024 0.113648 0.069688 0.068685 0.121292 0.105103 0.128830 0.071071
710000.033723 5.431263 0.113553 0.118740 0.111235 0.140990 0.156689 0.139012 0.106497 0.101637 0.123072 0.151729 0.107959 0.137894 0.151510 0.124873 0.123193 0.127861 0.109011 0.118960 0.157719 0.107365 0.151358 0.086258 0.086779 0.059203 0.077768 0.045810 0.094933 0.068527 0.088225 0.051794 0.106186 0.086754 0.097305 0.034379 0.104844 0.086083 0.077326 0.044768 0.077584 0.075865 0.016046 0.087839 0.118986 0.061456 0.102035 0.100102 0.062542 0.119320 0.106753 0.116728 0.115533 0.075788 0.105434 0.111288 0.066000 0.066545 0.123952 0.105708 0.125662 0.066371
711000.033771 2.283335 0.118056 0.125798 0.115558 0.147139 0.161126 0.146287 0.107551 0.101260 0.130016 0.154125 0.112671 0.130479 0.148095 0.118173 0.130323 0.133510 0.104174 0.123734 0.158117 0.108889 0.153710 0.083060 0.089493 0.068250 0.071770 0.034395 0.094843 0.058808 0.079157 0.051688 0.102833 0.099579 0.107972 0.047256 0.106172 0.091923 0.086533 0.038744 0.083459 0.088011 0.010404 0.081968 0.126638 0.073438 0.109492 0.112307 0.075483 0.129679 0.110511 0.118289 0.111930 0.075696 0.109304 0.118047 0.072932 0.069695 0.117092 0.107570 0.133538 0.077276
712000.033818 4.600826 0.118531 0.124353 0.117179 0.144986 0.160470 0.144694 0.109511 0.105936 0.129859 0.153620 0.114636 0.136886 0.152302 0.124672 0.129527 0.132804 0.109574 0.125826 0.160249 0.111540 0.153470 0.082816 0.087536 0.063549 0.072323 0.038724 0.093072 0.060777 0.082446 0.049243 0.103699 0.092907 0.102609 0.041553 0.106788 0.090682 0.081902 0.036353 0.079812 0.080931 0.014769 0.083838 0.122779 0.068554 0.105873 0.107088 0.069403 0.124044 0.110814 0.117334 0.112350 0.073548 0.108211 0.113797 0.070901 0.067568 0.124196 0.107609 0.128861 0.070986
713000.033866 3.309220 0.119679 0.125769 0.117383 0.146550 0.161932 0.146889 0.108178 0.103440 0.131760 0.153972 0.116166 0.132214 0.149544 0.119713 0.131810 0.133776 0.106018 0.126955 0.159583 0.111929 0.153671 0.083183 0.090312 0.068676 0.070291 0.035326 0.093549 0.056568 0.079434 0.051468 0.103259 0.099227 0.107913 0.047713 0.106883 0.093250 0.086725 0.034402 0.084281 0.088099 0.012525 0.082825 0.127400 0.075240 0.110351 0.113955 0.075578 0.129358 0.112260 0.118784 0.111562 0.076029 0.110393 0.117132 0.073032 0.072501 0.119612 0.107501 0.132688 0.077253
714000.033913 3.492696 0.118709 0.127221 0.117611 0.148750 0.162031 0.147746 0.108283 0.103186 0.132624 0.154953 0.116167 0.129212 0.147085 0.117717 0.131765 0.135940 0.105245 0.125376 0.157603 0.111390 0.153499 0.079403 0.086504 0.065465 0.067802 0.031057 0.091930 0.054155 0.075473 0.048242 0.099888 0.099053 0.108045 0.049408 0.108458 0.094896 0.088402 0.035160 0.081659 0.087339 0.012868 0.078596 0.126763 0.075750 0.110178 0.112888 0.076399 0.129210 0.112649 0.117752 0.109032 0.073025 0.110321 0.117908 0.075663 0.066853 0.116829 0.106892 0.133214 0.075431
715000.033961 1.317749 0.119896 0.125381 0.114805 0.146503 0.161435 0.145362 0.109841 0.101507 0.127954 0.155216 0.110144 0.133709 0.151712 0.121217 0.130070 0.132022 0.106358 0.123627 0.160747 0.109716 0.156341 0.091088 0.096092 0.072067 0.079257 0.041459 0.101135 0.065066 0.085706 0.058825 0.110321 0.099031 0.106520 0.042450 0.102810 0.087044 0.083230 0.044103 0.088329 0.088909 0.007904 0.088889 0.126559 0.068785 0.107908 0.110660 0.072683 0.129239 0.107095 0.119498 0.118023 0.082811 0.107394 0.117369 0.067936 0.076191 0.119737 0.111247 0.133539 0.079609
716000.034008 7.575468 0.123101 0.130538 0.121591 0.151013 0.164599 0.151930 0.109828 0.105698 0.137491 0.155493 0.121664 0.127706 0.146299 0.116254 0.137262 0.138721 0.105043 0.131411 0.158894 0.114739 0.154119 0.079478 0.090448 0.072837 0.064311 0.027458 0.092484 0.047607 0.071195 0.050985 0.099283 0.105315 0.113211 0.056300 0.108468 0.098728 0.092829 0.028978 0.086608 0.094201 0.018951 0.077039 0.131359 0.082898 0.114652 0.120365 0.082634 0.134563 0.115401 0.118353 0.106669 0.074446 0.112406 0.120417 0.078378 0.074037 0.116604 0.109045 0.136923 0.082131
717000.034056 3.502959 0.119273 0.127114 0.117203 0.148809 0.163985 0.148699 0.108141 0.101989 0.132112 0.156463 0.115829 0.129909 0.149019 0.117734 0.132183 0.135025 0.104415 0.125700 0.160713 0.110340 0.156106 0.083641 0.090661 0.069427 0.071123 0.034040 0.094747 0.055348 0.079183 0.052550 0.104475 0.101328 0.110410 0.050280 0.109390 0.095797 0.089497 0.034353 0.084957 0.089466 0.012887 0.083788 0.129975 0.077241 0.113048 0.115731 0.077734 0.131647 0.114631 0.121699 0.112943 0.076604 0.113059 0.119890 0.075710 0.072563 0.117088 0.108157 0.135301 0.078004
718000.034103 4.624142 0.120942 0.128275 0.118024 0.148716 0.161951 0.149132 0.108376 0.102136 0.133445 0.153828 0.116933 0.125915 0.145247 0.114121 0.134260 0.135569 0.102342 0.127652 0.157328 0.111178 0.153618 0.082552 0.092039 0.073434 0.069630 0.031359 0.094672 0.052412 0.075232 0.054149 0.102262 0.103558 0.110358 0.052957 0.105142 0.094300 0.089375 0.034627 0.087101 0.093161 0.014806 0.080615 0.128928 0.078752 0.111343 0.117071 0.079606 0.132208 0.112100 0.117878 0.109675 0.076594 0.109831 0.118104 0.074678 0.074405 0.114109 0.108452 0.134478 0.081746
719000.034151 4.251609 0.114478 0.119693 0.112333 0.141719 0.157936 0.140711 0.105835 0.101152 0.125267 0.151758 0.110503 0.135871 0.150217 0.122768 0.125401 0.128586 0.107789 0.121046 0.157804 0.108435 0.150975 0.085168 0.087528 0.061255 0.074552 0.043065 0.094252 0.064347 0.085287 0.051381 0.104745 0.090228 0.100279 0.038579 0.105140 0.088357 0.080066 0.040553 0.079369 0.079624 0.014197 0.086188 0.121567 0.066789 0.104947 0.104817 0.066102 0.121960 0.108162 0.117026 0.113744 0.075802 0.106821 0.112503 0.067003 0.069136 0.122316 0.105656 0.127445 0.069329
720000.034198 2.202704 0.119601 0.125782 0.116651 0.146619 0.161281 0.146060 0.109462 0.103564 0.129894 0.154311 0.112842 0.133857 0.150295 0.121734 0.130965 0.133224 0.107392 0.125389 0.159571 0.110798 0.154017 0.085114 0.091131 0.068222 0.072950 0.037112 0.096655 0.060843 0.081111 0.052604 0.104395 0.097897 0.106286 0.043832 0.104668 0.089453 0.083871 0.039528 0.084183 0.086499 0.010219 0.083296 0.125257 0.070545 0.107773 0.110308 0.073055 0.128155 0.108625 0.117345 0.113021 0.077308 0.107595 0.116655 0.070097 0.070833 0.120185 0.109462 0.132546 0.076805
721000.034246 4.307523 0.115696 0.122129 0.113686 0.143522 0.158231 0.142610 0.106605 0.102142 0.126503 0.151735 0.110683 0.133812 0.149145 0.121421 0.126643 0.130135 0.105760 0.122308 0.157594 0.107260 0.152198 0.082533 0.086907 0.064067 0.072574 0.039472 0.092321 0.061502 0.082338 0.049921 0.103017 0.092889 0.102571 0.041667 0.105447 0.089394 0.081447 0.038162 0.079065 0.080632 0.014290 0.083619 0.122479 0.067882 0.105567 0.106643 0.069366 0.123929 0.108951 0.116832 0.111784 0.073120 0.107131 0.114130 0.070798 0.067337 0.120718 0.105432 0.128896 0.071060
722000.034293 2.564755 0.115984 0.123171 0.113854 0.145378 0.160688 0.144372 0.106529 0.101164 0.127735 0.154157 0.111286 0.133615 0.150120 0.120760 0.127735 0.131417 0.105347 0.122316 0.159481 0.107505 0.154134 0.083717 0.088072 0.064762 0.073259 0.038538 0.093959 0.061261 0.082809 0.050799 0.104248 0.095353 0.105131 0.043311 0.107225 0.091238 0.083981 0.038087 0.080621 0.083214 0.011027 0.084900 0.125338 0.070387 0.108417 0.109311 0.071519 0.126652 0.110984 0.119459 0.113787 0.074523 0.109747 0.116519 0.071449 0.068530 0.120145 0.106299 0.131628 0.072727
723000.034341 4.996610 0.114486 0.118208 0.109759 0.138820 0.153955 0.137502 0.106368 0.100399 0.121539 0.148800 0.105602 0.135940 0.150185 0.122919 0.123314 0.125500 0.106344 0.119316 0.156029 0.106129 0.150492 0.089634 0.091565 0.065911 0.081195 0.048160 0.097416 0.070129 0.089558 0.057284 0.108785 0.088415 0.095833 0.033543 0.098459 0.080753 0.074029 0.046864 0.081841 0.079509 0.015391 0.089944 0.117477 0.059493 0.098847 0.100492 0.062302 0.118747 0.102158 0.114217 0.116544 0.078904 0.101292 0.108283 0.061557 0.071696 0.122765 0.106566 0.123797 0.071239
724000.034388 3.851884 0.113788 0.119121 0.111665 0.140078 0.156881 0.139875 0.105000 0.100804 0.124873 0.150673 0.110091 0.135740 0.151160 0.122187 0.124943 0.127142 0.106184 0.121086 0.158597 0.106830 0.151230 0.085761 0.088266 0.062742 0.076125 0.043644 0.093940 0.064071 0.086914 0.052382 0.106270 0.090119 0.099515 0.039449 0.104720 0.087967 0.079346 0.038542 0.079324 0.079901 0.013513 0.088898 0.121329 0.067289 0.104302 0.105045 0.066268 0.121030 0.109105 0.118237 0.115378 0.074518 0.107635 0.110677 0.066309 0.069564 0.122777 0.105021 0.125944 0.069489
725000.034436 2.924766 0.115325 0.121167 0.109970 0.143010 0.157272 0.140351 0.106867 0.098249 0.122440 0.152496 0.103895 0.134000 0.150147 0.121141 0.124337 0.128243 0.105042 0.117475 0.157169 0.105977 0.153681 0.090806 0.093060 0.067674 0.081276 0.045365 0.099800 0.070603 0.088589 0.057803 0.109400 0.094850 0.103013 0.037794 0.101937 0.083472 0.080197 0.050326 0.084937 0.084442 0.011775 0.089035 0.122823 0.063007 0.104348 0.105085 0.068842 0.125460 0.103744 0.117976 0.118637 0.082228 0.105075 0.115721 0.066339 0.071460 0.118935 0.108005 0.130685 0.075810
726000.034483 8.659788 0.123527 0.134529 0.119951 0.156350 0.163722 0.154430 0.110282 0.100446 0.136655 0.154994 0.117077 0.119788 0.140988 0.109668 0.137007 0.141398 0.099191 0.126852 0.154333 0.112114 0.156231 0.082445 0.093778 0.078509 0.068135 0.027304 0.096081 0.051774 0.070377 0.056402 0.101135 0.114227 0.121852 0.062058 0.111300 0.100926 0.099819 0.042514 0.092419 0.101345 0.020262 0.076052 0.137153 0.086375 0.120261 0.126083 0.090902 0.142588 0.115048 0.121619 0.109199 0.081322 0.115047 0.130125 0.086242 0.075309 0.106672 0.110076 0.145090 0.089787
727000.034531 5.295571 0.117011 0.124594 0.116659 0.146231 0.160803 0.146059 0.106236 0.102732 0.131747 0.153107 0.117090 0.130367 0.146600 0.118029 0.130390 0.133946 0.105513 0.125193 0.156912 0.111127 0.150924 0.077726 0.084264 0.062810 0.065458 0.032672 0.089257 0.053217 0.075597 0.046230 0.098207 0.096552 0.106255 0.049199 0.108930 0.095744 0.087537 0.032147 0.079526 0.085238 0.015844 0.078385 0.125631 0.076450 0.109930 0.112200 0.074627 0.127123 0.113371 0.116939 0.107073 0.071233 0.110355 0.116040 0.075071 0.067148 0.118051 0.104644 0.130960 0.072765
728000.034578 1.550500 0.118166 0.124371 0.113982 0.145068 0.158468 0.143948 0.107217 0.100047 0.128167 0.151888 0.110747 0.127954 0.146128 0.116022 0.129439 0.131624 0.102898 0.122775 0.155754 0.108864 0.152309 0.085088 0.091752 0.070338 0.073272 0.034855 0.095690 0.058600 0.078691 0.054641 0.104010 0.099338 0.106628 0.046228 0.102451 0.088939 0.085165 0.040417 0.085539 0.089243 0.008573 0.082317 0.125647 0.071585 0.107497 0.111443 0.074677 0.128830 0.107243 0.116657 0.111924 0.077899 0.106531 0.116310 0.070349 0.072350 0.115271 0.107492 0.132234 0.079006
729000.034626 3.493639 0.118509 0.126868 0.116992 0.148446 0.162510 0.147987 0.107506 0.101867 0.132193 0.155148 0.115856 0.129334 0.147138 0.117105 0.131771 0.135230 0.104519 0.124887 0.158225 0.110758 0.153466 0.080815 0.087748 0.066619 0.068332 0.032120 0.093061 0.054757 0.076776 0.049688 0.101066 0.100198 0.109106 0.050387 0.108838 0.095248 0.089078 0.035673 0.083273 0.088921 0.012869 0.080242 0.127897 0.076909 0.111462 0.114106 0.077245 0.130299 0.113223 0.118908 0.109975 0.074875 0.111347 0.118643 0.075458 0.069149 0.116019 0.107100 0.133964 0.076690
730000.034673 1.244697 0.119282 0.127090 0.115122 0.148844 0.162987 0.147485 0.108431 0.099834 0.130200 0.156224 0.111964 0.130066 0.149423 0.117625 0.130996 0.134204 0.103342 0.123207 0.159782 0.109717 0.156815 0.087923 0.093823 0.071815 0.075959 0.038140 0.098335 0.061577 0.082561 0.056888 0.107613 0.102746 0.110442 0.048125 0.106587 0.091761 0.088260 0.042533 0.088352 0.091925 0.007682 0.086057 0.129651 0.074456 0.111697 0.115303 0.077640 0.132330 0.110735 0.121341 0.116323 0.081442 0.111035 0.120289 0.073378 0.074404 0.116367 0.109317 0.136057 0.081064
731000.034721 2.914570 0.117736 0.124849 0.116089 0.145685 0.160083 0.145765 0.106765 0.102019 0.130893 0.152358 0.115142 0.130482 0.147102 0.117894 0.130766 0.133096 0.104571 0.125143 0.157033 0.110254 0.151154 0.080587 0.087493 0.066331 0.068955 0.034126 0.092365 0.056346 0.077691 0.049607 0.100423 0.097598 0.105677 0.047355 0.105415 0.092142 0.085250 0.035173 0.081981 0.086914 0.011755 0.080321 0.124675 0.074289 0.108036 0.111706 0.074055 0.127170 0.110667 0.116031 0.109199 0.073617 0.108253 0.114886 0.071631 0.069103 0.117804 0.106145 0.130594 0.075440
732000.034768 3.416013 0.122419 0.128614 0.119274 0.148645 0.162061 0.148674 0.110614 0.104727 0.133724 0.154113 0.116858 0.129230 0.147504 0.117996 0.134810 0.135887 0.105873 0.128965 0.158351 0.113572 0.153953 0.083563 0.092638 0.072312 0.069829 0.031719 0.095726 0.054087 0.075426 0.053636 0.102621 0.102208 0.109198 0.049814 0.103901 0.092047 0.087368 0.035378 0.087092 0.091719 0.012726 0.080089 0.127635 0.075834 0.109823 0.115246 0.077815 0.131103 0.109906 0.116443 0.109944 0.077253 0.108067 0.117414 0.072469 0.073749 0.117401 0.110204 0.134178 0.081098
733000.034816 7.191618 0.115966 0.120912 0.106982 0.142856 0.157165 0.139854 0.106755 0.094717 0.119609 0.152724 0.099566 0.132745 0.150990 0.119445 0.123553 0.125756 0.101471 0.115846 0.158326 0.102970 0.157201 0.099594 0.101811 0.077715 0.089948 0.053299 0.106092 0.076732 0.094963 0.068622 0.117742 0.099939 0.105903 0.040652 0.098273 0.080452 0.080750 0.056949 0.092778 0.090761 0.018464 0.097004 0.126208 0.063735 0.106065 0.109074 0.071870 0.129008 0.101071 0.120870 0.125315 0.090357 0.104681 0.118071 0.065478 0.081981 0.117702 0.110266 0.133676 0.083496
734000.034863 4.656570 0.118139 0.124327 0.115799 0.144911 0.160372 0.145476 0.106874 0.101726 0.130386 0.152822 0.114906 0.130682 0.147709 0.117962 0.131046 0.132082 0.105047 0.125294 0.158261 0.110143 0.151715 0.083698 0.090280 0.068494 0.070769 0.036332 0.094891 0.056585 0.079241 0.052974 0.103107 0.098263 0.106302 0.048505 0.105265 0.092381 0.085932 0.035573 0.084244 0.088529 0.014858 0.083316 0.126131 0.075350 0.109253 0.112564 0.074513 0.128035 0.110897 0.117754 0.111007 0.076138 0.109068 0.115214 0.070759 0.073055 0.117896 0.107641 0.131417 0.077075
735000.034911 10.566932 0.119450 0.128065 0.121410 0.148958 0.163754 0.150169 0.108056 0.107284 0.136516 0.154793 0.122387 0.132227 0.147798 0.120165 0.134301 0.137702 0.107653 0.130033 0.159225 0.113709 0.151616 0.071998 0.081284 0.062845 0.059028 0.027249 0.085866 0.047951 0.071308 0.040446 0.093504 0.099057 0.109502 0.054239 0.112764 0.100663 0.090898 0.025469 0.077561 0.085696 0.022382 0.073816 0.127129 0.080979 0.112466 0.115133 0.078809 0.129368 0.118023 0.116985 0.103239 0.066100 0.113258 0.117935 0.080095 0.063524 0.120159 0.105002 0.132742 0.072939
736000.034958 5.270751 0.118385 0.127829 0.118089 0.149714 0.162716 0.148549 0.108518 0.103812 0.132776 0.155632 0.116172 0.130222 0.147650 0.118773 0.131436 0.136673 0.105496 0.125116 0.158215 0.110568 0.154181 0.077373 0.084411 0.064248 0.066650 0.030400 0.090364 0.054398 0.075139 0.045939 0.098646 0.099068 0.108972 0.050288 0.110725 0.096519 0.089225 0.035205 0.079845 0.085859 0.015807 0.077497 0.127007 0.075895 0.111002 0.112765 0.077091 0.129654 0.114189 0.118348 0.108238 0.071112 0.111541 0.119426 0.078500 0.064088 0.117377 0.106336 0.133934 0.074090
737000.035006 6.953517 0.117811 0.126508 0.118109 0.147570 0.161074 0.147876 0.106530 0.103598 0.133170 0.152648 0.117534 0.130146 0.145548 0.117775 0.131980 0.135456 0.104752 0.126370 0.156304 0.110709 0.150042 0.074310 0.082784 0.064046 0.062295 0.028887 0.088136 0.052408 0.072732 0.043346 0.094527 0.098968 0.108197 0.051443 0.108821 0.096202 0.088371 0.032332 0.078935 0.086436 0.018156 0.074305 0.125312 0.077541 0.110023 0.113204 0.077201 0.128777 0.113377 0.115050 0.104289 0.068939 0.109903 0.117164 0.076799 0.064138 0.117186 0.104706 0.132100 0.074379
738000.035053 7.497023 0.119210 0.125793 0.118858 0.146227 0.161688 0.147232 0.108016 0.105454 0.133400 0.153524 0.119397 0.130999 0.148131 0.119215 0.132480 0.134438 0.106673 0.128466 0.159220 0.112505 0.152481 0.078642 0.086520 0.065866 0.065465 0.032422 0.089640 0.050066 0.075204 0.047867 0.099840 0.097308 0.106800 0.050787 0.108934 0.096763 0.087791 0.026511 0.080921 0.085947 0.018852 0.079925 0.126735 0.077724 0.110642 0.113714 0.075563 0.127552 0.114927 0.117983 0.107289 0.071084 0.111263 0.115568 0.075623 0.070160 0.119924 0.106267 0.131030 0.073969
739000.035101 8.358977 0.115327 0.125372 0.117235 0.148118 0.162029 0.147879 0.104296 0.102213 0.133044 0.153688 0.118579 0.130296 0.145439 0.117231 0.130234 0.135917 0.104337 0.124463 0.156198 0.110009 0.149828 0.071692 0.078571 0.059643 0.060663 0.029847 0.085002 0.052660 0.073638 0.039584 0.092837 0.097790 0.108974 0.052817 0.113462 0.100194 0.090982 0.032176 0.075552 0.084261 0.019907 0.074031 0.126464 0.079787 0.112369 0.113580 0.077720 0.128834 0.117179 0.117337 0.104087 0.066527 0.113309 0.118902 0.080223 0.060951 0.116862 0.101692 0.132608 0.071049
740000.035148 3.664906 0.114130 0.123489 0.113069 0.146137 0.159360 0.144126 0.104855 0.099407 0.127866 0.152966 0.110962 0.130720 0.146772 0.117971 0.126485 0.132663 0.103292 0.119657 0.155589 0.107094 0.151587 0.078920 0.083068 0.061152 0.069941 0.036115 0.090255 0.061043 0.079776 0.046522 0.099281 0.095841 0.105771 0.045799 0.108946 0.092782 0.086004 0.041400 0.078218 0.083192 0.013181 0.079653 0.124111 0.071681 0.108166 0.109033 0.073413 0.126556 0.111153 0.117464 0.110275 0.072335 0.109633 0.117375 0.075093 0.062330 0.116639 0.103286 0.131245 0.071688
741000.035196 3.710008 0.119272 0.126678 0.117960 0.148015 0.162266 0.147760 0.108376 0.104094 0.132302 0.154575 0.116233 0.131312 0.148468 0.119401 0.132025 0.135140 0.105797 0.126697 0.159026 0.110923 0.153750 0.079919 0.087508 0.067178 0.067722 0.031570 0.091946 0.054453 0.076275 0.048454 0.100385 0.099001 0.108334 0.048569 0.107918 0.094581 0.087540 0.032913 0.081643 0.086616 0.013262 0.079364 0.127106 0.075138 0.110416 0.113197 0.076073 0.129628 0.112831 0.117992 0.109208 0.072467 0.110340 0.118074 0.074990 0.068543 0.118874 0.107137 0.133607 0.075734
742000.035243 5.241325 0.117452 0.125397 0.117694 0.146926 0.161556 0.146943 0.106969 0.104322 0.132127 0.153797 0.117030 0.132727 0.148336 0.120189 0.130645 0.134800 0.106481 0.125919 0.158292 0.110808 0.151767 0.076019 0.082845 0.062033 0.064880 0.030989 0.088312 0.054247 0.076010 0.043175 0.097141 0.096242 0.106556 0.048179 0.110015 0.095821 0.087050 0.031901 0.077591 0.083362 0.015763 0.077508 0.125149 0.075014 0.109490 0.111162 0.074563 0.127333 0.114327 0.117110 0.107136 0.068893 0.110885 0.116705 0.075986 0.063669 0.119771 0.104620 0.131268 0.071553
743000.035291 13.728936 0.124517 0.133282 0.124241 0.154355 0.167209 0.155187 0.111087 0.107830 0.140256 0.157783 0.124650 0.126076 0.145789 0.115721 0.139209 0.141711 0.105064 0.133627 0.159908 0.115208 0.156802 0.077216 0.089864 0.074673 0.062061 0.024584 0.090681 0.042833 0.068191 0.050167 0.098224 0.108338 0.117535 0.061565 0.113036 0.104398 0.097687 0.025181 0.086209 0.095232 0.025512 0.075682 0.135227 0.087482 0.119029 0.124113 0.087190 0.138126 0.120290 0.121199 0.105353 0.072183 0.116467 0.124801 0.085092 0.073977 0.116150 0.109293 0.140608 0.083257
744000.035338 11.042755 0.125048 0.135667 0.123875 0.156760 0.164446 0.156011 0.111853 0.104789 0.140201 0.155011 0.122968 0.120952 0.140736 0.111494 0.139611 0.143684 0.103287 0.130687 0.154132 0.116194 0.153795 0.076543 0.089449 0.074560 0.061023 0.020347 0.092423 0.044351 0.064490 0.050737 0.095968 0.111663 0.119605 0.063116 0.111899 0.103137 0.099472 0.036093 0.089322 0.099171 0.022880 0.070395 0.134428 0.087922 0.118708 0.124578 0.089674 0.139936 0.116284 0.117945 0.103105 0.076891 0.113769 0.127165 0.086897 0.072024 0.108646 0.110028 0.141955 0.086533
745000.035386 2.260564 0.118863 0.127474 0.115328 0.149083 0.160659 0.147651 0.107369 0.098960 0.130274 0.153341 0.112279 0.124985 0.144030 0.113390 0.131122 0.134604 0.100750 0.122931 0.155235 0.108444 0.153588 0.082911 0.090881 0.071806 0.070682 0.031764 0.094939 0.056202 0.075928 0.053708 0.102268 0.103827 0.111634 0.051424 0.106111 0.093200 0.089807 0.040500 0.086676 0.092194 0.010352 0.079693 0.129059 0.076401 0.111791 0.115832 0.079758 0.133070 0.110093 0.118276 0.110379 0.078227 0.109511 0.121251 0.076462 0.071837 0.111311 0.107427 0.136289 0.081374
746000.035433 3.989626 0.115427 0.123845 0.112506 0.146624 0.160037 0.143971 0.106713 0.099473 0.126144 0.154529 0.108375 0.132796 0.149508 0.120108 0.125872 0.132083 0.104213 0.118859 0.157823 0.106616 0.154830 0.084626 0.087803 0.065019 0.075643 0.040738 0.094400 0.065751 0.084513 0.052154 0.105062 0.096658 0.106652 0.044063 0.108644 0.090937 0.085499 0.045819 0.081754 0.084093 0.013753 0.084767 0.125640 0.069010 0.108710 0.108774 0.073168 0.127915 0.110115 0.120128 0.115093 0.077254 0.110001 0.119259 0.074752 0.066832 0.117989 0.105734 0.133000 0.073940
747000.035481 1.831495 0.118232 0.124256 0.114657 0.146099 0.162318 0.145074 0.108739 0.101808 0.128097 0.156216 0.111322 0.135118 0.153035 0.122298 0.129019 0.131941 0.107266 0.123092 0.162182 0.109494 0.156692 0.089420 0.093255 0.068004 0.077973 0.041304 0.098976 0.063932 0.086310 0.055963 0.109650 0.096723 0.105853 0.042132 0.106350 0.089936 0.084062 0.040946 0.085155 0.085817 0.009318 0.089471 0.126919 0.069633 0.109057 0.109970 0.071521 0.128018 0.110442 0.121608 0.118271 0.080102 0.110147 0.117258 0.069345 0.073752 0.121389 0.109726 0.132952 0.075750
748000.035528 1.437844 0.115695 0.124333 0.112020 0.147429 0.160796 0.144848 0.106063 0.097501 0.126567 0.155054 0.108566 0.129228 0.147865 0.116727 0.126958 0.132007 0.101843 0.119095 0.157823 0.105818 0.155849 0.086612 0.090766 0.068237 0.076324 0.039332 0.096528 0.062997 0.083414 0.055096 0.106793 0.099180 0.108322 0.045799 0.107293 0.091323 0.086912 0.043572 0.084413 0.087351 0.008256 0.086035 0.127985 0.071642 0.110476 0.111664 0.074851 0.129954 0.110150 0.121277 0.115993 0.079009 0.110423 0.120096 0.073758 0.071047 0.115086 0.106689 0.134848 0.076857
749000.035576 2.320592 0.115038 0.120956 0.108388 0.142677 0.155822 0.139914 0.105704 0.095185 0.121673 0.150848 0.102884 0.129533 0.146721 0.116806 0.124377 0.127257 0.101635 0.116250 0.154589 0.104523 0.152531 0.091835 0.095052 0.071295 0.081493 0.044876 0.100956 0.069213 0.086632 0.060950 0.109738 0.097495 0.104236 0.041015 0.099389 0.082974 0.081354 0.051097 0.087858 0.088417 0.010489 0.088425 0.123816 0.065375 0.105054 0.107518 0.070866 0.127059 0.101810 0.116955 0.117585 0.084386 0.103641 0.116166 0.066158 0.075270 0.114716 0.107977 0.131577 0.079345
750000.035623 4.150423 0.114120 0.119924 0.111630 0.141464 0.158013 0.140426 0.106476 0.100953 0.124229 0.152489 0.108512 0.137954 0.152803 0.124449 0.124538 0.128039 0.108083 0.119778 0.159445 0.107150 0.152456 0.087880 0.088970 0.061673 0.079001 0.046228 0.096792 0.068476 0.089624 0.053593 0.108063 0.089505 0.098912 0.036319 0.104871 0.086378 0.078170 0.043991 0.080015 0.078978 0.014027 0.090158 0.120464 0.064089 0.103329 0.102835 0.064545 0.120804 0.107762 0.118330 0.117538 0.077419 0.106872 0.111547 0.065644 0.068743 0.123744 0.106851 0.126415 0.069048
751000.035671 2.833431 0.117962 0.126942 0.114683 0.148385 0.160167 0.146998 0.106567 0.098154 0.130375 0.153049 0.112666 0.123786 0.143124 0.112056 0.130686 0.134241 0.100117 0.122178 0.154413 0.108678 0.152795 0.082541 0.090021 0.070545 0.070769 0.032473 0.094280 0.055751 0.076030 0.053775 0.102021 0.103263 0.110627 0.052316 0.106464 0.093628 0.090061 0.040825 0.086474 0.092615 0.011590 0.080120 0.128499 0.077297 0.111328 0.115658 0.079574 0.131973 0.110601 0.118315 0.110312 0.078042 0.109860 0.119794 0.076271 0.071278 0.110544 0.106606 0.134888 0.080782
752000.035718 5.016919 0.116738 0.120463 0.113848 0.140862 0.158133 0.141290 0.107182 0.103435 0.126274 0.151060 0.111117 0.138149 0.152293 0.124889 0.127457 0.127940 0.108573 0.124481 0.159923 0.109160 0.151989 0.087489 0.091249 0.066129 0.076015 0.044229 0.095994 0.064857 0.086893 0.053842 0.106809 0.092151 0.101158 0.038790 0.103140 0.086825 0.078891 0.038577 0.081743 0.081496 0.015422 0.088648 0.122356 0.067089 0.104948 0.106664 0.067316 0.122892 0.107851 0.117538 0.115480 0.076357 0.106790 0.111705 0.064850 0.072525 0.125215 0.107561 0.127842 0.072605
753000.035766 8.367899 0.111814 0.122177 0.113863 0.145989 0.160645 0.144566 0.102750 0.100187 0.129202 0.153647 0.114764 0.132501 0.146930 0.119025 0.125914 0.133114 0.104819 0.120110 0.156272 0.107349 0.150033 0.074085 0.077199 0.054769 0.065195 0.036359 0.085871 0.058690 0.079007 0.040281 0.095425 0.093284 0.105677 0.048561 0.114097 0.098304 0.088298 0.036991 0.072804 0.079509 0.019917 0.078203 0.124451 0.075856 0.110593 0.109219 0.073329 0.125361 0.116192 0.118679 0.107593 0.067153 0.113147 0.117651 0.078341 0.058630 0.118405 0.100465 0.130577 0.066372
754000.035813 6.432665 0.114449 0.121342 0.114863 0.142921 0.159704 0.142990 0.105358 0.103512 0.128849 0.152846 0.114622 0.136956 0.151115 0.123420 0.127254 0.130818 0.108208 0.123459 0.159553 0.109173 0.151124 0.079758 0.083096 0.058452 0.069420 0.039143 0.090145 0.060035 0.082548 0.045331 0.100680 0.091111 0.102266 0.043805 0.109917 0.093671 0.083514 0.034460 0.075747 0.079268 0.017463 0.083551 0.123008 0.071947 0.107572 0.107116 0.069439 0.123000 0.113670 0.118670 0.111293 0.069624 0.110947 0.113370 0.071531 0.064275 0.123750 0.104162 0.128141 0.067442
755000.035861 3.446905 0.115843 0.122730 0.112782 0.145650 0.160775 0.143817 0.106515 0.099466 0.126701 0.154731 0.109997 0.133636 0.149830 0.120552 0.127336 0.131199 0.105877 0.120489 0.158897 0.107958 0.153942 0.087066 0.090322 0.065715 0.075653 0.041367 0.097373 0.064586 0.084541 0.054262 0.106263 0.096345 0.106040 0.043325 0.106782 0.090609 0.084949 0.043378 0.083315 0.085393 0.012783 0.086262 0.126304 0.070463 0.109433 0.109558 0.071830 0.127928 0.109489 0.119893 0.115581 0.079010 0.109464 0.118029 0.070238 0.071527 0.119124 0.107647 0.133285 0.074744
756000.035908 3.702861 0.118218 0.126948 0.116426 0.148386 0.160719 0.147072 0.107827 0.101841 0.130814 0.153708 0.113230 0.129073 0.146164 0.117322 0.130607 0.135183 0.104055 0.123453 0.156156 0.109655 0.152531 0.079195 0.086339 0.066205 0.068089 0.030637 0.092103 0.056806 0.075599 0.048027 0.099015 0.100015 0.108827 0.048880 0.107538 0.093226 0.087918 0.039437 0.081939 0.087533 0.013249 0.077156 0.126016 0.073780 0.109433 0.112025 0.076955 0.129975 0.110726 0.116586 0.108563 0.073912 0.109016 0.119081 0.076093 0.065383 0.115266 0.106479 0.133740 0.076521
757000.035956 4.204126 0.119120 0.126434 0.117058 0.147125 0.160579 0.147050 0.107778 0.102848 0.131249 0.152753 0.114572 0.130715 0.147338 0.118344 0.131578 0.134398 0.104524 0.125817 0.157126 0.110005 0.152026 0.080845 0.088554 0.069025 0.069717 0.033529 0.093255 0.058015 0.077775 0.050047 0.100274 0.099632 0.107501 0.047881 0.105035 0.091804 0.085926 0.038192 0.082777 0.087804 0.014118 0.079390 0.125250 0.073732 0.108162 0.112196 0.075866 0.129255 0.110284 0.115917 0.109474 0.074109 0.107921 0.116948 0.073186 0.068803 0.117452 0.107023 0.132410 0.077614
758000.036003 14.206935 0.111846 0.117971 0.114803 0.139512 0.157062 0.139972 0.104731 0.106439 0.127220 0.150313 0.115748 0.142054 0.152383 0.128201 0.124208 0.128750 0.111786 0.123481 0.158678 0.109272 0.148567 0.076721 0.077280 0.050426 0.069249 0.044566 0.085546 0.063365 0.086004 0.040272 0.098762 0.083000 0.096603 0.040748 0.112388 0.094453 0.079700 0.034161 0.068145 0.069328 0.025952 0.084627 0.118156 0.068705 0.104185 0.101093 0.063547 0.116164 0.115500 0.117554 0.110325 0.064058 0.110969 0.109173 0.071857 0.058430 0.129349 0.101203 0.122544 0.057777
759000.036051 4.629748 0.121426 0.129043 0.119198 0.149684 0.161977 0.149040 0.110263 0.104616 0.133339 0.154476 0.116108 0.128473 0.146600 0.117634 0.133793 0.136607 0.105281 0.127585 0.157612 0.111879 0.154155 0.080659 0.089763 0.070487 0.067953 0.029073 0.093703 0.053158 0.073632 0.050660 0.100477 0.102004 0.110175 0.050921 0.106277 0.093927 0.088729 0.035395 0.084551 0.089893 0.014815 0.077728 0.127777 0.075920 0.110573 0.114527 0.078619 0.131615 0.111134 0.116817 0.108315 0.074585 0.108969 0.119419 0.076097 0.069963 0.116212 0.109084 0.135119 0.079453
760000.036098 4.810984 0.112760 0.118592 0.109654 0.141591 0.158257 0.139605 0.105092 0.099093 0.122016 0.152992 0.105507 0.138431 0.152640 0.124570 0.122680 0.126923 0.107064 0.117589 0.159521 0.104848 0.153495 0.089083 0.089511 0.062562 0.080042 0.047481 0.097311 0.071188 0.091069 0.054283 0.108695 0.090681 0.101400 0.035859 0.105930 0.086676 0.079539 0.046458 0.079881 0.078794 0.015102 0.090887 0.122662 0.063670 0.105677 0.103738 0.065776 0.123163 0.107773 0.120245 0.119109 0.078079 0.108227 0.115036 0.066621 0.069343 0.123418 0.106057 0.129550 0.069849
761000.036146 3.275387 0.118724 0.127876 0.116706 0.149968 0.162557 0.148768 0.107696 0.100863 0.132252 0.155387 0.115390 0.126188 0.145434 0.114606 0.131866 0.136011 0.102445 0.124429 0.157191 0.109954 0.154833 0.081314 0.088729 0.068686 0.069670 0.031741 0.093269 0.054020 0.076185 0.051486 0.101953 0.101851 0.110426 0.051805 0.108930 0.095877 0.090366 0.036464 0.084309 0.090183 0.012461 0.080511 0.129205 0.077717 0.112317 0.115517 0.078790 0.131619 0.113525 0.119774 0.110564 0.075511 0.111785 0.120072 0.077271 0.069993 0.113598 0.107008 0.135256 0.078178
762000.036193 7.431195 0.125501 0.134768 0.121988 0.155917 0.165605 0.155146 0.112217 0.103211 0.137949 0.156930 0.119321 0.122609 0.143678 0.112470 0.139096 0.141471 0.102623 0.129951 0.157219 0.114136 0.157327 0.084284 0.095991 0.078965 0.069019 0.026843 0.098663 0.050312 0.071240 0.057210 0.103175 0.112476 0.119536 0.059967 0.109006 0.099370 0.097229 0.038476 0.093079 0.100662 0.018769 0.078312 0.135978 0.085145 0.118606 0.124584 0.088222 0.141073 0.114620 0.121118 0.110133 0.081750 0.113741 0.127317 0.082082 0.077847 0.110044 0.112863 0.143409 0.089257
763000.036241 2.768857 0.117305 0.125765 0.115018 0.147336 0.160548 0.146349 0.106831 0.100033 0.129636 0.153505 0.112944 0.128311 0.146417 0.116189 0.129629 0.133531 0.102591 0.122656 0.156706 0.108196 0.153154 0.081913 0.088341 0.067713 0.071102 0.034735 0.093440 0.057600 0.078612 0.051485 0.102365 0.099253 0.107649 0.048332 0.106783 0.092763 0.086887 0.038676 0.083246 0.087707 0.011457 0.081393 0.126247 0.074117 0.109401 0.112356 0.075602 0.129019 0.110918 0.118024 0.110801 0.075833 0.109275 0.117911 0.074807 0.069431 0.114901 0.106337 0.132624 0.076526
764000.036288 9.694539 0.118325 0.127442 0.120043 0.148961 0.162167 0.148963 0.107481 0.105899 0.134962 0.153688 0.120325 0.130067 0.145614 0.118581 0.132595 0.137348 0.106382 0.127857 0.156598 0.112541 0.150604 0.070605 0.079649 0.061446 0.058496 0.026126 0.084473 0.048314 0.069767 0.039244 0.091969 0.098253 0.108900 0.053341 0.111994 0.099587 0.090405 0.028711 0.076355 0.084471 0.021438 0.071468 0.125912 0.079274 0.111265 0.113621 0.078231 0.128653 0.116054 0.115373 0.101794 0.065607 0.111516 0.118183 0.080779 0.061040 0.117965 0.103682 0.132324 0.072055
765000.036336 5.455029 0.120638 0.129133 0.119078 0.151277 0.164892 0.150529 0.109534 0.103814 0.133904 0.157382 0.117435 0.128297 0.147770 0.117234 0.133531 0.137370 0.104693 0.127292 0.160126 0.111106 0.157222 0.081461 0.089753 0.070263 0.069034 0.030818 0.093298 0.052214 0.075780 0.051266 0.102689 0.102702 0.112450 0.052906 0.111017 0.098292 0.091868 0.032802 0.084217 0.089711 0.016081 0.081065 0.131487 0.079016 0.114649 0.117141 0.080107 0.133508 0.116067 0.121868 0.110895 0.074554 0.113926 0.122295 0.079470 0.071371 0.116399 0.108419 0.137435 0.078557
766000.036383 8.199716 0.119414 0.128202 0.120133 0.149312 0.162609 0.149462 0.108466 0.105953 0.135032 0.154604 0.119759 0.129961 0.146738 0.118386 0.133355 0.137633 0.106151 0.128183 0.157768 0.112231 0.152231 0.073802 0.082747 0.064489 0.062685 0.026618 0.087654 0.049944 0.071769 0.043136 0.095210 0.099008 0.108655 0.052694 0.110553 0.098311 0.089878 0.030446 0.078480 0.086115 0.019716 0.074476 0.126426 0.078230 0.110708 0.113548 0.077978 0.129443 0.115723 0.116566 0.104656 0.067625 0.111377 0.117947 0.079124 0.063584 0.118029 0.105572 0.132750 0.073871
767000.036431 8.877025 0.112899 0.118471 0.113793 0.139244 0.156261 0.139851 0.104485 0.104492 0.126589 0.149366 0.113693 0.138389 0.150658 0.124836 0.125059 0.127876 0.108756 0.123303 0.157898 0.108001 0.148715 0.078810 0.081363 0.056397 0.069736 0.041458 0.087800 0.060872 0.083774 0.044103 0.100045 0.086286 0.097761 0.040703 0.108082 0.091572 0.079387 0.032650 0.072311 0.074181 0.020514 0.084229 0.119192 0.068408 0.103801 0.103053 0.065138 0.118286 0.112325 0.116523 0.110230 0.066436 0.108679 0.109082 0.069183 0.062750 0.126040 0.102407 0.123749 0.063241
768000.036478 6.539519 0.119877 0.127230 0.119500 0.148684 0.163911 0.149143 0.108629 0.105453 0.134318 0.155743 0.119346 0.132130 0.149008 0.120097 0.133540 0.136180 0.107292 0.128583 0.160437 0.112782 0.154025 0.079268 0.087071 0.066252 0.065619 0.031581 0.091473 0.051721 0.075403 0.047743 0.099979 0.099221 0.109096 0.050910 0.109970 0.097492 0.089293 0.028677 0.081645 0.087127 0.017607 0.079442 0.128501 0.078228 0.112483 0.114937 0.076951 0.130087 0.115373 0.118948 0.108343 0.072124 0.112297 0.118340 0.076142 0.069927 0.120089 0.107578 0.134104 0.075194
769000.036526 6.945002 0.120090 0.130109 0.120279 0.152086 0.164020 0.151210 0.108851 0.104370 0.135626 0.155826 0.119184 0.128316 0.145850 0.117007 0.133854 0.139379 0.105129 0.127092 0.157160 0.112798 0.153475 0.074680 0.083746 0.065651 0.062507 0.025622 0.088745 0.051000 0.071210 0.044000 0.095508 0.102837 0.112744 0.054604 0.112479 0.099700 0.093043 0.034531 0.081139 0.089148 0.018145 0.073372 0.129200 0.080292 0.113815 0.116616 0.081517 0.132983 0.116030 0.117922 0.105306 0.071117 0.112980 0.122308 0.082240 0.064212 0.115174 0.106054 0.136379 0.076985
770000.036573 6.923438 0.115498 0.125011 0.115220 0.146225 0.157534 0.144977 0.104954 0.100458 0.130266 0.150123 0.113591 0.126782 0.141861 0.114804 0.128965 0.134052 0.102628 0.121810 0.151503 0.109003 0.147044 0.073441 0.080721 0.061868 0.062559 0.029076 0.087358 0.055091 0.071634 0.043010 0.092428 0.098307 0.107251 0.051056 0.107647 0.094088 0.088071 0.039845 0.078266 0.086273 0.018117 0.071473 0.123003 0.075488 0.107972 0.110649 0.076951 0.127546 0.109865 0.112597 0.102894 0.069865 0.107359 0.117048 0.077133 0.060508 0.112972 0.102794 0.130949 0.074191
771000.036621 6.145988 0.119975 0.129657 0.118062 0.151216 0.162205 0.150719 0.107009 0.100293 0.134723 0.153613 0.117570 0.122480 0.141594 0.110920 0.134550 0.137613 0.100175 0.126263 0.154424 0.110722 0.152322 0.078749 0.089049 0.072327 0.065080 0.026708 0.092432 0.049505 0.070550 0.051406 0.098045 0.106828 0.114539 0.057500 0.108603 0.098457 0.094252 0.035346 0.086487 0.095399 0.017069 0.075645 0.131520 0.083173 0.115163 0.120411 0.084020 0.135638 0.114000 0.118183 0.106394 0.075384 0.112132 0.122451 0.079944 0.071924 0.109989 0.106928 0.138044 0.082848
772000.036668 1.878973 0.118919 0.127031 0.115202 0.148957 0.161579 0.147357 0.107541 0.099470 0.130312 0.154542 0.112291 0.127662 0.146208 0.115563 0.130919 0.134624 0.102482 0.122887 0.156818 0.109666 0.154417 0.084617 0.091493 0.070574 0.071897 0.034011 0.096058 0.058385 0.078188 0.054008 0.103770 0.102967 0.111121 0.049577 0.106566 0.092778 0.089427 0.041289 0.086967 0.091788 0.009438 0.081417 0.129388 0.075488 0.112001 0.115424 0.078650 0.132837 0.110197 0.119212 0.112294 0.079611 0.110088 0.121143 0.075030 0.072519 0.113795 0.108021 0.136464 0.080704
773000.036716 4.215726 0.116601 0.119143 0.112449 0.139095 0.156038 0.138691 0.108008 0.103306 0.123879 0.150124 0.108368 0.139569 0.153001 0.126417 0.125588 0.126519 0.109997 0.122426 0.158830 0.109619 0.151266 0.090302 0.092523 0.065163 0.079362 0.046871 0.098066 0.068813 0.089461 0.055911 0.109168 0.089311 0.097845 0.033245 0.100532 0.082476 0.075531 0.043630 0.082672 0.080096 0.014137 0.090283 0.119604 0.061394 0.101409 0.102432 0.063399 0.120341 0.104077 0.116008 0.117207 0.079374 0.103719 0.109561 0.061171 0.072876 0.126187 0.108437 0.125587 0.071682
774000.036763 5.387887 0.114203 0.121552 0.114582 0.143363 0.158950 0.143054 0.105012 0.102831 0.128325 0.151900 0.114013 0.135268 0.149468 0.122017 0.126561 0.131233 0.106775 0.122775 0.157585 0.108603 0.150414 0.077750 0.081566 0.058220 0.068628 0.037873 0.088035 0.059894 0.081533 0.043571 0.099023 0.091036 0.102035 0.043016 0.109341 0.093094 0.082970 0.035227 0.074736 0.078184 0.015982 0.081360 0.121864 0.070593 0.106344 0.106489 0.069338 0.122655 0.112922 0.117137 0.109746 0.068698 0.109747 0.113450 0.072852 0.062121 0.121998 0.102603 0.127411 0.066931
775000.036811 3.783081 0.116654 0.122994 0.114940 0.144367 0.160105 0.143562 0.108193 0.103432 0.127433 0.153845 0.111427 0.136473 0.152022 0.123868 0.127716 0.131195 0.108485 0.122995 0.160149 0.108825 0.153503 0.084629 0.088165 0.063179 0.074747 0.040133 0.095192 0.063501 0.084563 0.050557 0.104999 0.092604 0.102484 0.040125 0.106299 0.089284 0.081264 0.039720 0.079674 0.080433 0.013392 0.085796 0.122611 0.067046 0.105666 0.105614 0.068536 0.124018 0.109762 0.118193 0.114463 0.074665 0.108083 0.114399 0.069194 0.067178 0.122674 0.107652 0.129418 0.070797
776000.036858 6.315485 0.120996 0.130412 0.120155 0.151927 0.163577 0.151095 0.109703 0.104257 0.135045 0.155530 0.118201 0.127221 0.145644 0.116401 0.134211 0.138753 0.104529 0.127438 0.157242 0.112191 0.154374 0.077120 0.086654 0.068752 0.064819 0.026434 0.090823 0.050990 0.071666 0.047410 0.097785 0.103653 0.112831 0.054389 0.110565 0.098229 0.092265 0.034751 0.083212 0.090283 0.017303 0.075183 0.129534 0.079612 0.113424 0.116903 0.081536 0.133394 0.114712 0.118123 0.106491 0.072908 0.112024 0.122215 0.081210 0.067171 0.114502 0.107454 0.136692 0.078918
777000.036906 5.058844 0.124346 0.131835 0.121596 0.152612 0.165789 0.152593 0.112183 0.105688 0.136234 0.157450 0.118746 0.129112 0.148611 0.118218 0.137029 0.139126 0.106168 0.130463 0.160703 0.114310 0.157323 0.083447 0.093538 0.074362 0.069315 0.029296 0.096441 0.052752 0.074750 0.053588 0.103230 0.106307 0.114233 0.053558 0.108152 0.096310 0.091801 0.035109 0.088648 0.094047 0.015486 0.080014 0.131877 0.079475 0.114399 0.119224 0.082186 0.135756 0.113875 0.120011 0.110930 0.078228 0.112148 0.122712 0.077870 0.074383 0.116705 0.111638 0.138750 0.083470
778000.036953 7.126077 0.121193 0.127295 0.120024 0.147630 0.162910 0.148761 0.109438 0.106506 0.134309 0.154356 0.119616 0.131968 0.149488 0.120163 0.134112 0.135474 0.106937 0.130355 0.160599 0.113011 0.154226 0.080657 0.089436 0.069807 0.067484 0.033032 0.091682 0.051781 0.076354 0.050211 0.101460 0.099532 0.108427 0.050726 0.107873 0.096041 0.087907 0.027925 0.083003 0.087743 0.018380 0.081030 0.128037 0.077674 0.111197 0.115299 0.076907 0.129650 0.114650 0.118564 0.109014 0.072514 0.111244 0.116888 0.075290 0.072448 0.120953 0.107925 0.132898 0.076929
779000.037001 2.592648 0.115818 0.122886 0.113506 0.145144 0.159672 0.143989 0.106168 0.100462 0.127473 0.153145 0.111576 0.131609 0.148391 0.118978 0.127453 0.131361 0.104338 0.121907 0.157760 0.107512 0.153103 0.082945 0.087634 0.064974 0.072690 0.037892 0.092998 0.060004 0.081515 0.051007 0.103557 0.095057 0.104531 0.043840 0.106471 0.091226 0.083982 0.038036 0.080725 0.083444 0.011086 0.083759 0.124770 0.070552 0.107798 0.109196 0.071318 0.126179 0.110409 0.118323 0.112381 0.074637 0.108746 0.115927 0.071879 0.068952 0.118474 0.105473 0.130746 0.072710
780000.037048 12.566922 0.113981 0.114056 0.105539 0.132724 0.149384 0.131184 0.107675 0.099137 0.114492 0.145694 0.097201 0.141320 0.152787 0.127954 0.119591 0.118544 0.109291 0.115630 0.155534 0.104497 0.149163 0.101137 0.100240 0.071184 0.092533 0.060205 0.106957 0.082675 0.100092 0.068278 0.118034 0.086363 0.091411 0.025821 0.090915 0.069623 0.066448 0.059093 0.088286 0.080698 0.024408 0.099765 0.113621 0.049989 0.093519 0.094724 0.056642 0.115198 0.092798 0.112957 0.124172 0.089009 0.095492 0.104634 0.050745 0.079797 0.126786 0.111000 0.120876 0.075174
