#! FIELDS time restraint.bias r0 r1 r2 r3 r4 r5 r6 r7 r8 r9 r10 r11 r12 r13 r14 r15 r16 r17 r18 r19 r20 r21 r22 r23 r24 r25 r26 r27 r28 r29 r30 r31 r32 r33 r34 r35 r36 r37 r38 r39 r40 r41 r42 r43 r44 r45 r46 r47 r48 r49 r50 r51 r52 r53 r54 r55 r56
 460000.021849 3.017152 0.070703 0.085913 0.092066 0.117245 0.135093 0.113483 0.072191 0.095198 0.105713 0.131772 0.109599 0.138003 0.133489 0.120946 0.088407 0.107167 0.101243 0.097725 0.136259 0.083989 0.126332 0.064050 0.034952 0.030624 0.079098 0.089875 0.050008 0.097349 0.112197 0.047366 0.082549 0.064216 0.094329 0.081231 0.144629 0.126204 0.099569 0.075083 0.011960 0.040843 0.085309 0.099095 0.113208 0.096563 0.114790 0.095830 0.078125 0.099000 0.142939 0.128693 0.107416 0.034811 0.133975 0.109840 0.107219 0.043065 0.130419
 461000.021896 5.823678 0.077731 0.096270 0.099024 0.126094 0.141117 0.122635 0.076313 0.097146 0.114975 0.135943 0.114955 0.134683 0.131812 0.117551 0.097802 0.117431 0.100726 0.102521 0.136829 0.090099 0.125654 0.052714 0.024368 0.026814 0.069402 0.081589 0.046316 0.091110 0.102188 0.036932 0.070909 0.072660 0.098674 0.081889 0.143370 0.126334 0.101797 0.073080 0.016616 0.050345 0.081598 0.086680 0.112418 0.097568 0.114011 0.098586 0.082403 0.104524 0.141440 0.122211 0.098703 0.030328 0.130691 0.112216 0.108587 0.027931 0.126114
 462000.021944 5.591265 0.068471 0.091070 0.093554 0.121781 0.134945 0.116890 0.070643 0.093081 0.109718 0.131408 0.112103 0.131061 0.126314 0.113858 0.090038 0.113237 0.097614 0.094679 0.129830 0.083915 0.120294 0.058239 0.022020 0.035196 0.079605 0.093500 0.047121 0.102062 0.111386 0.050589 0.073142 0.073159 0.099437 0.091106 0.148557 0.131549 0.106821 0.086010 0.016281 0.052611 0.092377 0.094724 0.111741 0.104039 0.116371 0.098598 0.087693 0.101792 0.145382 0.125935 0.102503 0.037248 0.135089 0.113345 0.115751 0.034466 0.122805
 463000.021991 2.824654 0.072376 0.091385 0.095469 0.122857 0.139174 0.118211 0.075189 0.096231 0.109753 0.136079 0.111683 0.138718 0.134433 0.121370 0.091863 0.113347 0.103409 0.097695 0.137547 0.086483 0.126805 0.062272 0.030283 0.026237 0.079769 0.088872 0.054343 0.099045 0.111278 0.045949 0.079763 0.067585 0.096429 0.082198 0.145860 0.126966 0.101514 0.079324 0.011572 0.043929 0.085368 0.096353 0.112442 0.096724 0.114636 0.094464 0.080075 0.101392 0.143040 0.127754 0.107264 0.037707 0.133640 0.112922 0.108888 0.033208 0.129281
 464000.022039 3.039327 0.068126 0.087166 0.091110 0.120021 0.136279 0.114709 0.070329 0.092738 0.106452 0.133269 0.109711 0.135125 0.131586 0.117634 0.087203 0.109655 0.098893 0.094303 0.134821 0.082896 0.125644 0.061847 0.028969 0.030244 0.078766 0.091218 0.047021 0.098528 0.111439 0.048517 0.079577 0.067602 0.097303 0.085403 0.147466 0.129466 0.103676 0.078972 0.012004 0.045001 0.087928 0.097486 0.114348 0.100061 0.117102 0.097918 0.082276 0.100894 0.144777 0.128698 0.105345 0.036334 0.135468 0.112760 0.111772 0.041025 0.127094
 465000.022086 10.511335 0.072322 0.096646 0.097041 0.127173 0.138926 0.123429 0.069776 0.091752 0.115392 0.132588 0.116545 0.125743 0.122880 0.108025 0.096116 0.118393 0.093329 0.098300 0.129455 0.085885 0.119381 0.048071 0.011687 0.038776 0.069611 0.087969 0.038144 0.094695 0.102988 0.044852 0.063468 0.081448 0.105697 0.094290 0.149030 0.134849 0.111110 0.081376 0.022323 0.060660 0.090740 0.086010 0.115076 0.109020 0.119881 0.106362 0.093453 0.108326 0.146858 0.122784 0.093530 0.032043 0.135137 0.116574 0.119121 0.034008 0.117355
 466000.022134 6.802632 0.074670 0.094469 0.096781 0.123915 0.137623 0.120872 0.071444 0.094066 0.114133 0.131937 0.115304 0.128780 0.126120 0.111219 0.096233 0.115467 0.095267 0.100889 0.131911 0.087205 0.121466 0.048058 0.018615 0.033259 0.066807 0.082623 0.037484 0.089093 0.100088 0.039119 0.066381 0.075644 0.100435 0.087291 0.144358 0.129544 0.105245 0.073353 0.017958 0.055582 0.084600 0.085245 0.113351 0.102917 0.115826 0.102642 0.086753 0.105116 0.143439 0.121405 0.093926 0.025284 0.131837 0.111744 0.112184 0.032733 0.121486
 467000.022181 8.523337 0.069812 0.088878 0.091824 0.120505 0.137112 0.116833 0.067289 0.091243 0.109668 0.132076 0.111959 0.131507 0.129103 0.113079 0.090797 0.110280 0.094455 0.097226 0.134012 0.084227 0.124403 0.055670 0.026766 0.034376 0.071350 0.087565 0.038622 0.092881 0.106124 0.044326 0.073598 0.075259 0.102742 0.088613 0.148371 0.132071 0.107418 0.074572 0.020101 0.054175 0.087238 0.092815 0.118021 0.105160 0.120687 0.105696 0.087935 0.106105 0.146942 0.127953 0.100106 0.031278 0.137372 0.114681 0.113908 0.041963 0.124649
 468000.022229 7.185526 0.079137 0.099288 0.100672 0.128690 0.142353 0.125958 0.075800 0.096151 0.117580 0.136165 0.117016 0.131129 0.129348 0.113833 0.100797 0.119837 0.097883 0.104078 0.136020 0.089431 0.125015 0.046540 0.020564 0.031073 0.064674 0.077739 0.043046 0.086325 0.097226 0.033790 0.066304 0.076886 0.101148 0.083508 0.142524 0.127519 0.103708 0.069910 0.018457 0.055217 0.079873 0.082113 0.113887 0.100050 0.115195 0.102134 0.084952 0.107762 0.141713 0.120603 0.094170 0.024566 0.130121 0.113351 0.109805 0.027191 0.122227
 469000.022276 7.186110 0.073757 0.088263 0.093744 0.118168 0.135381 0.113382 0.077897 0.096881 0.105952 0.133545 0.107887 0.141069 0.136111 0.124607 0.089656 0.109499 0.106311 0.096501 0.136667 0.088053 0.126129 0.067943 0.037845 0.017608 0.082611 0.087558 0.060300 0.099224 0.112697 0.046634 0.085807 0.058058 0.087580 0.072883 0.139186 0.118462 0.092579 0.076993 0.018457 0.036125 0.079754 0.098530 0.106853 0.087088 0.107504 0.085994 0.069573 0.094235 0.135783 0.125050 0.110331 0.043919 0.127582 0.106190 0.099901 0.035869 0.131694
 470000.022324 2.457755 0.070634 0.087300 0.092059 0.117720 0.133490 0.113985 0.071054 0.092794 0.106847 0.129648 0.109536 0.132575 0.128421 0.115648 0.089722 0.108976 0.098364 0.096539 0.131602 0.084073 0.121172 0.059002 0.028776 0.027486 0.075741 0.086344 0.048188 0.095040 0.107567 0.044122 0.076203 0.064605 0.091985 0.079770 0.140443 0.123084 0.097557 0.075362 0.010794 0.044001 0.082436 0.093023 0.108759 0.094755 0.110582 0.093335 0.076841 0.097439 0.138560 0.122768 0.102148 0.033598 0.128851 0.106999 0.104907 0.036563 0.124665
 471000.022371 5.208476 0.068688 0.086665 0.091188 0.118349 0.134681 0.113145 0.070874 0.092916 0.106387 0.131649 0.109164 0.135030 0.130587 0.117722 0.087283 0.109383 0.100162 0.093968 0.132639 0.085173 0.122623 0.062997 0.029304 0.026203 0.079782 0.091330 0.050122 0.100680 0.112281 0.048050 0.078942 0.066104 0.094940 0.083435 0.145463 0.126637 0.101342 0.081255 0.015714 0.045193 0.087146 0.096903 0.110910 0.097745 0.114064 0.094667 0.080294 0.098565 0.141965 0.126496 0.105957 0.040186 0.133094 0.110663 0.109210 0.037955 0.126945
 472000.022419 3.977920 0.075944 0.094387 0.097262 0.123864 0.139372 0.121139 0.074258 0.095526 0.113186 0.134401 0.113685 0.134029 0.131321 0.116463 0.096638 0.114685 0.098905 0.101862 0.136394 0.087094 0.125641 0.053048 0.026423 0.028663 0.070243 0.080525 0.046537 0.089329 0.102357 0.037309 0.072678 0.072089 0.097896 0.080907 0.142175 0.125486 0.101002 0.070448 0.013732 0.050035 0.079751 0.088501 0.113278 0.097381 0.114037 0.098996 0.081296 0.104361 0.141423 0.123801 0.100026 0.026275 0.131135 0.111392 0.106947 0.029727 0.125362
 473000.022466 7.497139 0.072556 0.094321 0.095178 0.123863 0.136692 0.120869 0.069206 0.091129 0.113060 0.131109 0.113851 0.126201 0.123935 0.108232 0.095297 0.114860 0.092245 0.098584 0.130141 0.083939 0.120515 0.047524 0.017506 0.036012 0.067776 0.082644 0.038038 0.089342 0.100281 0.040672 0.066095 0.077760 0.101806 0.088488 0.144413 0.129968 0.106522 0.074362 0.018852 0.058013 0.084441 0.085580 0.114395 0.104122 0.116880 0.103994 0.088181 0.106679 0.143562 0.122345 0.094094 0.025387 0.132536 0.113026 0.113098 0.032867 0.118022
 474000.022514 6.884531 0.070849 0.088688 0.091703 0.119118 0.134462 0.116308 0.067410 0.090854 0.108346 0.129211 0.110754 0.128282 0.126142 0.110620 0.091202 0.108755 0.092158 0.098320 0.131916 0.081241 0.123025 0.053555 0.029046 0.038592 0.070145 0.084766 0.037032 0.089392 0.103254 0.043791 0.072661 0.073631 0.099691 0.086431 0.143756 0.128856 0.104190 0.071053 0.018066 0.053106 0.084635 0.091008 0.115852 0.102575 0.117321 0.103855 0.085278 0.104453 0.143746 0.125070 0.097555 0.024520 0.133554 0.111236 0.110950 0.043132 0.121547
 475000.022561 3.260586 0.070280 0.083606 0.090773 0.113789 0.132019 0.110011 0.072207 0.094767 0.104064 0.128996 0.107216 0.137203 0.131663 0.120561 0.087458 0.105217 0.102043 0.096534 0.133468 0.085045 0.122221 0.065141 0.035813 0.024783 0.079823 0.088713 0.053496 0.098463 0.111722 0.046359 0.081492 0.060124 0.089453 0.077068 0.140116 0.120966 0.094838 0.076506 0.012433 0.038790 0.083182 0.097609 0.107739 0.091565 0.109240 0.089790 0.073508 0.094752 0.137738 0.124506 0.107154 0.037843 0.129122 0.105512 0.101908 0.038983 0.130015
 476000.022609 2.132333 0.068008 0.088663 0.091812 0.120321 0.135296 0.115775 0.068835 0.091622 0.108023 0.131437 0.110596 0.131503 0.127901 0.113854 0.089177 0.110723 0.096292 0.094949 0.131879 0.082243 0.122370 0.057628 0.024392 0.032780 0.076870 0.089566 0.044733 0.097396 0.109009 0.046969 0.074462 0.071226 0.098601 0.087135 0.146493 0.129649 0.104831 0.079709 0.010054 0.049458 0.087898 0.094126 0.113396 0.101641 0.116392 0.099052 0.084776 0.102237 0.144431 0.126616 0.102455 0.032235 0.134582 0.112677 0.112410 0.036087 0.123450
 477000.022656 4.041544 0.072003 0.090960 0.093391 0.121889 0.137129 0.118336 0.069994 0.092201 0.109691 0.132259 0.111191 0.130451 0.128723 0.113020 0.092439 0.111399 0.094474 0.098641 0.134359 0.082429 0.125292 0.053868 0.027680 0.035195 0.070671 0.083480 0.040684 0.089558 0.103019 0.041966 0.073228 0.072856 0.099438 0.084352 0.143634 0.127965 0.103438 0.071082 0.013842 0.050563 0.082833 0.090228 0.115455 0.100394 0.116534 0.101922 0.083986 0.104671 0.143033 0.125140 0.098874 0.024687 0.132893 0.112208 0.110183 0.038171 0.122800
 478000.022704 4.074759 0.073853 0.089857 0.094216 0.120072 0.136458 0.116173 0.074088 0.094961 0.108895 0.132670 0.110707 0.135466 0.132428 0.118572 0.091930 0.110981 0.100422 0.098770 0.135424 0.086775 0.125505 0.059062 0.030879 0.024097 0.074068 0.083411 0.048578 0.092028 0.105908 0.041066 0.078252 0.064865 0.092786 0.077194 0.140563 0.122613 0.097138 0.071177 0.013899 0.043100 0.079371 0.092427 0.110822 0.093214 0.111448 0.094421 0.075811 0.099030 0.138884 0.123947 0.103015 0.033184 0.129381 0.108077 0.103970 0.035889 0.127416
 479000.022751 4.503103 0.072244 0.094594 0.095933 0.126303 0.140276 0.121700 0.072386 0.093499 0.112893 0.135996 0.114030 0.132631 0.130130 0.114820 0.093821 0.116552 0.097692 0.097574 0.135050 0.085255 0.125587 0.054488 0.020986 0.031069 0.073992 0.086586 0.045442 0.094866 0.106118 0.043656 0.073019 0.074421 0.101200 0.087159 0.147556 0.130950 0.106464 0.077841 0.014611 0.052555 0.085970 0.091097 0.115479 0.102571 0.118184 0.101467 0.086141 0.105926 0.145406 0.126497 0.100917 0.032362 0.135003 0.115418 0.113747 0.033170 0.123495
 480000.022799 2.793678 0.066293 0.086491 0.089836 0.119413 0.135171 0.114064 0.068081 0.091008 0.105772 0.132004 0.108916 0.132942 0.129482 0.115308 0.086128 0.109056 0.096666 0.092857 0.132951 0.081196 0.124060 0.060933 0.027183 0.032127 0.078756 0.091938 0.045251 0.099179 0.111539 0.049149 0.078072 0.069019 0.098160 0.087016 0.147785 0.130160 0.104789 0.080269 0.011508 0.046911 0.088935 0.097190 0.114396 0.101478 0.117558 0.098880 0.083945 0.101310 0.145056 0.128540 0.104567 0.035722 0.135842 0.113052 0.112936 0.040796 0.124984
 481000.022846 7.385007 0.072805 0.094338 0.096840 0.125109 0.139385 0.120288 0.074767 0.095614 0.112563 0.135656 0.113854 0.135189 0.131037 0.117758 0.093765 0.116417 0.101602 0.097492 0.134463 0.088183 0.124039 0.058771 0.024396 0.029472 0.078220 0.089822 0.051365 0.099877 0.109841 0.046641 0.074710 0.073346 0.100089 0.087427 0.148075 0.130078 0.105693 0.083104 0.018711 0.051464 0.088437 0.093389 0.112787 0.101328 0.116368 0.097904 0.085784 0.103679 0.144703 0.126460 0.104004 0.038960 0.134745 0.114940 0.113420 0.029832 0.125770
 482000.022894 3.009224 0.064565 0.083459 0.088469 0.117276 0.134188 0.111025 0.069487 0.092030 0.102582 0.132219 0.106745 0.136731 0.131995 0.119504 0.082707 0.106809 0.100519 0.090904 0.133763 0.080959 0.124732 0.068090 0.033432 0.031938 0.085833 0.096877 0.052715 0.105725 0.117987 0.054215 0.083880 0.064873 0.095861 0.086103 0.148531 0.129166 0.103230 0.085503 0.011944 0.041440 0.091504 0.103039 0.112919 0.099325 0.116492 0.094560 0.081561 0.098350 0.144723 0.130994 0.110784 0.042479 0.136480 0.112963 0.112173 0.043089 0.128344
 483000.022941 7.097608 0.065531 0.088252 0.089082 0.120766 0.135029 0.116663 0.061934 0.086246 0.108101 0.129570 0.110047 0.125056 0.122900 0.106209 0.088509 0.110351 0.088255 0.092990 0.128966 0.078591 0.120186 0.052776 0.020286 0.039927 0.072117 0.089397 0.034108 0.095319 0.106340 0.046904 0.069045 0.078609 0.104791 0.092696 0.149012 0.134046 0.110449 0.079303 0.018343 0.058189 0.090035 0.091391 0.117897 0.108186 0.121569 0.107307 0.091772 0.107846 0.147464 0.126979 0.097518 0.029814 0.137647 0.116025 0.117375 0.041647 0.117476
 484000.022989 1.781322 0.062833 0.080786 0.085749 0.113572 0.130587 0.109182 0.064012 0.088418 0.100925 0.127347 0.105159 0.131184 0.126885 0.113464 0.082696 0.102734 0.094145 0.091353 0.130360 0.076712 0.121304 0.063169 0.032462 0.036281 0.080555 0.092760 0.045728 0.099716 0.113091 0.051190 0.079380 0.067472 0.096472 0.086300 0.145310 0.128096 0.102898 0.079990 0.009189 0.045644 0.089205 0.099580 0.113517 0.100510 0.116221 0.097808 0.082662 0.099640 0.143498 0.128821 0.105902 0.034226 0.135113 0.110927 0.110476 0.044366 0.123809
 485000.023036 7.460174 0.074701 0.096955 0.098064 0.126785 0.139124 0.122619 0.073919 0.094495 0.115101 0.134041 0.115565 0.129453 0.126789 0.112445 0.096633 0.118375 0.097209 0.099457 0.131982 0.087978 0.122058 0.050042 0.016623 0.031853 0.070304 0.084557 0.043140 0.092782 0.102016 0.041615 0.067286 0.076040 0.100649 0.087750 0.145182 0.129602 0.105707 0.077956 0.018806 0.055268 0.085700 0.085800 0.112242 0.102380 0.115422 0.100777 0.087011 0.104864 0.142844 0.121525 0.095871 0.031448 0.131543 0.113318 0.113420 0.028218 0.120899
 486000.023084 4.759180 0.064875 0.085878 0.088629 0.119105 0.134610 0.114789 0.062931 0.088318 0.106771 0.130021 0.110114 0.128345 0.125414 0.109767 0.087054 0.108525 0.091093 0.093626 0.130966 0.078685 0.121611 0.056837 0.025280 0.039489 0.075126 0.091816 0.037615 0.097098 0.109110 0.049498 0.073011 0.074868 0.102448 0.091989 0.149281 0.133885 0.109132 0.079688 0.015021 0.054484 0.091334 0.095017 0.117469 0.107285 0.121026 0.105224 0.089555 0.105396 0.147935 0.128352 0.100454 0.030396 0.138021 0.114609 0.116202 0.044881 0.121571
 487000.023131 12.223864 0.078838 0.099553 0.100119 0.128501 0.142240 0.126774 0.072302 0.094594 0.118856 0.134626 0.118160 0.127286 0.126583 0.109283 0.102043 0.119049 0.092787 0.105719 0.135122 0.087936 0.124474 0.041627 0.021879 0.040616 0.060396 0.077715 0.033938 0.083090 0.094316 0.035009 0.061596 0.084053 0.107108 0.089734 0.145111 0.132132 0.109117 0.068608 0.024073 0.062729 0.083059 0.080384 0.118509 0.106927 0.119925 0.110136 0.092311 0.112669 0.145794 0.121732 0.090388 0.016237 0.133691 0.116139 0.114620 0.033100 0.119973
 488000.023179 9.019464 0.076301 0.098495 0.099527 0.129177 0.143145 0.125703 0.074052 0.094995 0.116825 0.137076 0.117092 0.132034 0.129562 0.114195 0.098638 0.119669 0.098032 0.101363 0.135958 0.088836 0.125046 0.049157 0.017452 0.032276 0.067598 0.083440 0.042884 0.091334 0.101657 0.038749 0.067380 0.079300 0.104985 0.088727 0.148097 0.132392 0.108286 0.075559 0.020678 0.056643 0.085502 0.085729 0.116393 0.104757 0.119525 0.104855 0.089501 0.109363 0.146039 0.124185 0.096116 0.030935 0.134831 0.117264 0.115347 0.030121 0.122595
 489000.023226 7.629210 0.074141 0.093899 0.096773 0.123981 0.139101 0.120501 0.073407 0.094692 0.113234 0.134078 0.114211 0.133348 0.129550 0.115737 0.095488 0.115382 0.099574 0.099542 0.134131 0.088611 0.122497 0.054712 0.023249 0.027290 0.072044 0.085245 0.047912 0.094464 0.105059 0.041225 0.071153 0.073165 0.099103 0.084596 0.144786 0.127684 0.103237 0.077101 0.019018 0.052079 0.084385 0.089158 0.112010 0.100084 0.115005 0.098856 0.083839 0.103573 0.142222 0.123210 0.099781 0.034749 0.132020 0.112548 0.109926 0.030428 0.124584
 490000.023274 6.119942 0.076309 0.095131 0.098152 0.125720 0.140890 0.121165 0.078007 0.097283 0.112769 0.137345 0.113774 0.137211 0.134229 0.120268 0.095430 0.116397 0.103495 0.099927 0.137971 0.089551 0.127538 0.057913 0.027832 0.022909 0.074335 0.083757 0.051800 0.093048 0.105306 0.041394 0.076948 0.068749 0.096377 0.080477 0.143800 0.125741 0.100646 0.074591 0.017033 0.045842 0.081539 0.091085 0.112049 0.095523 0.113586 0.095180 0.079336 0.102011 0.141144 0.124573 0.102600 0.036098 0.130954 0.112235 0.107929 0.030581 0.127642
 491000.023321 6.015948 0.073568 0.086438 0.093862 0.116727 0.135402 0.111913 0.078745 0.099274 0.105086 0.133953 0.108196 0.144105 0.138456 0.127884 0.088836 0.107562 0.108599 0.098157 0.139056 0.088084 0.128115 0.070932 0.041581 0.022553 0.084803 0.090455 0.061377 0.100920 0.115157 0.049616 0.088522 0.056931 0.088269 0.074681 0.141369 0.120341 0.093558 0.077812 0.016888 0.032771 0.083067 0.101988 0.108410 0.088484 0.109147 0.086422 0.070482 0.093902 0.138133 0.127601 0.112795 0.043300 0.129963 0.106891 0.101203 0.040032 0.135802
 492000.023369 15.054092 0.083290 0.094579 0.099255 0.121479 0.138649 0.120188 0.079801 0.099231 0.113237 0.133544 0.113575 0.136910 0.135366 0.120414 0.099869 0.112698 0.102070 0.107310 0.139702 0.091584 0.129303 0.056943 0.040469 0.029506 0.066496 0.072619 0.049989 0.079609 0.097075 0.034118 0.079104 0.067002 0.092162 0.070669 0.134105 0.117811 0.092849 0.056497 0.026715 0.047363 0.070020 0.087534 0.112396 0.089121 0.109454 0.096938 0.072341 0.101915 0.135243 0.121046 0.099581 0.029612 0.125238 0.105475 0.097248 0.040823 0.129604
 493000.023416 6.229708 0.072893 0.094435 0.095530 0.125567 0.139223 0.121826 0.069952 0.091548 0.113353 0.133519 0.114191 0.127914 0.126298 0.110022 0.095054 0.115938 0.093755 0.098674 0.132612 0.084903 0.122917 0.048745 0.018447 0.033884 0.067750 0.082848 0.038114 0.089547 0.100679 0.039964 0.067285 0.077140 0.102600 0.087759 0.145654 0.130782 0.106934 0.074008 0.017185 0.055736 0.084435 0.085969 0.115625 0.103796 0.118089 0.104188 0.087856 0.107319 0.144399 0.123336 0.095029 0.027240 0.133339 0.114711 0.113702 0.033785 0.119588
 494000.023464 8.220216 0.061346 0.079821 0.082821 0.114120 0.131583 0.109116 0.059976 0.084431 0.100183 0.127783 0.103762 0.128802 0.126737 0.110287 0.080958 0.101991 0.089559 0.089118 0.130571 0.075235 0.123195 0.063545 0.034312 0.039616 0.078760 0.092913 0.040471 0.098447 0.112770 0.052011 0.080201 0.071875 0.100901 0.088210 0.147266 0.130384 0.106414 0.078537 0.019741 0.050931 0.089002 0.100037 0.118590 0.103832 0.120964 0.104240 0.086421 0.103762 0.145374 0.131591 0.105697 0.036380 0.138318 0.114226 0.113134 0.050148 0.121735
 495000.023511 6.252044 0.067140 0.087905 0.090137 0.119964 0.135065 0.116287 0.064359 0.088280 0.107990 0.129753 0.110686 0.127524 0.125084 0.109209 0.088989 0.109802 0.091215 0.094763 0.130262 0.080608 0.121461 0.054974 0.024163 0.037602 0.073292 0.089115 0.037300 0.094984 0.107493 0.046421 0.072166 0.075431 0.102193 0.089650 0.147493 0.131928 0.107581 0.077448 0.017216 0.054418 0.088274 0.093057 0.116840 0.105572 0.119899 0.105130 0.088366 0.105570 0.146203 0.127374 0.099697 0.031067 0.136632 0.114314 0.114696 0.042143 0.120025
 496000.023559 10.953214 0.067657 0.088599 0.089649 0.119343 0.132934 0.116515 0.061576 0.086539 0.108714 0.126385 0.110680 0.121497 0.119913 0.103229 0.090373 0.109347 0.085338 0.095899 0.126882 0.078344 0.118632 0.050353 0.024685 0.045645 0.069594 0.088088 0.028487 0.092194 0.103582 0.047261 0.066768 0.080358 0.104673 0.093503 0.146596 0.133309 0.109909 0.076673 0.022787 0.061116 0.089814 0.089558 0.117712 0.109101 0.120715 0.109479 0.092787 0.107999 0.146512 0.124853 0.094221 0.025209 0.136170 0.113824 0.116829 0.045282 0.115480
 497000.023606 6.287737 0.069231 0.081620 0.088803 0.112453 0.131272 0.109188 0.069853 0.093479 0.102398 0.128075 0.106866 0.136604 0.132099 0.119747 0.085746 0.102422 0.099381 0.096671 0.134156 0.082463 0.124854 0.066447 0.039563 0.033003 0.079870 0.090222 0.049561 0.096748 0.112904 0.049186 0.084773 0.062155 0.092078 0.079622 0.142031 0.123864 0.097365 0.073369 0.017265 0.040757 0.084386 0.100945 0.112680 0.095201 0.113561 0.095642 0.076113 0.096957 0.140874 0.128607 0.108283 0.036274 0.132835 0.107068 0.104533 0.048107 0.130267
 498000.023654 4.244429 0.066557 0.086217 0.090392 0.118348 0.133917 0.113178 0.069870 0.092420 0.105004 0.131383 0.108915 0.134798 0.130012 0.117484 0.085782 0.108577 0.099147 0.092655 0.132303 0.082139 0.123306 0.063698 0.028943 0.032160 0.082147 0.094370 0.049465 0.102370 0.114798 0.051579 0.080567 0.067169 0.096579 0.086941 0.147990 0.129572 0.103775 0.083016 0.014185 0.045226 0.090262 0.099819 0.112814 0.100528 0.116389 0.096422 0.082765 0.099347 0.144815 0.129311 0.107187 0.039487 0.135898 0.112226 0.112588 0.040705 0.126325
 499000.023701 15.586857 0.082491 0.102130 0.103123 0.129773 0.142307 0.128847 0.075135 0.095983 0.121531 0.134072 0.121153 0.125810 0.124932 0.108339 0.105591 0.121785 0.094317 0.108155 0.133543 0.091638 0.121983 0.038038 0.020153 0.037933 0.055858 0.073028 0.036064 0.078467 0.089604 0.030800 0.059146 0.082427 0.103845 0.086478 0.140486 0.128930 0.105939 0.064689 0.027183 0.063343 0.078715 0.075385 0.115240 0.104264 0.116275 0.107897 0.088765 0.110937 0.141685 0.116906 0.085995 0.019159 0.128731 0.112710 0.110782 0.032970 0.118217
 500000.023749 5.240349 0.069318 0.082425 0.089787 0.113534 0.131794 0.108937 0.073216 0.095361 0.102411 0.130102 0.106780 0.139784 0.134271 0.123223 0.085028 0.104363 0.103617 0.095143 0.134837 0.084282 0.125036 0.069763 0.039399 0.027088 0.084682 0.092522 0.056168 0.101512 0.116178 0.051382 0.087439 0.057168 0.088175 0.077500 0.141703 0.121937 0.095006 0.078293 0.015762 0.036086 0.084848 0.102949 0.109103 0.091701 0.110451 0.089426 0.072204 0.093368 0.139186 0.128042 0.111544 0.041787 0.131097 0.105782 0.102878 0.044852 0.132498
 501000.023796 3.542781 0.060965 0.081399 0.085533 0.115696 0.133117 0.109663 0.065092 0.088742 0.101024 0.130923 0.105132 0.134898 0.130466 0.116834 0.080710 0.104408 0.096959 0.088454 0.132631 0.077966 0.124021 0.067334 0.032292 0.033635 0.084866 0.097134 0.049956 0.105221 0.118025 0.054369 0.083117 0.068186 0.098838 0.088383 0.149971 0.130970 0.105832 0.085193 0.012960 0.045310 0.092267 0.103490 0.115616 0.102288 0.119388 0.098339 0.084638 0.100719 0.146370 0.132899 0.110590 0.041279 0.138977 0.114764 0.113895 0.044337 0.126553
 502000.023844 3.513139 0.074072 0.091166 0.095097 0.121560 0.138064 0.117631 0.074834 0.095463 0.109666 0.134202 0.110809 0.136765 0.133170 0.119670 0.092751 0.112281 0.101613 0.098683 0.136517 0.087230 0.125847 0.058914 0.029266 0.021577 0.074258 0.083691 0.050653 0.093460 0.106420 0.040128 0.077423 0.066250 0.094311 0.077925 0.141855 0.123295 0.098013 0.073024 0.012905 0.043326 0.080301 0.092118 0.110927 0.093519 0.112087 0.094112 0.076999 0.100251 0.139487 0.124234 0.103479 0.034468 0.130109 0.109853 0.104913 0.031895 0.127850
 503000.023891 5.417221 0.060426 0.083388 0.085633 0.115717 0.129855 0.111247 0.059647 0.085115 0.103726 0.125512 0.107029 0.124065 0.120125 0.105796 0.083937 0.105788 0.088139 0.089697 0.125079 0.075078 0.116190 0.058094 0.024892 0.042737 0.078852 0.094999 0.039596 0.101519 0.111586 0.053441 0.071432 0.075674 0.101762 0.094215 0.148330 0.133033 0.109213 0.085594 0.016025 0.056225 0.094145 0.096070 0.114508 0.107862 0.119218 0.103365 0.090967 0.103434 0.146231 0.127161 0.100890 0.033624 0.136954 0.113578 0.116977 0.043367 0.117135
 504000.023939 3.836581 0.072931 0.094540 0.096601 0.126009 0.140741 0.122008 0.071846 0.094186 0.113611 0.135542 0.114775 0.132531 0.129988 0.114740 0.094898 0.116310 0.097444 0.099552 0.135521 0.086027 0.125371 0.053122 0.021357 0.032824 0.072205 0.086170 0.043050 0.094042 0.105249 0.042168 0.070942 0.076026 0.102731 0.087991 0.147975 0.131702 0.107191 0.076906 0.013486 0.052976 0.086606 0.090059 0.116066 0.103679 0.118806 0.103010 0.087780 0.106899 0.146278 0.126219 0.099914 0.029065 0.135636 0.115846 0.114259 0.032454 0.124073
 505000.023986 3.536813 0.069678 0.088296 0.091607 0.120241 0.137129 0.116449 0.068655 0.091360 0.107974 0.132919 0.110272 0.133660 0.130990 0.115259 0.089935 0.109676 0.096372 0.096398 0.135237 0.082819 0.125704 0.057538 0.027743 0.030321 0.073842 0.085972 0.043724 0.093079 0.107382 0.042951 0.076666 0.071391 0.099758 0.084136 0.146222 0.128917 0.104138 0.073469 0.012949 0.048827 0.083883 0.094248 0.116586 0.100645 0.118237 0.101395 0.083413 0.104509 0.144819 0.128712 0.103229 0.030707 0.135799 0.113794 0.110476 0.038538 0.125261
 506000.024034 8.039998 0.078732 0.098763 0.100341 0.128430 0.142986 0.124975 0.077743 0.096886 0.116285 0.138018 0.115654 0.134925 0.132874 0.117459 0.099508 0.119267 0.101284 0.102586 0.137962 0.090415 0.127314 0.052212 0.024710 0.026401 0.069882 0.079440 0.049198 0.089504 0.101253 0.036104 0.071797 0.075132 0.100604 0.081881 0.143886 0.126729 0.103036 0.072462 0.019523 0.052423 0.079673 0.086576 0.114144 0.098051 0.115258 0.099652 0.083367 0.106846 0.142079 0.123876 0.099792 0.031552 0.131684 0.114671 0.109164 0.023743 0.124813
 507000.024081 7.271878 0.069376 0.090033 0.091354 0.121338 0.136054 0.117725 0.065631 0.088862 0.109720 0.130595 0.111227 0.126492 0.125122 0.108076 0.091371 0.110888 0.090266 0.096501 0.131305 0.081405 0.122485 0.051028 0.023290 0.037374 0.068740 0.084592 0.034103 0.089577 0.102158 0.042877 0.069405 0.077278 0.103080 0.089110 0.146150 0.131302 0.107667 0.073294 0.018567 0.056600 0.085630 0.089074 0.117395 0.105325 0.119615 0.106266 0.088989 0.107041 0.145436 0.125453 0.096157 0.025329 0.135309 0.114249 0.114011 0.039604 0.119329
 508000.024129 6.236723 0.072180 0.093731 0.095968 0.124038 0.139021 0.120866 0.071070 0.094549 0.113325 0.134206 0.115154 0.133356 0.130019 0.115230 0.094431 0.114533 0.097017 0.099713 0.135071 0.085553 0.125232 0.053622 0.022107 0.035112 0.072861 0.088080 0.042108 0.094487 0.106831 0.044306 0.072503 0.076783 0.103249 0.090113 0.149573 0.133308 0.108364 0.076875 0.017195 0.055211 0.088422 0.092403 0.117425 0.106006 0.120397 0.105173 0.089042 0.107039 0.148287 0.128194 0.100690 0.029000 0.137876 0.115486 0.115550 0.036226 0.125570
 509000.024176 4.172278 0.072968 0.091770 0.094976 0.121777 0.136729 0.118245 0.072109 0.094119 0.111181 0.132159 0.112529 0.132516 0.128946 0.115168 0.093462 0.113341 0.097971 0.098667 0.133029 0.086468 0.122541 0.054433 0.022935 0.028208 0.072384 0.084824 0.044812 0.093561 0.105071 0.041107 0.072231 0.070521 0.096787 0.083113 0.143394 0.126527 0.101697 0.075206 0.014064 0.049751 0.083483 0.089729 0.111513 0.098367 0.113652 0.097940 0.081859 0.101993 0.141594 0.123162 0.099818 0.030954 0.131342 0.110289 0.108674 0.031878 0.124592
 510000.024224 7.979821 0.062308 0.083818 0.085703 0.117222 0.132351 0.112217 0.060906 0.085732 0.104070 0.128125 0.107272 0.126340 0.123985 0.107878 0.083886 0.106293 0.088839 0.090471 0.128605 0.076855 0.121050 0.059262 0.027695 0.041878 0.077714 0.094086 0.036469 0.099365 0.111407 0.052533 0.074893 0.075760 0.103241 0.093178 0.149841 0.133948 0.109975 0.082226 0.019450 0.055467 0.092647 0.097292 0.118126 0.107878 0.121831 0.106130 0.090913 0.105121 0.147881 0.129895 0.102170 0.034283 0.139198 0.115301 0.117568 0.046819 0.119658
 511000.024271 3.278278 0.068156 0.084818 0.090227 0.116553 0.133474 0.112383 0.068928 0.092649 0.105575 0.130129 0.109394 0.134435 0.130049 0.116934 0.087069 0.107320 0.098372 0.095220 0.132789 0.083301 0.122861 0.062038 0.030414 0.029790 0.078456 0.090599 0.046919 0.098082 0.111536 0.047802 0.079278 0.065422 0.094462 0.083460 0.144778 0.127098 0.101129 0.077637 0.012466 0.044793 0.086660 0.097494 0.112275 0.098471 0.114669 0.096482 0.079914 0.098737 0.142884 0.127215 0.105213 0.035589 0.133667 0.109345 0.108507 0.041972 0.127332
 512000.024319 4.105815 0.071257 0.083566 0.090780 0.113822 0.131960 0.109520 0.074382 0.095613 0.102706 0.129628 0.106189 0.138500 0.133533 0.122583 0.086579 0.104471 0.103311 0.096560 0.134796 0.084536 0.124699 0.067677 0.039602 0.025749 0.081338 0.088769 0.055451 0.097881 0.112307 0.047977 0.085295 0.056450 0.086831 0.074142 0.138433 0.118863 0.092105 0.074660 0.013951 0.033660 0.081457 0.099322 0.107236 0.088595 0.107840 0.087708 0.069859 0.092623 0.135988 0.124729 0.108624 0.039067 0.127588 0.104122 0.100005 0.042393 0.131085
 513000.024366 5.789471 0.065190 0.087687 0.089399 0.118947 0.132999 0.114290 0.065248 0.088836 0.106958 0.129070 0.108929 0.128163 0.124415 0.110070 0.087284 0.109498 0.092468 0.092172 0.128415 0.080065 0.119649 0.056992 0.022271 0.036693 0.077519 0.092017 0.041892 0.099838 0.110192 0.049338 0.072401 0.074898 0.101148 0.091251 0.148197 0.131527 0.107707 0.083410 0.016567 0.054889 0.091070 0.094566 0.114188 0.105168 0.118194 0.101899 0.089025 0.103628 0.145621 0.127071 0.101759 0.034090 0.136377 0.113854 0.115502 0.036961 0.120387
 514000.024414 7.617479 0.077507 0.098980 0.099829 0.128323 0.141091 0.125014 0.075110 0.095335 0.116765 0.135386 0.116116 0.130062 0.128053 0.112792 0.099526 0.119710 0.097278 0.102139 0.134105 0.088387 0.123871 0.047876 0.019815 0.033102 0.068022 0.080230 0.043988 0.089468 0.099344 0.037443 0.066412 0.078037 0.101931 0.085835 0.143796 0.128580 0.105342 0.074359 0.019003 0.056569 0.082515 0.083579 0.113706 0.101248 0.115513 0.101942 0.086934 0.107841 0.142550 0.121534 0.095536 0.027407 0.131183 0.114333 0.111863 0.025081 0.120940
 515000.024461 5.487753 0.072752 0.092814 0.095333 0.124625 0.140985 0.119950 0.074404 0.094677 0.110882 0.137368 0.112015 0.138178 0.135152 0.120397 0.092285 0.114607 0.101873 0.097155 0.138219 0.087069 0.128502 0.060958 0.028363 0.023877 0.077705 0.087537 0.051991 0.097527 0.110505 0.043663 0.079760 0.070159 0.098829 0.081912 0.147013 0.127842 0.102880 0.077308 0.016129 0.046392 0.083503 0.095578 0.115076 0.097936 0.117078 0.098108 0.081336 0.103829 0.143978 0.129149 0.107120 0.038614 0.135261 0.114932 0.109969 0.033643 0.128247
 516000.024509 3.402975 0.068489 0.087365 0.091656 0.119014 0.134866 0.113858 0.071761 0.093346 0.106157 0.132098 0.108986 0.135807 0.130935 0.118720 0.087335 0.109869 0.100882 0.093760 0.132939 0.084222 0.123059 0.063818 0.029346 0.026885 0.081726 0.092252 0.052460 0.102265 0.113811 0.049039 0.079973 0.065315 0.094207 0.083061 0.145295 0.126190 0.100652 0.082499 0.012701 0.043408 0.087406 0.098021 0.110201 0.096886 0.113383 0.093175 0.079502 0.098007 0.141766 0.126907 0.107414 0.040352 0.132911 0.110645 0.108972 0.036527 0.126992
 517000.024556 4.211430 0.066399 0.087796 0.090519 0.119242 0.134210 0.115233 0.066101 0.089777 0.107439 0.129858 0.110082 0.129527 0.125478 0.111313 0.088550 0.109412 0.093875 0.093937 0.130133 0.080825 0.120342 0.056081 0.022662 0.035295 0.075461 0.090374 0.042028 0.097466 0.108769 0.047341 0.072196 0.074154 0.101099 0.090199 0.148012 0.131573 0.107092 0.080678 0.014130 0.053067 0.089985 0.093765 0.114551 0.104710 0.118356 0.101742 0.087961 0.103897 0.145879 0.126860 0.100734 0.032298 0.136129 0.113922 0.114662 0.037493 0.121497
 518000.024604 3.141948 0.073622 0.090557 0.094450 0.121697 0.138609 0.117814 0.073087 0.094234 0.109468 0.134408 0.110843 0.135259 0.132603 0.117715 0.092938 0.111473 0.099580 0.099074 0.137222 0.085601 0.126424 0.057192 0.030006 0.026227 0.071549 0.081803 0.047795 0.090157 0.103738 0.039296 0.075899 0.068783 0.096884 0.079435 0.142366 0.124893 0.100161 0.070469 0.012205 0.045514 0.079963 0.090674 0.113474 0.095682 0.114206 0.097007 0.079338 0.102824 0.140754 0.124772 0.101583 0.029854 0.131111 0.111521 0.106065 0.034303 0.126516
 519000.024651 1.432782 0.069790 0.088986 0.092295 0.120669 0.136354 0.116766 0.069339 0.091690 0.108139 0.132040 0.110397 0.132099 0.129023 0.114397 0.090377 0.110603 0.096206 0.096463 0.133641 0.082053 0.123830 0.056854 0.026540 0.031686 0.074456 0.086213 0.044927 0.094082 0.106917 0.043750 0.075006 0.070093 0.097700 0.083737 0.144287 0.127599 0.102635 0.075021 0.008242 0.047797 0.084155 0.092845 0.113769 0.099308 0.115669 0.098850 0.082210 0.102786 0.142878 0.125975 0.101832 0.029721 0.133119 0.111931 0.109525 0.037055 0.123703
 520000.024699 4.433986 0.071557 0.091219 0.094622 0.122471 0.137615 0.117199 0.075247 0.095673 0.109060 0.135184 0.111272 0.137261 0.133321 0.120211 0.090493 0.113033 0.102554 0.096089 0.135761 0.086006 0.126396 0.062224 0.029245 0.026864 0.080560 0.089899 0.052828 0.099099 0.111335 0.047899 0.080364 0.066942 0.095477 0.083303 0.145960 0.127235 0.101714 0.080187 0.014498 0.044605 0.086169 0.096862 0.111946 0.097216 0.114334 0.094391 0.080194 0.099926 0.142919 0.127592 0.106699 0.038829 0.133410 0.112098 0.110021 0.034668 0.128125
 521000.024746 4.091315 0.067903 0.087979 0.091252 0.118728 0.132930 0.115347 0.065865 0.090204 0.108409 0.127816 0.111381 0.127048 0.123252 0.109398 0.089808 0.109986 0.092492 0.095880 0.128160 0.081693 0.118362 0.054389 0.022276 0.037117 0.073906 0.089555 0.038876 0.096227 0.107297 0.046781 0.070154 0.073059 0.098866 0.089164 0.145379 0.130100 0.105347 0.079216 0.013927 0.053298 0.088934 0.091831 0.112649 0.103874 0.116148 0.101391 0.086638 0.102283 0.144106 0.124078 0.098419 0.029579 0.133667 0.110808 0.112908 0.039268 0.120197
 522000.024794 6.365055 0.072806 0.094454 0.096101 0.124897 0.138544 0.121189 0.071527 0.093285 0.113405 0.133460 0.114470 0.130694 0.127480 0.113035 0.094654 0.116296 0.096588 0.098307 0.132372 0.086497 0.122198 0.052338 0.017817 0.031260 0.071875 0.086368 0.043269 0.094729 0.105121 0.042387 0.069768 0.074827 0.100429 0.087351 0.146243 0.130053 0.105585 0.077970 0.017371 0.054213 0.086076 0.088903 0.113385 0.102640 0.116648 0.101435 0.086290 0.104866 0.144054 0.123848 0.098355 0.032550 0.133444 0.113352 0.113016 0.032263 0.122188
 523000.024841 5.646508 0.072272 0.091984 0.094494 0.123328 0.138898 0.120153 0.069325 0.092291 0.111890 0.133515 0.114001 0.131053 0.129097 0.112770 0.093843 0.113106 0.094772 0.099427 0.135023 0.084394 0.125166 0.052406 0.024199 0.033897 0.069105 0.083890 0.039100 0.089361 0.103062 0.041159 0.072102 0.074943 0.101779 0.086627 0.146285 0.130912 0.106146 0.071116 0.016361 0.053490 0.083908 0.090067 0.117444 0.103659 0.119323 0.104835 0.086256 0.106672 0.145772 0.126398 0.098198 0.025885 0.135348 0.114074 0.112281 0.039383 0.123321
 524000.024889 8.596506 0.058289 0.080055 0.082028 0.114343 0.130108 0.109789 0.055652 0.082472 0.100670 0.125813 0.104600 0.124428 0.121825 0.105325 0.080978 0.102415 0.085127 0.088222 0.127270 0.071456 0.119773 0.061067 0.031314 0.046881 0.079602 0.096045 0.036467 0.100809 0.113373 0.055506 0.075880 0.077219 0.104726 0.095310 0.150125 0.134985 0.111534 0.083436 0.020187 0.057358 0.094586 0.099857 0.119963 0.109890 0.123615 0.108007 0.092852 0.106614 0.148855 0.131926 0.103413 0.033647 0.140971 0.116245 0.118410 0.051108 0.117812
 525000.024936 4.468630 0.066910 0.086506 0.089576 0.118475 0.133836 0.114356 0.065294 0.090026 0.106856 0.129479 0.109759 0.128972 0.126094 0.111111 0.087829 0.108280 0.092240 0.095054 0.131231 0.079906 0.122199 0.056631 0.026906 0.038139 0.074325 0.089991 0.038115 0.095406 0.107737 0.047933 0.073663 0.072738 0.099986 0.089316 0.146849 0.131210 0.106305 0.077317 0.014555 0.052428 0.089159 0.094071 0.115641 0.104387 0.118475 0.103084 0.086912 0.103431 0.145658 0.126672 0.100059 0.028715 0.135692 0.112166 0.113612 0.043528 0.122565
 526000.024984 2.244052 0.067645 0.085739 0.089726 0.117326 0.133290 0.113220 0.067108 0.090396 0.105777 0.129065 0.108541 0.130727 0.127225 0.113330 0.087463 0.107823 0.094928 0.094621 0.130911 0.081478 0.121425 0.058729 0.027447 0.031905 0.075728 0.088704 0.043346 0.096459 0.108924 0.045794 0.075470 0.068149 0.095889 0.083765 0.143663 0.126645 0.101560 0.076939 0.010314 0.046986 0.085541 0.094196 0.112116 0.098915 0.114503 0.097898 0.081517 0.100141 0.141768 0.125299 0.102290 0.032231 0.132524 0.109776 0.108953 0.039567 0.123376
 527000.025031 4.143665 0.067707 0.090314 0.092067 0.121792 0.135136 0.117358 0.067248 0.089995 0.109029 0.130654 0.110984 0.127646 0.124162 0.109910 0.090255 0.112209 0.093214 0.094398 0.129601 0.080493 0.119874 0.054169 0.020710 0.037416 0.074682 0.089290 0.042481 0.096860 0.106632 0.047351 0.069803 0.075121 0.101041 0.090466 0.146804 0.131364 0.107301 0.081209 0.014016 0.054369 0.089529 0.091001 0.113544 0.104476 0.117271 0.101231 0.088329 0.104546 0.144704 0.124582 0.098493 0.030946 0.134154 0.113810 0.114934 0.036071 0.119319
 528000.025079 10.053052 0.069695 0.085770 0.090054 0.116359 0.133171 0.113854 0.065228 0.090422 0.107633 0.128016 0.110963 0.129090 0.126255 0.110737 0.090095 0.106606 0.092268 0.097909 0.131497 0.082624 0.121533 0.055533 0.030526 0.037528 0.069772 0.086235 0.036796 0.089993 0.104361 0.044902 0.073394 0.073121 0.099691 0.087349 0.144739 0.129791 0.104968 0.071319 0.021831 0.054714 0.085907 0.092370 0.116455 0.104032 0.118378 0.104869 0.085688 0.104050 0.144648 0.125780 0.097951 0.028445 0.134786 0.110589 0.110712 0.046772 0.123509
 529000.025126 3.944760 0.073202 0.087805 0.093333 0.118394 0.135960 0.114628 0.073889 0.096139 0.107433 0.132606 0.109923 0.137899 0.134198 0.120870 0.090462 0.108883 0.101554 0.099236 0.136955 0.086075 0.127122 0.062076 0.034592 0.028028 0.077008 0.086482 0.049172 0.094502 0.109244 0.044118 0.081158 0.064656 0.093821 0.079039 0.142885 0.124399 0.098376 0.072760 0.013675 0.041840 0.082522 0.096406 0.112674 0.094534 0.113289 0.095365 0.077137 0.099457 0.141454 0.127101 0.106146 0.033497 0.132301 0.109177 0.105552 0.039385 0.130516
 530000.025174 9.456314 0.070896 0.090683 0.092687 0.122141 0.137444 0.119103 0.066583 0.089955 0.110897 0.131507 0.113128 0.128092 0.126181 0.109614 0.092637 0.111821 0.091870 0.097842 0.132574 0.083327 0.122829 0.051377 0.023619 0.036300 0.067429 0.084918 0.035168 0.089317 0.102443 0.042366 0.070090 0.076708 0.103008 0.088814 0.146662 0.131967 0.107454 0.071980 0.021173 0.056339 0.085607 0.089191 0.117773 0.105722 0.120347 0.106894 0.088264 0.107169 0.145980 0.125436 0.095713 0.028299 0.135531 0.114152 0.113803 0.042772 0.120790
 531000.025221 4.150417 0.074552 0.090942 0.095411 0.121467 0.138538 0.117371 0.075893 0.096456 0.109643 0.135147 0.111140 0.138689 0.135065 0.121514 0.092697 0.112085 0.103155 0.099146 0.137980 0.088042 0.127252 0.060520 0.031068 0.021093 0.075228 0.084284 0.051888 0.093748 0.107416 0.041073 0.079492 0.065442 0.094345 0.077675 0.142795 0.123763 0.098193 0.072794 0.014027 0.042241 0.080356 0.093638 0.111780 0.093457 0.112783 0.094060 0.076537 0.100237 0.140283 0.125692 0.104998 0.035435 0.131094 0.110287 0.105031 0.033443 0.129816
 532000.025269 7.362629 0.067281 0.091125 0.092459 0.123035 0.136240 0.118852 0.065451 0.089858 0.111159 0.131139 0.113771 0.126935 0.123768 0.108470 0.090835 0.113637 0.091731 0.095140 0.129448 0.081687 0.120217 0.053187 0.017637 0.040582 0.074649 0.092237 0.037141 0.098140 0.108272 0.049444 0.069009 0.079028 0.104950 0.095443 0.151211 0.136357 0.112022 0.083003 0.018683 0.059009 0.093295 0.092573 0.117218 0.110202 0.121838 0.106902 0.093257 0.107340 0.149511 0.127385 0.098341 0.031695 0.138694 0.116453 0.119786 0.040456 0.119568
 533000.025316 2.881581 0.069459 0.088440 0.092378 0.119762 0.135738 0.115767 0.069716 0.092636 0.108262 0.131738 0.110611 0.133509 0.129154 0.115692 0.089969 0.110597 0.098091 0.095954 0.132948 0.084075 0.122209 0.058469 0.025785 0.028706 0.076232 0.088572 0.047229 0.097439 0.109212 0.044870 0.075037 0.069410 0.097128 0.084617 0.145326 0.127766 0.102701 0.078633 0.011688 0.048099 0.086367 0.093979 0.112226 0.099506 0.115097 0.097278 0.082410 0.101440 0.143056 0.125804 0.103089 0.034262 0.133448 0.111537 0.109772 0.035341 0.125228
 534000.025364 7.867986 0.074081 0.096131 0.097447 0.126322 0.139068 0.123202 0.070817 0.093281 0.115269 0.132924 0.116570 0.127213 0.124609 0.109510 0.097094 0.117235 0.093949 0.100603 0.131765 0.085958 0.121185 0.046395 0.015208 0.037324 0.066286 0.084089 0.036552 0.089679 0.099732 0.041263 0.064168 0.079034 0.103590 0.091155 0.146467 0.132759 0.108547 0.075347 0.019313 0.058404 0.087323 0.084576 0.114998 0.106493 0.118349 0.105366 0.090408 0.107625 0.145516 0.121681 0.092062 0.025252 0.133337 0.114294 0.115805 0.034549 0.119462
 535000.025411 8.241510 0.066019 0.089457 0.090033 0.121603 0.134637 0.117587 0.062933 0.087025 0.108756 0.129228 0.111046 0.124166 0.121618 0.105668 0.089173 0.111467 0.088244 0.093364 0.127959 0.078548 0.119455 0.052560 0.019463 0.042532 0.073196 0.091018 0.034054 0.096473 0.106990 0.049077 0.068596 0.079234 0.104924 0.094674 0.149577 0.135139 0.111267 0.081212 0.019766 0.059159 0.091985 0.091763 0.117467 0.109375 0.121591 0.107506 0.092963 0.107635 0.148105 0.126647 0.096875 0.030505 0.137753 0.115898 0.118977 0.042594 0.116622
 536000.025459 6.271659 0.069008 0.087426 0.091030 0.118667 0.133979 0.114029 0.069678 0.092412 0.107038 0.130745 0.109959 0.132775 0.129089 0.115305 0.087946 0.109556 0.097295 0.094680 0.131780 0.083940 0.123088 0.060123 0.027716 0.031082 0.077722 0.090396 0.044689 0.097694 0.110379 0.047922 0.077795 0.068467 0.096348 0.085610 0.145906 0.128437 0.103166 0.078835 0.017243 0.048573 0.087436 0.096069 0.113072 0.100135 0.115677 0.098386 0.082548 0.100270 0.143671 0.127032 0.103717 0.036452 0.134285 0.110731 0.111126 0.040487 0.125392
 537000.025506 7.085517 0.071533 0.092343 0.094686 0.122480 0.136217 0.119254 0.068996 0.093020 0.112272 0.130921 0.114575 0.128399 0.125463 0.110678 0.093434 0.113334 0.093692 0.099267 0.131198 0.084270 0.121814 0.050963 0.020981 0.038978 0.070921 0.088087 0.035632 0.093015 0.104494 0.045300 0.068888 0.076933 0.102421 0.091794 0.147984 0.133219 0.108382 0.077063 0.018328 0.056657 0.089588 0.090167 0.115776 0.106975 0.119054 0.105419 0.090012 0.105686 0.147171 0.125056 0.096356 0.026143 0.135844 0.113404 0.116218 0.038960 0.121787
 538000.025554 8.998423 0.078563 0.096059 0.098662 0.124631 0.139989 0.122310 0.075107 0.095439 0.115218 0.133892 0.115132 0.132081 0.129980 0.114764 0.099057 0.116066 0.098399 0.103256 0.135448 0.090359 0.124078 0.049179 0.024489 0.024832 0.063509 0.076025 0.043682 0.084205 0.096829 0.031739 0.068960 0.073014 0.097726 0.079096 0.139744 0.123878 0.099758 0.065915 0.020654 0.052358 0.076327 0.082875 0.112154 0.096525 0.112893 0.099892 0.080577 0.104424 0.138803 0.119718 0.094751 0.027610 0.128112 0.109983 0.105193 0.029786 0.123758
 539000.025601 3.146931 0.061249 0.080986 0.084716 0.113977 0.130545 0.109418 0.061717 0.085967 0.101304 0.126979 0.104913 0.129118 0.125140 0.110885 0.082262 0.103408 0.092053 0.089321 0.128550 0.076558 0.119522 0.061700 0.028802 0.034500 0.079590 0.092615 0.044376 0.100144 0.112716 0.050369 0.077350 0.069303 0.097637 0.087029 0.145690 0.128461 0.103965 0.081070 0.012214 0.048553 0.088877 0.098326 0.113609 0.101675 0.116929 0.099062 0.083940 0.100503 0.143321 0.128401 0.104951 0.035914 0.135349 0.111718 0.111180 0.042717 0.121348
 540000.025649 2.547749 0.070555 0.086613 0.091783 0.117992 0.135112 0.113857 0.071562 0.094026 0.106284 0.131744 0.109348 0.135870 0.132211 0.118737 0.088646 0.108188 0.099761 0.097034 0.135111 0.084141 0.125486 0.061937 0.032526 0.028771 0.077553 0.088167 0.048083 0.095837 0.110096 0.045691 0.080284 0.064890 0.094131 0.080677 0.143508 0.125338 0.099378 0.074719 0.010990 0.042093 0.083876 0.096747 0.112433 0.096061 0.113836 0.095642 0.078151 0.098962 0.141714 0.127077 0.105619 0.033926 0.132614 0.109467 0.106860 0.040104 0.128267
 541000.025696 1.940723 0.070570 0.090067 0.093576 0.121664 0.137425 0.117503 0.071008 0.093874 0.109435 0.133439 0.111849 0.134128 0.130812 0.116482 0.091022 0.111664 0.098066 0.097690 0.135174 0.083834 0.125487 0.057748 0.026796 0.032268 0.075708 0.088243 0.044871 0.095582 0.108399 0.045247 0.075908 0.070989 0.099023 0.085948 0.146827 0.129706 0.104393 0.076766 0.009592 0.048197 0.086701 0.094408 0.114878 0.101105 0.117156 0.099891 0.084161 0.103187 0.145219 0.127579 0.103083 0.030222 0.135266 0.113138 0.111827 0.036924 0.126204
 542000.025744 3.339374 0.072536 0.091173 0.094405 0.121411 0.136143 0.117312 0.072461 0.093943 0.110191 0.131864 0.111478 0.132226 0.128857 0.115342 0.092281 0.112909 0.098259 0.097941 0.132513 0.086087 0.122499 0.056173 0.024856 0.028092 0.074088 0.085844 0.046026 0.095011 0.106169 0.042448 0.073260 0.068824 0.095274 0.082064 0.142483 0.125165 0.100324 0.076580 0.012582 0.047643 0.083474 0.090575 0.110166 0.096931 0.112286 0.096034 0.080544 0.100295 0.140208 0.122672 0.100823 0.032492 0.130178 0.109498 0.107929 0.031990 0.124279
 543000.025791 3.021735 0.066858 0.085808 0.089699 0.117898 0.134557 0.113112 0.067870 0.090972 0.105747 0.130837 0.108290 0.132813 0.129201 0.115229 0.086903 0.107796 0.096611 0.093910 0.132680 0.082121 0.122948 0.060563 0.028551 0.030551 0.077144 0.090249 0.045646 0.098060 0.110262 0.047089 0.076724 0.069212 0.097728 0.085239 0.146017 0.128122 0.103187 0.078930 0.011969 0.046907 0.087326 0.095741 0.113296 0.100108 0.116198 0.098255 0.083133 0.100833 0.143287 0.127099 0.104086 0.034723 0.134453 0.111957 0.110629 0.038535 0.125225
 544000.025839 4.409006 0.073853 0.092096 0.095709 0.123791 0.140260 0.118998 0.075612 0.096305 0.110400 0.136871 0.112246 0.137898 0.135318 0.120771 0.092462 0.113403 0.102206 0.098976 0.139023 0.087068 0.129361 0.060096 0.030735 0.026962 0.075849 0.086395 0.049417 0.094125 0.107834 0.043817 0.079555 0.068441 0.097659 0.081799 0.145928 0.127594 0.101951 0.074194 0.014457 0.043932 0.083435 0.094617 0.114777 0.097351 0.116207 0.097566 0.080525 0.102407 0.143583 0.127860 0.104855 0.034509 0.133960 0.113335 0.109524 0.036355 0.129196
 545000.025886 5.920920 0.069231 0.091973 0.092923 0.123710 0.137596 0.119604 0.067089 0.089647 0.111084 0.132269 0.112488 0.127873 0.125543 0.109658 0.091777 0.113930 0.092517 0.095515 0.131186 0.082623 0.121883 0.051812 0.017696 0.034805 0.071253 0.087136 0.038499 0.094093 0.104970 0.043778 0.069201 0.076906 0.103054 0.089810 0.147813 0.132262 0.108233 0.077852 0.016754 0.055760 0.087486 0.089567 0.116076 0.105417 0.119496 0.104620 0.089082 0.106750 0.145881 0.125511 0.097560 0.030811 0.135593 0.115333 0.115462 0.036384 0.119542
 546000.025934 7.808499 0.075044 0.097538 0.098147 0.127230 0.139430 0.123883 0.072464 0.093583 0.115576 0.133571 0.115454 0.128102 0.125288 0.110603 0.097860 0.118639 0.095139 0.100221 0.131695 0.086408 0.121208 0.048092 0.016642 0.035702 0.068895 0.083480 0.042408 0.092315 0.101114 0.040552 0.064747 0.078894 0.102640 0.088826 0.145027 0.130152 0.106856 0.077723 0.019240 0.058097 0.085801 0.084404 0.113301 0.103620 0.116290 0.102730 0.089005 0.107550 0.143385 0.121294 0.094790 0.028481 0.131986 0.114375 0.113819 0.027997 0.119150
 547000.025981 8.447262 0.077476 0.098058 0.099709 0.127195 0.140872 0.124729 0.074380 0.095123 0.116648 0.134439 0.116786 0.130389 0.127671 0.112938 0.099613 0.118633 0.097462 0.102678 0.133874 0.089287 0.122701 0.047160 0.018351 0.031213 0.065847 0.080445 0.042511 0.088720 0.099314 0.036005 0.065720 0.077461 0.101716 0.085553 0.143946 0.128704 0.104672 0.072818 0.020011 0.055855 0.082442 0.083389 0.113432 0.101692 0.115819 0.102534 0.086329 0.107069 0.142685 0.121082 0.094337 0.028399 0.131261 0.113577 0.111391 0.027793 0.121390
 548000.026029 2.781233 0.067520 0.083711 0.089072 0.115179 0.132728 0.111099 0.068520 0.091872 0.103921 0.129236 0.107019 0.134549 0.130232 0.117319 0.085970 0.105601 0.098017 0.094622 0.132628 0.082247 0.123024 0.063398 0.032739 0.030017 0.079635 0.090619 0.048271 0.099168 0.112707 0.047522 0.080245 0.065202 0.094268 0.081725 0.143667 0.125143 0.099607 0.077895 0.011483 0.042977 0.085739 0.098389 0.111770 0.096647 0.113802 0.095564 0.079105 0.098361 0.141462 0.127541 0.107042 0.036070 0.133236 0.109296 0.107112 0.040376 0.127225
 549000.026076 6.105487 0.075322 0.094706 0.097581 0.124936 0.139563 0.121817 0.073189 0.095783 0.114648 0.134373 0.116435 0.132398 0.129586 0.114774 0.096480 0.116013 0.097872 0.101884 0.135214 0.088025 0.124590 0.051210 0.021920 0.031803 0.068701 0.083910 0.040767 0.089979 0.102242 0.040506 0.070490 0.073821 0.099858 0.086376 0.145507 0.130171 0.104911 0.072552 0.017013 0.053304 0.084628 0.088177 0.114690 0.102549 0.116926 0.102517 0.085169 0.104951 0.144673 0.123652 0.096763 0.027053 0.133189 0.112203 0.111796 0.036255 0.125050
 550000.026124 9.450568 0.080023 0.094131 0.099249 0.123537 0.141011 0.120811 0.078944 0.099925 0.114031 0.136752 0.115778 0.139603 0.137062 0.122549 0.097954 0.114466 0.104281 0.105371 0.141287 0.091827 0.130075 0.058337 0.035239 0.025316 0.070171 0.079776 0.050154 0.086416 0.102160 0.038504 0.079402 0.066720 0.094454 0.076566 0.140883 0.123894 0.097748 0.064514 0.021167 0.045730 0.077253 0.091020 0.113915 0.094186 0.113437 0.097625 0.075888 0.102012 0.140518 0.124421 0.101806 0.031709 0.130061 0.108943 0.103222 0.040174 0.132233
 551000.026171 11.722717 0.075450 0.097109 0.097447 0.127043 0.139193 0.124081 0.070002 0.092125 0.116248 0.132202 0.116856 0.124015 0.122998 0.106436 0.098189 0.117782 0.090797 0.101495 0.131023 0.085703 0.121271 0.042903 0.016888 0.040525 0.062035 0.081404 0.030343 0.085569 0.095651 0.039820 0.061718 0.081394 0.104808 0.091438 0.145081 0.132825 0.109214 0.072000 0.023574 0.061598 0.085765 0.081228 0.116313 0.107490 0.118982 0.108479 0.091689 0.109408 0.144931 0.120002 0.088263 0.021988 0.132367 0.114090 0.116108 0.038023 0.117110
 552000.026219 3.287563 0.064530 0.081066 0.086386 0.113050 0.129416 0.107511 0.068094 0.090244 0.100221 0.127471 0.104082 0.133188 0.128463 0.116411 0.081885 0.103562 0.097921 0.090302 0.129602 0.079851 0.120972 0.066828 0.034552 0.030959 0.084064 0.093330 0.051510 0.102501 0.115123 0.052223 0.082623 0.061542 0.090828 0.081570 0.142217 0.123421 0.098159 0.082266 0.012484 0.040700 0.087136 0.100559 0.108784 0.094634 0.111125 0.090998 0.076989 0.094631 0.139204 0.126752 0.108580 0.040580 0.131167 0.107459 0.106502 0.041868 0.125404
 553000.026266 4.981538 0.071948 0.091525 0.093812 0.122358 0.137329 0.118568 0.069382 0.091804 0.111181 0.131963 0.112150 0.129317 0.127233 0.111655 0.093086 0.112975 0.094472 0.098253 0.132612 0.084943 0.122612 0.051830 0.022455 0.031622 0.069037 0.083530 0.039262 0.090740 0.102208 0.040092 0.069357 0.074002 0.100034 0.085298 0.144165 0.128296 0.104235 0.073591 0.015367 0.052665 0.083713 0.087648 0.113909 0.101229 0.116062 0.101761 0.085238 0.104530 0.142624 0.123035 0.096984 0.027566 0.132292 0.112288 0.110853 0.034039 0.121850
 554000.026314 6.547773 0.076052 0.093269 0.096666 0.121958 0.136509 0.120095 0.071863 0.094700 0.113044 0.130489 0.114558 0.129549 0.126674 0.112265 0.096669 0.113445 0.095297 0.102756 0.132643 0.086401 0.122103 0.049217 0.025017 0.035225 0.066435 0.080819 0.038490 0.087131 0.099841 0.038135 0.068634 0.073538 0.098202 0.084046 0.141556 0.126975 0.102151 0.069196 0.017618 0.053588 0.081955 0.085977 0.113028 0.100243 0.114242 0.101822 0.083593 0.104326 0.141864 0.121167 0.094637 0.021980 0.130420 0.109388 0.108617 0.036520 0.122612
 555000.026361 10.545821 0.078669 0.100135 0.101399 0.128640 0.141297 0.126275 0.075251 0.096441 0.118665 0.134688 0.118390 0.129997 0.126853 0.112639 0.101348 0.120783 0.097595 0.103957 0.133373 0.090421 0.121829 0.046259 0.017133 0.034623 0.066480 0.081963 0.042971 0.090835 0.099833 0.037633 0.063659 0.079737 0.103009 0.088145 0.144902 0.130030 0.106367 0.075826 0.022359 0.058944 0.084784 0.082707 0.113150 0.103607 0.116129 0.103423 0.088855 0.108114 0.143556 0.120458 0.093811 0.028657 0.131705 0.114123 0.113178 0.026510 0.121214
 556000.026409 3.748722 0.070570 0.089515 0.092786 0.121486 0.137914 0.116763 0.072048 0.093007 0.108038 0.134565 0.109755 0.136231 0.132617 0.118405 0.089772 0.111518 0.100207 0.095337 0.135743 0.084884 0.125692 0.060894 0.028192 0.024521 0.077515 0.087812 0.050532 0.097536 0.110238 0.044254 0.078743 0.068093 0.096990 0.081795 0.145570 0.126628 0.101648 0.077706 0.013331 0.045189 0.083938 0.095428 0.113229 0.097104 0.115443 0.096177 0.080321 0.101793 0.142516 0.127635 0.105880 0.037478 0.133768 0.112958 0.108827 0.034632 0.126709
 557000.026456 5.732443 0.060882 0.082960 0.086191 0.116842 0.132311 0.110896 0.063712 0.087523 0.102727 0.129598 0.107191 0.130680 0.126652 0.112527 0.081854 0.106241 0.094297 0.088372 0.129434 0.078048 0.121245 0.064373 0.028878 0.036674 0.083454 0.097149 0.046323 0.104327 0.116173 0.055096 0.079673 0.070735 0.099763 0.091360 0.150135 0.132634 0.107848 0.086253 0.016485 0.050099 0.093470 0.101333 0.115331 0.105221 0.119789 0.100314 0.087195 0.101263 0.146988 0.131159 0.107176 0.040579 0.138605 0.114612 0.116013 0.045180 0.122587
 558000.026504 7.636701 0.071999 0.092695 0.096381 0.122735 0.136519 0.118034 0.074643 0.096585 0.111314 0.133336 0.113376 0.134790 0.129161 0.117753 0.092897 0.114851 0.101971 0.097589 0.132472 0.087067 0.121337 0.060767 0.027615 0.034876 0.081200 0.092929 0.053417 0.103152 0.111945 0.050794 0.074756 0.072294 0.098432 0.089387 0.147575 0.129988 0.105440 0.086860 0.019027 0.052035 0.091882 0.094994 0.110491 0.101720 0.114613 0.095676 0.086084 0.101794 0.144336 0.125423 0.104463 0.039457 0.133890 0.113061 0.113553 0.032564 0.126178
 559000.026551 17.699160 0.084632 0.105164 0.105160 0.133508 0.146070 0.131098 0.079670 0.098259 0.123080 0.138794 0.121508 0.130404 0.130142 0.113440 0.106283 0.125218 0.098854 0.107748 0.137288 0.095171 0.126654 0.041767 0.019566 0.031597 0.058251 0.073573 0.041143 0.080992 0.091729 0.029570 0.063549 0.081579 0.104262 0.084393 0.142571 0.128722 0.105677 0.066308 0.028967 0.061035 0.077533 0.076630 0.115816 0.102053 0.116896 0.106513 0.087562 0.111071 0.141812 0.118841 0.089798 0.028511 0.129703 0.115028 0.111447 0.027940 0.121450
 560000.026599 18.495174 0.078685 0.102294 0.101641 0.130654 0.141434 0.128923 0.071315 0.093481 0.121404 0.132567 0.121124 0.121846 0.120494 0.104083 0.103530 0.122254 0.090200 0.105175 0.129896 0.088959 0.119130 0.037018 0.012883 0.045629 0.058933 0.081636 0.028929 0.086005 0.093800 0.039493 0.054134 0.088876 0.110187 0.096668 0.147248 0.136252 0.113538 0.075173 0.029611 0.068720 0.088910 0.077252 0.117449 0.112701 0.121315 0.113154 0.098177 0.113804 0.147268 0.118730 0.084634 0.022921 0.133837 0.117247 0.120474 0.035339 0.114660
 561000.026646 9.514769 0.076232 0.098432 0.099307 0.127164 0.139075 0.124476 0.072509 0.094577 0.117275 0.132515 0.117440 0.126790 0.124103 0.109452 0.099246 0.119167 0.094409 0.102295 0.130786 0.087960 0.120391 0.044702 0.013930 0.037700 0.066477 0.083414 0.037371 0.090647 0.099478 0.039911 0.062037 0.080523 0.103551 0.090830 0.145610 0.131607 0.107980 0.076746 0.021238 0.060215 0.087009 0.082915 0.113645 0.105882 0.116920 0.105102 0.090870 0.107849 0.144589 0.120437 0.092095 0.025674 0.132438 0.113852 0.115416 0.029414 0.119063
 562000.026694 6.895254 0.074674 0.095634 0.096947 0.126507 0.140091 0.123235 0.071049 0.093046 0.114792 0.134149 0.115824 0.128608 0.127021 0.110793 0.096646 0.117098 0.094253 0.100737 0.133716 0.085945 0.123875 0.048358 0.019596 0.035420 0.066917 0.082567 0.037472 0.088674 0.100334 0.039780 0.067612 0.077239 0.102526 0.087793 0.145562 0.131191 0.106944 0.072542 0.018080 0.056246 0.084224 0.085854 0.116215 0.104145 0.118372 0.105110 0.087816 0.107810 0.144921 0.123327 0.094612 0.025600 0.133466 0.114266 0.113616 0.036126 0.120717
 563000.026741 4.673886 0.074933 0.091428 0.094661 0.122004 0.138247 0.118463 0.072890 0.093584 0.110421 0.133407 0.111222 0.132929 0.131243 0.115681 0.093826 0.112318 0.097742 0.099881 0.135907 0.086229 0.125888 0.054859 0.029132 0.026288 0.069163 0.079485 0.044661 0.087552 0.101366 0.036931 0.074550 0.068698 0.095671 0.077629 0.140067 0.123279 0.098651 0.067484 0.014885 0.046745 0.077270 0.088397 0.112803 0.094619 0.112934 0.097809 0.078058 0.102496 0.138990 0.122807 0.099397 0.028581 0.129193 0.109765 0.104603 0.035225 0.124835
 564000.026789 6.793763 0.075997 0.096792 0.098853 0.127149 0.141774 0.123112 0.076503 0.096617 0.114739 0.137442 0.115307 0.136003 0.132825 0.118498 0.096654 0.118066 0.101842 0.100264 0.137129 0.089563 0.126555 0.055157 0.023078 0.025152 0.073211 0.084469 0.049682 0.094051 0.105473 0.040498 0.073985 0.072975 0.099667 0.083874 0.146136 0.128432 0.103766 0.076250 0.017946 0.050702 0.083407 0.090182 0.113638 0.099410 0.116043 0.098810 0.083412 0.104790 0.143549 0.125288 0.101657 0.035016 0.133270 0.114348 0.110886 0.028394 0.126235
 565000.026836 7.389599 0.070522 0.092895 0.095118 0.123405 0.136887 0.120157 0.068166 0.092538 0.113378 0.131333 0.115844 0.128254 0.124460 0.110052 0.093893 0.114799 0.094025 0.098457 0.130293 0.084938 0.119803 0.051114 0.016756 0.038098 0.071911 0.089801 0.037967 0.095759 0.105914 0.046330 0.067212 0.078281 0.103521 0.093691 0.149459 0.134765 0.110070 0.080559 0.018717 0.058521 0.091553 0.090126 0.115426 0.108712 0.119849 0.105570 0.091615 0.106374 0.148112 0.125033 0.096512 0.029768 0.136627 0.114588 0.117607 0.037716 0.121163
 566000.026884 5.847909 0.068576 0.090845 0.093259 0.121499 0.134790 0.117365 0.068396 0.091578 0.110251 0.130397 0.112710 0.128916 0.124594 0.111126 0.091023 0.113024 0.095123 0.095304 0.128995 0.083537 0.118987 0.055156 0.019653 0.035485 0.076168 0.090870 0.043661 0.098927 0.108673 0.047960 0.070506 0.074588 0.100329 0.090892 0.147590 0.131569 0.107234 0.083031 0.016650 0.054862 0.090583 0.092320 0.112638 0.104882 0.116945 0.100677 0.088233 0.103292 0.145296 0.124987 0.099946 0.034009 0.134819 0.113123 0.114963 0.035149 0.120818
 567000.026931 12.547996 0.079846 0.095516 0.099146 0.125232 0.142823 0.120604 0.083166 0.099965 0.111886 0.140315 0.111471 0.145015 0.141738 0.128144 0.096149 0.115785 0.109590 0.100898 0.143241 0.092904 0.132331 0.066428 0.038604 0.011950 0.079261 0.082830 0.062681 0.095526 0.109499 0.041551 0.086037 0.064173 0.093092 0.071556 0.141415 0.119853 0.094923 0.073195 0.024390 0.040332 0.075969 0.095887 0.111407 0.087608 0.111119 0.090284 0.071946 0.100546 0.137623 0.127051 0.110735 0.044722 0.129762 0.111449 0.101063 0.031076 0.134024
 568000.026979 6.661249 0.062590 0.077660 0.085522 0.110213 0.128833 0.104209 0.069290 0.092982 0.098264 0.128153 0.104036 0.138970 0.132438 0.122413 0.078819 0.100602 0.102622 0.089754 0.131972 0.081090 0.122708 0.074301 0.040501 0.032052 0.090453 0.100488 0.057703 0.109279 0.122656 0.058542 0.089413 0.058635 0.090580 0.084027 0.146178 0.125825 0.099255 0.087067 0.017770 0.037842 0.092498 0.108291 0.109925 0.096590 0.113453 0.090319 0.077286 0.092502 0.142145 0.131512 0.115159 0.047067 0.135162 0.108195 0.108151 0.048190 0.132069
 569000.027026 5.954325 0.069001 0.086288 0.091634 0.118254 0.135353 0.112121 0.075333 0.095634 0.104230 0.134166 0.107438 0.140947 0.135594 0.124245 0.085746 0.108668 0.105703 0.093076 0.136061 0.085588 0.126239 0.070288 0.036441 0.024165 0.086819 0.094674 0.059547 0.105319 0.117784 0.052637 0.086692 0.060928 0.091861 0.080550 0.145445 0.124484 0.098478 0.084272 0.016801 0.037525 0.087619 0.102846 0.109632 0.093493 0.112351 0.088975 0.075969 0.095508 0.140920 0.129284 0.112827 0.046255 0.133030 0.110507 0.107163 0.038790 0.131694
 570000.027074 10.363070 0.081108 0.098514 0.100550 0.127433 0.142215 0.124907 0.077131 0.096892 0.117269 0.136129 0.116881 0.132123 0.131371 0.115060 0.101162 0.118514 0.098667 0.105446 0.137590 0.091455 0.126908 0.047505 0.025747 0.027516 0.061629 0.073911 0.042087 0.080953 0.094303 0.030603 0.069134 0.074050 0.098625 0.079011 0.139593 0.124541 0.100461 0.062846 0.022165 0.053275 0.074986 0.081461 0.113906 0.096869 0.113761 0.101619 0.080993 0.106101 0.139363 0.119774 0.093574 0.024718 0.128100 0.110788 0.105796 0.031698 0.124058
 571000.027121 6.275990 0.074053 0.091918 0.095654 0.122852 0.139700 0.120028 0.070946 0.094792 0.112653 0.134251 0.114689 0.133511 0.131100 0.115313 0.095154 0.112632 0.096984 0.102005 0.137288 0.086306 0.126333 0.052950 0.027590 0.034599 0.068122 0.083628 0.039797 0.088750 0.102340 0.040512 0.071890 0.075449 0.102597 0.086969 0.146916 0.131384 0.106375 0.070371 0.017249 0.053302 0.084918 0.089785 0.117897 0.103905 0.119608 0.105128 0.086905 0.107207 0.146568 0.126278 0.098187 0.024068 0.135750 0.114310 0.112232 0.039391 0.126595
 572000.027169 12.071028 0.074429 0.097320 0.097838 0.126710 0.138498 0.123718 0.070317 0.093064 0.116773 0.132233 0.117907 0.125698 0.123420 0.107798 0.097814 0.118450 0.092619 0.100659 0.130056 0.087057 0.120300 0.045324 0.012689 0.039017 0.066576 0.085025 0.034311 0.090318 0.100063 0.042604 0.063447 0.081196 0.104644 0.093182 0.147467 0.134111 0.110332 0.076687 0.023922 0.062325 0.088360 0.084575 0.115851 0.108765 0.119465 0.107782 0.092475 0.108523 0.146680 0.122195 0.091738 0.027274 0.134555 0.114525 0.117454 0.035860 0.118502
 573000.027216 5.907507 0.072081 0.093283 0.095274 0.122955 0.136397 0.120031 0.068981 0.091990 0.112821 0.130508 0.114109 0.127219 0.124142 0.109411 0.094843 0.114378 0.093371 0.099063 0.129989 0.084563 0.119705 0.049006 0.017921 0.036452 0.069607 0.085032 0.038472 0.092366 0.102655 0.041877 0.065963 0.077326 0.101803 0.089290 0.145448 0.130625 0.106732 0.076844 0.016735 0.056861 0.086675 0.086920 0.113725 0.104543 0.116800 0.103409 0.088683 0.105960 0.144428 0.122749 0.095476 0.025976 0.133330 0.113012 0.113667 0.032480 0.119516
 574000.027264 4.102072 0.067539 0.088239 0.091461 0.120311 0.135862 0.115638 0.069021 0.091293 0.107419 0.132224 0.110138 0.133041 0.128910 0.115085 0.088360 0.110541 0.097654 0.093756 0.132391 0.083011 0.122529 0.059591 0.025083 0.030280 0.078231 0.090976 0.047334 0.099425 0.111145 0.047582 0.076145 0.070856 0.099069 0.087103 0.147771 0.129922 0.104998 0.081342 0.013945 0.048844 0.088531 0.095852 0.113645 0.101660 0.117229 0.098597 0.084583 0.102222 0.144840 0.127883 0.104271 0.037147 0.135612 0.113842 0.112763 0.036509 0.124141
 575000.027311 13.028894 0.079537 0.092288 0.098592 0.121471 0.139414 0.116437 0.085841 0.103537 0.108302 0.138477 0.109757 0.149076 0.143312 0.133375 0.092943 0.112639 0.114203 0.100877 0.142949 0.092967 0.132112 0.074477 0.045645 0.019364 0.088140 0.090593 0.068625 0.103529 0.117482 0.050423 0.092728 0.055888 0.086868 0.070804 0.140714 0.117704 0.090824 0.079618 0.024853 0.030694 0.081174 0.103512 0.107155 0.083874 0.107212 0.082745 0.067159 0.093778 0.136438 0.127833 0.116514 0.050009 0.128587 0.107532 0.099300 0.038070 0.139028
 576000.027359 2.115047 0.069213 0.088533 0.092537 0.119860 0.135553 0.115239 0.071216 0.093616 0.107536 0.132163 0.109898 0.134912 0.130315 0.117627 0.088955 0.110752 0.099588 0.095300 0.133238 0.083855 0.123245 0.060840 0.027259 0.030044 0.079514 0.090873 0.049361 0.100420 0.111895 0.047332 0.077334 0.068424 0.096699 0.084853 0.146250 0.127951 0.102666 0.081291 0.010013 0.046000 0.087873 0.096132 0.111850 0.098790 0.114823 0.095887 0.082243 0.100678 0.143443 0.127054 0.105533 0.036261 0.134082 0.111967 0.110743 0.034844 0.126459
 577000.027406 5.223067 0.072246 0.091403 0.093789 0.121265 0.135672 0.117626 0.070279 0.092357 0.110740 0.130804 0.111815 0.129585 0.126824 0.112154 0.092725 0.112497 0.095058 0.097868 0.131365 0.085203 0.121667 0.052144 0.021501 0.030143 0.069828 0.083746 0.040116 0.091358 0.102845 0.040368 0.070218 0.072085 0.097739 0.084246 0.143114 0.126900 0.102559 0.073888 0.015736 0.051999 0.083235 0.088023 0.112144 0.099742 0.114294 0.099892 0.083399 0.102595 0.141440 0.122278 0.097192 0.028557 0.131118 0.110259 0.109653 0.033417 0.122063
 578000.027454 4.202323 0.075020 0.094191 0.096633 0.123923 0.138497 0.120552 0.073205 0.094591 0.113024 0.133322 0.113292 0.131623 0.128879 0.114379 0.095796 0.115176 0.097528 0.100477 0.134020 0.087172 0.123373 0.051491 0.022410 0.028783 0.069170 0.081711 0.043644 0.090580 0.101696 0.037749 0.069530 0.072705 0.098189 0.082653 0.142469 0.126060 0.101841 0.073036 0.014114 0.051088 0.081719 0.086449 0.111899 0.098237 0.113582 0.098878 0.082783 0.103758 0.140877 0.121646 0.097526 0.027541 0.130265 0.111132 0.108524 0.028465 0.123392
 579000.027501 5.024462 0.065760 0.082346 0.088364 0.114352 0.131467 0.108969 0.070183 0.092654 0.102050 0.129750 0.106564 0.137007 0.131411 0.119929 0.083066 0.105091 0.101330 0.091522 0.132013 0.082789 0.122627 0.068404 0.034447 0.027863 0.085228 0.095232 0.053914 0.104308 0.117427 0.052890 0.084741 0.061284 0.091755 0.082694 0.145186 0.125600 0.099465 0.083268 0.015434 0.040442 0.088746 0.102747 0.110046 0.096164 0.113122 0.091674 0.077469 0.095052 0.141710 0.129010 0.110634 0.043473 0.133675 0.108864 0.107931 0.042875 0.128995
 580000.027549 5.419370 0.071331 0.092765 0.094224 0.123695 0.137225 0.119783 0.069137 0.091410 0.111964 0.131972 0.113196 0.127932 0.125550 0.110225 0.093256 0.114507 0.093604 0.097343 0.131210 0.084126 0.121587 0.050429 0.017902 0.033528 0.069664 0.085047 0.038407 0.091911 0.102570 0.042066 0.068161 0.075226 0.100740 0.087967 0.145408 0.130268 0.106043 0.075864 0.016029 0.054786 0.085861 0.087477 0.114040 0.103327 0.116936 0.102679 0.086961 0.105113 0.143846 0.122933 0.095769 0.028513 0.132911 0.112900 0.113278 0.034849 0.120179
