0.000000	45.1631 -131.846
1000.000047	48.2961 -135.732
2000.000095	46.3935 -124.553
3000.000142	47.9245 -125.745
4000.000190	48.0786 -134.584
5000.000237	41.9848 -142.276
6000.000285	52.5245 -134.893
7000.000332	53.9808 -131.783
8000.000380	45.5456 -134.105
9000.000427	39.1998 -127.652
10000.000475	53.0978 -126.366
11000.000522	52.6205 -133.683
12000.000570	51.6514 -134.619
13000.000617	49.6357 -125.479
14000.000665	55.7675 -125.395
15000.000712	46.6551 -117.362
16000.000760	55.7909 -134.418
17000.000807	40.7291 -133.368
18000.000855	46.9824 -132.679
19000.000902	47.4968 -116.375
20000.000950	52.4353 -135.186
21000.000997	47.1098 -137.002
22000.001045	42.3988 -129.846
23000.001092	52.6788 -137.96
24000.001140	41.0662 -131.064
25000.001187	41.5983 -138.944
26000.001235	53.5478 -135.656
27000.001282	41.4357 -132.933
28000.001330	43.2813 -119.94
29000.001377	53.8757 -138.153
30000.001425	47.0966 -137.626
31000.001472	44.5592 -124.492
32000.001520	41.442 -129.285
33000.001567	54.8143 -135.34
34000.001615	46.7301 -117.109
35000.001662	53.6528 -135.43
36000.001710	53.4351 -128.843
37000.001757	50.7935 -134.821
38000.001805	48.8112 -126.714
39000.001852	48.1097 -130.998
40000.001900	44.7633 -122.527
41000.001947	40.9316 -119.059
42000.001995	43.877 -127.787
43000.002042	58.7971 -138.261
44000.002090	36.3619 -137.169
45000.002137	43.7223 -131.491
46000.002185	42.9189 -132.524
47000.002232	51.6677 -132.644
48000.002280	41.2971 -135.821
49000.002327	49.219 -124.883
50000.002375	50.8854 -132.614
51000.002422	50.371 -127.204
52000.002470	54.1733 -129.55
53000.002517	48.7015 -134.555
54000.002565	45.9981 -129.406
55000.002612	52.9848 -122.407
56000.002660	41.2125 -130.789
57000.002707	51.0596 -130.834
58000.002755	45.0324 -120.497
59000.002802	43.3932 -127.917
60000.002850	38.6883 -127.994
61000.002897	47.1574 -138.118
62000.002945	44.8928 -130.259
63000.002992	50.6456 -131.79
64000.003040	45.5238 -127.722
65000.003087	46.916 -129.262
66000.003135	31.1896 -136.06
67000.003182	48.5563 -134.078
68000.003230	50.3822 -132.742
69000.003277	44.2869 -141.892
70000.003325	36.0629 -133.208
71000.003372	54.1924 -132.768
72000.003420	58.5526 -135.83
73000.003467	46.8341 -126.058
74000.003515	44.9239 -131.26
75000.003562	45.6746 -137.584
76000.003610	47.2223 -123.719
77000.003657	44.0557 -129.353
78000.003705	52.8724 -143.916
79000.003752	49.3861 -138.491
80000.003800	51.647 -132.182
81000.003847	50.3758 -128.158
82000.003895	52.5254 -132.273
83000.003942	53.711 -125.75
84000.003990	35.2499 -127.543
85000.004037	47.6807 -122.422
86000.004085	48.9271 -126.223
87000.004132	42.5005 -117.877
88000.004180	48.3251 -130.074
89000.004227	56.4059 -132.788
90000.004275	46.0353 -124.777
91000.004322	54.4015 -127.231
92000.004370	44.7158 -131.114
93000.004417	47.0552 -131.885
94000.004465	50.9699 -131.633
95000.004512	53.2275 -137.837
96000.004560	53.5651 -134.918
97000.004607	48.264 -134.137
98000.004655	51.8969 -137.407
99000.004702	40.728 -131.465
100000.004750	41.5565 -124.593
101000.004797	45.4332 -132.459
102000.004845	50.2702 -129.117
103000.004892	39.7444 -119.699
104000.004940	36.8425 -127.089
105000.004987	47.3124 -139.019
106000.005035	56.3294 -143.314
107000.005082	48.5354 -129.609
108000.005130	48.3036 -130.864
109000.005177	39.8862 -134.001
110000.005225	37.6912 -142.29
111000.005272	49.819 -122.361
112000.005320	43.8541 -122.255
113000.005367	46.1377 -120.775
114000.005415	50.863 -132.52
115000.005462	47.9244 -131.263
116000.005510	49.2796 -128.519
117000.005557	36.3144 -124.437
118000.005605	36.965 -128.437
119000.005652	47.3501 -133.677
120000.005700	43.2156 -135.924
