#! FIELDS time restraint.bias r0 r1 r2 r3 r4 r5 r6 r7 r8 r9 r10 r11 r12 r13 r14 r15 r16 r17 r18 r19 r20 r21 r22 r23 r24 r25 r26 r27 r28 r29 r30 r31 r32 r33 r34 r35 r36 r37 r38 r39 r40 r41 r42 r43 r44 r45 r46 r47 r48 r49 r50 r51 r52 r53 r54 r55 r56
 220000.010449 6.930823 0.074230 0.092045 0.095165 0.122083 0.138146 0.118491 0.073450 0.094478 0.110924 0.133818 0.111392 0.134706 0.131759 0.117219 0.093820 0.112965 0.099275 0.099239 0.135727 0.086853 0.125147 0.055648 0.026637 0.024301 0.071708 0.082034 0.047384 0.091591 0.104246 0.038177 0.074478 0.069382 0.096301 0.079359 0.142143 0.124279 0.099727 0.071957 0.013595 0.047501 0.079720 0.089823 0.112126 0.095539 0.113202 0.096885 0.079394 0.102410 0.140194 0.123870 0.101451 0.030768 0.130676 0.110608 0.106003 0.030232 0.126073
 221000.010497 3.390253 0.064759 0.082376 0.087319 0.115073 0.132425 0.110245 0.065914 0.090062 0.102937 0.129180 0.106352 0.132952 0.128884 0.115308 0.084235 0.104808 0.095883 0.092506 0.132095 0.079786 0.122398 0.062702 0.031059 0.032317 0.079059 0.091652 0.046033 0.099365 0.112112 0.049026 0.078815 0.066909 0.096282 0.084877 0.145558 0.127687 0.102446 0.079197 0.009508 0.045202 0.087981 0.098011 0.113167 0.099453 0.115869 0.097293 0.081893 0.099661 0.143167 0.127985 0.105601 0.034578 0.134671 0.110799 0.109661 0.042033 0.125847
 222000.010544 10.617949 0.078005 0.094592 0.097855 0.124924 0.141588 0.121035 0.078169 0.097101 0.112183 0.137553 0.112559 0.138052 0.136329 0.121056 0.096001 0.114911 0.103038 0.101712 0.140245 0.089218 0.130172 0.058211 0.032652 0.022298 0.072028 0.079353 0.051385 0.088520 0.103155 0.037232 0.078864 0.067846 0.095754 0.075591 0.141194 0.122869 0.097958 0.067888 0.016827 0.043649 0.076258 0.090651 0.113462 0.092481 0.113071 0.095842 0.076441 0.102870 0.139495 0.125074 0.103299 0.033065 0.129988 0.111612 0.104252 0.032428 0.128548
 223000.010592 14.127371 0.076039 0.093958 0.096147 0.124508 0.140090 0.121381 0.072384 0.093890 0.113432 0.134585 0.114204 0.131388 0.130492 0.113694 0.096187 0.114571 0.095843 0.101758 0.136519 0.086901 0.126777 0.050962 0.026813 0.031744 0.065528 0.079334 0.039142 0.084861 0.098871 0.037029 0.071624 0.074037 0.100132 0.082683 0.143018 0.127748 0.103308 0.066420 0.019410 0.052951 0.079661 0.086571 0.116450 0.100197 0.116989 0.103769 0.083473 0.106405 0.142655 0.123634 0.096142 0.025295 0.132021 0.112384 0.109170 0.038185 0.124007
 224000.010639 6.486012 0.073128 0.091730 0.095269 0.122278 0.138251 0.119432 0.070744 0.093938 0.111931 0.132753 0.113692 0.132339 0.129206 0.114566 0.094367 0.112825 0.096744 0.100468 0.134844 0.085528 0.123758 0.052604 0.024079 0.031785 0.069380 0.083953 0.041574 0.090882 0.103352 0.039946 0.070984 0.073039 0.099705 0.084990 0.144843 0.128950 0.103795 0.072213 0.013151 0.051233 0.083980 0.089173 0.114479 0.101336 0.116599 0.101732 0.084327 0.104694 0.143925 0.124237 0.098152 0.025785 0.133238 0.112134 0.110305 0.035888 0.124854
 225000.010687 7.649804 0.063810 0.086535 0.088284 0.118873 0.133331 0.114219 0.063735 0.087489 0.105867 0.129355 0.108415 0.127959 0.124553 0.109537 0.086341 0.108643 0.091559 0.091454 0.128966 0.078212 0.120368 0.057755 0.023430 0.037689 0.078086 0.092199 0.041793 0.099596 0.110835 0.049946 0.073479 0.074860 0.101700 0.091159 0.148435 0.131978 0.108143 0.082850 0.014283 0.053998 0.090807 0.095710 0.115526 0.105488 0.119227 0.102586 0.088993 0.104337 0.146248 0.128488 0.102698 0.033262 0.137253 0.114772 0.115578 0.038899 0.119816
 226000.010734 6.161139 0.073455 0.090873 0.094614 0.120165 0.134794 0.116773 0.072439 0.094458 0.110035 0.130451 0.111600 0.131561 0.128036 0.114649 0.093030 0.111882 0.097561 0.099166 0.132016 0.085659 0.121989 0.054455 0.025830 0.030349 0.072324 0.083737 0.044095 0.092081 0.104046 0.041273 0.072565 0.068884 0.094767 0.081860 0.141207 0.124735 0.099903 0.073822 0.012818 0.048539 0.082556 0.089434 0.110226 0.096662 0.111627 0.096357 0.080307 0.100497 0.140041 0.121931 0.099124 0.028465 0.129496 0.108212 0.107073 0.032915 0.124071
 227000.010782 8.872171 0.071844 0.088182 0.093740 0.117864 0.133701 0.113842 0.073990 0.095630 0.107594 0.130592 0.109970 0.135883 0.130124 0.119151 0.090482 0.110275 0.102532 0.097122 0.132154 0.086731 0.120724 0.063161 0.032105 0.027455 0.081042 0.089846 0.055027 0.100979 0.111892 0.047583 0.078255 0.064219 0.091314 0.080579 0.141468 0.122812 0.097509 0.081651 0.015382 0.044285 0.085550 0.095839 0.106824 0.093972 0.109282 0.090043 0.077038 0.096513 0.138753 0.123446 0.106190 0.039700 0.129254 0.107351 0.105009 0.033745 0.127628
 228000.010829 8.725220 0.065839 0.082473 0.087118 0.114194 0.130565 0.110017 0.065501 0.089605 0.102922 0.126898 0.106659 0.130211 0.126559 0.112915 0.084521 0.104238 0.093826 0.093353 0.129810 0.079687 0.121280 0.061528 0.031973 0.035633 0.077946 0.091296 0.042326 0.097641 0.111060 0.049543 0.078303 0.067196 0.095338 0.085198 0.144000 0.127048 0.101749 0.077730 0.015254 0.047116 0.087680 0.097511 0.112822 0.099858 0.115175 0.098593 0.081870 0.098881 0.142375 0.126810 0.103726 0.033851 0.133620 0.108949 0.109536 0.045304 0.123803
 229000.010877 4.576820 0.067748 0.087924 0.090808 0.118955 0.134057 0.115232 0.066971 0.090159 0.107344 0.129696 0.109394 0.129771 0.126217 0.111862 0.089193 0.109404 0.094061 0.095015 0.130600 0.081016 0.121020 0.056249 0.024553 0.034062 0.075529 0.088241 0.043228 0.096356 0.108193 0.045447 0.073061 0.072249 0.098850 0.086539 0.145148 0.128480 0.104169 0.078403 0.011048 0.050911 0.086605 0.093257 0.113313 0.101422 0.116014 0.099847 0.084899 0.102833 0.143457 0.125998 0.101694 0.030277 0.134063 0.112082 0.111275 0.035502 0.121727
 230000.010924 6.896607 0.069429 0.085067 0.090404 0.116562 0.133930 0.112497 0.070258 0.093042 0.104953 0.130661 0.108420 0.135764 0.131945 0.118520 0.087194 0.106881 0.099051 0.095863 0.134269 0.083071 0.125116 0.063610 0.033986 0.030258 0.079195 0.089313 0.048694 0.097097 0.111817 0.047299 0.082065 0.064294 0.093683 0.080630 0.143382 0.125258 0.099332 0.075260 0.013561 0.042592 0.084159 0.098547 0.112842 0.096110 0.114103 0.095996 0.077823 0.098866 0.141758 0.128157 0.107057 0.035884 0.133165 0.109202 0.106669 0.042919 0.128300
 231000.010972 5.155423 0.070197 0.085961 0.091564 0.117595 0.135139 0.113310 0.072024 0.094473 0.105915 0.132329 0.109149 0.137901 0.133393 0.120446 0.088285 0.108108 0.101354 0.096268 0.135805 0.084564 0.125472 0.064076 0.033241 0.025884 0.079454 0.088917 0.051699 0.097724 0.111771 0.046589 0.082065 0.063117 0.092901 0.079792 0.143505 0.124795 0.098726 0.076069 0.011725 0.041497 0.083958 0.098188 0.111831 0.094935 0.113317 0.093810 0.076640 0.098330 0.141440 0.127585 0.107534 0.036753 0.132609 0.109089 0.105578 0.040204 0.129973
 232000.011019 2.888237 0.067666 0.084994 0.089995 0.116873 0.133974 0.112432 0.069940 0.092756 0.104289 0.131220 0.107641 0.135782 0.131528 0.118347 0.086344 0.106526 0.099139 0.094701 0.134374 0.081336 0.124949 0.063481 0.032984 0.031290 0.080544 0.090765 0.049646 0.098724 0.112577 0.048691 0.081247 0.065792 0.095281 0.083187 0.145176 0.126788 0.101076 0.078239 0.008776 0.042710 0.086708 0.099173 0.113044 0.097675 0.115032 0.095630 0.079968 0.099406 0.143090 0.128948 0.107456 0.035114 0.134378 0.110973 0.108828 0.040392 0.127733
 233000.011067 2.691970 0.066425 0.084310 0.089823 0.116160 0.133079 0.112146 0.068350 0.092350 0.104148 0.129814 0.108235 0.134549 0.129502 0.117054 0.086467 0.105936 0.098109 0.094783 0.133008 0.079812 0.122930 0.063485 0.033083 0.036015 0.081321 0.092463 0.049762 0.100306 0.113340 0.050832 0.079815 0.067861 0.096649 0.086164 0.145991 0.128590 0.102990 0.080551 0.008473 0.045416 0.089462 0.099436 0.113305 0.100188 0.115890 0.096838 0.082581 0.100411 0.144397 0.129012 0.106942 0.034046 0.135277 0.111534 0.110463 0.041931 0.126770
 234000.011114 4.463201 0.070671 0.089415 0.093232 0.120759 0.136603 0.116368 0.072290 0.093710 0.108109 0.133059 0.110388 0.135320 0.131283 0.118055 0.090135 0.111338 0.099988 0.096099 0.134437 0.084792 0.124384 0.060185 0.027614 0.026259 0.077433 0.088093 0.049752 0.097402 0.109819 0.044819 0.077901 0.066885 0.095291 0.081757 0.144279 0.126005 0.100541 0.077507 0.010910 0.044315 0.084407 0.094810 0.111539 0.096612 0.113829 0.095163 0.079456 0.100069 0.141712 0.125991 0.104696 0.035854 0.132366 0.110878 0.108096 0.035040 0.126460
 235000.011162 7.137709 0.068223 0.088634 0.091284 0.119164 0.133548 0.116084 0.065559 0.089757 0.108334 0.128025 0.110361 0.126813 0.123374 0.109127 0.090349 0.109871 0.091505 0.096325 0.128827 0.080271 0.119302 0.053740 0.023926 0.039578 0.073761 0.088752 0.038957 0.096039 0.107001 0.046028 0.069538 0.075425 0.100842 0.089410 0.145522 0.130180 0.106044 0.079010 0.013796 0.054359 0.088735 0.091464 0.113928 0.104139 0.116962 0.102748 0.088094 0.104526 0.144471 0.124852 0.098881 0.027427 0.134405 0.112448 0.113456 0.037725 0.119539
 236000.011209 8.779231 0.078348 0.094328 0.098021 0.123573 0.140087 0.120965 0.076726 0.097327 0.112956 0.135260 0.113255 0.136905 0.134466 0.119710 0.097152 0.114438 0.101256 0.103581 0.138787 0.088696 0.128218 0.056079 0.031847 0.027266 0.071237 0.079241 0.049133 0.088740 0.103170 0.036305 0.076557 0.069151 0.095707 0.076485 0.140395 0.122812 0.097871 0.067539 0.015301 0.046441 0.076687 0.089960 0.113047 0.093573 0.112540 0.097231 0.077527 0.103363 0.139862 0.124321 0.102510 0.028040 0.130045 0.110105 0.103706 0.032031 0.128341
 237000.011257 9.679204 0.062086 0.082066 0.086680 0.114190 0.129811 0.109278 0.063686 0.089349 0.103406 0.126862 0.107654 0.130121 0.124793 0.112328 0.083318 0.105258 0.094250 0.090754 0.127737 0.079291 0.117940 0.063077 0.028503 0.037637 0.082170 0.097011 0.045685 0.104510 0.115190 0.054459 0.076764 0.069862 0.097665 0.091337 0.148294 0.131245 0.106245 0.086454 0.016066 0.051402 0.094231 0.099547 0.112398 0.104558 0.117066 0.098815 0.086597 0.099442 0.145525 0.128034 0.105220 0.038089 0.136530 0.111061 0.114095 0.043877 0.123730
 238000.011304 7.281104 0.069792 0.089339 0.092635 0.119632 0.134850 0.115623 0.070697 0.092545 0.108221 0.131015 0.109987 0.132998 0.128504 0.115523 0.090173 0.110861 0.098206 0.095358 0.131607 0.084394 0.121379 0.058302 0.024761 0.027920 0.076834 0.088303 0.048396 0.097960 0.109277 0.044770 0.074929 0.069457 0.096376 0.083913 0.144397 0.126413 0.101722 0.079443 0.013934 0.048389 0.085571 0.093540 0.110795 0.098348 0.113699 0.096116 0.081866 0.100590 0.141664 0.125025 0.103231 0.035574 0.132408 0.110854 0.109232 0.032048 0.124287
 239000.011352 5.829405 0.063218 0.082425 0.086690 0.116029 0.132585 0.110363 0.066313 0.089341 0.101942 0.130240 0.106118 0.133520 0.129384 0.115753 0.082313 0.105396 0.096749 0.089931 0.131746 0.079038 0.123143 0.065291 0.031326 0.032326 0.082788 0.094464 0.048597 0.102208 0.115242 0.052431 0.081859 0.066074 0.096123 0.086102 0.147141 0.128825 0.103413 0.082400 0.012468 0.044469 0.089631 0.101123 0.113622 0.100129 0.116794 0.096642 0.081964 0.099078 0.144151 0.130122 0.108087 0.039579 0.135960 0.112102 0.111507 0.043928 0.125364
 240000.011399 5.609516 0.072720 0.092343 0.095981 0.123376 0.138675 0.119079 0.073931 0.096292 0.111624 0.134992 0.113924 0.136007 0.132359 0.118653 0.092676 0.114285 0.100957 0.099077 0.135926 0.086947 0.126135 0.058316 0.025970 0.029881 0.076997 0.089047 0.047280 0.097044 0.109402 0.045501 0.076694 0.070217 0.098142 0.085710 0.147407 0.129814 0.104100 0.078273 0.012231 0.047902 0.087067 0.094744 0.113915 0.100685 0.116473 0.098702 0.083422 0.102428 0.145365 0.127453 0.103980 0.033412 0.135069 0.112912 0.112091 0.035235 0.127964
 241000.011447 6.970009 0.072912 0.088185 0.093530 0.118750 0.135693 0.114409 0.075845 0.095800 0.106191 0.132966 0.108298 0.138978 0.134147 0.122329 0.089886 0.109686 0.104064 0.097005 0.135939 0.086230 0.125274 0.065504 0.035594 0.023070 0.081190 0.087664 0.057175 0.099030 0.112112 0.045758 0.082911 0.060809 0.089958 0.075298 0.140214 0.120331 0.094511 0.077290 0.013633 0.037639 0.081214 0.097371 0.108006 0.089639 0.109043 0.088479 0.072567 0.096224 0.137386 0.125092 0.108750 0.040237 0.128740 0.107630 0.101987 0.035277 0.129626
 242000.011494 13.988315 0.075335 0.097505 0.097730 0.127568 0.139848 0.123590 0.073089 0.093440 0.115398 0.134426 0.115156 0.128266 0.126685 0.110982 0.097105 0.118730 0.095217 0.099732 0.132472 0.087106 0.123233 0.048052 0.016396 0.033065 0.068003 0.082220 0.040217 0.090142 0.100068 0.039403 0.066596 0.077476 0.101837 0.087151 0.144802 0.129623 0.106162 0.075253 0.019314 0.056596 0.083782 0.084350 0.114036 0.102500 0.116403 0.102901 0.087532 0.106899 0.142988 0.121803 0.094768 0.028844 0.131814 0.114069 0.113445 0.029066 0.119666
 243000.011542 9.766860 0.075315 0.094424 0.096891 0.124161 0.139200 0.120956 0.073126 0.094886 0.113754 0.133899 0.114205 0.132253 0.129664 0.114747 0.096223 0.115297 0.097669 0.100947 0.134895 0.087775 0.124176 0.050878 0.021976 0.028007 0.067828 0.081159 0.042548 0.089076 0.100798 0.037069 0.069757 0.073336 0.098980 0.083263 0.143276 0.127176 0.102725 0.071363 0.016138 0.052246 0.081633 0.086351 0.113222 0.099451 0.114883 0.100570 0.083396 0.104598 0.141944 0.122273 0.096886 0.027311 0.131191 0.111603 0.109151 0.030634 0.124368
 244000.011589 5.132595 0.066807 0.083742 0.089168 0.116119 0.133515 0.111349 0.069108 0.092161 0.103761 0.130636 0.107600 0.135390 0.131124 0.118022 0.085264 0.106020 0.099044 0.093755 0.133529 0.082175 0.124047 0.064165 0.032542 0.029871 0.080595 0.091911 0.048781 0.099586 0.113249 0.049313 0.081320 0.064987 0.094981 0.083448 0.145593 0.127082 0.101155 0.078954 0.011699 0.042328 0.087375 0.099504 0.112713 0.098019 0.115209 0.095726 0.079916 0.098421 0.143086 0.128757 0.107331 0.037443 0.134520 0.110603 0.109048 0.041858 0.127786
 245000.011637 14.603698 0.068359 0.090098 0.091275 0.121372 0.135469 0.118202 0.063758 0.088217 0.110288 0.129497 0.112115 0.125410 0.123176 0.106722 0.091236 0.111662 0.089027 0.096112 0.129344 0.080899 0.120316 0.051197 0.020629 0.040449 0.070768 0.088193 0.033372 0.093946 0.105394 0.045421 0.068165 0.079127 0.104464 0.092147 0.148145 0.133470 0.109737 0.077688 0.019734 0.059164 0.089054 0.090420 0.117649 0.108078 0.120944 0.107888 0.091530 0.107998 0.147266 0.126318 0.096910 0.027696 0.137148 0.115081 0.116505 0.041030 0.118266
 246000.011684 10.053435 0.074622 0.095894 0.097688 0.126772 0.142252 0.123802 0.072277 0.094805 0.115133 0.136612 0.116016 0.133742 0.131522 0.115405 0.096986 0.116626 0.097257 0.101733 0.137698 0.086570 0.127375 0.051436 0.022494 0.034050 0.069748 0.084104 0.041934 0.091116 0.103812 0.039918 0.071126 0.078372 0.104854 0.088130 0.148792 0.132712 0.108230 0.073334 0.016374 0.055149 0.085188 0.089652 0.118809 0.104988 0.120929 0.106187 0.088911 0.109586 0.147922 0.127814 0.099685 0.025753 0.137399 0.117185 0.114532 0.033610 0.125197
 247000.011732 3.949240 0.062386 0.080402 0.085960 0.113151 0.129566 0.108292 0.064976 0.089686 0.100622 0.126733 0.105513 0.131592 0.126475 0.114564 0.081764 0.102966 0.095350 0.090939 0.129353 0.077155 0.120361 0.065195 0.032863 0.037922 0.083263 0.096268 0.047156 0.103484 0.115789 0.054391 0.080299 0.065989 0.095204 0.087769 0.146168 0.128767 0.102935 0.083675 0.010262 0.044714 0.092180 0.101223 0.111967 0.100873 0.115507 0.096369 0.082761 0.097625 0.143801 0.128542 0.106898 0.036858 0.135099 0.109894 0.111561 0.045879 0.124720
 248000.011779 11.047505 0.075083 0.093583 0.097442 0.123753 0.139138 0.118965 0.078956 0.098776 0.110871 0.136749 0.112480 0.140479 0.135873 0.123678 0.093124 0.114915 0.106110 0.098886 0.137779 0.089180 0.127758 0.063699 0.031869 0.025439 0.081809 0.089710 0.056685 0.100368 0.112617 0.047163 0.081793 0.066479 0.094837 0.081460 0.145654 0.125842 0.100209 0.080846 0.017164 0.043334 0.085463 0.097458 0.110984 0.095128 0.113021 0.092472 0.078863 0.099772 0.142374 0.127684 0.108791 0.040892 0.132956 0.112000 0.108708 0.031426 0.130738
 249000.011827 6.981141 0.072458 0.086978 0.093107 0.117812 0.135104 0.113686 0.075195 0.096702 0.105878 0.132483 0.109351 0.139193 0.134699 0.122726 0.089017 0.108235 0.103407 0.098192 0.136763 0.085269 0.127025 0.065984 0.037452 0.028784 0.081306 0.089505 0.054025 0.097972 0.112672 0.048256 0.084681 0.060624 0.090581 0.077895 0.141923 0.123001 0.096115 0.075452 0.013644 0.037534 0.083478 0.099600 0.110492 0.092557 0.111398 0.091683 0.074020 0.096263 0.140081 0.127179 0.108734 0.037760 0.130991 0.107525 0.104203 0.042262 0.131344
 250000.011874 5.275413 0.073893 0.090983 0.095195 0.121080 0.136529 0.117924 0.072636 0.095179 0.110396 0.131661 0.112410 0.132679 0.129470 0.115864 0.093417 0.111967 0.098027 0.100746 0.134178 0.085440 0.124080 0.055719 0.028908 0.033640 0.072902 0.085239 0.043853 0.092688 0.105422 0.042537 0.073822 0.069819 0.096510 0.082857 0.142755 0.126370 0.100955 0.073526 0.011861 0.047458 0.083870 0.091171 0.112291 0.098158 0.113700 0.098341 0.081540 0.101772 0.141929 0.123800 0.100360 0.027478 0.131356 0.109864 0.108433 0.036639 0.125398
 251000.011922 13.891933 0.069725 0.089765 0.091862 0.120852 0.135629 0.118170 0.064438 0.089186 0.110472 0.129308 0.112527 0.125742 0.123400 0.107222 0.092306 0.111061 0.089586 0.097835 0.130304 0.081620 0.120235 0.049815 0.022101 0.039843 0.067808 0.085995 0.032381 0.090873 0.102663 0.043316 0.066973 0.078064 0.103458 0.090777 0.146531 0.132441 0.108294 0.074401 0.019247 0.058087 0.087690 0.088440 0.116890 0.106941 0.119797 0.107217 0.090114 0.107391 0.146199 0.124355 0.094628 0.024471 0.135421 0.113594 0.114676 0.041680 0.119151
 252000.011969 6.154194 0.071580 0.085885 0.092512 0.116146 0.133737 0.111914 0.074658 0.096522 0.105330 0.131130 0.108346 0.138935 0.133603 0.122488 0.088286 0.107420 0.103951 0.097320 0.134978 0.086325 0.124491 0.065977 0.035861 0.025589 0.081886 0.090275 0.054515 0.100123 0.113456 0.047690 0.082960 0.060812 0.090430 0.078189 0.142057 0.122306 0.095945 0.078415 0.012811 0.037725 0.084533 0.099099 0.108511 0.092120 0.110112 0.089921 0.074583 0.095191 0.139365 0.126199 0.108978 0.039056 0.130637 0.107146 0.104071 0.037565 0.131236
 253000.012017 7.779796 0.058811 0.080798 0.082972 0.114717 0.130313 0.109946 0.058070 0.083347 0.100816 0.126441 0.104313 0.125989 0.122651 0.107314 0.081207 0.103389 0.087727 0.087655 0.127345 0.072557 0.119197 0.061017 0.028439 0.041113 0.079693 0.094316 0.040870 0.100982 0.112941 0.053062 0.075976 0.073414 0.101068 0.091258 0.147682 0.131656 0.107825 0.082934 0.014404 0.053245 0.091732 0.098525 0.116423 0.105641 0.120040 0.103204 0.088421 0.103733 0.145685 0.129635 0.103795 0.034438 0.137658 0.114034 0.114931 0.046462 0.118395
 254000.012064 6.416952 0.076583 0.093572 0.097187 0.123126 0.138251 0.119513 0.076810 0.096849 0.111295 0.134170 0.111864 0.135214 0.132125 0.118727 0.095345 0.114236 0.101406 0.101162 0.136229 0.087175 0.125849 0.057243 0.031147 0.028429 0.074184 0.081863 0.051226 0.091961 0.104228 0.040374 0.075839 0.067465 0.093750 0.077792 0.139558 0.122209 0.097351 0.072662 0.013081 0.044986 0.079618 0.090061 0.109934 0.092701 0.110195 0.093536 0.077073 0.100889 0.138254 0.122234 0.101958 0.031166 0.127935 0.109037 0.104288 0.030675 0.126445
 255000.012112 6.505843 0.066023 0.087389 0.090051 0.119505 0.134866 0.114983 0.066188 0.089708 0.107177 0.130798 0.109577 0.130691 0.126981 0.112471 0.087730 0.109700 0.094547 0.093229 0.130974 0.081197 0.121496 0.057871 0.023273 0.033512 0.077097 0.091131 0.043326 0.099029 0.110402 0.047693 0.073958 0.073144 0.100627 0.089052 0.148248 0.131131 0.106665 0.081392 0.013172 0.051737 0.089516 0.095039 0.114757 0.103761 0.118384 0.101191 0.087011 0.103578 0.145760 0.127908 0.102915 0.034088 0.136545 0.114167 0.114135 0.037194 0.122618
 256000.012159 5.367910 0.067445 0.087810 0.090151 0.119671 0.135134 0.115513 0.066321 0.089444 0.107065 0.130767 0.109112 0.129862 0.127160 0.111716 0.088571 0.109174 0.093141 0.094390 0.131974 0.080336 0.122941 0.055485 0.024297 0.033730 0.073436 0.087245 0.040250 0.094067 0.106698 0.044487 0.073436 0.072902 0.100313 0.086914 0.146248 0.129723 0.105365 0.076029 0.011964 0.051093 0.086191 0.092780 0.115514 0.102331 0.117962 0.101896 0.085734 0.104225 0.144598 0.126916 0.100628 0.029080 0.135203 0.113404 0.112402 0.037902 0.121852
 257000.012207 4.011102 0.068546 0.084986 0.089913 0.115453 0.131392 0.111608 0.069174 0.091458 0.104411 0.127844 0.107232 0.132005 0.127185 0.114964 0.087321 0.106669 0.097315 0.094345 0.129967 0.082157 0.119807 0.060190 0.029098 0.028578 0.077102 0.087783 0.047956 0.096938 0.109200 0.045432 0.076658 0.064492 0.092141 0.080664 0.140922 0.123222 0.097962 0.077282 0.010342 0.044028 0.084041 0.094278 0.108596 0.094848 0.110702 0.092910 0.077531 0.097216 0.138731 0.123385 0.102970 0.034780 0.129515 0.107085 0.105514 0.037036 0.124052
 258000.012254 3.985672 0.063342 0.083518 0.087511 0.116291 0.132042 0.112193 0.062915 0.087857 0.104061 0.127638 0.107833 0.128270 0.124042 0.110366 0.085181 0.106122 0.092245 0.092320 0.128927 0.077215 0.118935 0.059540 0.027700 0.038591 0.078276 0.092965 0.043177 0.099984 0.111351 0.050717 0.074208 0.071307 0.098912 0.089517 0.146523 0.130543 0.105570 0.081869 0.010309 0.050371 0.090964 0.096373 0.113544 0.103852 0.117371 0.100260 0.086159 0.101849 0.144696 0.126862 0.102302 0.032953 0.135221 0.112166 0.113155 0.043407 0.120954
 259000.012302 8.093153 0.063784 0.080897 0.085907 0.113866 0.131541 0.109788 0.062928 0.087674 0.102368 0.127308 0.106266 0.130190 0.126432 0.112198 0.083818 0.103475 0.093301 0.092124 0.130158 0.079044 0.120405 0.061909 0.031534 0.034321 0.077681 0.091602 0.043395 0.098349 0.111506 0.049175 0.077449 0.068582 0.097254 0.085807 0.145108 0.128129 0.103064 0.078452 0.014691 0.047672 0.088083 0.097605 0.113892 0.101140 0.116825 0.099648 0.083011 0.100364 0.143197 0.127658 0.104101 0.035463 0.134839 0.110850 0.109948 0.045279 0.123414
 260000.012349 7.958964 0.071378 0.089481 0.094215 0.121445 0.138205 0.116637 0.073714 0.095505 0.108958 0.134902 0.111714 0.138170 0.133528 0.120826 0.090340 0.112139 0.102859 0.096788 0.136462 0.086890 0.125381 0.062976 0.029870 0.025042 0.079034 0.090494 0.052696 0.099940 0.111907 0.046818 0.079714 0.066164 0.095651 0.082706 0.146210 0.127393 0.101416 0.079685 0.014568 0.043944 0.086505 0.096662 0.111986 0.097524 0.114943 0.094851 0.079735 0.100056 0.142956 0.127064 0.106341 0.039616 0.133558 0.111856 0.108976 0.037992 0.129499
 261000.012397 10.671335 0.069025 0.089835 0.091731 0.122214 0.137583 0.117742 0.067382 0.090263 0.109475 0.132865 0.111435 0.130240 0.128233 0.112013 0.090200 0.111807 0.093830 0.095475 0.133320 0.082902 0.124242 0.054808 0.023118 0.033329 0.071912 0.087360 0.038799 0.093371 0.105819 0.044303 0.072875 0.074592 0.102119 0.088235 0.147955 0.131735 0.107255 0.075769 0.016869 0.053013 0.086740 0.091862 0.117085 0.104228 0.119855 0.104231 0.087356 0.105733 0.146073 0.127129 0.099524 0.031252 0.136283 0.114885 0.114268 0.039626 0.122513
 262000.012444 4.934477 0.065768 0.084154 0.088489 0.116389 0.132925 0.111662 0.067547 0.090595 0.103980 0.129794 0.107483 0.133309 0.129064 0.115838 0.085042 0.106398 0.096857 0.092571 0.131823 0.080931 0.122556 0.062629 0.029554 0.030202 0.079328 0.091776 0.047109 0.099557 0.112495 0.048986 0.079487 0.065997 0.095130 0.084153 0.145273 0.127190 0.101576 0.079325 0.011471 0.044709 0.087347 0.098091 0.112340 0.098814 0.115219 0.096535 0.080623 0.098723 0.142581 0.127603 0.105616 0.036758 0.133972 0.110238 0.109469 0.041776 0.125585
 263000.012492 7.518438 0.071365 0.089543 0.093810 0.121171 0.137090 0.115631 0.074630 0.095826 0.108321 0.134535 0.110763 0.137553 0.133557 0.120663 0.089379 0.111997 0.102789 0.096059 0.135662 0.086792 0.126038 0.063135 0.030122 0.025377 0.080231 0.090538 0.051641 0.099672 0.111742 0.047739 0.080474 0.065324 0.094557 0.082508 0.145732 0.126740 0.100966 0.080139 0.014160 0.042965 0.086461 0.096952 0.111388 0.096510 0.113838 0.093846 0.079354 0.098765 0.142441 0.127046 0.106689 0.039347 0.133012 0.111111 0.109322 0.036403 0.129249
 264000.012539 21.388857 0.064061 0.088525 0.089749 0.120724 0.133691 0.115873 0.063374 0.087712 0.108579 0.129046 0.111818 0.125825 0.121917 0.107456 0.087368 0.111717 0.091030 0.091156 0.126360 0.080900 0.117595 0.057510 0.020069 0.041676 0.078548 0.096771 0.039652 0.103205 0.112366 0.054108 0.071108 0.078633 0.104675 0.097294 0.152363 0.136901 0.112741 0.088087 0.023882 0.059876 0.096484 0.095603 0.116266 0.111137 0.122135 0.106323 0.094058 0.105666 0.149407 0.128131 0.100397 0.039650 0.139476 0.116363 0.121129 0.044040 0.118439
 265000.012587 7.703495 0.072661 0.089628 0.094145 0.120535 0.137290 0.116214 0.073723 0.094929 0.109042 0.133602 0.111161 0.136492 0.132845 0.119320 0.091234 0.111383 0.101478 0.097720 0.135671 0.087360 0.125183 0.060080 0.029260 0.022504 0.075292 0.086026 0.049522 0.094896 0.107894 0.042626 0.078145 0.065991 0.094626 0.079706 0.143413 0.124954 0.099385 0.074619 0.014333 0.043677 0.082305 0.093565 0.111503 0.095384 0.113302 0.095038 0.077945 0.099693 0.140807 0.125231 0.103904 0.036128 0.131427 0.110100 0.106505 0.035549 0.128166
 266000.012634 11.419312 0.067515 0.087226 0.090169 0.119055 0.135191 0.114772 0.066997 0.090721 0.107358 0.131287 0.110186 0.132151 0.129153 0.113938 0.088008 0.108868 0.094902 0.094611 0.132908 0.082313 0.124182 0.058487 0.026778 0.033364 0.075414 0.089915 0.041396 0.095898 0.109321 0.047090 0.076668 0.072311 0.100366 0.087980 0.148140 0.131147 0.106248 0.077000 0.017450 0.051586 0.087925 0.095848 0.116730 0.103681 0.119460 0.103053 0.086042 0.103721 0.146286 0.129104 0.102923 0.033383 0.137273 0.113549 0.113388 0.042050 0.124901
 267000.012682 3.335188 0.065773 0.083949 0.089003 0.116171 0.132744 0.111062 0.068919 0.091871 0.103504 0.130203 0.107220 0.135048 0.130029 0.117726 0.084647 0.106554 0.099072 0.092346 0.132090 0.081443 0.122498 0.064592 0.030708 0.030164 0.082255 0.093420 0.050352 0.102348 0.114759 0.050559 0.080763 0.064996 0.094616 0.084348 0.145944 0.127193 0.101543 0.082291 0.009431 0.042978 0.088806 0.099687 0.111409 0.098065 0.114497 0.094262 0.080382 0.098018 0.142893 0.128366 0.107865 0.038626 0.134298 0.110602 0.109729 0.039905 0.126921
 268000.012729 7.156935 0.074567 0.094527 0.096724 0.124590 0.138985 0.120876 0.073735 0.094728 0.112854 0.134331 0.113278 0.132673 0.129846 0.115242 0.095402 0.115585 0.098386 0.099725 0.134605 0.086735 0.124394 0.052880 0.022705 0.029016 0.071584 0.082827 0.045626 0.092063 0.103391 0.039466 0.071329 0.072998 0.098844 0.083482 0.143847 0.127059 0.102887 0.074717 0.013815 0.051058 0.082615 0.088331 0.112798 0.098795 0.114528 0.098848 0.083368 0.104371 0.142149 0.123549 0.099523 0.029184 0.131713 0.112534 0.109700 0.027839 0.123795
 269000.012777 7.079405 0.071455 0.089443 0.093277 0.119065 0.133673 0.115810 0.069819 0.092448 0.109473 0.128906 0.111592 0.129386 0.125483 0.112098 0.091929 0.110990 0.095899 0.097696 0.129707 0.084923 0.119077 0.053788 0.023346 0.030052 0.071747 0.084829 0.042809 0.092839 0.104139 0.042005 0.070608 0.069428 0.095033 0.083459 0.141491 0.125515 0.100744 0.075304 0.013740 0.050240 0.083790 0.089059 0.109642 0.098457 0.112040 0.096955 0.081318 0.100114 0.140068 0.121106 0.097665 0.030019 0.129465 0.108049 0.107781 0.034551 0.122035
 270000.012824 3.631463 0.069159 0.087375 0.091381 0.118285 0.133978 0.114448 0.068860 0.091951 0.107349 0.129980 0.109940 0.131622 0.128033 0.114048 0.089377 0.108978 0.096156 0.096327 0.131858 0.082644 0.122135 0.057647 0.027318 0.031657 0.075531 0.087387 0.044233 0.095104 0.107792 0.045012 0.075077 0.068955 0.096116 0.084014 0.143649 0.126803 0.101861 0.076318 0.009841 0.048031 0.085142 0.093689 0.112271 0.099116 0.114305 0.097813 0.081818 0.100704 0.142284 0.125378 0.102206 0.030138 0.132605 0.109991 0.108886 0.037139 0.124179
 271000.012872 3.430524 0.069552 0.087902 0.091471 0.119940 0.136311 0.116058 0.067881 0.091067 0.108032 0.131542 0.110070 0.131259 0.128471 0.113380 0.090180 0.109828 0.095062 0.096660 0.133641 0.082319 0.123269 0.055916 0.026710 0.031211 0.072081 0.085303 0.042328 0.092680 0.105245 0.042348 0.073285 0.070608 0.098247 0.083813 0.143991 0.127629 0.102849 0.073693 0.009565 0.048708 0.084052 0.091343 0.114046 0.099731 0.115967 0.099860 0.082773 0.103157 0.142648 0.124890 0.100117 0.028505 0.132802 0.111670 0.109178 0.038133 0.123681
 272000.012919 2.726638 0.066948 0.086955 0.090340 0.119918 0.136266 0.114673 0.069269 0.091514 0.105435 0.133229 0.107831 0.134728 0.131078 0.116941 0.086868 0.109059 0.098055 0.093432 0.134687 0.080655 0.125326 0.062295 0.029985 0.032684 0.080336 0.091301 0.049228 0.100088 0.112452 0.048768 0.078985 0.069834 0.099062 0.085892 0.147607 0.129201 0.104423 0.081113 0.008527 0.045799 0.088281 0.097925 0.114759 0.100089 0.117357 0.097716 0.083854 0.102654 0.144791 0.129679 0.106959 0.035681 0.136121 0.114626 0.112123 0.037359 0.125729
 273000.012967 3.230964 0.064516 0.084458 0.087971 0.117396 0.133568 0.112390 0.065631 0.088846 0.104062 0.130179 0.106889 0.131582 0.127668 0.113479 0.085110 0.107084 0.095070 0.091462 0.131229 0.079268 0.121675 0.060878 0.027205 0.032341 0.079032 0.091261 0.046182 0.099825 0.111672 0.048562 0.076775 0.069586 0.098173 0.086406 0.146541 0.128837 0.104271 0.081146 0.009282 0.047788 0.088289 0.096785 0.113584 0.100791 0.116709 0.098052 0.083881 0.101619 0.143856 0.128052 0.104874 0.035158 0.135211 0.112908 0.111552 0.038693 0.123202
 274000.013014 11.506897 0.073019 0.085446 0.091750 0.115928 0.134223 0.111351 0.076178 0.095503 0.103617 0.132019 0.105847 0.140265 0.135738 0.123874 0.087931 0.106762 0.104983 0.096230 0.136430 0.086503 0.126109 0.068904 0.040582 0.019862 0.082286 0.086754 0.059207 0.098159 0.112581 0.046203 0.086720 0.056429 0.086666 0.070554 0.137391 0.116772 0.090844 0.074758 0.017517 0.033314 0.078244 0.099061 0.107077 0.085386 0.106934 0.085917 0.067744 0.093780 0.134520 0.124970 0.110667 0.043102 0.126750 0.105271 0.097826 0.039236 0.131367
 275000.013062 12.021678 0.078156 0.095447 0.098390 0.124979 0.139810 0.121157 0.077118 0.096442 0.113705 0.134936 0.113814 0.133559 0.131475 0.117010 0.097108 0.116362 0.100922 0.101887 0.135775 0.090398 0.125249 0.053784 0.027286 0.023432 0.069146 0.079186 0.047634 0.088655 0.100418 0.036185 0.072423 0.069382 0.095141 0.077699 0.139600 0.122525 0.098163 0.070454 0.017905 0.047624 0.077717 0.085867 0.110191 0.093760 0.110882 0.095584 0.078126 0.101672 0.137661 0.120199 0.098313 0.031827 0.127161 0.109540 0.104797 0.028884 0.124901
 276000.013109 6.165659 0.071151 0.091611 0.094681 0.123080 0.138924 0.118790 0.072060 0.094542 0.111023 0.135184 0.112919 0.135985 0.132354 0.117938 0.092060 0.113544 0.099717 0.097630 0.136121 0.085792 0.125978 0.058271 0.024896 0.029169 0.076671 0.088828 0.047557 0.097398 0.109724 0.044924 0.076346 0.071976 0.099991 0.086182 0.148336 0.130393 0.105355 0.078578 0.012823 0.049628 0.086830 0.094847 0.115299 0.101595 0.117984 0.100058 0.084715 0.104150 0.146050 0.128682 0.104716 0.033503 0.136471 0.114495 0.112409 0.033970 0.127406
 277000.013157 3.106993 0.063144 0.081037 0.086917 0.114187 0.131199 0.108852 0.066732 0.090510 0.101200 0.128834 0.105800 0.134127 0.128769 0.116803 0.082194 0.104272 0.098185 0.090689 0.131009 0.079138 0.121172 0.066670 0.033326 0.033182 0.084414 0.095644 0.051418 0.104347 0.116500 0.053491 0.081673 0.064182 0.094184 0.085537 0.145933 0.127569 0.101815 0.084318 0.009102 0.042523 0.090784 0.101578 0.111125 0.098793 0.114617 0.093690 0.080622 0.097156 0.142974 0.128752 0.108759 0.040027 0.134462 0.110362 0.109944 0.043460 0.126339
 278000.013204 4.669234 0.070415 0.090588 0.093160 0.121530 0.136665 0.117858 0.069299 0.092022 0.109865 0.132028 0.111476 0.131313 0.128163 0.113406 0.091710 0.111849 0.095471 0.097115 0.133055 0.083149 0.123152 0.054140 0.022745 0.031678 0.072465 0.085799 0.042336 0.093484 0.105598 0.042385 0.072235 0.072718 0.099460 0.085767 0.145430 0.128916 0.104303 0.075454 0.011159 0.051100 0.085101 0.091055 0.114204 0.101278 0.116566 0.100739 0.084728 0.104054 0.143905 0.125418 0.100002 0.028261 0.133879 0.112629 0.111260 0.034414 0.123155
 279000.013252 4.750023 0.070692 0.091280 0.093878 0.122267 0.137269 0.118349 0.070490 0.092639 0.110174 0.132876 0.111664 0.132198 0.128663 0.114414 0.091998 0.112699 0.096992 0.096937 0.133386 0.083881 0.123081 0.055066 0.022591 0.030215 0.073621 0.086383 0.045182 0.094850 0.106312 0.042881 0.072561 0.072291 0.099146 0.085605 0.145590 0.128677 0.104047 0.077056 0.011255 0.050364 0.085453 0.091299 0.113303 0.100712 0.116014 0.099275 0.084294 0.103596 0.143505 0.125159 0.100673 0.030710 0.133470 0.112903 0.111198 0.032604 0.123509
 280000.013299 7.024689 0.073360 0.091519 0.095551 0.121790 0.137313 0.117274 0.076441 0.096754 0.109132 0.134506 0.111225 0.137910 0.133891 0.121235 0.091634 0.112557 0.103251 0.098122 0.136254 0.086696 0.126739 0.062317 0.031745 0.027264 0.080012 0.088308 0.053468 0.097843 0.110847 0.046297 0.080934 0.065741 0.094039 0.080617 0.143889 0.124984 0.099295 0.077882 0.013687 0.042349 0.084014 0.096505 0.110918 0.094828 0.112533 0.093142 0.078057 0.099067 0.141379 0.126767 0.107008 0.037271 0.131921 0.110556 0.107556 0.033987 0.128801
 281000.013347 2.344104 0.069326 0.085874 0.091571 0.116954 0.134085 0.113154 0.070831 0.093823 0.105597 0.130572 0.108889 0.135274 0.130542 0.118103 0.088437 0.107188 0.099771 0.096677 0.133946 0.082964 0.123334 0.061828 0.032217 0.030521 0.078388 0.089129 0.049572 0.097297 0.110500 0.046718 0.078723 0.065859 0.094675 0.082537 0.143767 0.125830 0.099996 0.077167 0.007906 0.042817 0.085935 0.096749 0.111344 0.097006 0.113480 0.094703 0.079542 0.098863 0.141887 0.126442 0.105203 0.033463 0.132549 0.109715 0.107515 0.038387 0.127479
 282000.013394 5.193613 0.066013 0.086854 0.090411 0.120595 0.137202 0.115394 0.068367 0.091542 0.106243 0.134210 0.109672 0.136108 0.132039 0.117790 0.086371 0.109951 0.098574 0.092887 0.135264 0.081270 0.125867 0.063795 0.029012 0.032542 0.082045 0.094134 0.049655 0.102592 0.115414 0.050825 0.080928 0.070016 0.099984 0.087835 0.150297 0.131912 0.106468 0.082720 0.011768 0.047188 0.090299 0.100521 0.116581 0.102679 0.119913 0.099743 0.084928 0.103450 0.147489 0.132166 0.108757 0.038641 0.138869 0.115822 0.114091 0.041616 0.127122
 283000.013442 2.870983 0.070087 0.086830 0.091447 0.118565 0.135099 0.114233 0.070732 0.092853 0.106155 0.131329 0.108796 0.133362 0.130086 0.116438 0.088882 0.108383 0.097972 0.096569 0.134217 0.082637 0.124249 0.059580 0.031095 0.030350 0.075138 0.086682 0.046376 0.093977 0.107098 0.044797 0.077147 0.066001 0.094640 0.081313 0.142423 0.125193 0.099585 0.074185 0.008750 0.043135 0.083851 0.093770 0.111767 0.096272 0.113312 0.095699 0.078931 0.099487 0.140611 0.124641 0.102268 0.031688 0.130923 0.109452 0.107083 0.039393 0.125806
 284000.013489 13.959285 0.058164 0.076845 0.082968 0.111589 0.128571 0.104473 0.065161 0.088740 0.096758 0.127729 0.103185 0.134619 0.128700 0.117595 0.075772 0.101125 0.098517 0.085117 0.129067 0.077239 0.120834 0.073440 0.037605 0.037422 0.091189 0.103414 0.054427 0.111634 0.123560 0.061621 0.087323 0.063045 0.094572 0.089571 0.149450 0.130145 0.104253 0.091439 0.019294 0.042589 0.096615 0.108230 0.112012 0.101410 0.116971 0.093818 0.082605 0.095139 0.144908 0.132549 0.113537 0.048665 0.137654 0.111751 0.113776 0.050900 0.126920
 285000.013537 5.223798 0.065386 0.085962 0.089691 0.118141 0.133913 0.113344 0.067551 0.091016 0.105407 0.130801 0.108531 0.133315 0.128325 0.115403 0.086322 0.108321 0.097152 0.092463 0.131662 0.080664 0.121637 0.061879 0.027016 0.033017 0.080715 0.093343 0.048765 0.102094 0.113414 0.050372 0.077375 0.069922 0.098238 0.088088 0.147855 0.129972 0.104999 0.083525 0.011803 0.048586 0.090528 0.097978 0.113095 0.101836 0.116851 0.097630 0.084741 0.101273 0.144956 0.128474 0.105851 0.036752 0.135987 0.112976 0.112691 0.038339 0.124892
 286000.013584 4.597876 0.064131 0.084754 0.088600 0.118433 0.135294 0.113172 0.066837 0.090353 0.104335 0.132452 0.107844 0.134827 0.130415 0.116491 0.084964 0.107507 0.097434 0.091672 0.133904 0.079675 0.124162 0.063738 0.029468 0.033446 0.081758 0.094123 0.049182 0.102285 0.114645 0.051350 0.079777 0.070202 0.099943 0.088537 0.149673 0.131423 0.106371 0.083212 0.011073 0.047436 0.091038 0.100133 0.115739 0.102727 0.119254 0.099092 0.085448 0.102714 0.146733 0.131248 0.107820 0.037648 0.138283 0.115240 0.113807 0.040960 0.126208
 287000.013632 6.455224 0.074109 0.090467 0.095227 0.120053 0.136560 0.117155 0.072512 0.095591 0.111017 0.131604 0.112736 0.133725 0.130252 0.116594 0.093950 0.111392 0.098822 0.101279 0.134723 0.087132 0.123551 0.055340 0.028470 0.029236 0.071174 0.083669 0.044490 0.091352 0.104066 0.040154 0.073171 0.069253 0.095890 0.081541 0.142069 0.125374 0.100066 0.071798 0.013120 0.047965 0.082371 0.090153 0.111686 0.097549 0.113100 0.097932 0.080543 0.101207 0.141086 0.122958 0.099923 0.027410 0.130723 0.108887 0.106542 0.034900 0.126967
 288000.013679 7.926192 0.072975 0.091021 0.094708 0.120262 0.134484 0.116864 0.071716 0.094146 0.110809 0.129904 0.112477 0.130386 0.126512 0.113405 0.093224 0.112538 0.097124 0.098901 0.130570 0.086503 0.119945 0.053677 0.023204 0.029960 0.072001 0.085095 0.043430 0.093411 0.104292 0.041976 0.070491 0.069562 0.094953 0.083456 0.141730 0.125447 0.100624 0.075941 0.014538 0.050237 0.084044 0.088729 0.109275 0.098122 0.111630 0.096583 0.081452 0.099964 0.140106 0.120850 0.097988 0.030132 0.129340 0.107918 0.107939 0.032498 0.123186
 289000.013727 8.311177 0.071106 0.092368 0.094417 0.123561 0.138532 0.120245 0.068710 0.091903 0.111917 0.132872 0.113245 0.130538 0.127422 0.112349 0.093439 0.113907 0.094649 0.098172 0.133262 0.083890 0.122788 0.052306 0.020348 0.034698 0.071046 0.086694 0.040576 0.094298 0.105455 0.042326 0.069519 0.076565 0.102916 0.088796 0.147696 0.131722 0.107264 0.076931 0.014887 0.054594 0.087192 0.089875 0.115923 0.104557 0.119066 0.104062 0.088430 0.107008 0.146087 0.125727 0.098605 0.028691 0.135725 0.115092 0.114255 0.035075 0.122320
 290000.013774 13.162558 0.079067 0.097598 0.099757 0.127008 0.141678 0.123842 0.076687 0.096614 0.116009 0.136160 0.115915 0.133006 0.131283 0.115928 0.099309 0.118006 0.099606 0.103327 0.136965 0.090383 0.126150 0.049376 0.023405 0.025426 0.064672 0.076856 0.044137 0.084893 0.097101 0.033097 0.069710 0.073120 0.098449 0.080290 0.141191 0.125404 0.101123 0.067234 0.018735 0.051575 0.077681 0.083256 0.112982 0.097107 0.113762 0.099785 0.081363 0.105146 0.140019 0.120502 0.095122 0.027129 0.128858 0.111473 0.107188 0.029265 0.124348
 291000.013822 10.888259 0.064391 0.086263 0.088404 0.118402 0.132731 0.114041 0.063343 0.087045 0.106138 0.128266 0.109146 0.126691 0.123218 0.108356 0.086561 0.108735 0.091167 0.091621 0.127556 0.079481 0.118656 0.057033 0.022382 0.036878 0.076627 0.091856 0.040296 0.098906 0.110045 0.049382 0.072541 0.074117 0.100774 0.090679 0.147626 0.131546 0.107435 0.082117 0.017040 0.054245 0.090210 0.094593 0.114531 0.105320 0.118582 0.102492 0.088194 0.103381 0.145369 0.126979 0.100978 0.034770 0.136115 0.113522 0.114963 0.040803 0.118812
 292000.013869 8.399064 0.069202 0.088620 0.093371 0.121342 0.137556 0.115453 0.074522 0.095886 0.106928 0.135592 0.110782 0.139781 0.134720 0.122685 0.087479 0.111418 0.104406 0.094362 0.136571 0.085382 0.126843 0.067100 0.032237 0.028755 0.084834 0.095524 0.055427 0.104658 0.116928 0.052625 0.084001 0.065342 0.096110 0.085580 0.149291 0.129672 0.103245 0.084615 0.014966 0.041745 0.090605 0.101769 0.112871 0.098983 0.116496 0.094039 0.081067 0.099109 0.145376 0.130651 0.110436 0.043456 0.136317 0.113634 0.112289 0.040407 0.130534
 293000.013917 8.903406 0.071997 0.085768 0.092228 0.116775 0.134906 0.112167 0.075858 0.096011 0.104125 0.132937 0.107299 0.141032 0.136013 0.124327 0.087793 0.107160 0.105346 0.096178 0.137139 0.085731 0.126612 0.068637 0.039130 0.022166 0.082836 0.088859 0.058787 0.099230 0.113762 0.047823 0.086738 0.057776 0.088687 0.074326 0.140515 0.120172 0.093721 0.076282 0.015409 0.034317 0.081319 0.100392 0.108770 0.088979 0.109566 0.087681 0.070522 0.094829 0.137608 0.126930 0.110889 0.042218 0.129428 0.107153 0.101121 0.040403 0.131922
 294000.013964 4.949693 0.066914 0.082121 0.088343 0.113637 0.131727 0.109778 0.067895 0.091980 0.103027 0.128468 0.107052 0.134707 0.130299 0.117434 0.085219 0.103646 0.097796 0.094974 0.132912 0.081333 0.123258 0.063845 0.034498 0.031789 0.079247 0.090789 0.047401 0.097852 0.112295 0.048564 0.081200 0.064460 0.093953 0.082332 0.143791 0.125778 0.099795 0.076266 0.011489 0.042734 0.086169 0.099239 0.112521 0.097522 0.114435 0.096251 0.078922 0.097919 0.142103 0.128088 0.106682 0.034283 0.133680 0.108653 0.107080 0.043951 0.128051
 295000.014012 4.843416 0.072864 0.090915 0.094761 0.121727 0.137381 0.117492 0.073471 0.095228 0.110075 0.133656 0.111765 0.135226 0.131505 0.118045 0.092182 0.112772 0.100255 0.098241 0.135186 0.086235 0.124700 0.057930 0.026715 0.026485 0.074854 0.085971 0.048119 0.094971 0.106942 0.042790 0.075878 0.067569 0.095278 0.081652 0.143590 0.125993 0.100606 0.075587 0.011365 0.046046 0.083552 0.092211 0.111466 0.096626 0.113328 0.095718 0.079690 0.100821 0.141444 0.124379 0.102336 0.032785 0.131350 0.110224 0.107811 0.034151 0.127101
 296000.014059 14.716035 0.079050 0.099098 0.100779 0.128780 0.142734 0.125177 0.077665 0.097086 0.117065 0.137395 0.116813 0.133507 0.131324 0.116489 0.099822 0.120017 0.100872 0.102866 0.136800 0.091325 0.125794 0.050167 0.021371 0.025265 0.066835 0.079346 0.046667 0.088257 0.099110 0.035340 0.069312 0.074256 0.099545 0.082254 0.142977 0.126738 0.102602 0.071692 0.019810 0.052516 0.080120 0.083922 0.112651 0.098386 0.114374 0.099463 0.082960 0.105563 0.140857 0.120945 0.096110 0.031406 0.129705 0.113067 0.109271 0.026629 0.124144
 297000.014107 3.768575 0.067626 0.087781 0.091039 0.119720 0.134929 0.114981 0.068475 0.091172 0.107209 0.131194 0.109738 0.131637 0.127933 0.113980 0.088229 0.110121 0.096317 0.094135 0.131685 0.082229 0.122075 0.058251 0.024408 0.030886 0.076849 0.089670 0.044893 0.097829 0.109364 0.046617 0.074889 0.069849 0.097649 0.086125 0.146038 0.128776 0.103845 0.079679 0.010025 0.048333 0.087432 0.094298 0.112699 0.100643 0.115802 0.098073 0.083610 0.101308 0.143578 0.126185 0.102628 0.033578 0.133973 0.112025 0.111529 0.036463 0.123525
 298000.014154 7.923985 0.075326 0.090959 0.095972 0.120479 0.137213 0.117307 0.074692 0.096616 0.111152 0.133109 0.112887 0.136126 0.132423 0.118800 0.094512 0.112045 0.101424 0.101208 0.136168 0.088724 0.124619 0.057115 0.029888 0.023914 0.071915 0.082096 0.048630 0.090587 0.103953 0.039344 0.075580 0.066779 0.093931 0.078660 0.140969 0.123593 0.098337 0.070825 0.014536 0.046139 0.080035 0.090509 0.110914 0.094768 0.111718 0.095199 0.077465 0.100274 0.139731 0.122998 0.101323 0.030792 0.129539 0.108233 0.104142 0.033686 0.128499
 299000.014202 6.154648 0.072840 0.088474 0.092748 0.118827 0.135798 0.115800 0.071214 0.092933 0.107771 0.131006 0.109438 0.133123 0.130513 0.115988 0.091533 0.108949 0.097229 0.098967 0.134747 0.084173 0.124859 0.057086 0.031478 0.028970 0.071689 0.082151 0.044947 0.089866 0.104348 0.039667 0.076313 0.067451 0.094963 0.078176 0.140295 0.123173 0.098001 0.068760 0.012811 0.044752 0.079172 0.091474 0.112479 0.094749 0.112878 0.097338 0.077793 0.101060 0.139397 0.124092 0.101342 0.028861 0.130090 0.108923 0.104489 0.037676 0.125399
 300000.014249 8.376240 0.073741 0.092492 0.095702 0.123718 0.139735 0.119614 0.073409 0.094852 0.111814 0.135411 0.113527 0.134978 0.132353 0.117340 0.093786 0.113968 0.099684 0.099237 0.136839 0.087298 0.126452 0.055664 0.025453 0.025619 0.071213 0.083703 0.045475 0.091047 0.104107 0.040385 0.074867 0.070491 0.098326 0.082690 0.144973 0.127937 0.102774 0.072161 0.014945 0.048386 0.082393 0.090597 0.114436 0.099023 0.116183 0.099475 0.081827 0.103478 0.143120 0.125280 0.100475 0.031405 0.132921 0.112543 0.109374 0.035215 0.126634
 301000.014297 9.319098 0.072569 0.092251 0.094821 0.122596 0.137435 0.119346 0.070031 0.092898 0.112157 0.132237 0.113652 0.130034 0.127596 0.112091 0.094081 0.113390 0.095191 0.099498 0.132956 0.085372 0.122984 0.051299 0.022306 0.033345 0.069801 0.084122 0.039222 0.090599 0.102827 0.041044 0.069781 0.074972 0.100800 0.086939 0.145473 0.129879 0.105517 0.073860 0.015764 0.053950 0.084831 0.088787 0.114997 0.102930 0.117162 0.102926 0.086402 0.105340 0.144553 0.124508 0.097493 0.026355 0.133858 0.112932 0.112211 0.034538 0.122590
 302000.014344 7.361062 0.069414 0.084430 0.090224 0.114391 0.130940 0.110161 0.071512 0.094262 0.104311 0.128292 0.107617 0.134848 0.130112 0.118561 0.086613 0.105660 0.099650 0.095725 0.131865 0.083730 0.122573 0.063775 0.033955 0.029401 0.079691 0.090320 0.049319 0.098198 0.111513 0.048571 0.081051 0.061602 0.090105 0.080209 0.141288 0.122945 0.096728 0.077046 0.014011 0.041534 0.085140 0.097757 0.108739 0.094269 0.110477 0.092424 0.075919 0.094651 0.139095 0.124865 0.105731 0.036245 0.130115 0.105333 0.104983 0.041368 0.128392
 303000.014392 10.535205 0.069583 0.090065 0.092298 0.121450 0.135981 0.117580 0.067188 0.090758 0.110081 0.131150 0.112226 0.128729 0.126116 0.110490 0.091107 0.111906 0.093141 0.096429 0.131362 0.082840 0.121974 0.052868 0.021491 0.035263 0.071665 0.087077 0.037602 0.093152 0.104993 0.044433 0.070775 0.074882 0.101244 0.089193 0.147011 0.131604 0.107144 0.076378 0.016761 0.054862 0.087384 0.090791 0.115749 0.104717 0.118617 0.103835 0.087690 0.105268 0.145811 0.125640 0.097955 0.028802 0.135316 0.113391 0.114113 0.038948 0.121447
 304000.014439 2.356822 0.066741 0.084491 0.089563 0.116336 0.133013 0.112040 0.068463 0.091766 0.104384 0.129755 0.107881 0.134027 0.129261 0.116706 0.086134 0.106790 0.098015 0.093872 0.132120 0.081391 0.122121 0.062397 0.029921 0.030547 0.079845 0.091411 0.048667 0.099896 0.112578 0.048448 0.078986 0.065517 0.094533 0.083513 0.144629 0.126585 0.100810 0.079580 0.007928 0.043603 0.087236 0.097804 0.111360 0.097875 0.114088 0.095154 0.079942 0.098532 0.142251 0.127082 0.105913 0.035816 0.133322 0.109794 0.108612 0.039760 0.126214
 305000.014487 5.263086 0.074470 0.090175 0.095161 0.120857 0.137856 0.116346 0.076996 0.097154 0.108581 0.134955 0.110201 0.139438 0.135633 0.122817 0.091883 0.111600 0.104363 0.099061 0.138099 0.087514 0.127513 0.063631 0.034770 0.022328 0.078716 0.085626 0.055385 0.096038 0.109366 0.043800 0.081852 0.062198 0.091190 0.075473 0.140678 0.121353 0.095564 0.074521 0.011847 0.038747 0.080262 0.095499 0.109620 0.090561 0.110130 0.090498 0.073460 0.097737 0.138253 0.125024 0.107232 0.036946 0.129101 0.108365 0.102598 0.034645 0.130719
 306000.014534 8.581394 0.070196 0.091854 0.093998 0.123211 0.137067 0.118904 0.069957 0.092227 0.110764 0.132644 0.112717 0.130574 0.126982 0.112807 0.091660 0.113995 0.096239 0.096052 0.131677 0.084091 0.121836 0.054606 0.019639 0.032890 0.074491 0.088903 0.043318 0.096773 0.107336 0.045507 0.071485 0.073754 0.100374 0.088887 0.147539 0.131165 0.106417 0.080179 0.015127 0.052704 0.088434 0.091585 0.113678 0.103420 0.117350 0.100741 0.086809 0.104062 0.145159 0.125354 0.099730 0.033292 0.134636 0.113866 0.114390 0.034910 0.122019
 307000.014582 8.303091 0.063501 0.085739 0.089140 0.118698 0.134548 0.113846 0.065988 0.090012 0.105268 0.131287 0.108791 0.133195 0.128025 0.114814 0.085591 0.108394 0.096474 0.091519 0.131645 0.079387 0.121763 0.063486 0.028372 0.037526 0.083352 0.096703 0.049590 0.105346 0.116492 0.053702 0.078097 0.073312 0.101770 0.092018 0.151147 0.133326 0.108615 0.087277 0.014880 0.051396 0.094163 0.100624 0.115683 0.105640 0.120235 0.100573 0.088737 0.103808 0.148129 0.131506 0.107894 0.039187 0.139520 0.116303 0.116411 0.040774 0.124421
 308000.014629 5.783969 0.065554 0.084936 0.089064 0.117949 0.134434 0.112813 0.067650 0.091393 0.104577 0.131472 0.108407 0.133784 0.130280 0.116145 0.085308 0.107068 0.096735 0.093473 0.133652 0.079945 0.125144 0.062956 0.031395 0.036704 0.080880 0.093747 0.045625 0.100083 0.113392 0.051791 0.080133 0.069828 0.099274 0.088570 0.148921 0.131366 0.105904 0.080889 0.012419 0.047022 0.090759 0.099947 0.116128 0.102923 0.118969 0.100314 0.085343 0.101954 0.146761 0.130955 0.106649 0.034901 0.137881 0.113902 0.114053 0.043660 0.126398
 309000.014677 4.503968 0.069343 0.087733 0.091876 0.119698 0.136521 0.115949 0.068529 0.092211 0.108165 0.132144 0.110981 0.133533 0.130132 0.115457 0.089837 0.109698 0.096817 0.096884 0.134501 0.083251 0.124273 0.057743 0.027115 0.031374 0.074501 0.087877 0.043498 0.094949 0.108299 0.044341 0.075687 0.070613 0.099039 0.085293 0.146520 0.129503 0.104167 0.075403 0.010959 0.048327 0.086009 0.094367 0.115292 0.101211 0.117618 0.100638 0.083670 0.103300 0.145053 0.127696 0.102728 0.030688 0.135466 0.112786 0.110918 0.039219 0.125893
 310000.014724 11.466819 0.063201 0.084637 0.087299 0.117448 0.132560 0.113014 0.061990 0.087200 0.105459 0.128302 0.109042 0.127556 0.124101 0.108993 0.085424 0.107475 0.090828 0.091635 0.128464 0.078785 0.119670 0.058701 0.024850 0.039072 0.077840 0.093930 0.039148 0.100043 0.111769 0.051431 0.074039 0.074486 0.101763 0.092388 0.149321 0.133301 0.108913 0.082731 0.017487 0.054756 0.092277 0.096862 0.116323 0.107137 0.120389 0.104253 0.089567 0.103937 0.147370 0.128962 0.102360 0.034476 0.138298 0.114137 0.116280 0.044162 0.120594
 311000.014772 5.171707 0.072150 0.089632 0.093536 0.119904 0.135908 0.116523 0.071039 0.093240 0.109234 0.131293 0.111098 0.132543 0.129383 0.115169 0.091872 0.110669 0.097369 0.098359 0.133501 0.084912 0.123376 0.055186 0.026360 0.028357 0.071771 0.083765 0.043598 0.091480 0.104571 0.040487 0.073931 0.069143 0.096265 0.081660 0.142664 0.125818 0.100679 0.072180 0.011744 0.047433 0.082087 0.090683 0.112354 0.097570 0.113899 0.098066 0.080534 0.101584 0.141346 0.124002 0.100104 0.029060 0.131346 0.109967 0.107601 0.035144 0.124791
 312000.014819 4.454287 0.067706 0.087555 0.090607 0.120450 0.136754 0.115500 0.068508 0.090660 0.106780 0.133119 0.109085 0.133404 0.130413 0.115383 0.087853 0.109982 0.096850 0.093771 0.134208 0.082083 0.124742 0.059508 0.026739 0.028810 0.076689 0.088661 0.046088 0.096846 0.109567 0.045535 0.077217 0.069597 0.098525 0.084445 0.146516 0.128669 0.103790 0.077623 0.010899 0.046949 0.085679 0.095264 0.114740 0.099884 0.117233 0.098864 0.082731 0.102672 0.143972 0.128082 0.104266 0.034848 0.135023 0.113603 0.110914 0.037821 0.124711
 313000.014867 3.771335 0.067374 0.084639 0.089533 0.116429 0.133680 0.112418 0.068064 0.091882 0.105050 0.130196 0.108137 0.134449 0.130086 0.116740 0.086690 0.106567 0.097506 0.094880 0.133221 0.081793 0.123295 0.061900 0.030572 0.030697 0.078658 0.090638 0.047050 0.098749 0.112037 0.047357 0.078948 0.067014 0.095889 0.083786 0.145272 0.127158 0.101589 0.078090 0.010028 0.045285 0.086782 0.097825 0.113062 0.098864 0.115469 0.097263 0.081005 0.099961 0.143219 0.128064 0.106049 0.034090 0.134536 0.110556 0.108877 0.040368 0.126995
 314000.014914 15.038241 0.077536 0.090330 0.096378 0.119668 0.137735 0.115430 0.080649 0.099481 0.108200 0.135353 0.109740 0.143186 0.138744 0.126937 0.092597 0.110922 0.108380 0.100241 0.139711 0.091050 0.128738 0.067095 0.039475 0.014908 0.079589 0.084634 0.059781 0.095699 0.110272 0.043219 0.086003 0.058193 0.088218 0.070549 0.138893 0.117960 0.091664 0.072469 0.020025 0.034624 0.077260 0.096984 0.108066 0.085900 0.107883 0.087078 0.068527 0.095381 0.135758 0.124859 0.109436 0.042543 0.127341 0.106461 0.098780 0.036200 0.134083
 315000.014962 6.283117 0.066300 0.083476 0.088282 0.115047 0.131573 0.111009 0.066127 0.090063 0.104312 0.127789 0.107817 0.131264 0.126971 0.113645 0.085861 0.105729 0.095208 0.093612 0.130102 0.081242 0.120315 0.060701 0.028898 0.031506 0.077204 0.090309 0.044463 0.097956 0.110628 0.047593 0.076988 0.066821 0.094915 0.084180 0.143886 0.126593 0.101317 0.078067 0.012944 0.047070 0.086643 0.096149 0.111687 0.099141 0.114419 0.097254 0.080981 0.098850 0.141855 0.125874 0.103464 0.034279 0.132959 0.108857 0.108493 0.041884 0.124295
 316000.015009 6.216977 0.069515 0.085766 0.091508 0.117374 0.134794 0.112199 0.074035 0.095435 0.104621 0.132976 0.107947 0.139944 0.134856 0.123019 0.086522 0.107842 0.104020 0.094777 0.135964 0.084995 0.126094 0.067931 0.035588 0.024671 0.084192 0.092355 0.056146 0.102221 0.115748 0.050052 0.085318 0.060925 0.091516 0.079584 0.144261 0.124093 0.097804 0.080482 0.012876 0.037717 0.085805 0.101491 0.110215 0.093481 0.112249 0.090485 0.075465 0.095931 0.140995 0.128735 0.111177 0.041672 0.132712 0.109244 0.105937 0.039264 0.131380
 317000.015057 17.893256 0.070440 0.091648 0.093278 0.122080 0.136444 0.119249 0.065492 0.089397 0.112296 0.129884 0.113749 0.125653 0.122995 0.107065 0.093745 0.113074 0.090761 0.097650 0.129477 0.084116 0.118673 0.048971 0.018702 0.036793 0.067051 0.085409 0.035353 0.091479 0.101918 0.042083 0.064997 0.079102 0.103786 0.090802 0.146472 0.132115 0.108466 0.076014 0.021844 0.059693 0.087306 0.086530 0.115549 0.107009 0.119197 0.106530 0.090513 0.107362 0.145260 0.122917 0.093792 0.028951 0.134486 0.113958 0.114643 0.038069 0.118470
 318000.015104 6.866346 0.062857 0.085161 0.087156 0.117951 0.132280 0.113133 0.062082 0.085806 0.104767 0.127835 0.107257 0.125675 0.122097 0.107435 0.085473 0.107810 0.090056 0.090269 0.127194 0.076757 0.117730 0.057126 0.023362 0.037856 0.076532 0.091429 0.041556 0.099236 0.109095 0.049563 0.071121 0.074017 0.100546 0.090477 0.146593 0.130796 0.107037 0.082892 0.013532 0.053863 0.090498 0.093413 0.113572 0.104567 0.117684 0.101178 0.088049 0.103460 0.144121 0.125451 0.100054 0.033572 0.134672 0.113420 0.114350 0.040244 0.117615
 319000.015152 8.036197 0.074725 0.089614 0.094422 0.118931 0.135577 0.115136 0.075467 0.095706 0.108318 0.132014 0.109543 0.136487 0.132621 0.119897 0.092042 0.110376 0.102082 0.098816 0.135021 0.087837 0.124354 0.060210 0.032015 0.019777 0.074613 0.082761 0.051705 0.092998 0.106144 0.040030 0.078475 0.062701 0.090422 0.074385 0.138528 0.119614 0.094271 0.071868 0.014639 0.041076 0.077975 0.091967 0.108021 0.089927 0.108548 0.090832 0.073027 0.097030 0.136177 0.122129 0.103576 0.035183 0.126995 0.106250 0.101113 0.032660 0.128097
 320000.015199 8.214944 0.069532 0.088234 0.091495 0.120724 0.137545 0.115348 0.071708 0.092874 0.106932 0.134795 0.109026 0.136943 0.133849 0.119229 0.088130 0.110267 0.099965 0.094322 0.136607 0.084252 0.127332 0.062421 0.029896 0.024948 0.078016 0.088714 0.049681 0.097215 0.110671 0.045912 0.080985 0.067022 0.096773 0.081929 0.146186 0.127170 0.101966 0.076741 0.014801 0.044354 0.084268 0.096884 0.114447 0.097322 0.116378 0.096964 0.080054 0.101292 0.143088 0.128901 0.106665 0.037746 0.134650 0.112816 0.109161 0.038324 0.128149
 321000.015247 4.491911 0.068780 0.086122 0.090820 0.117913 0.134389 0.112899 0.071076 0.093233 0.105598 0.131571 0.108572 0.135495 0.131337 0.118325 0.087071 0.108402 0.099787 0.094563 0.133667 0.083709 0.124124 0.062736 0.030294 0.027135 0.079395 0.090160 0.049141 0.098806 0.111584 0.047460 0.080008 0.064602 0.093862 0.082007 0.144436 0.125836 0.100139 0.078596 0.010945 0.042777 0.085810 0.097208 0.111323 0.096429 0.113572 0.094356 0.078769 0.098160 0.141716 0.126851 0.106113 0.036758 0.132724 0.109744 0.108008 0.038628 0.127615
 322000.015294 8.021095 0.069246 0.085873 0.091154 0.117117 0.133710 0.112744 0.070321 0.093756 0.106426 0.130454 0.110049 0.134256 0.130070 0.117139 0.087821 0.107825 0.098863 0.096106 0.133068 0.084452 0.123174 0.060922 0.030061 0.029857 0.076805 0.090277 0.045507 0.096756 0.109824 0.047535 0.078230 0.065829 0.094732 0.084309 0.145081 0.127517 0.101343 0.076994 0.014625 0.045204 0.087205 0.096197 0.111983 0.099050 0.114652 0.096800 0.080534 0.098310 0.142858 0.126037 0.103273 0.034996 0.133174 0.109064 0.109310 0.041929 0.127633
 323000.015342 7.238670 0.069446 0.088604 0.091524 0.119997 0.134914 0.115604 0.068573 0.090074 0.107821 0.130207 0.109521 0.129074 0.125990 0.111717 0.089835 0.110724 0.095072 0.094785 0.130368 0.083361 0.120164 0.055584 0.023857 0.028872 0.072532 0.085722 0.043762 0.094290 0.105106 0.042795 0.071586 0.069885 0.096619 0.083261 0.142544 0.125867 0.101536 0.076671 0.013894 0.048835 0.083841 0.089632 0.110739 0.098279 0.113490 0.097170 0.081839 0.100975 0.139982 0.122175 0.098838 0.033459 0.130196 0.110433 0.108695 0.035011 0.120778
 324000.015389 7.554453 0.071326 0.090143 0.093923 0.120004 0.135525 0.117644 0.068834 0.092992 0.110696 0.130288 0.112968 0.131279 0.127108 0.113286 0.093202 0.111306 0.095598 0.099279 0.132194 0.083998 0.121145 0.054258 0.024847 0.034418 0.072510 0.086315 0.043292 0.093948 0.106128 0.043103 0.071567 0.073002 0.098806 0.086229 0.144562 0.128785 0.103923 0.075415 0.014193 0.053036 0.085744 0.091324 0.113560 0.102050 0.115971 0.101198 0.084720 0.103879 0.143927 0.124778 0.099812 0.027555 0.133610 0.111009 0.110146 0.036918 0.123931
 325000.015437 16.527317 0.070574 0.087392 0.090720 0.117564 0.133530 0.114907 0.065872 0.089692 0.108150 0.127719 0.110228 0.127275 0.124937 0.109278 0.090857 0.108042 0.091465 0.097657 0.130211 0.083114 0.120634 0.053089 0.027843 0.036003 0.068506 0.084289 0.035265 0.089642 0.102880 0.041988 0.070798 0.073959 0.099792 0.085936 0.143379 0.128088 0.103908 0.071529 0.020994 0.054326 0.084211 0.089661 0.114926 0.102297 0.116830 0.103887 0.085477 0.104081 0.142842 0.123859 0.096666 0.027921 0.133089 0.110693 0.110146 0.041966 0.120969
 326000.015484 7.237430 0.071022 0.089099 0.093104 0.121206 0.138144 0.116423 0.072920 0.094138 0.107938 0.134988 0.110551 0.137454 0.134122 0.119891 0.089576 0.110941 0.101157 0.096217 0.137094 0.085340 0.127424 0.061782 0.030264 0.025156 0.077371 0.088039 0.049840 0.096133 0.110079 0.045106 0.080780 0.066680 0.096496 0.081639 0.145976 0.127304 0.101536 0.075525 0.013892 0.043367 0.083989 0.096549 0.114226 0.097295 0.116130 0.096803 0.079536 0.101187 0.143324 0.128547 0.106026 0.037056 0.134331 0.112574 0.108978 0.038719 0.128599
 327000.015532 5.423899 0.072208 0.090716 0.094337 0.120938 0.136669 0.117164 0.072919 0.094503 0.109473 0.132880 0.111011 0.135265 0.131175 0.117857 0.091856 0.111986 0.099985 0.097705 0.134406 0.085806 0.124103 0.058345 0.026751 0.026424 0.076091 0.086497 0.049127 0.096171 0.108569 0.042761 0.076372 0.068448 0.095887 0.081695 0.143935 0.125653 0.100580 0.076608 0.012027 0.046370 0.083469 0.093480 0.111514 0.096771 0.113518 0.095821 0.080183 0.100989 0.141658 0.125553 0.104002 0.033765 0.132252 0.110789 0.107857 0.031666 0.126462
 328000.015579 9.002282 0.064886 0.082664 0.088279 0.115541 0.132844 0.109421 0.070896 0.093112 0.101758 0.131672 0.106270 0.139030 0.133483 0.121971 0.082079 0.105592 0.102476 0.090563 0.133877 0.082010 0.124920 0.070861 0.035924 0.029169 0.087949 0.097605 0.056335 0.106991 0.120037 0.055288 0.087303 0.061517 0.092859 0.083775 0.147206 0.127019 0.100749 0.085435 0.015494 0.039602 0.090447 0.105291 0.111508 0.096969 0.114790 0.092053 0.078331 0.095832 0.143210 0.131402 0.113354 0.045308 0.135590 0.110783 0.109555 0.044216 0.130626
 329000.015627 7.852806 0.067808 0.090506 0.092780 0.122203 0.136191 0.117597 0.068427 0.092232 0.109889 0.132149 0.112630 0.130606 0.127008 0.112933 0.089909 0.112468 0.095098 0.095617 0.131863 0.081931 0.122699 0.056479 0.022516 0.038512 0.076833 0.092829 0.041677 0.099082 0.109908 0.049973 0.072973 0.075094 0.102152 0.092679 0.150281 0.134200 0.109135 0.082445 0.014471 0.053840 0.092489 0.094702 0.115753 0.106909 0.119862 0.103268 0.089830 0.104598 0.148113 0.127833 0.101134 0.031912 0.137600 0.114923 0.117585 0.039624 0.123183
 330000.015674 10.662061 0.073899 0.093536 0.095532 0.123367 0.138048 0.120215 0.071335 0.093161 0.112715 0.132633 0.113280 0.130617 0.127971 0.112978 0.095070 0.114399 0.095699 0.099465 0.133351 0.086323 0.122898 0.050647 0.020640 0.029300 0.067621 0.081926 0.041056 0.089660 0.101267 0.037907 0.069301 0.073647 0.099157 0.083937 0.143303 0.127347 0.103025 0.071909 0.016862 0.053037 0.082026 0.086453 0.113188 0.100043 0.115204 0.101147 0.083903 0.104513 0.141823 0.122141 0.096308 0.027814 0.131328 0.111398 0.109541 0.032357 0.122656
 331000.015722 5.522058 0.071522 0.092114 0.094582 0.123531 0.138781 0.119696 0.070985 0.092971 0.110914 0.134173 0.112390 0.133229 0.129864 0.115258 0.092738 0.113742 0.097542 0.097496 0.134757 0.084388 0.124411 0.055348 0.022880 0.029894 0.073516 0.086105 0.045721 0.094792 0.106633 0.042299 0.073374 0.072720 0.099921 0.085298 0.146228 0.129246 0.104493 0.076402 0.012135 0.050385 0.085003 0.091597 0.114476 0.100855 0.117014 0.100146 0.084367 0.104790 0.144283 0.126098 0.101338 0.031282 0.134298 0.113932 0.111411 0.033580 0.124167
 332000.015769 10.564939 0.078117 0.093491 0.098005 0.122205 0.138748 0.119457 0.077170 0.097790 0.112487 0.133824 0.113354 0.136614 0.133286 0.119991 0.096397 0.113696 0.102453 0.103003 0.136984 0.090560 0.125912 0.056140 0.030302 0.022570 0.070246 0.080439 0.048555 0.089509 0.103039 0.036236 0.075435 0.067182 0.094027 0.076356 0.140035 0.122113 0.096587 0.068726 0.016785 0.044531 0.077915 0.089012 0.110420 0.092860 0.110962 0.095223 0.076386 0.100443 0.138506 0.121995 0.100739 0.031679 0.128431 0.108288 0.103395 0.031764 0.128477
 333000.015817 14.103545 0.075698 0.096760 0.098590 0.127268 0.141613 0.123203 0.075310 0.095798 0.115238 0.136904 0.115772 0.134137 0.131169 0.116407 0.096944 0.118242 0.100422 0.100135 0.136016 0.089522 0.125249 0.053031 0.020741 0.026822 0.071183 0.083957 0.047016 0.092865 0.103582 0.040163 0.071204 0.075046 0.101178 0.085856 0.146622 0.129747 0.105483 0.076446 0.019393 0.053451 0.084406 0.088233 0.114194 0.101372 0.116926 0.100583 0.085562 0.105967 0.144140 0.124365 0.099207 0.033975 0.133432 0.114982 0.112358 0.028822 0.124761
 334000.015864 5.090977 0.067964 0.086794 0.091488 0.119002 0.135419 0.113484 0.072088 0.093893 0.105816 0.133221 0.108883 0.137257 0.132396 0.119930 0.087020 0.109494 0.101889 0.093677 0.134501 0.083992 0.124297 0.065163 0.031229 0.027314 0.082805 0.092719 0.053950 0.102392 0.114325 0.050221 0.081296 0.065183 0.094757 0.083652 0.146206 0.127007 0.101498 0.082854 0.011652 0.042818 0.088141 0.099252 0.111198 0.097239 0.114188 0.092973 0.079899 0.098456 0.142742 0.128269 0.108639 0.040472 0.133911 0.111550 0.109382 0.037059 0.128505
 335000.015912 7.317649 0.067203 0.082134 0.088634 0.114674 0.132562 0.109692 0.070434 0.092853 0.101683 0.130308 0.106411 0.137092 0.132344 0.120102 0.083805 0.104286 0.100863 0.093357 0.134056 0.081879 0.124703 0.067544 0.036758 0.030355 0.082760 0.092915 0.051943 0.100617 0.115082 0.051295 0.084903 0.061371 0.092551 0.081470 0.144513 0.125496 0.099014 0.078944 0.013969 0.038360 0.087038 0.101829 0.111804 0.095658 0.113935 0.093100 0.076950 0.096383 0.141829 0.129192 0.109307 0.040224 0.133529 0.109352 0.107317 0.045440 0.129199
 336000.015959 9.777494 0.074643 0.094936 0.097237 0.125031 0.138976 0.121817 0.072253 0.094223 0.114366 0.133439 0.115665 0.130086 0.127443 0.112571 0.096480 0.116263 0.096442 0.100756 0.133332 0.087161 0.122600 0.049264 0.018830 0.031363 0.067506 0.082482 0.040613 0.089336 0.100566 0.039102 0.067892 0.074504 0.099860 0.085992 0.144153 0.129168 0.104569 0.072866 0.016147 0.053927 0.083613 0.085794 0.113387 0.101952 0.115800 0.101741 0.085249 0.104992 0.143030 0.121790 0.094949 0.026707 0.131565 0.112051 0.111315 0.033017 0.122213
 337000.016007 5.278906 0.067891 0.081290 0.088777 0.112377 0.130287 0.107417 0.072289 0.094529 0.100948 0.128441 0.104983 0.137713 0.131915 0.121781 0.083772 0.103301 0.102636 0.093990 0.132812 0.082768 0.122685 0.069560 0.039002 0.028625 0.084960 0.093350 0.056158 0.103032 0.116036 0.051992 0.085303 0.056784 0.087319 0.077711 0.140455 0.120707 0.094085 0.080722 0.011865 0.034495 0.086047 0.101702 0.106614 0.090729 0.108448 0.087133 0.072331 0.091830 0.137381 0.125759 0.110357 0.041306 0.129164 0.104790 0.102580 0.042740 0.130582
 338000.016054 6.726685 0.070181 0.083599 0.090429 0.115356 0.134238 0.110714 0.073524 0.095286 0.102876 0.131951 0.106529 0.140431 0.135762 0.123748 0.085820 0.105096 0.103578 0.096007 0.137076 0.083976 0.127384 0.069152 0.039801 0.027270 0.083201 0.091040 0.055440 0.100099 0.115214 0.049313 0.087142 0.059350 0.090822 0.076951 0.142566 0.122467 0.095848 0.076549 0.013393 0.034851 0.083822 0.102221 0.111221 0.091837 0.112141 0.091171 0.073455 0.095930 0.139959 0.129140 0.111625 0.040131 0.132176 0.108355 0.103677 0.043683 0.132498
 339000.016102 6.407742 0.068167 0.086763 0.091104 0.117180 0.133049 0.113194 0.069093 0.092791 0.106963 0.129510 0.109866 0.132892 0.128299 0.115573 0.088441 0.108160 0.097231 0.095594 0.131545 0.083117 0.121455 0.059498 0.027308 0.031571 0.077114 0.090440 0.045913 0.098046 0.110096 0.047441 0.076077 0.068478 0.095960 0.085644 0.145151 0.127695 0.102338 0.078899 0.013072 0.048179 0.087647 0.095423 0.111620 0.100156 0.114642 0.097423 0.082498 0.099404 0.142930 0.125876 0.103261 0.032951 0.133516 0.109580 0.109896 0.038067 0.125870
 340000.016149 5.360242 0.066673 0.081026 0.087830 0.112469 0.129939 0.107903 0.069454 0.092913 0.101106 0.127450 0.105509 0.135043 0.129913 0.118743 0.083356 0.102928 0.099252 0.093757 0.131676 0.080928 0.122456 0.066676 0.036567 0.032990 0.082597 0.093416 0.050156 0.101134 0.114711 0.051724 0.083165 0.060769 0.090818 0.081650 0.142744 0.124254 0.097711 0.079490 0.011956 0.039024 0.087827 0.100927 0.109706 0.095111 0.111833 0.092377 0.076722 0.094673 0.140385 0.127027 0.107944 0.038001 0.131843 0.106640 0.106443 0.045114 0.128514
