#! FIELDS time restraint.bias r0 r1 r2 r3 r4 r5 r6 r7 r8 r9 r10 r11 r12 r13 r14 r15 r16 r17 r18 r19 r20 r21 r22 r23 r24 r25 r26 r27 r28 r29 r30 r31 r32 r33 r34 r35 r36 r37 r38 r39 r40 r41 r42 r43 r44 r45 r46 r47 r48 r49 r50 r51 r52 r53 r54 r55 r56
 0.000000 0.000030 0.135091 0.115715 0.137099 0.093459 0.091515 0.104245 0.139040 0.150191 0.122721 0.088561 0.132359 0.126240 0.103555 0.136863 0.131529 0.113191 0.149278 0.146451 0.094907 0.144402 0.075808 0.116459 0.115227 0.108660 0.122768 0.136156 0.121680 0.142698 0.126408 0.118502 0.102961 0.070694 0.038303 0.097615 0.088451 0.078087 0.055369 0.135408 0.112085 0.093835 0.126192 0.108687 0.000024 0.079718 0.030301 0.047426 0.071059 0.039126 0.081949 0.055507 0.093207 0.119416 0.061539 0.034161 0.081043 0.110394 0.136637
 1000.000047 3.909427 0.135824 0.115031 0.136271 0.091606 0.089130 0.102240 0.139974 0.150382 0.121464 0.087513 0.131211 0.126114 0.103475 0.137346 0.131235 0.111747 0.150060 0.146091 0.093840 0.144859 0.075730 0.119083 0.118177 0.111172 0.125162 0.137813 0.124268 0.144039 0.126950 0.121392 0.105356 0.072013 0.037584 0.098624 0.086417 0.076809 0.056044 0.137514 0.114793 0.096633 0.127341 0.110158 0.008842 0.080228 0.029355 0.048531 0.071859 0.039825 0.079839 0.055341 0.094469 0.122173 0.059908 0.032662 0.080556 0.113422 0.137023
 2000.000095 5.718639 0.132824 0.112586 0.133862 0.092834 0.092923 0.101259 0.138786 0.148956 0.118418 0.092570 0.127760 0.132038 0.109598 0.142068 0.127641 0.110679 0.151704 0.142806 0.099530 0.142243 0.081751 0.120162 0.116502 0.106326 0.126393 0.136539 0.124682 0.144674 0.130002 0.118899 0.108502 0.065765 0.033805 0.093684 0.088640 0.075048 0.052222 0.135497 0.110741 0.089667 0.124352 0.112851 0.010695 0.074247 0.028730 0.038827 0.066328 0.036356 0.080531 0.061207 0.099985 0.120370 0.062325 0.037552 0.078035 0.109778 0.141096
 3000.000142 9.288978 0.129608 0.109242 0.131437 0.088031 0.086910 0.098260 0.134428 0.146312 0.116893 0.085238 0.127728 0.125571 0.102177 0.136228 0.125296 0.107669 0.146868 0.141498 0.092570 0.138783 0.074665 0.116765 0.113450 0.106373 0.124780 0.136172 0.120138 0.143615 0.129493 0.117421 0.104565 0.066138 0.034834 0.096031 0.090458 0.079618 0.055600 0.134027 0.108009 0.089519 0.124922 0.111852 0.013630 0.078704 0.032352 0.045180 0.068877 0.035757 0.085071 0.061457 0.096813 0.116633 0.065737 0.033588 0.081206 0.108440 0.135980
 4000.000190 7.158174 0.130189 0.108855 0.131485 0.085628 0.083964 0.095664 0.135675 0.146903 0.115893 0.083622 0.127492 0.124527 0.100869 0.135502 0.125061 0.106043 0.147672 0.141006 0.090313 0.140066 0.072023 0.120397 0.116737 0.109285 0.127549 0.139848 0.123364 0.146432 0.130848 0.121669 0.107071 0.068037 0.036340 0.099342 0.090851 0.080180 0.057982 0.138231 0.111782 0.092878 0.128523 0.114279 0.011965 0.081387 0.034562 0.045403 0.071313 0.034010 0.083523 0.061978 0.098255 0.120940 0.065623 0.034742 0.082703 0.112654 0.135389
 5000.000237 6.705636 0.136419 0.114396 0.136974 0.088825 0.086987 0.101627 0.139314 0.150894 0.122388 0.083049 0.132690 0.122546 0.099694 0.134469 0.132354 0.110634 0.148837 0.148195 0.091240 0.145516 0.071232 0.119142 0.119077 0.112275 0.124738 0.137938 0.123437 0.143801 0.127069 0.121465 0.104531 0.073074 0.038857 0.098802 0.085461 0.077258 0.055941 0.136295 0.115308 0.097448 0.127231 0.110599 0.011581 0.081648 0.029967 0.052188 0.072669 0.040604 0.080961 0.054320 0.093054 0.121715 0.060619 0.028120 0.079528 0.114661 0.135551
 6000.000285 10.370627 0.138928 0.117581 0.138860 0.094259 0.093237 0.105822 0.142414 0.152906 0.124952 0.090550 0.133860 0.128704 0.106685 0.139777 0.134913 0.114210 0.152586 0.149741 0.098213 0.147988 0.078754 0.119958 0.119872 0.111168 0.124743 0.136657 0.125485 0.142893 0.126742 0.121172 0.106899 0.072364 0.036254 0.096273 0.083873 0.074365 0.053296 0.135281 0.116301 0.097637 0.125081 0.110584 0.014402 0.078686 0.027314 0.050166 0.069870 0.041675 0.078891 0.054157 0.094379 0.122743 0.058271 0.028255 0.076270 0.114595 0.140804
 7000.000332 13.659562 0.140325 0.121158 0.141371 0.094735 0.089191 0.107642 0.141300 0.152227 0.127957 0.083990 0.135941 0.118177 0.096392 0.130062 0.138078 0.116664 0.146180 0.151666 0.090029 0.147886 0.070626 0.114806 0.118353 0.115720 0.120109 0.135592 0.121563 0.140055 0.120322 0.121041 0.098096 0.081719 0.048536 0.103157 0.083609 0.078298 0.061155 0.137430 0.117702 0.103787 0.128820 0.103649 0.016528 0.085380 0.031145 0.058985 0.079726 0.051097 0.079343 0.047263 0.086057 0.120994 0.057438 0.034998 0.083683 0.113801 0.130404
 8000.000380 3.540358 0.133561 0.112897 0.134533 0.090238 0.088722 0.101497 0.137516 0.148416 0.120180 0.086095 0.130412 0.125025 0.102130 0.135844 0.129537 0.109970 0.148365 0.144683 0.092982 0.142795 0.074040 0.117136 0.115613 0.108161 0.123330 0.135777 0.121692 0.142231 0.126624 0.118638 0.104148 0.069210 0.035436 0.096341 0.086805 0.076893 0.054069 0.134195 0.112016 0.093538 0.124778 0.109705 0.008415 0.079043 0.029865 0.047797 0.069281 0.037318 0.081079 0.055927 0.093485 0.119489 0.061026 0.030274 0.078900 0.111190 0.136079
 9000.000427 5.389875 0.130844 0.110653 0.132580 0.089463 0.088815 0.100159 0.135314 0.147053 0.118548 0.086579 0.128864 0.126151 0.103389 0.136704 0.126808 0.108762 0.147295 0.142833 0.094241 0.140042 0.076268 0.116162 0.113182 0.105197 0.123144 0.134826 0.119587 0.141973 0.128223 0.116300 0.104605 0.064776 0.031625 0.093948 0.088748 0.077418 0.052165 0.131908 0.108142 0.088881 0.123120 0.110844 0.010383 0.076841 0.030048 0.044581 0.066294 0.033718 0.083210 0.059450 0.095533 0.116370 0.063471 0.029316 0.078420 0.108443 0.136736
 10000.000475 8.068723 0.130916 0.110775 0.133431 0.086347 0.082876 0.098044 0.134267 0.146565 0.119239 0.079762 0.131346 0.118275 0.094868 0.129354 0.127483 0.108199 0.143740 0.143117 0.085449 0.141153 0.066039 0.115311 0.113760 0.110075 0.122576 0.138339 0.118207 0.143069 0.126271 0.119869 0.100279 0.071880 0.041258 0.102710 0.091682 0.083923 0.061654 0.137203 0.111420 0.095392 0.129772 0.108972 0.012703 0.086374 0.037572 0.053153 0.075762 0.036853 0.085837 0.057371 0.091082 0.118460 0.065971 0.032893 0.086235 0.111887 0.130353
 11000.000522 6.694975 0.135966 0.114430 0.135658 0.092357 0.091379 0.102373 0.140486 0.150355 0.120516 0.090049 0.130066 0.129263 0.106959 0.140294 0.130635 0.111521 0.151767 0.145673 0.097099 0.144806 0.079221 0.120422 0.118967 0.110140 0.125943 0.137096 0.125601 0.144075 0.127716 0.121017 0.107604 0.069702 0.034593 0.095568 0.084894 0.074263 0.052979 0.136338 0.114506 0.094745 0.125382 0.111084 0.011571 0.076715 0.027045 0.045709 0.068500 0.039593 0.078248 0.056281 0.096489 0.122550 0.058567 0.032740 0.077541 0.113586 0.139631
 12000.000570 15.989418 0.130882 0.109499 0.129989 0.091829 0.094833 0.100289 0.136284 0.145537 0.115553 0.094184 0.123262 0.134290 0.112881 0.143752 0.125230 0.107877 0.150481 0.140406 0.103372 0.139009 0.086075 0.119663 0.115617 0.101671 0.124770 0.131075 0.123882 0.140783 0.128760 0.114574 0.110518 0.060000 0.024930 0.084202 0.082698 0.067059 0.042225 0.128621 0.107692 0.084883 0.116204 0.112582 0.017883 0.064912 0.021874 0.034534 0.056648 0.037070 0.075851 0.061464 0.101581 0.117480 0.058304 0.033135 0.068003 0.107270 0.142835
 13000.000617 5.796730 0.133324 0.113031 0.133946 0.091147 0.088820 0.100489 0.138525 0.148623 0.118922 0.088612 0.128930 0.127453 0.104922 0.138236 0.128299 0.110148 0.149586 0.143203 0.094526 0.142430 0.077660 0.118953 0.116743 0.109248 0.125609 0.137545 0.123643 0.144055 0.127829 0.120590 0.106334 0.069272 0.035667 0.097701 0.088015 0.077223 0.055706 0.136972 0.112774 0.093949 0.126597 0.111113 0.010767 0.079059 0.030555 0.045551 0.070258 0.037033 0.080502 0.058320 0.096290 0.121113 0.061396 0.034522 0.081058 0.111909 0.137388
 14000.000665 2.286367 0.133664 0.113597 0.135233 0.091184 0.089461 0.102414 0.137473 0.148703 0.121048 0.086486 0.131252 0.124728 0.101983 0.135476 0.130078 0.110907 0.147964 0.145269 0.093402 0.142790 0.074264 0.115840 0.114713 0.108059 0.122056 0.135255 0.120637 0.141267 0.125590 0.117962 0.102746 0.069272 0.035713 0.096628 0.086915 0.077526 0.054310 0.133648 0.111282 0.093175 0.124848 0.108507 0.006762 0.079439 0.029824 0.048145 0.069555 0.037477 0.081458 0.055091 0.092045 0.118392 0.060743 0.030073 0.079440 0.110582 0.135688
 15000.000712 2.678883 0.133564 0.114223 0.135021 0.092411 0.090747 0.102841 0.137667 0.148098 0.120491 0.088186 0.129601 0.126019 0.103296 0.136370 0.129797 0.111608 0.148331 0.144004 0.094010 0.142717 0.075192 0.116718 0.114788 0.107462 0.123093 0.135242 0.122059 0.142805 0.126640 0.117768 0.103338 0.070537 0.039314 0.096198 0.088137 0.076767 0.055049 0.135168 0.111503 0.093120 0.124754 0.108667 0.007320 0.077957 0.030288 0.045944 0.070350 0.040707 0.080709 0.056612 0.094628 0.119439 0.061603 0.037066 0.080282 0.108998 0.135602
 16000.000760 6.541127 0.137048 0.116499 0.137109 0.092801 0.090723 0.104686 0.139315 0.149474 0.123073 0.086646 0.131499 0.122728 0.101339 0.133773 0.133674 0.112387 0.147352 0.147794 0.094219 0.144890 0.074993 0.115314 0.116968 0.110373 0.119176 0.132702 0.121349 0.137786 0.120295 0.118086 0.101173 0.073479 0.038793 0.095673 0.079801 0.072166 0.052336 0.132660 0.114243 0.097013 0.123390 0.104395 0.011438 0.077840 0.025168 0.051166 0.070394 0.044108 0.074684 0.047857 0.088048 0.119478 0.053165 0.029295 0.075674 0.112292 0.133818
 17000.000807 9.603913 0.129654 0.109435 0.130421 0.091288 0.092698 0.100024 0.135443 0.145560 0.115662 0.091959 0.125111 0.131891 0.109722 0.141507 0.124451 0.107947 0.149345 0.139917 0.099545 0.138626 0.082609 0.118077 0.113465 0.102116 0.124389 0.133411 0.121815 0.142043 0.129491 0.115157 0.108342 0.060557 0.027691 0.088898 0.087744 0.073246 0.047356 0.130635 0.107010 0.084872 0.119816 0.112251 0.013859 0.070493 0.028117 0.037125 0.060665 0.033047 0.080244 0.062250 0.099857 0.117200 0.062170 0.034282 0.074648 0.107071 0.140341
 18000.000855 9.030996 0.129734 0.107833 0.131647 0.084813 0.085307 0.097086 0.133255 0.146298 0.117665 0.081471 0.129162 0.122068 0.099201 0.132996 0.125966 0.105951 0.145006 0.143069 0.090892 0.139647 0.071039 0.116495 0.113657 0.105781 0.122792 0.135537 0.118213 0.141982 0.128456 0.116675 0.103881 0.064520 0.032290 0.094741 0.088613 0.078511 0.052872 0.131484 0.108025 0.089036 0.124049 0.111593 0.013439 0.078703 0.032309 0.047228 0.067088 0.032561 0.084204 0.059463 0.094693 0.115892 0.064736 0.025086 0.077746 0.110066 0.134610
 19000.000902 3.446466 0.134825 0.115262 0.136067 0.093217 0.090688 0.103627 0.139023 0.149651 0.121826 0.088755 0.131509 0.126536 0.104045 0.137362 0.130874 0.112574 0.149265 0.145497 0.094630 0.143947 0.077005 0.116709 0.115504 0.108969 0.123298 0.136220 0.121993 0.142483 0.126123 0.119093 0.103848 0.070682 0.037047 0.097790 0.087665 0.077733 0.055562 0.135535 0.112646 0.094613 0.126020 0.108772 0.008302 0.079819 0.030168 0.048217 0.070961 0.038706 0.081310 0.055585 0.093290 0.120008 0.060934 0.032873 0.080903 0.110974 0.136810
 20000.000950 2.709633 0.135164 0.115296 0.136406 0.092528 0.089570 0.102808 0.139314 0.150180 0.121738 0.087741 0.131156 0.125646 0.103189 0.136742 0.130945 0.112457 0.149090 0.145990 0.094115 0.143901 0.076419 0.117369 0.116442 0.110193 0.124037 0.136804 0.122413 0.143223 0.126480 0.119817 0.103812 0.071522 0.038445 0.098454 0.087615 0.077612 0.056224 0.136557 0.112876 0.094979 0.126954 0.109290 0.007362 0.079790 0.029150 0.047582 0.072105 0.039913 0.081207 0.055876 0.093999 0.119974 0.060971 0.034049 0.081645 0.111204 0.136169
 21000.000997 8.636361 0.132217 0.111990 0.132845 0.092526 0.092954 0.101688 0.137936 0.147527 0.117447 0.091970 0.127256 0.131760 0.109231 0.141849 0.126857 0.109573 0.151139 0.141819 0.098544 0.141399 0.081507 0.119850 0.115836 0.105252 0.125886 0.135993 0.124241 0.144208 0.130158 0.118065 0.109014 0.064790 0.032738 0.092430 0.088629 0.074826 0.050520 0.133981 0.110703 0.088816 0.122917 0.112732 0.013143 0.073920 0.030667 0.040729 0.064632 0.035177 0.080344 0.061260 0.099635 0.120786 0.062364 0.036929 0.077452 0.109954 0.140260
 22000.001045 4.904718 0.133373 0.113144 0.136194 0.088712 0.086577 0.101341 0.136656 0.149506 0.122243 0.082482 0.133643 0.121579 0.097927 0.132754 0.130324 0.110777 0.146698 0.146353 0.089327 0.143624 0.068823 0.116870 0.114948 0.109759 0.123994 0.138905 0.120113 0.144860 0.129109 0.119790 0.102451 0.071138 0.039868 0.100920 0.092193 0.083028 0.059135 0.136587 0.111929 0.094693 0.129015 0.111162 0.009904 0.084586 0.035951 0.051789 0.073919 0.037013 0.086834 0.058388 0.093403 0.119174 0.066791 0.031241 0.084202 0.111906 0.134019
 23000.001092 6.213109 0.129988 0.108570 0.130360 0.088304 0.089230 0.097356 0.135558 0.145835 0.115072 0.088709 0.124958 0.129142 0.106693 0.139221 0.124515 0.106459 0.148787 0.140176 0.096521 0.139295 0.078633 0.119561 0.115598 0.105088 0.125625 0.135517 0.123094 0.143545 0.129319 0.117858 0.108006 0.063576 0.030752 0.092062 0.086918 0.073675 0.050299 0.133794 0.109265 0.088257 0.122765 0.112700 0.011147 0.073357 0.028221 0.038986 0.064215 0.034067 0.079169 0.060931 0.099482 0.119003 0.061510 0.034167 0.075886 0.109534 0.138645
 24000.001140 2.321477 0.132391 0.112849 0.135030 0.091675 0.090802 0.102131 0.136604 0.148495 0.120609 0.087922 0.131060 0.125994 0.103313 0.136177 0.128889 0.111200 0.147821 0.144534 0.094871 0.142099 0.075405 0.115666 0.113452 0.106773 0.122006 0.135757 0.119769 0.142071 0.126787 0.117178 0.102482 0.067648 0.036582 0.096737 0.089721 0.079104 0.055046 0.134202 0.109315 0.090634 0.125795 0.109009 0.006814 0.079230 0.031772 0.045539 0.069599 0.036461 0.083304 0.057567 0.093669 0.117314 0.063149 0.033982 0.080984 0.109183 0.136305
 25000.001187 5.996067 0.131829 0.110397 0.133736 0.087350 0.087024 0.098953 0.136198 0.148582 0.119323 0.084431 0.130935 0.125069 0.101647 0.135961 0.127708 0.108336 0.148203 0.144261 0.092316 0.142154 0.072574 0.118737 0.115614 0.107828 0.125379 0.138332 0.121460 0.144815 0.130347 0.119545 0.105853 0.066544 0.033593 0.097322 0.090425 0.080013 0.055285 0.135126 0.110817 0.091688 0.126728 0.113210 0.010951 0.080695 0.033453 0.047152 0.069163 0.032881 0.084863 0.060272 0.096341 0.119280 0.065489 0.028656 0.080301 0.112074 0.137133
 26000.001235 6.403879 0.128846 0.107548 0.130810 0.086043 0.086871 0.097122 0.133449 0.145693 0.116222 0.084309 0.127557 0.124932 0.101778 0.135318 0.124660 0.105881 0.146288 0.141195 0.092748 0.138801 0.073337 0.117282 0.113328 0.104484 0.123737 0.135706 0.119577 0.142846 0.129532 0.116615 0.105328 0.062854 0.031070 0.093736 0.089484 0.077936 0.052123 0.132119 0.107482 0.087405 0.123676 0.112371 0.011317 0.076889 0.032278 0.043092 0.065414 0.031461 0.083578 0.061075 0.096620 0.116625 0.064812 0.029543 0.077656 0.109253 0.135910
 27000.001282 3.349531 0.131175 0.110936 0.132641 0.089668 0.089073 0.099514 0.136010 0.146843 0.117782 0.087299 0.128018 0.126392 0.103937 0.136762 0.126607 0.108774 0.147811 0.141863 0.093876 0.140976 0.075875 0.117607 0.114301 0.105912 0.123849 0.135867 0.121249 0.143084 0.127954 0.117710 0.105127 0.066140 0.034437 0.094895 0.088761 0.076817 0.053302 0.134278 0.109885 0.090012 0.124466 0.110518 0.008185 0.076802 0.030792 0.043431 0.067531 0.034709 0.081034 0.059002 0.096290 0.118837 0.062519 0.034066 0.079314 0.109491 0.136345
 28000.001330 10.665968 0.131837 0.112301 0.134785 0.089031 0.085817 0.100577 0.135718 0.148511 0.121229 0.083207 0.133162 0.121714 0.098438 0.132825 0.128684 0.110425 0.145781 0.144622 0.089284 0.141975 0.070967 0.115656 0.113422 0.109267 0.123412 0.138680 0.118486 0.143693 0.128242 0.119601 0.102312 0.069806 0.037930 0.101667 0.092874 0.084554 0.060398 0.136015 0.110708 0.094057 0.129123 0.110675 0.014605 0.085496 0.037325 0.052434 0.073888 0.034848 0.087829 0.059434 0.092566 0.117874 0.067345 0.029764 0.085528 0.111635 0.133700
 29000.001377 3.523094 0.130514 0.109819 0.132145 0.088265 0.087964 0.098755 0.135499 0.146887 0.117313 0.086060 0.128130 0.126328 0.103133 0.136829 0.126160 0.107536 0.147994 0.142048 0.093578 0.140156 0.074772 0.117772 0.114417 0.105864 0.124476 0.136110 0.121222 0.143271 0.129134 0.117743 0.105666 0.065304 0.032968 0.094847 0.089051 0.077532 0.053128 0.133565 0.109260 0.089488 0.124236 0.112039 0.008394 0.077448 0.031041 0.043483 0.067052 0.033148 0.082767 0.060055 0.096560 0.118087 0.063767 0.031668 0.078746 0.109583 0.136893
 30000.001425 8.992588 0.133413 0.112638 0.135335 0.090972 0.090454 0.100288 0.139638 0.150956 0.119689 0.090368 0.130964 0.131237 0.107511 0.141779 0.128037 0.111122 0.152952 0.143844 0.096250 0.144406 0.077723 0.123344 0.118299 0.109055 0.130596 0.142193 0.126675 0.150263 0.135306 0.122943 0.110783 0.067237 0.036198 0.098965 0.094676 0.081607 0.058134 0.140227 0.113325 0.092477 0.129741 0.117313 0.013411 0.080436 0.036106 0.042726 0.070462 0.034475 0.086210 0.065455 0.102781 0.123867 0.068598 0.038444 0.083575 0.113502 0.141517
 31000.001472 5.785779 0.135662 0.114930 0.135453 0.093829 0.094407 0.104452 0.139390 0.148966 0.120956 0.091356 0.128740 0.129440 0.108015 0.139853 0.131388 0.111630 0.150394 0.145962 0.099712 0.143702 0.080994 0.117751 0.117013 0.106835 0.121960 0.132402 0.123547 0.139964 0.124662 0.116647 0.105661 0.068592 0.034605 0.090495 0.081362 0.069234 0.047047 0.131447 0.112080 0.091833 0.120421 0.108079 0.010757 0.071959 0.022593 0.044092 0.064816 0.041259 0.074823 0.053542 0.094831 0.119512 0.055187 0.032405 0.072320 0.109916 0.139188
 32000.001520 5.316388 0.134740 0.114153 0.134694 0.091819 0.090663 0.103180 0.137565 0.147858 0.121113 0.087238 0.129488 0.124767 0.103037 0.135599 0.131054 0.111064 0.147361 0.145515 0.094999 0.142741 0.076410 0.115247 0.115423 0.107696 0.120393 0.131935 0.120949 0.138636 0.122536 0.116389 0.102385 0.070053 0.034867 0.092895 0.081080 0.071763 0.050330 0.131237 0.111682 0.093909 0.121145 0.105934 0.010312 0.075288 0.023424 0.048237 0.067288 0.041859 0.076255 0.051186 0.090972 0.117874 0.055345 0.028047 0.074306 0.109831 0.135473
 33000.001567 3.342571 0.133727 0.113888 0.136087 0.090248 0.088032 0.102266 0.137332 0.149470 0.122076 0.084464 0.132801 0.123136 0.099957 0.134311 0.130586 0.111121 0.147398 0.146207 0.091465 0.143293 0.072117 0.116292 0.114888 0.109192 0.122984 0.137215 0.120333 0.142986 0.127311 0.119002 0.102696 0.070539 0.037917 0.099111 0.089478 0.080385 0.056805 0.135061 0.111716 0.094161 0.127138 0.109875 0.008176 0.082401 0.032921 0.050502 0.072157 0.036894 0.084292 0.056560 0.092459 0.118730 0.063812 0.029903 0.082008 0.111302 0.134892
 34000.001615 3.780757 0.131325 0.110617 0.133101 0.089284 0.089083 0.099170 0.136706 0.147917 0.117753 0.087687 0.128739 0.127845 0.104666 0.138171 0.126430 0.108627 0.149418 0.142264 0.094410 0.141548 0.075709 0.119453 0.115410 0.106488 0.126066 0.138010 0.122715 0.145493 0.130863 0.119151 0.107001 0.065594 0.034418 0.096001 0.091168 0.078651 0.054428 0.135903 0.110417 0.089856 0.126144 0.113302 0.008696 0.078004 0.032987 0.042354 0.067949 0.033169 0.083405 0.061653 0.098597 0.120089 0.065097 0.035300 0.080559 0.110654 0.137952
 35000.001662 5.287331 0.132677 0.113150 0.133838 0.092882 0.091685 0.102062 0.137998 0.148064 0.118977 0.090885 0.128665 0.129371 0.106908 0.139578 0.127834 0.111045 0.149785 0.142483 0.096554 0.142012 0.079672 0.118379 0.115011 0.106584 0.124989 0.136633 0.122963 0.144152 0.128778 0.118598 0.106627 0.066958 0.034806 0.095448 0.089571 0.077019 0.053729 0.135609 0.111058 0.090979 0.125123 0.111087 0.010283 0.076702 0.031320 0.042877 0.067822 0.036360 0.081212 0.059809 0.097517 0.120320 0.062582 0.036803 0.080305 0.109947 0.138121
 36000.001710 5.739377 0.134587 0.113850 0.135076 0.091688 0.091079 0.102261 0.138879 0.149081 0.120361 0.088666 0.129911 0.127738 0.105731 0.138555 0.129834 0.110583 0.150181 0.144975 0.095674 0.143938 0.077806 0.118749 0.116825 0.107593 0.124154 0.135642 0.123162 0.142721 0.127364 0.118653 0.106333 0.068565 0.035100 0.094298 0.086240 0.074561 0.051691 0.133920 0.112736 0.092584 0.123656 0.110404 0.010714 0.076563 0.028820 0.046408 0.067632 0.036937 0.079199 0.056755 0.095905 0.120830 0.060075 0.032143 0.077574 0.111338 0.138394
 37000.001757 8.058034 0.137268 0.119075 0.138341 0.097780 0.094208 0.107032 0.141734 0.151208 0.123736 0.093182 0.131403 0.129034 0.106726 0.139346 0.133463 0.116183 0.151133 0.146606 0.097918 0.145314 0.080422 0.117446 0.116862 0.110402 0.123995 0.135875 0.124683 0.143173 0.125816 0.119770 0.104138 0.074471 0.042700 0.098530 0.087754 0.076764 0.057568 0.137613 0.114225 0.096809 0.126543 0.108177 0.012695 0.078835 0.029756 0.046672 0.073264 0.046072 0.079964 0.055946 0.094723 0.121350 0.060158 0.041415 0.082273 0.110099 0.137486
 38000.001805 13.043760 0.133265 0.111968 0.131898 0.091865 0.092807 0.101921 0.136763 0.145937 0.117768 0.090220 0.124946 0.128353 0.107721 0.138710 0.128437 0.108688 0.148007 0.143181 0.099567 0.140205 0.082318 0.116350 0.115672 0.104451 0.120357 0.128638 0.121485 0.136524 0.122517 0.113950 0.105534 0.065471 0.030308 0.086052 0.077487 0.065294 0.042880 0.127105 0.109463 0.088996 0.115865 0.106982 0.016152 0.067370 0.017352 0.042354 0.060646 0.041150 0.072225 0.053514 0.094334 0.116510 0.052523 0.029115 0.068033 0.107909 0.137950
 39000.001852 5.057177 0.132578 0.113262 0.133348 0.092788 0.091252 0.102537 0.136713 0.146542 0.118865 0.089124 0.127660 0.126774 0.104458 0.136976 0.128428 0.110837 0.147687 0.142573 0.095167 0.140786 0.077543 0.115356 0.113787 0.106341 0.121723 0.132921 0.121188 0.140558 0.124679 0.116110 0.102785 0.069003 0.036994 0.093801 0.085658 0.074540 0.052838 0.133060 0.109948 0.091539 0.122319 0.106945 0.010057 0.075431 0.027483 0.044778 0.068040 0.041302 0.078768 0.055473 0.093704 0.117826 0.059066 0.036550 0.078401 0.107705 0.135435
 40000.001900 17.220152 0.137904 0.118452 0.136316 0.097644 0.096262 0.108789 0.139585 0.147261 0.122659 0.091635 0.128406 0.125519 0.105545 0.136045 0.134591 0.114074 0.147123 0.146910 0.099095 0.143345 0.081754 0.112708 0.115842 0.108440 0.115561 0.126800 0.121412 0.133180 0.115506 0.114123 0.100048 0.074502 0.040812 0.090115 0.073802 0.065476 0.046990 0.128398 0.113277 0.095836 0.117417 0.099269 0.018558 0.071377 0.020514 0.051082 0.067101 0.051269 0.068359 0.043744 0.086496 0.118134 0.046236 0.035658 0.071023 0.109043 0.133597
 41000.001947 4.883697 0.132081 0.111937 0.132863 0.091675 0.091324 0.100717 0.137375 0.147500 0.118033 0.090462 0.127347 0.129563 0.107270 0.139747 0.127162 0.109822 0.149662 0.142084 0.097202 0.141221 0.079776 0.118417 0.115225 0.105725 0.124608 0.135070 0.122960 0.142865 0.128045 0.117710 0.106728 0.065583 0.032301 0.093039 0.087047 0.074459 0.051394 0.133853 0.110124 0.089886 0.123028 0.110917 0.009883 0.074271 0.027751 0.041067 0.065660 0.036183 0.079438 0.059131 0.097559 0.119244 0.060738 0.034469 0.077293 0.109270 0.138860
 42000.001995 3.755979 0.134788 0.113857 0.134895 0.091485 0.090460 0.102580 0.138303 0.148722 0.120662 0.087601 0.129579 0.126227 0.104012 0.137185 0.130487 0.110855 0.148892 0.145458 0.095248 0.143188 0.076814 0.117157 0.116422 0.108173 0.122828 0.134107 0.122367 0.141214 0.125399 0.117814 0.104372 0.069467 0.034752 0.093873 0.083563 0.073242 0.051161 0.133087 0.112219 0.093475 0.122818 0.108543 0.008667 0.075869 0.025127 0.046803 0.067719 0.040071 0.078130 0.054033 0.093643 0.119316 0.057814 0.029967 0.076001 0.110645 0.136923
 43000.002042 8.996815 0.128713 0.108155 0.130347 0.088667 0.090001 0.098129 0.134554 0.145716 0.115415 0.088863 0.126187 0.129598 0.106992 0.139586 0.123710 0.106632 0.148521 0.139882 0.096450 0.138769 0.079068 0.118646 0.113330 0.102801 0.125205 0.135736 0.121077 0.143713 0.131168 0.116387 0.108221 0.060706 0.029178 0.091702 0.090585 0.076701 0.050251 0.132067 0.107183 0.085182 0.122449 0.113737 0.013414 0.074072 0.032113 0.039543 0.063051 0.029425 0.082983 0.063738 0.100052 0.117620 0.065332 0.033216 0.077451 0.108241 0.139186
 44000.002090 5.275244 0.135462 0.116867 0.137315 0.095654 0.092632 0.104843 0.140732 0.150994 0.122382 0.091837 0.131819 0.129439 0.106371 0.139791 0.131376 0.114493 0.151600 0.145451 0.096491 0.144784 0.078667 0.118458 0.116262 0.109549 0.125664 0.137923 0.124367 0.145114 0.128668 0.120487 0.105379 0.071932 0.040421 0.099388 0.091023 0.079765 0.058574 0.138262 0.113295 0.095006 0.127802 0.110744 0.010272 0.080449 0.032453 0.045821 0.072868 0.040871 0.083327 0.059015 0.096335 0.121491 0.063794 0.039816 0.083889 0.110607 0.138640
 45000.002137 6.636094 0.131570 0.111245 0.133624 0.089331 0.088612 0.099147 0.137369 0.148712 0.118260 0.087761 0.129147 0.128293 0.104724 0.138739 0.126830 0.109039 0.150206 0.142494 0.094076 0.142106 0.075497 0.120733 0.116228 0.107229 0.127863 0.139391 0.123967 0.147195 0.132729 0.120365 0.108231 0.066971 0.036565 0.097527 0.092942 0.080088 0.056604 0.137362 0.111288 0.091079 0.127404 0.115134 0.011520 0.079493 0.034693 0.043011 0.069808 0.033945 0.085038 0.063655 0.100288 0.121169 0.067342 0.037061 0.082219 0.110932 0.138729
 46000.002185 9.278223 0.133469 0.113579 0.134636 0.091785 0.090745 0.103612 0.135876 0.147455 0.121947 0.086368 0.130822 0.123453 0.101640 0.133985 0.130879 0.111169 0.145687 0.146004 0.094862 0.141477 0.075500 0.112480 0.112907 0.106400 0.118084 0.130541 0.117722 0.136518 0.121536 0.114297 0.099860 0.069159 0.034738 0.093062 0.082445 0.074270 0.051267 0.128826 0.108951 0.092317 0.120453 0.104920 0.013622 0.076869 0.025796 0.050075 0.067459 0.041195 0.079475 0.051759 0.088843 0.114252 0.057516 0.025535 0.075121 0.108001 0.134779
 47000.002232 7.048092 0.134087 0.112371 0.133867 0.089479 0.089781 0.101249 0.137189 0.147632 0.119564 0.086153 0.128594 0.125204 0.103369 0.136230 0.129807 0.109002 0.147988 0.144922 0.094719 0.142683 0.075636 0.117815 0.116793 0.107564 0.122359 0.133511 0.122348 0.140657 0.125205 0.117408 0.104997 0.068629 0.034302 0.092098 0.081944 0.071452 0.049301 0.131752 0.112144 0.092727 0.121418 0.108683 0.011873 0.074604 0.025250 0.047099 0.066136 0.039851 0.076286 0.053846 0.093917 0.119343 0.056934 0.028216 0.073387 0.111178 0.136345
 48000.002280 1.898747 0.134871 0.115160 0.135913 0.093892 0.092752 0.104376 0.138679 0.148986 0.121684 0.089813 0.130594 0.127110 0.105220 0.137513 0.131166 0.112396 0.149055 0.145763 0.096805 0.143500 0.078128 0.115475 0.114903 0.107308 0.120901 0.133298 0.121263 0.139777 0.123787 0.116797 0.102710 0.069492 0.035929 0.094264 0.084486 0.074156 0.051639 0.132621 0.111313 0.092646 0.122890 0.106692 0.006162 0.076292 0.026439 0.046409 0.067969 0.039775 0.078289 0.053159 0.092054 0.118331 0.057537 0.032358 0.077141 0.109478 0.137095
 49000.002327 4.980608 0.137120 0.118319 0.137566 0.096539 0.094183 0.107161 0.140204 0.149697 0.123817 0.091172 0.130949 0.126672 0.105229 0.137170 0.133784 0.115089 0.148941 0.146954 0.097207 0.144830 0.079213 0.115297 0.115647 0.108564 0.120412 0.132377 0.122333 0.139477 0.122359 0.116923 0.102180 0.072916 0.039457 0.094482 0.082843 0.072477 0.052333 0.133198 0.113159 0.095530 0.122475 0.104936 0.009981 0.075625 0.024774 0.047918 0.069667 0.045451 0.076000 0.051055 0.091299 0.119376 0.055442 0.035134 0.077077 0.109263 0.135889
 50000.002375 4.222738 0.132927 0.113003 0.134662 0.092078 0.091561 0.101951 0.138139 0.148857 0.119546 0.089712 0.129725 0.129275 0.106148 0.139573 0.128469 0.110926 0.150626 0.143615 0.095913 0.142884 0.077266 0.118873 0.115529 0.106962 0.125755 0.137309 0.123446 0.145172 0.130121 0.118862 0.106320 0.068111 0.037240 0.096162 0.090789 0.078358 0.054988 0.136088 0.111226 0.091235 0.125740 0.112070 0.009190 0.078078 0.032343 0.044013 0.069180 0.036903 0.083263 0.060481 0.098090 0.120498 0.064605 0.037627 0.080983 0.109825 0.139009
 51000.002422 3.657849 0.133589 0.112658 0.134625 0.090252 0.089248 0.100607 0.138220 0.149183 0.119691 0.087597 0.129815 0.127283 0.104229 0.138004 0.129035 0.110199 0.149908 0.144447 0.094519 0.143162 0.075396 0.119279 0.116932 0.108894 0.125787 0.137514 0.123788 0.144757 0.128977 0.120054 0.105958 0.069287 0.036442 0.096891 0.088286 0.077265 0.055309 0.136577 0.112383 0.093457 0.126213 0.111757 0.008553 0.078778 0.029947 0.045379 0.069994 0.037982 0.081643 0.058485 0.096857 0.120663 0.062542 0.033978 0.079889 0.111475 0.138061
 52000.002470 6.962353 0.132087 0.110652 0.132141 0.090077 0.090875 0.099520 0.137294 0.147292 0.116809 0.089828 0.126317 0.130100 0.107525 0.140395 0.126646 0.108175 0.150371 0.142019 0.097711 0.140929 0.079437 0.120059 0.116899 0.106070 0.125663 0.135183 0.124437 0.143339 0.128986 0.118238 0.108382 0.064912 0.031184 0.091585 0.085396 0.072582 0.049625 0.133533 0.110698 0.089646 0.122255 0.112397 0.011800 0.072947 0.026656 0.039992 0.064097 0.036613 0.078309 0.059506 0.098821 0.120054 0.059917 0.033829 0.074803 0.110487 0.139640
 53000.002517 5.692429 0.130695 0.110786 0.132436 0.089852 0.088938 0.099881 0.135658 0.147102 0.118129 0.087478 0.128246 0.127327 0.104196 0.137761 0.126486 0.109240 0.148010 0.142037 0.094253 0.140210 0.076490 0.117330 0.113640 0.105695 0.124967 0.136075 0.121069 0.144062 0.129814 0.117325 0.105454 0.065929 0.034021 0.095062 0.090364 0.078305 0.054294 0.134198 0.108708 0.089670 0.124381 0.111832 0.010670 0.077263 0.031017 0.043586 0.067899 0.035498 0.083928 0.061066 0.097623 0.117630 0.065046 0.033629 0.080118 0.108176 0.137365
 54000.002565 5.013072 0.135441 0.114966 0.135381 0.092840 0.091070 0.102628 0.139951 0.149425 0.120416 0.089840 0.129116 0.127831 0.105850 0.138505 0.130643 0.111300 0.150450 0.145022 0.096485 0.143905 0.078664 0.118576 0.117781 0.109153 0.123934 0.135157 0.124277 0.141789 0.125394 0.119563 0.105738 0.070618 0.036464 0.095333 0.084024 0.073190 0.052772 0.135053 0.113794 0.094731 0.124167 0.109272 0.010013 0.076471 0.026338 0.045474 0.068932 0.040285 0.076933 0.054904 0.094669 0.121234 0.057317 0.034071 0.077453 0.111696 0.137906
 55000.002612 4.378564 0.132449 0.112510 0.134190 0.091667 0.090419 0.101063 0.138065 0.148798 0.118973 0.089655 0.129742 0.129203 0.105840 0.139497 0.127584 0.110645 0.150542 0.142851 0.095333 0.142352 0.077259 0.119283 0.115589 0.107588 0.126532 0.138489 0.123605 0.145970 0.130716 0.119926 0.106916 0.067313 0.035649 0.097410 0.091775 0.079744 0.056236 0.137190 0.111346 0.091530 0.127001 0.112859 0.009358 0.079170 0.033440 0.043418 0.069402 0.035410 0.084006 0.061428 0.098303 0.120827 0.065137 0.037166 0.082308 0.110898 0.138637
 56000.002660 6.904993 0.138689 0.119685 0.140241 0.095937 0.091316 0.105897 0.143262 0.153625 0.125220 0.090271 0.134474 0.127259 0.104425 0.138461 0.134703 0.116273 0.152099 0.148786 0.094790 0.147930 0.076921 0.119736 0.119291 0.114268 0.126704 0.140462 0.125954 0.146400 0.128046 0.123905 0.105011 0.077304 0.045034 0.103894 0.090657 0.081165 0.062158 0.141790 0.117326 0.100406 0.131631 0.110663 0.011752 0.084669 0.033666 0.051187 0.078051 0.044161 0.083121 0.056896 0.095140 0.124176 0.063321 0.040175 0.086743 0.114017 0.137795
 57000.002707 12.823393 0.133332 0.113150 0.133811 0.095019 0.096805 0.102812 0.139823 0.149013 0.118157 0.096605 0.126692 0.136477 0.114439 0.146022 0.127510 0.111350 0.154020 0.142321 0.103608 0.142776 0.086323 0.122225 0.117297 0.104317 0.127817 0.136024 0.126783 0.145630 0.132164 0.118244 0.111862 0.063850 0.032932 0.090029 0.089009 0.072662 0.048999 0.134537 0.110819 0.087430 0.122052 0.114710 0.016015 0.070191 0.029141 0.035480 0.062735 0.037015 0.079592 0.063981 0.103895 0.121704 0.062834 0.040785 0.075623 0.109257 0.144422
 58000.002755 4.847542 0.133051 0.112908 0.133040 0.091628 0.090599 0.102014 0.137129 0.146627 0.118488 0.088435 0.127012 0.126532 0.104402 0.137060 0.128724 0.109631 0.147935 0.142859 0.095437 0.140939 0.077737 0.116644 0.115224 0.106519 0.122067 0.132724 0.122174 0.140134 0.124663 0.116672 0.104565 0.068140 0.034349 0.092274 0.083052 0.071883 0.049946 0.131946 0.110996 0.091771 0.121131 0.107902 0.009846 0.073731 0.025189 0.044223 0.066011 0.040127 0.076333 0.054646 0.093765 0.118750 0.056890 0.032703 0.075167 0.109215 0.135796
 59000.002802 5.834452 0.134466 0.114275 0.134500 0.093335 0.093338 0.103287 0.138679 0.148257 0.120110 0.091122 0.127800 0.129205 0.107653 0.139444 0.130049 0.111072 0.149848 0.144464 0.098865 0.142635 0.080811 0.117762 0.116227 0.105854 0.122508 0.132422 0.123187 0.140326 0.125371 0.116405 0.105941 0.067643 0.033886 0.090576 0.082751 0.069956 0.047864 0.131538 0.111221 0.091103 0.120360 0.108861 0.010802 0.071873 0.023314 0.042545 0.064659 0.039992 0.075665 0.055389 0.095801 0.118993 0.056594 0.033230 0.073353 0.108924 0.138730
 60000.002850 5.080864 0.134255 0.115896 0.136538 0.093518 0.089512 0.103371 0.138754 0.149374 0.121857 0.087877 0.131961 0.124997 0.101979 0.135653 0.130479 0.113376 0.148529 0.144617 0.091712 0.143931 0.074076 0.116566 0.114871 0.110284 0.124193 0.138269 0.121995 0.144614 0.127135 0.120320 0.102297 0.073665 0.043159 0.101959 0.092199 0.082209 0.061127 0.139053 0.113090 0.096190 0.129406 0.108769 0.010081 0.083777 0.035448 0.049991 0.075780 0.041034 0.084227 0.057720 0.093852 0.120919 0.064721 0.040139 0.086989 0.110566 0.134712
 61000.002897 7.170015 0.132992 0.111023 0.132943 0.088552 0.088769 0.099394 0.137329 0.148041 0.118309 0.086720 0.127734 0.126994 0.104678 0.137983 0.128200 0.108012 0.149258 0.143902 0.095466 0.141919 0.076826 0.119445 0.117267 0.107183 0.124985 0.134970 0.123310 0.142448 0.128013 0.118458 0.107268 0.066732 0.031968 0.092539 0.084144 0.072767 0.050090 0.132692 0.111511 0.091512 0.122296 0.111919 0.011975 0.074542 0.025587 0.044198 0.065680 0.036687 0.078632 0.057720 0.096928 0.119468 0.059697 0.028328 0.074373 0.111072 0.138484
 62000.002945 6.837393 0.132849 0.112010 0.133893 0.090152 0.088873 0.099442 0.138470 0.149428 0.118908 0.088835 0.129275 0.128897 0.106019 0.139541 0.127663 0.109741 0.150727 0.143382 0.095504 0.142733 0.077821 0.120586 0.117187 0.108329 0.127472 0.138588 0.124238 0.145784 0.130778 0.120851 0.108265 0.067181 0.033706 0.096978 0.089908 0.078027 0.055453 0.136963 0.112097 0.092435 0.126680 0.114035 0.011694 0.078559 0.031003 0.043440 0.069106 0.034514 0.082780 0.061492 0.099126 0.121057 0.064141 0.033512 0.080603 0.111877 0.139673
 63000.002992 9.673888 0.127911 0.106247 0.129048 0.086375 0.088281 0.096524 0.132806 0.144632 0.114613 0.086495 0.125403 0.127527 0.105095 0.137681 0.122946 0.105088 0.146557 0.139802 0.095498 0.137480 0.077672 0.117461 0.112867 0.102664 0.123919 0.134319 0.119434 0.142173 0.129714 0.115256 0.106888 0.059734 0.026573 0.090392 0.088155 0.075290 0.048643 0.130397 0.105989 0.084771 0.121196 0.112676 0.013910 0.073195 0.029834 0.040325 0.061806 0.030189 0.082118 0.062191 0.098625 0.115627 0.063839 0.028800 0.075014 0.108035 0.137769
 64000.003040 5.437315 0.134061 0.114177 0.135152 0.094509 0.094759 0.103562 0.139521 0.149855 0.120529 0.093709 0.129270 0.132660 0.110561 0.142659 0.129355 0.112365 0.152140 0.144422 0.100861 0.143422 0.083053 0.119251 0.115870 0.105242 0.125244 0.135186 0.123913 0.143495 0.129479 0.117543 0.108237 0.065131 0.031933 0.091956 0.088012 0.074079 0.050043 0.133445 0.110475 0.089240 0.122584 0.112124 0.010428 0.072949 0.027027 0.039592 0.064608 0.036154 0.080485 0.060285 0.099237 0.119583 0.061666 0.034671 0.076356 0.109004 0.142081
 65000.003087 3.681057 0.132752 0.112150 0.133338 0.091350 0.091566 0.101241 0.137285 0.147369 0.118380 0.089473 0.127635 0.128196 0.106273 0.138463 0.127973 0.109483 0.149023 0.143000 0.096825 0.141737 0.078745 0.117840 0.115431 0.105810 0.122998 0.134236 0.122341 0.141618 0.126491 0.117075 0.105717 0.066235 0.033396 0.092333 0.085351 0.072958 0.049703 0.132899 0.110560 0.089974 0.122447 0.109512 0.008580 0.073869 0.027219 0.042369 0.065316 0.036783 0.077687 0.056833 0.095985 0.119221 0.058846 0.033753 0.075856 0.109682 0.137650
 66000.003135 4.936442 0.133600 0.114254 0.135304 0.092289 0.089408 0.101181 0.139237 0.149594 0.119844 0.089360 0.129777 0.127812 0.104866 0.138407 0.128697 0.111776 0.150151 0.143414 0.094198 0.143269 0.077056 0.119916 0.116829 0.109999 0.127241 0.139811 0.124510 0.146950 0.130161 0.121742 0.106474 0.070984 0.040247 0.100383 0.092270 0.080367 0.059136 0.140085 0.113203 0.094419 0.129574 0.112465 0.009936 0.081026 0.034191 0.044887 0.073285 0.038512 0.083213 0.061006 0.098448 0.122241 0.065027 0.040580 0.085167 0.111627 0.137158
 67000.003182 6.377223 0.130050 0.110981 0.132660 0.089809 0.088046 0.099623 0.135268 0.146591 0.118116 0.086707 0.129428 0.125436 0.102253 0.135649 0.126051 0.109137 0.146995 0.141214 0.091972 0.140317 0.074138 0.116736 0.112957 0.106625 0.124054 0.137792 0.120276 0.144053 0.128764 0.118652 0.104082 0.067245 0.036663 0.098825 0.092623 0.081794 0.057838 0.136130 0.109609 0.091069 0.127379 0.110978 0.011294 0.081558 0.036225 0.046418 0.070764 0.033724 0.084905 0.060875 0.095476 0.118778 0.066072 0.036021 0.084043 0.109866 0.135206
 68000.003230 5.292614 0.131924 0.111170 0.133306 0.089456 0.089668 0.100799 0.135864 0.147570 0.119222 0.086491 0.128897 0.125914 0.103478 0.136525 0.128125 0.108853 0.147557 0.144068 0.095169 0.140928 0.076162 0.116629 0.114126 0.105144 0.122501 0.133713 0.120129 0.141092 0.127488 0.115858 0.104786 0.065197 0.032057 0.092223 0.086447 0.074872 0.049955 0.130704 0.108702 0.088987 0.121715 0.110484 0.010288 0.074928 0.027590 0.044137 0.065257 0.035451 0.081180 0.058004 0.095250 0.116473 0.061649 0.028085 0.075512 0.108589 0.136987
 69000.003277 3.810497 0.136328 0.116734 0.137280 0.094374 0.091600 0.104375 0.140509 0.150410 0.122353 0.089838 0.131753 0.126938 0.104440 0.137561 0.132192 0.113594 0.150363 0.146180 0.095033 0.145351 0.076513 0.117588 0.117088 0.110779 0.123475 0.136702 0.123931 0.142764 0.125120 0.120501 0.103512 0.073431 0.040557 0.099147 0.086844 0.077298 0.057307 0.137585 0.114630 0.096914 0.127253 0.107903 0.008730 0.080585 0.030343 0.048544 0.072943 0.042374 0.079428 0.054149 0.092946 0.121877 0.059289 0.037279 0.081858 0.112185 0.136759
 70000.003325 3.430219 0.135918 0.116133 0.136726 0.094590 0.092730 0.104591 0.139873 0.150216 0.122345 0.090572 0.130797 0.127711 0.105910 0.138360 0.131821 0.113657 0.149843 0.146303 0.097242 0.144455 0.079363 0.116909 0.116102 0.108510 0.122640 0.134505 0.122513 0.141485 0.125079 0.118135 0.104011 0.070192 0.036602 0.095110 0.085135 0.074346 0.052844 0.134348 0.112354 0.093677 0.124178 0.107840 0.008283 0.076012 0.025667 0.045489 0.069069 0.041224 0.078547 0.054360 0.093750 0.119488 0.058179 0.033684 0.078084 0.110167 0.137661
 71000.003372 3.501879 0.135690 0.115603 0.135851 0.093846 0.092113 0.103924 0.139952 0.149538 0.121163 0.090232 0.129780 0.128001 0.106070 0.138866 0.131235 0.112295 0.150226 0.145520 0.096921 0.143914 0.079433 0.117692 0.116950 0.108918 0.123148 0.134721 0.123642 0.141420 0.124968 0.118870 0.105079 0.070369 0.035783 0.094866 0.083778 0.073312 0.052021 0.134374 0.113244 0.094181 0.123805 0.108243 0.008369 0.075962 0.025571 0.046002 0.068459 0.040467 0.077056 0.053925 0.093784 0.120583 0.056845 0.033109 0.077288 0.111205 0.137733
 72000.003420 4.396347 0.133595 0.112828 0.134678 0.089293 0.088183 0.101186 0.136844 0.147858 0.120207 0.084316 0.130165 0.123185 0.100312 0.134068 0.129912 0.109547 0.147248 0.145003 0.091589 0.142755 0.071470 0.116801 0.115847 0.108820 0.122536 0.135419 0.121548 0.142013 0.125765 0.118365 0.102639 0.071233 0.039055 0.096666 0.086168 0.076573 0.054809 0.134517 0.112227 0.094324 0.124905 0.108568 0.009377 0.079645 0.030447 0.049413 0.070850 0.040292 0.080287 0.054728 0.092813 0.119389 0.060659 0.032716 0.079172 0.110931 0.134436
 73000.003467 14.374711 0.131003 0.109098 0.131645 0.087804 0.089709 0.099952 0.134103 0.146143 0.118382 0.085537 0.128027 0.125143 0.103542 0.135758 0.127359 0.106874 0.146101 0.143893 0.096199 0.139625 0.077135 0.115505 0.113583 0.103270 0.120283 0.130735 0.118238 0.137593 0.125550 0.113604 0.104813 0.062329 0.027114 0.088295 0.082679 0.071914 0.045288 0.125999 0.107168 0.087071 0.117928 0.109662 0.016956 0.072312 0.026080 0.045545 0.060968 0.034734 0.079464 0.056970 0.093853 0.114306 0.059433 0.019965 0.070115 0.108526 0.137127
 74000.003515 8.972735 0.130962 0.110618 0.132933 0.090631 0.090034 0.099036 0.137502 0.148629 0.117392 0.090572 0.128753 0.130803 0.107430 0.140657 0.125538 0.109321 0.151276 0.141416 0.096362 0.141666 0.078402 0.120732 0.115667 0.106336 0.128191 0.139343 0.123878 0.147020 0.132956 0.120261 0.108966 0.064770 0.034172 0.097134 0.093918 0.080707 0.056767 0.137401 0.110373 0.089607 0.127271 0.115518 0.013396 0.078808 0.034988 0.040348 0.068432 0.032257 0.085793 0.065141 0.101173 0.120771 0.067753 0.038073 0.082621 0.110718 0.140518
 75000.003562 8.433289 0.135488 0.115520 0.136816 0.091905 0.089033 0.104628 0.137682 0.149170 0.123538 0.084336 0.133491 0.121408 0.098649 0.132680 0.132943 0.112503 0.146327 0.147753 0.091413 0.143834 0.071758 0.113499 0.114745 0.110627 0.119789 0.134364 0.119317 0.139318 0.122393 0.117987 0.099319 0.073917 0.040024 0.098998 0.084937 0.078617 0.056838 0.133529 0.112660 0.097127 0.125547 0.105281 0.012987 0.082703 0.030935 0.054798 0.073253 0.043204 0.081683 0.050734 0.087389 0.117828 0.059441 0.028695 0.080503 0.111420 0.133161
 76000.003610 5.165235 0.136901 0.118964 0.138973 0.096886 0.092901 0.107365 0.140337 0.150921 0.125309 0.090152 0.134505 0.125412 0.103178 0.135867 0.134077 0.116239 0.149067 0.147726 0.094624 0.145899 0.076269 0.113854 0.114317 0.109942 0.120344 0.134855 0.120637 0.140227 0.122694 0.118360 0.099931 0.074541 0.041761 0.100014 0.087820 0.079580 0.058729 0.135529 0.113316 0.097236 0.126606 0.104911 0.010164 0.082461 0.031580 0.051927 0.074224 0.043306 0.081772 0.052239 0.088991 0.119207 0.059989 0.035730 0.083544 0.110201 0.135510
 77000.003657 3.168325 0.133308 0.112670 0.134445 0.090212 0.088648 0.101160 0.137372 0.148601 0.119845 0.086261 0.129849 0.125270 0.102474 0.136306 0.129118 0.110117 0.148104 0.144631 0.093710 0.142056 0.075380 0.117338 0.115610 0.108388 0.123692 0.135987 0.121611 0.142708 0.127168 0.118588 0.104482 0.068299 0.034673 0.095975 0.086819 0.076625 0.053550 0.134344 0.111173 0.092457 0.125084 0.110060 0.007960 0.077913 0.028651 0.046053 0.068895 0.037506 0.081081 0.056627 0.094293 0.118815 0.061030 0.030515 0.078861 0.110890 0.135932
 78000.003705 5.403402 0.134924 0.114347 0.135436 0.092396 0.091526 0.102767 0.138855 0.149388 0.121045 0.089313 0.129463 0.127321 0.105319 0.137830 0.130836 0.111463 0.149403 0.145815 0.097254 0.143271 0.078265 0.117486 0.116775 0.108302 0.122900 0.134137 0.122869 0.141069 0.125315 0.118050 0.104537 0.069703 0.035976 0.094192 0.083844 0.073053 0.051761 0.133627 0.111923 0.093330 0.123353 0.108961 0.010396 0.075639 0.025135 0.045064 0.068146 0.041052 0.077936 0.054986 0.094448 0.118961 0.057949 0.032597 0.076136 0.110300 0.137860
 79000.003752 3.201109 0.133156 0.112571 0.133640 0.090291 0.089226 0.100600 0.137609 0.147887 0.118886 0.087546 0.128243 0.126708 0.104291 0.137540 0.128452 0.109451 0.148669 0.143516 0.094667 0.141860 0.076931 0.118485 0.116397 0.108073 0.124346 0.135918 0.123096 0.143033 0.127200 0.118910 0.105801 0.068385 0.034510 0.094966 0.085821 0.074531 0.052360 0.134884 0.111848 0.092615 0.124395 0.110332 0.008001 0.076623 0.027866 0.044882 0.068073 0.037581 0.078608 0.056834 0.095887 0.120026 0.059634 0.032562 0.077949 0.110958 0.136718
 80000.003800 12.770824 0.139351 0.121858 0.139654 0.098894 0.093386 0.108967 0.142417 0.150640 0.125480 0.091050 0.132660 0.124893 0.103607 0.136009 0.135895 0.117500 0.149178 0.147738 0.094160 0.146891 0.078334 0.115208 0.117055 0.113178 0.121125 0.134764 0.123792 0.140706 0.120720 0.120197 0.100528 0.080381 0.048221 0.101434 0.085240 0.076892 0.060268 0.138374 0.117217 0.101758 0.127332 0.102875 0.015982 0.082344 0.031714 0.054930 0.077853 0.050657 0.076919 0.049707 0.089600 0.122769 0.056616 0.043016 0.084980 0.111326 0.133345
 81000.003847 6.288270 0.130593 0.109560 0.131881 0.089521 0.090781 0.099208 0.136236 0.147208 0.116824 0.089419 0.127414 0.130407 0.107490 0.140495 0.125485 0.107801 0.150175 0.141701 0.097233 0.140460 0.078805 0.119374 0.114982 0.104342 0.125926 0.136115 0.122685 0.144234 0.131130 0.117400 0.108326 0.062599 0.030144 0.092244 0.089600 0.076110 0.050482 0.133076 0.108809 0.087188 0.122924 0.113874 0.011215 0.074618 0.030550 0.040210 0.063890 0.031735 0.082583 0.062462 0.099915 0.118789 0.064282 0.033328 0.077122 0.109292 0.140401
 82000.003895 5.987186 0.132935 0.112105 0.134352 0.087881 0.085111 0.099831 0.136132 0.148130 0.120355 0.082207 0.131189 0.120914 0.097992 0.132300 0.129297 0.109382 0.145684 0.144888 0.089120 0.142351 0.070335 0.116277 0.115239 0.109953 0.123013 0.137081 0.119868 0.142597 0.126231 0.119514 0.102244 0.070915 0.037734 0.099525 0.088033 0.079697 0.057513 0.135601 0.112063 0.095257 0.127330 0.109211 0.010943 0.082530 0.032217 0.051153 0.072752 0.037852 0.082954 0.055720 0.091942 0.118812 0.062745 0.028423 0.081708 0.111956 0.133018
 83000.003942 6.830456 0.132398 0.111921 0.134088 0.090122 0.089957 0.101653 0.135707 0.147848 0.120716 0.086419 0.130265 0.124719 0.102306 0.135074 0.129298 0.110061 0.146567 0.145039 0.095198 0.141240 0.075214 0.115095 0.113722 0.105930 0.120944 0.133186 0.119145 0.139835 0.125551 0.115691 0.102687 0.066503 0.032918 0.093419 0.085650 0.075642 0.051389 0.130750 0.108717 0.090608 0.122337 0.108770 0.011688 0.076553 0.028045 0.046143 0.066514 0.037900 0.081362 0.056099 0.092771 0.115610 0.060732 0.027176 0.075732 0.108903 0.136026
 84000.003990 8.055917 0.129557 0.109000 0.130381 0.090478 0.092276 0.099070 0.135590 0.145696 0.115108 0.091664 0.124615 0.132020 0.109671 0.141604 0.124184 0.107317 0.149760 0.139752 0.099390 0.138809 0.081835 0.119240 0.114367 0.102724 0.125408 0.134450 0.122920 0.143309 0.130365 0.116090 0.108860 0.061354 0.029697 0.089645 0.088205 0.073238 0.048183 0.132161 0.107578 0.085268 0.120908 0.113155 0.012693 0.070937 0.028627 0.036055 0.061678 0.033310 0.080021 0.062848 0.101070 0.118090 0.062681 0.036281 0.075056 0.107498 0.140487
 85000.004037 5.713410 0.133410 0.113657 0.134735 0.092567 0.090678 0.101734 0.139074 0.149282 0.119359 0.090360 0.129767 0.129658 0.106358 0.140082 0.128319 0.111370 0.151253 0.143107 0.095383 0.143130 0.077963 0.119990 0.116508 0.108544 0.127224 0.138879 0.124772 0.146483 0.130726 0.120785 0.107496 0.068947 0.037224 0.098112 0.091542 0.079433 0.057089 0.138217 0.112713 0.093081 0.127441 0.112887 0.010690 0.079523 0.033339 0.044106 0.070549 0.037175 0.083330 0.061210 0.098655 0.122126 0.064746 0.038627 0.082936 0.111427 0.138819
 86000.004085 7.949876 0.129876 0.109454 0.130944 0.088468 0.086964 0.097277 0.135991 0.146255 0.115155 0.087228 0.126191 0.127765 0.104408 0.138273 0.124194 0.107120 0.148834 0.139626 0.092830 0.139503 0.076223 0.119873 0.115560 0.107405 0.127557 0.138640 0.123463 0.146276 0.131121 0.120200 0.107675 0.066693 0.035773 0.097363 0.091572 0.079321 0.056607 0.137497 0.110679 0.090770 0.126825 0.113700 0.012609 0.078841 0.034050 0.042889 0.069548 0.034428 0.083302 0.062998 0.099628 0.120776 0.065587 0.038400 0.082871 0.110585 0.136952
 87000.004132 6.350738 0.133840 0.115758 0.134993 0.095172 0.092646 0.104993 0.137995 0.147267 0.120863 0.090624 0.129503 0.126719 0.104426 0.136695 0.130420 0.112765 0.147985 0.143523 0.095485 0.141984 0.077793 0.114578 0.113684 0.107367 0.120626 0.133297 0.121516 0.139884 0.123169 0.116880 0.101857 0.071522 0.039431 0.096166 0.086141 0.076030 0.054993 0.134015 0.111471 0.094026 0.123629 0.105604 0.011270 0.078149 0.030443 0.047509 0.070178 0.042753 0.078612 0.054009 0.091567 0.118849 0.058512 0.038205 0.080275 0.108619 0.134816
 88000.004180 4.864001 0.133494 0.113756 0.133958 0.093570 0.092236 0.102453 0.138340 0.147983 0.119214 0.091385 0.127906 0.129208 0.107249 0.139362 0.128687 0.111486 0.149623 0.143067 0.097543 0.142020 0.080378 0.117300 0.115327 0.106928 0.123512 0.134306 0.122896 0.141867 0.125981 0.117667 0.105145 0.068095 0.035049 0.093946 0.085945 0.074027 0.052416 0.134378 0.110985 0.091725 0.123252 0.108773 0.009863 0.074773 0.026670 0.042586 0.067369 0.039766 0.078298 0.056858 0.095845 0.119267 0.058941 0.036317 0.078076 0.109087 0.138000
 89000.004227 11.787018 0.132786 0.110992 0.132157 0.089697 0.090987 0.101420 0.135799 0.146167 0.118353 0.087151 0.126972 0.126164 0.104929 0.137062 0.128572 0.107905 0.146965 0.144048 0.097076 0.140352 0.079082 0.116284 0.115311 0.105266 0.120495 0.130702 0.120525 0.137780 0.123901 0.114808 0.105197 0.065100 0.029167 0.088115 0.079372 0.068717 0.044157 0.127593 0.109555 0.089367 0.117895 0.107893 0.015354 0.070806 0.022463 0.045764 0.061601 0.038556 0.075010 0.053732 0.093336 0.116643 0.054964 0.023878 0.069409 0.109655 0.136793
 90000.004275 5.319004 0.130565 0.110337 0.131858 0.090728 0.091294 0.099783 0.136218 0.146760 0.116683 0.090267 0.126456 0.130145 0.107430 0.140025 0.125746 0.108377 0.149560 0.141262 0.097779 0.139722 0.079545 0.118298 0.114510 0.104441 0.124674 0.134735 0.122468 0.142815 0.129113 0.116748 0.107004 0.063870 0.032096 0.092097 0.088118 0.074863 0.050798 0.132871 0.108402 0.087524 0.122334 0.112043 0.010314 0.073722 0.028695 0.038922 0.064550 0.034757 0.080894 0.061000 0.098598 0.117912 0.062442 0.035486 0.076846 0.108093 0.139272
 91000.004322 3.458359 0.132892 0.113147 0.134532 0.091431 0.090185 0.102613 0.136774 0.147580 0.119965 0.086954 0.130028 0.125364 0.101995 0.135741 0.129397 0.110581 0.147868 0.144073 0.093404 0.141785 0.073651 0.115908 0.114351 0.107628 0.122346 0.135181 0.121387 0.142102 0.126307 0.117527 0.102563 0.069954 0.038343 0.096483 0.087840 0.077757 0.054961 0.134408 0.110874 0.092790 0.124813 0.108478 0.008317 0.079189 0.031546 0.047278 0.069980 0.040128 0.081703 0.056028 0.093044 0.118730 0.061684 0.035381 0.080020 0.109615 0.135059
 92000.004370 6.074349 0.133376 0.113217 0.134351 0.092912 0.093477 0.102983 0.137616 0.148421 0.120252 0.091038 0.128677 0.129760 0.107608 0.139798 0.129410 0.111206 0.149693 0.144665 0.099355 0.141907 0.080307 0.116954 0.114997 0.105456 0.122685 0.132870 0.122123 0.140923 0.126632 0.115819 0.105142 0.066583 0.033474 0.091243 0.085008 0.072747 0.049579 0.131560 0.109289 0.089770 0.121049 0.109533 0.011022 0.073175 0.024890 0.042266 0.065081 0.039552 0.079267 0.057250 0.096212 0.117096 0.059588 0.032945 0.074584 0.107908 0.139561
 93000.004417 3.933890 0.132446 0.111888 0.133830 0.090251 0.089462 0.100943 0.136360 0.147637 0.119447 0.086871 0.129635 0.125253 0.102611 0.135607 0.128585 0.109685 0.147421 0.143995 0.094399 0.141421 0.074905 0.116020 0.114551 0.107255 0.121840 0.134646 0.120548 0.140849 0.125392 0.117412 0.102979 0.067606 0.034344 0.095297 0.086061 0.076312 0.053233 0.133254 0.110097 0.091713 0.124234 0.108575 0.008870 0.077816 0.029064 0.045707 0.068021 0.037640 0.080407 0.055651 0.092821 0.117638 0.060005 0.030989 0.077932 0.110241 0.135720
 94000.004465 3.747178 0.132549 0.112280 0.133341 0.090929 0.089673 0.100642 0.137549 0.147680 0.118315 0.088549 0.128235 0.127600 0.104915 0.138086 0.127709 0.109610 0.149233 0.142509 0.094713 0.141797 0.077082 0.118393 0.115679 0.107203 0.124698 0.136163 0.122981 0.143381 0.127868 0.118828 0.106052 0.067546 0.034570 0.095350 0.087675 0.076047 0.053498 0.135116 0.111515 0.091878 0.124638 0.110727 0.008657 0.076942 0.029775 0.043773 0.067996 0.036506 0.080106 0.058247 0.096264 0.120308 0.061218 0.034470 0.079147 0.110550 0.137223
 95000.004512 16.837337 0.137655 0.116193 0.136145 0.094518 0.095888 0.106138 0.139954 0.149151 0.122536 0.091434 0.128469 0.128606 0.108326 0.139229 0.133630 0.112294 0.149902 0.147929 0.101435 0.144550 0.082528 0.117558 0.118313 0.106868 0.120361 0.129063 0.123598 0.137237 0.122334 0.115118 0.105719 0.070092 0.035560 0.086716 0.075993 0.064014 0.042946 0.127986 0.112853 0.092916 0.116465 0.106667 0.018351 0.068340 0.017887 0.046746 0.062899 0.046403 0.071115 0.050977 0.093955 0.118757 0.051304 0.030004 0.066683 0.109889 0.139172
 96000.004560 12.695089 0.137650 0.117469 0.136559 0.095860 0.094182 0.106505 0.140641 0.149695 0.123121 0.091631 0.129976 0.127902 0.106893 0.138750 0.133862 0.113812 0.149694 0.147531 0.099435 0.144333 0.081884 0.115966 0.117490 0.109670 0.120585 0.131282 0.123303 0.137649 0.121012 0.117475 0.103677 0.072689 0.036441 0.092790 0.078078 0.069338 0.049912 0.131543 0.113782 0.096305 0.120720 0.105258 0.015934 0.074215 0.020654 0.049259 0.067831 0.046266 0.073625 0.049709 0.090916 0.119113 0.051954 0.030499 0.073192 0.110891 0.137845
 97000.004607 4.220947 0.131374 0.111124 0.133929 0.089321 0.088369 0.099633 0.136546 0.148549 0.118969 0.086593 0.130652 0.126499 0.103124 0.137086 0.127032 0.109347 0.148644 0.143239 0.093265 0.141752 0.074574 0.118615 0.114777 0.107694 0.125645 0.139230 0.121500 0.145694 0.130776 0.119809 0.105796 0.066606 0.035472 0.098681 0.092784 0.081603 0.056915 0.136754 0.110360 0.090806 0.128226 0.113093 0.009188 0.081216 0.035151 0.045386 0.070398 0.032221 0.085723 0.061634 0.097153 0.119488 0.066686 0.034037 0.083154 0.111311 0.137107
 98000.004655 9.521327 0.132567 0.111457 0.134346 0.089790 0.088963 0.098329 0.139146 0.150173 0.117803 0.089362 0.129402 0.130230 0.106827 0.140791 0.126660 0.109417 0.152292 0.142852 0.095412 0.143394 0.077253 0.123341 0.118781 0.110121 0.130521 0.142545 0.126430 0.149859 0.134252 0.123636 0.110073 0.068567 0.038988 0.100467 0.094544 0.081815 0.059511 0.141421 0.113395 0.092622 0.130991 0.116884 0.013800 0.081446 0.036717 0.042834 0.072461 0.034562 0.085644 0.065355 0.102588 0.123813 0.068312 0.041175 0.085209 0.113664 0.140412
 99000.004702 4.217534 0.133592 0.113467 0.134563 0.091438 0.090364 0.102316 0.137609 0.148304 0.120605 0.087627 0.129932 0.126133 0.103989 0.136869 0.129912 0.110490 0.148380 0.144920 0.095075 0.142585 0.076681 0.116254 0.115083 0.107218 0.122204 0.134134 0.121154 0.140612 0.125314 0.117341 0.103797 0.069024 0.035120 0.094664 0.085267 0.074990 0.052242 0.132590 0.111155 0.092631 0.123071 0.108584 0.009184 0.077296 0.027628 0.047515 0.068222 0.037639 0.079701 0.055097 0.093305 0.118275 0.059613 0.029823 0.077303 0.109704 0.137125
 100000.004750 6.350409 0.137767 0.117916 0.138419 0.093309 0.090060 0.105742 0.139782 0.150470 0.124881 0.085567 0.133155 0.121809 0.099812 0.133187 0.134932 0.113877 0.147471 0.149058 0.092524 0.145723 0.073020 0.114953 0.116894 0.111520 0.120305 0.133782 0.121436 0.139478 0.121769 0.118580 0.100186 0.076060 0.042004 0.097952 0.082570 0.075107 0.055581 0.134089 0.114749 0.098844 0.124712 0.105010 0.011270 0.080667 0.027184 0.053835 0.073483 0.045886 0.078168 0.048991 0.088436 0.119480 0.056575 0.030797 0.078914 0.111569 0.133564
 101000.004797 8.701103 0.130820 0.109572 0.131865 0.088791 0.088752 0.097409 0.137384 0.148206 0.116033 0.089437 0.126696 0.130844 0.107508 0.141252 0.125033 0.107655 0.151220 0.141089 0.096615 0.140744 0.078940 0.122227 0.117339 0.107084 0.129462 0.139254 0.125398 0.147544 0.133523 0.120827 0.110612 0.064729 0.032993 0.095591 0.091310 0.077781 0.054625 0.137266 0.110832 0.089716 0.126330 0.116614 0.013192 0.076625 0.032043 0.038992 0.067338 0.033210 0.083507 0.064977 0.102653 0.121195 0.066136 0.036774 0.079985 0.111184 0.140745
 102000.004845 4.086992 0.133553 0.114784 0.135337 0.094803 0.093896 0.104528 0.138038 0.148312 0.120819 0.091411 0.129504 0.128795 0.106249 0.138573 0.129951 0.112869 0.149423 0.144095 0.097485 0.142424 0.078531 0.115862 0.113833 0.105845 0.122242 0.133707 0.121850 0.141687 0.126272 0.116164 0.103270 0.068910 0.038276 0.094144 0.088060 0.075960 0.053334 0.133609 0.109916 0.090932 0.123136 0.108087 0.009041 0.075667 0.029312 0.043444 0.068217 0.041337 0.080782 0.057118 0.094941 0.118198 0.061207 0.038718 0.079104 0.107345 0.137512
 103000.004892 9.502417 0.131221 0.111271 0.132736 0.092179 0.092332 0.099988 0.138019 0.148579 0.117599 0.093083 0.127655 0.133386 0.110541 0.143148 0.125933 0.110020 0.152081 0.141408 0.099528 0.141436 0.082157 0.120867 0.115851 0.105457 0.128180 0.137924 0.124739 0.146290 0.132540 0.119376 0.109888 0.064335 0.032695 0.094607 0.091855 0.077771 0.054256 0.136291 0.109871 0.088816 0.125186 0.115198 0.013786 0.075792 0.031800 0.038455 0.066507 0.033504 0.083785 0.064854 0.102357 0.120246 0.066026 0.038039 0.079990 0.109354 0.142596
 104000.004940 6.026028 0.135892 0.115581 0.135295 0.094795 0.093894 0.104192 0.140516 0.149058 0.120061 0.092492 0.128009 0.130120 0.108704 0.140669 0.130807 0.112012 0.151154 0.144703 0.099267 0.143745 0.082287 0.118852 0.117781 0.108160 0.123519 0.134030 0.125027 0.141377 0.125063 0.118624 0.106833 0.069476 0.035522 0.092593 0.082515 0.070366 0.049428 0.134020 0.113540 0.093091 0.122411 0.108526 0.010978 0.072812 0.024359 0.043259 0.066326 0.041331 0.074322 0.054423 0.095624 0.121571 0.055102 0.035958 0.075209 0.111132 0.138779
 105000.004987 9.873606 0.135245 0.114354 0.135712 0.093218 0.092414 0.101756 0.141388 0.151072 0.119778 0.092779 0.130033 0.132570 0.109988 0.143074 0.129130 0.111714 0.153998 0.144253 0.098429 0.145348 0.081305 0.123271 0.119592 0.109610 0.129346 0.140436 0.127608 0.147904 0.132105 0.122924 0.110959 0.068512 0.035941 0.097514 0.090651 0.077552 0.055606 0.139488 0.115032 0.093717 0.128104 0.115089 0.014052 0.078332 0.032946 0.042997 0.069488 0.036199 0.081417 0.062235 0.101420 0.125019 0.063680 0.038835 0.081481 0.114172 0.142161
 106000.005035 11.065790 0.129114 0.107934 0.130602 0.087924 0.089179 0.096327 0.136015 0.147277 0.115119 0.089916 0.126036 0.131807 0.108791 0.141857 0.123309 0.106585 0.150678 0.139880 0.097458 0.139776 0.080139 0.122268 0.116060 0.104848 0.129417 0.139193 0.124320 0.147720 0.134777 0.119700 0.111473 0.061577 0.030371 0.094087 0.092833 0.078038 0.053220 0.136177 0.108992 0.086921 0.125584 0.117625 0.014877 0.075602 0.033502 0.037422 0.065227 0.029185 0.084420 0.067131 0.104367 0.120201 0.067852 0.036084 0.079425 0.110178 0.141710
 107000.005082 3.995400 0.132167 0.111514 0.132925 0.090963 0.091038 0.100520 0.137184 0.147673 0.117942 0.089695 0.127340 0.129239 0.106947 0.139617 0.127140 0.109467 0.149508 0.142571 0.097049 0.141285 0.079454 0.118666 0.115427 0.105821 0.124878 0.135392 0.122762 0.143457 0.128825 0.117578 0.106933 0.065234 0.032417 0.092700 0.087333 0.074316 0.050622 0.133811 0.109946 0.089261 0.123137 0.111416 0.008939 0.073870 0.027538 0.040880 0.065455 0.035899 0.079847 0.059451 0.098197 0.119118 0.061300 0.033982 0.076993 0.109276 0.138760
 108000.005130 10.791156 0.132059 0.112633 0.132574 0.094716 0.094818 0.102432 0.137885 0.147026 0.117235 0.094657 0.125483 0.132773 0.110846 0.142234 0.126768 0.111036 0.150584 0.140999 0.101071 0.140329 0.084288 0.118618 0.114976 0.104582 0.124724 0.133905 0.123979 0.142821 0.128247 0.116663 0.107758 0.064976 0.034180 0.091019 0.087319 0.072898 0.050297 0.133689 0.109211 0.087972 0.121747 0.110775 0.014691 0.070860 0.027915 0.036693 0.064179 0.039937 0.078468 0.060897 0.099667 0.119096 0.060514 0.040985 0.076676 0.107597 0.139856
 109000.005177 12.497697 0.134437 0.112604 0.133246 0.092303 0.093941 0.101531 0.139839 0.148804 0.118085 0.093374 0.125825 0.133603 0.111772 0.143989 0.128621 0.109627 0.152900 0.143454 0.102065 0.142694 0.084396 0.122736 0.119489 0.106176 0.127437 0.134800 0.127428 0.144012 0.130235 0.118920 0.112111 0.064937 0.029888 0.088584 0.083004 0.068132 0.045722 0.132989 0.112557 0.090132 0.120317 0.114272 0.015810 0.068723 0.023081 0.037874 0.061460 0.038776 0.075346 0.060311 0.101929 0.121950 0.058035 0.033805 0.070574 0.111343 0.143067
 110000.005225 10.508475 0.128503 0.107719 0.130264 0.088566 0.090357 0.098318 0.134080 0.145878 0.115974 0.088961 0.126495 0.129676 0.107184 0.139518 0.123976 0.106594 0.148207 0.140589 0.097684 0.138328 0.079693 0.117558 0.112621 0.101635 0.124142 0.134060 0.119834 0.141993 0.130550 0.114899 0.107739 0.059071 0.026269 0.089986 0.089567 0.075858 0.048439 0.129692 0.105680 0.083939 0.120677 0.113589 0.014497 0.072807 0.030419 0.038861 0.061147 0.028918 0.083471 0.063609 0.099459 0.115473 0.065069 0.029649 0.075135 0.107147 0.139930
 111000.005272 3.580997 0.136277 0.115521 0.136793 0.092661 0.090859 0.103276 0.140596 0.151222 0.122211 0.089104 0.131477 0.128126 0.105537 0.139312 0.131721 0.112593 0.151316 0.146852 0.096064 0.145285 0.077911 0.119578 0.118193 0.110107 0.125878 0.137346 0.124663 0.144451 0.128366 0.120635 0.106614 0.070641 0.035963 0.096779 0.086673 0.075903 0.054179 0.136348 0.114154 0.095223 0.125953 0.111397 0.008463 0.078279 0.027485 0.046841 0.070091 0.039249 0.080540 0.056711 0.096172 0.121673 0.060688 0.031735 0.079050 0.112437 0.139194
 112000.005320 3.298000 0.132105 0.111235 0.133172 0.088928 0.088203 0.098962 0.137254 0.147976 0.117814 0.086944 0.128026 0.126984 0.104201 0.137743 0.127105 0.108416 0.149112 0.142634 0.093891 0.141804 0.075891 0.119848 0.116561 0.107698 0.126136 0.137793 0.123435 0.145138 0.129813 0.119786 0.107131 0.067329 0.035268 0.096066 0.088994 0.076723 0.053874 0.136240 0.111657 0.091509 0.126003 0.112716 0.008122 0.077599 0.030971 0.043420 0.068700 0.034802 0.081068 0.060031 0.098207 0.120821 0.063049 0.034546 0.079767 0.111199 0.137319
 113000.005367 6.123285 0.134221 0.115735 0.135476 0.095610 0.093833 0.103930 0.139856 0.149182 0.120509 0.093404 0.128913 0.130913 0.108762 0.140832 0.129506 0.113244 0.151244 0.143267 0.098304 0.143390 0.081448 0.118746 0.115749 0.106891 0.125214 0.136072 0.124422 0.144177 0.128283 0.118742 0.106640 0.069270 0.038188 0.095534 0.089539 0.076124 0.054629 0.136391 0.112039 0.092228 0.124907 0.110561 0.011066 0.076075 0.030614 0.042116 0.069077 0.039816 0.080166 0.059682 0.098210 0.121124 0.061956 0.040964 0.081002 0.109058 0.139128
 114000.005415 5.253356 0.132125 0.112517 0.132188 0.092190 0.091078 0.101426 0.136632 0.145846 0.117576 0.089716 0.125797 0.127296 0.105802 0.137555 0.127503 0.109462 0.147514 0.141563 0.096357 0.140019 0.079774 0.116009 0.114296 0.105515 0.121514 0.131996 0.121480 0.139377 0.123851 0.115890 0.104293 0.067213 0.033944 0.091681 0.083189 0.071349 0.049635 0.131680 0.109883 0.090472 0.120643 0.107143 0.010250 0.072721 0.024747 0.042623 0.065472 0.039311 0.075558 0.055161 0.094207 0.117886 0.056475 0.034406 0.075533 0.107941 0.135861
 115000.005462 3.054732 0.132874 0.112437 0.134086 0.090599 0.089852 0.101837 0.136430 0.147457 0.119730 0.086366 0.129653 0.124835 0.102434 0.135485 0.128935 0.109961 0.147295 0.144197 0.093668 0.141884 0.074893 0.115730 0.114173 0.106521 0.121528 0.134051 0.120105 0.140857 0.125559 0.116501 0.102965 0.067601 0.034852 0.094140 0.086135 0.075608 0.051768 0.132283 0.110221 0.091121 0.123140 0.108090 0.007816 0.076755 0.028776 0.046517 0.067394 0.037539 0.080161 0.055191 0.092879 0.117899 0.060064 0.030859 0.077607 0.109553 0.135267
 116000.005510 6.302498 0.131758 0.111555 0.134334 0.089272 0.087557 0.100402 0.136212 0.148690 0.120044 0.085269 0.131731 0.124959 0.101287 0.135780 0.127972 0.110099 0.147884 0.144001 0.091718 0.142011 0.072774 0.117339 0.114085 0.107824 0.125018 0.138495 0.120483 0.145105 0.130376 0.119162 0.104525 0.067421 0.035703 0.098861 0.092690 0.082464 0.057766 0.135804 0.110231 0.091834 0.127618 0.112298 0.011227 0.082010 0.035103 0.047710 0.070913 0.034273 0.087000 0.060884 0.095647 0.118641 0.067182 0.031582 0.083146 0.110856 0.136171
 117000.005557 5.257121 0.131645 0.112728 0.133538 0.091916 0.089501 0.100768 0.136763 0.147035 0.118500 0.088497 0.128625 0.126135 0.103659 0.136256 0.127249 0.110555 0.147787 0.141719 0.093247 0.141338 0.075926 0.116460 0.113888 0.107462 0.123518 0.136495 0.121212 0.143175 0.126683 0.118531 0.103166 0.069762 0.039766 0.098428 0.090702 0.079469 0.057773 0.136843 0.110686 0.092337 0.126860 0.108872 0.010254 0.080003 0.033700 0.045607 0.071781 0.038150 0.082181 0.058681 0.095171 0.119377 0.063364 0.039905 0.083885 0.109080 0.135157
 118000.005605 4.376635 0.132624 0.113015 0.133645 0.091969 0.090307 0.101900 0.136930 0.147528 0.119741 0.088789 0.128777 0.126762 0.104399 0.136963 0.128580 0.110857 0.147967 0.143188 0.095041 0.141560 0.077259 0.116044 0.113968 0.106089 0.122720 0.134024 0.120922 0.141419 0.126199 0.116763 0.103835 0.067784 0.034501 0.094430 0.087057 0.075633 0.053103 0.133261 0.110032 0.091704 0.123054 0.108844 0.009356 0.076367 0.027923 0.044531 0.067794 0.038288 0.080496 0.057050 0.094679 0.117832 0.060835 0.032801 0.078423 0.108293 0.136622
 119000.005652 6.288696 0.138733 0.119319 0.139283 0.096599 0.093307 0.106346 0.143007 0.152843 0.124872 0.092189 0.133022 0.129191 0.106990 0.140075 0.134484 0.116136 0.152506 0.148359 0.097576 0.147460 0.079831 0.119254 0.118916 0.111943 0.125517 0.137398 0.125894 0.144320 0.126705 0.121627 0.105615 0.074811 0.040866 0.099096 0.086848 0.076463 0.057415 0.138481 0.116184 0.098586 0.127353 0.109602 0.011215 0.079916 0.028306 0.048576 0.073483 0.044267 0.079779 0.055249 0.095261 0.122904 0.059732 0.037074 0.081505 0.112593 0.139384
 120000.005700 3.035728 0.132275 0.112015 0.132867 0.090912 0.090063 0.100789 0.136753 0.146867 0.118097 0.088369 0.127381 0.126885 0.104646 0.137232 0.127735 0.109172 0.148064 0.142563 0.095387 0.140849 0.077551 0.116875 0.114938 0.106391 0.122564 0.133956 0.121722 0.141002 0.125582 0.117107 0.104568 0.067191 0.033883 0.093491 0.085061 0.073627 0.051196 0.133089 0.110336 0.090984 0.122757 0.108780 0.007792 0.075150 0.026938 0.043292 0.066651 0.037510 0.078015 0.056055 0.094619 0.118497 0.058647 0.033144 0.076803 0.109327 0.136313
