120000.005700	-156.934 99.9716
121000.005747	-165.52 106.693
122000.005795	-151.015 99.106
123000.005842	-163.646 113.734
124000.005890	-161.942 102.435
125000.005937	-155.738 117.821
126000.005985	-161.535 118.345
127000.006032	-151.058 105.101
128000.006080	-159.306 104.639
129000.006127	-170.589 94.283
130000.006175	-165.814 101.828
131000.006222	-169.686 115.389
132000.006270	-164.685 90.7604
133000.006317	-143.942 116.374
134000.006365	-152.047 105.267
135000.006412	-153.132 100.615
136000.006460	-156.808 115.264
137000.006507	-161.24 98.575
138000.006555	-154.362 105.408
139000.006602	-157.174 107.38
140000.006650	-170.065 97.2729
141000.006697	-158.616 97.1065
142000.006745	-154.59 105.662
143000.006792	-150.124 93.4431
144000.006840	-153.624 114.781
145000.006887	-151.724 108.455
146000.006935	-164.902 107.492
147000.006982	-152.998 100.165
148000.007030	-168.05 113.564
149000.007077	-143.718 117.16
150000.007125	-152.196 108.404
151000.007172	-161.288 99.4874
152000.007220	-156.55 102.622
153000.007267	-160.701 87.1362
154000.007315	-145.265 109.592
155000.007362	-147.281 116.738
156000.007410	-156.211 99.9507
157000.007457	-156.181 101.424
158000.007505	-157.187 91.8143
159000.007552	-156.183 89.5646
160000.007600	-152.553 104.272
161000.007647	-159.031 98.9832
162000.007695	-169.33 106.424
163000.007742	-159.29 96.3932
164000.007790	-162.35 102.625
165000.007837	-136.029 105.468
166000.007885	-146.647 102.892
167000.007932	-156.149 121.231
168000.007980	-168.612 99.282
169000.008027	-164.384 104.843
170000.008075	-168.259 101.635
171000.008122	-148.373 120.601
172000.008170	-177.185 111.187
173000.008217	-162.908 97.04
174000.008265	-153.125 101.516
175000.008312	-157.751 83.6356
176000.008360	-153.807 108.241
177000.008407	-148.185 111.461
178000.008455	-161.862 110.237
179000.008502	-152.574 97.2593
180000.008550	-164.73 100.737
181000.008597	-158.026 91.9476
182000.008645	-156.602 105.215
183000.008692	-150.476 102.998
184000.008740	-158.445 106.833
185000.008787	-156.458 104.212
186000.008835	-151.674 110.146
187000.008882	-157.009 107.443
188000.008930	-145.817 112.749
189000.008977	-165.059 104.308
190000.009025	-171.88 86.284
191000.009072	-163.16 90.8458
192000.009120	-161.284 98.6826
193000.009167	-147.57 102.506
194000.009215	-156.491 115.74
195000.009262	-158.714 111.47
196000.009310	-157.895 98.7902
197000.009357	-153.993 99.9901
198000.009404	-169.623 103.784
199000.009452	-159.432 101.462
200000.009499	-162.706 99.1259
201000.009547	-166.501 99.4809
202000.009594	-168.133 100.776
203000.009642	-165.89 104.747
204000.009689	-163.453 111.912
205000.009737	-160.826 97.0036
206000.009784	-149.328 108.444
207000.009832	-162.515 108.817
208000.009879	-163.219 95.8365
209000.009927	-154.125 105.944
210000.009974	-162.508 103.609
211000.010022	-156.607 109.961
212000.010069	-155.754 99.0416
213000.010117	-159.51 103.338
214000.010164	-162.806 94.4115
215000.010212	-168.194 92.2543
216000.010259	-162.593 104.243
217000.010307	-143.334 107.738
218000.010354	-151.815 114.625
219000.010402	-165.624 105.587
220000.010449	-159.949 105.748
221000.010497	-159.108 107.976
222000.010544	-158.849 102.371
223000.010592	-162.336 106.296
224000.010639	-158.497 111.544
225000.010687	-159.56 97.328
226000.010734	-153.1 96.2379
227000.010782	-166.563 112.509
228000.010829	-162.602 94.5774
229000.010877	-154.593 100.961
230000.010924	-144.152 114.159
231000.010972	-153.307 85.9032
232000.011019	-151.624 123.892
233000.011067	-166.41 106.38
234000.011114	-158.795 88.655
235000.011162	-147.543 98.1456
236000.011209	-157.401 104.495
237000.011257	-149.402 110.905
238000.011304	-158.21 109.798
239000.011352	-144.877 97.4832
240000.011399	-154.363 97.4423
