120000.005700	-71.1748 -49.0615
121000.005747	-64.3542 -44.1391
122000.005795	-68.6235 -45.6818
123000.005842	-54.9309 -49.0493
124000.005890	-76.8206 -37.4526
125000.005937	-71.8642 -48.7647
126000.005985	-55.7793 -51.0561
127000.006032	-52.5845 -55.367
128000.006080	-63.6185 -46.1275
129000.006127	-56.3678 -62.0519
130000.006175	-79.0984 -35.0918
131000.006222	-51.7115 -45.6848
132000.006270	-59.3667 -43.2794
133000.006317	-62.6565 -43.2986
134000.006365	-56.5708 -49.9697
135000.006412	-68.1238 -48.6973
136000.006460	-66.2487 -42.2317
137000.006507	-47.8591 -60.6388
138000.006555	-68.6462 -47.1485
139000.006602	-65.3415 -38.4165
140000.006650	-63.9678 -46.603
141000.006697	-51.2314 -46.6189
142000.006745	-67.682 -40.9572
143000.006792	-51.1007 -49.5761
144000.006840	-60.1893 -42.4323
145000.006887	-54.029 -58.0397
146000.006935	-73.8415 -45.76
147000.006982	-66.6497 -43.3293
148000.007030	-53.0657 -52.1993
149000.007077	-65.8853 -52.6401
150000.007125	-60.6715 -43.0745
151000.007172	-55.0841 -60.6588
152000.007220	-74.5563 -30.8034
153000.007267	-68.8751 -51.2924
154000.007315	-74.007 -50.8208
155000.007362	-63.2575 -46.2379
156000.007410	-75.8905 -39.796
157000.007457	-74.111 -40.0371
158000.007505	-64.8644 -43.5342
159000.007552	-61.7898 -48.3425
160000.007600	-65.7164 -42.0115
161000.007647	-69.6092 -40.5389
162000.007695	-65.0296 -45.085
163000.007742	-63.6169 -43.6567
164000.007790	-73.1006 -36.2048
165000.007837	-64.5993 -44.2087
166000.007885	-57.8842 -52.5202
167000.007932	-62.2668 -47.5776
168000.007980	-60.919 -39.0112
169000.008027	-70.2901 -43.5226
170000.008075	-58.3792 -54.1158
171000.008122	-64.628 -33.3234
172000.008170	-61.4309 -51.1795
173000.008217	-62.8163 -50.212
174000.008265	-71.5987 -36.9766
175000.008312	-58.659 -42.5099
176000.008360	-67.6345 -36.1936
177000.008407	-62.5544 -50.3271
178000.008455	-66.3434 -63.2177
179000.008502	-58.8585 -54.4417
180000.008550	-55.9861 -40.8641
181000.008597	-59.8954 -53.9984
182000.008645	-57.4235 -42.4715
183000.008692	-60.6572 -47.9593
184000.008740	-69.4335 -37.8083
185000.008787	-50.9213 -51.7159
186000.008835	-72.9593 -49.522
187000.008882	-55.4805 -58.3602
188000.008930	-59.6987 -44.1147
189000.008977	-63.278 -45.3627
190000.009025	-62.6479 -42.8656
191000.009072	-60.9279 -62.1769
192000.009120	-80.4745 -44.9973
193000.009167	-67.2147 -44.1154
194000.009215	-77.7776 -36.583
195000.009262	-65.2935 -43.3833
196000.009310	-64.4453 -44.8614
197000.009357	-67.5268 -51.0603
198000.009404	-68.4002 -43.5254
199000.009452	-67.5369 -46.715
200000.009499	-60.4784 -48.5662
201000.009547	-65.3919 -50.6282
202000.009594	-62.2301 -54.7416
203000.009642	-62.4054 -49.5817
204000.009689	-69.479 -28.4981
205000.009737	-54.5989 -62.2476
206000.009784	-81.9424 -36.935
207000.009832	-57.0326 -48.2055
208000.009879	-75.0946 -27.6221
209000.009927	-56.5385 -35.7321
210000.009974	-78.3954 -31.574
211000.010022	-56.0003 -57.4632
212000.010069	-75.8651 -47.2939
213000.010117	-66.4215 -44.3662
214000.010164	-76.9832 -39.7869
215000.010212	-57.0831 -66.1455
216000.010259	-66.751 -45.2045
217000.010307	-61.2423 -46.5706
218000.010354	-52.5679 -55.5807
219000.010402	-74.2825 -44.615
220000.010449	-58.8456 -41.1358
221000.010497	-66.4751 -56.1162
222000.010544	-52.5194 -42.7122
223000.010592	-75.8823 -41.5566
224000.010639	-63.2408 -46.8177
225000.010687	-72.481 -42.288
226000.010734	-80.1382 -55.1405
227000.010782	-65.3244 -46.0617
228000.010829	-68.7624 -51.7914
229000.010877	-59.5869 -46.8691
230000.010924	-57.8734 -68.3943
231000.010972	-61.7682 -49.9508
232000.011019	-76.3071 -45.9162
233000.011067	-66.3978 -46.7129
234000.011114	-62.3157 -29.5596
235000.011162	-57.8845 -48.062
236000.011209	-69.0587 -53.6411
237000.011257	-62.7193 -51.4013
238000.011304	-73.4882 -40.9138
239000.011352	-61.3615 -40.8391
240000.011399	-61.4897 -56.3003
241000.011447	-58.2041 -42.3965
242000.011494	-72.0893 -40.339
243000.011542	-72.3544 -51.7642
244000.011589	-73.2607 -54.6035
245000.011637	-77.0609 -39.2472
246000.011684	-53.8397 -56.1688
247000.011732	-73.2816 -37.4238
248000.011779	-75.5417 -37.9229
249000.011827	-63.3816 -41.5903
250000.011874	-63.7705 -38.7455
251000.011922	-71.1032 -36.5711
252000.011969	-72.1628 -53.5288
253000.012017	-66.6195 -52.7866
254000.012064	-75.229 -46.6159
255000.012112	-62.9541 -45.1253
256000.012159	-77.3108 -41.9229
257000.012207	-74.0796 -38.4907
258000.012254	-50.1888 -52.9675
259000.012302	-69.5909 -52.3369
260000.012349	-48.742 -62.5691
261000.012397	-68.9996 -35.9671
262000.012444	-65.7601 -41.7236
263000.012492	-57.6091 -43.1736
264000.012539	-68.9419 -45.112
265000.012587	-61.7175 -58.494
266000.012634	-73.3338 -46.5473
267000.012682	-68.9376 -48.6996
268000.012729	-69.9146 -49.4419
269000.012777	-47.5579 -50.6819
270000.012824	-60.6664 -47.2109
271000.012872	-68.2272 -42.4892
272000.012919	-73.3261 -43.764
273000.012967	-58.4057 -42.6975
274000.013014	-57.2748 -45.777
275000.013062	-61.4646 -54.5524
276000.013109	-59.9362 -48.7292
277000.013157	-62.7858 -45.9939
278000.013204	-69.4542 -39.3179
279000.013252	-64.8679 -49.6754
280000.013299	-64.6052 -47.699
281000.013347	-61.0492 -42.9089
282000.013394	-58.8351 -54.3615
283000.013442	-74.263 -49.9475
284000.013489	-67.7122 -39.3636
285000.013537	-72.0107 -33.6202
286000.013584	-73.343 -57.9078
287000.013632	-71.0565 -47.2075
288000.013679	-61.8437 -43.4195
289000.013727	-75.8071 -44.8362
290000.013774	-80.677 -46.5922
291000.013822	-66.0432 -38.3491
292000.013869	-66.1673 -43.1545
293000.013917	-63.8662 -45.333
294000.013964	-70.4635 -46.3985
295000.014012	-74.5664 -49.2781
296000.014059	-57.11 -48.0829
297000.014107	-59.118 -27.9153
298000.014154	-60.5396 -60.4775
299000.014202	-67.0722 -59.9234
300000.014249	-61.7528 -57.6466
301000.014297	-61.0406 -45.8349
302000.014344	-60.4698 -37.0715
303000.014392	-60.2024 -55.696
304000.014439	-56.9208 -45.0395
305000.014487	-55.9727 -46.8997
306000.014534	-64.0963 -58.0702
307000.014582	-62.8653 -46.8144
308000.014629	-72.6837 -32.0823
309000.014677	-70.7397 -51.6561
310000.014724	-64.0235 -40.5142
311000.014772	-69.5508 -37.7628
312000.014819	-72.9428 -40.3794
313000.014867	-75.2503 -43.4608
314000.014914	-68.1854 -39.0035
315000.014962	-52.7568 -49.3092
316000.015009	-60.8536 -46.3924
317000.015057	-65.2223 -50.0895
318000.015104	-61.5455 -38.1723
319000.015152	-68.6998 -52.1314
320000.015199	-57.9961 -50.064
321000.015247	-70.8727 -45.4671
322000.015294	-71.4659 -40.6285
323000.015342	-65.8305 -46.2657
324000.015389	-68.7267 -38.447
325000.015437	-69.5506 -46.4776
326000.015484	-65.3551 -42.6836
327000.015532	-50.1313 -46.1943
328000.015579	-65.5079 -51.6623
329000.015627	-68.1894 -56.6653
330000.015674	-51.4206 -47.4329
331000.015722	-54.4104 -61.2485
332000.015769	-49.1408 -52.9876
333000.015817	-65.6294 -45.2672
334000.015864	-63.7717 -52.3883
335000.015912	-74.3556 -33.2645
336000.015959	-57.8071 -43.0601
337000.016007	-47.6475 -48.2581
338000.016054	-61.5224 -54.0733
339000.016102	-65.0079 -40.0783
340000.016149	-65.3938 -41.4674
341000.016197	-65.9547 -55.8759
342000.016244	-71.875 -40.1727
343000.016292	-54.4545 -45.0701
344000.016339	-72.6397 -39.6381
345000.016387	-54.7391 -47.1565
346000.016434	-76.9109 -41.673
347000.016482	-59.3187 -47.8426
348000.016529	-64.9586 -42.4509
349000.016577	-63.385 -55.3124
350000.016624	-67.7012 -45.1873
351000.016672	-58.8116 -48.4629
352000.016719	-57.0347 -43.0295
353000.016767	-63.4579 -39.5547
354000.016814	-63.0076 -38.3999
355000.016862	-68.6253 -49.6166
356000.016909	-73.0194 -34.9983
357000.016957	-69.6726 -44.8902
358000.017004	-66.1809 -41.005
359000.017052	-58.924 -51.1551
360000.017099	-72.3412 -45.6685
361000.017147	-62.0723 -51.0571
362000.017194	-66.0582 -34.901
363000.017242	-56.4103 -55.6624
364000.017289	-70.0827 -33.0954
365000.017337	-65.5527 -47.6798
366000.017384	-52.2618 -63.3263
367000.017432	-58.8315 -53.2866
368000.017479	-62.7636 -27.8144
369000.017527	-51.3503 -45.7899
370000.017574	-66.3514 -55.3273
371000.017622	-76.1531 -43.9903
372000.017669	-83.9526 -42.9126
373000.017717	-59.2336 -56.3567
374000.017764	-57.9497 -50.0047
375000.017812	-67.0013 -50.2508
376000.017859	-50.4001 -58.3327
377000.017907	-55.6317 -52.3351
378000.017954	-65.7726 -56.8173
379000.018002	-70.4914 -43.4518
380000.018049	-61.4049 -49.8094
381000.018097	-56.0285 -49.7832
382000.018144	-67.4765 -42.1382
383000.018192	-61.9529 -38.4055
384000.018239	-64.1013 -44.2485
385000.018287	-66.5068 -37.2463
386000.018334	-49.9754 -50.7831
387000.018382	-68.8537 -45.0565
388000.018429	-58.9903 -42.006
389000.018477	-74.8032 -47.4389
390000.018524	-63.4364 -56.7391
391000.018572	-67.6477 -45.2323
392000.018619	-61.5984 -36.1979
393000.018666	-64.4131 -47.2569
394000.018714	-71.7649 -57.396
395000.018761	-70.627 -37.7725
396000.018809	-68.6245 -32.3507
397000.018856	-62.8138 -53.06
398000.018904	-73.2076 -41.4269
399000.018951	-60.1608 -34.3041
400000.018999	-64.7227 -58.0969
401000.019046	-78.6748 -40.7396
402000.019094	-68.9381 -37.4609
403000.019141	-84.1127 -39.0609
404000.019189	-67.2624 -41.3669
405000.019236	-53.1745 -56.1229
406000.019284	-67.5928 -48.9105
407000.019331	-56.3361 -49.7101
408000.019379	-75.5481 -38.2406
409000.019426	-57.2086 -44.6948
410000.019474	-65.8463 -41.1035
411000.019521	-72.0688 -51.9379
412000.019569	-58.6029 -53.5765
413000.019616	-50.7568 -58.5853
414000.019664	-67.3884 -49.9202
415000.019711	-57.197 -39.5051
416000.019759	-62.8241 -53.6558
417000.019806	-74.3856 -28.9877
418000.019854	-59.7499 -44.7393
419000.019901	-57.346 -51.3988
420000.019949	-50.4499 -57.8597
421000.019996	-60.1546 -44.5146
422000.020044	-55.2693 -42.7737
423000.020091	-75.8651 -55.8964
424000.020139	-49.6863 -51.674
425000.020186	-64.3525 -55.8478
426000.020234	-64.795 -51.6448
427000.020281	-55.0457 -46.9146
428000.020329	-70.4086 -38.0872
429000.020376	-62.2417 -58.8232
430000.020424	-55.6948 -44.6562
431000.020471	-66.2411 -44.3329
432000.020519	-55.9814 -50.4202
433000.020566	-59.8438 -49.4643
434000.020614	-67.127 -47.1143
435000.020661	-63.1819 -43.8231
436000.020709	-65.1737 -39.4327
437000.020756	-79.3685 -37.5786
438000.020804	-67.252 -47.0751
	-65.8097 -38.0775
	-75.2679 -34.753
