1140000.054147	67.4995 -155.677
1141000.054195	54.1867 -157.355
1142000.054242	60.5436 -160.67
1143000.054290	35.6866 -156.978
1144000.054337	65.6893 -173.582
1145000.054385	54.7314 -167.12
1146000.054432	59.0986 -154.965
1147000.054480	50.4199 -160.019
1148000.054527	61.6669 -155.963
1149000.054575	39.9734 -151.032
1150000.054622	62.9417 -173.231
1151000.054670	57.8708 -162.331
1152000.054717	62.3713 -162.312
1153000.054765	47.8597 -166.768
1154000.054812	66.1397 -158.886
1155000.054860	52.7174 -158.875
1156000.054907	51.2985 -164.849
1157000.054955	65.961 -159.469
1158000.055002	44.8263 -148.013
1159000.055050	71.7791 -157.534
1160000.055097	46.7092 -159.583
1161000.055145	68.0832 -152.573
1162000.055192	53.6301 -168.592
1163000.055240	59.4042 -173.49
1164000.055287	69.8042 -159.169
1165000.055335	68.5091 -162.335
1166000.055382	57.8781 -148.976
1167000.055430	65.1025 -167.338
1168000.055477	66.2097 -165.424
1169000.055525	56.4832 -146.39
1170000.055572	55.0996 -170.492
1171000.055620	58.2418 -163.234
1172000.055667	57.7332 169.789
1173000.055715	44.3589 -163.933
1174000.055762	60.5268 -165.312
1175000.055810	47.8274 -143.108
1176000.055857	51.9504 -130.963
1177000.055905	61.4946 177.671
1178000.055952	56.8971 -173.843
1179000.055999	56.0245 -166.245
1180000.056047	62.3225 -176.409
1181000.056094	61.798 -157.36
1182000.056142	50.9502 -137
1183000.056189	55.0984 -158.648
1184000.056237	54.2444 -170.763
1185000.056284	66.337 -171.314
1186000.056332	73.7439 -176.706
1187000.056379	50.437 -144.502
1188000.056427	52.9819 -168.593
1189000.056474	60.2161 -155.765
1190000.056522	49.8923 -138.999
1191000.056569	46.3647 -166.788
1192000.056617	51.1091 -163.112
1193000.056664	42.5639 -153.089
1194000.056712	48.4498 -156.53
1195000.056759	56.2856 -167.554
1196000.056807	51.2007 -166.913
1197000.056854	64.6147 -147.105
1198000.056902	49.3977 -156.232
1199000.056949	57.8422 -153.924
1200000.056997	52.1886 -152.542
1201000.057044	48.9939 -138.432
1202000.057092	41.8816 -160.83
1203000.057139	58.0391 -172.259
1204000.057187	60.3034 -143.295
1205000.057234	56.5703 -173.956
1206000.057282	59.3957 -156.011
1207000.057329	63.9473 -175.367
1208000.057377	60.5388 -164.37
1209000.057424	60.7518 -153.184
1210000.057472	59.9831 -151.982
1211000.057519	62.7036 -170.271
1212000.057567	50.6147 -152.643
1213000.057614	61.0492 -164.385
1214000.057662	54.3251 -164.168
1215000.057709	52.1289 -171.383
1216000.057757	55.0184 -156.473
1217000.057804	58.7903 -168.05
1218000.057852	46.8448 -152.022
1219000.057899	61.0371 -168.413
1220000.057947	60.2455 -161.471
1221000.057994	59.1086 -155.303
1222000.058042	57.71 -162.645
1223000.058089	54.2386 177.546
1224000.058137	51.715 -142.863
1225000.058184	55.2784 -151.466
1226000.058232	44.5145 -146.762
1227000.058279	62.3628 -164.55
1228000.058327	58.2966 -173.886
1229000.058374	66.6657 -174.981
1230000.058422	38.8846 -160.812
1231000.058469	59.6874 -160.109
1232000.058517	59.3674 -158.13
1233000.058564	54.424 179.048
1234000.058612	46.7646 -145.103
1235000.058659	68.3428 -174.628
1236000.058707	48.8552 -145.278
1237000.058754	54.3532 -168.488
1238000.058802	64.4686 -163.984
1239000.058849	54.4284 -173.617
1240000.058897	61.0683 -147.207
1241000.058944	57.4264 -161.728
1242000.058992	57.9361 -165.224
1243000.059039	60.1124 -172.278
1244000.059087	61.7538 -167.507
1245000.059134	52.7099 178.97
1246000.059182	72.0615 -166.274
1247000.059229	63.8681 167.057
1248000.059277	69.8359 176.73
1249000.059324	59.114 -169.955
1250000.059372	40.9493 -157.19
1251000.059419	58.7873 -174.548
1252000.059467	54.2106 173.394
1253000.059514	54.9598 -161.179
1254000.059562	46.1454 -149.364
1255000.059609	47.5461 -151.646
1256000.059657	47.2671 -156.536
1257000.059704	57.8309 -168.009
1258000.059752	60.2753 -166.705
1259000.059799	64.3945 169.104
1260000.059847	56.6695 -138.08
1261000.059894	50.8804 -162.878
1262000.059942	41.0143 174.756
1263000.059989	50.0315 -150.545
1264000.060037	61.3497 -173.777
1265000.060084	42.3865 -154.058
1266000.060132	57.0622 -128.905
1267000.060179	52.6589 -161.919
1268000.060227	44.4169 -167.227
1269000.060274	58.3652 -172.66
1270000.060322	59.2658 -163.381
1271000.060369	61.8967 -170.166
1272000.060417	65.6298 -169.602
1273000.060464	46.6341 -166.578
1274000.060512	69.8349 -172.071
1275000.060559	53.4191 -148.1
1276000.060607	62.8281 -163.289
1277000.060654	54.2457 -154.47
1278000.060702	45.4267 -154.05
1279000.060749	59.815 -159.001
1280000.060797	48.4002 -145.202
1281000.060844	53.3329 -164.542
1282000.060892	57.9855 -159.545
1283000.060939	61.9567 175.652
1284000.060987	59.1748 -168.33
1285000.061034	61.6535 -157.719
1286000.061082	50.1726 -158.842
1287000.061129	47.1494 -170.73
1288000.061177	60.8655 -155.426
1289000.061224	62.0724 -155.997
1290000.061272	52.2285 -140.82
1291000.061319	43.0188 -162.376
1292000.061367	57.5129 170.823
1293000.061414	57.8043 -161.286
1294000.061462	67.5719 -174.985
1295000.061509	53.1596 -162.396
1296000.061557	60.8279 -157.541
1297000.061604	70.4021 170.418
1298000.061652	57.5087 -160.765
1299000.061699	48.593 -156.548
1300000.061747	73.2021 179.794
1301000.061794	47.1457 -149.775
1302000.061842	52.4256 -167.362
1303000.061889	66.665 -160.605
1304000.061937	50.9919 -178.462
1305000.061984	60.6308 -168.011
1306000.062032	62.2367 -144.56
1307000.062079	62.3673 -167.233
1308000.062127	50.7304 -145.562
1309000.062174	61.12 -158.666
1310000.062222	49.5169 -175.355
1311000.062269	59.6526 -163.899
1312000.062317	59.0016 -165.996
1313000.062364	51.6953 -144.608
1314000.062412	39.0747 -153.876
1315000.062459	52.8274 -136.109
1316000.062507	58.6308 179.253
1317000.062554	69.2665 -151.874
1318000.062602	58.4946 -142.051
1319000.062649	63.1158 -159.63
1320000.062697	52.5982 -174.399
1321000.062744	59.5246 -171.425
1322000.062792	63.3686 -166.675
1323000.062839	63.2136 -166.22
1324000.062887	50.1514 -162.86
1325000.062934	72.8702 170.392
1326000.062982	57.4899 -130.709
1327000.063029	52.4478 -163.369
1328000.063077	54.7353 -127.679
1329000.063124	62.7406 -148.778
1330000.063172	61.0139 -163.625
1331000.063219	65.8149 -169.428
1332000.063267	67.8011 -172.044
1333000.063314	46.4699 -156.153
1334000.063362	60.9106 -158.854
1335000.063409	65.9061 -166.51
1336000.063457	49.2061 -151.152
1337000.063504	55.4384 -168.995
1338000.063552	57.1157 -172.194
1339000.063599	60.8941 -145.34
1340000.063647	40.3081 -149.756
1341000.063694	65.2055 -155.923
1342000.063742	47.1399 -162.617
1343000.063789	64.4595 -162.332
1344000.063837	59.1954 -147.45
1345000.063884	49.3818 -144.923
1346000.063932	51.0915 -162.553
1347000.063979	57.106 -172.946
1348000.064027	70.6273 -167.229
1349000.064074	45.4751 -147.251
1350000.064122	54.5746 -157.166
1351000.064169	63.0282 -135.514
1352000.064217	46.4434 -175.169
1353000.064264	61.5198 -167.863
1354000.064312	52.4444 -158.129
1355000.064359	54.0867 -170.097
1356000.064407	59.6099 -148.601
1357000.064454	73.7372 -149.595
1358000.064502	57.0794 -175.378
1359000.064549	51.8064 -156.938
1360000.064597	53.504 -147.529
1361000.064644	64.8241 -158.202
1362000.064692	61.1396 164.902
1363000.064739	58.3102 -168.309
1364000.064787	37.449 -138.485
1365000.064834	59.496 -170.491
1366000.064882	66.434 -165.994
1367000.064929	51.4999 -157.652
1368000.064977	53.3819 -145.622
1369000.065024	55.1849 -146.768
1370000.065072	50.0358 -157.649
1371000.065119	42.0716 -145.931
1372000.065167	60.5084 -178.663
1373000.065214	56.1779 -165.448
1374000.065261	59.6647 -177.104
1375000.065309	68.3864 -162.478
1376000.065356	54.1225 -153.751
1377000.065404	61.4766 -164.636
1378000.065451	67.5249 -176.743
1379000.065499	55.4485 -168.419
1380000.065546	61.2335 -165.481
1381000.065594	59.676 -148.874
1382000.065641	47.8052 -147.042
1383000.065689	51.9761 -138.033
1384000.065736	53.8154 -139.188
1385000.065784	41.058 -140.376
1386000.065831	49.214 -125.491
1387000.065879	65.6989 -150.962
1388000.065926	40.9736 -160.406
1389000.065974	47.076 179.89
1390000.066021	52.6127 -167.661
1391000.066069	59.4771 176.435
1392000.066116	56.8104 -175.234
1393000.066164	57.8734 168.738
1394000.066211	70.8135 -162.265
1395000.066259	69.5185 169.974
1396000.066306	52.7474 -158.669
1397000.066354	55.2744 166.694
1398000.066401	62.1819 167.47
1399000.066449	52.1568 -161.434
1400000.066496	53.0881 -176.107
1401000.066544	71.2404 -139.527
1402000.066591	61.5995 -157.317
1403000.066639	50.9471 -147.916
1404000.066686	48.8601 -142.176
1405000.066734	49.8132 -158.346
1406000.066781	42.7449 -143.8
1407000.066829	46.6791 -159.27
1408000.066876	61.4513 -171.388
1409000.066924	54.3341 -166.639
1410000.066971	68.7129 178.92
1411000.067019	43.7862 -158.586
1412000.067066	63.0015 -173.212
1413000.067114	55.947 -155.959
1414000.067161	45.4915 -160.98
1415000.067209	52.7312 -178.781
1416000.067256	44.3464 -173.493
1417000.067304	63.1624 -172.344
1418000.067351	61.8672 -156.633
1419000.067399	56.6543 -155.318
1420000.067446	51.184 -167.918
1421000.067494	60.2051 -163.145
1422000.067541	57.5376 -158.137
1423000.067589	56.2954 -156.844
1424000.067636	55.9225 176.825
1425000.067684	52.4362 174.705
1426000.067731	46.4712 -145.145
1427000.067779	55.6066 -157.711
1428000.067826	52.8983 -163.637
1429000.067874	56.581 -167.185
1430000.067921	57.1854 -148.007
1431000.067969	50.8428 -160.671
1432000.068016	50.271 -155.192
1433000.068064	50.3159 -175.804
1434000.068111	60.6031 -163.477
1435000.068159	54.5877 -176.505
1436000.068206	52.1545 -174.597
1437000.068254	60.8722 -172.597
1438000.068301	61.898 -168.699
1439000.068349	52.4254 -160.139
1440000.068396	51.9166 -149.06
1441000.068444	66.5014 -178.255
1442000.068491	69.1379 -179.781
1443000.068539	47.2373 -173.88
1444000.068586	64.4128 163.488
1445000.068634	59.6535 -150.704
1446000.068681	66.0076 -128.944
1447000.068729	66.6746 -163.954
1448000.068776	66.8038 -157.879
1449000.068824	57.8721 170.709
1450000.068871	50.8385 -144.785
1451000.068919	39.8282 -156.731
1452000.068966	64.7132 161.19
1453000.069014	48.8934 -134.086
1454000.069061	65.6929 -157.513
1455000.069109	39.2779 -138.486
1456000.069156	53.508 -150.043
1457000.069204	45.8058 -139.013
1458000.069251	44.9533 -141.338
	60.3492 -132.988
	45.054 -149.47
