240000.011399	-156.088 -52.9544
241000.011447	-141.656 -42.872
242000.011494	-158.909 -42.4563
243000.011542	-161.358 -51.2532
244000.011589	-153.127 -58.799
245000.011637	-154.172 -55.5981
246000.011684	-152.785 -50.5853
247000.011732	-166.625 -35.246
248000.011779	-156.827 -31.7996
249000.011827	-150.505 -39.4949
250000.011874	-145.547 -30.9752
251000.011922	-158.612 -34.5366
252000.011969	-146.496 -45.7466
253000.012017	-148.571 -60.3848
254000.012064	-159.876 -44.2342
255000.012112	-157.177 -48.9617
256000.012159	-157.951 -44.6751
257000.012207	-161.445 -42.9075
258000.012254	-148.579 -51.2613
259000.012302	-148.456 -49.674
260000.012349	-158.217 -35.7512
261000.012397	-151.574 -51.7566
262000.012444	-155.267 -52.4674
263000.012492	-160.683 -39.7081
264000.012539	-145.411 -40.5652
265000.012587	-159.39 -44.287
266000.012634	-153.945 -33.863
267000.012682	-157.421 -29.9204
268000.012729	-156.108 -41.9341
269000.012777	-156.913 -30.0817
270000.012824	-146.243 -48.6926
271000.012872	-146.553 -39.0149
272000.012919	-167.647 -43.5731
273000.012967	-139.525 -51.1997
274000.013014	-152.163 -49.8677
275000.013062	-150.614 -36.496
276000.013109	-159.709 -57.0284
277000.013157	-155.243 -45.1276
278000.013204	-167.779 -37.0983
279000.013252	-159.783 -55.6521
280000.013299	-159.07 -52.88
281000.013347	-157.272 -55.9331
282000.013394	-156.601 -45.0659
283000.013442	-158.27 -38.1266
284000.013489	-164.445 -38.0384
285000.013537	-149.58 -38.726
286000.013584	-151.947 -40.6417
287000.013632	-154.447 -48.6503
288000.013679	-155.78 -33.213
289000.013727	-162.085 -42.7123
290000.013774	-151.548 -43.728
291000.013822	-158.709 -22.7481
292000.013869	-158.824 -41.0262
293000.013917	-153.118 -58.015
294000.013964	-161 -50.8467
295000.014012	-159.12 -33.9292
296000.014059	-156.288 -41.5212
297000.014107	-159.944 -49.7923
298000.014154	-158.006 -54.4739
299000.014202	-159.831 -43.9922
300000.014249	-154.711 -48.2683
301000.014297	-158.68 -43.0235
302000.014344	-147.464 -46.681
303000.014392	-151.731 -32.9608
304000.014439	-158.527 -56.6793
305000.014487	-153.618 -67.4788
306000.014534	-152.889 -50.4365
307000.014582	-159.057 -45.2528
308000.014629	-155.719 -51.7736
309000.014677	-144.77 -31.2251
310000.014724	-150.119 -38.7572
311000.014772	-154.516 -54.9616
312000.014819	-159.438 -29.1601
313000.014867	-141.987 -32.1158
314000.014914	-154.684 -36.2131
315000.014962	-166.246 -39.7313
316000.015009	-157.421 -38.4197
317000.015057	-156.013 -39.1524
318000.015104	-163.187 -43.082
319000.015152	-150.657 -39.5873
320000.015199	-160.371 -42.9967
321000.015247	-150.624 -40.9748
322000.015294	-159.927 -51.883
323000.015342	-157.949 -37.8382
324000.015389	-146.589 -52.1628
325000.015437	-149.184 -31.2962
326000.015484	-142.95 -45.57
327000.015532	-155.901 -60.6008
328000.015579	-156.808 -45.2667
329000.015627	-163.232 -44.4999
330000.015674	-153.792 -44.4867
331000.015722	-153.439 -35.4963
332000.015769	-157.881 -37.9951
333000.015817	-167.081 -62.4041
334000.015864	-152.727 -47.6604
335000.015912	-163.327 -37.2701
336000.015959	-156.342 -55.0612
337000.016007	-161.208 -31.1935
338000.016054	-150.032 -40.0303
339000.016102	-153.253 -39.4439
340000.016149	-142.257 -33.5741
341000.016197	-154.87 -33.6844
342000.016244	-152.388 -46.4497
343000.016292	-165.161 -42.5032
344000.016339	-164.722 -40.5133
345000.016387	-156.793 -27.8673
346000.016434	-159.972 -52.5289
347000.016482	-155.126 -39.9763
348000.016529	-146.194 -49.8073
349000.016577	-151.454 -32.8128
350000.016624	-152.435 -48.7966
351000.016672	-159.003 -56.9426
352000.016719	-152.949 -64.288
353000.016767	-153.037 -47.9378
354000.016814	-149.001 -42.8319
355000.016862	-158.448 -39.1812
356000.016909	-160.722 -37.516
357000.016957	-152.465 -37.9002
358000.017004	-155.474 -65.9427
359000.017052	-159.411 -45.0601
360000.017099	-160.078 -55.5175
361000.017147	-153.296 -42.9253
362000.017194	-160.476 -27.9745
363000.017242	-161.991 -38.9213
364000.017289	-140.682 -48.0296
365000.017337	-150.987 -53.8395
366000.017384	-166.944 -31.9895
367000.017432	-153.154 -58.083
368000.017479	-140.77 -38.1092
369000.017527	-153.641 -50.1684
370000.017574	-152.491 -36.5945
371000.017622	-146.021 -47.9813
372000.017669	-140.571 -46.9035
373000.017717	-155.602 -44.2207
374000.017764	-159.049 -43.7095
375000.017812	-163.761 -35.337
376000.017859	-157.106 -49.9368
377000.017907	-155.264 -26.2571
378000.017954	-169.803 -66.0319
379000.018002	-150.571 -41.5959
380000.018049	-156.843 -47.1363
381000.018097	-156.142 -41.646
382000.018144	-157.364 -35.9642
383000.018192	-156.399 -50.2202
384000.018239	-161.456 -38.3293
385000.018287	-159.157 -40.3869
386000.018334	-154.854 -37.7067
387000.018382	-148.794 -42.459
388000.018429	-160.312 -44.8162
389000.018477	-156.555 -41.5442
390000.018524	-160.447 -54.3207
391000.018572	-151.062 -52.5838
392000.018619	-153.694 -41.0468
393000.018666	-168.962 -38.9736
394000.018714	-155.846 -56.9864
395000.018761	-157.528 -44.7114
396000.018809	-161.028 -43.5364
397000.018856	-152.018 -32.6627
398000.018904	-162.172 -41.8284
399000.018951	-156.832 -45.4483
400000.018999	-155.696 -56.8033
401000.019046	-142.92 -54.8725
402000.019094	-161.215 -40.3163
403000.019141	-157.577 -49.1298
404000.019189	-147.373 -36.1601
405000.019236	-164.506 -25.6473
406000.019284	-154.687 -38.631
407000.019331	-171.425 -43.3086
408000.019379	-160.992 -44.6506
409000.019426	-167.457 -24.1605
410000.019474	-149.736 -47.1868
411000.019521	-150.085 -43.7247
412000.019569	-156.088 -56.0518
413000.019616	-169.942 -40.2925
414000.019664	-148.879 -32.139
415000.019711	-151.131 -55.4219
416000.019759	-150.364 -40.8569
417000.019806	-156.861 -39.5961
418000.019854	-151.092 -36.3866
419000.019901	-158.701 -37.6716
420000.019949	-146.858 -45.0936
421000.019996	-158.361 -40.5711
422000.020044	-160.607 -41.2493
423000.020091	-151.357 -38.2144
424000.020139	-156.481 -44.0315
425000.020186	-152.114 -37.2113
426000.020234	-160.478 -43.671
427000.020281	-148.325 -50.4074
428000.020329	-156.909 -38.9604
429000.020376	-161.289 -29.8359
430000.020424	-156.83 -48.0712
431000.020471	-162.062 -43.1195
432000.020519	-135.671 -33.5248
433000.020566	-147.833 -47.4218
434000.020614	-160.293 -42.1309
435000.020661	-155.222 -46.7263
436000.020709	-149.152 -49.3875
437000.020756	-139.092 -55.9177
438000.020804	-144.787 -49.6777
439000.020851	-157.689 -39.6227
440000.020899	-156.039 -35.7546
441000.020946	-145.695 -54.9118
442000.020994	-150.563 -41.8901
443000.021041	-159.069 -41.0689
444000.021089	-155.742 -39.1021
445000.021136	-150.869 -54.5077
446000.021184	-159.251 -28.7248
447000.021231	-140.947 -48.1136
448000.021279	-160.395 -42.1678
449000.021326	-152.828 -45.9286
450000.021374	-155.177 -41.9107
451000.021421	-150.197 -50.3664
452000.021469	-159.867 -39.8233
453000.021516	-159.935 -53.6841
454000.021564	-163.979 -46.7881
455000.021611	-154.196 -51.3108
456000.021659	-160.178 -61.8507
457000.021706	-161.132 -41.2108
458000.021754	-145.512 -39.7613
459000.021801	-146.763 -30.8712
460000.021849	-150.675 -46.7219
461000.021896	-151.16 -45.4024
462000.021944	-165.096 -39.4011
463000.021991	-151.785 -56.3032
464000.022039	-150.4 -58.0738
465000.022086	-151.8 -45.1898
466000.022134	-156.293 -52.8248
467000.022181	-150.913 -40.7379
468000.022229	-136.822 -30.8041
469000.022276	-168.814 -30.2242
470000.022324	-164.461 -31.4347
471000.022371	-157.289 -45.2221
472000.022419	-153.926 -40.9647
473000.022466	-161.953 -51.075
474000.022514	-160.132 -47.9669
475000.022561	-149.78 -47.0962
476000.022609	-150.484 -25.6562
477000.022656	-163.245 -50.1903
478000.022704	-146.307 -45.6429
479000.022751	-155.82 -40.4578
480000.022799	-151.93 -33.5997
481000.022846	-147.45 -34.4766
482000.022894	-152.327 -54.4713
483000.022941	-145.961 -42.3207
484000.022989	-147.203 -46.7821
485000.023036	-163.028 -29.7236
486000.023084	-157.154 -40.2346
487000.023131	-159.691 -47.6553
488000.023179	-158.627 -50.0133
489000.023226	-139.182 -54.2635
490000.023274	-156.609 -45.4765
491000.023321	-159.239 -47.1407
492000.023369	-153.072 -39.9192
493000.023416	-155.014 -42.0187
494000.023464	-158.2 -40.3387
495000.023511	-166.66 -54.3924
496000.023559	-150.13 -50.696
497000.023606	-157.01 -38.5893
498000.023654	-164.94 -33.1218
499000.023701	-158.506 -37.7061
500000.023749	-147.235 -56.9844
501000.023796	-155.424 -42.6213
502000.023844	-145.14 -41.0438
503000.023891	-158.393 -49.5747
504000.023939	-161.344 -42.4305
505000.023986	-161.467 -24.9714
506000.024034	-150.343 -44.1758
507000.024081	-153.417 -55.3519
508000.024129	-154.925 -40.8464
509000.024176	-152.091 -42.905
510000.024224	-157.448 -34.7449
511000.024271	-153.586 -31.1712
512000.024319	-149.719 -36.6089
513000.024366	-157.113 -53.7297
514000.024414	-152.032 -60.4504
515000.024461	-154.114 -43.5893
516000.024509	-144.059 -46.9025
517000.024556	-156.207 -47.8085
518000.024604	-157.796 -45.0813
519000.024651	-158.016 -49.2354
520000.024699	-144.473 -35.4056
521000.024746	-140.112 -44.9701
522000.024794	-151.035 -60.0996
523000.024841	-135.842 -37.1547
524000.024889	-156.59 -58.9776
525000.024936	-160.245 -39.6611
526000.024984	-153.276 -47.1879
527000.025031	-156.305 -36.8115
528000.025079	-155.358 -38.535
529000.025126	-155.419 -44.3353
530000.025174	-151.376 -63.213
531000.025221	-147.385 -37.3704
532000.025269	-153.74 -58.4008
533000.025316	-156.625 -33.5556
534000.025364	-147.381 -41.5599
535000.025411	-143.617 -34.2323
536000.025459	-159.358 -30.1053
537000.025506	-158.696 -27.1184
538000.025554	-160.63 -57.3051
539000.025601	-166.539 -37.753
540000.025649	-175.263 -40.0184
541000.025696	-155.413 -13.9005
542000.025744	-160.385 -42.747
543000.025791	-143.22 -52.3698
544000.025839	-153.847 -35.876
545000.025886	-165.884 -17.425
546000.025934	-154.005 -22.6719
547000.025981	-156.493 -37.3453
548000.026029	-155.649 -41.4942
549000.026076	-161.719 -45.4171
550000.026124	-164.082 -41.6497
551000.026171	-148.677 -34.2552
552000.026219	-158.861 -33.1413
553000.026266	-155.195 -39.6994
554000.026314	-151.312 -46.9368
555000.026361	-154.668 -34.1699
556000.026409	-162.753 -49.0278
557000.026456	-150.436 -46.4854
558000.026504	-155.047 -54.4343
	-155.606 -44.1226
	-163.444 -34.5765
