0.000000	58.1003 131.361
1000.000047	50.2922 148.248
2000.000095	67.1419 144.04
3000.000142	62.006 131.669
4000.000190	58.2803 132.588
5000.000237	49.9661 145.753
6000.000285	62.1875 123.541
7000.000332	65.976 134.944
8000.000380	43.9962 134.109
9000.000427	49.0901 142.913
10000.000475	54.4522 142.367
11000.000522	53.0036 144.959
12000.000570	61.1668 139.708
13000.000617	59.2395 147.418
14000.000665	58.5733 143.846
15000.000712	69.2527 132.214
16000.000760	62.8078 133.211
17000.000807	60.8163 141.571
18000.000855	49.872 143.981
19000.000902	59.1154 133.136
20000.000950	62.0894 135.063
21000.000997	52.379 129.083
22000.001045	56.1483 142.745
23000.001092	58.533 133.233
24000.001140	63.5349 130.236
25000.001187	61.604 145.701
26000.001235	66.1022 128.175
27000.001282	60.4374 138.828
28000.001330	57.0493 138.605
29000.001377	57.6311 129.413
30000.001425	53.9666 133.463
31000.001472	58.1529 139.294
32000.001520	57.7023 143.009
33000.001567	57.7696 137.849
34000.001615	74.3485 132.019
35000.001662	62.2497 142.3
36000.001710	69.6753 131.436
37000.001757	66.7626 141.644
38000.001805	61.4727 123.343
39000.001852	56.9084 134.827
40000.001900	64.1518 138.761
41000.001947	49.6285 129.104
42000.001995	58.0005 140.296
43000.002042	67.5658 125.542
44000.002090	42.5055 146.753
45000.002137	55.1549 138.876
46000.002185	63.6158 130.409
47000.002232	54.4502 140.387
48000.002280	66.2629 124.597
49000.002327	63.0554 130.224
50000.002375	56.733 135.096
51000.002422	67.5137 140.277
52000.002470	55.5701 145.614
53000.002517	48.6245 127.224
54000.002565	59.8011 134.746
55000.002612	61.7357 135.458
56000.002660	50.516 146.823
57000.002707	59.9965 121.947
58000.002755	56.8118 114.47
59000.002802	66.2295 131.552
60000.002850	67.6814 125.734
61000.002897	49.3174 136.449
62000.002945	53.295 132.344
63000.002992	64.701 134.076
64000.003040	69.8144 135.637
65000.003087	51.9815 139.537
66000.003135	45.9963 140.403
67000.003182	60.6985 128.679
68000.003230	56.1043 130.923
69000.003277	71.3533 123.076
70000.003325	62.3603 133.507
71000.003372	65.7002 136.364
72000.003420	71.058 135.624
73000.003467	63.083 127.863
74000.003515	56.5001 140.689
75000.003562	45.8354 134.683
76000.003610	61.7103 139.461
77000.003657	70.4507 126.566
78000.003705	50.4394 141.011
79000.003752	56.4955 129.73
80000.003800	44.9049 139.387
81000.003847	56.9646 141.519
82000.003895	68.2977 135.232
83000.003942	57.5049 121.397
84000.003990	46.8661 139.748
85000.004037	44.3673 132.32
86000.004085	62.1079 128.962
87000.004132	60.4958 129.827
88000.004180	49.1596 139.823
89000.004227	59.8436 132.805
90000.004275	60.7082 138.251
91000.004322	63.5151 129.351
92000.004370	68.6325 132.188
93000.004417	48.343 147.358
94000.004465	66.5507 137.4
95000.004512	61.838 121.037
96000.004560	56.609 134.105
97000.004607	51.8006 136.395
98000.004655	61.5404 128.703
99000.004702	60.5931 130.049
100000.004750	52.8501 140.878
101000.004797	71.392 128.545
102000.004845	49.3396 132.301
103000.004892	58.2226 129.167
104000.004940	47.4391 141.265
105000.004987	61.6059 138.683
106000.005035	60.686 134.305
107000.005082	48.3078 145.733
108000.005130	50.3307 136.909
109000.005177	57.351 132.589
110000.005225	69.0147 130.113
111000.005272	59.6023 134.029
112000.005320	59.4294 139.112
113000.005367	62.8217 132.158
114000.005415	60.3042 133.881
115000.005462	52.5594 146.583
116000.005510	58.8532 146.089
117000.005557	71.7959 122.907
118000.005605	60.3339 136.66
119000.005652	48.5747 146.985
120000.005700	63.8498 128.082
121000.005747	62.015 135.073
122000.005795	74.6712 136.489
123000.005842	67.6144 140.107
124000.005890	68.3145 127.489
125000.005937	57.3021 137.351
126000.005985	68.6864 128.75
127000.006032	64.3069 138.208
128000.006080	63.2309 120.826
129000.006127	70.457 138.084
130000.006175	59.0484 131.319
131000.006222	62.3791 139.046
132000.006270	61.1153 126.977
133000.006317	51.1788 129.03
134000.006365	47.9531 141.44
135000.006412	59.183 129.175
136000.006460	49.1654 124.353
137000.006507	51.7958 140.538
138000.006555	52.8676 135.262
139000.006602	54.2703 135.374
140000.006650	67.375 136.117
141000.006697	50.0477 131.519
142000.006745	60.2984 129.772
143000.006792	64.9045 144.852
144000.006840	58.9049 127.945
145000.006887	60.3434 142.963
146000.006935	63.0188 135.11
147000.006982	70.9502 123.388
148000.007030	49.0854 138.579
149000.007077	67.6789 134.433
150000.007125	57.1489 139.544
151000.007172	41.3494 142.541
152000.007220	56.7657 129.993
153000.007267	62.5338 135.632
154000.007315	52.7462 126.29
155000.007362	63.3179 124.136
156000.007410	73.5351 130.083
157000.007457	58.6488 126.985
158000.007505	66.9994 120.068
159000.007552	67.5556 131.801
160000.007600	67.8323 125.952
161000.007647	50.0129 124.821
162000.007695	60.7879 141.482
163000.007742	51.3032 139.949
164000.007790	63.764 132.405
165000.007837	52.901 126.5
166000.007885	62.7492 137.709
167000.007932	60.2048 125.39
168000.007980	60.1469 136.388
169000.008027	72.8166 123.306
170000.008075	63.7203 125.989
171000.008122	50.8646 134.582
172000.008170	63.6884 145.444
173000.008217	68.4808 134.485
174000.008265	62.7292 137.223
175000.008312	55.7946 132.895
176000.008360	59.4949 127.76
177000.008407	54.1993 133.082
178000.008455	55.4331 132.85
179000.008502	49.2504 139.189
180000.008550	58.8037 137.148
181000.008597	51.7327 140.452
182000.008645	59.5413 124.317
183000.008692	57.8465 142.469
184000.008740	55.7102 141.109
185000.008787	62.7462 136.456
186000.008835	70.0498 123.827
187000.008882	64.3488 127.233
188000.008930	56.7932 133.983
189000.008977	67.5643 137.371
190000.009025	57.4383 137.42
191000.009072	50.3748 133.699
192000.009120	53.7223 136.965
193000.009167	55.9214 135.796
194000.009215	53.0017 137.051
195000.009262	62.0151 132.686
196000.009310	57.4199 141.108
197000.009357	58.1296 136.456
198000.009404	58.3612 142.485
199000.009452	55.556 128.995
200000.009499	57.35 124.35
201000.009547	55.9502 126.687
202000.009594	51.8995 136.197
203000.009642	64.8506 123.822
204000.009689	69.8153 130.95
205000.009737	63.8101 127.787
206000.009784	54.0145 140.002
207000.009832	57.0565 132.219
208000.009879	54.6233 131.502
209000.009927	59.2079 131.683
210000.009974	50.8015 140.721
211000.010022	60.6135 135.618
212000.010069	61.4698 132.8
213000.010117	58.3611 134.507
214000.010164	60.7057 153.964
215000.010212	56.5608 134.824
216000.010259	61.6986 126.896
217000.010307	66.2742 134.598
218000.010354	73.8197 126.263
219000.010402	63.1116 135.315
220000.010449	67.7608 120.384
221000.010497	62.2007 136.561
222000.010544	70.2318 147.682
223000.010592	74.0217 128.542
224000.010639	63.3643 121.016
225000.010687	49.0132 138.385
226000.010734	47.6766 133.191
227000.010782	49.2411 136.687
228000.010829	55.3932 140.982
229000.010877	60.4209 139.679
230000.010924	58.4907 125.991
231000.010972	62.1694 129.121
232000.011019	54.7143 135.143
233000.011067	58.5953 142.067
234000.011114	60.9223 128.992
235000.011162	59.3922 132.579
236000.011209	55.4484 133.46
237000.011257	57.1844 140.235
238000.011304	58.9707 141.29
239000.011352	55.4623 148.922
240000.011399	62.0771 142.12
241000.011447	63.6841 141.643
242000.011494	59.8756 136.441
243000.011542	60.0004 135.598
244000.011589	46.0974 135.222
245000.011637	58.9328 112.572
246000.011684	53.3256 146.898
247000.011732	51.4981 144.854
248000.011779	64.1223 136.051
249000.011827	67.0915 128.548
250000.011874	61.1589 137.587
251000.011922	70.8533 139.598
252000.011969	63.3188 141.158
253000.012017	45.977 135.429
254000.012064	62.0184 132.087
255000.012112	59.4363 125.653
256000.012159	70.7934 125.756
257000.012207	62.0603 129.464
258000.012254	70.5245 136.41
259000.012302	65.1572 138.556
260000.012349	55.9671 140.268
261000.012397	59.4091 131.519
262000.012444	60.8063 125.543
263000.012492	61.2239 132.271
264000.012539	53 140.571
265000.012587	58.0175 136.837
266000.012634	46.4006 124.933
267000.012682	59.0288 145.713
268000.012729	58.1607 137.018
269000.012777	56.3021 142.998
270000.012824	70.3044 138.724
271000.012872	46.7945 141.385
272000.012919	53.8807 132.217
273000.012967	65.7936 128.858
274000.013014	68.279 125.24
275000.013062	51.5589 137.534
276000.013109	61.2193 139.384
277000.013157	54.2187 132.665
278000.013204	62.3022 123.128
279000.013252	71.7443 125.999
280000.013299	69.9045 120.893
281000.013347	53.3808 125.928
282000.013394	61.817 134.064
283000.013442	57.1014 136.827
284000.013489	59.6929 127.172
285000.013537	55.2484 131.274
286000.013584	66.5944 127.622
287000.013632	68.4617 132.427
288000.013679	56.6223 134.175
289000.013727	55.0634 125.591
290000.013774	59.8787 129.686
291000.013822	49.0345 142.731
292000.013869	56.8386 140.918
293000.013917	63.1381 129.271
294000.013964	64.2294 137.976
295000.014012	68.2413 120.644
296000.014059	65.0457 136.34
297000.014107	69.0596 133.639
298000.014154	66.0788 133.189
299000.014202	55.4487 146.094
300000.014249	59.7882 134.249
301000.014297	60.9028 136.717
302000.014344	55.8845 123.894
303000.014392	62.3337 135.494
304000.014439	60.5751 133.237
305000.014487	51.8717 140.49
306000.014534	64.7445 129.193
307000.014582	71.3103 135.79
308000.014629	55.5182 138.155
309000.014677	60.8106 136.692
310000.014724	56.0201 137.036
311000.014772	58.2115 131.546
312000.014819	61.6526 129.767
313000.014867	54.3478 139.137
314000.014914	70.1139 123.201
315000.014962	55.0146 141.655
316000.015009	53.2163 131.747
317000.015057	49.4732 141.195
318000.015104	56.4313 142.249
319000.015152	59.7107 143.383
320000.015199	64.8774 129.921
321000.015247	56.576 128.847
322000.015294	63.9704 128.864
323000.015342	65.2559 128.085
324000.015389	47.0333 140.369
325000.015437	66.5616 132.077
326000.015484	72.9519 136.833
327000.015532	62.1904 130.662
328000.015579	46.1817 134.029
329000.015627	63.3304 127.889
330000.015674	69.12 133.158
331000.015722	68.9716 124.055
332000.015769	70.6218 128.758
333000.015817	65.8979 128.608
334000.015864	56.1249 144.567
335000.015912	50.6331 134.605
336000.015959	62.7056 124.298
337000.016007	58.5452 119.572
338000.016054	61.5282 131.717
339000.016102	64.2617 140.742
340000.016149	62.2677 133.756
341000.016197	56.9643 135.331
342000.016244	54.5348 152.922
343000.016292	58.4689 130.743
344000.016339	50.5993 136.819
345000.016387	67.1683 137.775
346000.016434	64.3316 141.049
347000.016482	59.5367 126.659
348000.016529	57.057 139.095
349000.016577	59.3413 142.27
350000.016624	61.2588 141.748
351000.016672	62.4708 140.992
352000.016719	53.0225 137.416
353000.016767	66.2795 133.126
354000.016814	58.0233 138.473
355000.016862	60.6304 133.507
356000.016909	61.4818 143.432
357000.016957	60.7822 128.783
358000.017004	66.4303 128.042
359000.017052	56.6622 139.368
360000.017099	46.9312 134.216
361000.017147	52.9672 134.322
362000.017194	58.9451 135.44
363000.017242	48.1801 143.826
364000.017289	54.1083 123.981
365000.017337	67.525 131.176
366000.017384	64.1803 141.812
367000.017432	51.3263 138.032
368000.017479	60.7177 133.653
369000.017527	66.047 131.946
370000.017574	59.5155 148.128
371000.017622	53.2738 146.466
372000.017669	58.6876 132.339
373000.017717	60.3111 132.822
374000.017764	68.74 130.713
375000.017812	63.56 129.002
376000.017859	55.8461 135.111
377000.017907	69.708 119.026
378000.017954	65.9152 136.59
379000.018002	59.9168 140.843
380000.018049	54.1483 141.812
381000.018097	54.6137 132.285
382000.018144	50.569 136.289
383000.018192	49.9493 125.368
384000.018239	63.6991 125.501
385000.018287	62.1864 136.262
386000.018334	55.1667 134.898
387000.018382	57.6736 131.885
388000.018429	51.7118 132.725
389000.018477	55.0758 124.365
390000.018524	53.9524 144.052
391000.018572	56.663 136.485
392000.018619	57.7037 132.093
393000.018666	62.3963 132.832
394000.018714	58.5323 137.686
395000.018761	60.6729 132.063
396000.018809	62.698 135.582
397000.018856	55.6827 127.296
398000.018904	65.4762 135.116
399000.018951	57.4186 138.406
400000.018999	69.026 137.029
401000.019046	62.9283 141.67
402000.019094	59.9093 136.971
403000.019141	67.6644 130.882
404000.019189	53.7555 137.69
405000.019236	60.917 134.531
406000.019284	59.9778 134.469
407000.019331	54.778 139.64
408000.019379	63.4042 147.682
409000.019426	69.5059 128.306
410000.019474	52.1548 133.432
411000.019521	64.2994 130.338
412000.019569	62.6405 136.133
413000.019616	60.7995 135.84
414000.019664	60.9042 130.412
415000.019711	65.0874 124.857
416000.019759	49.7593 137.454
417000.019806	62.6496 123.775
	61.6352 134.83
	73.7428 141.529
	64.9338 132.561
