#! FIELDS time restraint.bias r0 r1 r2 r3 r4 r5 r6 r7 r8 r9 r10 r11 r12 r13 r14 r15 r16 r17 r18 r19 r20 r21 r22 r23 r24 r25 r26 r27 r28
 1020000.048447 6.207816 0.095919 0.111885 0.137609 0.145460 0.117582 0.102044 0.137279 0.114927 0.144412 0.117718 0.137292 0.057824 0.046029 0.026412 0.061030 0.090083 0.028210 0.077280 0.096565 0.062403 0.128705 0.062652 0.097951 0.116240 0.108375 0.112580 0.078484 0.077972 0.108677
 1021000.048495 7.513124 0.088473 0.106053 0.133255 0.141400 0.118963 0.099609 0.131848 0.110294 0.136553 0.115956 0.137792 0.042819 0.028501 0.029056 0.065637 0.087607 0.021983 0.079410 0.101227 0.076741 0.137005 0.054765 0.110620 0.117504 0.119419 0.120102 0.073530 0.057216 0.110848
 1022000.048542 5.927463 0.075179 0.085502 0.115630 0.136009 0.102752 0.103040 0.149997 0.129522 0.144205 0.091791 0.112998 0.083397 0.051996 0.025809 0.099940 0.125370 0.061565 0.048218 0.081611 0.073419 0.141003 0.033448 0.104611 0.115752 0.111972 0.107932 0.104385 0.084627 0.098052
 1023000.048590 2.358922 0.087228 0.099201 0.126747 0.143703 0.111535 0.101933 0.143764 0.121469 0.144049 0.109949 0.129166 0.063677 0.044404 0.016281 0.072196 0.100987 0.032647 0.065345 0.091125 0.062310 0.132789 0.046789 0.098696 0.116292 0.111007 0.113711 0.087278 0.075162 0.106564
 1024000.048637 6.303581 0.085368 0.088556 0.113260 0.135216 0.103467 0.107233 0.152033 0.133068 0.144069 0.098147 0.113628 0.087192 0.062428 0.026615 0.093246 0.121583 0.060326 0.038487 0.069003 0.056606 0.126745 0.033878 0.088285 0.105608 0.097765 0.098744 0.105718 0.092959 0.103237
 1025000.048685 1.925030 0.087219 0.101257 0.128741 0.142243 0.113469 0.101577 0.141244 0.119071 0.142490 0.110243 0.130672 0.059835 0.039612 0.014708 0.071894 0.099536 0.031518 0.066568 0.091283 0.064956 0.133485 0.047823 0.100844 0.115258 0.111249 0.112440 0.084047 0.073057 0.106726
 1026000.048732 6.853347 0.090595 0.105435 0.132317 0.144105 0.117757 0.100145 0.134390 0.112185 0.139582 0.117065 0.137392 0.047262 0.036780 0.027751 0.061526 0.086266 0.018800 0.077928 0.100191 0.071060 0.134246 0.052748 0.105862 0.118272 0.117808 0.121482 0.077623 0.060735 0.111767
 1027000.048780 2.424033 0.080494 0.087352 0.113716 0.134234 0.104577 0.101740 0.144190 0.124369 0.138456 0.099556 0.117748 0.073202 0.048606 0.016504 0.085242 0.112092 0.046968 0.049878 0.078640 0.062565 0.130697 0.031628 0.095457 0.108936 0.106009 0.106597 0.095824 0.077570 0.103429
 1028000.048827 0.810329 0.086599 0.101263 0.129523 0.143231 0.112756 0.101706 0.143207 0.120480 0.144854 0.108275 0.129324 0.063688 0.040974 0.009542 0.075305 0.102429 0.035954 0.065378 0.091491 0.065623 0.135638 0.047058 0.101810 0.116912 0.111785 0.112928 0.087127 0.075608 0.105312
 1029000.048875 15.805704 0.075724 0.098745 0.128094 0.132340 0.114623 0.092629 0.123391 0.102321 0.126420 0.107121 0.131718 0.041810 0.012932 0.042144 0.083969 0.097274 0.041607 0.084668 0.107611 0.095408 0.148006 0.056734 0.125069 0.120120 0.129103 0.123100 0.071729 0.041684 0.104275
 1030000.048922 3.300530 0.080896 0.094335 0.124208 0.142430 0.109064 0.104737 0.150300 0.128583 0.147445 0.100486 0.122013 0.075695 0.046723 0.019258 0.090855 0.116959 0.051839 0.057913 0.088758 0.072129 0.141961 0.041599 0.106343 0.119257 0.114425 0.111621 0.097167 0.081879 0.102297
 1031000.048970 3.195991 0.076492 0.092464 0.122375 0.136642 0.108327 0.096313 0.137226 0.115039 0.137286 0.101867 0.124445 0.058520 0.030513 0.018951 0.081352 0.104711 0.038354 0.065579 0.093195 0.075554 0.140385 0.039320 0.108891 0.117199 0.118020 0.116356 0.086073 0.062436 0.101565
 1032000.049017 10.222294 0.077909 0.079620 0.105387 0.128983 0.098218 0.105398 0.149843 0.132741 0.139377 0.092103 0.106006 0.089486 0.061616 0.033892 0.102492 0.129266 0.065765 0.034960 0.070037 0.066082 0.132169 0.024777 0.095039 0.107053 0.102819 0.100710 0.109001 0.089498 0.099734
 1033000.049065 11.391462 0.071155 0.074769 0.103733 0.128095 0.095902 0.100806 0.146309 0.128039 0.137756 0.088735 0.104843 0.086270 0.057019 0.035778 0.103761 0.129007 0.065189 0.041835 0.077463 0.073981 0.138282 0.015815 0.102390 0.112581 0.111605 0.109373 0.109816 0.080867 0.097252
 1034000.049112 6.505305 0.082510 0.099029 0.126534 0.137185 0.114128 0.097896 0.132433 0.111548 0.133535 0.110387 0.131556 0.046741 0.026240 0.027037 0.072686 0.094153 0.028053 0.073597 0.097055 0.077282 0.137399 0.048239 0.110118 0.115073 0.118203 0.116948 0.075471 0.056066 0.107153
 1035000.049160 6.869534 0.081331 0.100084 0.128299 0.137963 0.114665 0.097115 0.132925 0.110695 0.134596 0.109792 0.132358 0.047637 0.023456 0.027784 0.076297 0.097459 0.030947 0.077131 0.100993 0.081127 0.141906 0.051437 0.113977 0.118755 0.121772 0.119377 0.076338 0.055819 0.106464
 1036000.049207 2.940529 0.084219 0.101955 0.130955 0.142480 0.115888 0.100671 0.138932 0.116588 0.141137 0.109777 0.132619 0.054238 0.029925 0.018178 0.075347 0.098385 0.032722 0.071722 0.097333 0.075504 0.140608 0.047564 0.110486 0.118890 0.118810 0.117826 0.081538 0.064902 0.107088
 1037000.049255 7.908682 0.081499 0.100470 0.129423 0.138343 0.115036 0.096792 0.131446 0.109619 0.134567 0.110336 0.133101 0.045740 0.022903 0.029811 0.074652 0.095166 0.030319 0.077201 0.101235 0.081295 0.141442 0.050576 0.114326 0.118741 0.122246 0.120529 0.076191 0.053702 0.106672
 1038000.049302 4.255902 0.077124 0.092438 0.121642 0.137110 0.108813 0.097942 0.138267 0.116763 0.137547 0.103472 0.124818 0.058905 0.032274 0.021869 0.081605 0.105093 0.038578 0.064941 0.092341 0.075267 0.139639 0.038331 0.108238 0.116455 0.117569 0.116063 0.086307 0.062658 0.102977
 1039000.049350 3.451879 0.077632 0.087034 0.116017 0.136612 0.103824 0.100139 0.145569 0.124269 0.141697 0.098636 0.117680 0.073593 0.047325 0.019695 0.086921 0.114301 0.048281 0.051301 0.082522 0.065599 0.135003 0.029331 0.099064 0.113814 0.110525 0.110789 0.098236 0.076701 0.100744
 1040000.049397 11.640196 0.067543 0.086633 0.117187 0.130386 0.103464 0.089530 0.129213 0.106830 0.130341 0.097520 0.120125 0.056187 0.027201 0.036167 0.087942 0.107336 0.045843 0.072896 0.099585 0.087270 0.145432 0.040473 0.116452 0.120584 0.125684 0.122433 0.086443 0.048708 0.096936
 1041000.049445 13.532493 0.081444 0.105555 0.133858 0.136155 0.119772 0.097590 0.127745 0.106495 0.131046 0.111883 0.136291 0.041681 0.012080 0.038996 0.082057 0.096792 0.039282 0.086067 0.108297 0.093878 0.148208 0.060627 0.124808 0.121084 0.127825 0.121435 0.069749 0.050292 0.107665
 1042000.049492 1.360049 0.085626 0.097252 0.124370 0.140963 0.111152 0.101348 0.142033 0.120138 0.141872 0.107913 0.127828 0.062562 0.042074 0.012363 0.072925 0.100716 0.033490 0.062175 0.087890 0.062688 0.131937 0.041618 0.098349 0.113652 0.110176 0.112587 0.087936 0.072356 0.106668
 1043000.049540 6.936399 0.076772 0.096639 0.125516 0.133957 0.112536 0.094264 0.130181 0.108339 0.131068 0.104628 0.128886 0.049294 0.019761 0.027919 0.080705 0.099705 0.037154 0.075519 0.099727 0.084432 0.142991 0.049846 0.115849 0.117569 0.122223 0.118026 0.077042 0.054306 0.103073
 1044000.049587 7.030057 0.078507 0.099029 0.128222 0.136521 0.112924 0.096445 0.133004 0.110709 0.135399 0.106372 0.129634 0.050986 0.021185 0.028107 0.081474 0.101821 0.037552 0.075226 0.100169 0.083316 0.144350 0.049002 0.115917 0.119348 0.122351 0.118873 0.079360 0.056435 0.103496
 1045000.049635 5.583441 0.082944 0.095092 0.124172 0.142242 0.106954 0.106548 0.153983 0.132080 0.150597 0.098332 0.118483 0.084631 0.055287 0.025048 0.096758 0.123997 0.060086 0.055170 0.085956 0.070297 0.141121 0.045539 0.103457 0.119154 0.110652 0.107683 0.103168 0.090999 0.100331
 1046000.049682 2.919561 0.081387 0.097887 0.127838 0.141661 0.111775 0.098849 0.140025 0.117312 0.142312 0.106301 0.128378 0.059586 0.035191 0.018113 0.077515 0.102186 0.036704 0.067002 0.094584 0.072445 0.139579 0.043051 0.107257 0.119199 0.117364 0.117269 0.086654 0.067864 0.103747
 1047000.049730 8.308115 0.086530 0.104721 0.132210 0.139963 0.119336 0.100059 0.131367 0.110443 0.134258 0.114708 0.137023 0.041349 0.023754 0.030555 0.070996 0.089364 0.026163 0.080286 0.102677 0.082273 0.140139 0.054895 0.115263 0.117459 0.121613 0.119937 0.071177 0.053446 0.111276
 1048000.049777 2.433919 0.085198 0.095044 0.121877 0.141435 0.109852 0.102931 0.145574 0.123480 0.143834 0.107895 0.125780 0.067129 0.046010 0.016538 0.078148 0.105994 0.038332 0.059921 0.087542 0.063476 0.134213 0.035551 0.098904 0.115255 0.111813 0.114935 0.093541 0.073589 0.107448
 1049000.049825 8.181129 0.090894 0.108399 0.136668 0.145890 0.120480 0.099843 0.133134 0.110941 0.140130 0.118480 0.140702 0.044616 0.034182 0.030320 0.060856 0.084892 0.018833 0.081666 0.104096 0.074588 0.136904 0.057267 0.109720 0.120948 0.121037 0.123776 0.075689 0.060554 0.112008
 1050000.049872 5.453101 0.080236 0.091710 0.119730 0.138198 0.108914 0.101054 0.141814 0.121023 0.139638 0.105413 0.124176 0.062957 0.040273 0.024754 0.080784 0.105895 0.039933 0.061122 0.089303 0.071163 0.137097 0.034476 0.104626 0.115447 0.115586 0.115802 0.090414 0.066958 0.105572
 1051000.049920 2.389697 0.084846 0.093511 0.119515 0.137496 0.109590 0.101884 0.141953 0.121255 0.139115 0.106597 0.124784 0.065133 0.044611 0.016387 0.076630 0.103379 0.037468 0.057409 0.083846 0.062190 0.130425 0.035949 0.096874 0.110404 0.108490 0.111089 0.090627 0.072304 0.107456
 1052000.049967 3.607535 0.078289 0.091064 0.119398 0.137154 0.107076 0.101854 0.146584 0.125257 0.141809 0.099577 0.119994 0.073233 0.044399 0.020134 0.090227 0.116620 0.050119 0.056852 0.086324 0.071393 0.139164 0.040462 0.104031 0.115667 0.112509 0.109068 0.094623 0.079164 0.101072
 1053000.050015 8.851753 0.069974 0.086502 0.118644 0.135405 0.102501 0.094560 0.139195 0.116641 0.139209 0.096651 0.118155 0.067677 0.038111 0.031539 0.091434 0.115166 0.050192 0.063705 0.094102 0.079881 0.144345 0.035231 0.111183 0.121232 0.121317 0.119065 0.095045 0.064803 0.096478
 1054000.050062 3.070313 0.082154 0.094903 0.123176 0.139893 0.109704 0.099104 0.140025 0.118260 0.139999 0.106547 0.126764 0.059999 0.038766 0.018575 0.074034 0.100714 0.033367 0.063888 0.090381 0.067013 0.134198 0.040022 0.101834 0.115244 0.113560 0.115072 0.086895 0.067624 0.104659
 1055000.050110 2.775776 0.088256 0.097040 0.124111 0.143478 0.108948 0.105599 0.150693 0.128745 0.149049 0.105823 0.123629 0.077425 0.055271 0.017661 0.081464 0.111545 0.047703 0.052813 0.081071 0.055911 0.130178 0.040714 0.092107 0.113270 0.104371 0.107524 0.098862 0.087346 0.105148
 1056000.050157 16.507576 0.093984 0.114056 0.138642 0.139502 0.125878 0.102872 0.125678 0.107108 0.130357 0.123605 0.144433 0.029789 0.026351 0.043070 0.064212 0.079104 0.023892 0.090045 0.107169 0.086289 0.135934 0.068177 0.117187 0.114808 0.120207 0.118044 0.057970 0.052872 0.115996
 1057000.050205 2.237013 0.083972 0.096895 0.125132 0.142113 0.109369 0.104387 0.148748 0.126824 0.147036 0.103648 0.123416 0.073057 0.046953 0.015855 0.085105 0.112720 0.047052 0.057977 0.086706 0.066336 0.137145 0.042407 0.101195 0.116538 0.110307 0.109405 0.094350 0.081869 0.103039
 1058000.050252 8.395959 0.070059 0.093076 0.125352 0.136967 0.108444 0.093324 0.136039 0.112378 0.137377 0.098808 0.124612 0.059651 0.025172 0.030716 0.089990 0.110949 0.047159 0.074745 0.102763 0.088161 0.150311 0.047941 0.119665 0.125155 0.127421 0.121841 0.086351 0.059846 0.097236
 1059000.050300 9.147799 0.078016 0.099158 0.127708 0.133653 0.113850 0.094232 0.127506 0.105974 0.129716 0.107066 0.130640 0.044617 0.014843 0.032062 0.079930 0.096838 0.035987 0.078901 0.102090 0.086946 0.143384 0.052974 0.118066 0.117354 0.122927 0.118486 0.072794 0.050229 0.103857
 1060000.050347 4.831284 0.077170 0.096007 0.126715 0.139742 0.112148 0.097147 0.137550 0.114441 0.138913 0.104424 0.128642 0.055485 0.026235 0.023300 0.082333 0.103981 0.038390 0.072465 0.100031 0.082099 0.146155 0.044227 0.115591 0.122199 0.124342 0.121567 0.084738 0.059054 0.103742
 1061000.050395 5.528026 0.072648 0.092821 0.124341 0.136669 0.108482 0.095911 0.137792 0.115314 0.137849 0.098262 0.123663 0.061743 0.028260 0.024924 0.089060 0.110660 0.046353 0.069588 0.097746 0.083728 0.146946 0.045706 0.115934 0.121374 0.122608 0.117228 0.086744 0.064069 0.098677
 1062000.050442 3.768918 0.077141 0.093047 0.123529 0.138478 0.107960 0.097859 0.140036 0.117665 0.140105 0.101999 0.124054 0.062278 0.034236 0.020580 0.083635 0.108040 0.040644 0.065170 0.093933 0.075014 0.141685 0.040976 0.109056 0.119037 0.118043 0.116197 0.088273 0.066369 0.101447
 1063000.050490 7.325882 0.072884 0.091265 0.121343 0.133734 0.108599 0.095066 0.134001 0.112718 0.133023 0.101214 0.124180 0.055997 0.024702 0.028692 0.086305 0.106773 0.042296 0.069505 0.096422 0.083491 0.144054 0.042386 0.114922 0.117737 0.121969 0.117448 0.083188 0.056952 0.100789
 1064000.050537 2.468872 0.084398 0.101363 0.129867 0.142418 0.115305 0.100902 0.141590 0.118309 0.142170 0.108661 0.131314 0.060074 0.035259 0.016656 0.079229 0.103051 0.037203 0.071681 0.097546 0.075323 0.141652 0.050078 0.109829 0.120146 0.118615 0.117279 0.084657 0.070242 0.106788
 1065000.050585 1.529634 0.086917 0.098868 0.125940 0.143043 0.111571 0.103583 0.146407 0.123960 0.146177 0.108465 0.127448 0.067795 0.045989 0.013111 0.076761 0.105611 0.039127 0.059606 0.086303 0.061244 0.132955 0.040294 0.097374 0.114654 0.109234 0.111660 0.092321 0.078189 0.106332
 1066000.050632 1.174802 0.080144 0.093415 0.122954 0.140620 0.107918 0.100027 0.144162 0.121829 0.143047 0.102128 0.123340 0.067358 0.041176 0.011490 0.081767 0.108055 0.041365 0.060757 0.089884 0.068509 0.137956 0.040241 0.103316 0.117454 0.113654 0.113260 0.091040 0.073968 0.102063
 1067000.050680 5.210005 0.078747 0.097282 0.126850 0.138676 0.112133 0.097642 0.136170 0.114023 0.137369 0.106417 0.128982 0.052908 0.025098 0.024196 0.079873 0.101716 0.035281 0.072062 0.098263 0.079817 0.142909 0.045561 0.113284 0.119110 0.121121 0.118500 0.081004 0.058788 0.103953
 1068000.050727 3.647375 0.078447 0.091590 0.120584 0.138173 0.108322 0.100702 0.143546 0.121966 0.140847 0.102904 0.122826 0.065664 0.038696 0.020245 0.085170 0.110553 0.043024 0.060135 0.089525 0.072604 0.139872 0.034856 0.106294 0.116798 0.116066 0.114506 0.091687 0.069959 0.103221
 1069000.050775 7.624114 0.087332 0.086850 0.109672 0.133901 0.102492 0.107711 0.151092 0.133569 0.141552 0.100908 0.113375 0.087109 0.065078 0.029270 0.090676 0.119967 0.058211 0.036952 0.066849 0.051187 0.122228 0.032329 0.083487 0.102866 0.095213 0.098927 0.105855 0.092525 0.105365
 1070000.050822 6.885799 0.086540 0.092184 0.118255 0.139178 0.105488 0.109472 0.155880 0.136096 0.148664 0.098399 0.115150 0.090036 0.063350 0.027817 0.097256 0.125501 0.063283 0.044027 0.075120 0.061701 0.132870 0.041785 0.094008 0.111409 0.101758 0.100530 0.106894 0.096832 0.103113
 1071000.050870 10.641931 0.096549 0.094831 0.115706 0.140176 0.106568 0.112310 0.155814 0.137416 0.147895 0.108276 0.118453 0.091049 0.073236 0.034581 0.085647 0.116823 0.059198 0.040916 0.067282 0.041464 0.117377 0.041021 0.076513 0.103640 0.090937 0.099269 0.108676 0.099769 0.110314
 1072000.050917 7.115338 0.097304 0.111093 0.136888 0.147261 0.120755 0.102898 0.136098 0.114345 0.142368 0.121656 0.141144 0.051054 0.044330 0.028277 0.055025 0.082529 0.016983 0.078966 0.098876 0.063912 0.128528 0.059274 0.100126 0.116334 0.112506 0.118747 0.077128 0.070381 0.114282
 1073000.050965 2.957735 0.079505 0.095444 0.124550 0.138901 0.109202 0.099047 0.140953 0.118821 0.140648 0.103686 0.125182 0.062866 0.036156 0.018231 0.081401 0.107011 0.039954 0.064442 0.091548 0.071693 0.138421 0.044096 0.105492 0.116850 0.114454 0.112640 0.086810 0.070797 0.101694
 1074000.051012 8.096973 0.067343 0.077081 0.107902 0.129909 0.096325 0.097384 0.144486 0.124344 0.138323 0.087091 0.107125 0.081258 0.049405 0.030164 0.101175 0.126037 0.061269 0.048257 0.082389 0.076322 0.141196 0.023388 0.105707 0.115615 0.114472 0.110842 0.104909 0.076697 0.093749
 1075000.051060 1.797151 0.078887 0.091988 0.120571 0.136035 0.108194 0.098717 0.140090 0.118671 0.137670 0.101420 0.123058 0.063553 0.036313 0.014211 0.082767 0.107343 0.040697 0.061088 0.088705 0.071351 0.137598 0.038984 0.105035 0.114238 0.113762 0.112121 0.088238 0.069078 0.102695
 1076000.051107 13.466299 0.098617 0.118842 0.144534 0.146396 0.127175 0.104165 0.130861 0.110201 0.139048 0.126225 0.147284 0.038584 0.035011 0.038900 0.057877 0.078777 0.019152 0.091227 0.109309 0.079910 0.135950 0.071116 0.113370 0.120153 0.119698 0.120539 0.063526 0.064306 0.116004
 1077000.051155 1.468476 0.083342 0.099895 0.128574 0.142396 0.113403 0.101736 0.143399 0.120681 0.143749 0.106620 0.129035 0.062043 0.035738 0.012846 0.079321 0.104957 0.038222 0.067197 0.093934 0.072694 0.140505 0.045984 0.107574 0.119014 0.116503 0.114808 0.086409 0.071988 0.104895
 1078000.051202 8.828860 0.070468 0.091862 0.123125 0.132805 0.108367 0.092605 0.131439 0.109380 0.132413 0.098755 0.123994 0.055653 0.021330 0.031498 0.088412 0.107481 0.045653 0.072796 0.099584 0.087671 0.147081 0.045832 0.118530 0.120247 0.124820 0.119232 0.083312 0.055117 0.098370
 1079000.051250 3.047314 0.081588 0.097859 0.127123 0.141753 0.112525 0.099054 0.139653 0.116728 0.140875 0.108004 0.129747 0.055970 0.031963 0.018505 0.076334 0.100578 0.032231 0.070203 0.097094 0.074302 0.140775 0.044147 0.109168 0.119814 0.119419 0.119165 0.084021 0.063561 0.105622
 1080000.051297 3.117588 0.082456 0.097048 0.125254 0.139676 0.111454 0.097584 0.136662 0.114457 0.137923 0.108249 0.129343 0.054401 0.034220 0.018717 0.071089 0.096382 0.028309 0.068867 0.093924 0.069489 0.134829 0.045080 0.103970 0.115899 0.115123 0.116268 0.081911 0.063685 0.105439
 1081000.051345 1.812402 0.078812 0.093076 0.123112 0.138823 0.108038 0.098449 0.141355 0.119094 0.141150 0.101783 0.123739 0.064941 0.037849 0.014271 0.082052 0.107434 0.041234 0.060569 0.089322 0.069780 0.137928 0.037494 0.104337 0.116228 0.114308 0.114058 0.090722 0.070316 0.101756
 1082000.051392 3.243754 0.093617 0.103465 0.128787 0.145160 0.113719 0.104060 0.144438 0.122186 0.145450 0.114572 0.132131 0.065487 0.050912 0.019092 0.066072 0.097521 0.030710 0.065687 0.088339 0.053754 0.126200 0.050657 0.091473 0.113125 0.105516 0.111448 0.087931 0.080273 0.109872
 1083000.051440 2.400768 0.086391 0.102003 0.130213 0.143738 0.113371 0.103092 0.144449 0.121746 0.145715 0.109110 0.129698 0.063799 0.040346 0.016425 0.078125 0.105149 0.037715 0.067106 0.093377 0.068810 0.138290 0.048543 0.104561 0.118661 0.113652 0.113305 0.086954 0.075706 0.105639
 1084000.051487 1.095450 0.082607 0.095189 0.123520 0.140161 0.108503 0.101722 0.145882 0.123726 0.144385 0.102989 0.123351 0.070742 0.044862 0.011095 0.082737 0.110498 0.044173 0.056803 0.085109 0.064137 0.134847 0.039729 0.099136 0.114408 0.109288 0.109484 0.093502 0.079086 0.102550
 1085000.051535 3.225449 0.083454 0.098688 0.127466 0.141793 0.112442 0.100328 0.140423 0.118320 0.141627 0.108988 0.129617 0.058074 0.035626 0.019038 0.075179 0.100743 0.032944 0.067068 0.093519 0.069983 0.137157 0.044323 0.105164 0.117146 0.115372 0.115846 0.084506 0.067813 0.105718
 1086000.051582 8.799054 0.092825 0.111121 0.136525 0.141213 0.123130 0.102188 0.130531 0.110135 0.135029 0.119800 0.141274 0.039103 0.029131 0.031445 0.063094 0.083029 0.020171 0.083350 0.102718 0.078459 0.135243 0.062179 0.111410 0.115750 0.117498 0.117024 0.066107 0.060004 0.113944
 1087000.051630 4.800176 0.087284 0.104691 0.132615 0.141173 0.116715 0.098900 0.133901 0.111824 0.138172 0.112693 0.134987 0.049152 0.031204 0.023225 0.067702 0.091289 0.025593 0.075909 0.098763 0.073079 0.136143 0.054406 0.107843 0.117275 0.116468 0.116946 0.076069 0.063761 0.107974
 1088000.051677 6.883082 0.074034 0.092283 0.123702 0.138648 0.107253 0.100644 0.147182 0.124740 0.144118 0.095087 0.119643 0.076792 0.042550 0.027811 0.099436 0.123463 0.058501 0.064154 0.094354 0.082932 0.148956 0.047251 0.114651 0.122950 0.120611 0.113788 0.097238 0.079661 0.097174
 1089000.051725 7.172916 0.075807 0.093072 0.123184 0.137323 0.109504 0.096283 0.135840 0.113732 0.136445 0.104471 0.126365 0.055155 0.027701 0.028391 0.083248 0.104477 0.038871 0.070769 0.098133 0.081583 0.144267 0.040021 0.114268 0.119782 0.123292 0.121420 0.085232 0.055338 0.103188
 1090000.051772 3.062397 0.086663 0.100121 0.128595 0.143565 0.112535 0.099654 0.140492 0.117318 0.143191 0.110787 0.131191 0.059380 0.040782 0.018551 0.070336 0.098223 0.029257 0.068555 0.094293 0.064907 0.134661 0.045907 0.101692 0.117976 0.114450 0.118067 0.086926 0.069515 0.107066
 1091000.051820 6.045503 0.076907 0.095220 0.124557 0.135374 0.110623 0.095315 0.133159 0.111227 0.133855 0.104571 0.127430 0.052199 0.023972 0.026064 0.080198 0.101809 0.035937 0.072057 0.097556 0.080266 0.141717 0.046698 0.112756 0.117694 0.120346 0.117163 0.079740 0.057548 0.102493
 1092000.051867 14.578490 0.087549 0.086245 0.109962 0.134706 0.101366 0.112755 0.158060 0.141539 0.147184 0.094788 0.107216 0.101281 0.074780 0.040475 0.107589 0.134112 0.075653 0.030927 0.064888 0.061662 0.128865 0.038145 0.089181 0.105857 0.096022 0.095922 0.116630 0.104358 0.103737
 1093000.051915 13.258908 0.091459 0.087611 0.108198 0.132476 0.102097 0.111405 0.152498 0.136982 0.141739 0.101968 0.111068 0.093044 0.072667 0.038600 0.094183 0.122435 0.065015 0.031365 0.060663 0.048241 0.117423 0.036309 0.078487 0.098633 0.088648 0.093325 0.108968 0.098891 0.107363
 1094000.051962 1.739694 0.081021 0.093507 0.121462 0.137987 0.108459 0.101576 0.143745 0.122411 0.140940 0.102751 0.122972 0.067398 0.040916 0.013982 0.083857 0.109925 0.042692 0.058858 0.086695 0.068216 0.136401 0.039599 0.102369 0.114010 0.111197 0.109891 0.090400 0.074491 0.103419
 1095000.052010 4.477927 0.077179 0.097103 0.127520 0.138177 0.112784 0.097556 0.137391 0.114875 0.137631 0.103401 0.128365 0.057759 0.026080 0.022432 0.085034 0.106364 0.041658 0.071844 0.098487 0.082420 0.145364 0.048808 0.115277 0.120233 0.121785 0.117077 0.082963 0.064144 0.102634
 1096000.052057 10.869445 0.071900 0.094644 0.125099 0.131889 0.111133 0.092102 0.127898 0.106203 0.129051 0.101072 0.126831 0.050669 0.015047 0.034949 0.087944 0.103910 0.045043 0.078023 0.103001 0.092188 0.148274 0.050804 0.122373 0.119832 0.126846 0.120297 0.078144 0.050020 0.100026
 1097000.052105 3.194786 0.080501 0.096522 0.125708 0.139662 0.110801 0.099504 0.140501 0.118588 0.140017 0.105072 0.126998 0.060407 0.034232 0.018947 0.080204 0.105097 0.037673 0.066963 0.093778 0.073496 0.139568 0.045860 0.107702 0.117602 0.116269 0.114085 0.084556 0.068843 0.103220
 1098000.052152 6.158355 0.089070 0.102310 0.128957 0.144180 0.115488 0.102667 0.139546 0.117727 0.141604 0.115288 0.134032 0.053309 0.038939 0.026306 0.068146 0.093642 0.025147 0.073411 0.097396 0.070140 0.135669 0.047939 0.105356 0.117953 0.116983 0.119881 0.081908 0.063602 0.111305
 1099000.052200 2.133304 0.088172 0.101971 0.129954 0.145491 0.112638 0.102614 0.144818 0.121936 0.147282 0.110156 0.129875 0.064713 0.044766 0.015483 0.072305 0.101415 0.034899 0.065661 0.091859 0.062734 0.134324 0.047005 0.099697 0.118156 0.111548 0.114120 0.088746 0.077196 0.105807
 1100000.052247 3.565406 0.074010 0.092713 0.123763 0.137133 0.108695 0.095814 0.138391 0.115477 0.138434 0.099322 0.124012 0.061372 0.029458 0.020016 0.086266 0.108828 0.043567 0.067617 0.096090 0.080232 0.144932 0.043032 0.113027 0.120488 0.121108 0.117237 0.087407 0.064761 0.099671
 1101000.052295 8.435576 0.083933 0.086102 0.110921 0.135095 0.103109 0.107989 0.151168 0.133357 0.143109 0.100354 0.113169 0.085037 0.061413 0.030788 0.093769 0.120891 0.058962 0.039491 0.072142 0.060450 0.129308 0.026470 0.091689 0.107707 0.102035 0.103688 0.105677 0.087979 0.105059
 1102000.052342 5.267405 0.077198 0.096812 0.126658 0.138422 0.111630 0.096719 0.136129 0.113331 0.137173 0.104594 0.128203 0.054912 0.025629 0.024329 0.082430 0.103469 0.038278 0.074001 0.100230 0.082321 0.144927 0.048638 0.115028 0.120854 0.122425 0.118823 0.081225 0.059888 0.102835
 1103000.052390 3.710490 0.083198 0.094418 0.121747 0.139494 0.109348 0.104859 0.147163 0.126755 0.143267 0.103870 0.122495 0.071394 0.046251 0.020419 0.085393 0.111775 0.046621 0.056879 0.085403 0.067973 0.136022 0.040917 0.101635 0.114171 0.109968 0.108089 0.092203 0.079521 0.104456
 1104000.052437 3.767818 0.081483 0.090040 0.117749 0.138238 0.105647 0.104149 0.149103 0.128381 0.144444 0.100711 0.118266 0.076767 0.050986 0.020577 0.088587 0.116299 0.050826 0.049285 0.080590 0.064032 0.134580 0.031080 0.097964 0.113080 0.108168 0.108222 0.099652 0.081772 0.102750
 1105000.052485 3.658040 0.082647 0.098846 0.127285 0.140274 0.112817 0.099666 0.137807 0.115826 0.139679 0.108719 0.129823 0.054304 0.031092 0.020275 0.075135 0.098884 0.032063 0.069103 0.094768 0.073430 0.138406 0.043527 0.107751 0.117047 0.116974 0.116857 0.082414 0.062623 0.106017
 1106000.052532 2.389452 0.087004 0.095821 0.122056 0.141373 0.108910 0.103415 0.146964 0.125085 0.144998 0.107630 0.124740 0.070664 0.050363 0.016386 0.076513 0.106764 0.040151 0.055724 0.082674 0.056532 0.129207 0.037710 0.092675 0.112233 0.106031 0.109788 0.094566 0.080023 0.105952
 1107000.052580 2.188317 0.086148 0.099600 0.127061 0.142571 0.113765 0.100934 0.140626 0.118251 0.141553 0.110702 0.131162 0.057355 0.037988 0.015681 0.071161 0.097369 0.029067 0.068102 0.093464 0.067833 0.135396 0.044034 0.103320 0.116654 0.115072 0.117184 0.084611 0.067362 0.108375
 1108000.052627 5.624561 0.072263 0.087345 0.117165 0.133894 0.104970 0.096223 0.138342 0.116797 0.136519 0.098411 0.119637 0.063427 0.033896 0.025140 0.088011 0.110964 0.045582 0.062045 0.091147 0.078230 0.141988 0.032342 0.109750 0.117181 0.119026 0.116517 0.091168 0.062433 0.099718
 1109000.052675 5.415784 0.089484 0.103945 0.130086 0.143208 0.117175 0.101576 0.137436 0.115326 0.140065 0.116109 0.135749 0.049997 0.036012 0.024669 0.065589 0.090998 0.021996 0.074457 0.097177 0.070100 0.134600 0.049255 0.105022 0.116698 0.116603 0.119391 0.079598 0.062465 0.111610
 1110000.052722 1.650277 0.083648 0.094394 0.122290 0.140939 0.107869 0.101915 0.146051 0.123797 0.144732 0.104417 0.123515 0.070250 0.047051 0.013618 0.079434 0.108442 0.041445 0.056878 0.085166 0.061108 0.132941 0.038639 0.096718 0.114648 0.108772 0.110658 0.093984 0.078355 0.103795
 1111000.052770 1.476222 0.088130 0.100485 0.127347 0.143944 0.112333 0.104541 0.146772 0.124493 0.146533 0.109623 0.128426 0.066778 0.045376 0.012880 0.075813 0.104715 0.037133 0.062077 0.088459 0.061957 0.133751 0.044568 0.098538 0.115661 0.109530 0.111377 0.089930 0.078530 0.106906
 1112000.052817 0.706740 0.086569 0.099663 0.127712 0.143875 0.112305 0.101616 0.143918 0.120876 0.145091 0.108785 0.129525 0.064060 0.042964 0.008912 0.073305 0.101945 0.034045 0.064325 0.090477 0.062830 0.134047 0.044499 0.099402 0.116745 0.111713 0.114233 0.089131 0.075135 0.106433
 1113000.052865 14.498881 0.104200 0.114346 0.137305 0.149995 0.124442 0.105164 0.134922 0.114338 0.142562 0.128241 0.146067 0.053826 0.056169 0.040364 0.043157 0.074912 0.018804 0.083848 0.100269 0.060630 0.121924 0.065494 0.094928 0.116160 0.112098 0.122137 0.079606 0.074441 0.120326
 1114000.052912 1.275682 0.088850 0.100140 0.127293 0.144232 0.111778 0.102657 0.145017 0.122359 0.145885 0.109921 0.128982 0.066112 0.047112 0.011973 0.071217 0.101265 0.034127 0.062494 0.088183 0.058089 0.130641 0.044733 0.095419 0.115092 0.108413 0.112250 0.090006 0.078300 0.106758
 1115000.052960 3.683554 0.078550 0.097393 0.128168 0.140496 0.110644 0.098757 0.139971 0.117442 0.141755 0.102851 0.126532 0.060790 0.031404 0.020345 0.083188 0.106308 0.041448 0.068954 0.096740 0.078176 0.143817 0.045705 0.112237 0.120807 0.119590 0.116599 0.085835 0.066988 0.101234
 1116000.053007 2.828272 0.089044 0.102462 0.128943 0.142802 0.114613 0.103611 0.141795 0.120378 0.142566 0.112514 0.131538 0.057960 0.039345 0.017827 0.070534 0.097451 0.029240 0.067527 0.091995 0.065678 0.133511 0.048041 0.101770 0.114856 0.111400 0.112756 0.082227 0.071483 0.108734
 1117000.053055 3.589138 0.074270 0.086360 0.117363 0.135677 0.102875 0.097759 0.143662 0.121791 0.141075 0.094863 0.116623 0.073841 0.044359 0.020083 0.090896 0.116537 0.051243 0.053707 0.085388 0.070800 0.138957 0.031775 0.103689 0.116021 0.113534 0.112168 0.098225 0.075155 0.097986
 1118000.053102 4.509780 0.078400 0.094265 0.123895 0.137918 0.110407 0.098787 0.138395 0.117115 0.137550 0.104420 0.126400 0.058098 0.030809 0.022512 0.082003 0.104881 0.038387 0.066795 0.094012 0.076734 0.140847 0.042758 0.110182 0.116936 0.118125 0.115508 0.084077 0.063742 0.103630
 1119000.053150 5.607964 0.079859 0.095314 0.124992 0.139904 0.110778 0.096245 0.135283 0.112601 0.137873 0.106722 0.128793 0.054082 0.033128 0.025103 0.075177 0.097547 0.032775 0.071869 0.098311 0.076302 0.140113 0.043008 0.109838 0.119808 0.120990 0.121944 0.084336 0.057515 0.105355
 1120000.053197 5.847645 0.080582 0.100928 0.131070 0.141227 0.115203 0.097401 0.135401 0.112408 0.138574 0.109170 0.132915 0.050029 0.023603 0.025634 0.077160 0.098696 0.032880 0.076622 0.102394 0.081523 0.144480 0.050023 0.115437 0.121980 0.123848 0.121592 0.079229 0.058250 0.105384
 1121000.053245 2.720801 0.091015 0.102460 0.127970 0.142014 0.114139 0.102107 0.140024 0.118443 0.141572 0.113262 0.132019 0.059621 0.044635 0.017485 0.065178 0.094349 0.027795 0.065522 0.087808 0.057817 0.126536 0.048598 0.094052 0.111188 0.106379 0.110737 0.083721 0.074683 0.109181
 1122000.053292 8.791736 0.084175 0.103856 0.131551 0.138665 0.118154 0.097505 0.129660 0.108247 0.132769 0.113521 0.136346 0.040235 0.020758 0.031432 0.070979 0.089837 0.026723 0.081174 0.103161 0.082759 0.140189 0.055834 0.115178 0.117780 0.122031 0.119851 0.070201 0.052873 0.108769
 1123000.053340 6.951119 0.088536 0.100181 0.126161 0.140388 0.115707 0.100262 0.134727 0.114051 0.136201 0.114219 0.133934 0.050864 0.039013 0.027948 0.064593 0.088988 0.024813 0.071789 0.094033 0.069026 0.130884 0.047354 0.102656 0.113422 0.114840 0.118321 0.080336 0.061553 0.111665
 1124000.053387 5.432137 0.075385 0.090743 0.121382 0.138019 0.106647 0.102711 0.148139 0.126697 0.144605 0.094684 0.117842 0.078013 0.044893 0.024707 0.098557 0.122407 0.058621 0.057400 0.088694 0.078974 0.145688 0.040219 0.110778 0.119372 0.116699 0.111113 0.099136 0.080304 0.098976
 1125000.053435 6.273583 0.075897 0.091410 0.120735 0.135190 0.108269 0.094779 0.133457 0.111873 0.133482 0.103541 0.125382 0.053675 0.028840 0.026551 0.079238 0.101142 0.035504 0.069498 0.095793 0.078296 0.140043 0.041036 0.110581 0.116951 0.120185 0.118797 0.082992 0.055278 0.102787
 1126000.053482 3.931173 0.083425 0.097322 0.125333 0.139955 0.111690 0.099236 0.139151 0.117010 0.139236 0.108839 0.129355 0.057452 0.036481 0.021018 0.074123 0.100854 0.031129 0.067899 0.093440 0.069172 0.135936 0.045575 0.104121 0.116350 0.115137 0.115712 0.084174 0.066958 0.106056
 1127000.053530 4.067271 0.077634 0.096242 0.127444 0.140377 0.112711 0.098209 0.139763 0.116811 0.140301 0.103713 0.128391 0.059427 0.029463 0.021379 0.084275 0.106791 0.041163 0.070089 0.098524 0.080883 0.146067 0.045095 0.114744 0.122044 0.123135 0.119677 0.086479 0.064792 0.103486
 1128000.053577 5.206041 0.087619 0.106290 0.134275 0.142112 0.118021 0.100557 0.135424 0.113671 0.139331 0.113510 0.136005 0.049202 0.029411 0.024187 0.069826 0.093191 0.027367 0.076692 0.099602 0.075213 0.138116 0.055640 0.109979 0.117985 0.117499 0.116663 0.075236 0.064596 0.108326
 1129000.053625 13.056863 0.059408 0.082982 0.117059 0.129804 0.100658 0.088592 0.133345 0.110323 0.132797 0.087955 0.115026 0.068309 0.030936 0.038304 0.101382 0.120850 0.059098 0.071463 0.100851 0.093721 0.152692 0.044520 0.122018 0.124922 0.128861 0.121163 0.093496 0.059981 0.090119
 1130000.053672 4.658923 0.084643 0.104740 0.133357 0.141702 0.115860 0.101172 0.140111 0.117527 0.142054 0.108519 0.131962 0.058939 0.032215 0.022881 0.080523 0.104137 0.039743 0.074711 0.099112 0.078478 0.142915 0.055863 0.112465 0.120454 0.118460 0.114647 0.080943 0.071493 0.104377
 1131000.053720 8.186067 0.083048 0.100788 0.129013 0.138321 0.115675 0.096898 0.130756 0.109116 0.133761 0.111850 0.133775 0.044138 0.025108 0.030330 0.072151 0.092213 0.027795 0.077432 0.100978 0.080275 0.139686 0.050021 0.113253 0.117692 0.121706 0.121080 0.075587 0.052520 0.108085
 1132000.053767 2.586269 0.079971 0.097434 0.127721 0.141141 0.111997 0.098667 0.139812 0.116842 0.141430 0.105365 0.128681 0.058510 0.031052 0.017048 0.080073 0.103982 0.036989 0.068637 0.096197 0.075657 0.142358 0.043386 0.110367 0.120074 0.119614 0.118353 0.086090 0.065184 0.103932
 1133000.053815 4.666373 0.076700 0.087629 0.117429 0.138270 0.104572 0.102611 0.149187 0.127790 0.144287 0.097450 0.117207 0.077381 0.048025 0.022899 0.094005 0.120740 0.053531 0.053755 0.086217 0.071991 0.141352 0.033574 0.104949 0.118014 0.114512 0.112025 0.100324 0.079547 0.100738
 1134000.053862 6.487357 0.071191 0.091594 0.121747 0.132260 0.106991 0.092058 0.132047 0.109253 0.132848 0.098463 0.122815 0.057130 0.024429 0.027000 0.086615 0.107539 0.043829 0.071283 0.097438 0.083708 0.144247 0.044866 0.114386 0.119149 0.121824 0.117366 0.084052 0.057818 0.097739
 1135000.053910 2.078966 0.083138 0.093438 0.120710 0.139160 0.107362 0.103584 0.147983 0.126630 0.144503 0.102302 0.121086 0.074259 0.048712 0.015285 0.084985 0.113279 0.047539 0.052639 0.081340 0.062297 0.133121 0.036976 0.096726 0.112383 0.106862 0.107003 0.096163 0.081895 0.102961
 1136000.053957 2.880163 0.080589 0.087913 0.115714 0.137113 0.102862 0.101539 0.148427 0.126940 0.143798 0.098101 0.116303 0.078908 0.053399 0.017990 0.087273 0.116521 0.051150 0.047469 0.078428 0.059620 0.131483 0.031320 0.093609 0.111959 0.105644 0.107117 0.101552 0.083597 0.100462
 1137000.054005 8.746493 0.093224 0.108296 0.134491 0.144942 0.120290 0.101274 0.133468 0.111804 0.138870 0.120387 0.140370 0.043785 0.036948 0.031351 0.058406 0.082466 0.014117 0.081035 0.101984 0.072039 0.133299 0.056611 0.106751 0.117760 0.118067 0.122014 0.074369 0.059905 0.114016
 1138000.054052 13.374879 0.078445 0.097929 0.125560 0.133823 0.114141 0.094699 0.126298 0.105586 0.127831 0.109501 0.131813 0.041690 0.020448 0.038768 0.078494 0.094862 0.035044 0.081683 0.104054 0.088924 0.143200 0.053808 0.118966 0.117913 0.125344 0.121471 0.072090 0.044697 0.106502
 1139000.054100 8.582987 0.079236 0.100224 0.129345 0.135948 0.114821 0.094156 0.128029 0.105920 0.131649 0.108065 0.132388 0.044406 0.018318 0.031056 0.076557 0.094465 0.033872 0.079523 0.102941 0.085324 0.142910 0.052871 0.117063 0.118919 0.123752 0.120812 0.074482 0.050881 0.104737
 1140000.054147 5.452885 0.079336 0.099731 0.130770 0.141575 0.112670 0.097396 0.136746 0.113728 0.140660 0.106455 0.130104 0.054428 0.027057 0.024754 0.079568 0.101302 0.036655 0.074445 0.101413 0.080629 0.144931 0.048792 0.114778 0.122652 0.122737 0.120580 0.081991 0.060957 0.102973
