#! FIELDS time restraint.bias r0 r1 r2 r3 r4 r5 r6 r7 r8 r9 r10 r11 r12 r13 r14 r15 r16 r17 r18 r19 r20 r21 r22 r23 r24 r25 r26 r27 r28 r29 r30 r31 r32 r33 r34 r35 r36 r37 r38 r39 r40 r41 r42 r43 r44 r45 r46 r47 r48 r49 r50 r51 r52 r53 r54 r55 r56 r57 r58 r59
680000.032298 3.394551 0.116816 0.093177 0.119592 0.079311 0.089012 0.086269 0.125988 0.139584 0.103877 0.090469 0.118618 0.136810 0.114254 0.144868 0.109463 0.094816 0.147715 0.130132 0.101771 0.129814 0.085592 0.124510 0.111500 0.094275 0.131754 0.138614 0.120077 0.148151 0.143892 0.114771 0.119129 0.043101 0.023847 0.086624 0.101598 0.082867 0.050980 0.128696 0.098527 0.070090 0.120793 0.127397 0.036433 0.072354 0.048299 0.033730 0.054595 0.014648 0.093584 0.083974 0.115862 0.114394 0.081111 0.041837 0.077326 0.107271 0.146215 0.119784 0.033265 0.083589
681000.032346 7.130865 0.117848 0.096799 0.121265 0.085937 0.093723 0.089382 0.129279 0.141740 0.105096 0.098227 0.118551 0.143235 0.120216 0.150278 0.109773 0.100212 0.151640 0.128883 0.106590 0.131179 0.091405 0.126927 0.112170 0.094828 0.136007 0.141590 0.124067 0.152885 0.147320 0.117276 0.121745 0.044340 0.027215 0.088971 0.106135 0.085228 0.055419 0.134472 0.099497 0.070871 0.123900 0.129647 0.036450 0.071814 0.049157 0.023893 0.056928 0.021231 0.095837 0.087708 0.120516 0.117318 0.083805 0.050263 0.082044 0.106194 0.150149 0.122920 0.040253 0.084668
682000.032393 2.669637 0.113101 0.089620 0.116938 0.076983 0.086606 0.083133 0.122854 0.138145 0.102190 0.089460 0.118121 0.136370 0.113309 0.143949 0.105864 0.093450 0.145763 0.127477 0.100495 0.127105 0.085043 0.123828 0.108977 0.092949 0.132880 0.139914 0.117699 0.149548 0.146565 0.114456 0.119212 0.039892 0.023710 0.088865 0.106229 0.087982 0.055929 0.129345 0.095339 0.068393 0.122499 0.129543 0.040051 0.075476 0.052340 0.035092 0.056355 0.012990 0.099034 0.088375 0.117894 0.111923 0.086383 0.042900 0.081105 0.106031 0.146032 0.116177 0.032154 0.081120
683000.032441 3.604775 0.116726 0.092649 0.118793 0.077813 0.086504 0.085677 0.124883 0.138567 0.103849 0.087722 0.118614 0.133617 0.111317 0.142152 0.109624 0.094123 0.145641 0.129945 0.098986 0.129250 0.083451 0.122977 0.110694 0.094210 0.129934 0.136923 0.118233 0.145800 0.141667 0.113917 0.117730 0.042988 0.020061 0.085961 0.099250 0.082046 0.050173 0.126429 0.098498 0.071345 0.119249 0.125554 0.036552 0.072176 0.047006 0.036871 0.053643 0.015095 0.092288 0.081825 0.113042 0.113290 0.079165 0.036863 0.075780 0.107619 0.143725 0.118522 0.029563 0.083349
684000.032488 6.837136 0.123609 0.100896 0.126354 0.079844 0.081684 0.089196 0.130801 0.144509 0.110711 0.082515 0.125159 0.127266 0.103068 0.137770 0.117408 0.100692 0.147024 0.136342 0.090862 0.135694 0.073602 0.122694 0.114155 0.104444 0.131502 0.142646 0.121105 0.150457 0.139353 0.120543 0.112030 0.058060 0.030299 0.097766 0.099222 0.085876 0.058627 0.136784 0.106078 0.084295 0.128901 0.121937 0.022201 0.081404 0.042272 0.041723 0.067505 0.020789 0.092222 0.073568 0.106388 0.118318 0.076050 0.034753 0.084595 0.111293 0.138784 0.123098 0.020329 0.095728
685000.032536 1.940130 0.112697 0.088290 0.115727 0.072441 0.080772 0.079808 0.121726 0.136366 0.100005 0.083138 0.116414 0.130265 0.106983 0.138787 0.105189 0.090219 0.142958 0.126368 0.093897 0.126163 0.078391 0.123409 0.109852 0.095643 0.132069 0.140487 0.117325 0.149347 0.144111 0.115887 0.116899 0.044442 0.026299 0.091275 0.103514 0.086939 0.056517 0.130750 0.097509 0.071927 0.123934 0.127465 0.036530 0.077350 0.050897 0.037753 0.059409 0.011074 0.095828 0.084591 0.114337 0.113236 0.083403 0.040771 0.081798 0.107765 0.140441 0.115377 0.027267 0.084670
686000.032583 3.461946 0.117469 0.093924 0.120648 0.077492 0.083063 0.083603 0.127567 0.141304 0.103710 0.086965 0.120053 0.133649 0.109362 0.142498 0.109236 0.095631 0.148189 0.129657 0.095457 0.131038 0.079595 0.126919 0.113889 0.100822 0.136423 0.145475 0.122681 0.154586 0.146612 0.121216 0.118713 0.050547 0.030620 0.096764 0.106060 0.089343 0.060754 0.138112 0.102741 0.077549 0.129716 0.129342 0.032972 0.080775 0.050640 0.035921 0.064869 0.014793 0.097111 0.084461 0.115966 0.118855 0.083896 0.045006 0.086788 0.111096 0.143276 0.120874 0.028637 0.090588
687000.032631 4.231502 0.113368 0.090046 0.116406 0.076668 0.085610 0.083793 0.121462 0.136129 0.102315 0.086994 0.116743 0.132160 0.109680 0.139721 0.107166 0.093150 0.142506 0.127602 0.098441 0.125939 0.081951 0.119543 0.107084 0.091853 0.127589 0.134843 0.114887 0.144098 0.139716 0.111097 0.113987 0.040744 0.019009 0.085411 0.099490 0.082490 0.050890 0.125562 0.094174 0.068845 0.118371 0.123207 0.035111 0.071679 0.045879 0.033528 0.053494 0.016354 0.093135 0.081408 0.111424 0.109016 0.079469 0.037213 0.075829 0.103605 0.141780 0.114887 0.029830 0.081056
688000.032678 4.395591 0.121174 0.096467 0.123198 0.076942 0.082700 0.086286 0.128400 0.142705 0.108152 0.083612 0.123090 0.129885 0.106583 0.139833 0.114318 0.097160 0.146897 0.134608 0.094322 0.133953 0.077276 0.124176 0.114086 0.100881 0.131963 0.141174 0.120578 0.149521 0.141476 0.118668 0.115646 0.051522 0.024118 0.092836 0.098796 0.084007 0.054819 0.132798 0.103723 0.079857 0.125279 0.124884 0.029791 0.078102 0.044213 0.040776 0.061583 0.016669 0.092437 0.077477 0.110280 0.116916 0.077671 0.032428 0.079717 0.111304 0.141991 0.121458 0.021557 0.091191
689000.032726 17.790980 0.109075 0.089244 0.111755 0.088310 0.103073 0.090670 0.118686 0.130710 0.099545 0.105132 0.110134 0.147286 0.128291 0.150065 0.102780 0.095188 0.143353 0.121868 0.117423 0.120476 0.103227 0.118168 0.102257 0.077262 0.124126 0.124243 0.113316 0.136153 0.139527 0.100466 0.120294 0.024165 0.023081 0.066934 0.101191 0.077042 0.042078 0.112545 0.084775 0.050840 0.103204 0.124558 0.052808 0.055475 0.053365 0.027177 0.034014 0.033534 0.093691 0.092583 0.120951 0.102753 0.083961 0.053233 0.066255 0.094594 0.151153 0.113266 0.053111 0.064962
690000.032773 10.269215 0.111715 0.091809 0.114729 0.086289 0.097864 0.089662 0.121808 0.133709 0.101063 0.100348 0.112413 0.143138 0.122478 0.147817 0.105433 0.096016 0.144830 0.124052 0.111235 0.123224 0.096154 0.119052 0.104491 0.083453 0.126127 0.128919 0.115907 0.140237 0.139300 0.105491 0.117832 0.032208 0.019015 0.074582 0.099730 0.077467 0.043922 0.119583 0.089359 0.058592 0.109769 0.123329 0.042554 0.060290 0.047483 0.021918 0.041697 0.025478 0.091308 0.086612 0.116947 0.106574 0.079896 0.048161 0.070118 0.097437 0.148186 0.116049 0.045287 0.072299
691000.032821 3.541601 0.119545 0.095099 0.121717 0.076353 0.081888 0.085319 0.126862 0.141185 0.106512 0.082791 0.122112 0.128863 0.105903 0.138748 0.112430 0.095727 0.145360 0.133164 0.093422 0.132028 0.077563 0.123081 0.112845 0.100652 0.131119 0.140889 0.118739 0.148534 0.140763 0.118111 0.114932 0.051050 0.025372 0.093427 0.099545 0.085361 0.055829 0.131986 0.102463 0.078599 0.125259 0.124363 0.031747 0.079145 0.045994 0.042754 0.062194 0.014962 0.093350 0.078189 0.109557 0.115541 0.078504 0.033551 0.081407 0.110957 0.140599 0.119526 0.021522 0.090312
692000.032868 6.241937 0.119514 0.097989 0.121986 0.086961 0.095494 0.091115 0.129968 0.141886 0.106312 0.098842 0.118814 0.143547 0.121514 0.150754 0.111689 0.100389 0.151693 0.130823 0.108560 0.131937 0.093332 0.125661 0.112390 0.093587 0.133214 0.137963 0.123225 0.148790 0.143998 0.115033 0.121186 0.042818 0.021772 0.084353 0.101303 0.080208 0.049345 0.130047 0.099350 0.069809 0.119561 0.127308 0.035711 0.067689 0.045069 0.024357 0.052227 0.019863 0.091899 0.084484 0.118335 0.115894 0.079471 0.045819 0.076407 0.105667 0.150920 0.123594 0.039513 0.083400
693000.032916 1.618617 0.114310 0.090484 0.117902 0.074712 0.082335 0.081731 0.123697 0.138655 0.102195 0.084982 0.118465 0.131885 0.108451 0.140486 0.106931 0.092769 0.144781 0.128283 0.095430 0.128010 0.079826 0.124006 0.110465 0.096737 0.133140 0.141923 0.118221 0.150828 0.145242 0.116955 0.117238 0.045578 0.027291 0.092861 0.105214 0.088371 0.057843 0.132533 0.098193 0.072663 0.125784 0.128199 0.035681 0.078424 0.050896 0.037141 0.061005 0.010115 0.097481 0.085138 0.115104 0.113905 0.084510 0.041501 0.083609 0.107993 0.142221 0.116816 0.027760 0.085683
694000.032963 3.785922 0.119145 0.096247 0.122088 0.079272 0.085041 0.088163 0.126267 0.140613 0.107590 0.085107 0.121806 0.129556 0.106731 0.138672 0.113408 0.097435 0.144526 0.133284 0.095876 0.131106 0.078964 0.119520 0.109826 0.097276 0.127357 0.136917 0.116460 0.144872 0.137652 0.114191 0.111929 0.048648 0.022041 0.089904 0.097588 0.082663 0.051843 0.128550 0.099354 0.075467 0.121879 0.120969 0.028267 0.075242 0.042394 0.038106 0.058688 0.015469 0.091716 0.075641 0.106841 0.112146 0.076016 0.032204 0.077980 0.106816 0.140392 0.118736 0.023911 0.087302
695000.033011 6.443907 0.114738 0.092790 0.117919 0.082453 0.092548 0.088655 0.123257 0.137210 0.104486 0.093842 0.117246 0.138270 0.116349 0.144816 0.108865 0.096620 0.145407 0.128593 0.105221 0.127226 0.088800 0.119150 0.105999 0.087447 0.126788 0.131545 0.115493 0.142082 0.140084 0.107815 0.115849 0.036547 0.016289 0.079661 0.099790 0.079984 0.046473 0.121849 0.092366 0.064507 0.113742 0.123470 0.037601 0.066011 0.045254 0.028438 0.047327 0.020182 0.093218 0.083403 0.114056 0.107810 0.079905 0.040221 0.072065 0.100284 0.146694 0.116573 0.035898 0.076746
696000.033058 8.725810 0.115948 0.094181 0.117897 0.083178 0.092834 0.090315 0.123499 0.135716 0.103787 0.092685 0.115890 0.135786 0.114620 0.142810 0.110052 0.095795 0.143849 0.128715 0.104206 0.126388 0.088356 0.118103 0.106787 0.088710 0.123780 0.129199 0.115425 0.138747 0.135742 0.107240 0.114559 0.039302 0.016951 0.077463 0.094380 0.075630 0.041715 0.119295 0.094026 0.065569 0.111214 0.119905 0.036746 0.063503 0.043007 0.031473 0.045338 0.023485 0.087430 0.078830 0.109867 0.108466 0.074105 0.038971 0.068872 0.101792 0.143183 0.117466 0.037320 0.078135
697000.033106 7.278692 0.120262 0.098821 0.122275 0.085901 0.091989 0.091576 0.128954 0.141110 0.107514 0.094364 0.119809 0.137610 0.115449 0.145536 0.113395 0.100927 0.148360 0.131761 0.103642 0.131552 0.088330 0.121598 0.110709 0.095136 0.129230 0.135597 0.120122 0.145249 0.138533 0.113889 0.115896 0.045513 0.017349 0.085422 0.096828 0.079003 0.048719 0.128532 0.099462 0.073244 0.118977 0.121891 0.030709 0.068693 0.040288 0.029019 0.053467 0.021449 0.089138 0.077856 0.111021 0.113942 0.074405 0.038856 0.075447 0.105576 0.145665 0.122088 0.033847 0.085148
698000.033153 2.868005 0.110940 0.088155 0.115720 0.075769 0.085366 0.080432 0.122526 0.137308 0.099477 0.089461 0.116751 0.136617 0.113164 0.143948 0.102907 0.091528 0.146242 0.124372 0.098878 0.126233 0.084052 0.126703 0.110091 0.094408 0.136324 0.144268 0.119787 0.153840 0.150237 0.117746 0.121479 0.043372 0.033280 0.093903 0.111541 0.092729 0.062010 0.134100 0.096948 0.069418 0.127158 0.133011 0.042990 0.080183 0.058511 0.037007 0.061845 0.013464 0.102155 0.092818 0.121324 0.115209 0.091137 0.051013 0.087416 0.107796 0.145483 0.116288 0.036211 0.083232
699000.033201 7.029571 0.122299 0.099327 0.124875 0.079214 0.083134 0.088038 0.129863 0.142921 0.108843 0.083909 0.123065 0.128853 0.105026 0.138606 0.115660 0.099066 0.147144 0.134411 0.092247 0.135017 0.074586 0.123843 0.114097 0.102335 0.131824 0.142294 0.121864 0.151071 0.140451 0.119720 0.113480 0.056461 0.031622 0.095553 0.099855 0.084435 0.057155 0.136503 0.105496 0.082125 0.127653 0.122859 0.024306 0.079340 0.043957 0.039250 0.065439 0.021079 0.091035 0.075387 0.109063 0.118963 0.076715 0.039074 0.083226 0.110592 0.139488 0.122791 0.025493 0.094242
700000.033248 2.840300 0.111407 0.088441 0.115484 0.075101 0.083926 0.081213 0.121563 0.136011 0.099575 0.086843 0.116156 0.133567 0.109850 0.141014 0.104134 0.091040 0.144244 0.125095 0.096669 0.125254 0.080581 0.123360 0.108677 0.093965 0.132613 0.140592 0.117824 0.149910 0.145496 0.115253 0.117415 0.043620 0.029064 0.091380 0.106337 0.088677 0.058080 0.131281 0.095936 0.069738 0.123964 0.128465 0.037864 0.077691 0.053001 0.035168 0.059514 0.013399 0.098052 0.087173 0.116215 0.112779 0.085787 0.045992 0.083626 0.105937 0.142438 0.115365 0.031634 0.083011
701000.033296 5.209171 0.112492 0.087763 0.114756 0.074064 0.084235 0.080650 0.121063 0.136002 0.100565 0.086837 0.115212 0.133776 0.111649 0.141590 0.105160 0.090765 0.143269 0.126699 0.099348 0.125445 0.084246 0.122511 0.108915 0.091907 0.130783 0.135959 0.116289 0.145809 0.143336 0.112217 0.118115 0.039802 0.020525 0.084956 0.100897 0.083048 0.052164 0.125539 0.094542 0.068580 0.118187 0.127435 0.040408 0.071797 0.048584 0.035525 0.053440 0.018146 0.094801 0.085887 0.116336 0.109764 0.082617 0.038924 0.075951 0.104683 0.144213 0.114854 0.031424 0.080538
702000.033343 9.206064 0.116977 0.094083 0.118272 0.082018 0.090324 0.086971 0.126189 0.137828 0.102109 0.093177 0.114547 0.137706 0.115584 0.145135 0.109003 0.096109 0.147055 0.127802 0.103303 0.128210 0.087794 0.123401 0.111215 0.093637 0.130646 0.135399 0.120911 0.146389 0.140467 0.113387 0.117760 0.043460 0.021666 0.082944 0.096902 0.077124 0.047767 0.128570 0.098046 0.070011 0.117766 0.123877 0.033583 0.065703 0.041954 0.023637 0.051687 0.024123 0.087904 0.080752 0.114736 0.114050 0.075573 0.043992 0.073917 0.104721 0.144839 0.120462 0.037687 0.083610
703000.033391 5.703258 0.115465 0.092892 0.117934 0.078406 0.085650 0.085357 0.123499 0.137286 0.103691 0.087516 0.116581 0.132200 0.109788 0.140141 0.109224 0.095084 0.143387 0.128620 0.098071 0.127589 0.082204 0.119627 0.107937 0.092801 0.128074 0.134582 0.116234 0.144643 0.139070 0.111488 0.113635 0.044349 0.020812 0.085455 0.098010 0.080129 0.049997 0.126881 0.095987 0.071246 0.118249 0.122211 0.031596 0.070233 0.042335 0.031405 0.054669 0.018987 0.090908 0.079377 0.111248 0.110273 0.077426 0.037306 0.075467 0.102612 0.141562 0.116674 0.029717 0.083130
704000.033438 7.249367 0.120797 0.095977 0.123046 0.076813 0.082641 0.085544 0.127994 0.143104 0.108617 0.084031 0.123013 0.130029 0.106973 0.139795 0.114205 0.097684 0.146525 0.134849 0.095434 0.133586 0.078182 0.123991 0.113887 0.100782 0.132414 0.140765 0.120058 0.149505 0.141920 0.118346 0.115438 0.051796 0.025609 0.093089 0.099556 0.084904 0.056470 0.132803 0.102618 0.079850 0.125403 0.125478 0.032151 0.078155 0.044407 0.040639 0.062555 0.021406 0.094138 0.079071 0.111384 0.115431 0.079217 0.033469 0.080130 0.110201 0.142746 0.120861 0.024645 0.091125
705000.033486 7.222969 0.121816 0.099429 0.124251 0.083304 0.089400 0.092639 0.128409 0.141741 0.109989 0.088517 0.123474 0.132130 0.109340 0.140986 0.116236 0.100562 0.146617 0.135051 0.098464 0.133437 0.081136 0.119813 0.110478 0.097155 0.126828 0.136224 0.118142 0.144626 0.137150 0.113905 0.112476 0.049713 0.022132 0.088147 0.096432 0.081085 0.049733 0.128088 0.101050 0.076378 0.120518 0.119901 0.028451 0.073572 0.041824 0.038820 0.056897 0.021367 0.090125 0.074229 0.106470 0.114004 0.074229 0.033691 0.076380 0.107476 0.141995 0.121165 0.027533 0.087732
706000.033533 3.119729 0.116213 0.092050 0.118820 0.075208 0.082481 0.082386 0.125124 0.139370 0.103163 0.085146 0.118300 0.131974 0.108780 0.140843 0.108632 0.093631 0.145533 0.129493 0.095649 0.129396 0.079830 0.124399 0.111873 0.097756 0.133189 0.141180 0.119648 0.150490 0.143872 0.117328 0.117037 0.047557 0.025784 0.091764 0.102102 0.085222 0.055847 0.132835 0.099853 0.074790 0.124774 0.127044 0.033091 0.076664 0.047239 0.036128 0.060436 0.014043 0.094288 0.082594 0.114446 0.114959 0.081350 0.039604 0.081464 0.108233 0.142555 0.118485 0.026864 0.087489
707000.033581 10.198525 0.124248 0.101903 0.127033 0.083341 0.087160 0.091646 0.131802 0.144848 0.111203 0.087868 0.124265 0.131473 0.107602 0.140725 0.118330 0.102297 0.149011 0.136572 0.096706 0.136131 0.077737 0.122868 0.114188 0.101915 0.130599 0.140181 0.122477 0.149139 0.138739 0.118590 0.112678 0.056120 0.030037 0.093825 0.097825 0.082347 0.055170 0.135247 0.104973 0.081775 0.126117 0.121492 0.022317 0.076682 0.040245 0.034817 0.063803 0.025390 0.090008 0.073628 0.107775 0.117901 0.074391 0.038979 0.080624 0.109270 0.141694 0.124826 0.029918 0.093860
708000.033628 12.374657 0.109919 0.088007 0.112568 0.081375 0.094632 0.087685 0.116993 0.131171 0.100849 0.094420 0.112697 0.137468 0.117567 0.142504 0.104963 0.092456 0.139678 0.125102 0.108084 0.120984 0.092599 0.114545 0.101543 0.081254 0.120636 0.123894 0.109504 0.134030 0.135557 0.100523 0.114042 0.030049 0.017033 0.071185 0.096593 0.076760 0.041274 0.111838 0.085655 0.056884 0.105166 0.120327 0.045926 0.060660 0.048017 0.033810 0.039232 0.027968 0.091818 0.084903 0.112829 0.100407 0.079539 0.041261 0.065518 0.095950 0.144821 0.110873 0.042330 0.069291
709000.033676 5.634791 0.113019 0.091064 0.115881 0.082171 0.092809 0.086130 0.122970 0.136203 0.101661 0.095953 0.114688 0.140535 0.119256 0.146627 0.105733 0.094965 0.145822 0.125898 0.107062 0.125693 0.092127 0.121577 0.107327 0.087972 0.129345 0.133541 0.117075 0.144090 0.141994 0.109743 0.118797 0.035046 0.017972 0.080312 0.101239 0.080456 0.048111 0.123931 0.092666 0.063470 0.115004 0.125944 0.040468 0.066061 0.047601 0.026343 0.047655 0.018872 0.093281 0.086592 0.117507 0.109329 0.081343 0.044491 0.073877 0.101516 0.148034 0.116650 0.038974 0.076735
710000.033723 5.051143 0.113276 0.089783 0.116398 0.074547 0.082252 0.082372 0.120949 0.136069 0.102126 0.083438 0.116875 0.128857 0.105970 0.137045 0.107139 0.092454 0.140981 0.127799 0.094821 0.125571 0.078508 0.119323 0.107298 0.094170 0.127958 0.136313 0.114314 0.145269 0.139697 0.112372 0.112594 0.044201 0.023053 0.088557 0.100040 0.084204 0.053700 0.127560 0.094926 0.071243 0.120839 0.122922 0.034056 0.074517 0.046277 0.036429 0.057499 0.017868 0.093865 0.080667 0.110254 0.109156 0.079981 0.036857 0.078610 0.104376 0.138999 0.114114 0.027634 0.083427
711000.033771 4.596474 0.112075 0.087966 0.114930 0.075419 0.086498 0.082659 0.120512 0.135507 0.100983 0.088059 0.115627 0.134497 0.112295 0.141842 0.105457 0.091263 0.143095 0.126603 0.100424 0.125287 0.084695 0.121341 0.107256 0.089579 0.129103 0.134908 0.115302 0.144816 0.143058 0.110372 0.117491 0.037453 0.020215 0.083255 0.101657 0.083049 0.050398 0.123837 0.093198 0.066025 0.116957 0.126685 0.040534 0.070625 0.049686 0.034765 0.051129 0.017045 0.095119 0.086025 0.115838 0.108935 0.083059 0.039668 0.074822 0.103461 0.144243 0.114358 0.032837 0.078276
712000.033818 4.424774 0.115953 0.091687 0.118650 0.078039 0.087823 0.084577 0.125005 0.139822 0.104157 0.090527 0.118660 0.137074 0.114512 0.145004 0.108583 0.094987 0.147190 0.129719 0.102326 0.129363 0.086394 0.124786 0.110921 0.093279 0.132687 0.138535 0.119390 0.148596 0.145418 0.114457 0.120081 0.040142 0.019708 0.086255 0.102787 0.084062 0.052419 0.128308 0.097146 0.069873 0.120648 0.129018 0.039010 0.072097 0.048776 0.032793 0.053681 0.016724 0.095741 0.086394 0.117741 0.112923 0.083216 0.039983 0.076830 0.106785 0.147271 0.118733 0.033175 0.082139
713000.033866 9.319309 0.123384 0.100805 0.124935 0.084185 0.089409 0.092635 0.130334 0.143186 0.110445 0.089843 0.122205 0.133726 0.110983 0.142973 0.117432 0.101552 0.148195 0.136042 0.100570 0.133822 0.083482 0.120780 0.112329 0.098080 0.128152 0.134933 0.120252 0.144362 0.136727 0.114249 0.113505 0.050267 0.018139 0.086243 0.093008 0.077018 0.047242 0.128088 0.101578 0.077324 0.118978 0.120179 0.025543 0.069762 0.035155 0.033255 0.055600 0.024271 0.087387 0.072964 0.107473 0.113823 0.071177 0.031692 0.073280 0.106525 0.143798 0.123412 0.028822 0.088639
714000.033913 7.160570 0.112972 0.090913 0.116171 0.081450 0.092051 0.086194 0.122843 0.136550 0.101971 0.095055 0.114974 0.140059 0.118032 0.146291 0.106479 0.094752 0.145955 0.126462 0.106677 0.125443 0.090635 0.121563 0.107378 0.088061 0.129409 0.133107 0.117448 0.143877 0.142316 0.109588 0.118604 0.035906 0.019249 0.080681 0.101174 0.080786 0.048780 0.123653 0.092293 0.063972 0.114965 0.126399 0.040245 0.066374 0.047347 0.025069 0.048336 0.021275 0.093957 0.086652 0.117310 0.108681 0.081778 0.044012 0.073222 0.101045 0.147999 0.117004 0.039360 0.076807
715000.033961 3.883811 0.113749 0.091673 0.117119 0.080728 0.090126 0.086840 0.122891 0.136786 0.102934 0.092000 0.117383 0.136591 0.114655 0.143663 0.107330 0.094758 0.144780 0.127413 0.102842 0.126436 0.087698 0.120661 0.107049 0.089862 0.128168 0.134638 0.115832 0.143725 0.141358 0.110682 0.117242 0.037785 0.019547 0.083654 0.101789 0.083354 0.050152 0.123800 0.093987 0.066007 0.116990 0.125156 0.039653 0.070401 0.049428 0.033608 0.050687 0.015668 0.094648 0.084837 0.114042 0.109744 0.081613 0.041050 0.075970 0.103776 0.145099 0.116262 0.034713 0.078308
716000.034008 6.336496 0.121200 0.100366 0.124640 0.086277 0.092058 0.092571 0.130166 0.142813 0.109163 0.093577 0.122024 0.137000 0.113989 0.145012 0.114962 0.102146 0.149645 0.133279 0.102111 0.133586 0.085076 0.121788 0.110789 0.096019 0.129806 0.137731 0.120795 0.147500 0.139897 0.114866 0.114644 0.048765 0.025248 0.088757 0.100059 0.081868 0.051803 0.131354 0.100472 0.074310 0.122043 0.122259 0.026958 0.072078 0.042126 0.028965 0.057623 0.020013 0.091420 0.077897 0.110962 0.115232 0.076662 0.041967 0.079016 0.105321 0.145320 0.122915 0.033486 0.087114
717000.034056 5.265875 0.108514 0.084286 0.112577 0.072987 0.084547 0.079855 0.116954 0.133588 0.099037 0.085958 0.115206 0.131938 0.109920 0.138857 0.102276 0.088978 0.139944 0.124694 0.098920 0.122014 0.083306 0.119516 0.104814 0.089204 0.127925 0.135271 0.111567 0.144029 0.143019 0.109619 0.115649 0.036179 0.024882 0.086036 0.105054 0.088013 0.055212 0.123267 0.089922 0.063945 0.118747 0.126832 0.044509 0.074611 0.054297 0.038960 0.054244 0.018244 0.099508 0.088744 0.115154 0.105594 0.086966 0.041831 0.078844 0.102901 0.142029 0.110282 0.034288 0.076754
718000.034103 4.932949 0.118835 0.095558 0.120905 0.079064 0.085632 0.087045 0.126230 0.140021 0.106602 0.086716 0.119669 0.131263 0.108926 0.140073 0.112655 0.096828 0.144832 0.132232 0.097867 0.130608 0.081356 0.120652 0.110509 0.096216 0.128120 0.135897 0.117721 0.144811 0.137793 0.113848 0.113523 0.047246 0.018814 0.087273 0.095704 0.079477 0.049528 0.128119 0.099195 0.074943 0.120030 0.121569 0.028991 0.071882 0.040131 0.034526 0.056142 0.017658 0.089276 0.076160 0.108942 0.112266 0.074676 0.032436 0.074929 0.106099 0.141785 0.119360 0.027165 0.086590
719000.034151 12.692871 0.114203 0.092572 0.115597 0.086032 0.097394 0.089691 0.123327 0.135231 0.102717 0.100460 0.113750 0.143617 0.123050 0.148744 0.107370 0.097132 0.146098 0.125901 0.111836 0.125592 0.096718 0.121100 0.107304 0.085589 0.127562 0.129206 0.117835 0.140534 0.139528 0.107330 0.119757 0.033186 0.012390 0.074223 0.097124 0.075748 0.043497 0.119920 0.092285 0.063002 0.109569 0.124322 0.043729 0.059829 0.045531 0.024500 0.040819 0.028325 0.089954 0.085816 0.117429 0.108547 0.078192 0.044485 0.067208 0.100574 0.149953 0.118031 0.044467 0.074634
720000.034198 8.348714 0.122182 0.100868 0.124398 0.087456 0.094302 0.094122 0.130515 0.142091 0.109053 0.095034 0.120821 0.138032 0.115865 0.145971 0.115913 0.101966 0.149812 0.133736 0.104586 0.133436 0.087572 0.121336 0.111179 0.094461 0.127788 0.134223 0.120906 0.144129 0.137478 0.112812 0.115169 0.047187 0.021601 0.083593 0.095583 0.076825 0.045937 0.127263 0.100333 0.072746 0.117465 0.120624 0.028357 0.066850 0.038922 0.027780 0.052382 0.022972 0.087304 0.075898 0.110077 0.114533 0.072708 0.040066 0.073328 0.104865 0.146000 0.123810 0.035944 0.085460
721000.034246 2.263542 0.116034 0.092380 0.119703 0.074714 0.079530 0.081214 0.125432 0.140282 0.103651 0.083252 0.120593 0.129308 0.105579 0.138446 0.108226 0.094520 0.144778 0.129176 0.091977 0.130068 0.076749 0.125441 0.112613 0.101587 0.135042 0.146078 0.119593 0.153991 0.145517 0.121278 0.116626 0.051224 0.032113 0.099345 0.107298 0.091960 0.063395 0.138239 0.102017 0.078532 0.131521 0.128437 0.034518 0.084034 0.052769 0.040879 0.067661 0.011961 0.098788 0.084411 0.114019 0.117326 0.085364 0.042815 0.089014 0.111635 0.140098 0.118042 0.025842 0.091218
722000.034293 6.696464 0.120771 0.098813 0.122902 0.084260 0.090275 0.090207 0.129564 0.141826 0.107534 0.092660 0.119678 0.136478 0.114015 0.144661 0.113771 0.100366 0.148823 0.132248 0.101894 0.132695 0.085713 0.122570 0.111724 0.095979 0.130285 0.136830 0.121099 0.146980 0.139437 0.114877 0.115678 0.047645 0.021417 0.086783 0.097443 0.078844 0.049611 0.130623 0.100607 0.074500 0.120532 0.122507 0.027630 0.069434 0.039505 0.027143 0.055640 0.020574 0.088824 0.077513 0.111797 0.115159 0.074749 0.039746 0.076315 0.105583 0.145177 0.122671 0.032703 0.086943
723000.034341 7.950251 0.112287 0.090618 0.115977 0.083515 0.095496 0.087714 0.122373 0.135925 0.101308 0.097735 0.114799 0.142116 0.120511 0.147610 0.105453 0.095150 0.146245 0.125711 0.109197 0.124874 0.093264 0.121477 0.106448 0.086419 0.128718 0.133201 0.116908 0.143970 0.142846 0.108568 0.119068 0.032906 0.022152 0.079363 0.103154 0.081842 0.048322 0.123011 0.090967 0.060045 0.114711 0.126481 0.042840 0.065551 0.050545 0.024867 0.046592 0.022417 0.095030 0.088522 0.118346 0.108562 0.083321 0.048294 0.074011 0.100855 0.148608 0.116452 0.043303 0.074674
724000.034388 2.746757 0.113135 0.089202 0.116601 0.075144 0.084524 0.082016 0.122296 0.137694 0.101975 0.087047 0.117597 0.134091 0.111134 0.142067 0.106111 0.092401 0.144636 0.127613 0.098454 0.126987 0.082856 0.123167 0.108884 0.092973 0.132016 0.138869 0.117033 0.148437 0.145343 0.113896 0.118162 0.041056 0.023552 0.088497 0.104536 0.086697 0.055186 0.128418 0.095520 0.069322 0.121669 0.128586 0.038914 0.075131 0.050781 0.035826 0.056530 0.013176 0.097678 0.086869 0.116613 0.111347 0.085121 0.040622 0.079884 0.105577 0.144466 0.115712 0.030255 0.081660
725000.034436 3.840991 0.112152 0.086948 0.115074 0.070088 0.078000 0.078762 0.120056 0.135678 0.100045 0.079631 0.116868 0.126957 0.103448 0.135768 0.105141 0.089131 0.140682 0.126903 0.091307 0.125086 0.075431 0.121893 0.109052 0.096385 0.130881 0.139864 0.115120 0.148210 0.143204 0.115276 0.115031 0.045460 0.027127 0.092307 0.103225 0.088228 0.057875 0.129727 0.096609 0.072905 0.124092 0.126706 0.037839 0.079219 0.051488 0.041526 0.060895 0.015582 0.097136 0.084037 0.112490 0.111218 0.083915 0.038332 0.082277 0.107817 0.138043 0.113371 0.024618 0.084957
726000.034483 11.809382 0.118463 0.096387 0.119154 0.085761 0.094746 0.090047 0.127609 0.138394 0.104294 0.097689 0.114553 0.141378 0.120079 0.148138 0.111100 0.098604 0.148385 0.128966 0.108386 0.129225 0.092710 0.122925 0.111282 0.091614 0.129674 0.132218 0.121727 0.143939 0.138811 0.111470 0.118488 0.042585 0.017292 0.078440 0.093844 0.072669 0.043205 0.125849 0.097669 0.069566 0.113717 0.122942 0.034429 0.060816 0.038282 0.020023 0.047259 0.027321 0.085364 0.079958 0.115317 0.113058 0.073119 0.042982 0.068651 0.102744 0.148222 0.122188 0.041120 0.082239
727000.034531 3.283281 0.116585 0.093708 0.119121 0.079718 0.086682 0.085806 0.126281 0.139310 0.103483 0.089879 0.119085 0.135770 0.112791 0.144089 0.108820 0.095372 0.147471 0.128759 0.099018 0.129599 0.084451 0.124838 0.111864 0.096748 0.133384 0.140746 0.120677 0.149525 0.144036 0.117398 0.119223 0.046303 0.024902 0.090928 0.102851 0.085914 0.055730 0.131548 0.100510 0.074125 0.123461 0.127624 0.036667 0.076476 0.049705 0.037490 0.058496 0.014406 0.094943 0.084006 0.114953 0.116224 0.081741 0.042097 0.081597 0.109153 0.144959 0.119813 0.030156 0.085985
728000.034578 10.852313 0.122177 0.099478 0.122572 0.085281 0.092963 0.092454 0.129004 0.140881 0.109141 0.093678 0.119245 0.136790 0.115817 0.144963 0.115993 0.100656 0.147466 0.134147 0.105250 0.132577 0.089100 0.120578 0.111602 0.094204 0.126510 0.131185 0.119732 0.141306 0.134988 0.111309 0.115002 0.046463 0.011734 0.079718 0.089693 0.071552 0.041230 0.124049 0.099816 0.074193 0.113700 0.119336 0.030613 0.063494 0.033734 0.031193 0.049020 0.026191 0.083548 0.073734 0.109392 0.112343 0.069010 0.032087 0.066749 0.104577 0.146088 0.122736 0.034654 0.085276
729000.034626 10.409363 0.125255 0.101966 0.126927 0.078967 0.080651 0.091044 0.129928 0.143240 0.112149 0.078216 0.125570 0.121533 0.098208 0.132670 0.120216 0.100097 0.143638 0.138515 0.088226 0.135760 0.069852 0.118944 0.113482 0.104486 0.125805 0.137791 0.118186 0.144426 0.132617 0.117653 0.107661 0.060057 0.029318 0.094704 0.091776 0.080811 0.053685 0.131610 0.106440 0.085826 0.124648 0.116208 0.019861 0.079313 0.037587 0.046201 0.065451 0.025651 0.086628 0.065730 0.099076 0.116076 0.069185 0.025676 0.078877 0.111182 0.134003 0.122322 0.017529 0.096315
730000.034673 4.897195 0.121337 0.098618 0.123950 0.081485 0.087270 0.089181 0.129518 0.142786 0.108379 0.088605 0.121663 0.133202 0.110160 0.142255 0.114668 0.099413 0.148130 0.133849 0.098440 0.133504 0.081389 0.123180 0.112663 0.098284 0.130644 0.139081 0.121034 0.148364 0.140273 0.116608 0.115180 0.049574 0.023309 0.089856 0.098312 0.081207 0.051580 0.131968 0.102025 0.076564 0.123282 0.123300 0.026403 0.073346 0.041359 0.032231 0.058504 0.017594 0.090141 0.076961 0.110605 0.116010 0.075738 0.037115 0.078115 0.108053 0.143121 0.122640 0.028904 0.089110
731000.034721 12.573414 0.123004 0.102797 0.125662 0.087366 0.091196 0.093690 0.131262 0.143183 0.110407 0.093016 0.121264 0.135017 0.112085 0.143325 0.117171 0.103785 0.148728 0.134237 0.101222 0.133785 0.084231 0.120900 0.111600 0.098122 0.128864 0.136366 0.121573 0.146520 0.137027 0.115098 0.112637 0.053138 0.027388 0.089069 0.096436 0.078852 0.051588 0.132230 0.101794 0.077945 0.121783 0.119604 0.023782 0.070752 0.037416 0.027860 0.059389 0.028191 0.087685 0.074238 0.108687 0.115210 0.072621 0.041871 0.078016 0.104741 0.142892 0.124313 0.035906 0.090050
732000.034768 2.682341 0.117324 0.094764 0.120600 0.079042 0.084660 0.085147 0.127042 0.140807 0.104817 0.088233 0.119924 0.133919 0.110323 0.142482 0.109942 0.096693 0.147283 0.129883 0.097027 0.130592 0.081359 0.124403 0.111746 0.098233 0.133647 0.142098 0.120705 0.151249 0.143965 0.118267 0.117068 0.048207 0.025973 0.093413 0.103646 0.086634 0.057404 0.134564 0.100651 0.075707 0.126160 0.126841 0.031408 0.077585 0.047376 0.033894 0.061490 0.013021 0.095167 0.082507 0.114053 0.116088 0.081541 0.041470 0.083495 0.108323 0.143556 0.120110 0.028144 0.088068
733000.034816 6.194788 0.122620 0.100549 0.125876 0.082089 0.085554 0.089510 0.131637 0.144512 0.109040 0.087708 0.123757 0.132642 0.108338 0.142181 0.115473 0.100879 0.149844 0.134176 0.095044 0.135541 0.078245 0.125785 0.114851 0.102935 0.134477 0.144792 0.123952 0.153777 0.143480 0.121552 0.116101 0.055800 0.032558 0.097341 0.103351 0.087109 0.059349 0.138953 0.106011 0.081475 0.129963 0.125532 0.025812 0.080266 0.046450 0.036586 0.066393 0.019788 0.093761 0.078745 0.111893 0.120703 0.079501 0.043404 0.086182 0.111409 0.142146 0.124515 0.029036 0.094203
734000.034863 7.339734 0.120917 0.097280 0.122523 0.079401 0.085775 0.089788 0.126677 0.140425 0.108443 0.084370 0.121542 0.128952 0.106488 0.138544 0.115212 0.097574 0.144460 0.134616 0.096028 0.131827 0.079126 0.119340 0.110552 0.096604 0.125974 0.134074 0.116801 0.142642 0.136163 0.112536 0.112260 0.048762 0.019049 0.085757 0.093336 0.078365 0.047013 0.125049 0.100140 0.075857 0.117926 0.119708 0.029120 0.071547 0.039390 0.039547 0.055051 0.021539 0.088261 0.073288 0.105855 0.112102 0.072672 0.028239 0.072982 0.106914 0.140018 0.119699 0.024317 0.086866
735000.034911 8.315191 0.123925 0.101016 0.125514 0.083419 0.089206 0.092856 0.130410 0.143158 0.110973 0.088532 0.122959 0.132251 0.109623 0.141608 0.118292 0.101184 0.147819 0.136707 0.099339 0.134789 0.081343 0.120717 0.112510 0.098196 0.127121 0.135101 0.120158 0.144119 0.135888 0.114351 0.112765 0.051029 0.019100 0.086312 0.092281 0.076481 0.046251 0.128009 0.102532 0.077965 0.119170 0.119274 0.023817 0.070245 0.035492 0.034964 0.055553 0.022926 0.086044 0.071246 0.106118 0.114658 0.070090 0.030213 0.072478 0.107468 0.142688 0.123628 0.027852 0.089360
736000.034958 3.233623 0.118328 0.095172 0.120966 0.076564 0.081190 0.084795 0.126074 0.139908 0.105598 0.082632 0.120237 0.127789 0.104623 0.137203 0.111625 0.095525 0.144017 0.131451 0.092308 0.130648 0.076178 0.121454 0.111218 0.099307 0.129823 0.139680 0.117961 0.147803 0.139200 0.116820 0.112786 0.051282 0.026322 0.093129 0.099181 0.084019 0.055245 0.132366 0.101201 0.077882 0.124857 0.122519 0.027588 0.077836 0.043994 0.038558 0.062301 0.014297 0.091705 0.076765 0.108473 0.114529 0.077199 0.035604 0.081492 0.108235 0.138582 0.118737 0.022219 0.089865
737000.035006 7.551068 0.123234 0.101933 0.125669 0.083656 0.085419 0.090866 0.131385 0.143288 0.109451 0.087276 0.122937 0.130348 0.106941 0.139920 0.116500 0.101566 0.147902 0.134245 0.094199 0.134847 0.078238 0.121872 0.113249 0.102494 0.130315 0.140555 0.121509 0.148654 0.137311 0.119151 0.112046 0.057063 0.030275 0.095504 0.098108 0.083281 0.056546 0.135975 0.105445 0.082451 0.126729 0.120066 0.021668 0.078173 0.041078 0.037443 0.065258 0.021847 0.089327 0.072927 0.106384 0.118458 0.073666 0.039646 0.083691 0.109405 0.139671 0.123735 0.026771 0.094313
738000.035053 3.737713 0.109322 0.085116 0.113029 0.071702 0.081255 0.078078 0.119141 0.134775 0.097780 0.084714 0.114761 0.132664 0.109105 0.140275 0.101607 0.088615 0.142350 0.123854 0.095638 0.123245 0.081001 0.123537 0.107979 0.093445 0.133629 0.140958 0.116134 0.150577 0.147653 0.114789 0.118562 0.041557 0.028708 0.091325 0.107767 0.090179 0.059291 0.130449 0.094161 0.068671 0.123954 0.130557 0.042049 0.078437 0.055261 0.038361 0.059624 0.015371 0.100445 0.090212 0.118530 0.111045 0.088716 0.045409 0.084201 0.105731 0.142231 0.112684 0.030685 0.081410
739000.035101 4.602927 0.111460 0.087246 0.114290 0.074358 0.085543 0.081791 0.119528 0.134637 0.100053 0.086400 0.114847 0.132604 0.110922 0.140164 0.104652 0.089857 0.141513 0.126444 0.099469 0.123929 0.084235 0.120285 0.106895 0.090179 0.127804 0.134262 0.113768 0.143434 0.141565 0.109825 0.116279 0.037949 0.021748 0.083386 0.100789 0.082912 0.050013 0.122704 0.092476 0.065310 0.116685 0.125600 0.041036 0.071109 0.049864 0.037039 0.051767 0.017057 0.094542 0.085345 0.114372 0.107645 0.082361 0.039493 0.075352 0.103479 0.142425 0.113132 0.032653 0.078442
740000.035148 7.531208 0.121547 0.098194 0.122042 0.080603 0.086489 0.088761 0.128741 0.140477 0.106768 0.087247 0.118478 0.131889 0.109906 0.141405 0.114532 0.097495 0.146345 0.133139 0.098091 0.131993 0.082530 0.121927 0.113093 0.097973 0.128654 0.135179 0.120544 0.144691 0.136454 0.114730 0.114574 0.050348 0.019501 0.085295 0.091361 0.074460 0.045478 0.128291 0.102303 0.077058 0.118411 0.120401 0.026098 0.068609 0.035648 0.034068 0.054949 0.021818 0.083927 0.072858 0.108565 0.115131 0.069773 0.032936 0.072477 0.107247 0.141696 0.122341 0.028147 0.088920
741000.035196 6.227439 0.113166 0.091676 0.116887 0.083481 0.093994 0.086851 0.124070 0.137677 0.102087 0.097843 0.115790 0.142651 0.120683 0.148530 0.105516 0.096601 0.147754 0.125738 0.107735 0.126914 0.092864 0.123815 0.107826 0.088906 0.132393 0.137420 0.118919 0.148605 0.146014 0.112056 0.120592 0.035985 0.023633 0.083823 0.106286 0.084684 0.052648 0.128241 0.093499 0.063726 0.119058 0.128767 0.041633 0.068861 0.051415 0.025128 0.051273 0.019840 0.096962 0.090044 0.120677 0.111737 0.085601 0.049252 0.078683 0.102477 0.149558 0.117601 0.041253 0.077700
742000.035243 4.590391 0.113644 0.089669 0.116424 0.078261 0.089009 0.081829 0.124882 0.138661 0.100331 0.093792 0.115270 0.140572 0.118467 0.147711 0.104531 0.093315 0.148382 0.125964 0.104529 0.127918 0.090100 0.128116 0.112204 0.093609 0.136450 0.141936 0.121781 0.152588 0.149061 0.116925 0.123632 0.039920 0.026873 0.088086 0.106872 0.086100 0.055829 0.132382 0.097538 0.068025 0.123434 0.132497 0.042464 0.072709 0.053166 0.029693 0.055901 0.017034 0.097114 0.091431 0.123103 0.115659 0.086829 0.049021 0.081150 0.107483 0.149210 0.118960 0.039196 0.082351
743000.035291 6.054804 0.120620 0.098991 0.122814 0.084625 0.090130 0.089938 0.129999 0.142482 0.107785 0.093532 0.120083 0.137811 0.115433 0.146202 0.113345 0.100681 0.149454 0.132231 0.102749 0.132517 0.087864 0.123667 0.112229 0.096816 0.132188 0.138227 0.121705 0.148289 0.141303 0.116123 0.117514 0.047755 0.020960 0.088074 0.099085 0.080684 0.051578 0.131457 0.100803 0.075039 0.121514 0.124578 0.030411 0.070956 0.041195 0.029468 0.056721 0.019563 0.090894 0.079966 0.113800 0.115296 0.076876 0.039898 0.078154 0.106220 0.146723 0.122890 0.032741 0.087093
744000.035338 3.922036 0.112367 0.088424 0.115774 0.074752 0.085008 0.082959 0.120275 0.136049 0.102212 0.085774 0.117383 0.132039 0.109778 0.139880 0.106430 0.091447 0.142044 0.128041 0.098591 0.125352 0.082615 0.119882 0.106754 0.091035 0.128002 0.135076 0.113710 0.143926 0.141894 0.110523 0.115574 0.039562 0.021408 0.085450 0.101788 0.084902 0.051967 0.123518 0.093097 0.067370 0.118061 0.125670 0.039986 0.073487 0.049994 0.038755 0.053595 0.015745 0.096424 0.084846 0.113388 0.107692 0.083213 0.037032 0.076461 0.103891 0.142731 0.113557 0.029970 0.079384
745000.035386 4.880050 0.117336 0.092655 0.119922 0.074165 0.080505 0.083329 0.124893 0.139893 0.104864 0.081833 0.120570 0.128638 0.104802 0.138189 0.110581 0.094203 0.144254 0.131388 0.092904 0.129892 0.076086 0.123217 0.111980 0.099571 0.131887 0.141089 0.118666 0.149602 0.142467 0.117632 0.115195 0.049279 0.025062 0.093170 0.100770 0.086242 0.056640 0.132281 0.100673 0.077350 0.125431 0.125697 0.032631 0.078836 0.047109 0.040459 0.061651 0.017563 0.094720 0.080186 0.111067 0.114538 0.080333 0.035087 0.081193 0.109950 0.140035 0.118255 0.022995 0.088963
746000.035433 3.098034 0.118574 0.095594 0.121793 0.077642 0.083074 0.086879 0.126255 0.140460 0.106585 0.083535 0.122300 0.128955 0.105505 0.138436 0.112135 0.096234 0.144899 0.132166 0.093080 0.131266 0.077052 0.122153 0.111015 0.099039 0.130336 0.140973 0.118063 0.148773 0.141469 0.117128 0.114440 0.050295 0.027375 0.093644 0.101986 0.087036 0.056270 0.131706 0.101396 0.077039 0.125417 0.124293 0.031869 0.079629 0.048629 0.042334 0.061948 0.013994 0.094705 0.079325 0.109463 0.115258 0.080194 0.036733 0.082813 0.109821 0.139550 0.118899 0.023411 0.088840
747000.035481 4.861314 0.118253 0.096361 0.122002 0.079471 0.082809 0.084957 0.128892 0.142141 0.104848 0.087256 0.121271 0.133430 0.108826 0.142577 0.110097 0.097612 0.148763 0.129805 0.093867 0.131910 0.079223 0.127051 0.114025 0.102912 0.137571 0.147336 0.123493 0.156270 0.147009 0.122984 0.118302 0.054669 0.035006 0.100346 0.108183 0.092039 0.064490 0.140950 0.104334 0.080350 0.132250 0.129220 0.032550 0.083986 0.052226 0.039048 0.069060 0.017529 0.098583 0.084716 0.115707 0.120341 0.085205 0.047851 0.091184 0.111531 0.142617 0.121726 0.029405 0.093022
748000.035528 4.520181 0.117388 0.094629 0.120110 0.078635 0.085266 0.086305 0.125806 0.139585 0.105548 0.087260 0.119343 0.132603 0.109379 0.141107 0.111219 0.096218 0.145707 0.130602 0.097383 0.129928 0.080633 0.121858 0.110196 0.095541 0.130240 0.137497 0.118875 0.146898 0.140813 0.114652 0.115150 0.046814 0.021547 0.088705 0.099238 0.082434 0.052451 0.129455 0.098954 0.074501 0.121128 0.124141 0.030745 0.073700 0.043682 0.034043 0.057121 0.016903 0.092143 0.079585 0.111472 0.113237 0.078221 0.036435 0.077641 0.105886 0.142826 0.119307 0.027416 0.085825
749000.035576 3.665544 0.115891 0.094392 0.119566 0.082433 0.090107 0.086918 0.126504 0.139912 0.104167 0.094006 0.118295 0.138960 0.116067 0.146193 0.108449 0.097644 0.148358 0.128143 0.102958 0.129397 0.087578 0.124171 0.109966 0.093691 0.133174 0.139901 0.120454 0.150142 0.144883 0.115434 0.118853 0.042779 0.024171 0.088885 0.104902 0.085361 0.054761 0.131919 0.097595 0.070241 0.122873 0.127632 0.035166 0.073012 0.048544 0.027641 0.056465 0.015222 0.095672 0.085780 0.117189 0.114440 0.082972 0.045633 0.081178 0.105295 0.146992 0.119772 0.035144 0.083329
750000.035623 9.325480 0.109510 0.087653 0.112873 0.080387 0.092455 0.084999 0.118618 0.132997 0.099824 0.094546 0.112492 0.138979 0.117720 0.144243 0.103429 0.092887 0.142208 0.123831 0.106682 0.121938 0.091255 0.118167 0.103350 0.084017 0.126354 0.129765 0.113032 0.140964 0.140607 0.105236 0.116180 0.031820 0.019328 0.077216 0.101181 0.080544 0.047493 0.119784 0.087534 0.059256 0.111593 0.124284 0.043128 0.064224 0.048582 0.027455 0.045468 0.024279 0.094670 0.087573 0.116754 0.104152 0.082830 0.044893 0.071919 0.097151 0.146266 0.112411 0.040877 0.072381
751000.035671 5.507906 0.115327 0.092888 0.117848 0.081527 0.090597 0.087787 0.123919 0.137434 0.103974 0.092447 0.117419 0.137231 0.115257 0.144489 0.108951 0.095972 0.145516 0.128698 0.103648 0.127403 0.088049 0.120431 0.107869 0.090426 0.128055 0.133161 0.116698 0.142871 0.140043 0.110330 0.116770 0.038880 0.014895 0.081807 0.098540 0.080255 0.047742 0.123299 0.094648 0.067434 0.115259 0.123908 0.037186 0.067901 0.044814 0.031453 0.049241 0.018659 0.092339 0.082352 0.113257 0.109646 0.078638 0.038090 0.073030 0.103181 0.146028 0.117456 0.033639 0.079198
752000.035718 6.025236 0.120241 0.099158 0.123767 0.084371 0.089090 0.090636 0.129229 0.142163 0.108001 0.091060 0.121834 0.134750 0.111326 0.142996 0.113741 0.100904 0.148406 0.132489 0.099052 0.132641 0.082300 0.121618 0.110787 0.098083 0.130497 0.139487 0.120245 0.148658 0.140074 0.116371 0.113525 0.050920 0.027755 0.092186 0.101278 0.084407 0.055297 0.133624 0.100850 0.076144 0.124622 0.122311 0.026468 0.075679 0.043530 0.032251 0.061276 0.019515 0.092844 0.077903 0.110190 0.115434 0.077725 0.042395 0.082450 0.106263 0.143323 0.121688 0.030805 0.088954
753000.035766 5.124040 0.117824 0.095634 0.120208 0.082399 0.089976 0.088467 0.126870 0.139364 0.104814 0.092056 0.118064 0.136833 0.114179 0.144596 0.110702 0.097580 0.147538 0.129730 0.101648 0.130035 0.085648 0.122403 0.110208 0.093849 0.130237 0.136571 0.119917 0.146799 0.140841 0.113651 0.116543 0.044342 0.020735 0.085485 0.099002 0.080153 0.049474 0.128964 0.098465 0.071280 0.119337 0.123782 0.031123 0.069541 0.042945 0.028468 0.053696 0.017997 0.090554 0.080160 0.113204 0.113925 0.077158 0.041044 0.076294 0.104940 0.145008 0.120369 0.032857 0.084018
754000.035813 12.772005 0.115280 0.092636 0.116281 0.084284 0.096628 0.089817 0.123190 0.135270 0.102977 0.097645 0.113765 0.141782 0.121292 0.147719 0.108679 0.095936 0.145514 0.127740 0.110483 0.126080 0.094814 0.120445 0.107838 0.085863 0.126041 0.127633 0.117273 0.139158 0.138421 0.105940 0.118737 0.034403 0.012700 0.071593 0.094086 0.072594 0.038752 0.117601 0.092519 0.062473 0.107540 0.122990 0.042064 0.057720 0.043046 0.026955 0.039158 0.028413 0.087634 0.083249 0.115980 0.107992 0.075894 0.041627 0.063726 0.100381 0.148825 0.118002 0.042875 0.075011
755000.035861 3.363512 0.119654 0.096751 0.122454 0.078928 0.083039 0.086067 0.128459 0.142289 0.106819 0.086069 0.121660 0.131703 0.108077 0.141131 0.112263 0.097952 0.147279 0.132136 0.094718 0.132553 0.079378 0.124245 0.112859 0.100534 0.133614 0.142729 0.120840 0.151586 0.143099 0.119339 0.116055 0.051495 0.026715 0.095017 0.102493 0.086486 0.057828 0.135543 0.102787 0.078916 0.127329 0.125864 0.029136 0.078991 0.045851 0.037299 0.063564 0.014581 0.094528 0.080119 0.112276 0.117084 0.080177 0.038649 0.084104 0.109664 0.142160 0.120997 0.024096 0.090778
756000.035908 8.603769 0.123805 0.100736 0.125638 0.080891 0.083834 0.089481 0.130902 0.143825 0.109969 0.084912 0.123138 0.129130 0.105654 0.139109 0.117346 0.100483 0.147369 0.136007 0.094132 0.135139 0.076661 0.122314 0.114385 0.103043 0.130277 0.139857 0.121501 0.148294 0.137313 0.118868 0.112097 0.056521 0.027418 0.093873 0.095452 0.081090 0.054485 0.134782 0.105275 0.082877 0.125651 0.120500 0.021121 0.076868 0.037974 0.037408 0.063959 0.023320 0.088329 0.071765 0.106390 0.117366 0.072413 0.034368 0.080081 0.109899 0.139978 0.123686 0.024672 0.094533
757000.035956 1.932289 0.115245 0.092120 0.119440 0.077525 0.085213 0.083048 0.125555 0.140361 0.103504 0.088720 0.119791 0.134894 0.111631 0.143003 0.107497 0.095175 0.147061 0.128694 0.098185 0.129839 0.082481 0.125874 0.111484 0.097404 0.135048 0.144265 0.120131 0.153393 0.147207 0.118751 0.118852 0.046225 0.030084 0.094700 0.108217 0.090386 0.060263 0.135514 0.099366 0.073109 0.128222 0.129834 0.036707 0.079659 0.053006 0.035614 0.062695 0.011052 0.099191 0.087348 0.117516 0.115958 0.086626 0.045688 0.086149 0.108933 0.144702 0.118537 0.032144 0.086762
758000.036003 4.272362 0.118039 0.095534 0.121082 0.083344 0.092202 0.088659 0.128238 0.141449 0.105606 0.095288 0.119798 0.140993 0.118166 0.148573 0.110435 0.098448 0.150489 0.130356 0.105272 0.131286 0.089375 0.125917 0.112036 0.094185 0.133802 0.139790 0.122336 0.150026 0.145635 0.115972 0.121085 0.041758 0.021146 0.086860 0.103368 0.083765 0.052171 0.130658 0.099129 0.070427 0.121652 0.128773 0.036684 0.071509 0.048181 0.028943 0.053794 0.016433 0.094724 0.085717 0.118059 0.115890 0.081999 0.043946 0.078296 0.107427 0.149495 0.122023 0.035895 0.083397
759000.036051 7.478674 0.111613 0.088973 0.114777 0.079023 0.090180 0.084105 0.121329 0.135495 0.100605 0.093053 0.114072 0.139130 0.116721 0.145461 0.104852 0.093153 0.145001 0.125191 0.104660 0.124637 0.088869 0.121983 0.106916 0.087704 0.130384 0.133975 0.117101 0.145390 0.144052 0.109608 0.118885 0.035864 0.020815 0.081133 0.102416 0.081889 0.050142 0.124400 0.091838 0.063852 0.115571 0.127459 0.041015 0.067300 0.048739 0.027011 0.049266 0.021742 0.095137 0.087959 0.118693 0.108751 0.083587 0.044715 0.074284 0.100815 0.147225 0.115600 0.038414 0.076532
760000.036098 6.367399 0.119230 0.096852 0.121743 0.083222 0.090304 0.087533 0.129502 0.141635 0.104992 0.094093 0.118408 0.138320 0.116012 0.146147 0.111110 0.098543 0.149893 0.130234 0.103135 0.132028 0.087358 0.126184 0.113717 0.097455 0.133583 0.140773 0.123418 0.150604 0.142908 0.118064 0.119079 0.047744 0.027631 0.089885 0.101461 0.082145 0.053966 0.134398 0.101680 0.074092 0.124290 0.126368 0.032617 0.072297 0.045684 0.026663 0.058510 0.020062 0.090956 0.082355 0.116001 0.117835 0.078725 0.046413 0.080207 0.108281 0.146408 0.123234 0.037830 0.088085
761000.036146 3.816313 0.119898 0.095728 0.122718 0.077603 0.082764 0.084288 0.129184 0.143420 0.106672 0.086508 0.122451 0.132615 0.109008 0.141953 0.112198 0.097368 0.148622 0.132569 0.095756 0.133767 0.079279 0.127191 0.115334 0.102342 0.135912 0.145282 0.122976 0.153749 0.145118 0.122059 0.118338 0.052232 0.029155 0.097128 0.103982 0.088248 0.060547 0.137975 0.104528 0.080375 0.129884 0.128520 0.032070 0.081061 0.048354 0.037846 0.065494 0.015531 0.095873 0.082300 0.114474 0.119234 0.082121 0.040314 0.085074 0.112517 0.143977 0.122348 0.027423 0.092544
762000.036193 6.234419 0.114768 0.091159 0.116479 0.078716 0.089188 0.085911 0.122441 0.136069 0.102988 0.090120 0.115939 0.135127 0.113939 0.142580 0.108404 0.093301 0.143639 0.128678 0.102976 0.126328 0.087283 0.119967 0.108086 0.089806 0.126392 0.131138 0.115567 0.140506 0.138325 0.108995 0.116386 0.038384 0.013229 0.079333 0.095495 0.077419 0.044575 0.120434 0.094162 0.067029 0.112859 0.123157 0.038682 0.066346 0.044037 0.034122 0.047125 0.019851 0.089820 0.081360 0.112465 0.108319 0.076832 0.035268 0.069495 0.103262 0.144775 0.116437 0.033499 0.078757
763000.036241 7.478510 0.113566 0.091231 0.117366 0.082443 0.094663 0.088274 0.122594 0.137347 0.103896 0.095942 0.117221 0.141023 0.119235 0.147009 0.107470 0.095863 0.146306 0.128281 0.108334 0.126606 0.091720 0.120629 0.106119 0.086048 0.127990 0.132401 0.115810 0.143115 0.142918 0.107590 0.118340 0.033015 0.019631 0.079037 0.102988 0.082192 0.047664 0.121348 0.090871 0.061237 0.113979 0.126505 0.042651 0.066460 0.049918 0.029060 0.046396 0.021742 0.096326 0.088033 0.117688 0.107361 0.083937 0.044180 0.072748 0.100537 0.149301 0.116224 0.040144 0.074554
764000.036288 7.177074 0.123011 0.101263 0.125898 0.084748 0.088514 0.090248 0.132733 0.145218 0.109403 0.092145 0.123043 0.136393 0.112970 0.145298 0.115485 0.102486 0.151463 0.134151 0.099567 0.135948 0.083442 0.126106 0.115132 0.102156 0.134979 0.143776 0.124695 0.153182 0.143135 0.121179 0.117116 0.054637 0.030719 0.095661 0.102628 0.085331 0.058422 0.138797 0.105369 0.080618 0.128701 0.125567 0.026831 0.077718 0.044204 0.032523 0.064925 0.021299 0.092894 0.079456 0.113600 0.120194 0.078715 0.044361 0.084952 0.110101 0.145627 0.125450 0.032478 0.093398
765000.036336 2.802363 0.117430 0.095013 0.121270 0.077700 0.081589 0.084643 0.126894 0.141028 0.105197 0.084788 0.122055 0.130679 0.106337 0.139882 0.110061 0.096521 0.146313 0.130152 0.092325 0.131085 0.077087 0.124780 0.112254 0.101742 0.134756 0.145746 0.120494 0.153762 0.145027 0.121166 0.116210 0.052852 0.032079 0.099321 0.106894 0.091865 0.063053 0.138170 0.102848 0.079488 0.130871 0.127437 0.032622 0.084252 0.052078 0.041707 0.067529 0.013309 0.098451 0.083058 0.112852 0.117976 0.084343 0.043101 0.089322 0.111306 0.140627 0.119452 0.025186 0.091582
766000.036383 5.180618 0.116008 0.093214 0.118742 0.080522 0.089930 0.087442 0.123988 0.138165 0.105035 0.090944 0.117872 0.135407 0.113873 0.142840 0.109952 0.095831 0.144800 0.130263 0.103091 0.128108 0.086801 0.119469 0.107642 0.090435 0.126658 0.132486 0.115515 0.142083 0.138826 0.109456 0.115039 0.039845 0.016846 0.081697 0.097858 0.079278 0.046606 0.122822 0.094243 0.067390 0.115304 0.122804 0.035691 0.067742 0.043472 0.031547 0.049986 0.018096 0.091598 0.081063 0.112207 0.108404 0.077972 0.036636 0.072354 0.102272 0.145063 0.117095 0.033165 0.079809
767000.036431 3.140937 0.118669 0.096291 0.121441 0.082348 0.089566 0.087920 0.128560 0.141597 0.105923 0.092855 0.119929 0.138352 0.115525 0.146450 0.111143 0.098281 0.149592 0.130791 0.102286 0.131791 0.086815 0.125162 0.112252 0.095878 0.133345 0.140051 0.121885 0.149861 0.144038 0.116718 0.119307 0.045285 0.022216 0.088832 0.102081 0.083280 0.053044 0.131890 0.100355 0.073208 0.122708 0.127197 0.033247 0.072992 0.045926 0.030522 0.056646 0.014090 0.093416 0.083077 0.115907 0.116169 0.080271 0.041718 0.079377 0.107480 0.147407 0.121913 0.032290 0.085721
768000.036478 6.119277 0.112793 0.092936 0.116784 0.085129 0.094255 0.088226 0.124159 0.136632 0.101501 0.098003 0.115087 0.142042 0.119964 0.147879 0.105572 0.096525 0.147121 0.124911 0.107210 0.125368 0.092783 0.122232 0.107117 0.089108 0.131032 0.136023 0.118547 0.146592 0.143738 0.111500 0.119272 0.038377 0.025326 0.084131 0.105010 0.084056 0.052268 0.127291 0.093349 0.063923 0.118089 0.126971 0.040247 0.069108 0.050674 0.025459 0.051855 0.019667 0.095744 0.088292 0.118326 0.111083 0.083763 0.050188 0.079267 0.101520 0.147850 0.117684 0.041341 0.077873
769000.036526 2.604308 0.111135 0.086825 0.114244 0.073292 0.083465 0.079914 0.120178 0.135282 0.099320 0.085782 0.114967 0.132553 0.110248 0.140313 0.103753 0.089641 0.142373 0.125573 0.097820 0.124430 0.082814 0.122140 0.107963 0.091940 0.130473 0.137400 0.115339 0.146667 0.143781 0.112563 0.117416 0.039360 0.023514 0.086907 0.103228 0.085357 0.053677 0.126578 0.093973 0.067175 0.120140 0.127510 0.039964 0.073733 0.050993 0.035841 0.055008 0.012830 0.096120 0.086607 0.115856 0.109806 0.084138 0.041046 0.078755 0.104918 0.142462 0.113734 0.031232 0.080267
770000.036573 3.959784 0.118853 0.096971 0.122011 0.081207 0.087170 0.089022 0.127143 0.140514 0.106702 0.087983 0.120682 0.132784 0.109624 0.141571 0.112664 0.097957 0.146422 0.131926 0.097585 0.130929 0.081282 0.121013 0.110009 0.096338 0.129165 0.137648 0.118597 0.146652 0.139761 0.114530 0.113989 0.048247 0.023886 0.089190 0.099286 0.082633 0.051867 0.129666 0.099482 0.074091 0.121714 0.122470 0.028464 0.073919 0.043369 0.034837 0.057943 0.015821 0.091824 0.077819 0.109730 0.113648 0.077174 0.037761 0.078995 0.105995 0.142151 0.120019 0.027949 0.086523
771000.036621 4.789433 0.116378 0.092289 0.119005 0.075755 0.083063 0.084413 0.123830 0.138392 0.104103 0.083849 0.118944 0.129694 0.106438 0.138414 0.109813 0.094200 0.143594 0.130263 0.094851 0.128768 0.077841 0.121067 0.109663 0.096039 0.129291 0.137770 0.116825 0.146825 0.140605 0.114183 0.113810 0.046096 0.023069 0.089204 0.099629 0.083614 0.052958 0.129067 0.098069 0.073532 0.121834 0.123619 0.031821 0.074836 0.045311 0.036617 0.057815 0.017399 0.093046 0.079433 0.110423 0.112250 0.078924 0.036080 0.078467 0.106644 0.140173 0.117003 0.025477 0.085683
772000.036668 2.596262 0.116473 0.093790 0.119923 0.080137 0.087369 0.085316 0.126621 0.140587 0.104201 0.091062 0.119300 0.136774 0.113601 0.144712 0.108723 0.096743 0.148028 0.129167 0.100434 0.130004 0.084908 0.124905 0.111292 0.096261 0.133910 0.141603 0.120587 0.151207 0.145166 0.117240 0.118575 0.044562 0.024415 0.091268 0.104719 0.086536 0.056307 0.133431 0.098994 0.072489 0.125023 0.128023 0.034395 0.075620 0.048637 0.031233 0.058911 0.012810 0.096140 0.084925 0.116333 0.115298 0.082922 0.043442 0.082464 0.107577 0.145843 0.119735 0.031746 0.085596
773000.036716 3.561927 0.117133 0.095758 0.121019 0.082932 0.089564 0.087001 0.128198 0.141345 0.104589 0.093738 0.119397 0.138734 0.115684 0.146429 0.109118 0.098415 0.149604 0.128883 0.101831 0.130926 0.086950 0.125876 0.111800 0.096661 0.135032 0.142863 0.122081 0.152679 0.146079 0.118259 0.119495 0.046584 0.029174 0.092639 0.106725 0.087559 0.057976 0.135469 0.100078 0.072750 0.126434 0.128596 0.034783 0.076197 0.050250 0.030069 0.060789 0.015005 0.096651 0.086152 0.117699 0.117123 0.084034 0.048206 0.085013 0.107503 0.146772 0.121189 0.035541 0.086543
774000.036763 5.858133 0.118845 0.093859 0.121375 0.071122 0.074401 0.081078 0.126411 0.141414 0.105690 0.076531 0.122310 0.124305 0.099783 0.135124 0.111833 0.093708 0.143998 0.132719 0.086549 0.131836 0.070176 0.125281 0.114938 0.105306 0.134955 0.145893 0.120527 0.153480 0.143801 0.122583 0.115051 0.057406 0.033642 0.100709 0.103115 0.090390 0.063410 0.138152 0.105194 0.084248 0.131473 0.127206 0.032076 0.086118 0.049933 0.047143 0.070240 0.019243 0.096710 0.080109 0.110837 0.118154 0.082444 0.036601 0.087689 0.113539 0.137292 0.119369 0.017128 0.095440
775000.036811 2.259802 0.117254 0.094243 0.120460 0.076643 0.082195 0.085095 0.125093 0.139481 0.105592 0.083214 0.120931 0.128578 0.105344 0.137738 0.110853 0.095361 0.143884 0.131042 0.093053 0.130047 0.076817 0.121078 0.109973 0.097975 0.129595 0.139628 0.116959 0.147587 0.140175 0.116058 0.113198 0.049197 0.025214 0.092741 0.100884 0.085925 0.055748 0.131075 0.099833 0.076169 0.124383 0.123291 0.030283 0.078454 0.046417 0.040073 0.061273 0.011952 0.093923 0.078634 0.108980 0.113483 0.079283 0.035459 0.081870 0.108035 0.139439 0.117676 0.022366 0.087956
776000.036858 1.469446 0.115877 0.092759 0.119771 0.077139 0.083393 0.083118 0.126183 0.140745 0.103719 0.087286 0.120620 0.134030 0.110174 0.142713 0.108008 0.095191 0.147333 0.129091 0.096236 0.129974 0.081039 0.126191 0.112337 0.099452 0.135921 0.145272 0.120901 0.153867 0.147250 0.120300 0.119047 0.048037 0.029104 0.096481 0.107698 0.091248 0.061389 0.136400 0.100850 0.075650 0.129173 0.130057 0.036034 0.081674 0.052822 0.038455 0.064057 0.009638 0.099352 0.086513 0.116492 0.116992 0.086050 0.043897 0.087361 0.110598 0.144096 0.119179 0.028326 0.088356
777000.036906 7.507328 0.122145 0.100167 0.123854 0.085174 0.090736 0.092478 0.129750 0.141818 0.108706 0.091534 0.121012 0.134788 0.112594 0.143524 0.115625 0.101095 0.147934 0.133943 0.101079 0.133088 0.085109 0.120729 0.111427 0.097128 0.127845 0.135507 0.119893 0.144682 0.136551 0.114174 0.113709 0.049200 0.020196 0.086292 0.094445 0.077636 0.047600 0.128807 0.101236 0.075519 0.119460 0.119583 0.026268 0.069561 0.037605 0.032430 0.055288 0.021784 0.087001 0.073731 0.107964 0.114612 0.071616 0.035987 0.074960 0.106387 0.143476 0.122669 0.031128 0.087732
778000.036953 4.768083 0.116617 0.094399 0.120430 0.080245 0.086951 0.086293 0.126281 0.140740 0.105403 0.089997 0.120187 0.135909 0.112137 0.143980 0.109858 0.097641 0.147475 0.130011 0.099397 0.130005 0.083260 0.123606 0.110324 0.096378 0.133451 0.140983 0.119934 0.150965 0.144871 0.116525 0.117014 0.046445 0.025562 0.091780 0.104643 0.087181 0.057153 0.133235 0.098396 0.073570 0.124858 0.127204 0.033444 0.076415 0.047903 0.033106 0.060147 0.017360 0.097131 0.084134 0.115312 0.114130 0.083258 0.042499 0.082721 0.106237 0.145330 0.119297 0.030851 0.085894
779000.037001 4.871289 0.121014 0.099383 0.123881 0.083815 0.089487 0.091203 0.129217 0.142466 0.109193 0.090678 0.122063 0.134965 0.112119 0.143615 0.114913 0.100630 0.148260 0.133885 0.100341 0.133052 0.083942 0.121277 0.110770 0.096148 0.129255 0.136795 0.119503 0.146164 0.139412 0.114303 0.114581 0.048205 0.021260 0.087930 0.098272 0.080918 0.050375 0.129277 0.100183 0.074901 0.120711 0.122337 0.027706 0.072184 0.040761 0.032814 0.056856 0.017547 0.091096 0.077150 0.110130 0.113895 0.076037 0.036352 0.077278 0.105588 0.144653 0.121868 0.028843 0.086680
780000.037048 5.170466 0.118400 0.095819 0.120439 0.082573 0.090420 0.088248 0.127574 0.139924 0.104867 0.092941 0.117793 0.137395 0.115217 0.145224 0.110991 0.097546 0.148056 0.130108 0.103117 0.130288 0.087225 0.123291 0.111265 0.094055 0.130267 0.136295 0.120618 0.146259 0.140482 0.114033 0.117632 0.043157 0.018482 0.084463 0.097818 0.078749 0.048134 0.128402 0.098851 0.071003 0.118864 0.124152 0.032220 0.068044 0.042305 0.026486 0.052185 0.018078 0.089147 0.080245 0.113573 0.114198 0.076027 0.040393 0.074649 0.105883 0.145694 0.121341 0.034581 0.083974
781000.037096 6.456339 0.121423 0.099532 0.123731 0.084247 0.089331 0.090157 0.130768 0.142872 0.107460 0.092194 0.120554 0.136682 0.113503 0.145403 0.113802 0.100786 0.150008 0.132325 0.100530 0.133409 0.084981 0.124748 0.113289 0.098586 0.133001 0.140343 0.123150 0.150481 0.142106 0.117840 0.117405 0.049544 0.024556 0.090160 0.100000 0.081763 0.052898 0.134107 0.102718 0.076364 0.123979 0.124638 0.027760 0.072440 0.042318 0.028945 0.058681 0.020201 0.090588 0.079081 0.113290 0.117906 0.076743 0.042251 0.080122 0.108145 0.144959 0.123952 0.032662 0.089108
782000.037143 6.991677 0.116023 0.094683 0.119509 0.084158 0.092449 0.088186 0.126426 0.139522 0.104050 0.096031 0.117359 0.140531 0.117768 0.147208 0.108703 0.098348 0.148679 0.128072 0.105416 0.128868 0.089429 0.123471 0.109498 0.092169 0.132107 0.137535 0.120396 0.148563 0.143805 0.113560 0.118498 0.041598 0.024122 0.085963 0.103458 0.083133 0.052763 0.130179 0.096226 0.068344 0.120387 0.126612 0.035681 0.069713 0.046906 0.022695 0.054127 0.021022 0.094524 0.085415 0.117286 0.113092 0.081784 0.047128 0.078638 0.103431 0.147721 0.119954 0.038761 0.081882
783000.037191 8.553488 0.122476 0.101486 0.124118 0.087811 0.093764 0.093365 0.131504 0.142623 0.109189 0.096392 0.120021 0.139614 0.117443 0.147480 0.115687 0.102473 0.150692 0.133175 0.105347 0.133766 0.089398 0.122988 0.112430 0.095390 0.130327 0.135558 0.122798 0.146087 0.138979 0.114512 0.117005 0.048394 0.020461 0.084791 0.096016 0.076434 0.047345 0.129653 0.101552 0.075078 0.118461 0.122440 0.028326 0.067237 0.037961 0.025907 0.053729 0.023252 0.087163 0.077240 0.112492 0.115857 0.073222 0.040513 0.074175 0.105072 0.147571 0.124920 0.035650 0.086850
784000.037238 11.372848 0.119463 0.097372 0.120525 0.083414 0.091500 0.092593 0.125157 0.137734 0.107768 0.090204 0.118362 0.133124 0.111913 0.141240 0.114613 0.097976 0.143668 0.132894 0.102722 0.128845 0.086242 0.116450 0.107752 0.090720 0.121997 0.126747 0.115087 0.136243 0.132695 0.106565 0.112277 0.043999 0.012432 0.076750 0.089162 0.072055 0.038832 0.117396 0.095827 0.070437 0.109253 0.117258 0.033150 0.062982 0.036216 0.034986 0.046065 0.026812 0.084807 0.073459 0.106032 0.107421 0.069680 0.029563 0.064790 0.101659 0.142394 0.118891 0.033097 0.080912
785000.037285 5.786487 0.109700 0.087547 0.113776 0.079391 0.091354 0.084818 0.118995 0.134353 0.100875 0.093450 0.115313 0.138382 0.116851 0.144192 0.103740 0.092539 0.142776 0.124932 0.105703 0.122943 0.090554 0.119436 0.104167 0.085575 0.127403 0.132716 0.113111 0.142372 0.142686 0.107436 0.117758 0.031490 0.019908 0.080976 0.104205 0.084757 0.050654 0.120711 0.088959 0.060709 0.114626 0.126734 0.045234 0.069437 0.052948 0.033668 0.048060 0.019125 0.097956 0.089560 0.117059 0.105446 0.085806 0.043615 0.074917 0.100557 0.146698 0.112615 0.038841 0.073145
786000.037333 2.802609 0.112846 0.090524 0.116439 0.078443 0.086043 0.083558 0.122463 0.136917 0.101906 0.089471 0.116936 0.134253 0.111739 0.141525 0.105909 0.094060 0.143837 0.126484 0.099549 0.125844 0.084510 0.120997 0.107607 0.093085 0.130202 0.137665 0.115978 0.146641 0.141955 0.113440 0.115769 0.041490 0.022164 0.088922 0.103263 0.085953 0.055100 0.128813 0.094785 0.069468 0.121503 0.125511 0.036757 0.074560 0.048878 0.033099 0.056639 0.013310 0.096090 0.084492 0.113745 0.110362 0.082486 0.041425 0.080522 0.104446 0.143227 0.115338 0.031150 0.081904
787000.037380 5.184308 0.112829 0.089458 0.116476 0.077947 0.088241 0.083492 0.122335 0.137531 0.102151 0.091104 0.116874 0.137116 0.114600 0.144112 0.105801 0.093984 0.145402 0.127052 0.102477 0.126597 0.086472 0.122646 0.107900 0.090664 0.131301 0.137096 0.116894 0.147395 0.144878 0.112154 0.118311 0.037847 0.022181 0.085641 0.104642 0.085617 0.053815 0.127151 0.093556 0.066350 0.119716 0.128034 0.040222 0.071813 0.050287 0.031059 0.053448 0.018102 0.097517 0.087890 0.117697 0.110081 0.085032 0.043222 0.078276 0.103631 0.146511 0.115798 0.035128 0.079261
788000.037428 3.368410 0.115592 0.091309 0.118135 0.076832 0.086803 0.083955 0.124670 0.139071 0.103182 0.089025 0.117985 0.136241 0.113616 0.144502 0.108062 0.093601 0.146723 0.129218 0.100764 0.128959 0.085346 0.125156 0.111268 0.093906 0.132969 0.139251 0.119663 0.149167 0.145732 0.114959 0.120323 0.041498 0.021562 0.086711 0.102559 0.083870 0.052089 0.128673 0.097866 0.070231 0.120988 0.129164 0.038606 0.072816 0.049408 0.035054 0.054424 0.014592 0.095004 0.086065 0.117696 0.113837 0.083018 0.040266 0.077439 0.107424 0.146329 0.118575 0.031848 0.082792
789000.037475 2.242290 0.109758 0.087526 0.114547 0.076147 0.085367 0.081178 0.120527 0.135305 0.098789 0.088561 0.115660 0.134625 0.111372 0.141594 0.102413 0.091032 0.143569 0.123744 0.098360 0.123777 0.083253 0.122894 0.107278 0.092730 0.132378 0.140815 0.116488 0.149951 0.146131 0.114618 0.117738 0.041148 0.029689 0.091440 0.108544 0.090445 0.058991 0.130922 0.094015 0.067081 0.124294 0.129008 0.040486 0.077921 0.055488 0.035180 0.059247 0.011905 0.099979 0.089439 0.117222 0.111488 0.087893 0.048169 0.085008 0.105231 0.142768 0.113939 0.034523 0.081066
790000.037523 2.738378 0.113704 0.090749 0.117276 0.079182 0.088060 0.082556 0.125628 0.139505 0.101175 0.093622 0.117640 0.140764 0.117772 0.148137 0.104719 0.094295 0.149432 0.125913 0.102775 0.128562 0.088970 0.128688 0.112404 0.095193 0.138126 0.144265 0.122436 0.154177 0.150744 0.118990 0.124320 0.042268 0.028524 0.092143 0.109793 0.090287 0.060102 0.134363 0.098929 0.070654 0.126027 0.133997 0.043038 0.077668 0.055878 0.034185 0.059436 0.013156 0.100532 0.092630 0.123083 0.117097 0.089256 0.049530 0.085379 0.109066 0.149517 0.119316 0.036337 0.083649
791000.037570 3.246369 0.110159 0.087417 0.114326 0.075092 0.083757 0.080722 0.120265 0.135352 0.099019 0.087028 0.115354 0.133300 0.110154 0.140758 0.102633 0.091242 0.142627 0.124032 0.096968 0.123854 0.082735 0.122648 0.107145 0.093148 0.132511 0.140801 0.115839 0.150279 0.146328 0.114497 0.117567 0.041069 0.028238 0.091129 0.107985 0.090032 0.058595 0.130798 0.094103 0.067780 0.124228 0.128796 0.040460 0.077189 0.054569 0.036193 0.059061 0.014325 0.099691 0.089108 0.117191 0.111254 0.087635 0.046282 0.084724 0.105237 0.141857 0.113384 0.032831 0.081210
792000.037618 5.273527 0.122454 0.101149 0.125556 0.085946 0.091631 0.092076 0.131785 0.144207 0.109896 0.093827 0.123011 0.137476 0.114775 0.145851 0.115511 0.102403 0.150876 0.134020 0.102034 0.135426 0.085731 0.124620 0.113159 0.098284 0.132254 0.140990 0.122917 0.150387 0.142006 0.117970 0.117090 0.050526 0.026997 0.091298 0.101661 0.083276 0.053781 0.134389 0.103285 0.076790 0.124966 0.124559 0.028726 0.074443 0.044691 0.032018 0.059815 0.018257 0.091772 0.079467 0.113092 0.118342 0.077950 0.042899 0.081178 0.108521 0.146249 0.124553 0.033653 0.089610
793000.037665 7.108537 0.106727 0.084983 0.111160 0.079384 0.092382 0.083251 0.117258 0.132128 0.097227 0.095163 0.112215 0.140142 0.118695 0.145145 0.099840 0.090640 0.142306 0.121309 0.106889 0.120056 0.092500 0.120295 0.103293 0.084157 0.128723 0.133672 0.113194 0.143937 0.144780 0.107341 0.119252 0.028871 0.024731 0.080769 0.107097 0.086431 0.052430 0.121633 0.087112 0.056614 0.115078 0.128432 0.048033 0.068901 0.056350 0.031556 0.047912 0.021197 0.099498 0.093215 0.120063 0.105433 0.088574 0.050041 0.077416 0.099705 0.146716 0.111152 0.043152 0.071010
794000.037713 8.885822 0.107161 0.083867 0.110218 0.076384 0.089504 0.081966 0.115789 0.130844 0.097061 0.091277 0.111181 0.136259 0.115204 0.141799 0.100808 0.088879 0.139686 0.122111 0.104363 0.119480 0.089597 0.118261 0.103031 0.083903 0.125723 0.130031 0.111222 0.140121 0.141176 0.105156 0.116906 0.029363 0.020413 0.077666 0.101865 0.082299 0.048495 0.117912 0.086759 0.058072 0.111628 0.125437 0.046872 0.066183 0.052520 0.033244 0.045319 0.023699 0.095763 0.089336 0.116683 0.103385 0.084509 0.044281 0.072304 0.099091 0.144046 0.109936 0.040263 0.071097
795000.037760 4.220378 0.106927 0.085662 0.111949 0.077320 0.086811 0.080339 0.118486 0.133458 0.097011 0.091579 0.113308 0.137019 0.114312 0.142856 0.099340 0.091017 0.142720 0.120593 0.100649 0.121478 0.086917 0.122001 0.104881 0.089463 0.132646 0.139464 0.114955 0.149426 0.147145 0.112609 0.118432 0.037639 0.029895 0.089834 0.110644 0.091281 0.060107 0.129749 0.090863 0.063900 0.122552 0.129813 0.044119 0.076426 0.057050 0.033131 0.057963 0.016333 0.102016 0.092906 0.119869 0.109383 0.090537 0.051250 0.085621 0.101978 0.144313 0.111593 0.037570 0.077499
796000.037808 2.796291 0.118317 0.094771 0.120799 0.079444 0.086456 0.086319 0.126912 0.140374 0.105161 0.088384 0.119782 0.133292 0.110841 0.141882 0.110908 0.096356 0.146663 0.131001 0.098637 0.130871 0.082608 0.123045 0.111562 0.096587 0.130465 0.138736 0.119159 0.147382 0.140850 0.115831 0.116273 0.045479 0.021698 0.088992 0.099760 0.082809 0.052102 0.130088 0.099997 0.073435 0.122376 0.124456 0.032074 0.073590 0.045182 0.033873 0.056715 0.013295 0.091891 0.079939 0.111760 0.114687 0.077937 0.038026 0.078495 0.108300 0.143139 0.119927 0.028851 0.086267
797000.037855 5.812333 0.116844 0.096218 0.120828 0.084572 0.091909 0.089630 0.126544 0.140241 0.106516 0.094726 0.119548 0.138570 0.115796 0.145572 0.110798 0.099780 0.147773 0.129830 0.104087 0.129710 0.087637 0.121211 0.108135 0.092198 0.129919 0.136330 0.118671 0.146588 0.141490 0.112621 0.115911 0.042775 0.021569 0.086463 0.102196 0.083264 0.052486 0.128837 0.095908 0.069796 0.119935 0.124275 0.033210 0.070781 0.044917 0.026425 0.054624 0.019167 0.094308 0.082738 0.113966 0.111487 0.080351 0.042696 0.078169 0.102653 0.146722 0.119606 0.035760 0.082156
798000.037903 8.475660 0.121646 0.099364 0.123446 0.085782 0.092538 0.091055 0.131114 0.142724 0.107452 0.095516 0.120123 0.139712 0.117015 0.147721 0.113962 0.101296 0.151325 0.132130 0.104220 0.133909 0.087992 0.125679 0.113935 0.097250 0.133013 0.139268 0.124345 0.149701 0.142005 0.117358 0.118873 0.047975 0.023039 0.087566 0.098850 0.079906 0.051189 0.133052 0.102699 0.075405 0.122168 0.124945 0.030707 0.069938 0.042226 0.026851 0.055824 0.023146 0.089374 0.079802 0.114645 0.118419 0.076019 0.043398 0.077228 0.108270 0.147689 0.124987 0.036574 0.088059
799000.037950 4.887854 0.111263 0.088870 0.114810 0.078400 0.088599 0.084304 0.120355 0.134821 0.100744 0.090515 0.114845 0.135523 0.113279 0.142093 0.105205 0.092589 0.142763 0.125686 0.102154 0.123768 0.086055 0.119233 0.105627 0.088965 0.127641 0.133567 0.114556 0.143407 0.140682 0.109284 0.115213 0.037593 0.020247 0.083156 0.100998 0.082501 0.050137 0.123972 0.091444 0.064676 0.116498 0.124309 0.038109 0.069621 0.047689 0.030406 0.051097 0.017577 0.094443 0.084496 0.113938 0.107236 0.081464 0.041583 0.075223 0.101046 0.143862 0.114022 0.034844 0.077691
800000.037998 5.565958 0.117206 0.093915 0.120220 0.078860 0.086497 0.085354 0.126337 0.140740 0.105671 0.089408 0.119730 0.135424 0.112283 0.143567 0.110592 0.096512 0.147421 0.130898 0.100249 0.130411 0.083238 0.123787 0.111392 0.095912 0.132666 0.139003 0.120128 0.148876 0.143515 0.115788 0.117363 0.046357 0.023748 0.089506 0.101710 0.084263 0.054833 0.130979 0.098747 0.074035 0.122443 0.127012 0.034146 0.074569 0.045809 0.033140 0.058197 0.018757 0.094967 0.083149 0.115096 0.113458 0.081338 0.039614 0.078960 0.106244 0.146027 0.119814 0.030946 0.085862
