120000.005700	-82.2067 -133.125
121000.005747	-86.6849 -142.434
122000.005795	-85.7121 -131.73
123000.005842	-91.1457 -145.884
124000.005890	-84.217 -141.685
125000.005937	-89.9178 -153.587
126000.005985	-93.2056 -150.384
127000.006032	-76.2977 -150.852
128000.006080	-89.5574 -144.535
129000.006127	-92.6661 -147.155
130000.006175	-89.2411 -134.74
131000.006222	-97.1101 -140.044
132000.006270	-98.5876 -132.319
133000.006317	-105.357 -130.863
134000.006365	-83.4788 -129.457
135000.006412	-94.9661 -136.549
136000.006460	-90.4825 -139.293
137000.006507	-81.5515 -137.286
138000.006555	-80.9778 -158.526
139000.006602	-85.6533 -149.869
140000.006650	-93.8614 -137.798
141000.006697	-87.4285 -153.449
142000.006745	-85.8119 -149.993
143000.006792	-88.4456 -130.172
144000.006840	-91.1625 -146.176
145000.006887	-93.585 -154.905
146000.006935	-75.4863 -152.312
147000.006982	-84.2132 -137.054
148000.007030	-94.7499 -141.186
149000.007077	-94.774 -149.499
150000.007125	-93.7542 -154.728
151000.007172	-82.9136 -151.559
152000.007220	-82.6923 -150.932
153000.007267	-91.2651 -141.01
154000.007315	-83.5762 -143.076
155000.007362	-82.3747 -145.878
156000.007410	-88.8576 -144.78
157000.007457	-81.5874 -146.881
158000.007505	-83.2246 -137.554
159000.007552	-83.8902 -136.059
160000.007600	-96.1579 -143.26
161000.007647	-71.3142 -150.075
162000.007695	-81.6635 -144.224
163000.007742	-83.7844 -148.949
164000.007790	-75.6535 -153.254
165000.007837	-84.4013 -137.311
166000.007885	-80.8742 -142.035
167000.007932	-82.0622 -136.272
168000.007980	-83.8918 -151.025
169000.008027	-83.7923 -132.251
170000.008075	-73.5305 -144.254
171000.008122	-91.7153 -138.426
172000.008170	-81.4544 -141.015
173000.008217	-95.0392 -146.11
174000.008265	-92.6723 -148.038
175000.008312	-75.1203 -174.112
176000.008360	-68.9668 -153.914
177000.008407	-75.7222 -135.365
178000.008455	-78.0987 -159.565
179000.008502	-77.3847 -145.144
180000.008550	-90.2786 -140.527
181000.008597	-96.6907 -139.438
182000.008645	-80.5883 -135.023
183000.008692	-86.7574 -150.237
184000.008740	-89.2031 -133.038
185000.008787	-73.783 -144.68
186000.008835	-90.1413 -149.386
187000.008882	-106.218 -142.14
188000.008930	-91.0717 -148.278
189000.008977	-76.652 -126.555
190000.009025	-78.2549 -153.91
191000.009072	-79.0007 -146.888
192000.009120	-91.2537 -143.131
193000.009167	-79.9434 -151.625
194000.009215	-86.0857 -158.91
195000.009262	-89.5792 -146.873
196000.009310	-82.3851 -126.475
197000.009357	-91.3043 -128.781
198000.009404	-92.7078 -140.095
199000.009452	-94.3938 -137.062
200000.009499	-69.6299 -141.37
201000.009547	-88.0384 -144.827
202000.009594	-83.6442 -142.014
203000.009642	-82.613 -147.962
204000.009689	-73.6975 -147.913
205000.009737	-86.5076 -144.363
206000.009784	-87.0634 -150.438
207000.009832	-82.1928 -140.847
208000.009879	-103.044 -138.129
209000.009927	-94.0141 -143.832
210000.009974	-86.8841 -133.008
211000.010022	-96.8363 -137.437
212000.010069	-86.7609 -134.849
213000.010117	-78.9902 -140.723
214000.010164	-87.0533 -144.212
215000.010212	-74.4366 -160.331
216000.010259	-85.8536 -153.249
217000.010307	-84.2012 -153.275
218000.010354	-88.6391 -145.53
219000.010402	-78.2151 -151.281
220000.010449	-93.8447 -131.649
221000.010497	-87.8081 -136.71
222000.010544	-79.5603 -142.247
223000.010592	-72.0976 -145.41
224000.010639	-79.1434 -140.955
225000.010687	-91.5104 -146.923
226000.010734	-97.7591 -135.721
227000.010782	-78.2002 -146.548
228000.010829	-79.6363 -141.091
229000.010877	-92.4581 -148.268
230000.010924	-72.7431 -152.853
231000.010972	-88.5468 -136.921
232000.011019	-76.3392 -146.058
233000.011067	-94.3558 -147.904
234000.011114	-76.157 -152.761
235000.011162	-71.468 -155.653
236000.011209	-88.0486 -150.434
237000.011257	-73.2898 -146.243
238000.011304	-85.038 -152.618
239000.011352	-81.9287 -146.46
240000.011399	-75.455 -140.046
241000.011447	-91.4629 -146.138
242000.011494	-79.5462 -139.048
243000.011542	-85.8414 -150.01
244000.011589	-95.9644 -155.384
245000.011637	-108.371 -133.715
246000.011684	-77.3979 -140.516
247000.011732	-73.5857 -143.877
248000.011779	-81.2047 -139.589
249000.011827	-86.3614 -151.652
250000.011874	-87.9156 -143.232
251000.011922	-83.6535 -130.449
252000.011969	-100.422 -146.713
253000.012017	-86.0279 -160.026
254000.012064	-76.6 -149.137
255000.012112	-82.5768 -133.785
256000.012159	-98.2325 -148.145
257000.012207	-103.722 -147.183
258000.012254	-79.1829 -133.407
259000.012302	-67.4316 -151.313
260000.012349	-81.694 -140.825
261000.012397	-81.5006 -152.787
262000.012444	-85.5764 -138.905
263000.012492	-93.3539 -151.482
264000.012539	-85.4157 -150.024
265000.012587	-87.1374 -149.902
266000.012634	-86.0034 -139.376
267000.012682	-80.6066 -135.566
268000.012729	-84.3853 -139.241
269000.012777	-80.0408 -143.165
270000.012824	-88.246 -148.326
271000.012872	-73.9955 -146.238
272000.012919	-79.5749 -150.572
273000.012967	-79.7059 -146.413
274000.013014	-84.5401 -149.526
275000.013062	-86.0817 -142.564
276000.013109	-88.4962 -139.282
277000.013157	-80.1199 -143.292
278000.013204	-83.5057 -138.351
279000.013252	-83.5785 -140.25
280000.013299	-74.4153 -158.149
281000.013347	-78.9123 -141.211
282000.013394	-89.4748 -142.364
283000.013442	-84.0088 -159.758
284000.013489	-88.2992 -146.43
285000.013537	-81.2065 -144.227
286000.013584	-81.1194 -133.265
287000.013632	-83.1207 -150.704
288000.013679	-79.4909 -159.837
289000.013727	-93.6104 -148.498
290000.013774	-79.3556 -139.525
291000.013822	-83.6508 -155.458
292000.013869	-80.5059 -138.956
293000.013917	-77.1722 -152.209
294000.013964	-87.9691 -148.887
295000.014012	-78.8152 -158.748
296000.014059	-98.4158 -154.674
297000.014107	-72.2773 -149.071
298000.014154	-80.3884 -157.183
299000.014202	-84.3735 -145.163
300000.014249	-82.8617 -133.485
301000.014297	-96.1564 -149.328
302000.014344	-99.9555 -154.083
303000.014392	-95.6238 -148.054
304000.014439	-75.1072 -158.253
305000.014487	-84.5408 -148.313
306000.014534	-84.4024 -143.713
307000.014582	-89.7243 -145.549
308000.014629	-84.287 -151.815
309000.014677	-90.0727 -136.852
310000.014724	-84.0349 -130.67
311000.014772	-85.9213 -140.91
312000.014819	-77.6369 -144.973
313000.014867	-85.5787 -142.918
314000.014914	-81.5153 -135.406
315000.014962	-84.3019 -130.965
316000.015009	-93.0796 -145.998
317000.015057	-92.0151 -142.264
318000.015104	-92.9633 -143.408
319000.015152	-78.7025 -143.601
320000.015199	-79.5388 -154.271
321000.015247	-86.8491 -151.313
322000.015294	-76.7165 -153.606
323000.015342	-82.8883 -140.705
324000.015389	-83.8721 -154.517
325000.015437	-78.3135 -141.474
326000.015484	-90.3546 -139.097
327000.015532	-74.271 -137.501
328000.015579	-73.8892 -137.443
329000.015627	-81.4791 -144.391
330000.015674	-87.5826 -141.261
331000.015722	-82.5249 -139.74
332000.015769	-85.0183 -139.076
333000.015817	-83.3808 -150.356
334000.015864	-82.6208 -155.79
335000.015912	-85.6268 -142.448
336000.015959	-81.8977 -159.787
337000.016007	-87.8161 -152.412
338000.016054	-83.1834 -137.108
339000.016102	-84.3621 -130.38
	-80.0427 -139.522
