#! FIELDS time restraint.bias r0 r1 r2 r3 r4 r5 r6 r7 r8 r9 r10 r11 r12 r13 r14 r15 r16 r17 r18 r19 r20 r21 r22 r23 r24 r25 r26 r27 r28 r29 r30 r31 r32 r33
1280000.060797 1.031861 0.126165 0.103625 0.089541 0.101804 0.116969 0.141470 0.137743 0.151363 0.111940 0.122185 0.106834 0.120467 0.113898 0.095726 0.127445 0.130700 0.110552 0.051079 0.016579 0.075409 0.082110 0.085750 0.066904 0.042289 0.041451 0.037197 0.108489 0.130514 0.134778 0.092383 0.111439 0.142860 0.126351 0.131723
1281000.060844 2.630076 0.130251 0.109784 0.092584 0.097367 0.121891 0.144150 0.132562 0.147935 0.106763 0.127770 0.109968 0.116753 0.113524 0.100413 0.128561 0.125624 0.112130 0.060233 0.026469 0.082946 0.081038 0.092458 0.072256 0.034563 0.038445 0.025672 0.099966 0.129249 0.138546 0.090974 0.117507 0.143838 0.128404 0.135096
1282000.060892 0.963981 0.119225 0.098391 0.091266 0.109419 0.111594 0.133871 0.143237 0.150250 0.119152 0.118189 0.106876 0.116539 0.107651 0.083428 0.117002 0.129443 0.099861 0.040176 0.016025 0.059938 0.082712 0.073765 0.056971 0.053952 0.045515 0.050926 0.111409 0.126237 0.128379 0.098587 0.104588 0.136915 0.120558 0.124743
1283000.060939 4.579382 0.095671 0.075526 0.077815 0.101927 0.099165 0.124259 0.142351 0.145545 0.118384 0.093395 0.087373 0.118076 0.096824 0.075682 0.131434 0.146989 0.102721 0.019510 0.034927 0.080203 0.115221 0.053370 0.087471 0.076993 0.079515 0.069595 0.121748 0.116196 0.113394 0.087732 0.080403 0.122258 0.102337 0.107906
1284000.060987 1.322057 0.113281 0.091741 0.083888 0.100521 0.109565 0.135629 0.141734 0.150983 0.115119 0.108772 0.096357 0.121351 0.107003 0.086958 0.132039 0.141268 0.108766 0.035284 0.018766 0.078269 0.100075 0.072501 0.077629 0.058742 0.058871 0.046625 0.115153 0.126888 0.125661 0.088196 0.098667 0.136060 0.117354 0.123240
1285000.061034 1.397661 0.127400 0.106657 0.093672 0.103436 0.118311 0.141180 0.138258 0.150618 0.113108 0.124607 0.109437 0.117371 0.112347 0.094714 0.123853 0.126746 0.108009 0.053025 0.019295 0.073506 0.079435 0.086549 0.064767 0.041072 0.037444 0.034024 0.104334 0.129736 0.135037 0.095126 0.113928 0.143196 0.127044 0.132707
1286000.061082 2.217850 0.117038 0.098041 0.094056 0.112327 0.110481 0.135442 0.148785 0.153388 0.125517 0.114141 0.103062 0.119692 0.106670 0.081113 0.123059 0.136269 0.102228 0.035502 0.024306 0.064903 0.094750 0.072545 0.066522 0.064153 0.052072 0.050560 0.114683 0.128580 0.125869 0.101049 0.103204 0.138402 0.120818 0.126026
1287000.061129 1.583252 0.115975 0.095757 0.087638 0.102261 0.110707 0.137572 0.143671 0.152735 0.117968 0.110388 0.097314 0.122771 0.108798 0.088983 0.133248 0.141520 0.110725 0.039086 0.020537 0.079391 0.099736 0.076350 0.077900 0.058776 0.056071 0.042532 0.114859 0.129557 0.126077 0.090875 0.102384 0.138995 0.120510 0.126484
1288000.061177 1.033641 0.121353 0.099586 0.084438 0.094278 0.114808 0.139283 0.133800 0.147804 0.106713 0.117613 0.101350 0.118986 0.110474 0.094747 0.131006 0.133534 0.111170 0.049075 0.016593 0.081472 0.089445 0.082572 0.074534 0.042849 0.047992 0.034363 0.107144 0.127373 0.131983 0.084846 0.107442 0.139087 0.121890 0.128302
1289000.061224 0.736430 0.120103 0.097920 0.088180 0.105191 0.112605 0.136003 0.140696 0.150347 0.115258 0.118382 0.105364 0.118112 0.109008 0.086673 0.121748 0.131993 0.103211 0.041187 0.014006 0.065652 0.084838 0.075524 0.061934 0.050893 0.046548 0.047964 0.111573 0.126908 0.130301 0.094240 0.104697 0.137739 0.120958 0.125689
1290000.061272 2.543172 0.128039 0.106184 0.096213 0.111986 0.115158 0.137023 0.143717 0.151924 0.120226 0.125843 0.112203 0.120563 0.115767 0.091685 0.117113 0.125987 0.104713 0.053483 0.026028 0.059478 0.071810 0.085344 0.048803 0.050212 0.034464 0.049411 0.111538 0.133236 0.133009 0.102733 0.113685 0.142761 0.128851 0.131759
1291000.061319 1.242248 0.116391 0.093679 0.081592 0.095540 0.113576 0.138740 0.136687 0.149754 0.108814 0.113009 0.098632 0.120966 0.108741 0.092484 0.135011 0.140634 0.111796 0.041099 0.018191 0.084202 0.099190 0.076090 0.081418 0.051945 0.060026 0.045263 0.113137 0.126074 0.130378 0.084081 0.101372 0.136857 0.118503 0.124908
1292000.061367 2.542057 0.109953 0.091636 0.089783 0.108119 0.107688 0.132649 0.147617 0.151629 0.123501 0.106895 0.097224 0.119778 0.103238 0.079938 0.128351 0.141330 0.104041 0.029296 0.026022 0.072776 0.103850 0.067113 0.076407 0.068075 0.062143 0.053677 0.116523 0.125764 0.121619 0.096206 0.096874 0.134184 0.115737 0.121232
1293000.061414 0.573634 0.122737 0.100470 0.087289 0.100172 0.115109 0.140330 0.139321 0.152067 0.112581 0.118162 0.102960 0.122101 0.112818 0.093906 0.130659 0.135510 0.111639 0.046381 0.012361 0.077393 0.088467 0.081903 0.070737 0.046331 0.046579 0.037970 0.111612 0.130834 0.132292 0.090094 0.108428 0.141752 0.124782 0.130177
1294000.061462 0.962736 0.115703 0.093268 0.083863 0.102027 0.111461 0.137453 0.142086 0.152513 0.115144 0.111435 0.098991 0.122153 0.108854 0.087687 0.131227 0.140749 0.108942 0.036948 0.016014 0.076751 0.097376 0.074107 0.074929 0.056797 0.057167 0.046974 0.115912 0.127973 0.128312 0.089497 0.100507 0.137740 0.119272 0.124804
1295000.061509 3.568731 0.115713 0.097704 0.093123 0.107529 0.112361 0.139022 0.149714 0.156008 0.124755 0.110252 0.098310 0.125206 0.109041 0.088460 0.136466 0.145849 0.112400 0.039933 0.030833 0.082271 0.107095 0.076638 0.083166 0.067539 0.062499 0.047409 0.118049 0.132091 0.125913 0.096393 0.103503 0.140733 0.122204 0.128282
1296000.061557 2.908689 0.133438 0.111712 0.094795 0.100958 0.121551 0.143264 0.133685 0.148714 0.108700 0.130483 0.113144 0.117456 0.116890 0.101933 0.124000 0.121016 0.111378 0.063531 0.027836 0.077149 0.070569 0.095208 0.062975 0.031613 0.030094 0.032111 0.100715 0.131718 0.139459 0.094547 0.120108 0.145716 0.131150 0.136488
1297000.061604 0.628698 0.118606 0.096404 0.085462 0.101158 0.112036 0.136992 0.139260 0.150082 0.113479 0.115558 0.101055 0.119653 0.109026 0.088032 0.126993 0.135303 0.106674 0.039849 0.012941 0.072770 0.090687 0.074734 0.069011 0.051809 0.050310 0.045429 0.112545 0.126786 0.129659 0.090274 0.103556 0.137551 0.120221 0.125921
1298000.061652 3.195237 0.110458 0.092622 0.093886 0.115946 0.106389 0.130139 0.151298 0.151966 0.128883 0.108159 0.101811 0.117281 0.101617 0.073269 0.118767 0.136859 0.096678 0.028277 0.029175 0.059693 0.099103 0.065313 0.066880 0.071784 0.059835 0.059440 0.116709 0.124814 0.120447 0.103316 0.096430 0.133562 0.115099 0.119809
1299000.061699 2.252968 0.107527 0.087370 0.086512 0.107870 0.104310 0.129914 0.146175 0.149826 0.122686 0.105310 0.095836 0.118385 0.101947 0.077623 0.125183 0.140473 0.100884 0.023550 0.024498 0.068174 0.102122 0.061719 0.073280 0.068729 0.063242 0.059344 0.118039 0.122579 0.120069 0.094762 0.092210 0.130983 0.112100 0.117509
1300000.061747 1.064500 0.123865 0.102144 0.091629 0.106463 0.115196 0.137180 0.139836 0.149880 0.115224 0.122877 0.109093 0.116993 0.110703 0.089456 0.119738 0.127313 0.103508 0.046595 0.016839 0.065103 0.078977 0.079621 0.058337 0.046718 0.041205 0.046761 0.108632 0.127799 0.132739 0.096908 0.109251 0.139476 0.123818 0.128372
1301000.061794 1.840767 0.106803 0.085652 0.082880 0.105187 0.105780 0.130001 0.142808 0.148642 0.117807 0.105768 0.097051 0.116144 0.100303 0.077017 0.124049 0.139254 0.099429 0.023576 0.022144 0.069366 0.101695 0.060750 0.074367 0.065726 0.064940 0.059395 0.116049 0.119899 0.121728 0.091730 0.090826 0.129331 0.110133 0.115631
1302000.061842 1.408471 0.123466 0.103408 0.095410 0.109381 0.113077 0.136904 0.144014 0.151430 0.121017 0.120199 0.107014 0.118621 0.110857 0.088838 0.120958 0.128867 0.104667 0.046375 0.019370 0.065024 0.081485 0.081260 0.059481 0.051497 0.038629 0.042680 0.109295 0.130493 0.129501 0.099878 0.109849 0.141245 0.125092 0.129822
1303000.061889 2.165857 0.126875 0.103884 0.084485 0.091664 0.120014 0.144666 0.130938 0.148892 0.102258 0.122533 0.104657 0.121187 0.114978 0.102038 0.135509 0.134005 0.116424 0.057194 0.024020 0.088484 0.089100 0.090342 0.079301 0.037391 0.049030 0.029928 0.106120 0.129780 0.137995 0.082645 0.112464 0.143000 0.125919 0.132779
1304000.061937 1.924064 0.125690 0.102111 0.082686 0.090709 0.119454 0.141292 0.125141 0.143859 0.098492 0.124512 0.107446 0.116176 0.112226 0.100156 0.128852 0.128093 0.111441 0.057037 0.022639 0.084221 0.083142 0.084917 0.075042 0.032603 0.051406 0.045451 0.105029 0.123028 0.138478 0.082717 0.110047 0.137932 0.121475 0.128401
1305000.061984 0.420110 0.115927 0.093701 0.085118 0.103103 0.110177 0.133958 0.140592 0.149727 0.114488 0.112926 0.101254 0.118682 0.107390 0.084968 0.124070 0.134543 0.104202 0.037112 0.010579 0.068934 0.089481 0.072729 0.066109 0.053453 0.051328 0.048054 0.112941 0.126103 0.126998 0.091492 0.101001 0.135676 0.118406 0.123081
1306000.062032 3.242062 0.129991 0.108599 0.089384 0.093429 0.122684 0.147054 0.132136 0.149835 0.104615 0.124581 0.106569 0.121442 0.116653 0.105649 0.136949 0.131543 0.119347 0.062569 0.029388 0.092756 0.088618 0.095891 0.081847 0.036965 0.047274 0.023724 0.103608 0.131752 0.139496 0.085991 0.117289 0.145968 0.129341 0.136486
1307000.062079 3.235627 0.123777 0.105293 0.095956 0.104505 0.115750 0.141418 0.144214 0.153262 0.120292 0.118656 0.102853 0.122625 0.112233 0.094460 0.132877 0.136679 0.112934 0.050378 0.029358 0.081302 0.095214 0.085446 0.076931 0.056305 0.049095 0.036142 0.110216 0.133282 0.130552 0.096239 0.111960 0.143915 0.127017 0.133346
1308000.062127 3.888836 0.106998 0.090380 0.093680 0.115960 0.105507 0.129569 0.152682 0.152246 0.130407 0.105289 0.099533 0.117637 0.099597 0.071978 0.122322 0.140585 0.097562 0.023611 0.032186 0.064298 0.105912 0.061572 0.073352 0.076003 0.065744 0.062154 0.118291 0.123800 0.118524 0.102987 0.093574 0.132052 0.113034 0.118193
1309000.062174 1.143448 0.116243 0.093789 0.081730 0.096628 0.112731 0.138486 0.137153 0.149830 0.109927 0.112568 0.097922 0.121065 0.109086 0.091740 0.133866 0.139465 0.111326 0.040650 0.017453 0.082640 0.097741 0.076387 0.079191 0.052543 0.057738 0.043747 0.112860 0.126390 0.129779 0.085069 0.101572 0.137162 0.118896 0.125201
1310000.062222 1.389673 0.117952 0.096840 0.090378 0.109577 0.113078 0.133838 0.141422 0.148903 0.117949 0.119306 0.108450 0.113766 0.104945 0.081278 0.115559 0.128552 0.097068 0.037402 0.019240 0.060482 0.085952 0.068649 0.060418 0.055893 0.052751 0.058622 0.111535 0.121729 0.130160 0.098963 0.102393 0.134124 0.117523 0.122428
1311000.062269 0.798362 0.117935 0.096315 0.086536 0.102095 0.113524 0.138682 0.141768 0.152378 0.115213 0.114678 0.101060 0.121075 0.108815 0.088699 0.130794 0.139082 0.108775 0.037945 0.014583 0.076574 0.096206 0.074641 0.074625 0.054310 0.054861 0.045340 0.114119 0.127959 0.130031 0.090863 0.103261 0.138729 0.120717 0.126646
1312000.062317 1.785246 0.127676 0.107129 0.093080 0.101633 0.119536 0.143187 0.138798 0.151875 0.112535 0.123726 0.108075 0.119888 0.113301 0.096598 0.129394 0.131016 0.111644 0.054013 0.021807 0.079267 0.085399 0.088783 0.071235 0.042568 0.041326 0.029502 0.105478 0.131745 0.135709 0.093397 0.114641 0.144554 0.128118 0.134081
1313000.062364 1.041287 0.126068 0.104717 0.091962 0.104120 0.117130 0.141381 0.140408 0.152261 0.115129 0.123091 0.107232 0.120186 0.112989 0.093185 0.126431 0.131273 0.108875 0.048622 0.016655 0.072844 0.083881 0.083550 0.065430 0.045676 0.040701 0.038056 0.108988 0.130840 0.134524 0.095041 0.112054 0.143145 0.126781 0.132390
1314000.062412 3.944542 0.132589 0.112328 0.092972 0.094690 0.124076 0.146776 0.131035 0.148316 0.104239 0.129067 0.110456 0.118061 0.115566 0.104829 0.132074 0.126852 0.115754 0.065616 0.032415 0.089053 0.083419 0.097449 0.077760 0.033474 0.041049 0.019230 0.098716 0.130757 0.140697 0.088638 0.120165 0.145997 0.130154 0.137388
1315000.062459 0.834069 0.123636 0.100337 0.085044 0.099165 0.113984 0.139500 0.137006 0.150885 0.110408 0.119684 0.103157 0.122316 0.114558 0.094823 0.128387 0.133744 0.111043 0.049389 0.014906 0.075025 0.083322 0.083106 0.065640 0.044629 0.043188 0.039361 0.111754 0.130861 0.132586 0.088778 0.108806 0.141290 0.125119 0.129919
1316000.062507 1.187954 0.114975 0.095113 0.091640 0.110372 0.108085 0.133060 0.147140 0.151693 0.124043 0.111597 0.101390 0.119232 0.106286 0.081895 0.122978 0.135718 0.102570 0.033828 0.017789 0.064753 0.092411 0.071085 0.065239 0.061181 0.051711 0.051352 0.114936 0.127365 0.123826 0.098596 0.100625 0.136420 0.118675 0.123490
1317000.062554 0.877650 0.117807 0.095963 0.087978 0.105391 0.111491 0.136176 0.142954 0.151607 0.117409 0.114878 0.102454 0.119748 0.108129 0.085688 0.125597 0.136144 0.104866 0.037219 0.015290 0.068973 0.091475 0.073802 0.067663 0.055399 0.051149 0.047836 0.113711 0.127556 0.128491 0.093886 0.102464 0.137687 0.120066 0.125232
1318000.062602 1.120045 0.119261 0.098715 0.091854 0.108069 0.112099 0.137550 0.146415 0.153939 0.121575 0.115010 0.102621 0.121787 0.109807 0.087002 0.127125 0.137072 0.107116 0.038713 0.017273 0.070072 0.092316 0.076341 0.068251 0.057431 0.049519 0.045288 0.114647 0.130680 0.128106 0.097019 0.105183 0.140537 0.122975 0.128068
1319000.062649 1.471729 0.109147 0.087148 0.082085 0.102445 0.107161 0.133317 0.143343 0.151150 0.117239 0.104932 0.094775 0.121533 0.105280 0.083959 0.132101 0.143712 0.107512 0.028534 0.019800 0.077567 0.103893 0.066841 0.079279 0.063656 0.064967 0.055121 0.118779 0.124938 0.123194 0.088942 0.093781 0.133332 0.113995 0.119607
1320000.062697 1.086767 0.112893 0.091502 0.085086 0.104726 0.110325 0.133971 0.140813 0.149127 0.115927 0.112467 0.101342 0.115644 0.102815 0.080655 0.123118 0.135625 0.100351 0.030375 0.017015 0.069097 0.096178 0.065526 0.071257 0.058866 0.058950 0.055091 0.113129 0.120938 0.127166 0.092666 0.096896 0.132586 0.114095 0.120142
1321000.062744 2.754836 0.128942 0.106768 0.087235 0.092786 0.122732 0.146647 0.131614 0.149237 0.103297 0.124513 0.106041 0.121691 0.115773 0.103036 0.137036 0.133244 0.117933 0.058826 0.027089 0.090813 0.090563 0.092599 0.081094 0.038391 0.048684 0.027594 0.105391 0.130852 0.140102 0.085151 0.115536 0.144529 0.128054 0.135325
1322000.062792 1.787191 0.125733 0.104978 0.090305 0.098488 0.119778 0.144133 0.138349 0.152415 0.110853 0.121029 0.105143 0.121466 0.112978 0.097089 0.134191 0.135643 0.114307 0.052152 0.021819 0.084854 0.092715 0.086968 0.078164 0.045029 0.048863 0.030227 0.107867 0.131412 0.135715 0.089755 0.112691 0.144129 0.126805 0.133611
1323000.062839 1.690757 0.124673 0.103150 0.093225 0.108237 0.113243 0.137628 0.143619 0.152498 0.119008 0.120713 0.106886 0.121349 0.113694 0.090839 0.122441 0.130837 0.106657 0.048730 0.021222 0.065354 0.079937 0.083977 0.057942 0.051050 0.037841 0.041800 0.111195 0.132936 0.130458 0.098198 0.110537 0.142453 0.126767 0.130620
1324000.062887 1.748005 0.130853 0.108188 0.090337 0.098872 0.121410 0.145112 0.134877 0.151222 0.107762 0.127323 0.109723 0.120885 0.116494 0.100087 0.129558 0.129709 0.113268 0.057491 0.021579 0.079763 0.080508 0.090802 0.068901 0.036171 0.038945 0.031375 0.106070 0.132007 0.139579 0.090757 0.116487 0.145590 0.129713 0.135610
1325000.062934 5.597826 0.136192 0.114662 0.100232 0.109573 0.117938 0.139972 0.137823 0.149019 0.116843 0.133224 0.115898 0.120174 0.121613 0.102682 0.116421 0.116885 0.109410 0.069502 0.038616 0.066695 0.057684 0.098780 0.047460 0.043136 0.018236 0.044465 0.104541 0.135869 0.137112 0.103006 0.122660 0.146792 0.134525 0.137560
1326000.062982 2.607870 0.129293 0.108497 0.092397 0.098227 0.120254 0.144700 0.136083 0.150557 0.110348 0.124209 0.106242 0.120946 0.115481 0.100883 0.132718 0.129874 0.115498 0.057995 0.026357 0.085173 0.085820 0.092660 0.074879 0.041118 0.041033 0.025542 0.104401 0.132564 0.136937 0.091160 0.116865 0.145675 0.129627 0.136152
1327000.063029 2.593803 0.129098 0.105349 0.082878 0.088947 0.123297 0.145831 0.124233 0.144840 0.096072 0.127302 0.108341 0.118518 0.115047 0.104496 0.134216 0.129919 0.115984 0.060674 0.026286 0.090214 0.085923 0.090801 0.079788 0.029841 0.050765 0.037487 0.103890 0.125745 0.142351 0.081210 0.113857 0.141114 0.124985 0.132533
1328000.063077 1.220042 0.117733 0.096297 0.084880 0.098327 0.112226 0.137924 0.138517 0.150143 0.111654 0.113326 0.099211 0.120296 0.108831 0.090725 0.131053 0.137554 0.109632 0.042979 0.018028 0.079051 0.094370 0.078733 0.075569 0.051633 0.052446 0.038375 0.110691 0.127700 0.128714 0.087246 0.103462 0.138297 0.120142 0.126164
1329000.063124 1.768133 0.108216 0.088223 0.084923 0.104189 0.105378 0.130855 0.144026 0.149361 0.119416 0.105441 0.094995 0.118678 0.102441 0.079832 0.127413 0.140967 0.103002 0.026974 0.021703 0.071719 0.101894 0.064292 0.075168 0.065299 0.061860 0.054497 0.116501 0.123257 0.120697 0.091667 0.093628 0.131657 0.112953 0.118447
1330000.063172 3.982830 0.127064 0.107419 0.099857 0.113095 0.111454 0.136799 0.146307 0.151935 0.125942 0.122188 0.107000 0.122559 0.115724 0.092020 0.120215 0.128017 0.106936 0.054206 0.032572 0.062580 0.077403 0.087550 0.054499 0.058118 0.032771 0.044894 0.111475 0.135647 0.128252 0.104744 0.114047 0.143924 0.129864 0.133232
1331000.063219 2.529512 0.121872 0.098272 0.078914 0.087020 0.117074 0.141807 0.129404 0.146982 0.099504 0.116791 0.099237 0.122950 0.114159 0.102090 0.139867 0.138114 0.118795 0.055027 0.025958 0.092891 0.095204 0.088219 0.084576 0.042484 0.056666 0.035124 0.109167 0.129283 0.134470 0.077420 0.107941 0.139784 0.122963 0.129151
1332000.063267 2.925389 0.126949 0.104035 0.084383 0.091536 0.119571 0.146135 0.132832 0.150520 0.104476 0.120821 0.101603 0.125002 0.117399 0.104038 0.140101 0.137603 0.120397 0.057967 0.027915 0.092527 0.093701 0.092023 0.083040 0.043352 0.051470 0.029161 0.109355 0.132689 0.137676 0.082264 0.113051 0.144832 0.127637 0.134669
1333000.063314 2.240305 0.131856 0.109045 0.090560 0.098527 0.121573 0.143978 0.131279 0.147892 0.105558 0.129326 0.111422 0.118046 0.116210 0.101128 0.126147 0.123465 0.111769 0.060493 0.024429 0.078777 0.074056 0.092650 0.065501 0.031474 0.034834 0.033640 0.102469 0.129728 0.140213 0.091408 0.117548 0.144075 0.129201 0.134995
1334000.063362 2.239609 0.130159 0.108165 0.092449 0.101998 0.118575 0.141802 0.135472 0.149725 0.110216 0.127276 0.110440 0.118727 0.115573 0.098063 0.123455 0.125214 0.109362 0.058001 0.024425 0.073092 0.074081 0.090667 0.061490 0.038395 0.032881 0.034111 0.104107 0.131230 0.136686 0.094040 0.116078 0.144150 0.128965 0.133999
1335000.063409 1.145458 0.123443 0.101922 0.086234 0.095357 0.117756 0.141601 0.133711 0.148524 0.106740 0.120840 0.104092 0.118502 0.110729 0.095711 0.131222 0.133054 0.111274 0.050017 0.017468 0.082321 0.089481 0.083162 0.075543 0.041423 0.048450 0.034869 0.106346 0.126992 0.134825 0.086550 0.109437 0.140133 0.123173 0.129904
1336000.063457 1.612579 0.127587 0.104780 0.087259 0.097333 0.119657 0.144861 0.135484 0.151485 0.108211 0.123140 0.105522 0.122515 0.115878 0.099649 0.133644 0.133640 0.115318 0.054432 0.020726 0.083834 0.087127 0.088919 0.074082 0.040937 0.045006 0.031995 0.108673 0.131681 0.137792 0.088115 0.113301 0.144509 0.127829 0.134185
1337000.063504 0.576064 0.115363 0.093051 0.083154 0.100486 0.111511 0.135460 0.137927 0.148730 0.111696 0.114088 0.101164 0.117200 0.105583 0.085355 0.125853 0.135963 0.103877 0.035691 0.012388 0.072312 0.093389 0.070312 0.071458 0.052939 0.055649 0.050016 0.112214 0.123030 0.128847 0.088933 0.099537 0.134334 0.116342 0.122147
1338000.063552 1.788635 0.117311 0.097434 0.091378 0.107895 0.110995 0.136800 0.147330 0.153940 0.122834 0.113086 0.100182 0.122957 0.109407 0.085886 0.129118 0.139734 0.107871 0.036900 0.021828 0.072148 0.096916 0.073947 0.071284 0.062046 0.053947 0.048563 0.116900 0.130599 0.126497 0.097036 0.103904 0.139468 0.122256 0.127348
1339000.063599 3.320868 0.128116 0.105237 0.082443 0.086433 0.124977 0.145659 0.121893 0.142825 0.092881 0.127318 0.108837 0.116770 0.113001 0.104095 0.135359 0.130500 0.115727 0.061401 0.029743 0.093541 0.090355 0.090223 0.084412 0.031009 0.055993 0.039012 0.102325 0.123367 0.142976 0.079688 0.113560 0.139174 0.123210 0.131382
1340000.063647 1.289225 0.117945 0.098177 0.091941 0.108678 0.112601 0.136947 0.146265 0.153318 0.121281 0.115804 0.104223 0.118706 0.106283 0.083164 0.124311 0.137001 0.102894 0.036186 0.018532 0.067681 0.094561 0.072153 0.068994 0.058815 0.052779 0.048315 0.113381 0.127273 0.128402 0.097290 0.103324 0.138426 0.120173 0.126008
1341000.063694 2.104351 0.125551 0.104969 0.091001 0.098787 0.117966 0.142985 0.138899 0.152039 0.112251 0.120468 0.103778 0.122222 0.113820 0.097882 0.134000 0.135179 0.114798 0.052750 0.023676 0.083990 0.091263 0.087923 0.076666 0.046672 0.046628 0.029724 0.108050 0.132734 0.133868 0.090388 0.113000 0.144278 0.127553 0.133750
1342000.063742 1.097649 0.109769 0.087174 0.080000 0.099052 0.106662 0.132880 0.140065 0.149163 0.114184 0.105812 0.093782 0.121185 0.106055 0.086019 0.131734 0.142059 0.108173 0.031307 0.017100 0.078241 0.100934 0.067036 0.077997 0.060277 0.063203 0.054640 0.118012 0.123952 0.123577 0.086203 0.094297 0.132556 0.113872 0.119426
1343000.063789 0.928263 0.116705 0.094160 0.083877 0.100414 0.112102 0.137809 0.140681 0.151575 0.114138 0.112347 0.098640 0.122700 0.109556 0.089227 0.132848 0.140565 0.110429 0.037881 0.015725 0.078524 0.097428 0.074501 0.076035 0.055393 0.056943 0.047312 0.115999 0.128124 0.128950 0.089145 0.101684 0.137660 0.120030 0.125559
1344000.063837 2.325014 0.125160 0.104838 0.095761 0.110433 0.114496 0.139776 0.146560 0.154870 0.122364 0.119940 0.106598 0.123227 0.114152 0.091250 0.125629 0.133299 0.109031 0.049307 0.024887 0.069423 0.085128 0.085601 0.063198 0.055152 0.040820 0.039943 0.112384 0.134886 0.130551 0.100525 0.111890 0.144605 0.128542 0.132772
1345000.063884 1.908590 0.128802 0.106842 0.088693 0.095515 0.122323 0.145575 0.133087 0.149877 0.105316 0.124957 0.107534 0.120496 0.114742 0.100520 0.133689 0.131668 0.115328 0.056493 0.022548 0.086338 0.087556 0.090234 0.076783 0.037381 0.045984 0.029559 0.105313 0.130353 0.139289 0.087991 0.115384 0.144189 0.128033 0.134779
1346000.063932 0.698469 0.118463 0.096817 0.085422 0.099285 0.114612 0.139480 0.139008 0.151220 0.112079 0.115266 0.101229 0.120094 0.108703 0.090811 0.131767 0.138142 0.109855 0.040931 0.013640 0.079975 0.095723 0.076440 0.076886 0.050738 0.055092 0.042450 0.111825 0.126886 0.131015 0.088438 0.103953 0.138555 0.120450 0.126790
1347000.063979 1.644375 0.120045 0.099874 0.092215 0.107990 0.112502 0.136976 0.144616 0.152386 0.119746 0.117032 0.104598 0.119098 0.108451 0.085593 0.123401 0.134204 0.103898 0.041569 0.020929 0.067174 0.089629 0.077415 0.065595 0.056306 0.047131 0.043690 0.111167 0.129097 0.128584 0.097154 0.105837 0.139648 0.122272 0.127506
1348000.064027 2.493590 0.109281 0.091164 0.091077 0.111259 0.105541 0.130394 0.148575 0.150865 0.125646 0.106693 0.098512 0.117737 0.101794 0.076458 0.122827 0.138392 0.099647 0.027351 0.025773 0.065301 0.100215 0.065448 0.070619 0.068923 0.059654 0.055790 0.115738 0.124400 0.119889 0.098776 0.095509 0.133050 0.114298 0.119457
1349000.064074 1.919582 0.122450 0.099703 0.083851 0.096136 0.116682 0.142037 0.135212 0.150088 0.107321 0.118296 0.101996 0.122046 0.112985 0.096601 0.134336 0.136456 0.113820 0.049977 0.022613 0.084194 0.092474 0.085310 0.077327 0.046872 0.051218 0.035570 0.109692 0.129577 0.134307 0.085683 0.108049 0.140994 0.123787 0.129904
1350000.064122 0.962718 0.120762 0.099349 0.084729 0.094100 0.116007 0.140066 0.133052 0.147363 0.106449 0.117560 0.101681 0.118010 0.109098 0.094854 0.132336 0.133898 0.111395 0.047451 0.016014 0.084099 0.092571 0.080974 0.078496 0.043049 0.051895 0.037382 0.106848 0.125340 0.132719 0.085021 0.106750 0.138246 0.120664 0.127797
1351000.064169 3.006466 0.132869 0.111361 0.097301 0.107377 0.118492 0.144432 0.144025 0.155950 0.119235 0.126489 0.109259 0.126029 0.120681 0.100231 0.128842 0.131334 0.114964 0.059487 0.028300 0.074763 0.078573 0.094558 0.062670 0.047229 0.031094 0.031516 0.110772 0.139403 0.136146 0.099016 0.119573 0.149972 0.134812 0.139245
1352000.064217 1.579680 0.119930 0.099925 0.092843 0.108245 0.111585 0.136427 0.145685 0.152671 0.121449 0.115914 0.102876 0.121016 0.109924 0.086321 0.124924 0.134800 0.105869 0.040777 0.020513 0.067912 0.089864 0.077536 0.065143 0.057733 0.046542 0.044370 0.113084 0.130863 0.127300 0.098101 0.106654 0.140191 0.123645 0.128305
1353000.064264 1.182344 0.121527 0.099659 0.084993 0.094750 0.115971 0.139963 0.134057 0.148131 0.106801 0.118054 0.102003 0.118992 0.110674 0.095597 0.131979 0.133317 0.111988 0.049150 0.017747 0.083176 0.090227 0.083118 0.076014 0.043018 0.049793 0.035225 0.106820 0.127416 0.132815 0.085482 0.107907 0.139308 0.122305 0.128665
1354000.064312 3.814207 0.134112 0.112607 0.093745 0.098070 0.121975 0.145730 0.133421 0.149279 0.108316 0.129224 0.109460 0.121174 0.119184 0.104938 0.130537 0.124598 0.116682 0.065575 0.031875 0.084485 0.076720 0.098607 0.069726 0.036057 0.032427 0.023924 0.102229 0.134402 0.139700 0.092440 0.121685 0.147596 0.133349 0.139083
1355000.064359 2.800430 0.121842 0.100930 0.086708 0.093715 0.115470 0.141342 0.136082 0.149761 0.109092 0.115355 0.098645 0.122822 0.113036 0.099475 0.137905 0.137498 0.117340 0.053284 0.027313 0.089978 0.096083 0.087846 0.083086 0.048764 0.053115 0.030591 0.108713 0.131263 0.131199 0.084843 0.109294 0.141751 0.124493 0.130985
1356000.064407 2.159644 0.122440 0.103253 0.094702 0.106333 0.113742 0.138347 0.144195 0.152378 0.119813 0.117803 0.103836 0.120724 0.111096 0.090461 0.126696 0.133102 0.108497 0.047333 0.023985 0.072993 0.088621 0.083136 0.068059 0.054322 0.043745 0.036374 0.109417 0.132172 0.128762 0.097310 0.110228 0.142217 0.125884 0.130903
1357000.064454 1.015571 0.118062 0.095518 0.085431 0.101437 0.112057 0.137496 0.141828 0.152135 0.115282 0.114166 0.099829 0.123173 0.110934 0.090068 0.131579 0.139876 0.110289 0.039460 0.016448 0.076188 0.094890 0.075143 0.072877 0.055128 0.054752 0.048314 0.116469 0.129632 0.129292 0.090245 0.103311 0.138652 0.121424 0.126552
1358000.064502 0.972719 0.117888 0.096124 0.086758 0.102530 0.111825 0.138011 0.142663 0.152653 0.116225 0.113450 0.099905 0.122099 0.109843 0.089340 0.130823 0.139184 0.109379 0.039472 0.016097 0.075913 0.094762 0.076933 0.073069 0.054918 0.052638 0.042800 0.114057 0.129555 0.128523 0.090761 0.103294 0.139388 0.121288 0.126812
1359000.064549 2.080203 0.108680 0.087525 0.082327 0.101956 0.106759 0.132879 0.142067 0.149805 0.116298 0.104756 0.094634 0.120014 0.103780 0.083144 0.131087 0.142525 0.106134 0.030677 0.023540 0.077402 0.103950 0.068362 0.079856 0.064023 0.064132 0.052619 0.116217 0.123856 0.122443 0.088789 0.093528 0.132606 0.113179 0.118958
1360000.064597 3.290863 0.128843 0.108282 0.090546 0.093449 0.122102 0.146174 0.133762 0.150277 0.105963 0.123642 0.105802 0.121004 0.114937 0.103443 0.136814 0.133478 0.118018 0.060573 0.029608 0.091870 0.091913 0.093619 0.082960 0.040314 0.049024 0.023299 0.103788 0.131781 0.138113 0.086269 0.116499 0.145499 0.128508 0.135948
1361000.064644 1.090030 0.118722 0.096625 0.083019 0.095659 0.112754 0.137687 0.134621 0.147358 0.108767 0.116574 0.099917 0.118805 0.109050 0.092022 0.130081 0.135233 0.109074 0.044474 0.017040 0.079028 0.091735 0.076723 0.073971 0.048110 0.052135 0.043925 0.110389 0.125110 0.130797 0.085510 0.103844 0.136550 0.119263 0.125757
1362000.064692 0.633304 0.115362 0.093241 0.081890 0.096931 0.111132 0.135382 0.134648 0.146431 0.108639 0.113613 0.099487 0.116065 0.105351 0.087301 0.126835 0.134222 0.105016 0.038645 0.012988 0.075751 0.092731 0.072330 0.073320 0.049909 0.054055 0.045608 0.109353 0.121928 0.128580 0.085855 0.099899 0.133747 0.115701 0.122237
1363000.064739 0.842000 0.120809 0.099412 0.089575 0.105402 0.113058 0.136719 0.140540 0.150261 0.115595 0.118950 0.105596 0.117308 0.108560 0.086808 0.121359 0.130854 0.102995 0.042154 0.014976 0.066166 0.084668 0.076731 0.062468 0.050412 0.044586 0.044825 0.109633 0.126767 0.130381 0.094873 0.105839 0.138384 0.121441 0.126631
1364000.064787 1.934935 0.120448 0.099872 0.093271 0.110878 0.111059 0.135913 0.146510 0.152866 0.122730 0.116888 0.104394 0.120821 0.110317 0.085217 0.121946 0.133266 0.103942 0.041386 0.022703 0.063377 0.086993 0.077755 0.060582 0.059017 0.044978 0.047272 0.113519 0.130930 0.127578 0.100042 0.106398 0.140142 0.123763 0.127965
1365000.064834 0.643204 0.117426 0.096112 0.088168 0.106541 0.112389 0.136112 0.142487 0.151370 0.117268 0.115560 0.104314 0.117792 0.106736 0.084371 0.123282 0.134273 0.103057 0.037086 0.013090 0.068186 0.090634 0.072709 0.066827 0.054527 0.052025 0.049482 0.112516 0.125577 0.129045 0.094939 0.102305 0.136937 0.119094 0.124430
1366000.064882 2.906617 0.135749 0.114205 0.096635 0.103630 0.123623 0.147357 0.137711 0.153292 0.112580 0.131667 0.113431 0.121832 0.119478 0.103010 0.128309 0.126494 0.114720 0.063233 0.027826 0.079239 0.075741 0.096339 0.065880 0.036541 0.030910 0.028350 0.104891 0.135301 0.141423 0.096852 0.122273 0.149552 0.134572 0.140295
1367000.064929 1.047598 0.123733 0.101417 0.086018 0.097093 0.118115 0.141855 0.133740 0.148639 0.107187 0.122125 0.105793 0.117811 0.110603 0.095304 0.129876 0.132386 0.109970 0.049223 0.016705 0.080467 0.088332 0.081950 0.074192 0.041170 0.049108 0.039794 0.107026 0.125868 0.136112 0.087556 0.108582 0.139696 0.122406 0.129333
1368000.064977 0.355538 0.117227 0.095964 0.088463 0.104950 0.110806 0.134035 0.140744 0.148957 0.116294 0.114962 0.103364 0.116527 0.106600 0.085201 0.121656 0.131081 0.102679 0.038071 0.009732 0.066974 0.086823 0.072891 0.064347 0.051617 0.048556 0.048515 0.110723 0.124897 0.127658 0.094055 0.102380 0.135885 0.118415 0.123684
1369000.065024 2.048235 0.125474 0.104644 0.092429 0.103788 0.116388 0.142319 0.143122 0.154479 0.117153 0.119629 0.103964 0.124269 0.114925 0.095091 0.131994 0.136320 0.113487 0.050568 0.023358 0.078597 0.089879 0.087002 0.071545 0.051303 0.044284 0.032583 0.111540 0.134854 0.132475 0.094503 0.112471 0.145193 0.128701 0.134011
1370000.065072 1.288788 0.121778 0.100738 0.088089 0.098045 0.113924 0.138790 0.137438 0.149183 0.111966 0.117541 0.101191 0.120283 0.111306 0.094132 0.130569 0.133605 0.111342 0.048099 0.018529 0.079488 0.089441 0.081963 0.072719 0.047196 0.046747 0.037242 0.109047 0.129286 0.130659 0.089117 0.108444 0.140090 0.123448 0.129478
1371000.065119 0.819414 0.124265 0.100720 0.085421 0.099065 0.115460 0.140345 0.135717 0.149903 0.109316 0.121334 0.104649 0.120599 0.113521 0.094932 0.128054 0.132122 0.110051 0.048787 0.014774 0.075233 0.083228 0.082871 0.066710 0.042723 0.043658 0.040414 0.109883 0.129134 0.134436 0.088926 0.108856 0.140800 0.124371 0.129728
1372000.065167 0.610369 0.119424 0.096569 0.086313 0.104391 0.112835 0.135644 0.138418 0.149242 0.113212 0.118480 0.105720 0.116751 0.108139 0.085866 0.120085 0.130720 0.101909 0.040078 0.012751 0.065463 0.084549 0.073039 0.062065 0.050445 0.049294 0.051991 0.111705 0.124354 0.130945 0.093396 0.103364 0.136145 0.119284 0.124266
1373000.065214 1.012928 0.129080 0.105321 0.088552 0.100211 0.121272 0.144525 0.136374 0.152646 0.108520 0.125685 0.109855 0.121788 0.116251 0.098603 0.129960 0.131884 0.113147 0.053827 0.016426 0.078984 0.082659 0.087422 0.068996 0.037874 0.044569 0.039245 0.109728 0.131608 0.139608 0.090858 0.114015 0.144805 0.128436 0.134041
1374000.065261 2.532612 0.116393 0.095572 0.082748 0.091533 0.112695 0.138098 0.134404 0.147132 0.107484 0.111265 0.095366 0.120919 0.108595 0.094724 0.137537 0.139875 0.114238 0.046664 0.025974 0.089207 0.101351 0.080143 0.085647 0.052621 0.059570 0.039432 0.110328 0.126475 0.128451 0.081994 0.103071 0.136690 0.118627 0.125800
1375000.065309 2.438544 0.121628 0.101088 0.088916 0.100032 0.115529 0.141228 0.140735 0.152625 0.113549 0.116113 0.101249 0.122981 0.112031 0.094166 0.134155 0.138603 0.113262 0.048727 0.025487 0.082632 0.095539 0.085043 0.077873 0.053080 0.051248 0.032690 0.110597 0.132063 0.131046 0.090035 0.108685 0.142390 0.124973 0.130746
1376000.065356 1.757388 0.108462 0.087426 0.081893 0.102062 0.106316 0.132543 0.142501 0.149797 0.116994 0.105127 0.094384 0.119884 0.103735 0.082371 0.130365 0.142539 0.105624 0.030297 0.021636 0.076353 0.103189 0.066577 0.078053 0.063821 0.063545 0.053416 0.117029 0.123531 0.122404 0.088679 0.093331 0.132211 0.112996 0.118869
1377000.065404 1.931213 0.105481 0.085165 0.084972 0.107294 0.105825 0.127735 0.143152 0.147083 0.119388 0.105716 0.099157 0.113691 0.097707 0.074164 0.121215 0.137077 0.096537 0.020887 0.022681 0.067084 0.101743 0.056390 0.073750 0.066755 0.067309 0.064791 0.115955 0.117058 0.120971 0.094570 0.089600 0.126771 0.107815 0.113296
1378000.065451 1.130752 0.125076 0.102188 0.085133 0.094648 0.117309 0.141432 0.132570 0.148221 0.105205 0.121454 0.104465 0.119468 0.113137 0.097842 0.130771 0.131191 0.112461 0.052846 0.017355 0.081694 0.085061 0.086218 0.072452 0.037699 0.044688 0.034015 0.106350 0.128617 0.135486 0.085489 0.110584 0.141122 0.124410 0.130693
1379000.065499 1.755780 0.117578 0.095767 0.084258 0.098859 0.113550 0.139668 0.140189 0.151863 0.113013 0.114598 0.099251 0.122205 0.109106 0.090616 0.134570 0.142630 0.110708 0.040550 0.021627 0.081265 0.100481 0.075553 0.079786 0.056030 0.058764 0.045503 0.114737 0.127809 0.130578 0.087371 0.102493 0.138297 0.120043 0.126502
1380000.065546 2.031775 0.117299 0.097676 0.094533 0.112546 0.107143 0.130709 0.146736 0.149817 0.124803 0.113877 0.103738 0.118415 0.107915 0.082097 0.117128 0.130338 0.100317 0.039834 0.023264 0.057284 0.084204 0.075121 0.055828 0.060738 0.044486 0.051439 0.112998 0.128938 0.122831 0.101832 0.103687 0.136748 0.120774 0.124235
1381000.065594 2.494296 0.122755 0.099440 0.080227 0.089033 0.117056 0.143004 0.130965 0.148042 0.102125 0.118041 0.099188 0.123548 0.114217 0.100777 0.139504 0.139295 0.117871 0.053587 0.025777 0.090987 0.095957 0.086853 0.083585 0.044929 0.055022 0.034697 0.110323 0.129550 0.135147 0.079174 0.108129 0.140613 0.123516 0.130287
1382000.065641 1.401258 0.120419 0.097100 0.082454 0.096534 0.114642 0.141172 0.137137 0.151424 0.109291 0.114865 0.099592 0.123889 0.112996 0.095709 0.135878 0.139658 0.114688 0.046798 0.019320 0.084212 0.094941 0.082811 0.078500 0.049426 0.054064 0.038970 0.113280 0.130149 0.132292 0.085132 0.105378 0.140675 0.122761 0.128668
1383000.065689 1.676914 0.126829 0.104703 0.091623 0.103292 0.116138 0.141989 0.141193 0.153194 0.115577 0.121781 0.105129 0.123216 0.115847 0.096395 0.129847 0.133073 0.112608 0.051569 0.021135 0.076049 0.084223 0.087638 0.067053 0.047105 0.039707 0.034101 0.110278 0.134248 0.133769 0.093842 0.112903 0.144976 0.128786 0.133935
1384000.065736 4.742459 0.132122 0.111100 0.088517 0.088014 0.126576 0.147581 0.125689 0.145234 0.096712 0.128604 0.109426 0.119054 0.115986 0.107439 0.137520 0.129154 0.119495 0.067775 0.035543 0.096561 0.089216 0.098608 0.085128 0.032159 0.049966 0.024753 0.099699 0.129424 0.143002 0.083120 0.119948 0.144160 0.128991 0.136649
1385000.065784 0.641286 0.117856 0.094130 0.081918 0.098659 0.113921 0.138939 0.137164 0.150449 0.110386 0.115280 0.101545 0.120225 0.108923 0.090614 0.131048 0.138896 0.109037 0.039972 0.013070 0.078948 0.095547 0.073268 0.076532 0.050859 0.058846 0.051198 0.114843 0.124715 0.132250 0.086693 0.101060 0.136757 0.118102 0.124643
1386000.065831 2.581185 0.111709 0.093165 0.092289 0.113788 0.107885 0.131868 0.149927 0.152281 0.126921 0.110334 0.101748 0.118354 0.103049 0.076071 0.121800 0.137975 0.099025 0.028377 0.026222 0.062666 0.098904 0.065629 0.067910 0.069090 0.059143 0.058485 0.116893 0.125428 0.122666 0.101617 0.097651 0.134196 0.116411 0.121027
1387000.065879 1.068814 0.119130 0.096690 0.084644 0.098284 0.113783 0.139806 0.139104 0.151586 0.111878 0.114105 0.099681 0.122472 0.111368 0.094212 0.134756 0.138957 0.113321 0.044291 0.016873 0.082849 0.095337 0.080701 0.077902 0.050264 0.054058 0.039873 0.112593 0.129612 0.130646 0.086931 0.104710 0.140025 0.121913 0.127941
1388000.065926 1.464091 0.124517 0.102881 0.086760 0.095695 0.118506 0.142366 0.133199 0.148225 0.106569 0.122340 0.105060 0.118211 0.110765 0.095960 0.131133 0.132706 0.110931 0.050817 0.019749 0.082120 0.089537 0.083919 0.075777 0.041352 0.047868 0.034832 0.105696 0.126742 0.135984 0.087103 0.110052 0.140290 0.123323 0.130470
1389000.065974 1.572685 0.114112 0.092940 0.082758 0.096799 0.111135 0.137571 0.139026 0.150111 0.112698 0.109680 0.095601 0.121617 0.107590 0.090771 0.136033 0.142474 0.111986 0.039630 0.020468 0.084850 0.102605 0.074185 0.083118 0.056412 0.061463 0.045874 0.114556 0.125975 0.127374 0.085247 0.099668 0.136224 0.117300 0.124227
1390000.066021 1.031361 0.121866 0.100281 0.090526 0.105715 0.114861 0.138769 0.142412 0.152214 0.116853 0.119668 0.105810 0.119652 0.109892 0.088380 0.125612 0.134338 0.105859 0.041890 0.016575 0.069752 0.088855 0.077262 0.066758 0.051990 0.047752 0.045578 0.111918 0.128879 0.131933 0.095319 0.106901 0.140030 0.123093 0.128480
1391000.066069 3.821206 0.133426 0.111856 0.094442 0.100987 0.121766 0.148436 0.140376 0.155994 0.113615 0.126135 0.107860 0.127593 0.121523 0.105758 0.137196 0.135963 0.120895 0.063409 0.031905 0.087328 0.086891 0.098578 0.076162 0.045115 0.041379 0.023148 0.109758 0.139524 0.138695 0.092999 0.120459 0.151129 0.135141 0.140657
1392000.066116 1.709684 0.116825 0.093321 0.076471 0.088224 0.114069 0.139044 0.129030 0.145360 0.101097 0.113701 0.097324 0.119855 0.108999 0.095991 0.136869 0.139492 0.113660 0.046784 0.021341 0.089487 0.099150 0.077722 0.085202 0.047051 0.062078 0.046113 0.111372 0.122887 0.132092 0.077364 0.101035 0.134792 0.116494 0.123954
1393000.066164 0.829043 0.127565 0.103919 0.087564 0.099863 0.119508 0.143875 0.136652 0.152419 0.109259 0.124128 0.107720 0.122001 0.115526 0.097657 0.130398 0.133099 0.112757 0.051564 0.014861 0.078535 0.084060 0.085973 0.069379 0.040055 0.044557 0.038211 0.110085 0.131206 0.137938 0.090207 0.112391 0.143954 0.127461 0.133075
1394000.066211 1.014830 0.117162 0.097001 0.088655 0.103001 0.112502 0.137422 0.141736 0.151005 0.116397 0.113636 0.100759 0.118905 0.107011 0.087463 0.128769 0.136111 0.107203 0.038849 0.016442 0.075966 0.095106 0.075550 0.073952 0.054475 0.052480 0.041867 0.110809 0.126869 0.128167 0.092220 0.103431 0.138037 0.119880 0.126146
1395000.066259 1.724303 0.115517 0.093779 0.082253 0.094467 0.111075 0.137325 0.137185 0.149063 0.110018 0.110500 0.095409 0.121803 0.109117 0.092959 0.135719 0.140613 0.112904 0.042947 0.021432 0.084997 0.099386 0.077863 0.081467 0.053694 0.058194 0.041561 0.112606 0.127439 0.127554 0.083310 0.101547 0.137049 0.118695 0.125119
1396000.066306 1.682967 0.126186 0.105062 0.090010 0.099282 0.118245 0.143101 0.137619 0.151460 0.111061 0.121613 0.105053 0.121128 0.113687 0.097030 0.131435 0.132744 0.113125 0.052797 0.021173 0.081292 0.087540 0.087903 0.073066 0.043705 0.043003 0.028646 0.107088 0.131553 0.135019 0.090540 0.112907 0.143994 0.127259 0.133470
1397000.066354 0.717255 0.122592 0.099406 0.083531 0.095279 0.116195 0.141554 0.135081 0.150357 0.107484 0.118773 0.102091 0.121582 0.112776 0.096328 0.133318 0.136504 0.113202 0.047867 0.013823 0.082470 0.090839 0.081842 0.075501 0.043471 0.050909 0.039187 0.110962 0.128722 0.134311 0.085009 0.107637 0.140713 0.123242 0.129564
1398000.066401 0.687069 0.122544 0.100865 0.088907 0.101574 0.114907 0.138935 0.138941 0.150403 0.113123 0.119494 0.104695 0.118832 0.110838 0.092030 0.126736 0.131670 0.108201 0.046313 0.013529 0.074191 0.085780 0.080906 0.067593 0.045439 0.044479 0.039331 0.108693 0.128617 0.132283 0.091603 0.108303 0.140357 0.123299 0.129098
1399000.066449 2.115452 0.129958 0.107536 0.087180 0.093368 0.122550 0.144999 0.128802 0.147502 0.101361 0.128031 0.109819 0.118016 0.114661 0.101572 0.130107 0.128530 0.113204 0.059918 0.023739 0.084486 0.082279 0.090071 0.073735 0.030900 0.044731 0.034455 0.103375 0.127637 0.140934 0.085876 0.115546 0.142881 0.126729 0.133719
1400000.066496 2.202137 0.114707 0.091897 0.078764 0.094319 0.111617 0.138719 0.137197 0.150026 0.110031 0.110651 0.094316 0.124495 0.110066 0.092796 0.139081 0.145626 0.114402 0.041007 0.024220 0.087193 0.104397 0.074518 0.084796 0.058100 0.064265 0.049657 0.117906 0.127064 0.129059 0.082575 0.099510 0.136248 0.118289 0.124651
