700000.033248	65.5657 -169.085
701000.033296	49.6754 -161.704
702000.033343	68.0748 -166.518
703000.033391	42.4278 -167.89
704000.033438	54.4494 -153.707
705000.033486	53.4799 -162.009
706000.033533	48.7844 -146.375
707000.033581	35.3881 -154.401
708000.033628	44.5958 -165.962
709000.033676	61.3827 -151.775
710000.033723	60.6728 -176.618
711000.033771	44.1052 -163.01
712000.033818	59.4034 -160.021
713000.033866	49.4537 -164.618
714000.033913	54.2672 -157.858
715000.033961	51.0014 -178.73
716000.034008	60.7844 -163.208
717000.034056	51.7304 -172.364
718000.034103	44.5162 -157.4
719000.034151	58.8076 -156.967
720000.034198	61.8018 -163.684
721000.034246	55.0623 -141.941
722000.034293	46.0065 -150.396
723000.034341	67.7298 176.399
724000.034388	55.2886 -165.429
725000.034436	64.4048 -161.366
726000.034483	65.7729 -173.792
727000.034531	59.5986 -157.115
728000.034578	57.7115 -161.819
729000.034626	64.1841 -151.831
730000.034673	61.2543 -175.553
731000.034721	61.1554 -144.324
732000.034768	58.8217 -168.925
733000.034816	61.2103 -161.714
734000.034863	65.1407 -161.868
735000.034911	45.8362 -161.786
736000.034958	67.2979 -170.354
737000.035006	58.3772 -160.699
738000.035053	63.6166 -143.53
739000.035101	55.9907 -175.488
740000.035148	51.8125 -149.468
741000.035196	52.8006 -153.193
742000.035243	56.9371 -153.09
743000.035291	44.7207 -152.353
744000.035338	54.4311 -158.057
745000.035386	55.7555 -143.776
746000.035433	53.4582 -173.06
747000.035481	48.5556 -158.225
748000.035528	49.6117 -170.067
749000.035576	62.4462 -172.81
750000.035623	46.7251 -146.154
751000.035671	67.0957 -142.191
752000.035718	62.2735 -149.986
753000.035766	54.0158 -167.815
754000.035813	56.6827 178.082
755000.035861	55.7487 -151.545
756000.035908	54.9431 -161.209
757000.035956	67.9308 -163.993
758000.036003	51.265 -156.757
759000.036051	39.1809 -179.319
760000.036098	67.0743 -160.178
761000.036146	59.3824 -154.242
762000.036193	59.9553 -139.087
763000.036241	47.7089 -135.571
764000.036288	57.7201 -149.419
765000.036336	51.0406 -153.978
766000.036383	56.3325 -145.558
767000.036431	50.08 -147.841
768000.036478	55.2926 -163.859
769000.036526	64.3519 -156.56
770000.036573	61.0145 -173.534
771000.036621	55.6409 -172.607
772000.036668	54.3394 -156.335
773000.036716	42.369 -163.687
774000.036763	58.9572 -148.154
775000.036811	56.8907 -164.565
776000.036858	64.1641 -142.057
777000.036906	51.5822 -165.039
778000.036953	53.1925 -159.373
779000.037001	60.6665 -155.518
780000.037048	54.4227 -158.369
781000.037096	38.3173 -159.566
782000.037143	53.9454 -148.871
783000.037191	53.9579 -158.588
784000.037238	55.2667 -151.396
785000.037285	63.5846 -151.813
786000.037333	63.0083 -170.285
787000.037380	57.8148 -156.788
788000.037428	50.5108 -160.45
789000.037475	42.575 -152.181
790000.037523	52.4697 -157.198
791000.037570	59.363 -166.838
792000.037618	67.8063 -164.47
793000.037665	72.1355 -146.165
794000.037713	50.4401 -156.117
795000.037760	67.4885 -170.97
796000.037808	55.5305 -155.986
797000.037855	52.9232 -152.145
798000.037903	48.2278 -150.972
799000.037950	63.2766 -166.344
800000.037998	48.3183 -164.813
801000.038045	65.0264 -169.787
802000.038093	64.2552 -169.848
803000.038140	47.6977 -146.308
804000.038188	59.8972 -153.223
805000.038235	59.5587 -160.35
806000.038283	72.8581 -176.531
807000.038330	46.6798 -162.454
808000.038378	47.2364 -162.661
809000.038425	67.0454 -171.412
810000.038473	64.3651 -171.094
811000.038520	47.675 -164.806
812000.038568	54.4308 -163.34
813000.038615	62.7571 -148.222
814000.038663	65.2011 -168.085
815000.038710	56.2655 -148.39
816000.038758	60.605 -160.998
817000.038805	42.647 -149.22
818000.038853	59.1483 -151.233
819000.038900	53.9755 -154.103
820000.038948	64.8965 -158.121
