#! FIELDS time restraint.bias r0 r1 r2 r3 r4 r5 r6 r7 r8 r9 r10 r11 r12 r13 r14 r15 r16 r17 r18 r19 r20 r21 r22 r23 r24 r25 r26 r27 r28
 900000.042748 4.086271 0.078069 0.097419 0.125509 0.131738 0.112750 0.094940 0.125917 0.106142 0.127941 0.106323 0.129172 0.044757 0.018558 0.034591 0.079612 0.095926 0.037461 0.076000 0.098621 0.085779 0.140574 0.049774 0.116306 0.114076 0.120789 0.116886 0.073750 0.048444 0.104300
 901000.042795 2.017404 0.080023 0.104281 0.129603 0.126390 0.118811 0.093004 0.115482 0.096360 0.117852 0.111816 0.135001 0.035737 0.013039 0.050650 0.084957 0.093630 0.045069 0.091543 0.109460 0.100619 0.145278 0.067710 0.127612 0.115126 0.126990 0.118693 0.061234 0.040007 0.107028
 902000.042843 5.704593 0.090619 0.114660 0.137484 0.130689 0.127805 0.100086 0.114625 0.097633 0.118718 0.122965 0.144536 0.023856 0.021927 0.058762 0.080290 0.083916 0.043946 0.100152 0.114812 0.105304 0.143766 0.076110 0.131804 0.114555 0.128417 0.120844 0.052139 0.036637 0.116323
 903000.042890 5.472464 0.091129 0.114505 0.136389 0.128304 0.127508 0.100265 0.114573 0.098413 0.117648 0.121902 0.143381 0.025452 0.021476 0.055735 0.077410 0.083256 0.041966 0.097289 0.111044 0.101210 0.140235 0.076405 0.127503 0.111857 0.124081 0.116155 0.050099 0.044462 0.115409
 904000.042938 5.076978 0.090210 0.111771 0.136732 0.136234 0.123654 0.099716 0.123088 0.104196 0.127504 0.119753 0.141823 0.030331 0.020685 0.042624 0.068171 0.081839 0.028550 0.089646 0.106831 0.088680 0.137569 0.067306 0.118843 0.114327 0.120982 0.117384 0.058190 0.050002 0.112553
 905000.042985 9.147855 0.082755 0.101316 0.129825 0.139627 0.115600 0.095990 0.128190 0.106806 0.132904 0.113591 0.135235 0.040782 0.027766 0.040031 0.071313 0.089333 0.029935 0.083711 0.106331 0.085585 0.141646 0.054126 0.117061 0.120806 0.126268 0.125775 0.074066 0.045828 0.108394
 906000.043033 7.939403 0.085531 0.104594 0.132667 0.139637 0.116606 0.097590 0.132102 0.110023 0.135879 0.112309 0.135140 0.046346 0.025867 0.026230 0.070234 0.092509 0.026622 0.078315 0.100759 0.077250 0.138433 0.056021 0.111144 0.117589 0.118593 0.117444 0.073393 0.060211 0.106863
 907000.043080 10.338650 0.095609 0.115743 0.139797 0.138632 0.128336 0.102225 0.120084 0.102509 0.126306 0.126503 0.147621 0.020873 0.029518 0.051577 0.063323 0.072908 0.027741 0.096510 0.112216 0.092966 0.136650 0.072132 0.122012 0.115723 0.124712 0.123066 0.055241 0.044059 0.119136
 908000.043128 5.807182 0.089379 0.114446 0.136980 0.127452 0.126942 0.098531 0.112064 0.095478 0.116201 0.121186 0.142880 0.026903 0.022123 0.059451 0.081917 0.085210 0.046657 0.100288 0.114456 0.106128 0.143357 0.078196 0.131784 0.113770 0.127184 0.118297 0.050169 0.040383 0.114153
 909000.043175 5.051699 0.088541 0.110264 0.133842 0.130211 0.124677 0.098135 0.115578 0.098579 0.118437 0.119943 0.141978 0.025060 0.020634 0.052060 0.074311 0.081839 0.037085 0.093836 0.109118 0.097182 0.138636 0.071102 0.124367 0.111777 0.123793 0.117950 0.053926 0.040433 0.114327
 910000.043223 6.442630 0.093057 0.116316 0.138871 0.131209 0.129443 0.100889 0.114526 0.098080 0.118717 0.124516 0.146149 0.019937 0.023302 0.056641 0.075144 0.078648 0.040024 0.099438 0.113422 0.102297 0.139848 0.076622 0.128900 0.112740 0.125684 0.119192 0.049150 0.040468 0.117680
 911000.043270 2.436637 0.084413 0.109833 0.134675 0.127881 0.124391 0.096595 0.115083 0.097422 0.117903 0.116180 0.140010 0.032090 0.014330 0.054763 0.084961 0.090842 0.047261 0.095684 0.112401 0.104940 0.146390 0.071886 0.131841 0.115481 0.129295 0.120104 0.058352 0.039892 0.111057
 912000.043318 14.653900 0.091145 0.114385 0.136879 0.128115 0.127281 0.095942 0.105135 0.089378 0.111221 0.124681 0.146023 0.024320 0.035143 0.070595 0.081359 0.079402 0.051465 0.107409 0.120026 0.112132 0.142145 0.081459 0.136031 0.114172 0.132807 0.126577 0.053639 0.022744 0.116765
 913000.043365 4.122661 0.089016 0.112213 0.138438 0.138669 0.124633 0.102050 0.128448 0.108735 0.132315 0.118501 0.141623 0.037119 0.018640 0.040563 0.075009 0.090120 0.034012 0.088719 0.108227 0.091330 0.143870 0.066039 0.122546 0.118746 0.124589 0.119074 0.063529 0.054516 0.112332
 914000.043413 8.417588 0.090173 0.113259 0.137891 0.132684 0.127178 0.098268 0.113037 0.096121 0.118526 0.123498 0.145599 0.021872 0.026635 0.060379 0.076859 0.079554 0.042565 0.100576 0.116013 0.104639 0.142072 0.074522 0.131323 0.115412 0.130206 0.125042 0.054974 0.031431 0.116644
 915000.043460 3.697715 0.073648 0.095130 0.123985 0.129492 0.110871 0.090396 0.121191 0.100513 0.123861 0.104820 0.128468 0.043002 0.017653 0.042751 0.083186 0.097527 0.041352 0.082642 0.104997 0.092947 0.144852 0.054771 0.121784 0.117896 0.126672 0.121504 0.072775 0.040143 0.102097
 916000.043508 3.818441 0.083023 0.105320 0.130006 0.129334 0.120813 0.095747 0.116579 0.098373 0.118996 0.115726 0.137882 0.030744 0.017939 0.053130 0.081425 0.089425 0.042367 0.092915 0.110334 0.100761 0.144390 0.066611 0.127823 0.115215 0.128521 0.121774 0.061004 0.034018 0.111149
 917000.043555 4.968815 0.084660 0.109226 0.135305 0.133355 0.123189 0.096277 0.117081 0.097872 0.122263 0.117932 0.141189 0.029375 0.020464 0.056014 0.081257 0.087362 0.043936 0.097991 0.116008 0.104638 0.147757 0.070160 0.132187 0.119718 0.132782 0.126383 0.060960 0.032214 0.112032
 918000.043603 3.488805 0.081163 0.104608 0.131719 0.132158 0.119683 0.093582 0.117495 0.097776 0.121631 0.114461 0.137979 0.031780 0.017147 0.051559 0.080646 0.089190 0.041378 0.093045 0.112241 0.100451 0.146100 0.064684 0.128492 0.118298 0.130959 0.125394 0.064141 0.032037 0.109222
 919000.043650 2.085522 0.075092 0.098032 0.126840 0.130152 0.113392 0.090715 0.121290 0.100277 0.123799 0.106498 0.131038 0.041918 0.013258 0.042177 0.082869 0.097360 0.040751 0.084589 0.106393 0.093643 0.145464 0.058481 0.122708 0.118372 0.126976 0.120950 0.070121 0.043180 0.102739
 920000.043698 3.819006 0.086844 0.109439 0.135382 0.133023 0.122893 0.097558 0.120273 0.101014 0.124819 0.116880 0.139832 0.032537 0.017940 0.044418 0.075147 0.085945 0.035516 0.089955 0.108435 0.093555 0.141397 0.066984 0.122914 0.115736 0.124020 0.119050 0.060611 0.047064 0.111617
 921000.043745 1.858217 0.071211 0.095846 0.125998 0.129131 0.111336 0.088297 0.119626 0.098337 0.123214 0.103551 0.128876 0.043427 0.012514 0.045427 0.086697 0.099394 0.045567 0.085322 0.108160 0.097425 0.148528 0.057264 0.126007 0.120141 0.130002 0.123482 0.073015 0.038620 0.099930
 922000.043793 1.030056 0.075721 0.099808 0.129090 0.132157 0.114706 0.091849 0.123441 0.101856 0.126461 0.106941 0.131940 0.042435 0.009317 0.039982 0.083858 0.097723 0.040890 0.084594 0.107184 0.094094 0.147266 0.058262 0.124101 0.119479 0.127532 0.121436 0.070740 0.044933 0.103082
 923000.043840 5.329696 0.063581 0.086792 0.119377 0.128665 0.103702 0.085123 0.123542 0.100955 0.125811 0.095191 0.121349 0.053668 0.021194 0.041410 0.090621 0.107067 0.049027 0.078751 0.104504 0.093831 0.148714 0.048599 0.122211 0.122072 0.129583 0.124030 0.082630 0.043437 0.094124
 924000.043888 8.316617 0.094715 0.117104 0.138655 0.130211 0.129429 0.102195 0.114363 0.099176 0.117856 0.125523 0.146119 0.021737 0.026475 0.058007 0.074121 0.078594 0.039981 0.099108 0.111871 0.100625 0.137500 0.078922 0.126898 0.110573 0.122689 0.115774 0.045900 0.044899 0.118062
 925000.043935 2.589046 0.069603 0.096621 0.125091 0.123986 0.112373 0.087141 0.115426 0.094743 0.117723 0.102584 0.128478 0.046313 0.014772 0.052856 0.093985 0.104357 0.053966 0.090414 0.111240 0.105018 0.151808 0.064285 0.131357 0.120457 0.132802 0.123142 0.072042 0.038682 0.099265
 926000.043983 6.373906 0.087351 0.108929 0.135036 0.135111 0.123482 0.097141 0.118302 0.099474 0.123207 0.119477 0.142088 0.026842 0.023177 0.052431 0.074701 0.081884 0.037046 0.094852 0.112924 0.098853 0.142745 0.067154 0.127415 0.117149 0.129484 0.125635 0.061129 0.033617 0.113973
 927000.044030 4.709397 0.076273 0.097207 0.125852 0.133484 0.113196 0.093096 0.125148 0.104448 0.127212 0.108274 0.131105 0.042363 0.019922 0.041292 0.079871 0.095507 0.037865 0.082482 0.105044 0.090673 0.143907 0.054770 0.120277 0.118596 0.126351 0.121932 0.072119 0.044168 0.104297
 928000.044078 2.750802 0.077481 0.098732 0.125692 0.129090 0.115402 0.092170 0.119591 0.099808 0.121081 0.109426 0.132617 0.037876 0.015226 0.044188 0.080770 0.093377 0.039208 0.085059 0.105327 0.093785 0.142859 0.058676 0.122037 0.115284 0.125829 0.120286 0.067533 0.039667 0.106103
 929000.044125 6.056739 0.090723 0.114910 0.137083 0.128214 0.128650 0.099657 0.112672 0.096770 0.115448 0.122913 0.144799 0.023923 0.022593 0.059428 0.080066 0.083203 0.044986 0.100221 0.113787 0.105502 0.141775 0.078285 0.131059 0.112418 0.126830 0.118147 0.048627 0.040258 0.116167
 930000.044173 3.073606 0.083679 0.106229 0.132747 0.132163 0.120272 0.094936 0.117609 0.098662 0.122041 0.115571 0.138483 0.029400 0.016095 0.049218 0.076802 0.085915 0.037338 0.091265 0.109770 0.096809 0.142567 0.064664 0.125555 0.115563 0.127069 0.122228 0.061426 0.035346 0.109903
 931000.044220 7.285063 0.095491 0.118022 0.141694 0.137721 0.129550 0.103792 0.122723 0.104859 0.127722 0.126070 0.147513 0.026107 0.024778 0.049509 0.068594 0.079971 0.031207 0.095945 0.111533 0.093688 0.139269 0.074547 0.123116 0.115922 0.123556 0.119050 0.053447 0.051536 0.117842
 932000.044268 1.381437 0.076436 0.101184 0.128908 0.129776 0.116581 0.092751 0.120644 0.100000 0.123143 0.107882 0.132856 0.041137 0.010790 0.045606 0.086727 0.097806 0.045415 0.088442 0.109272 0.099533 0.148832 0.062371 0.127721 0.119159 0.129374 0.121440 0.068285 0.041880 0.104819
 933000.044315 3.719512 0.077438 0.098864 0.125525 0.128260 0.115144 0.091561 0.117394 0.097809 0.119521 0.109588 0.132678 0.037118 0.017705 0.048136 0.081982 0.093148 0.041636 0.087778 0.107333 0.096668 0.143900 0.060469 0.124142 0.115961 0.127631 0.121875 0.067226 0.035198 0.106252
 934000.044363 1.495764 0.075679 0.100054 0.128799 0.129879 0.114620 0.090320 0.118378 0.097761 0.122668 0.107755 0.132426 0.038225 0.011228 0.046230 0.082605 0.094472 0.042296 0.087678 0.108768 0.096948 0.146407 0.060168 0.125623 0.118711 0.128929 0.122962 0.068573 0.037471 0.103151
 935000.044410 8.112902 0.090239 0.110394 0.134999 0.134866 0.124661 0.098535 0.117937 0.099663 0.122407 0.122117 0.143460 0.024528 0.026148 0.051849 0.070909 0.078828 0.033033 0.094689 0.111354 0.095599 0.138983 0.069234 0.123828 0.114828 0.125872 0.122848 0.057541 0.037958 0.116174
 936000.044458 3.216990 0.083068 0.105068 0.130384 0.129670 0.119988 0.095053 0.116760 0.098582 0.119579 0.114957 0.137529 0.030157 0.016466 0.049867 0.077969 0.087434 0.038777 0.090538 0.108100 0.096897 0.141638 0.065283 0.124634 0.113754 0.125871 0.120015 0.060544 0.036678 0.109953
 937000.044505 3.491448 0.083304 0.105985 0.134228 0.137136 0.119331 0.095692 0.123290 0.102363 0.128977 0.114901 0.138116 0.033707 0.017154 0.044478 0.075809 0.088026 0.034584 0.089725 0.110845 0.094274 0.145463 0.060833 0.124849 0.120398 0.129153 0.125740 0.067029 0.038908 0.109112
 938000.044553 7.932882 0.077108 0.098898 0.127565 0.131776 0.113598 0.090269 0.117233 0.096913 0.122739 0.110521 0.133089 0.038760 0.025857 0.053798 0.082115 0.092285 0.044244 0.090795 0.111647 0.098908 0.146423 0.060382 0.126712 0.120193 0.132004 0.128424 0.071710 0.029111 0.105457
 939000.044600 3.824942 0.082726 0.105166 0.130757 0.129732 0.120078 0.094353 0.115637 0.096896 0.119148 0.114966 0.137530 0.030729 0.017954 0.051686 0.080374 0.087512 0.041260 0.092254 0.110065 0.099553 0.143205 0.065829 0.127067 0.114627 0.127455 0.121675 0.061076 0.033224 0.110247
 940000.044648 8.890357 0.092545 0.115596 0.137603 0.129480 0.129007 0.099746 0.111213 0.095079 0.115345 0.125011 0.146104 0.021499 0.027373 0.062475 0.079078 0.080354 0.044864 0.102622 0.115954 0.106663 0.141484 0.079091 0.132157 0.112996 0.128205 0.121163 0.049230 0.034572 0.118260
 941000.044695 2.318877 0.078694 0.105249 0.131381 0.127672 0.120540 0.094094 0.116981 0.097915 0.119106 0.111369 0.136234 0.038836 0.013980 0.054224 0.089787 0.097725 0.050670 0.094712 0.113180 0.106280 0.150536 0.070213 0.132938 0.119023 0.131889 0.121580 0.063625 0.040931 0.107103
 942000.044743 1.862600 0.081003 0.106497 0.133100 0.130513 0.121212 0.094982 0.117803 0.098494 0.121205 0.113853 0.137962 0.034027 0.012529 0.052285 0.085062 0.092796 0.045430 0.094161 0.112994 0.103489 0.148522 0.068548 0.131273 0.118465 0.130794 0.122477 0.061625 0.037903 0.108924
 943000.044790 3.920445 0.089772 0.111813 0.134931 0.131697 0.125784 0.100759 0.119434 0.102226 0.121387 0.120614 0.142143 0.027579 0.018177 0.049858 0.076170 0.084364 0.037204 0.092808 0.108364 0.096986 0.139946 0.070526 0.124758 0.111949 0.123117 0.116347 0.053747 0.044069 0.115003
 944000.044838 4.256899 0.071207 0.093067 0.124049 0.132501 0.109255 0.089601 0.124812 0.102831 0.128000 0.102821 0.127273 0.046889 0.018941 0.040599 0.084502 0.100323 0.042520 0.080736 0.105538 0.092330 0.147462 0.049776 0.122079 0.121348 0.129275 0.125018 0.078438 0.041241 0.100174
 945000.044885 5.949315 0.085544 0.112727 0.138056 0.129914 0.125956 0.095224 0.111975 0.093592 0.117125 0.119512 0.143555 0.029284 0.022392 0.062501 0.085051 0.088476 0.049916 0.103934 0.120119 0.110769 0.149300 0.078706 0.136962 0.119825 0.134635 0.125536 0.055757 0.034456 0.112009
 946000.044933 3.858104 0.089543 0.111421 0.137598 0.138377 0.124759 0.100338 0.124841 0.105090 0.129694 0.120503 0.142982 0.029603 0.018032 0.043588 0.071869 0.084634 0.030296 0.090421 0.109483 0.092093 0.142478 0.064256 0.123048 0.117787 0.126254 0.123022 0.063032 0.045119 0.114186
 947000.044980 1.855889 0.085068 0.109401 0.135439 0.133181 0.123757 0.097557 0.120045 0.100938 0.123311 0.117436 0.140945 0.030223 0.012506 0.050214 0.080323 0.089193 0.040157 0.094074 0.112454 0.100493 0.146309 0.068815 0.129257 0.117799 0.129298 0.122048 0.059431 0.040294 0.111700
 948000.045028 1.588490 0.075612 0.099562 0.129584 0.134488 0.113989 0.093380 0.127462 0.105363 0.130467 0.106062 0.131123 0.046335 0.011570 0.035936 0.084252 0.100324 0.040657 0.081822 0.105673 0.091424 0.147685 0.055432 0.122419 0.120624 0.126728 0.121067 0.074143 0.049342 0.102459
 949000.045075 7.896098 0.084573 0.105189 0.131522 0.132951 0.119296 0.094842 0.116594 0.097924 0.122065 0.116699 0.138431 0.030911 0.025797 0.053400 0.075787 0.084227 0.038836 0.092438 0.110720 0.096974 0.141679 0.064285 0.125108 0.116228 0.128280 0.125375 0.064718 0.031473 0.111227
 950000.045123 3.012312 0.081817 0.108462 0.135401 0.129814 0.121445 0.094254 0.115845 0.096523 0.121406 0.113385 0.137907 0.035579 0.015933 0.053614 0.085130 0.092009 0.047847 0.095422 0.114100 0.104503 0.148681 0.069782 0.132196 0.119271 0.131266 0.123365 0.062948 0.038989 0.107744
 951000.045170 5.171553 0.090392 0.112399 0.136719 0.134979 0.125594 0.100796 0.120196 0.102517 0.124366 0.122333 0.143478 0.024759 0.020877 0.051033 0.073111 0.082194 0.034614 0.093752 0.110247 0.096128 0.140408 0.068913 0.124763 0.114627 0.125354 0.120662 0.056467 0.041148 0.115390
 952000.045218 1.725177 0.075549 0.099326 0.129165 0.133517 0.114408 0.094112 0.127297 0.106024 0.129509 0.105901 0.130962 0.046669 0.012058 0.037699 0.085517 0.101410 0.042346 0.081505 0.105239 0.092518 0.147955 0.056044 0.123170 0.120114 0.126880 0.120134 0.073742 0.050173 0.102757
 953000.045265 2.672901 0.077278 0.103169 0.133150 0.135059 0.117037 0.093089 0.122486 0.100741 0.128250 0.110228 0.135045 0.040643 0.015009 0.048242 0.085799 0.096829 0.045089 0.090830 0.113425 0.100626 0.151838 0.061079 0.130202 0.123937 0.133760 0.127920 0.071919 0.037748 0.105196
 954000.045313 6.795865 0.085383 0.104794 0.132719 0.140166 0.118894 0.098545 0.130355 0.109200 0.134126 0.115646 0.137682 0.040579 0.023932 0.034748 0.070240 0.089900 0.026695 0.081518 0.103612 0.082308 0.139948 0.055517 0.115002 0.118416 0.122806 0.121620 0.071818 0.052777 0.109948
 955000.045360 1.244485 0.076522 0.101807 0.131083 0.133042 0.116459 0.093680 0.123540 0.102281 0.127142 0.108082 0.133109 0.042119 0.010241 0.043916 0.086309 0.098281 0.044276 0.087600 0.110108 0.098625 0.150274 0.060173 0.128174 0.121470 0.130524 0.123248 0.070299 0.042653 0.104438
 956000.045408 6.310790 0.084007 0.107804 0.131811 0.127025 0.121634 0.093498 0.110321 0.092426 0.114740 0.117632 0.139603 0.028771 0.023062 0.059814 0.082773 0.087698 0.046173 0.098416 0.114056 0.104927 0.144306 0.073242 0.130591 0.114947 0.129659 0.122783 0.057540 0.030102 0.111123
 957000.045455 3.342627 0.080100 0.102053 0.129879 0.134263 0.116388 0.095466 0.125419 0.104985 0.128481 0.111006 0.134104 0.040287 0.016784 0.038764 0.077734 0.093873 0.035470 0.082933 0.104304 0.088965 0.142606 0.057844 0.119152 0.117341 0.123896 0.119326 0.068975 0.048447 0.106231
 958000.045503 0.780932 0.076003 0.100463 0.129349 0.132273 0.115273 0.093391 0.124309 0.102998 0.127187 0.106761 0.131840 0.043047 0.008113 0.041168 0.085582 0.099029 0.043088 0.085342 0.107789 0.096243 0.149004 0.058290 0.125949 0.120295 0.128872 0.121858 0.071464 0.044040 0.103590
 959000.045550 3.952204 0.083052 0.106582 0.132888 0.130517 0.120959 0.093308 0.115136 0.095478 0.119684 0.115664 0.139110 0.030759 0.018251 0.053426 0.080781 0.088473 0.042192 0.095249 0.113448 0.101529 0.145890 0.068354 0.129304 0.117834 0.130657 0.124812 0.061981 0.033208 0.110055
 960000.045598 1.756203 0.075121 0.099515 0.128639 0.130304 0.114804 0.090378 0.118649 0.097953 0.122421 0.108042 0.132712 0.038717 0.012166 0.047505 0.084087 0.095506 0.043290 0.088404 0.109837 0.098338 0.147585 0.060660 0.126893 0.119455 0.130170 0.123756 0.068707 0.036570 0.103606
 961000.045645 1.552001 0.078036 0.104337 0.131492 0.127539 0.119113 0.093586 0.118130 0.098822 0.120281 0.109123 0.134336 0.041393 0.011437 0.050488 0.089568 0.098475 0.049815 0.091399 0.110898 0.103606 0.149517 0.067893 0.131131 0.118169 0.129768 0.119535 0.064702 0.044304 0.105200
 962000.045693 2.367403 0.079428 0.103550 0.131071 0.129594 0.118307 0.091759 0.116142 0.096497 0.120306 0.111995 0.136159 0.033965 0.014125 0.049896 0.080767 0.090965 0.041805 0.091112 0.110516 0.098733 0.145166 0.064814 0.126800 0.117649 0.129201 0.123013 0.064328 0.037029 0.106510
 963000.045740 5.069961 0.083173 0.106780 0.132389 0.130630 0.121478 0.094967 0.116579 0.097971 0.119625 0.116080 0.139379 0.031917 0.020671 0.053575 0.079675 0.088990 0.041963 0.094999 0.112471 0.100519 0.144462 0.070669 0.127634 0.117315 0.128959 0.121798 0.059401 0.039759 0.110223
 964000.045788 2.393972 0.084156 0.107802 0.133144 0.129384 0.121664 0.095193 0.115758 0.097333 0.119736 0.115952 0.138908 0.029309 0.014204 0.050912 0.078981 0.087719 0.040323 0.092701 0.110062 0.098842 0.143158 0.067910 0.126666 0.114983 0.126934 0.120500 0.059277 0.038236 0.110091
 965000.045835 4.633062 0.091845 0.114350 0.138753 0.135364 0.126283 0.100821 0.120587 0.102337 0.125747 0.122208 0.144026 0.025505 0.019760 0.046928 0.070241 0.080436 0.031423 0.093153 0.109526 0.093202 0.138994 0.070360 0.122557 0.114493 0.122835 0.118534 0.055041 0.046821 0.114985
 966000.045883 3.802526 0.079351 0.101300 0.130274 0.135895 0.115833 0.092883 0.123338 0.101980 0.128126 0.111100 0.134855 0.036867 0.017902 0.040906 0.074875 0.089223 0.033441 0.085983 0.107968 0.090771 0.143619 0.057238 0.121177 0.119700 0.127457 0.124522 0.069476 0.040550 0.106154
 967000.045930 2.934782 0.082860 0.105165 0.133523 0.138197 0.119128 0.097589 0.127978 0.107121 0.131811 0.113603 0.137069 0.038529 0.015727 0.036738 0.075399 0.091243 0.032175 0.084313 0.106285 0.088857 0.143702 0.058428 0.120433 0.119104 0.125088 0.121127 0.068223 0.049241 0.108387
 968000.045978 6.849560 0.088307 0.108373 0.136467 0.142898 0.121355 0.099956 0.130421 0.109059 0.136094 0.118171 0.140580 0.037708 0.024026 0.035340 0.067997 0.086129 0.023986 0.084930 0.106971 0.083931 0.141386 0.058260 0.117353 0.120419 0.124500 0.123957 0.070111 0.051533 0.112133
 969000.046025 3.390078 0.088286 0.113470 0.137090 0.128907 0.126340 0.098590 0.115508 0.098126 0.119026 0.119615 0.142156 0.028964 0.016903 0.054672 0.081035 0.087227 0.044199 0.097006 0.112504 0.103016 0.143853 0.074639 0.129998 0.114563 0.126887 0.118281 0.053732 0.043448 0.112844
 970000.046073 3.029860 0.071324 0.098545 0.127294 0.125400 0.113802 0.087260 0.113721 0.093124 0.117475 0.105056 0.130665 0.043457 0.015980 0.055557 0.093347 0.101478 0.054042 0.092917 0.113451 0.107149 0.152450 0.064972 0.133520 0.120711 0.134566 0.125641 0.070773 0.032307 0.100844
 971000.046120 3.281034 0.071547 0.094033 0.124328 0.130596 0.109780 0.087857 0.121647 0.099491 0.125197 0.103041 0.128043 0.044728 0.016629 0.041424 0.083674 0.098506 0.041933 0.082854 0.106372 0.093094 0.146609 0.053153 0.122395 0.120277 0.128820 0.124490 0.075982 0.039293 0.100075
 972000.046168 1.746054 0.076374 0.099230 0.128045 0.132505 0.114389 0.092222 0.123469 0.102236 0.126458 0.108239 0.132257 0.040835 0.012131 0.040249 0.080885 0.095954 0.038017 0.083649 0.105927 0.091705 0.145081 0.056537 0.121765 0.118561 0.126652 0.121750 0.070993 0.043305 0.104039
 973000.046215 5.922739 0.087207 0.108857 0.133288 0.129806 0.122719 0.095741 0.113129 0.095704 0.117715 0.118508 0.140690 0.024449 0.022342 0.053653 0.074282 0.080474 0.038297 0.094656 0.110476 0.098537 0.139215 0.069590 0.125513 0.112801 0.125668 0.120860 0.056290 0.033952 0.112776
 974000.046263 1.479847 0.085371 0.111267 0.138039 0.134523 0.124596 0.098631 0.121898 0.102502 0.126413 0.117032 0.141225 0.033589 0.011168 0.048691 0.081551 0.091165 0.042147 0.093535 0.112658 0.100524 0.147953 0.068274 0.129901 0.119639 0.129905 0.122537 0.062331 0.044621 0.110952
 975000.046310 4.748237 0.084735 0.105918 0.133279 0.136489 0.120313 0.096661 0.123037 0.103032 0.127542 0.116118 0.138908 0.032424 0.020004 0.043120 0.072295 0.085709 0.031070 0.088376 0.108633 0.091217 0.141893 0.061920 0.121437 0.118222 0.126166 0.122810 0.064276 0.043282 0.110742
 976000.046358 12.406220 0.096846 0.118148 0.140512 0.135737 0.131135 0.103263 0.115851 0.100116 0.120857 0.129207 0.149869 0.017357 0.032335 0.060589 0.068932 0.072801 0.037208 0.102254 0.115423 0.100985 0.137205 0.078564 0.127459 0.113836 0.126607 0.122655 0.049575 0.039684 0.121443
 977000.046405 12.021720 0.099418 0.121190 0.141060 0.130600 0.133725 0.104392 0.112383 0.098696 0.115677 0.130466 0.150621 0.016175 0.031830 0.062569 0.071521 0.072606 0.040955 0.102961 0.113371 0.102699 0.134383 0.082831 0.127692 0.108485 0.122715 0.116698 0.042217 0.044051 0.122384
 978000.046453 1.654072 0.083882 0.107126 0.133162 0.131983 0.121214 0.096464 0.120863 0.101380 0.123751 0.114820 0.138172 0.033602 0.011807 0.044329 0.078328 0.089943 0.037104 0.089297 0.108053 0.094837 0.143222 0.065493 0.124001 0.115805 0.125161 0.118776 0.061211 0.044915 0.109690
 979000.046500 2.778588 0.085516 0.109431 0.135226 0.133254 0.122747 0.097909 0.121095 0.101935 0.124784 0.116795 0.139914 0.032457 0.015303 0.047171 0.078196 0.089365 0.038125 0.092026 0.110382 0.096911 0.144449 0.068260 0.125767 0.117426 0.126603 0.119817 0.059684 0.045386 0.110824
 980000.046548 4.616086 0.082310 0.104134 0.132695 0.137233 0.119018 0.095790 0.123530 0.102898 0.128572 0.114293 0.137877 0.035244 0.019724 0.045741 0.077044 0.089071 0.036460 0.089174 0.110534 0.094922 0.145937 0.059390 0.125212 0.120593 0.130285 0.127045 0.069536 0.037372 0.109826
 981000.046595 1.737982 0.083606 0.109150 0.136183 0.134831 0.123101 0.098717 0.124796 0.104626 0.127715 0.115112 0.139189 0.038403 0.012103 0.046223 0.084524 0.095313 0.043059 0.091637 0.111776 0.099779 0.149274 0.067373 0.129371 0.120264 0.129277 0.121077 0.063917 0.048340 0.109937
 982000.046642 1.910299 0.075305 0.100306 0.128892 0.129353 0.115203 0.089411 0.117176 0.096174 0.121185 0.108201 0.133415 0.038371 0.012688 0.048527 0.083700 0.095541 0.043712 0.090350 0.110894 0.098913 0.147554 0.063441 0.126929 0.120025 0.130569 0.123940 0.068030 0.037542 0.103335
 983000.046690 1.586352 0.077663 0.102948 0.130583 0.129477 0.118316 0.092058 0.117282 0.097389 0.120289 0.110805 0.135646 0.036355 0.011563 0.050914 0.085555 0.094956 0.045339 0.092216 0.111875 0.102099 0.148453 0.065962 0.129876 0.118790 0.131048 0.123099 0.064760 0.036957 0.106071
 984000.046737 2.633559 0.078984 0.099748 0.127123 0.131608 0.115681 0.094648 0.123405 0.103603 0.125220 0.109131 0.132526 0.039570 0.014898 0.038001 0.078492 0.092833 0.035960 0.081550 0.102649 0.089534 0.141524 0.056451 0.119133 0.114865 0.122856 0.117818 0.068060 0.045579 0.106491
 985000.046785 2.583165 0.086830 0.110416 0.135299 0.132648 0.124602 0.099628 0.121887 0.103515 0.123989 0.117748 0.140917 0.032767 0.014755 0.047315 0.079091 0.089886 0.039136 0.091674 0.109185 0.097259 0.143816 0.069177 0.125897 0.115718 0.125681 0.117995 0.058777 0.047791 0.112321
 986000.046832 2.766757 0.086188 0.108746 0.135235 0.135829 0.122050 0.098113 0.123520 0.103716 0.127727 0.116942 0.139862 0.031627 0.015270 0.042500 0.073510 0.086725 0.031942 0.089211 0.108584 0.092135 0.142451 0.064493 0.122501 0.117385 0.125090 0.120364 0.061681 0.046093 0.110884
 987000.046880 3.508435 0.082152 0.106853 0.132875 0.128460 0.121720 0.093239 0.113430 0.094522 0.117349 0.115146 0.138850 0.031116 0.017195 0.055073 0.083349 0.089316 0.045389 0.095824 0.113520 0.104007 0.146091 0.070108 0.130984 0.116771 0.130555 0.123148 0.060040 0.034100 0.109738
 988000.046927 2.472290 0.087291 0.111076 0.137583 0.136808 0.124188 0.099830 0.125201 0.105364 0.129583 0.117658 0.141397 0.034310 0.014435 0.042019 0.075443 0.088921 0.034863 0.089660 0.108953 0.093100 0.144089 0.065868 0.123659 0.118450 0.125767 0.120315 0.063187 0.050316 0.111651
 989000.046975 11.105589 0.094823 0.113777 0.138265 0.137782 0.126819 0.100542 0.119087 0.101344 0.124995 0.125550 0.146401 0.022364 0.030593 0.050447 0.062412 0.072205 0.026140 0.094525 0.110575 0.090706 0.134572 0.069987 0.119884 0.114268 0.123371 0.122865 0.056863 0.043400 0.118331
 990000.047022 2.388260 0.074014 0.096339 0.126308 0.132919 0.111446 0.091720 0.126230 0.104342 0.128884 0.104854 0.128978 0.045914 0.014187 0.036180 0.082853 0.099797 0.039222 0.079670 0.103768 0.089402 0.145613 0.051624 0.120097 0.119377 0.125923 0.121278 0.075399 0.046365 0.101455
 991000.047070 4.740656 0.085317 0.106031 0.132600 0.137586 0.119657 0.098977 0.128525 0.107923 0.131423 0.115276 0.137595 0.039091 0.019988 0.035754 0.073513 0.090915 0.029782 0.083580 0.104097 0.085719 0.140837 0.059197 0.117104 0.116908 0.122134 0.118842 0.067604 0.052043 0.110156
 992000.047117 3.349741 0.085133 0.107276 0.134349 0.135989 0.121054 0.097525 0.125005 0.104580 0.128819 0.115637 0.139062 0.036059 0.016802 0.039928 0.074292 0.090009 0.031965 0.086990 0.107126 0.089653 0.142532 0.063062 0.120513 0.118002 0.124655 0.120304 0.065347 0.049689 0.110144
 993000.047165 5.363200 0.086467 0.108110 0.133247 0.133217 0.122842 0.096516 0.118224 0.098928 0.122156 0.119016 0.141053 0.028560 0.021260 0.051256 0.076498 0.085013 0.037160 0.093791 0.111537 0.097781 0.142847 0.066816 0.126106 0.116333 0.128309 0.124167 0.061575 0.035596 0.113478
 994000.047212 8.573453 0.096124 0.117117 0.141195 0.137899 0.129809 0.102874 0.119575 0.102338 0.125418 0.127128 0.148366 0.019227 0.026880 0.051954 0.065970 0.073089 0.030000 0.096702 0.112135 0.094748 0.136767 0.072464 0.123832 0.114315 0.124439 0.122171 0.053730 0.043374 0.119754
 995000.047260 3.432168 0.078640 0.100703 0.130297 0.136526 0.115585 0.094036 0.126348 0.104330 0.130348 0.109854 0.134021 0.041270 0.017008 0.038706 0.079343 0.094737 0.035806 0.084757 0.108071 0.091326 0.146685 0.056603 0.122423 0.121453 0.128231 0.124339 0.072308 0.044418 0.106017
 996000.047307 1.621471 0.080621 0.104907 0.131825 0.130164 0.119278 0.094011 0.118812 0.099335 0.121993 0.111970 0.136364 0.035906 0.011690 0.045982 0.080939 0.092015 0.040719 0.089368 0.108385 0.096492 0.144194 0.066088 0.124994 0.116224 0.125892 0.118838 0.062524 0.044483 0.107076
 997000.047355 10.145304 0.094274 0.117245 0.140020 0.132871 0.130822 0.100528 0.112926 0.096519 0.117393 0.127572 0.148944 0.018881 0.029241 0.062046 0.075152 0.076492 0.041678 0.103389 0.116917 0.105005 0.139733 0.079670 0.131093 0.113720 0.128288 0.122711 0.048914 0.036552 0.119818
 998000.047402 5.621299 0.089303 0.109395 0.134935 0.136875 0.121776 0.100339 0.125974 0.106893 0.129574 0.118119 0.139658 0.034641 0.021766 0.037878 0.068856 0.084711 0.026547 0.085007 0.103599 0.084710 0.136786 0.063265 0.115870 0.113686 0.118801 0.115794 0.061471 0.052997 0.111938
 999000.047450 2.368540 0.083842 0.108345 0.133733 0.129355 0.122008 0.095658 0.116946 0.098551 0.120082 0.115496 0.138834 0.032088 0.014129 0.050238 0.080254 0.089673 0.041425 0.092708 0.110044 0.098901 0.143527 0.070038 0.126651 0.115221 0.126083 0.118316 0.057932 0.043706 0.109323
 1000000.047497 4.748758 0.076166 0.100929 0.128121 0.126052 0.115959 0.087826 0.110442 0.090704 0.114805 0.109980 0.134155 0.035037 0.020005 0.056096 0.084954 0.091593 0.047624 0.094771 0.113231 0.104017 0.146396 0.067834 0.129939 0.117501 0.131434 0.124312 0.063620 0.028346 0.104776
 1001000.047545 1.132000 0.075906 0.099477 0.128429 0.132160 0.115283 0.092673 0.123958 0.102768 0.126238 0.107591 0.132394 0.041922 0.009767 0.041791 0.084253 0.098400 0.041547 0.084937 0.107389 0.095154 0.147941 0.057482 0.124965 0.119826 0.128994 0.122669 0.071843 0.043414 0.103984
 1002000.047592 2.150962 0.070367 0.095229 0.124768 0.128228 0.111374 0.090290 0.122410 0.101182 0.124446 0.101555 0.127273 0.048575 0.013464 0.044262 0.091570 0.105036 0.049605 0.083743 0.106905 0.098684 0.150747 0.056214 0.127024 0.120608 0.130248 0.122384 0.076383 0.043216 0.100062
 1003000.047640 5.851244 0.080934 0.104897 0.131160 0.129549 0.119423 0.092012 0.113115 0.093790 0.117954 0.114706 0.137886 0.031716 0.022207 0.058337 0.083557 0.089601 0.046559 0.097499 0.115487 0.105494 0.147674 0.069076 0.132058 0.118841 0.133415 0.127030 0.063221 0.025784 0.109002
 1004000.047687 2.222244 0.072459 0.098728 0.128569 0.131099 0.113321 0.090319 0.121186 0.100062 0.125054 0.105556 0.130795 0.043684 0.013685 0.048445 0.087964 0.100198 0.047774 0.088302 0.110630 0.100323 0.150696 0.059811 0.128742 0.122064 0.132238 0.124973 0.072710 0.039334 0.100701
 1005000.047735 2.572255 0.084269 0.106411 0.133695 0.135568 0.120439 0.096559 0.122874 0.102570 0.127367 0.115496 0.138529 0.032890 0.014724 0.042625 0.074934 0.087591 0.033192 0.088135 0.108348 0.092339 0.143099 0.061191 0.122763 0.117752 0.126295 0.122446 0.065057 0.042185 0.110128
 1006000.047782 3.771593 0.085065 0.110277 0.136194 0.132610 0.123736 0.095657 0.116514 0.096894 0.121596 0.118471 0.141720 0.028393 0.017829 0.055402 0.081389 0.088035 0.043067 0.098433 0.116289 0.104356 0.147837 0.071300 0.132196 0.119571 0.132494 0.125806 0.059649 0.033671 0.111695
 1007000.047830 4.774662 0.088301 0.109985 0.135572 0.134502 0.124291 0.098050 0.118690 0.100362 0.122894 0.120161 0.142614 0.025504 0.020060 0.050574 0.073565 0.081709 0.034969 0.093514 0.110882 0.096811 0.141004 0.067431 0.125658 0.115094 0.126912 0.122752 0.058722 0.037244 0.114175
 1008000.047877 7.885812 0.093947 0.114389 0.139634 0.139582 0.127285 0.101384 0.123199 0.104376 0.128430 0.124384 0.146373 0.025618 0.025780 0.045140 0.064071 0.076267 0.024016 0.092886 0.110103 0.089494 0.137136 0.069293 0.120082 0.115860 0.123394 0.121713 0.057501 0.048143 0.117276
 1009000.047925 1.794860 0.079982 0.106570 0.133611 0.130310 0.120948 0.094067 0.117011 0.097550 0.120875 0.113274 0.137946 0.034917 0.012299 0.053220 0.086173 0.093876 0.047017 0.095005 0.113871 0.104669 0.149456 0.069064 0.132170 0.119313 0.131899 0.123305 0.062453 0.037393 0.107830
 1010000.047972 1.160303 0.078562 0.103453 0.132000 0.133465 0.117549 0.093283 0.122095 0.100852 0.126402 0.111064 0.135534 0.037750 0.009889 0.045345 0.082383 0.095179 0.040660 0.089397 0.110779 0.097284 0.148543 0.061488 0.126933 0.121022 0.130523 0.124630 0.068524 0.040071 0.105778
 1011000.048020 2.815245 0.084296 0.109721 0.136396 0.133416 0.123323 0.095722 0.117727 0.098238 0.122349 0.117738 0.141518 0.029224 0.015403 0.053892 0.081273 0.088646 0.042166 0.097136 0.115424 0.103364 0.147646 0.070466 0.131664 0.119274 0.131896 0.124940 0.059620 0.035084 0.110896
 1012000.048067 3.586468 0.068061 0.093912 0.124269 0.126579 0.109846 0.084930 0.115691 0.094471 0.118877 0.102111 0.127945 0.044788 0.017386 0.051629 0.090136 0.101190 0.050302 0.089053 0.111038 0.102064 0.150034 0.061045 0.128979 0.120917 0.132755 0.125099 0.072623 0.034658 0.097933
 1013000.048115 4.937910 0.079715 0.100301 0.129074 0.137033 0.114652 0.095470 0.128572 0.106860 0.132782 0.109747 0.132768 0.043483 0.020400 0.034738 0.076531 0.094320 0.034013 0.080112 0.103418 0.085914 0.143280 0.051393 0.117434 0.119462 0.124744 0.122600 0.075422 0.047872 0.105963
 1014000.048162 4.499089 0.087019 0.110927 0.134464 0.128066 0.124850 0.096824 0.112642 0.095292 0.116417 0.119203 0.141433 0.026174 0.019472 0.056841 0.080998 0.085233 0.044177 0.097551 0.112881 0.104056 0.143193 0.073482 0.130339 0.113649 0.127758 0.120223 0.054282 0.034986 0.113424
 1015000.048210 6.210854 0.082134 0.101969 0.130005 0.136150 0.117684 0.095355 0.123377 0.103212 0.127505 0.113520 0.136347 0.035921 0.022879 0.044822 0.074894 0.087908 0.034862 0.086881 0.108171 0.092311 0.143312 0.057265 0.122329 0.118980 0.128457 0.125849 0.070153 0.038433 0.109603
 1016000.048257 5.702914 0.083183 0.107579 0.132212 0.127461 0.121457 0.093057 0.111410 0.092717 0.115351 0.116444 0.139031 0.030866 0.021923 0.058691 0.084264 0.089088 0.046939 0.098564 0.114871 0.105828 0.145753 0.073194 0.131763 0.116053 0.130429 0.122738 0.057752 0.031443 0.110202
 1017000.048305 7.108355 0.085427 0.104044 0.130311 0.136101 0.118327 0.097653 0.124644 0.105049 0.128740 0.115820 0.136902 0.035483 0.024476 0.041397 0.070251 0.086144 0.029232 0.084129 0.104152 0.086160 0.138526 0.057297 0.116552 0.115813 0.122856 0.121391 0.068177 0.044745 0.110931
 1018000.048352 0.872491 0.082380 0.107016 0.134069 0.133399 0.121184 0.097369 0.123453 0.103604 0.126407 0.113833 0.137737 0.036819 0.008575 0.045117 0.082808 0.094670 0.040902 0.089507 0.109692 0.097664 0.147596 0.064664 0.127323 0.118761 0.128150 0.120647 0.064557 0.045619 0.108823
 1019000.048400 14.257576 0.099344 0.119085 0.139467 0.133156 0.131978 0.103586 0.113629 0.098732 0.117496 0.130872 0.150213 0.015796 0.034664 0.061337 0.068047 0.070384 0.036481 0.102026 0.113347 0.099526 0.133182 0.080444 0.125069 0.109548 0.122684 0.119173 0.045266 0.041605 0.123056
 1020000.048447 8.834417 0.093385 0.117147 0.138224 0.127582 0.130567 0.100410 0.110363 0.095064 0.113520 0.125749 0.146658 0.021685 0.027286 0.063232 0.080141 0.080681 0.046432 0.103103 0.115444 0.107516 0.140522 0.081502 0.132374 0.111400 0.126814 0.118487 0.045775 0.039217 0.118496
