#! FIELDS time restraint.bias r0 r1 r2 r3 r4 r5 r6 r7 r8 r9 r10 r11 r12 r13 r14 r15 r16 r17 r18 r19 r20 r21 r22 r23 r24 r25 r26 r27 r28 r29 r30 r31 r32 r33 r34 r35 r36 r37 r38 r39 r40 r41 r42 r43 r44 r45 r46 r47 r48 r49 r50 r51 r52 r53 r54 r55 r56 r57 r58 r59
240000.011399 4.671808 0.049238 0.012888 0.040415 0.055683 0.082443 0.041811 0.059720 0.074154 0.036658 0.091162 0.057715 0.120398 0.112751 0.112388 0.035433 0.033210 0.092675 0.062981 0.102678 0.060236 0.106875 0.127539 0.102734 0.096024 0.137685 0.141673 0.098043 0.150200 0.160777 0.115563 0.131884 0.078246 0.096216 0.106212 0.125560 0.113736 0.104785 0.128327 0.083866 0.080071 0.122550 0.150707 0.115897 0.106399 0.117232 0.101100 0.095058 0.091893 0.119011 0.141578 0.148669 0.101879 0.129447 0.109184 0.110306 0.111575 0.119315 0.066674 0.099860 0.085009
241000.011447 13.300669 0.037878 0.021747 0.027794 0.070818 0.093790 0.049939 0.055354 0.064054 0.031820 0.105313 0.051059 0.124895 0.120168 0.112131 0.019147 0.044020 0.089810 0.042750 0.111089 0.050779 0.116762 0.132261 0.104856 0.099630 0.143024 0.145795 0.102545 0.155675 0.165816 0.121159 0.136815 0.088886 0.109423 0.113726 0.136452 0.123395 0.117767 0.136207 0.088257 0.087932 0.126334 0.156233 0.128414 0.114689 0.130328 0.109786 0.105239 0.104688 0.128256 0.154212 0.155874 0.108422 0.140763 0.125266 0.120703 0.115108 0.118776 0.066112 0.114603 0.091069
242000.011494 14.618065 0.032285 0.022798 0.020618 0.072801 0.094899 0.055093 0.045353 0.055383 0.032825 0.103490 0.047241 0.118422 0.115944 0.104130 0.020901 0.044569 0.079588 0.041449 0.109466 0.040327 0.115766 0.124064 0.098240 0.095138 0.135054 0.137167 0.093762 0.147166 0.158007 0.113384 0.129486 0.088085 0.108531 0.107975 0.131238 0.118976 0.114101 0.127890 0.081742 0.084714 0.118203 0.148712 0.127676 0.110550 0.127757 0.110013 0.102090 0.106145 0.124710 0.150282 0.149296 0.099870 0.136947 0.123552 0.116140 0.108473 0.111109 0.056606 0.114561 0.086763
243000.011542 4.981290 0.043427 0.013308 0.027893 0.061971 0.086301 0.044131 0.055156 0.064736 0.027033 0.096590 0.047695 0.119606 0.114334 0.108975 0.026516 0.033947 0.087443 0.050654 0.105233 0.050913 0.111387 0.131170 0.106103 0.100701 0.141257 0.142961 0.101672 0.152905 0.162340 0.119728 0.135265 0.086663 0.104319 0.109477 0.126677 0.115452 0.110960 0.132913 0.088534 0.087288 0.123091 0.153363 0.123197 0.109540 0.123442 0.106818 0.101025 0.101212 0.119631 0.146817 0.152925 0.106770 0.132338 0.118386 0.113827 0.115159 0.115047 0.066203 0.108977 0.091241
244000.011589 8.382016 0.053230 0.017263 0.035841 0.054053 0.078706 0.033991 0.065797 0.073108 0.023067 0.091709 0.047028 0.120688 0.113576 0.113736 0.031635 0.026126 0.095026 0.056783 0.101425 0.060446 0.108851 0.137854 0.113261 0.105820 0.147477 0.148294 0.109322 0.158726 0.165497 0.125896 0.140955 0.086654 0.101375 0.111093 0.123188 0.111701 0.108487 0.138497 0.095547 0.090339 0.127374 0.157194 0.119126 0.108278 0.119545 0.103718 0.100760 0.096913 0.114299 0.143773 0.156198 0.113883 0.128139 0.114854 0.112728 0.120555 0.117854 0.075533 0.104552 0.095904
245000.011637 8.065546 0.051258 0.016934 0.036070 0.054301 0.077567 0.033640 0.065193 0.073150 0.023338 0.090748 0.048089 0.119468 0.111680 0.112783 0.029664 0.028947 0.094397 0.055173 0.099699 0.058808 0.107097 0.136314 0.111176 0.104661 0.146590 0.147958 0.107938 0.158309 0.164492 0.125101 0.139018 0.084739 0.099921 0.111443 0.125137 0.113298 0.108461 0.138488 0.093578 0.088689 0.127852 0.155686 0.117469 0.108233 0.118918 0.102050 0.100205 0.094977 0.115835 0.143091 0.154088 0.112498 0.128619 0.113720 0.113895 0.119086 0.116627 0.074278 0.102943 0.094306
246000.011684 6.138162 0.041692 0.014773 0.036847 0.063032 0.088344 0.047417 0.055403 0.070773 0.036302 0.097483 0.057564 0.122642 0.115815 0.112409 0.027692 0.038434 0.090647 0.056535 0.107139 0.054072 0.111190 0.125582 0.099231 0.094084 0.136212 0.142000 0.095129 0.149760 0.161686 0.114334 0.130902 0.079397 0.100901 0.109002 0.133582 0.120426 0.110202 0.128117 0.080553 0.078509 0.123695 0.151344 0.120903 0.110479 0.123580 0.104184 0.098240 0.095451 0.126152 0.147695 0.148957 0.099517 0.136549 0.115091 0.116188 0.110055 0.119506 0.062539 0.105091 0.082926
247000.011732 4.969193 0.046346 0.013292 0.033501 0.058245 0.082067 0.039228 0.059744 0.069192 0.025923 0.093357 0.049256 0.118999 0.112107 0.110426 0.027055 0.032435 0.090904 0.053145 0.102239 0.053976 0.107823 0.131576 0.106537 0.100402 0.141633 0.143653 0.103087 0.153502 0.161341 0.120287 0.134786 0.082565 0.099911 0.108899 0.126848 0.114675 0.108275 0.133757 0.088329 0.084690 0.124185 0.152200 0.118227 0.107715 0.119864 0.101874 0.098424 0.095535 0.118504 0.143574 0.150812 0.107390 0.130129 0.114233 0.113128 0.115152 0.115274 0.069259 0.104005 0.090120
248000.011779 6.040375 0.043091 0.014655 0.029978 0.062194 0.087250 0.046390 0.053554 0.064943 0.031144 0.095995 0.050055 0.118484 0.113568 0.108006 0.028528 0.034111 0.085849 0.053453 0.105601 0.050737 0.111168 0.127591 0.102946 0.097895 0.136950 0.140723 0.097420 0.149548 0.160132 0.116204 0.132120 0.084869 0.103929 0.108198 0.128264 0.116347 0.110213 0.128877 0.085345 0.084280 0.121460 0.150856 0.123177 0.109408 0.124035 0.107407 0.099910 0.100190 0.120916 0.146736 0.149622 0.102785 0.133560 0.117257 0.113946 0.112896 0.114525 0.063543 0.108363 0.088153
249000.011827 5.867182 0.039979 0.014443 0.030452 0.063795 0.087142 0.044240 0.055628 0.066533 0.029584 0.097949 0.050825 0.120708 0.114605 0.110153 0.020981 0.038622 0.089189 0.048517 0.105228 0.051308 0.110667 0.129497 0.102880 0.098007 0.140687 0.143893 0.099922 0.153744 0.162659 0.118682 0.133270 0.083640 0.103245 0.110692 0.132401 0.119403 0.112160 0.133883 0.085291 0.083722 0.124857 0.152594 0.121651 0.110745 0.124041 0.104575 0.100866 0.098178 0.124159 0.147866 0.151535 0.105140 0.135575 0.118195 0.116974 0.112588 0.116207 0.064631 0.107391 0.088269
250000.011874 8.979281 0.051457 0.017868 0.036542 0.057585 0.081897 0.034928 0.066781 0.074452 0.023189 0.095639 0.047798 0.124389 0.116911 0.116834 0.027647 0.031951 0.097612 0.054413 0.104510 0.060446 0.111130 0.138499 0.112616 0.104510 0.148654 0.149230 0.110184 0.160075 0.167216 0.126044 0.141639 0.084974 0.101290 0.111377 0.127055 0.114215 0.109669 0.139837 0.094143 0.088205 0.128438 0.158237 0.119387 0.108402 0.120487 0.101939 0.100633 0.096333 0.117730 0.146036 0.157690 0.114128 0.130820 0.116358 0.114362 0.119503 0.121033 0.076218 0.105527 0.094412
251000.011922 10.071707 0.045451 0.018924 0.030195 0.063147 0.086893 0.041852 0.059873 0.068000 0.028226 0.099242 0.048281 0.122851 0.117630 0.112622 0.024725 0.036303 0.091570 0.049182 0.106886 0.055654 0.113848 0.134652 0.108677 0.102138 0.144574 0.146351 0.104971 0.156304 0.165546 0.122982 0.138812 0.087968 0.105830 0.112120 0.129656 0.117610 0.113620 0.136466 0.091713 0.089440 0.126190 0.156689 0.124837 0.111492 0.125538 0.107683 0.103192 0.101505 0.121431 0.149785 0.156187 0.110599 0.134918 0.120435 0.116702 0.117565 0.118722 0.070057 0.110307 0.093230
252000.011969 2.613893 0.048606 0.009640 0.036776 0.055742 0.082340 0.038961 0.060724 0.072003 0.029817 0.092831 0.053610 0.121212 0.113679 0.112723 0.031525 0.028499 0.093394 0.058596 0.103526 0.057895 0.108072 0.132417 0.107603 0.100996 0.142149 0.145393 0.103404 0.154212 0.164116 0.120752 0.136264 0.083412 0.100944 0.110334 0.126885 0.115705 0.109095 0.133312 0.089091 0.085376 0.125809 0.154902 0.119581 0.110024 0.121202 0.104027 0.099515 0.096102 0.119573 0.145116 0.152763 0.107307 0.131557 0.114353 0.113489 0.116556 0.118738 0.070308 0.104233 0.090549
253000.012017 4.049912 0.045232 0.012000 0.036454 0.059833 0.084439 0.040242 0.060718 0.072951 0.031602 0.096351 0.054694 0.124021 0.115999 0.114781 0.026136 0.037473 0.094854 0.054269 0.104902 0.058082 0.109566 0.131691 0.104753 0.097916 0.142872 0.145728 0.102701 0.155632 0.164883 0.119894 0.135673 0.080140 0.099006 0.109923 0.130708 0.117735 0.109460 0.134738 0.086331 0.082640 0.126360 0.154537 0.118365 0.108941 0.120642 0.100914 0.098233 0.094177 0.122801 0.146011 0.153223 0.106747 0.133394 0.114250 0.114772 0.113699 0.120988 0.068811 0.103393 0.087410
254000.012064 3.049986 0.043268 0.010414 0.032954 0.061361 0.086870 0.043071 0.057386 0.069194 0.030380 0.097311 0.052035 0.122762 0.116104 0.112708 0.025472 0.035724 0.091471 0.053190 0.106447 0.054273 0.111095 0.130159 0.103899 0.097495 0.140580 0.143684 0.100777 0.153393 0.163415 0.118142 0.134477 0.082071 0.101634 0.108851 0.130316 0.117381 0.109932 0.132303 0.085429 0.082671 0.124132 0.153397 0.121008 0.109108 0.122720 0.103731 0.098819 0.097291 0.122512 0.147195 0.152513 0.104997 0.134214 0.116460 0.114390 0.113062 0.119018 0.066617 0.106461 0.087341
255000.012112 6.873470 0.052929 0.015633 0.035775 0.053340 0.078936 0.036188 0.063720 0.071537 0.024668 0.090246 0.048492 0.118452 0.111618 0.111397 0.034697 0.022663 0.092651 0.058713 0.101224 0.058313 0.107737 0.136195 0.112683 0.105967 0.144963 0.146670 0.107694 0.155977 0.163620 0.124684 0.139227 0.087522 0.102369 0.111141 0.122555 0.112296 0.108733 0.135896 0.094854 0.090545 0.126373 0.155871 0.120145 0.109360 0.120640 0.105696 0.101131 0.098080 0.114410 0.143509 0.153973 0.111972 0.128185 0.114802 0.112427 0.120825 0.115883 0.074558 0.105399 0.095931
256000.012159 2.647283 0.043794 0.009702 0.035578 0.061510 0.087821 0.044249 0.058078 0.070722 0.032637 0.097929 0.055773 0.124494 0.116878 0.114151 0.027383 0.036574 0.093714 0.054820 0.107098 0.056527 0.110712 0.131161 0.104494 0.097969 0.141663 0.145364 0.101875 0.154688 0.165291 0.119143 0.135366 0.082630 0.102478 0.110772 0.132223 0.119824 0.111568 0.133530 0.085986 0.083180 0.126192 0.155054 0.121623 0.111284 0.124022 0.104409 0.100072 0.097673 0.124886 0.148448 0.153596 0.106050 0.135974 0.117332 0.115981 0.114216 0.120900 0.067668 0.106763 0.087826
257000.012207 9.726038 0.040265 0.018596 0.023898 0.067326 0.091631 0.049124 0.052632 0.060611 0.029258 0.101693 0.046638 0.121396 0.117626 0.108632 0.025885 0.037454 0.085589 0.046721 0.109635 0.047523 0.115337 0.130330 0.105257 0.099386 0.139872 0.140810 0.101218 0.150739 0.161451 0.118470 0.135275 0.088789 0.107130 0.108601 0.127256 0.115947 0.112549 0.131100 0.087990 0.088155 0.120589 0.153151 0.126734 0.110019 0.126084 0.109139 0.101631 0.105025 0.120678 0.149386 0.153608 0.105994 0.133949 0.121898 0.113587 0.114265 0.115444 0.065426 0.113371 0.090896
258000.012254 10.786641 0.059488 0.019584 0.043078 0.046316 0.071987 0.029164 0.070258 0.077902 0.024910 0.084308 0.050750 0.117046 0.108404 0.113281 0.039135 0.018440 0.097264 0.064212 0.096164 0.064866 0.103437 0.138933 0.115857 0.108558 0.147556 0.149603 0.110984 0.159006 0.164213 0.127484 0.140889 0.085854 0.099036 0.112092 0.121124 0.110733 0.106411 0.138602 0.097971 0.090936 0.129437 0.156475 0.115629 0.108275 0.117060 0.102545 0.100283 0.093515 0.111663 0.140029 0.153420 0.115297 0.125248 0.110678 0.112253 0.123428 0.116024 0.079455 0.100299 0.097732
259000.012302 7.239699 0.041847 0.016044 0.032630 0.063638 0.087775 0.044250 0.057402 0.068136 0.032293 0.099195 0.053552 0.123676 0.116790 0.112535 0.025615 0.039311 0.092193 0.050041 0.106459 0.054768 0.110916 0.131525 0.104710 0.098343 0.142808 0.144600 0.103216 0.154897 0.164110 0.119992 0.135496 0.083979 0.102217 0.110331 0.130000 0.117834 0.111418 0.135008 0.087104 0.085513 0.124921 0.154339 0.121072 0.110408 0.122619 0.103583 0.100090 0.098335 0.122802 0.147237 0.154007 0.107228 0.133870 0.117618 0.114768 0.113509 0.119118 0.067661 0.107141 0.089251
260000.012349 5.957533 0.037381 0.014554 0.032352 0.066511 0.092033 0.050706 0.051173 0.065968 0.036920 0.100630 0.056558 0.122676 0.116960 0.110332 0.027489 0.039989 0.087659 0.053330 0.109699 0.049854 0.112930 0.125211 0.099066 0.094544 0.135911 0.140853 0.095273 0.148940 0.160993 0.114234 0.130364 0.083122 0.104501 0.109634 0.133552 0.121279 0.112629 0.128180 0.080686 0.081214 0.122535 0.151257 0.124272 0.112262 0.126293 0.107220 0.100373 0.100067 0.127174 0.149748 0.149675 0.099324 0.138042 0.118823 0.116369 0.109812 0.118515 0.060951 0.109466 0.084536
261000.012397 10.460243 0.034315 0.019285 0.031292 0.069313 0.093144 0.052512 0.049063 0.064743 0.038714 0.101993 0.056382 0.121892 0.116689 0.109008 0.023488 0.044617 0.085909 0.049371 0.109233 0.049123 0.113430 0.122851 0.095654 0.092127 0.134063 0.140164 0.091953 0.148390 0.160136 0.112336 0.128177 0.083021 0.105552 0.110292 0.136952 0.123650 0.114469 0.127896 0.078557 0.080307 0.122611 0.149601 0.125079 0.113007 0.127759 0.107831 0.101439 0.100605 0.129784 0.150899 0.148075 0.097661 0.140514 0.120033 0.119020 0.107273 0.117174 0.057193 0.110069 0.082870
262000.012444 5.207774 0.046550 0.013608 0.032049 0.059671 0.084387 0.040131 0.059734 0.068903 0.028307 0.096065 0.050076 0.121317 0.114935 0.111709 0.028156 0.033470 0.091725 0.052652 0.104793 0.055906 0.110323 0.133805 0.108418 0.101868 0.143617 0.145484 0.104901 0.155361 0.164011 0.122218 0.137256 0.086008 0.103213 0.111042 0.127874 0.116422 0.111380 0.135539 0.090793 0.088205 0.125717 0.155119 0.121929 0.110340 0.123021 0.105430 0.101236 0.099199 0.120182 0.146850 0.154140 0.109608 0.132679 0.117357 0.114571 0.117228 0.117837 0.070366 0.107457 0.092491
263000.012492 3.544248 0.040940 0.011226 0.035549 0.061870 0.086788 0.043963 0.056672 0.070407 0.033879 0.097259 0.055750 0.123084 0.115265 0.112698 0.025434 0.038928 0.092352 0.053486 0.105608 0.054826 0.108892 0.127771 0.100685 0.094788 0.139318 0.143204 0.099009 0.152873 0.162674 0.116314 0.131792 0.079318 0.099583 0.108935 0.132295 0.118873 0.109551 0.132097 0.082122 0.079844 0.124443 0.151862 0.118420 0.109304 0.121312 0.100934 0.097768 0.094468 0.124632 0.146120 0.150646 0.102613 0.134710 0.114764 0.114830 0.109895 0.119417 0.064870 0.103966 0.084608
264000.012539 3.364186 0.045755 0.010937 0.034460 0.059626 0.086228 0.042333 0.058200 0.069589 0.032528 0.096509 0.053755 0.123216 0.116235 0.112945 0.030519 0.034327 0.092648 0.055348 0.106094 0.057364 0.109973 0.130899 0.105233 0.097705 0.140650 0.142968 0.102287 0.152580 0.163117 0.118342 0.135280 0.082921 0.101089 0.108121 0.127023 0.115466 0.109093 0.131648 0.087126 0.084529 0.123226 0.153600 0.120566 0.108648 0.121430 0.103754 0.098200 0.097780 0.120304 0.145786 0.152963 0.106124 0.132055 0.115437 0.111976 0.113906 0.119902 0.068585 0.106026 0.088360
265000.012587 10.104149 0.037087 0.018954 0.026175 0.068872 0.092110 0.050527 0.051463 0.061668 0.030164 0.101588 0.048087 0.120356 0.116244 0.108081 0.020850 0.040462 0.084830 0.046175 0.109064 0.045360 0.114661 0.127080 0.101219 0.097051 0.137526 0.140840 0.096871 0.150291 0.160713 0.116133 0.131798 0.086351 0.107219 0.109797 0.133263 0.120140 0.113864 0.130501 0.083628 0.083777 0.121963 0.151236 0.126054 0.111288 0.127536 0.108338 0.102217 0.102954 0.125447 0.150541 0.150628 0.102343 0.137800 0.122082 0.117526 0.111210 0.114424 0.061494 0.112371 0.087653
266000.012634 3.595622 0.045631 0.011307 0.036865 0.058154 0.083700 0.040817 0.059332 0.071914 0.031573 0.093997 0.054338 0.121309 0.113882 0.112548 0.028340 0.033038 0.092567 0.056643 0.103948 0.056781 0.108476 0.128527 0.102843 0.096215 0.138468 0.142820 0.099034 0.151230 0.161741 0.116818 0.132971 0.079275 0.098840 0.108370 0.129660 0.116843 0.107975 0.130078 0.084385 0.080438 0.124022 0.151933 0.118166 0.108325 0.120544 0.101751 0.097119 0.093360 0.121583 0.144837 0.149576 0.103284 0.132682 0.112907 0.113805 0.112363 0.118713 0.067065 0.102698 0.085467
267000.012682 5.038958 0.040553 0.013385 0.033987 0.062736 0.087289 0.044740 0.055651 0.069398 0.035411 0.097811 0.056192 0.122313 0.115289 0.111558 0.026519 0.039269 0.090710 0.052769 0.106032 0.054583 0.110056 0.128240 0.101326 0.096261 0.139270 0.143971 0.098620 0.152863 0.163115 0.117395 0.132317 0.082386 0.102488 0.111317 0.133603 0.121024 0.112461 0.132427 0.083766 0.083010 0.125621 0.152789 0.121583 0.112036 0.124372 0.104868 0.100679 0.097245 0.126131 0.148341 0.150980 0.103194 0.136947 0.116761 0.117048 0.111658 0.119121 0.064384 0.106474 0.086562
268000.012729 6.142579 0.045116 0.014778 0.031375 0.060738 0.085812 0.043544 0.058788 0.067435 0.025037 0.096252 0.048947 0.121625 0.115198 0.112024 0.027327 0.030481 0.090898 0.052616 0.105591 0.052291 0.111548 0.133698 0.108440 0.102379 0.143712 0.145581 0.104839 0.155209 0.164603 0.122085 0.137932 0.086498 0.103880 0.110484 0.127074 0.115486 0.110379 0.134638 0.090323 0.087264 0.125110 0.155799 0.122467 0.110076 0.123358 0.106250 0.100840 0.099866 0.119069 0.146883 0.154691 0.109090 0.132014 0.118263 0.114360 0.117510 0.116955 0.070025 0.108352 0.092039
269000.012777 10.485534 0.041137 0.019309 0.023160 0.066709 0.091186 0.050539 0.050359 0.058853 0.030198 0.099566 0.045119 0.118169 0.115400 0.105814 0.028391 0.036116 0.081871 0.049161 0.108480 0.045623 0.114679 0.127450 0.103510 0.098240 0.136369 0.137790 0.097709 0.147431 0.158300 0.115601 0.132557 0.088328 0.106604 0.106156 0.125169 0.113849 0.110491 0.127398 0.086266 0.086777 0.117620 0.150065 0.126285 0.108134 0.125121 0.109775 0.100266 0.104966 0.118680 0.147528 0.150537 0.102983 0.132358 0.120436 0.111818 0.112654 0.112534 0.062666 0.112757 0.089604
270000.012824 4.358666 0.041139 0.012449 0.029027 0.062109 0.086783 0.046785 0.051281 0.063301 0.032179 0.095232 0.051045 0.117061 0.111876 0.105930 0.029471 0.034883 0.084247 0.053140 0.104560 0.048538 0.109196 0.125903 0.101479 0.097034 0.135813 0.138953 0.096449 0.147945 0.158075 0.115028 0.130029 0.084182 0.102624 0.107362 0.126694 0.115605 0.109329 0.128028 0.083706 0.083930 0.120116 0.148968 0.121686 0.108839 0.122393 0.106108 0.098903 0.099644 0.120381 0.144832 0.147862 0.101091 0.131971 0.115966 0.112392 0.111291 0.113023 0.061994 0.107275 0.087407
271000.012872 4.899078 0.049526 0.013198 0.036854 0.057831 0.084793 0.043206 0.060488 0.071172 0.028421 0.094321 0.052303 0.122418 0.115315 0.113633 0.033680 0.027458 0.092872 0.059435 0.106135 0.055755 0.110614 0.131589 0.107525 0.100085 0.140174 0.142848 0.102842 0.151115 0.162833 0.118950 0.136650 0.082954 0.100923 0.107660 0.124958 0.113757 0.107275 0.129553 0.088321 0.083879 0.122997 0.154234 0.120599 0.107791 0.121087 0.104227 0.097566 0.097346 0.117815 0.144908 0.152364 0.105903 0.130176 0.114605 0.111282 0.116350 0.118951 0.070933 0.105781 0.089028
272000.012919 4.206868 0.041584 0.012230 0.033687 0.062368 0.088024 0.045322 0.054867 0.068426 0.035912 0.097369 0.054780 0.121550 0.115358 0.110762 0.028473 0.038102 0.089429 0.054899 0.106716 0.054099 0.110285 0.126233 0.100291 0.094222 0.136744 0.140525 0.096804 0.149699 0.160120 0.114569 0.130594 0.080585 0.100491 0.107245 0.130156 0.117372 0.108994 0.128902 0.081844 0.080607 0.121706 0.150146 0.120103 0.108578 0.121849 0.103354 0.097478 0.096306 0.123257 0.145899 0.149213 0.100783 0.134068 0.114776 0.113071 0.109548 0.118564 0.063358 0.105428 0.084546
273000.012967 4.108439 0.052024 0.012086 0.040113 0.052976 0.078964 0.033652 0.064793 0.076308 0.032122 0.091103 0.055880 0.121308 0.113016 0.114305 0.033117 0.030764 0.096499 0.060398 0.101278 0.063260 0.106337 0.134995 0.109650 0.102690 0.144944 0.148452 0.105922 0.157567 0.165715 0.123603 0.137726 0.082819 0.099407 0.112348 0.128090 0.116671 0.109649 0.136949 0.091633 0.087013 0.129071 0.156185 0.117840 0.110746 0.120191 0.102797 0.100300 0.093644 0.120098 0.144573 0.153623 0.110398 0.131709 0.112510 0.114805 0.118468 0.120417 0.073154 0.101772 0.092410
274000.013014 4.959870 0.042489 0.013280 0.031698 0.062188 0.087691 0.047003 0.054874 0.066474 0.030508 0.097069 0.052128 0.121576 0.115077 0.110740 0.029768 0.033589 0.088815 0.053782 0.106911 0.050645 0.111310 0.129228 0.104046 0.098471 0.139157 0.142195 0.100393 0.151087 0.162288 0.117637 0.134091 0.084627 0.103384 0.109020 0.128184 0.116777 0.110211 0.130224 0.085833 0.084558 0.122859 0.153090 0.122736 0.109912 0.123693 0.106184 0.099569 0.100028 0.121308 0.147064 0.151776 0.104007 0.133299 0.117399 0.113582 0.113746 0.117069 0.066274 0.108419 0.088243
275000.013062 4.451845 0.049808 0.012581 0.034529 0.056679 0.083035 0.040564 0.059491 0.069839 0.030929 0.093063 0.052253 0.119310 0.113210 0.110539 0.033515 0.029147 0.090652 0.058145 0.103769 0.057572 0.109146 0.132668 0.108670 0.102277 0.141280 0.144560 0.103147 0.153156 0.162996 0.121077 0.136451 0.086109 0.103116 0.110497 0.126054 0.115568 0.110296 0.132549 0.091098 0.088326 0.124914 0.154394 0.122265 0.110620 0.123085 0.107374 0.100884 0.099208 0.118895 0.145899 0.152412 0.108249 0.131821 0.115734 0.113588 0.118282 0.116982 0.069991 0.106617 0.092550
276000.013109 6.762581 0.047496 0.015506 0.032864 0.060728 0.086978 0.042343 0.060673 0.068967 0.028375 0.098110 0.050686 0.124064 0.117919 0.114084 0.030440 0.031158 0.093197 0.054079 0.107844 0.056427 0.112966 0.135391 0.110251 0.102552 0.144363 0.145829 0.106821 0.155362 0.165427 0.122909 0.139732 0.087247 0.104413 0.110397 0.126550 0.115314 0.111064 0.134734 0.092171 0.088911 0.125061 0.157085 0.123745 0.110429 0.124055 0.106940 0.101026 0.100863 0.119048 0.147901 0.156433 0.110699 0.132395 0.118702 0.113326 0.118853 0.120060 0.072554 0.109574 0.093053
277000.013157 6.473292 0.055966 0.015171 0.046237 0.047414 0.073966 0.031577 0.068842 0.081005 0.031469 0.085430 0.057566 0.120368 0.109936 0.116038 0.037201 0.025914 0.099539 0.066326 0.097542 0.065537 0.102251 0.133723 0.109111 0.101440 0.144066 0.147489 0.105896 0.156436 0.163879 0.122085 0.136475 0.076852 0.092252 0.108780 0.123854 0.111707 0.102481 0.134775 0.089868 0.081896 0.127797 0.154059 0.110217 0.105729 0.112989 0.096057 0.094661 0.085787 0.115248 0.138175 0.150387 0.108704 0.125608 0.105300 0.110501 0.116762 0.120176 0.075459 0.094161 0.089291
278000.013204 7.393760 0.040040 0.016214 0.029652 0.064321 0.088009 0.045182 0.055458 0.065460 0.029688 0.099150 0.050588 0.121886 0.115680 0.110491 0.023897 0.037863 0.089524 0.047962 0.106373 0.050852 0.111339 0.130922 0.104609 0.099364 0.142006 0.144236 0.102337 0.154332 0.163650 0.119915 0.134822 0.086196 0.104820 0.111264 0.130697 0.118640 0.112963 0.134794 0.087162 0.086468 0.124879 0.154024 0.123067 0.111563 0.124680 0.105739 0.101906 0.100684 0.123184 0.148538 0.153523 0.106689 0.135071 0.119779 0.116160 0.113689 0.116670 0.066435 0.109359 0.090307
279000.013252 9.088557 0.060112 0.017976 0.047565 0.044094 0.071251 0.027009 0.072637 0.082240 0.029463 0.083575 0.056626 0.119491 0.108857 0.116428 0.040714 0.020996 0.101447 0.067735 0.096112 0.068033 0.101088 0.138779 0.115079 0.107018 0.148163 0.150693 0.111830 0.159887 0.164796 0.127331 0.140151 0.081383 0.094478 0.111528 0.122052 0.111133 0.104007 0.139165 0.096177 0.087668 0.130683 0.156359 0.111199 0.107501 0.113877 0.098071 0.097486 0.088007 0.112885 0.137952 0.152435 0.114696 0.124408 0.106733 0.111104 0.122298 0.119688 0.081023 0.095738 0.095399
280000.013299 10.819931 0.047689 0.019614 0.027757 0.062347 0.087546 0.047622 0.055040 0.062286 0.026467 0.096121 0.044196 0.118105 0.114312 0.107476 0.032869 0.029994 0.084993 0.053636 0.106319 0.050084 0.113154 0.131334 0.108383 0.102540 0.139621 0.140647 0.101985 0.150317 0.160813 0.119150 0.136154 0.090285 0.106828 0.107566 0.121810 0.111652 0.109813 0.129946 0.091127 0.089814 0.120064 0.152881 0.125597 0.108269 0.123979 0.110062 0.101284 0.105176 0.115178 0.146135 0.152988 0.107187 0.129812 0.119803 0.111194 0.116912 0.112760 0.067710 0.111951 0.093530
281000.013347 3.754730 0.045576 0.011554 0.033396 0.059384 0.085443 0.042442 0.057710 0.068900 0.030633 0.095375 0.051811 0.121175 0.115035 0.111536 0.029933 0.031575 0.090442 0.055690 0.105629 0.055182 0.110532 0.129697 0.104705 0.097985 0.139014 0.142269 0.100273 0.151066 0.161842 0.117655 0.134314 0.082916 0.101517 0.107955 0.127115 0.115118 0.108671 0.130006 0.086531 0.083689 0.122610 0.152666 0.121051 0.108492 0.121992 0.104787 0.098352 0.097366 0.119696 0.145785 0.151369 0.104494 0.132105 0.115197 0.112446 0.113794 0.118011 0.067245 0.106115 0.087965
282000.013394 8.204396 0.056600 0.017080 0.045196 0.047130 0.071939 0.027584 0.070406 0.081458 0.030100 0.086022 0.056430 0.120921 0.110148 0.116606 0.036046 0.028046 0.100749 0.063456 0.096282 0.067093 0.102335 0.137311 0.111944 0.104519 0.148111 0.150992 0.109505 0.160644 0.166813 0.126083 0.139540 0.080470 0.094774 0.112504 0.125287 0.113661 0.106193 0.139714 0.093904 0.086939 0.131380 0.157036 0.112155 0.108340 0.115013 0.097821 0.098290 0.088417 0.116203 0.140285 0.153623 0.113218 0.127227 0.107883 0.113476 0.119719 0.120556 0.077696 0.095961 0.093269
283000.013442 6.402503 0.059188 0.015088 0.045460 0.044916 0.072167 0.027694 0.070404 0.080408 0.029406 0.084383 0.055841 0.119226 0.109246 0.115239 0.039769 0.021905 0.099774 0.066655 0.096638 0.067061 0.101811 0.138276 0.114638 0.106879 0.147773 0.149990 0.110758 0.159468 0.165014 0.126712 0.139991 0.082613 0.095957 0.111526 0.121666 0.111387 0.105220 0.138663 0.095967 0.088769 0.129989 0.156496 0.113082 0.108161 0.115048 0.099806 0.098354 0.090510 0.113450 0.138976 0.153158 0.114133 0.125170 0.108103 0.111148 0.122088 0.119178 0.079101 0.097288 0.095700
284000.013489 5.954989 0.058043 0.014551 0.043371 0.046504 0.074783 0.033539 0.066587 0.076699 0.031714 0.084847 0.055541 0.117833 0.108867 0.112425 0.042634 0.019721 0.096146 0.067173 0.098124 0.064492 0.102090 0.134922 0.112500 0.104392 0.143261 0.144997 0.107847 0.153873 0.161190 0.122846 0.137377 0.083036 0.096045 0.108147 0.117592 0.108568 0.103299 0.133215 0.093897 0.088221 0.125038 0.153470 0.113915 0.106388 0.114362 0.100962 0.096419 0.092516 0.110979 0.137242 0.150595 0.110543 0.122833 0.107430 0.107101 0.119833 0.117421 0.076801 0.098615 0.093974
285000.013537 3.695046 0.052591 0.011462 0.041979 0.053027 0.082248 0.042102 0.060464 0.074278 0.037607 0.089943 0.058925 0.120206 0.112132 0.112180 0.041140 0.027819 0.093375 0.066623 0.103389 0.061324 0.105620 0.128957 0.105785 0.098233 0.137403 0.141248 0.100728 0.149088 0.160571 0.116478 0.132969 0.081034 0.097950 0.106628 0.123130 0.113058 0.105125 0.127417 0.086661 0.083100 0.122351 0.151480 0.117335 0.107646 0.118235 0.103109 0.095925 0.094534 0.117580 0.141452 0.149020 0.103303 0.128616 0.109805 0.108659 0.114370 0.119424 0.070190 0.101613 0.087874
286000.013584 3.720122 0.043844 0.011501 0.034036 0.059829 0.085286 0.041533 0.058082 0.070165 0.031530 0.096192 0.053592 0.122340 0.115351 0.112509 0.026870 0.034144 0.092089 0.054290 0.105238 0.055842 0.110068 0.131098 0.104978 0.099127 0.141816 0.145521 0.101595 0.154707 0.164748 0.119815 0.135145 0.083832 0.102640 0.111299 0.130560 0.118463 0.111495 0.134024 0.086977 0.084800 0.126216 0.154823 0.121389 0.111436 0.123453 0.105017 0.100857 0.097455 0.123006 0.147741 0.153262 0.106052 0.134842 0.116728 0.115879 0.114343 0.119197 0.067268 0.106196 0.089229
287000.013632 6.827113 0.051890 0.015580 0.040333 0.055185 0.080345 0.034367 0.067219 0.077681 0.028529 0.093955 0.054021 0.125200 0.116065 0.118209 0.029313 0.032904 0.099727 0.057381 0.103052 0.063629 0.108890 0.137611 0.110873 0.103022 0.148114 0.150903 0.108896 0.160914 0.169291 0.125404 0.141055 0.082655 0.099918 0.112975 0.130242 0.117426 0.110362 0.139561 0.092816 0.086740 0.130814 0.159107 0.118422 0.110304 0.120982 0.101621 0.100449 0.094085 0.120919 0.146671 0.157169 0.113136 0.132991 0.114623 0.116352 0.119326 0.122914 0.075662 0.103045 0.092420
288000.013679 12.128554 0.032927 0.020766 0.027846 0.072790 0.096646 0.053906 0.050512 0.062547 0.035907 0.106187 0.053198 0.124834 0.120236 0.111095 0.018207 0.046707 0.087454 0.043869 0.112270 0.048011 0.116888 0.126795 0.098704 0.094089 0.138204 0.142082 0.096561 0.151978 0.163051 0.115360 0.132046 0.085664 0.108125 0.110675 0.137762 0.123774 0.116099 0.131570 0.081505 0.082523 0.123201 0.152520 0.127566 0.113084 0.129707 0.108729 0.102696 0.103847 0.130075 0.153538 0.152635 0.102139 0.141648 0.124227 0.119637 0.109371 0.118498 0.060178 0.113926 0.085345
289000.013727 7.911219 0.051414 0.016772 0.033891 0.057830 0.082561 0.036923 0.064055 0.071319 0.024742 0.094892 0.046722 0.121606 0.115720 0.113531 0.029409 0.030660 0.093781 0.054988 0.104367 0.058894 0.111411 0.136642 0.111894 0.104361 0.146057 0.146675 0.107492 0.157066 0.164753 0.124416 0.140106 0.086423 0.102522 0.110221 0.124985 0.113195 0.109598 0.136946 0.093889 0.089153 0.125896 0.156412 0.121124 0.108279 0.121285 0.104738 0.100763 0.098486 0.116612 0.145696 0.155950 0.112436 0.130191 0.116645 0.113252 0.119450 0.118569 0.073656 0.106737 0.094579
290000.013774 2.317336 0.048571 0.009077 0.035864 0.055054 0.080616 0.037378 0.060939 0.071988 0.028925 0.091731 0.052543 0.119957 0.112369 0.111879 0.031057 0.029187 0.092673 0.057721 0.102079 0.057391 0.107239 0.132587 0.107727 0.101434 0.142663 0.145391 0.103653 0.154620 0.163328 0.121292 0.135977 0.083007 0.099751 0.110198 0.126091 0.114941 0.108449 0.134120 0.089385 0.085861 0.125905 0.154208 0.118409 0.109124 0.119928 0.103048 0.099088 0.095191 0.118645 0.143849 0.152127 0.107673 0.130342 0.113131 0.113029 0.116578 0.117720 0.070292 0.103139 0.090901
291000.013822 5.497269 0.039793 0.013981 0.030770 0.064130 0.088371 0.046909 0.053794 0.065207 0.029541 0.097813 0.051347 0.120300 0.114395 0.109298 0.024033 0.036321 0.087805 0.050799 0.106267 0.048852 0.111019 0.128040 0.102337 0.097739 0.138727 0.142236 0.098488 0.151373 0.161550 0.117140 0.132352 0.084015 0.103911 0.109769 0.131131 0.118743 0.111506 0.131225 0.084117 0.082857 0.123274 0.151904 0.122420 0.110742 0.124396 0.105556 0.100465 0.099210 0.123640 0.147701 0.150525 0.103060 0.135109 0.118473 0.115920 0.112217 0.115294 0.063606 0.108243 0.087547
292000.013869 8.500904 0.034366 0.017385 0.034141 0.068424 0.093455 0.054266 0.047809 0.065032 0.041019 0.100317 0.058891 0.120988 0.115062 0.108246 0.027931 0.044358 0.085549 0.053635 0.108722 0.048866 0.111010 0.119712 0.092899 0.089200 0.131040 0.137246 0.089603 0.145543 0.157240 0.108858 0.124869 0.079584 0.102389 0.107019 0.135312 0.121812 0.110765 0.124495 0.074633 0.076066 0.119825 0.146428 0.121765 0.110461 0.124714 0.105040 0.097808 0.097864 0.128697 0.147439 0.145009 0.094018 0.138092 0.116821 0.115774 0.104243 0.116612 0.055694 0.107322 0.079339
293000.013917 10.504792 0.051411 0.019326 0.029666 0.061177 0.086161 0.043160 0.060986 0.066877 0.026074 0.097147 0.045157 0.120672 0.116613 0.111191 0.033024 0.030701 0.089669 0.054572 0.107159 0.055759 0.114543 0.137003 0.113357 0.106294 0.145140 0.145213 0.107574 0.155310 0.163958 0.124670 0.140995 0.091010 0.106611 0.110158 0.123260 0.112741 0.111271 0.135275 0.095948 0.093009 0.123906 0.156727 0.126015 0.109473 0.124616 0.110107 0.102671 0.104331 0.115826 0.147517 0.156789 0.112922 0.130644 0.119962 0.112643 0.121689 0.116791 0.073049 0.111873 0.097030
294000.013964 7.293311 0.044099 0.016103 0.028165 0.062430 0.086191 0.043007 0.057679 0.065584 0.025026 0.097427 0.047073 0.120768 0.115517 0.110565 0.024357 0.033926 0.089336 0.049103 0.105377 0.052231 0.112409 0.133684 0.108200 0.102351 0.143943 0.145036 0.104230 0.155154 0.163884 0.122281 0.137761 0.087449 0.104567 0.110545 0.126972 0.115467 0.111509 0.135388 0.090819 0.088534 0.124530 0.155216 0.123304 0.109962 0.123603 0.106799 0.101672 0.100918 0.119198 0.147310 0.154865 0.109638 0.132201 0.119157 0.114773 0.117137 0.116009 0.068520 0.109174 0.092751
295000.014012 5.135811 0.050160 0.013513 0.036594 0.056883 0.082550 0.036957 0.064766 0.073782 0.024473 0.095070 0.050452 0.124212 0.116472 0.116286 0.028114 0.029170 0.096815 0.055790 0.104789 0.059668 0.110604 0.136552 0.110776 0.102841 0.146278 0.148359 0.107741 0.158047 0.167074 0.124138 0.140445 0.083910 0.101270 0.111181 0.127931 0.115428 0.109588 0.137023 0.092301 0.086488 0.127811 0.157935 0.119942 0.109357 0.121516 0.102988 0.100008 0.095940 0.119001 0.146524 0.156396 0.111789 0.131824 0.115892 0.114544 0.118970 0.120973 0.074281 0.105160 0.092323
296000.014059 6.208916 0.055961 0.014858 0.044808 0.049249 0.075464 0.029064 0.069691 0.081121 0.032623 0.089020 0.058276 0.122839 0.112859 0.117535 0.035552 0.029843 0.101125 0.063623 0.099560 0.067706 0.104550 0.137821 0.112290 0.104363 0.148070 0.151272 0.109530 0.160595 0.167751 0.126238 0.140242 0.081114 0.096529 0.113072 0.127429 0.115863 0.108147 0.139529 0.093936 0.087301 0.131534 0.158099 0.114763 0.110138 0.117668 0.099912 0.099233 0.090198 0.118889 0.142875 0.154895 0.113376 0.129925 0.109847 0.114442 0.120612 0.122779 0.077451 0.098294 0.093367
297000.014107 6.480147 0.049599 0.015179 0.033724 0.057819 0.082594 0.037416 0.063305 0.071302 0.024175 0.095042 0.047465 0.122778 0.115925 0.114335 0.027964 0.030881 0.094476 0.053879 0.104105 0.058375 0.110771 0.136005 0.110486 0.102820 0.146186 0.146731 0.107324 0.157523 0.165482 0.123592 0.139772 0.085082 0.101263 0.109640 0.124940 0.112788 0.108643 0.136963 0.092479 0.087812 0.125824 0.156519 0.119758 0.107611 0.120117 0.103031 0.099590 0.097365 0.116577 0.145038 0.156267 0.111678 0.129706 0.115906 0.112570 0.117876 0.119134 0.072974 0.105669 0.092982
298000.014154 7.486443 0.049264 0.016315 0.030414 0.059144 0.084940 0.042589 0.059116 0.066573 0.024813 0.095063 0.045616 0.119939 0.114923 0.110636 0.032449 0.027373 0.089146 0.055202 0.105725 0.053407 0.112190 0.134186 0.110639 0.103740 0.142636 0.143287 0.105361 0.152993 0.162453 0.121807 0.138447 0.088292 0.104235 0.108201 0.121799 0.111334 0.108759 0.132533 0.092555 0.089585 0.122334 0.154722 0.123309 0.107856 0.122190 0.107514 0.100251 0.101926 0.114586 0.145229 0.154431 0.109619 0.128801 0.117562 0.110795 0.118706 0.115822 0.071372 0.109421 0.094040
299000.014202 6.288236 0.046367 0.014953 0.036488 0.060624 0.085175 0.039287 0.063887 0.073407 0.026841 0.097863 0.051957 0.125919 0.117752 0.117098 0.023890 0.036190 0.097439 0.052300 0.105941 0.058651 0.110929 0.135211 0.107931 0.100080 0.146177 0.147956 0.106997 0.158546 0.166806 0.122864 0.138807 0.081515 0.099984 0.110541 0.130860 0.117016 0.109641 0.137843 0.089318 0.083736 0.127621 0.156747 0.118531 0.108708 0.120960 0.100284 0.098869 0.094459 0.121623 0.146729 0.155946 0.110630 0.133136 0.116093 0.115164 0.115876 0.121935 0.072760 0.104733 0.089690
300000.014249 12.887702 0.045020 0.021406 0.024892 0.064509 0.087658 0.046415 0.056812 0.062492 0.022468 0.098255 0.041364 0.119299 0.115550 0.108798 0.026512 0.032469 0.085963 0.048504 0.106816 0.047973 0.114978 0.133611 0.109340 0.103894 0.143134 0.143330 0.104187 0.153663 0.162674 0.122048 0.138181 0.090590 0.107234 0.109586 0.124704 0.113248 0.111377 0.133969 0.092086 0.090482 0.122351 0.154850 0.125860 0.109078 0.124830 0.109422 0.102597 0.104569 0.116699 0.147850 0.155100 0.109469 0.131343 0.121377 0.113872 0.117722 0.113469 0.068725 0.112531 0.094488
301000.014297 6.823986 0.044000 0.015577 0.029749 0.060185 0.084329 0.045342 0.051995 0.063234 0.031230 0.092491 0.048714 0.114294 0.109697 0.104030 0.031970 0.032234 0.082694 0.054699 0.102442 0.048911 0.108115 0.125489 0.102309 0.098156 0.134949 0.137889 0.095828 0.146778 0.156605 0.114825 0.129480 0.085373 0.102803 0.106963 0.123926 0.113501 0.108477 0.127107 0.084888 0.085130 0.119289 0.147889 0.121232 0.107990 0.121354 0.106568 0.099245 0.099895 0.117704 0.143255 0.146667 0.100823 0.130015 0.115073 0.111408 0.111538 0.110576 0.062206 0.106763 0.088837
302000.014344 8.853408 0.043810 0.017742 0.026396 0.063738 0.087805 0.045603 0.056448 0.062667 0.023678 0.098259 0.044903 0.120382 0.115539 0.109385 0.026224 0.033077 0.087882 0.048109 0.106353 0.049786 0.112824 0.133129 0.108304 0.102064 0.142754 0.142948 0.104532 0.153352 0.162390 0.121259 0.137397 0.088611 0.105467 0.108966 0.124981 0.113752 0.110743 0.133812 0.090915 0.088956 0.122211 0.154206 0.123959 0.108904 0.123582 0.107179 0.101063 0.102825 0.117475 0.146715 0.154462 0.109399 0.130928 0.120156 0.112888 0.116739 0.114465 0.068850 0.110815 0.092946
303000.014392 18.509790 0.036628 0.025654 0.017884 0.072588 0.095322 0.058024 0.042242 0.051036 0.036210 0.101974 0.046232 0.114426 0.113812 0.099394 0.031839 0.042473 0.073748 0.046456 0.109562 0.038359 0.115779 0.122861 0.099863 0.097258 0.132033 0.133589 0.092788 0.142910 0.154346 0.112425 0.128143 0.092256 0.110621 0.106500 0.125553 0.115599 0.113291 0.124160 0.084111 0.089061 0.114513 0.146570 0.130082 0.110211 0.128163 0.114299 0.102759 0.110267 0.120749 0.148797 0.147228 0.099018 0.134143 0.123692 0.112797 0.110081 0.107642 0.056456 0.116993 0.089782
304000.014439 6.693781 0.043750 0.015427 0.030351 0.063016 0.087194 0.044332 0.056981 0.067218 0.027446 0.098107 0.048506 0.122398 0.116511 0.111974 0.024345 0.036820 0.090242 0.050113 0.106232 0.053449 0.112654 0.131410 0.105200 0.098945 0.141843 0.143755 0.101730 0.154096 0.164031 0.119187 0.136070 0.084662 0.103373 0.108994 0.128659 0.116115 0.110698 0.133283 0.087544 0.085130 0.123779 0.154169 0.122576 0.108613 0.123125 0.105108 0.100075 0.099926 0.120865 0.147632 0.154105 0.106902 0.133412 0.118292 0.114494 0.114003 0.117580 0.066705 0.108365 0.089265
305000.014487 11.947246 0.040533 0.020610 0.021668 0.067944 0.090797 0.049481 0.053365 0.058756 0.024264 0.100843 0.042112 0.119575 0.116090 0.107468 0.023127 0.037732 0.084405 0.043603 0.107948 0.045417 0.114887 0.130830 0.105761 0.100063 0.140633 0.140410 0.102083 0.151377 0.160497 0.118919 0.135516 0.088608 0.106482 0.107316 0.126336 0.113995 0.110995 0.131992 0.088780 0.087787 0.119588 0.152102 0.125327 0.107787 0.124653 0.107729 0.100651 0.104460 0.118497 0.147679 0.153287 0.107349 0.132073 0.121787 0.112979 0.114251 0.112498 0.065746 0.112888 0.091276
306000.014534 4.797279 0.044635 0.013060 0.034910 0.058913 0.082749 0.040666 0.059538 0.070775 0.027014 0.093908 0.051033 0.120465 0.112764 0.111878 0.025511 0.033631 0.091987 0.053646 0.102733 0.054076 0.108149 0.130593 0.104572 0.099054 0.141588 0.144852 0.101653 0.154470 0.163094 0.119502 0.134140 0.081358 0.099923 0.109948 0.129722 0.116732 0.108896 0.134049 0.086185 0.082452 0.125713 0.153006 0.117988 0.108670 0.120495 0.101415 0.098821 0.094393 0.121043 0.144847 0.151173 0.105799 0.132303 0.114393 0.114995 0.113452 0.116754 0.067919 0.103515 0.088229
307000.014582 14.151348 0.048560 0.022431 0.026727 0.061102 0.083488 0.041789 0.059344 0.064159 0.021978 0.095125 0.038937 0.117670 0.113537 0.108272 0.029724 0.032012 0.086883 0.049631 0.103437 0.051716 0.112177 0.134343 0.110587 0.104392 0.143910 0.142523 0.105871 0.153990 0.161013 0.122467 0.138114 0.090057 0.104704 0.107996 0.120247 0.109258 0.108864 0.134915 0.093668 0.091691 0.121620 0.153331 0.122607 0.106107 0.120743 0.106581 0.101086 0.103019 0.112341 0.143979 0.154547 0.110987 0.127093 0.118463 0.110758 0.117315 0.112546 0.070833 0.109876 0.095683
308000.014629 1.620197 0.046367 0.007590 0.035640 0.057334 0.083122 0.040106 0.059393 0.071461 0.029504 0.093582 0.053087 0.121314 0.113739 0.112656 0.028650 0.032090 0.092568 0.056602 0.103676 0.056238 0.108316 0.130682 0.105081 0.098483 0.140921 0.143968 0.101624 0.153338 0.162816 0.118821 0.134639 0.080460 0.098745 0.108308 0.127640 0.115343 0.107499 0.132156 0.086351 0.082388 0.124361 0.153040 0.118003 0.107788 0.119748 0.101685 0.097214 0.094279 0.119945 0.144171 0.151354 0.105466 0.131148 0.112977 0.112629 0.114129 0.118445 0.068296 0.103016 0.087648
309000.014677 5.667453 0.046914 0.014195 0.029677 0.058675 0.083925 0.042617 0.055881 0.065028 0.028858 0.093498 0.047954 0.117225 0.112244 0.107321 0.032618 0.029424 0.086437 0.054842 0.103591 0.052828 0.109475 0.130668 0.107185 0.101426 0.139581 0.141382 0.101578 0.150769 0.160205 0.119198 0.134545 0.087370 0.103679 0.108306 0.122708 0.112587 0.109158 0.130881 0.089833 0.088645 0.121508 0.151997 0.122396 0.108639 0.121958 0.107390 0.100275 0.101033 0.116163 0.144384 0.151258 0.106428 0.129509 0.116315 0.111133 0.115879 0.113678 0.067430 0.107953 0.092305
310000.014724 8.500456 0.050049 0.017385 0.032736 0.058234 0.083132 0.038440 0.062711 0.070565 0.024973 0.095222 0.046059 0.121880 0.116161 0.113471 0.029567 0.029250 0.092608 0.054852 0.105163 0.056995 0.112454 0.135426 0.110713 0.103333 0.144799 0.145692 0.106151 0.155697 0.164608 0.123106 0.139660 0.086437 0.102668 0.109453 0.124089 0.112381 0.109044 0.135097 0.092630 0.088583 0.124806 0.156280 0.121748 0.107836 0.121374 0.105324 0.100307 0.099019 0.115888 0.145890 0.155820 0.110610 0.129885 0.116591 0.112536 0.118324 0.118615 0.072587 0.107311 0.093425
311000.014772 3.892145 0.052170 0.011764 0.045043 0.052052 0.078331 0.034608 0.066183 0.080067 0.034724 0.089832 0.059734 0.122692 0.112586 0.116565 0.033499 0.033155 0.099167 0.063628 0.100696 0.064769 0.104302 0.131612 0.105577 0.098053 0.142287 0.146854 0.102958 0.155780 0.164684 0.119804 0.134848 0.075393 0.093776 0.109390 0.129558 0.116386 0.105526 0.133937 0.086369 0.079638 0.127995 0.153862 0.112653 0.107590 0.116300 0.096840 0.095368 0.087142 0.121140 0.141861 0.150597 0.106296 0.130699 0.107784 0.113223 0.114310 0.122177 0.072115 0.096356 0.086211
312000.014819 8.913604 0.040592 0.017802 0.030848 0.065815 0.088607 0.047188 0.055914 0.066706 0.028633 0.099046 0.048966 0.121573 0.115612 0.111061 0.020505 0.040595 0.089044 0.048536 0.106394 0.050094 0.112401 0.128697 0.101824 0.096837 0.140154 0.142829 0.099036 0.153356 0.162451 0.117231 0.133069 0.082355 0.102501 0.108652 0.132146 0.118028 0.110487 0.132814 0.083795 0.081436 0.123387 0.151895 0.121196 0.108303 0.123073 0.103293 0.099298 0.098065 0.123488 0.147485 0.151644 0.104021 0.134913 0.118106 0.116055 0.110935 0.116162 0.063964 0.107540 0.086517
313000.014867 10.323216 0.057241 0.019158 0.041266 0.049046 0.074324 0.031166 0.069397 0.076826 0.022563 0.086874 0.049583 0.119186 0.110585 0.114488 0.036570 0.019156 0.097468 0.062198 0.098158 0.062804 0.105530 0.139368 0.115737 0.108499 0.148904 0.150088 0.111486 0.159881 0.165308 0.127898 0.141791 0.086448 0.099651 0.112149 0.121060 0.110495 0.106695 0.139533 0.097476 0.090810 0.129443 0.157614 0.116253 0.108416 0.117290 0.102532 0.100492 0.094292 0.111911 0.140832 0.155187 0.115324 0.125426 0.112157 0.112317 0.122887 0.117250 0.078905 0.101464 0.097564
314000.014914 5.303187 0.041464 0.013732 0.029970 0.061935 0.085858 0.043549 0.055287 0.066281 0.029764 0.096711 0.050832 0.120169 0.113948 0.109423 0.025729 0.035361 0.088630 0.050587 0.104803 0.051348 0.110088 0.130293 0.104572 0.099799 0.141158 0.144045 0.101085 0.153500 0.162974 0.119644 0.134076 0.085871 0.104118 0.111425 0.129572 0.118119 0.112350 0.133910 0.087120 0.086540 0.125003 0.153560 0.122498 0.111569 0.124011 0.106116 0.101908 0.099788 0.122369 0.147593 0.152312 0.105758 0.134305 0.118206 0.115895 0.113981 0.115974 0.065764 0.108013 0.090408
315000.014962 15.136885 0.030792 0.023199 0.021130 0.071933 0.093370 0.054563 0.045621 0.055777 0.033180 0.102353 0.047741 0.117923 0.114425 0.103701 0.021523 0.044331 0.079832 0.040906 0.107841 0.039479 0.113892 0.123868 0.097685 0.095286 0.135742 0.137924 0.094392 0.148189 0.158361 0.113868 0.128840 0.088219 0.107987 0.109011 0.131305 0.119173 0.114091 0.129352 0.081465 0.085192 0.119330 0.148710 0.126353 0.111050 0.126952 0.109069 0.102391 0.105395 0.124639 0.149460 0.149152 0.099855 0.136522 0.122918 0.116478 0.107716 0.110532 0.056959 0.113499 0.087031
316000.015009 9.852994 0.048329 0.018717 0.030442 0.058325 0.080988 0.038375 0.060409 0.067552 0.023623 0.093267 0.044315 0.118168 0.112487 0.109457 0.028408 0.030871 0.089478 0.051644 0.101575 0.054248 0.109608 0.134184 0.109698 0.104003 0.144498 0.144912 0.105297 0.155648 0.162840 0.123034 0.137646 0.087943 0.103243 0.110347 0.123294 0.112275 0.109799 0.136298 0.092641 0.090289 0.124702 0.154400 0.120921 0.108399 0.120742 0.105294 0.101511 0.099874 0.115301 0.144345 0.154166 0.110433 0.128904 0.116861 0.113131 0.117366 0.114040 0.070438 0.106917 0.094694
317000.015057 5.585799 0.043824 0.014093 0.039596 0.060644 0.085768 0.042524 0.059873 0.074773 0.037243 0.096938 0.059508 0.124726 0.116322 0.115297 0.027817 0.039678 0.095321 0.056667 0.105722 0.059648 0.109273 0.128911 0.101375 0.095012 0.140176 0.145467 0.099451 0.154211 0.164673 0.117481 0.133228 0.078311 0.099037 0.110805 0.134704 0.121037 0.110496 0.132803 0.083103 0.079962 0.126988 0.153700 0.118525 0.110929 0.122172 0.101419 0.098467 0.092703 0.126624 0.147310 0.151418 0.103484 0.136557 0.113750 0.116723 0.111377 0.122501 0.066613 0.102702 0.084460
318000.015104 3.061720 0.045114 0.010434 0.036078 0.057811 0.083699 0.040697 0.058868 0.071488 0.032908 0.094305 0.054976 0.121818 0.113923 0.112615 0.029517 0.033762 0.092742 0.056112 0.103888 0.057159 0.107816 0.129764 0.103721 0.097012 0.139995 0.143805 0.101121 0.152990 0.162818 0.118011 0.133717 0.080550 0.099211 0.108933 0.129177 0.116670 0.108447 0.131949 0.085628 0.082650 0.124618 0.152794 0.118381 0.108925 0.120662 0.102116 0.097673 0.094491 0.121336 0.144913 0.150995 0.104894 0.132537 0.113328 0.113308 0.113027 0.119154 0.068004 0.103289 0.086946
319000.015152 6.408066 0.053088 0.015094 0.036446 0.052186 0.077360 0.035572 0.062926 0.071899 0.024698 0.088188 0.048128 0.117154 0.110105 0.110630 0.034134 0.024634 0.091943 0.059151 0.099005 0.058781 0.106130 0.133948 0.110338 0.103605 0.143112 0.144687 0.105208 0.154463 0.161869 0.122106 0.137103 0.084441 0.099268 0.108406 0.120721 0.109972 0.105774 0.133928 0.092489 0.087687 0.124491 0.153337 0.117193 0.106216 0.117329 0.102864 0.098368 0.095547 0.112642 0.140681 0.151824 0.109896 0.125803 0.111847 0.110392 0.118111 0.114693 0.072442 0.102332 0.093279
320000.015199 9.571758 0.053447 0.018448 0.034325 0.056231 0.081977 0.043149 0.060377 0.068586 0.027567 0.091005 0.048242 0.117263 0.111954 0.109292 0.038237 0.024454 0.088626 0.060598 0.103061 0.055765 0.109971 0.133601 0.111356 0.104872 0.141498 0.142649 0.104590 0.151524 0.160806 0.121605 0.137820 0.087956 0.102515 0.107746 0.118682 0.109364 0.106603 0.130835 0.093518 0.090164 0.121963 0.153595 0.121622 0.107084 0.120117 0.107661 0.099338 0.100521 0.111980 0.142177 0.152270 0.109115 0.125894 0.114434 0.109263 0.119877 0.114199 0.071918 0.106870 0.094569
321000.015247 5.583725 0.040092 0.014090 0.030787 0.063562 0.088633 0.047710 0.053566 0.065165 0.031330 0.097675 0.052463 0.120565 0.114426 0.109428 0.027275 0.035193 0.087753 0.051903 0.106675 0.049292 0.110947 0.128182 0.102697 0.097793 0.138362 0.142162 0.099047 0.150841 0.161528 0.117208 0.132581 0.084840 0.104238 0.109898 0.130513 0.118690 0.111513 0.130554 0.084761 0.083955 0.123220 0.152162 0.123086 0.111182 0.124880 0.106702 0.100518 0.099983 0.123238 0.147816 0.150530 0.103319 0.134968 0.118374 0.115406 0.112904 0.115918 0.064596 0.108772 0.087913
322000.015294 3.449917 0.045902 0.011075 0.033594 0.059361 0.084514 0.041144 0.059649 0.069643 0.025666 0.095316 0.050294 0.121601 0.114533 0.112442 0.026571 0.031524 0.092340 0.053768 0.104668 0.054618 0.109943 0.132826 0.107276 0.101099 0.142949 0.145670 0.103665 0.155211 0.164500 0.121189 0.136569 0.084336 0.102697 0.110819 0.129122 0.116987 0.110556 0.134695 0.088909 0.085222 0.126057 0.155086 0.120986 0.110111 0.122824 0.104349 0.100557 0.097707 0.120980 0.146793 0.153519 0.108069 0.133190 0.117057 0.115217 0.116257 0.117649 0.069510 0.106537 0.090718
323000.015342 13.760375 0.038951 0.022119 0.020941 0.069866 0.093648 0.053839 0.049185 0.056841 0.029925 0.101974 0.044517 0.118854 0.116382 0.105622 0.028182 0.038377 0.080866 0.047147 0.110330 0.041727 0.116607 0.128526 0.104379 0.100006 0.138102 0.138789 0.099151 0.148722 0.159449 0.117119 0.133537 0.090906 0.109045 0.107722 0.126286 0.115194 0.112403 0.129156 0.087045 0.088520 0.118496 0.151441 0.128387 0.109714 0.127027 0.111538 0.102244 0.107638 0.120029 0.149321 0.152238 0.103950 0.133719 0.123238 0.113238 0.113475 0.112194 0.062936 0.115650 0.091249
324000.015389 4.432800 0.042236 0.012554 0.029766 0.062621 0.088095 0.045805 0.053954 0.064629 0.030414 0.097281 0.050023 0.120263 0.114820 0.109080 0.028483 0.034504 0.087466 0.052640 0.106680 0.050218 0.111032 0.128642 0.103829 0.097877 0.138580 0.140428 0.099858 0.150166 0.160272 0.116812 0.132895 0.084593 0.102951 0.107261 0.126424 0.114931 0.109305 0.129963 0.085420 0.084430 0.120845 0.151289 0.122040 0.108443 0.122438 0.105326 0.098834 0.100093 0.119970 0.145827 0.151017 0.103631 0.131965 0.117214 0.111814 0.112488 0.115729 0.065195 0.108332 0.088481
325000.015437 5.074140 0.049850 0.013432 0.042311 0.055172 0.083450 0.045581 0.057069 0.073223 0.041536 0.090153 0.061649 0.118643 0.110687 0.109868 0.041713 0.032161 0.090610 0.066711 0.103279 0.059454 0.104755 0.124402 0.101158 0.094875 0.133067 0.138577 0.095913 0.145668 0.157685 0.112685 0.128604 0.079203 0.097440 0.106086 0.125608 0.115151 0.105332 0.124093 0.082348 0.080578 0.120902 0.148217 0.117106 0.108180 0.118764 0.103225 0.095246 0.093843 0.120284 0.141282 0.145194 0.098559 0.130253 0.108874 0.109350 0.110892 0.118033 0.066015 0.101028 0.084454
326000.015484 5.385211 0.057742 0.013837 0.047012 0.046393 0.075310 0.035343 0.067363 0.079464 0.034328 0.084460 0.060266 0.118863 0.108713 0.114040 0.043000 0.021790 0.098260 0.069602 0.098179 0.065882 0.100930 0.133937 0.111008 0.103311 0.142759 0.146389 0.106711 0.154365 0.162515 0.122292 0.136328 0.080368 0.094835 0.109276 0.121689 0.111836 0.103472 0.133046 0.091838 0.084973 0.126978 0.153765 0.112512 0.107842 0.114783 0.099802 0.095999 0.089393 0.114693 0.137871 0.149562 0.109186 0.125155 0.106284 0.109221 0.119218 0.118991 0.076382 0.096491 0.091816
327000.015532 3.279987 0.048225 0.010799 0.037229 0.055972 0.082085 0.037868 0.062470 0.073367 0.027269 0.093541 0.052545 0.123079 0.114786 0.115013 0.028601 0.029455 0.095527 0.056816 0.103527 0.058567 0.108516 0.133524 0.107642 0.100299 0.143702 0.146602 0.104880 0.156123 0.165609 0.121314 0.137508 0.081643 0.099538 0.109821 0.127785 0.115225 0.108100 0.134730 0.089000 0.083894 0.126483 0.155797 0.118177 0.108649 0.120165 0.101673 0.098361 0.094299 0.119286 0.145027 0.154037 0.108523 0.131323 0.113961 0.113535 0.116112 0.120016 0.071578 0.103213 0.089568
328000.015579 6.240103 0.041558 0.014895 0.031551 0.061311 0.084265 0.041659 0.057658 0.068015 0.028211 0.095914 0.050979 0.120461 0.113424 0.110665 0.023179 0.036064 0.090489 0.049435 0.103215 0.052586 0.109162 0.131758 0.105222 0.100615 0.143378 0.146237 0.102727 0.156231 0.164418 0.121408 0.135126 0.085088 0.103170 0.112501 0.130989 0.118742 0.112312 0.136582 0.087900 0.086301 0.127017 0.154484 0.120904 0.111639 0.123337 0.104596 0.101994 0.097875 0.122691 0.147188 0.153115 0.107566 0.134367 0.117704 0.117180 0.114626 0.116217 0.067097 0.106542 0.090775
329000.015627 9.302791 0.055227 0.018187 0.041550 0.048564 0.072657 0.029976 0.067188 0.076599 0.028179 0.085153 0.051813 0.116242 0.107707 0.111447 0.036464 0.024796 0.094907 0.062291 0.096145 0.061788 0.102680 0.134830 0.111322 0.105104 0.144821 0.147056 0.106984 0.156465 0.161840 0.124326 0.136685 0.082959 0.096717 0.110879 0.122207 0.111373 0.105661 0.136883 0.093214 0.087853 0.127726 0.153454 0.113565 0.107490 0.115382 0.100084 0.098715 0.091101 0.113545 0.139001 0.150530 0.110737 0.125466 0.108787 0.111805 0.118767 0.115393 0.075245 0.098313 0.094298
330000.015674 10.976007 0.055554 0.019755 0.036283 0.052684 0.078629 0.038715 0.063478 0.070087 0.025073 0.088378 0.046208 0.116370 0.110228 0.109589 0.039875 0.019002 0.090571 0.061520 0.100771 0.057376 0.107359 0.135320 0.113555 0.106443 0.143242 0.143306 0.107703 0.152873 0.160047 0.123285 0.138498 0.088522 0.101485 0.107751 0.115847 0.106787 0.105142 0.132924 0.095488 0.091327 0.122569 0.153451 0.119047 0.106004 0.117643 0.105469 0.099094 0.099151 0.108650 0.139608 0.152325 0.111166 0.123006 0.113097 0.107557 0.120468 0.113511 0.075368 0.105364 0.096618
331000.015722 3.826905 0.050504 0.011665 0.041813 0.053293 0.079483 0.037378 0.063885 0.075567 0.031059 0.089600 0.056934 0.119950 0.110805 0.113328 0.033460 0.029046 0.095822 0.061301 0.100451 0.060476 0.103976 0.131332 0.106427 0.099430 0.140999 0.145285 0.103268 0.153662 0.161991 0.120029 0.134122 0.078299 0.095815 0.109030 0.127520 0.115121 0.105491 0.132916 0.087569 0.081218 0.126190 0.152350 0.113923 0.107834 0.117249 0.098937 0.096041 0.089358 0.118892 0.141034 0.148947 0.106781 0.129171 0.109397 0.112463 0.115458 0.118226 0.071903 0.098610 0.088044
332000.015769 7.282422 0.045305 0.016091 0.034359 0.061886 0.086232 0.042054 0.062064 0.071146 0.025297 0.098446 0.051019 0.124912 0.117496 0.115638 0.023439 0.034544 0.095144 0.051152 0.106701 0.055625 0.112378 0.135206 0.108461 0.101625 0.145571 0.148149 0.106335 0.157775 0.167135 0.123370 0.139385 0.084286 0.103145 0.112212 0.131863 0.118717 0.111909 0.137103 0.090277 0.085638 0.127951 0.157628 0.121894 0.111043 0.124191 0.104165 0.101162 0.097579 0.122615 0.148940 0.156094 0.110675 0.134915 0.118646 0.117226 0.117688 0.120358 0.071935 0.107537 0.091010
333000.015817 2.683869 0.043135 0.009769 0.034245 0.061871 0.088436 0.046956 0.054300 0.067759 0.035522 0.097071 0.055994 0.121501 0.115159 0.110343 0.032336 0.035634 0.089226 0.057293 0.107499 0.053407 0.110077 0.126907 0.102050 0.095827 0.136618 0.139980 0.098050 0.148528 0.159744 0.115126 0.131345 0.081696 0.100915 0.107085 0.128016 0.116568 0.108649 0.127850 0.083116 0.081868 0.121040 0.150594 0.120790 0.108969 0.121925 0.104290 0.097382 0.097527 0.122197 0.145408 0.149282 0.101245 0.132823 0.114758 0.111582 0.111486 0.118257 0.064667 0.106149 0.085776
334000.015864 7.237263 0.038840 0.016041 0.030804 0.064812 0.088485 0.046391 0.054704 0.066453 0.031314 0.099531 0.052853 0.122851 0.116165 0.111287 0.022435 0.039251 0.090024 0.047952 0.106551 0.051496 0.111557 0.129361 0.102311 0.097270 0.140599 0.144169 0.100120 0.153572 0.164102 0.118366 0.134022 0.084474 0.104290 0.111464 0.132788 0.120355 0.113325 0.133451 0.085175 0.084486 0.125246 0.153922 0.123141 0.112015 0.125243 0.105616 0.101499 0.099777 0.125119 0.149401 0.152791 0.105023 0.136575 0.119417 0.117487 0.112448 0.117692 0.064707 0.108618 0.087840
335000.015912 9.630994 0.038628 0.018505 0.025460 0.066760 0.090551 0.052446 0.046791 0.058496 0.033389 0.098060 0.049190 0.116120 0.112622 0.103215 0.030422 0.037756 0.079738 0.051026 0.107022 0.042798 0.111993 0.123513 0.099889 0.096383 0.133324 0.135840 0.093929 0.144696 0.155903 0.112852 0.128460 0.086730 0.105409 0.106407 0.125953 0.115409 0.110365 0.125181 0.082414 0.084711 0.117161 0.147395 0.124712 0.108946 0.124252 0.108764 0.099794 0.103660 0.120588 0.146102 0.146924 0.098606 0.132523 0.118700 0.112104 0.109772 0.110625 0.058891 0.110946 0.087258
336000.015959 2.449416 0.047702 0.009332 0.035073 0.058079 0.085433 0.043138 0.058080 0.069756 0.031299 0.094739 0.053677 0.121792 0.114990 0.112182 0.033372 0.029776 0.091508 0.058536 0.105983 0.056150 0.110006 0.131273 0.106816 0.099921 0.140203 0.143214 0.102301 0.151859 0.163047 0.118968 0.135753 0.084205 0.102167 0.108777 0.126056 0.115293 0.109045 0.130575 0.088268 0.085485 0.123537 0.154145 0.121729 0.109545 0.122419 0.105857 0.099039 0.098745 0.119533 0.145865 0.152548 0.105960 0.131811 0.115491 0.112069 0.116078 0.118795 0.069167 0.106710 0.089751
337000.016007 6.177039 0.059845 0.014820 0.048869 0.043141 0.072094 0.031309 0.069299 0.082316 0.037903 0.082342 0.062205 0.118410 0.107717 0.114565 0.044942 0.024623 0.099437 0.071449 0.096301 0.069344 0.099268 0.133822 0.110651 0.102402 0.142641 0.146448 0.106578 0.154612 0.162283 0.122077 0.135971 0.078096 0.091801 0.108703 0.121071 0.111105 0.102105 0.133016 0.091908 0.085071 0.127301 0.153213 0.110376 0.106590 0.112626 0.098013 0.094511 0.086821 0.114101 0.136322 0.148751 0.109139 0.124103 0.102873 0.108057 0.118842 0.120169 0.077204 0.093475 0.091031
338000.016054 7.550386 0.048940 0.016385 0.036544 0.056824 0.081156 0.039180 0.062533 0.072108 0.025051 0.092548 0.050377 0.120245 0.112670 0.112742 0.028959 0.028656 0.093222 0.055965 0.102311 0.056009 0.108784 0.134124 0.109064 0.103418 0.144091 0.147601 0.104973 0.156653 0.165473 0.123071 0.137780 0.085071 0.102666 0.112476 0.129052 0.116955 0.110584 0.135938 0.091051 0.086671 0.128068 0.156116 0.120440 0.110924 0.122740 0.104848 0.101530 0.096831 0.119884 0.146329 0.153570 0.109530 0.132675 0.116222 0.116525 0.118332 0.116734 0.071737 0.105385 0.092483
339000.016102 5.273451 0.047177 0.013693 0.036057 0.059045 0.084800 0.039175 0.062737 0.072527 0.028801 0.097022 0.052521 0.125371 0.117516 0.116058 0.028465 0.032925 0.096316 0.054606 0.106258 0.058765 0.110685 0.134696 0.108472 0.100480 0.145036 0.146740 0.106602 0.156718 0.166191 0.122288 0.138731 0.083304 0.100972 0.110374 0.128158 0.115813 0.109672 0.136012 0.089957 0.085655 0.126487 0.156848 0.119760 0.109349 0.121259 0.102263 0.099348 0.096294 0.120218 0.146510 0.155927 0.109804 0.132239 0.116014 0.113572 0.116309 0.121887 0.072714 0.105591 0.090589
340000.016149 2.698038 0.048124 0.009794 0.040101 0.056836 0.085031 0.043192 0.059754 0.074113 0.037036 0.094478 0.059872 0.124141 0.115484 0.114884 0.035696 0.032786 0.095191 0.061811 0.105768 0.060471 0.108175 0.130665 0.105140 0.097849 0.140406 0.144734 0.102257 0.153055 0.164703 0.118395 0.135067 0.081399 0.099922 0.109666 0.128912 0.117578 0.108874 0.131199 0.086510 0.083421 0.125572 0.154754 0.119594 0.110628 0.121638 0.103863 0.098113 0.095592 0.122405 0.145838 0.152532 0.105159 0.133305 0.113322 0.112906 0.114680 0.122246 0.069757 0.103836 0.087550
341000.016197 13.328518 0.046759 0.021769 0.025938 0.065150 0.088296 0.044175 0.060118 0.064481 0.020884 0.100207 0.040600 0.121724 0.117707 0.111541 0.024857 0.035064 0.089462 0.046662 0.107956 0.051451 0.115970 0.137151 0.112084 0.105471 0.146502 0.145817 0.108191 0.157093 0.164876 0.124921 0.140915 0.091390 0.108132 0.110879 0.126889 0.114653 0.113056 0.137727 0.094748 0.091998 0.124577 0.156901 0.126539 0.109692 0.125935 0.109001 0.103774 0.105154 0.118078 0.149549 0.157922 0.113442 0.132965 0.123093 0.115149 0.119770 0.115884 0.072265 0.113823 0.096606
342000.016244 18.032022 0.043986 0.025321 0.020052 0.069660 0.091574 0.050368 0.054563 0.057878 0.023496 0.101853 0.036958 0.118518 0.116852 0.106507 0.025035 0.038847 0.082810 0.043494 0.108904 0.045756 0.117565 0.131982 0.107926 0.102433 0.141100 0.140092 0.102291 0.151335 0.160401 0.119975 0.136692 0.092268 0.109757 0.107921 0.125485 0.113402 0.112793 0.132470 0.091384 0.090743 0.119299 0.152581 0.128428 0.108029 0.126542 0.110773 0.103186 0.108082 0.117681 0.149373 0.154358 0.108711 0.132695 0.124493 0.113874 0.115702 0.111362 0.066435 0.116040 0.094261
343000.016292 4.539852 0.050521 0.012705 0.037080 0.054855 0.081571 0.040752 0.060983 0.071616 0.028474 0.090809 0.051866 0.119712 0.112515 0.112079 0.034648 0.025550 0.092021 0.060671 0.102736 0.056907 0.108121 0.131553 0.107738 0.100801 0.140674 0.143117 0.102693 0.151797 0.161816 0.119432 0.135895 0.082487 0.098925 0.107151 0.122432 0.111528 0.105281 0.130334 0.088894 0.084296 0.123001 0.153124 0.118057 0.106507 0.118429 0.103236 0.096737 0.095261 0.115186 0.141965 0.151143 0.106323 0.127466 0.111926 0.110001 0.116296 0.117206 0.070641 0.102972 0.089638
344000.016339 7.936394 0.046445 0.016798 0.027682 0.060644 0.085292 0.045990 0.053786 0.062489 0.028374 0.094134 0.046674 0.116322 0.111915 0.105657 0.033561 0.030101 0.084078 0.054157 0.104141 0.049715 0.110462 0.130313 0.107338 0.102357 0.139294 0.140438 0.101166 0.149899 0.159614 0.119062 0.134459 0.089470 0.105276 0.108346 0.121350 0.112143 0.109690 0.130282 0.090190 0.090076 0.120590 0.151823 0.123910 0.108899 0.122659 0.109097 0.101164 0.103606 0.115557 0.144545 0.151333 0.106075 0.129028 0.117774 0.110974 0.116206 0.111843 0.066461 0.109881 0.093323
345000.016387 5.906497 0.054396 0.014492 0.041401 0.048628 0.074268 0.033490 0.065287 0.075856 0.027831 0.085360 0.053871 0.116995 0.108009 0.111659 0.036868 0.021697 0.094718 0.063258 0.097080 0.060680 0.102895 0.134546 0.111065 0.105126 0.144277 0.147435 0.106285 0.156012 0.163279 0.123881 0.137101 0.083543 0.098100 0.111581 0.122929 0.112907 0.106602 0.135590 0.092737 0.087623 0.128129 0.154707 0.115338 0.109220 0.117252 0.102112 0.099332 0.092646 0.114995 0.140346 0.151080 0.110052 0.126784 0.109986 0.112598 0.119622 0.115733 0.074296 0.099475 0.093850
346000.016434 5.266718 0.045074 0.013684 0.030800 0.060761 0.086217 0.043151 0.057517 0.067517 0.026862 0.096578 0.047484 0.121607 0.115853 0.111706 0.027229 0.031749 0.089731 0.053381 0.106559 0.052271 0.112391 0.131065 0.106055 0.099505 0.140838 0.142701 0.101728 0.152493 0.162815 0.118778 0.135835 0.084598 0.102833 0.107952 0.126383 0.114297 0.109090 0.131460 0.087509 0.084894 0.122586 0.153734 0.122167 0.107859 0.122390 0.105180 0.099148 0.099511 0.118867 0.146619 0.153242 0.105751 0.131888 0.117120 0.112627 0.114450 0.117433 0.067805 0.107989 0.089421
347000.016482 3.755135 0.048818 0.011555 0.037616 0.056431 0.081377 0.036938 0.062561 0.074099 0.029675 0.093506 0.054091 0.122125 0.114212 0.114163 0.028234 0.033405 0.095211 0.056790 0.102695 0.059887 0.108145 0.133826 0.107847 0.101299 0.144414 0.147557 0.104507 0.157064 0.165617 0.122376 0.137222 0.081926 0.099636 0.111427 0.129317 0.117120 0.109776 0.136309 0.089633 0.085137 0.127925 0.155703 0.118410 0.110015 0.120665 0.102245 0.099678 0.094212 0.121155 0.145469 0.153696 0.109187 0.132452 0.113839 0.115312 0.116911 0.119808 0.070787 0.102739 0.090621
348000.016529 4.382167 0.050316 0.012482 0.037820 0.053393 0.078528 0.035461 0.063227 0.073989 0.027641 0.090187 0.052011 0.120171 0.111890 0.113253 0.030501 0.029374 0.094501 0.057832 0.100053 0.059934 0.106261 0.133100 0.107649 0.100788 0.143245 0.146119 0.104179 0.155752 0.164078 0.121315 0.136639 0.081089 0.097774 0.109311 0.125765 0.113633 0.106727 0.134561 0.089694 0.084560 0.126244 0.154238 0.116305 0.107246 0.118035 0.100941 0.097622 0.092897 0.117105 0.142543 0.152215 0.108726 0.129048 0.111466 0.112713 0.116282 0.117973 0.071433 0.100844 0.089958
349000.016577 2.465858 0.050573 0.009363 0.040086 0.054096 0.081864 0.039290 0.061944 0.074727 0.033064 0.091473 0.056422 0.121369 0.113259 0.113810 0.034711 0.028827 0.094663 0.062347 0.103293 0.060667 0.107071 0.131457 0.106713 0.099400 0.140698 0.144867 0.102531 0.153331 0.163399 0.119314 0.135163 0.080574 0.098480 0.108818 0.127170 0.115261 0.106876 0.131600 0.087796 0.082861 0.125401 0.153764 0.117624 0.108612 0.119691 0.102466 0.097300 0.093318 0.119546 0.143665 0.151192 0.106114 0.131000 0.111504 0.112148 0.115730 0.119960 0.070751 0.101872 0.088510
350000.016624 5.201650 0.048188 0.013600 0.043308 0.056316 0.082673 0.040092 0.061753 0.077632 0.040387 0.093447 0.062515 0.124102 0.114625 0.115592 0.034464 0.038391 0.097231 0.062083 0.103308 0.064016 0.105854 0.128971 0.102269 0.094959 0.140253 0.144778 0.100439 0.153648 0.163859 0.117210 0.132776 0.076842 0.095478 0.109201 0.130362 0.117931 0.107450 0.132203 0.083796 0.080294 0.126288 0.152879 0.114979 0.109097 0.117977 0.099015 0.096173 0.090087 0.123589 0.143506 0.150604 0.103619 0.132649 0.109436 0.113099 0.111223 0.123355 0.068515 0.098746 0.084693
351000.016672 7.014486 0.042444 0.015793 0.033668 0.061130 0.083494 0.041000 0.058506 0.069757 0.030832 0.095364 0.052949 0.120130 0.113048 0.110686 0.023503 0.037981 0.091081 0.050719 0.102409 0.055081 0.108396 0.130288 0.103532 0.098913 0.142041 0.145715 0.100691 0.155321 0.163524 0.120168 0.133665 0.082876 0.101467 0.112190 0.132094 0.119296 0.111751 0.135712 0.086497 0.084449 0.126951 0.153280 0.119397 0.111193 0.122345 0.103227 0.101093 0.095369 0.123618 0.146429 0.151460 0.106159 0.134603 0.115866 0.117489 0.113194 0.116698 0.065949 0.104365 0.088966
352000.016719 10.866034 0.062068 0.019656 0.048670 0.040534 0.067117 0.024454 0.073086 0.083215 0.029991 0.080031 0.056236 0.117243 0.106286 0.115178 0.042524 0.019762 0.100939 0.069146 0.092694 0.069550 0.098811 0.137761 0.114494 0.106522 0.147171 0.149750 0.110699 0.159088 0.163743 0.126282 0.139249 0.080424 0.092548 0.110462 0.119465 0.108819 0.102148 0.137993 0.096138 0.087634 0.129902 0.155078 0.109159 0.105753 0.111334 0.096746 0.096339 0.086568 0.110334 0.135492 0.150988 0.113939 0.121931 0.103985 0.109588 0.121432 0.117921 0.080556 0.092983 0.094967
353000.016767 4.569740 0.053162 0.012747 0.040379 0.050057 0.076094 0.034011 0.064175 0.075237 0.029387 0.086733 0.053549 0.117580 0.109232 0.111692 0.035309 0.025275 0.094188 0.062538 0.098072 0.061134 0.103790 0.133381 0.109376 0.103229 0.143419 0.146545 0.104651 0.155709 0.162998 0.122347 0.135902 0.082466 0.097741 0.110223 0.123636 0.112739 0.106161 0.135049 0.091004 0.085989 0.127012 0.153743 0.115246 0.108211 0.117043 0.101641 0.098531 0.092364 0.115740 0.140665 0.151016 0.108869 0.127495 0.110015 0.112100 0.117588 0.116526 0.072325 0.099487 0.092297
354000.016814 7.468868 0.038484 0.016296 0.025568 0.065111 0.088341 0.048176 0.050708 0.061262 0.030401 0.097903 0.048343 0.118456 0.113431 0.106352 0.025658 0.038281 0.084118 0.047728 0.105416 0.046419 0.110974 0.127198 0.101730 0.097393 0.138164 0.139794 0.098238 0.150115 0.159644 0.116225 0.131519 0.085843 0.103976 0.107939 0.127207 0.115716 0.110603 0.130546 0.084536 0.085489 0.120499 0.150234 0.122748 0.108834 0.123031 0.106126 0.099936 0.101661 0.120646 0.146131 0.150372 0.102894 0.132492 0.118398 0.113177 0.110944 0.112889 0.062061 0.109257 0.088410
355000.016862 4.739072 0.045541 0.012981 0.030240 0.060492 0.086129 0.045651 0.054331 0.064726 0.031899 0.094979 0.051700 0.118320 0.113131 0.107576 0.033389 0.031994 0.086443 0.055567 0.105069 0.052464 0.110036 0.130272 0.106483 0.101072 0.139546 0.141627 0.101117 0.150666 0.160655 0.119050 0.134353 0.087271 0.103927 0.108923 0.124138 0.114448 0.109980 0.130618 0.089033 0.088487 0.121836 0.152429 0.123166 0.110038 0.122986 0.108266 0.100435 0.101499 0.118417 0.145219 0.151402 0.105815 0.130807 0.116761 0.111751 0.116081 0.114741 0.066383 0.108476 0.091684
356000.016909 18.461023 0.057217 0.025620 0.034254 0.057488 0.081042 0.040952 0.065713 0.068994 0.019396 0.091868 0.039984 0.117144 0.112819 0.110514 0.037344 0.024300 0.090331 0.057837 0.102844 0.056632 0.112168 0.138343 0.116406 0.109073 0.145660 0.144425 0.109880 0.154671 0.161115 0.125900 0.141929 0.091243 0.104626 0.108394 0.117364 0.107085 0.107180 0.135072 0.098830 0.093598 0.122950 0.155046 0.122538 0.105675 0.120335 0.107790 0.101088 0.102497 0.108474 0.142447 0.154960 0.114938 0.124398 0.117225 0.110007 0.123305 0.112926 0.077246 0.109301 0.099167
357000.016957 6.531225 0.042401 0.015239 0.028753 0.063080 0.086734 0.044309 0.055408 0.065688 0.029217 0.097329 0.048851 0.119787 0.114661 0.109319 0.023958 0.036750 0.087601 0.049837 0.105353 0.051794 0.111832 0.130103 0.104357 0.099273 0.140467 0.143312 0.099919 0.153097 0.162447 0.118950 0.134278 0.085416 0.104221 0.110031 0.129890 0.117483 0.111815 0.132931 0.087133 0.085813 0.123780 0.152894 0.123222 0.110151 0.124370 0.106713 0.101218 0.100080 0.121990 0.147883 0.152133 0.105768 0.134515 0.118426 0.115779 0.114013 0.115577 0.064792 0.108526 0.089695
358000.017004 1.851341 0.045698 0.008113 0.037005 0.058293 0.084732 0.040425 0.059947 0.072214 0.032313 0.095286 0.055673 0.123139 0.115289 0.113895 0.029340 0.033848 0.094319 0.056661 0.105091 0.058204 0.108449 0.130518 0.104510 0.097175 0.140565 0.144060 0.101850 0.153001 0.163070 0.118488 0.134447 0.079994 0.098988 0.108811 0.129340 0.116903 0.108439 0.132095 0.085831 0.081819 0.124777 0.153299 0.118248 0.108837 0.120525 0.101456 0.097393 0.093940 0.121764 0.145128 0.151497 0.105472 0.132590 0.113510 0.113198 0.113528 0.120556 0.068973 0.103317 0.086855
359000.017052 3.228148 0.042538 0.010713 0.034826 0.060623 0.086454 0.045027 0.054866 0.068914 0.035125 0.095833 0.056231 0.121195 0.113984 0.110666 0.029465 0.036194 0.090066 0.055246 0.105174 0.054867 0.108641 0.126770 0.100878 0.095097 0.136795 0.141735 0.097450 0.150224 0.161352 0.115291 0.131269 0.081315 0.101331 0.109021 0.131129 0.118914 0.110219 0.129251 0.083166 0.081845 0.123426 0.151195 0.120699 0.110367 0.123060 0.104408 0.098597 0.096868 0.123984 0.146510 0.149251 0.101917 0.134911 0.115152 0.114587 0.111290 0.117944 0.064197 0.105356 0.085339
360000.017099 3.409709 0.043494 0.011011 0.031008 0.059776 0.085347 0.044446 0.054523 0.066386 0.030548 0.094605 0.051352 0.119317 0.113163 0.109034 0.029868 0.031714 0.087670 0.054569 0.104561 0.051867 0.109629 0.128712 0.103968 0.098618 0.138632 0.141842 0.099289 0.150667 0.161351 0.117410 0.133209 0.084592 0.102594 0.108782 0.126496 0.115562 0.109511 0.130035 0.086157 0.085053 0.122571 0.152178 0.121737 0.109461 0.122477 0.106171 0.099517 0.099139 0.119839 0.145645 0.150713 0.103778 0.131996 0.115927 0.112986 0.113593 0.115705 0.065211 0.106822 0.088732
