#! FIELDS time restraint.bias r0 r1 r2 r3 r4 r5 r6 r7 r8 r9 r10 r11 r12 r13 r14 r15 r16 r17 r18 r19 r20 r21 r22 r23 r24 r25 r26 r27 r28 r29 r30 r31 r32 r33 r34 r35 r36 r37 r38 r39 r40 r41 r42 r43 r44 r45 r46 r47 r48 r49 r50 r51 r52 r53 r54 r55 r56 r57 r58 r59
560000.026599 3.018060 0.092102 0.051736 0.081881 0.011961 0.037735 0.023795 0.099792 0.110346 0.060744 0.053651 0.085235 0.106375 0.088337 0.116507 0.075348 0.039377 0.118782 0.099510 0.069668 0.100969 0.074612 0.148564 0.130373 0.123597 0.157397 0.164612 0.126357 0.171231 0.161181 0.142188 0.141629 0.085879 0.085670 0.124239 0.117984 0.112101 0.101821 0.152605 0.115580 0.102601 0.147941 0.155701 0.093957 0.114649 0.101933 0.094662 0.102975 0.073616 0.108123 0.121949 0.143303 0.130772 0.114700 0.088075 0.114731 0.137132 0.116742 0.103202 0.073002 0.111927
561000.026646 5.547461 0.098642 0.061809 0.087602 0.016217 0.025328 0.030970 0.104847 0.112545 0.065901 0.043970 0.087839 0.097984 0.079108 0.111088 0.082996 0.045670 0.118280 0.103903 0.058754 0.104873 0.066882 0.149162 0.134565 0.130887 0.157856 0.164607 0.130158 0.166533 0.152558 0.146871 0.138652 0.093699 0.088315 0.128708 0.113147 0.110108 0.103155 0.158471 0.122319 0.110846 0.150791 0.149845 0.090854 0.117101 0.099181 0.097004 0.108052 0.076292 0.102693 0.115186 0.137515 0.135769 0.109025 0.087588 0.116774 0.140478 0.108772 0.107798 0.071623 0.120288
562000.026694 5.199416 0.092225 0.053680 0.079328 0.015700 0.033428 0.023232 0.099488 0.107478 0.056979 0.052549 0.079700 0.103393 0.086728 0.114125 0.074537 0.037027 0.115921 0.096618 0.066978 0.098345 0.077290 0.150926 0.133247 0.127979 0.160098 0.165333 0.128447 0.171348 0.158602 0.145323 0.144050 0.092487 0.091302 0.126740 0.115357 0.110675 0.104879 0.155730 0.119342 0.108031 0.148765 0.155757 0.098199 0.115986 0.104494 0.099310 0.107458 0.080670 0.104445 0.122951 0.145180 0.133715 0.113776 0.093427 0.117028 0.139715 0.111963 0.103670 0.078786 0.116690
563000.026741 4.733342 0.089527 0.049136 0.075441 0.014980 0.039519 0.023258 0.095738 0.103160 0.052669 0.054293 0.076249 0.103585 0.088090 0.112937 0.071908 0.030308 0.113299 0.094256 0.070167 0.094689 0.078685 0.149355 0.132107 0.126031 0.157200 0.161558 0.126764 0.167691 0.156228 0.142680 0.143052 0.091496 0.091260 0.123018 0.111862 0.107704 0.102683 0.152044 0.117389 0.105851 0.144332 0.153721 0.099322 0.113525 0.104316 0.099496 0.104961 0.082112 0.101677 0.122065 0.144002 0.131768 0.111678 0.094087 0.113463 0.138582 0.111206 0.101349 0.080799 0.114828
564000.026789 3.549752 0.097910 0.059225 0.086006 0.012972 0.030477 0.028270 0.104333 0.112955 0.064678 0.048825 0.086853 0.102004 0.084673 0.114447 0.081382 0.042304 0.119537 0.103473 0.064690 0.105130 0.073233 0.152110 0.135608 0.129822 0.160607 0.167320 0.130573 0.170973 0.157675 0.146984 0.143860 0.093474 0.090602 0.128758 0.115938 0.112047 0.105013 0.156388 0.122225 0.110097 0.151398 0.155745 0.096146 0.118149 0.103483 0.099707 0.108479 0.078647 0.105478 0.121118 0.143552 0.135752 0.113610 0.090424 0.117559 0.141801 0.113154 0.107802 0.075622 0.118912
565000.026836 12.190573 0.079324 0.038869 0.066917 0.024040 0.047770 0.015649 0.088232 0.097732 0.045308 0.063478 0.069994 0.109258 0.094339 0.114594 0.060761 0.028497 0.109857 0.085494 0.077394 0.086244 0.084426 0.144067 0.124137 0.117902 0.153952 0.157905 0.119985 0.166323 0.160464 0.136322 0.140122 0.084225 0.088129 0.118509 0.115820 0.108353 0.101241 0.148350 0.107850 0.097247 0.140079 0.154137 0.099119 0.109894 0.104038 0.094444 0.100576 0.079005 0.106158 0.125755 0.145979 0.124039 0.115205 0.094763 0.112118 0.130265 0.114963 0.092997 0.080941 0.106260
566000.026884 1.787932 0.095520 0.055712 0.082901 0.009207 0.032636 0.029556 0.100006 0.109038 0.062744 0.046357 0.084612 0.099187 0.082193 0.111049 0.080261 0.039530 0.115178 0.102324 0.064687 0.101015 0.071857 0.148250 0.132877 0.127731 0.156252 0.162290 0.127023 0.166376 0.153531 0.143281 0.139974 0.091943 0.088671 0.124790 0.110748 0.108479 0.101854 0.152390 0.119072 0.108213 0.146683 0.151311 0.095266 0.114946 0.100967 0.099133 0.105497 0.079560 0.102270 0.117622 0.139407 0.131923 0.109755 0.088237 0.113175 0.139243 0.110059 0.104184 0.075302 0.116748
567000.026931 4.195087 0.091395 0.052070 0.078695 0.014102 0.034915 0.024749 0.097546 0.105682 0.057171 0.050900 0.080399 0.101369 0.084654 0.111459 0.074950 0.035332 0.114052 0.097200 0.066638 0.097036 0.074280 0.148240 0.131967 0.127228 0.156872 0.162127 0.126710 0.166550 0.154611 0.143524 0.140452 0.091948 0.090098 0.125337 0.112678 0.109289 0.103328 0.154077 0.117869 0.107192 0.146459 0.152088 0.096467 0.115525 0.102671 0.098686 0.106277 0.079824 0.103305 0.119862 0.141218 0.131757 0.111341 0.091621 0.114834 0.138324 0.110376 0.102061 0.077199 0.116193
568000.026979 1.219698 0.091178 0.051052 0.080246 0.007604 0.038457 0.029297 0.095952 0.107006 0.061475 0.049271 0.083746 0.101745 0.084653 0.111867 0.077065 0.036727 0.113772 0.100531 0.068523 0.098054 0.072800 0.143938 0.127447 0.121347 0.152170 0.158949 0.122120 0.165481 0.155746 0.137428 0.137373 0.086134 0.085033 0.120075 0.111452 0.107349 0.098277 0.146663 0.112668 0.101566 0.142478 0.150963 0.093536 0.111648 0.099365 0.095645 0.100607 0.075878 0.103480 0.117921 0.138953 0.125891 0.110347 0.085674 0.109746 0.133662 0.112524 0.099829 0.073199 0.110124
569000.027026 1.897336 0.095898 0.056858 0.083858 0.009484 0.031552 0.029287 0.100850 0.109714 0.063312 0.045837 0.084691 0.099042 0.081713 0.111043 0.080707 0.040258 0.115742 0.102694 0.064024 0.101560 0.070741 0.147797 0.132518 0.127266 0.155942 0.162167 0.127031 0.166383 0.153464 0.142873 0.139244 0.091475 0.088149 0.124592 0.111054 0.108098 0.101249 0.152489 0.118717 0.107520 0.146740 0.150978 0.093759 0.114436 0.099965 0.097626 0.105193 0.078325 0.102049 0.117006 0.139076 0.131608 0.109477 0.087745 0.113101 0.138201 0.109931 0.104645 0.074286 0.116459
570000.027074 11.692305 0.094808 0.056840 0.078629 0.023543 0.035681 0.023713 0.101851 0.106987 0.054718 0.056553 0.074995 0.104440 0.090003 0.115333 0.075225 0.037405 0.116315 0.095788 0.069801 0.098535 0.083071 0.155045 0.138286 0.132671 0.163289 0.165160 0.132884 0.169073 0.155882 0.149259 0.147792 0.098062 0.095680 0.127825 0.111743 0.107765 0.106665 0.159548 0.124321 0.113092 0.148891 0.155728 0.101962 0.115814 0.105849 0.102329 0.110649 0.086658 0.099948 0.123622 0.147806 0.138469 0.111795 0.098289 0.117486 0.143272 0.111674 0.107010 0.084639 0.122008
571000.027121 8.291578 0.101857 0.065422 0.089245 0.019826 0.027412 0.038722 0.105175 0.111610 0.068432 0.039068 0.088380 0.092341 0.075458 0.106988 0.087036 0.046652 0.115387 0.106594 0.056209 0.106173 0.067028 0.149117 0.136250 0.133183 0.156049 0.162907 0.129679 0.163446 0.148964 0.146970 0.138358 0.097728 0.091954 0.128850 0.110552 0.108827 0.103345 0.156895 0.125031 0.113737 0.149834 0.147632 0.094017 0.117687 0.101078 0.102054 0.109923 0.081039 0.099895 0.114141 0.135875 0.136906 0.107832 0.089016 0.116617 0.142706 0.103391 0.108293 0.075055 0.123066
572000.027169 11.120274 0.088532 0.050213 0.071673 0.022960 0.040678 0.021888 0.095142 0.099528 0.048449 0.058009 0.069322 0.103300 0.089371 0.111678 0.070424 0.029344 0.110812 0.089983 0.071804 0.091247 0.082534 0.151015 0.134268 0.128445 0.158546 0.159529 0.129282 0.164476 0.152708 0.144563 0.144460 0.096208 0.094958 0.123206 0.108223 0.104677 0.104171 0.154747 0.119824 0.109861 0.142875 0.152426 0.102172 0.112630 0.105133 0.101163 0.107277 0.087752 0.097399 0.122220 0.145261 0.134053 0.109582 0.098674 0.112966 0.139249 0.108852 0.102251 0.086489 0.118317
573000.027216 3.816613 0.098067 0.059299 0.085622 0.013451 0.028728 0.028018 0.103972 0.111894 0.064255 0.047217 0.086284 0.100257 0.082559 0.112713 0.081706 0.043235 0.118446 0.103130 0.062726 0.104381 0.070972 0.151393 0.136073 0.131311 0.159849 0.165576 0.131129 0.167774 0.154301 0.147693 0.141745 0.094657 0.090216 0.128729 0.113072 0.110515 0.104650 0.158273 0.122985 0.111717 0.150801 0.152511 0.094711 0.117645 0.101650 0.099313 0.108761 0.079457 0.103351 0.118174 0.140828 0.136557 0.110747 0.089932 0.116693 0.142049 0.111192 0.107777 0.075074 0.120657
574000.027264 7.001911 0.099778 0.062296 0.088031 0.018219 0.027724 0.029525 0.106500 0.113790 0.066115 0.047580 0.088081 0.100738 0.082026 0.113473 0.083370 0.046679 0.120514 0.104128 0.061305 0.106403 0.069119 0.152266 0.137240 0.132905 0.160856 0.166644 0.133315 0.167898 0.154116 0.149578 0.141450 0.095798 0.090350 0.130543 0.114129 0.111393 0.105508 0.161386 0.124733 0.113277 0.152743 0.152151 0.093015 0.118672 0.100983 0.098374 0.110053 0.078760 0.103724 0.117324 0.140336 0.138669 0.110571 0.090230 0.118205 0.142818 0.111559 0.110136 0.074348 0.122578
575000.027311 9.535857 0.104485 0.069602 0.094944 0.021262 0.019642 0.041454 0.107776 0.116876 0.076741 0.034744 0.096341 0.090482 0.071139 0.105965 0.091704 0.055182 0.117156 0.111782 0.052222 0.110191 0.059905 0.146232 0.134023 0.132139 0.154919 0.164195 0.127867 0.163582 0.149480 0.146016 0.134249 0.095430 0.087763 0.130638 0.113543 0.112428 0.103643 0.156503 0.123433 0.113522 0.152353 0.146863 0.088864 0.119535 0.097759 0.099200 0.109555 0.076154 0.105026 0.111759 0.132149 0.134265 0.108814 0.082583 0.117651 0.140589 0.104439 0.108910 0.067612 0.121980
576000.027359 3.444677 0.089005 0.049109 0.079895 0.012779 0.040464 0.023302 0.097290 0.108668 0.058824 0.055442 0.083717 0.107931 0.089580 0.117050 0.072802 0.037086 0.118005 0.097455 0.071422 0.098401 0.075203 0.146341 0.127380 0.120144 0.155494 0.162614 0.124189 0.169746 0.161966 0.139134 0.140399 0.083131 0.084236 0.121790 0.117991 0.111174 0.100137 0.149862 0.112045 0.099068 0.145546 0.155379 0.093123 0.112810 0.101119 0.092489 0.100586 0.072218 0.108169 0.122146 0.143234 0.127624 0.114714 0.087692 0.113060 0.133781 0.117541 0.100907 0.072656 0.108437
577000.027406 3.387769 0.088589 0.047195 0.077594 0.012673 0.043893 0.024511 0.094831 0.106513 0.059438 0.056921 0.082487 0.107592 0.091417 0.115885 0.073825 0.034074 0.115404 0.098156 0.075296 0.097030 0.078925 0.145786 0.127701 0.119901 0.154130 0.159935 0.122770 0.166659 0.160148 0.137516 0.141189 0.085983 0.087332 0.120630 0.114558 0.109931 0.101218 0.146088 0.111753 0.100936 0.142801 0.155736 0.098086 0.113270 0.103320 0.097153 0.101461 0.078188 0.107120 0.123513 0.144380 0.125549 0.114792 0.089618 0.111034 0.133709 0.118122 0.099447 0.077485 0.108739
578000.027454 5.812617 0.090441 0.049419 0.075292 0.016600 0.041105 0.018700 0.097750 0.104785 0.052163 0.058377 0.074938 0.107731 0.092590 0.116728 0.071586 0.031006 0.116073 0.094081 0.073600 0.096376 0.082390 0.152457 0.134358 0.127016 0.160571 0.163557 0.129672 0.170436 0.158475 0.144716 0.146462 0.092573 0.092159 0.123513 0.111735 0.107024 0.103556 0.154460 0.119161 0.107267 0.145513 0.156577 0.100630 0.113311 0.104723 0.099431 0.105794 0.083428 0.101254 0.123923 0.147914 0.134124 0.112310 0.095878 0.113523 0.139675 0.115505 0.103622 0.082751 0.116121
579000.027501 5.358410 0.092616 0.052653 0.079067 0.015938 0.037632 0.020180 0.100277 0.108239 0.056336 0.056094 0.078981 0.106792 0.090836 0.117009 0.073833 0.036295 0.117764 0.096960 0.071130 0.099189 0.080272 0.152503 0.134465 0.127990 0.161262 0.165797 0.129810 0.172364 0.160150 0.145851 0.145772 0.091999 0.091147 0.125777 0.115056 0.109831 0.104441 0.156271 0.119687 0.107460 0.148476 0.157189 0.098847 0.115115 0.104486 0.098823 0.106787 0.080767 0.104142 0.124086 0.147430 0.134612 0.114000 0.094109 0.116140 0.140205 0.115611 0.104765 0.079843 0.116724
580000.027549 2.138119 0.095263 0.056485 0.082834 0.010068 0.031145 0.029286 0.100573 0.108975 0.061899 0.046108 0.083837 0.099356 0.082211 0.111397 0.079746 0.038469 0.115606 0.101570 0.063489 0.101031 0.071964 0.148591 0.132882 0.127862 0.156903 0.162941 0.127407 0.167053 0.153676 0.143733 0.140512 0.092353 0.089018 0.125257 0.111019 0.108084 0.101770 0.153060 0.119424 0.108240 0.147084 0.151607 0.094814 0.115022 0.100952 0.098935 0.105874 0.078880 0.101442 0.117583 0.139927 0.132453 0.109564 0.088805 0.113892 0.139097 0.109831 0.104452 0.075012 0.116865
581000.027596 5.967437 0.097725 0.061636 0.088509 0.016820 0.027218 0.034938 0.103513 0.112445 0.067422 0.041335 0.089907 0.096753 0.076659 0.109824 0.083202 0.046845 0.117471 0.104698 0.056863 0.104557 0.063252 0.145448 0.130705 0.127438 0.154449 0.163112 0.126497 0.166823 0.152926 0.143242 0.135076 0.089825 0.084800 0.126361 0.113799 0.109858 0.100091 0.155097 0.118788 0.106826 0.149072 0.147955 0.087242 0.115291 0.096822 0.094267 0.104852 0.072017 0.103479 0.112974 0.134398 0.132270 0.108299 0.083842 0.115219 0.137298 0.107714 0.105486 0.067166 0.116541
582000.027644 3.951159 0.093766 0.055195 0.081386 0.013686 0.032612 0.025907 0.100032 0.108085 0.059258 0.049053 0.080900 0.101216 0.083783 0.112479 0.077084 0.039383 0.115671 0.099032 0.064931 0.099331 0.072717 0.147745 0.131750 0.126417 0.156275 0.161497 0.127352 0.166961 0.154113 0.142751 0.139318 0.089860 0.086692 0.123096 0.110635 0.106184 0.099847 0.153973 0.117854 0.106007 0.145699 0.150366 0.092291 0.111946 0.098467 0.094762 0.103685 0.076939 0.100284 0.116659 0.139727 0.132039 0.108182 0.088281 0.112393 0.137004 0.110369 0.103913 0.074014 0.115538
583000.027691 4.547887 0.090570 0.050820 0.077909 0.014683 0.038359 0.025506 0.096958 0.105136 0.055297 0.052124 0.078881 0.103393 0.086723 0.113340 0.073702 0.033695 0.114629 0.096417 0.068232 0.096618 0.075616 0.147337 0.130558 0.124652 0.155582 0.160562 0.125925 0.166614 0.154889 0.141327 0.140202 0.088961 0.087342 0.121518 0.110403 0.105813 0.099453 0.151697 0.116108 0.103946 0.143678 0.151102 0.094384 0.111558 0.100058 0.095892 0.102592 0.077519 0.100381 0.118109 0.140865 0.130663 0.108848 0.089842 0.111438 0.136431 0.111726 0.101513 0.075906 0.113452
584000.027739 5.125206 0.092855 0.053581 0.078073 0.015587 0.035753 0.026230 0.097579 0.105663 0.058387 0.052181 0.078444 0.101255 0.086369 0.111739 0.076754 0.036146 0.112839 0.097946 0.069058 0.097201 0.078885 0.149968 0.133555 0.127994 0.158147 0.162096 0.127359 0.167115 0.154648 0.143648 0.143450 0.094727 0.092849 0.124792 0.110189 0.107762 0.104388 0.152496 0.119328 0.109859 0.145643 0.153951 0.100857 0.114908 0.104468 0.102079 0.107426 0.085350 0.101359 0.121883 0.144186 0.132010 0.111552 0.093649 0.113799 0.139383 0.110462 0.102865 0.082017 0.117414
585000.027786 4.984164 0.093620 0.053571 0.078389 0.015372 0.037369 0.026949 0.098162 0.105923 0.058189 0.052420 0.078767 0.101639 0.087395 0.112394 0.077435 0.033756 0.113245 0.099161 0.070850 0.097256 0.080347 0.150723 0.134968 0.129145 0.158152 0.161768 0.128091 0.165035 0.153031 0.144397 0.144289 0.095256 0.093015 0.124674 0.108589 0.106959 0.103866 0.151968 0.120180 0.110275 0.145228 0.153663 0.101477 0.115103 0.104623 0.103105 0.107406 0.085461 0.100183 0.121358 0.143696 0.132422 0.110454 0.093470 0.113091 0.140874 0.111135 0.103787 0.082517 0.118191
586000.027834 9.337143 0.091038 0.052032 0.077016 0.021039 0.039382 0.016201 0.100196 0.107399 0.053429 0.060711 0.076397 0.109699 0.094084 0.118938 0.071020 0.035431 0.118527 0.093524 0.073518 0.098065 0.083930 0.154594 0.135377 0.128300 0.163608 0.167236 0.131365 0.174235 0.162184 0.147330 0.148742 0.093238 0.093388 0.127185 0.117150 0.111220 0.106950 0.157951 0.120554 0.108501 0.149519 0.159860 0.101606 0.116242 0.107077 0.099691 0.108447 0.082729 0.105392 0.127356 0.150801 0.136154 0.116263 0.097644 0.118134 0.141043 0.117293 0.105229 0.082929 0.117277
587000.027881 6.274396 0.098432 0.062059 0.089276 0.017247 0.027378 0.034433 0.104555 0.113186 0.068321 0.042699 0.091185 0.097415 0.076783 0.110122 0.084185 0.047936 0.118624 0.105010 0.057347 0.105748 0.061861 0.146802 0.132227 0.128708 0.155539 0.164104 0.128605 0.166698 0.152923 0.144975 0.135737 0.091055 0.085775 0.127983 0.114765 0.111330 0.101791 0.157075 0.120431 0.108654 0.150553 0.148580 0.087698 0.116863 0.097761 0.094609 0.106152 0.072972 0.104645 0.113515 0.134701 0.134164 0.109127 0.084861 0.116066 0.138807 0.108584 0.107238 0.068181 0.118193
588000.027929 5.005138 0.096699 0.056517 0.080831 0.015404 0.034969 0.027051 0.101640 0.107769 0.058949 0.051266 0.079332 0.101531 0.086604 0.113097 0.079618 0.036021 0.115888 0.100501 0.068659 0.100472 0.078211 0.152696 0.137693 0.131447 0.159640 0.162330 0.131596 0.164097 0.151228 0.146882 0.144705 0.096675 0.092816 0.125292 0.106850 0.105209 0.103231 0.155264 0.123456 0.112361 0.146318 0.152234 0.099289 0.114492 0.102708 0.101802 0.107842 0.085062 0.097453 0.118780 0.142764 0.136294 0.107889 0.093320 0.112770 0.142719 0.110974 0.107281 0.081534 0.120885
589000.027976 3.084417 0.098743 0.059911 0.085846 0.012092 0.029710 0.029786 0.103849 0.112291 0.065807 0.046992 0.086486 0.099771 0.083275 0.112643 0.082943 0.042770 0.117576 0.104504 0.064447 0.104726 0.073384 0.151207 0.135797 0.130229 0.159049 0.165085 0.129992 0.167709 0.154416 0.146337 0.142710 0.094085 0.089984 0.127354 0.112203 0.109484 0.103562 0.155190 0.122481 0.111218 0.149554 0.153356 0.096114 0.116747 0.102047 0.100401 0.107769 0.079887 0.102555 0.118856 0.141514 0.135140 0.110873 0.088834 0.115181 0.141823 0.111406 0.107612 0.075801 0.119516
590000.028023 8.804646 0.105257 0.068913 0.093208 0.020430 0.019522 0.038940 0.109105 0.116490 0.073303 0.038327 0.093211 0.093290 0.074781 0.108923 0.090863 0.052291 0.118920 0.110436 0.054581 0.110002 0.065061 0.151218 0.138957 0.136646 0.159272 0.165774 0.133133 0.163132 0.148852 0.150782 0.139214 0.099944 0.091747 0.132739 0.111129 0.111329 0.106147 0.161073 0.127936 0.117986 0.153942 0.148561 0.093154 0.120777 0.100364 0.102623 0.112640 0.081522 0.102107 0.113565 0.135752 0.139478 0.108111 0.087758 0.118841 0.145176 0.106028 0.111882 0.073331 0.126375
591000.028071 8.404156 0.101065 0.065907 0.092228 0.019960 0.022011 0.037390 0.106174 0.115976 0.073215 0.039275 0.094294 0.094683 0.074836 0.108934 0.087324 0.053029 0.118056 0.108348 0.054505 0.108366 0.062366 0.146370 0.132056 0.129787 0.156141 0.165599 0.126940 0.168196 0.153843 0.145303 0.135447 0.092325 0.086360 0.130125 0.116598 0.113506 0.103459 0.157028 0.121005 0.110375 0.152598 0.149334 0.088429 0.118827 0.098267 0.096932 0.108349 0.073219 0.107146 0.114261 0.134863 0.133369 0.111098 0.083222 0.118393 0.138931 0.107770 0.106962 0.066705 0.119158
592000.028118 1.679131 0.093295 0.052775 0.080195 0.008922 0.035830 0.026625 0.098513 0.107337 0.059246 0.049992 0.081633 0.102188 0.085343 0.112873 0.077468 0.035696 0.115459 0.099724 0.067630 0.099166 0.074343 0.148887 0.132548 0.126396 0.157039 0.162104 0.127362 0.167644 0.155021 0.142620 0.141543 0.091454 0.089303 0.123497 0.110333 0.107347 0.101597 0.151861 0.118121 0.107020 0.145478 0.152833 0.096441 0.113880 0.101596 0.098559 0.104743 0.080544 0.101600 0.119109 0.141802 0.131625 0.110118 0.090296 0.112199 0.138322 0.112022 0.103458 0.077326 0.115536
593000.028166 4.593291 0.097249 0.060353 0.087122 0.014756 0.028953 0.032900 0.102889 0.111460 0.066378 0.042773 0.088623 0.097371 0.078292 0.110050 0.082791 0.044599 0.116957 0.104296 0.059320 0.103742 0.065421 0.146824 0.132286 0.128821 0.155519 0.163234 0.127678 0.166004 0.152428 0.144383 0.136527 0.092052 0.087184 0.127085 0.112870 0.109882 0.101613 0.155833 0.119813 0.108546 0.149144 0.148839 0.090012 0.116424 0.098611 0.096657 0.106435 0.075140 0.103168 0.114378 0.135973 0.133074 0.108865 0.086192 0.115416 0.138528 0.108601 0.105756 0.070475 0.118121
594000.028213 1.341935 0.093680 0.054638 0.082093 0.007976 0.032992 0.027784 0.098911 0.108320 0.061963 0.047233 0.083852 0.100030 0.082468 0.111156 0.078490 0.039265 0.115077 0.100676 0.064347 0.100292 0.070630 0.146683 0.130550 0.125100 0.155149 0.161576 0.125638 0.167280 0.154812 0.141341 0.138596 0.089699 0.087144 0.123412 0.111878 0.108126 0.100692 0.151611 0.116838 0.105703 0.145717 0.151083 0.093338 0.113639 0.099822 0.096502 0.103850 0.077259 0.102661 0.117512 0.139408 0.130331 0.110052 0.087516 0.112561 0.136528 0.110488 0.102778 0.073645 0.114426
595000.028261 5.554749 0.100673 0.063127 0.088359 0.016228 0.024595 0.031108 0.106271 0.113919 0.066942 0.044821 0.087962 0.098323 0.080536 0.112030 0.084454 0.046310 0.119044 0.105374 0.060178 0.106297 0.070085 0.152072 0.137360 0.133248 0.160567 0.166521 0.132100 0.167114 0.153428 0.149088 0.141894 0.096430 0.091107 0.130501 0.113386 0.111195 0.105582 0.159400 0.124812 0.113686 0.152463 0.152300 0.094581 0.118825 0.101686 0.100281 0.110467 0.080060 0.103293 0.117724 0.140321 0.137753 0.110692 0.089792 0.118268 0.143235 0.109637 0.109536 0.074811 0.122598
596000.028308 13.756466 0.081246 0.040808 0.067157 0.025537 0.049460 0.014870 0.091465 0.098219 0.041200 0.066064 0.067432 0.112130 0.097288 0.117862 0.060902 0.023472 0.113044 0.084544 0.079597 0.087148 0.087438 0.149343 0.129156 0.121411 0.158075 0.160695 0.125682 0.169179 0.161746 0.140507 0.145589 0.087900 0.091602 0.120080 0.115404 0.107877 0.102807 0.151256 0.112642 0.100328 0.141840 0.157398 0.101923 0.110716 0.106513 0.096373 0.102539 0.082314 0.104026 0.127685 0.149704 0.129414 0.115194 0.099067 0.113227 0.134860 0.116460 0.098047 0.085375 0.109814
597000.028356 2.737102 0.089671 0.049688 0.077682 0.011391 0.038059 0.024259 0.095751 0.105766 0.057250 0.052248 0.079787 0.103682 0.087333 0.113413 0.073711 0.034138 0.113837 0.097306 0.069856 0.096215 0.076811 0.145998 0.128720 0.122682 0.154908 0.160415 0.123433 0.167425 0.157002 0.139338 0.140086 0.087697 0.087170 0.121321 0.112024 0.107409 0.100126 0.149090 0.113728 0.102639 0.143478 0.152946 0.095667 0.112095 0.101011 0.096452 0.102379 0.077652 0.103186 0.120250 0.142118 0.127448 0.111383 0.089086 0.111560 0.134628 0.113177 0.099729 0.075966 0.111285
598000.028403 1.853252 0.093242 0.054455 0.081853 0.009373 0.032847 0.026828 0.099088 0.108553 0.061386 0.047791 0.083386 0.100605 0.083477 0.111930 0.077681 0.038430 0.115136 0.100404 0.065376 0.099671 0.072553 0.146439 0.130148 0.124569 0.154970 0.161458 0.124861 0.167234 0.155137 0.140951 0.139113 0.088532 0.086378 0.123069 0.112317 0.108181 0.100187 0.150465 0.116073 0.104566 0.145433 0.151577 0.093387 0.113221 0.099825 0.096168 0.103241 0.075972 0.102909 0.118008 0.139641 0.129399 0.110293 0.086916 0.112666 0.136271 0.111101 0.102459 0.073147 0.113348
599000.028451 4.472437 0.092212 0.051551 0.078707 0.014561 0.038054 0.019724 0.099900 0.107796 0.055842 0.055966 0.079299 0.106795 0.090536 0.116699 0.073843 0.034828 0.117830 0.096676 0.071178 0.099238 0.079336 0.152335 0.134331 0.127372 0.160687 0.165271 0.129806 0.171455 0.159422 0.145466 0.145550 0.091558 0.090909 0.125527 0.114812 0.109821 0.104179 0.155555 0.119514 0.107152 0.148066 0.156873 0.098657 0.115126 0.104492 0.098542 0.106406 0.080330 0.104176 0.123645 0.146710 0.134510 0.113806 0.093822 0.115434 0.140157 0.115750 0.104786 0.079663 0.116270
600000.028498 4.598966 0.094018 0.055384 0.082755 0.014766 0.032742 0.026001 0.100994 0.109998 0.060423 0.049725 0.083433 0.102781 0.084976 0.114204 0.077013 0.040271 0.117559 0.100118 0.065433 0.100594 0.073379 0.148508 0.131812 0.126627 0.157820 0.163957 0.127141 0.169724 0.157076 0.143531 0.140653 0.089426 0.087229 0.125151 0.114251 0.109611 0.101777 0.154206 0.117695 0.105556 0.147977 0.153042 0.093275 0.114435 0.100381 0.095775 0.104904 0.075957 0.104201 0.119068 0.141403 0.131963 0.111340 0.088806 0.115193 0.137762 0.112585 0.103991 0.073330 0.115064
601000.028546 10.621463 0.092162 0.053750 0.075414 0.022439 0.038034 0.025307 0.098219 0.102909 0.051465 0.055825 0.072575 0.102561 0.088576 0.112519 0.073431 0.031830 0.113077 0.093485 0.069685 0.095167 0.082329 0.153263 0.136658 0.131180 0.160892 0.162747 0.130775 0.166749 0.153979 0.147093 0.146512 0.098274 0.096771 0.126247 0.110115 0.106810 0.106157 0.156639 0.122708 0.112037 0.146222 0.154270 0.103272 0.115309 0.106766 0.103561 0.109938 0.088325 0.098781 0.123296 0.146522 0.136492 0.111190 0.099311 0.116039 0.142187 0.108907 0.104384 0.086287 0.120699
602000.028593 8.581188 0.097226 0.060578 0.084589 0.020169 0.030578 0.030691 0.103753 0.109481 0.061209 0.047844 0.083736 0.098939 0.081726 0.111430 0.080079 0.041526 0.117264 0.100131 0.060902 0.102655 0.072154 0.152737 0.137018 0.133098 0.160703 0.166444 0.132143 0.168576 0.154860 0.149383 0.143173 0.097591 0.094392 0.130802 0.115722 0.112200 0.107026 0.160301 0.124813 0.112976 0.151987 0.153197 0.097525 0.119476 0.105407 0.102011 0.111471 0.082127 0.103499 0.120558 0.142352 0.138871 0.112729 0.094869 0.120228 0.143771 0.107598 0.107976 0.079064 0.122564
603000.028641 6.465457 0.092550 0.054248 0.077416 0.017507 0.036364 0.025994 0.098573 0.104026 0.054956 0.052285 0.076149 0.101232 0.086303 0.111713 0.075625 0.032066 0.113505 0.095890 0.067684 0.096723 0.078319 0.151229 0.135108 0.129499 0.158764 0.161852 0.129642 0.165316 0.152418 0.145442 0.144000 0.096335 0.093944 0.125074 0.108900 0.105972 0.103753 0.154669 0.121363 0.110609 0.145459 0.152462 0.099995 0.114648 0.104290 0.101923 0.107839 0.085021 0.098053 0.120324 0.143542 0.134822 0.109392 0.095530 0.114039 0.140690 0.109081 0.104415 0.082647 0.119095
604000.028688 6.186682 0.091905 0.052396 0.079202 0.017126 0.036742 0.020450 0.099345 0.108332 0.058075 0.056058 0.080366 0.106420 0.089894 0.116083 0.074316 0.038346 0.117331 0.097015 0.070682 0.099069 0.078645 0.150611 0.132631 0.126146 0.159974 0.164543 0.128154 0.171408 0.159435 0.144056 0.144099 0.091010 0.090230 0.125556 0.115124 0.110507 0.104687 0.154521 0.117918 0.106927 0.147796 0.156530 0.098155 0.115357 0.103746 0.097880 0.106393 0.080389 0.105623 0.123545 0.146169 0.132413 0.114234 0.092926 0.115630 0.138116 0.115722 0.103498 0.078586 0.115265
605000.028736 3.504700 0.091454 0.052474 0.080986 0.012890 0.034216 0.024988 0.098373 0.108608 0.059712 0.050522 0.083177 0.103379 0.085062 0.113799 0.075301 0.039409 0.116445 0.098534 0.066107 0.099070 0.072490 0.146327 0.128917 0.123354 0.155965 0.162356 0.124773 0.169204 0.157815 0.140754 0.139090 0.086892 0.085565 0.123302 0.114611 0.109552 0.100779 0.151867 0.114667 0.102999 0.146197 0.152637 0.092420 0.113205 0.099640 0.094000 0.102910 0.074637 0.105257 0.119041 0.140805 0.129155 0.111766 0.087536 0.113556 0.134964 0.113046 0.101487 0.072321 0.112009
606000.028783 7.002584 0.100674 0.065484 0.091802 0.018220 0.024369 0.040268 0.104624 0.113620 0.072669 0.035820 0.094393 0.091791 0.071038 0.105898 0.088230 0.050904 0.116158 0.108177 0.052470 0.107078 0.058120 0.145583 0.132320 0.130475 0.154108 0.164000 0.127370 0.165317 0.151043 0.145053 0.133855 0.093897 0.087720 0.129718 0.114598 0.112649 0.102970 0.156590 0.121679 0.111326 0.151487 0.147060 0.088791 0.119149 0.098924 0.098330 0.108334 0.075442 0.105252 0.112405 0.132225 0.133926 0.109406 0.084214 0.117175 0.139846 0.104078 0.106943 0.068421 0.120229
607000.028831 8.872725 0.092918 0.055360 0.080200 0.020509 0.033937 0.024974 0.100475 0.107307 0.056352 0.052423 0.078951 0.102672 0.085937 0.113569 0.074240 0.039160 0.116236 0.095937 0.065258 0.098782 0.076099 0.149919 0.132709 0.127576 0.158858 0.163970 0.128174 0.170080 0.157225 0.144801 0.142268 0.091469 0.090047 0.125692 0.115125 0.109408 0.103314 0.156232 0.119284 0.106801 0.147941 0.153320 0.095667 0.114231 0.102578 0.096934 0.106378 0.078668 0.103060 0.120907 0.143293 0.134212 0.112056 0.092835 0.116818 0.138766 0.110360 0.103862 0.077019 0.116482
608000.028878 2.948205 0.097377 0.059141 0.085831 0.011822 0.029482 0.034461 0.100783 0.110303 0.066424 0.041627 0.087527 0.095643 0.077751 0.108429 0.083500 0.042864 0.114615 0.105050 0.060809 0.102356 0.067660 0.146254 0.132073 0.127889 0.154497 0.161461 0.125850 0.164569 0.151306 0.142286 0.137290 0.092562 0.088373 0.125304 0.110173 0.108682 0.101513 0.151264 0.118903 0.108800 0.146787 0.149188 0.093515 0.115649 0.099704 0.099151 0.105932 0.079245 0.102389 0.115218 0.136258 0.130746 0.108737 0.086436 0.113321 0.138337 0.107134 0.104234 0.073140 0.117105
609000.028926 4.135671 0.095246 0.055802 0.081773 0.014002 0.033904 0.025581 0.101077 0.109711 0.062001 0.051870 0.083260 0.102675 0.087091 0.113976 0.078850 0.039090 0.116496 0.100979 0.068652 0.101362 0.077779 0.151605 0.135061 0.129319 0.159976 0.165112 0.129148 0.168784 0.156352 0.145987 0.144464 0.094211 0.091706 0.127355 0.113334 0.110588 0.105389 0.154767 0.120986 0.110507 0.148905 0.155577 0.099420 0.117342 0.104602 0.101773 0.108339 0.082024 0.104222 0.122308 0.144518 0.133950 0.113197 0.091901 0.115995 0.141324 0.113478 0.105401 0.079099 0.118401
610000.028973 7.611789 0.082407 0.040326 0.069371 0.018996 0.046948 0.016720 0.089917 0.100034 0.049468 0.061756 0.073024 0.108908 0.094304 0.115147 0.064947 0.028067 0.111081 0.089520 0.077907 0.089509 0.084253 0.145107 0.125722 0.118395 0.153822 0.158157 0.120696 0.166110 0.160580 0.136499 0.141495 0.084971 0.088359 0.118494 0.114603 0.108338 0.101239 0.146468 0.109329 0.098659 0.140222 0.155264 0.100388 0.110459 0.104587 0.096445 0.100580 0.080045 0.105806 0.125881 0.146332 0.124400 0.115186 0.093460 0.111014 0.132039 0.116387 0.095043 0.081253 0.106886
611000.029021 7.551991 0.095552 0.056972 0.081198 0.018921 0.032880 0.025483 0.101642 0.108177 0.058591 0.051789 0.079646 0.101835 0.085718 0.113120 0.077643 0.039737 0.116404 0.098652 0.066234 0.100119 0.076563 0.152100 0.136157 0.130991 0.160499 0.163975 0.130949 0.167601 0.154393 0.147108 0.143694 0.095758 0.092715 0.127103 0.111525 0.108472 0.105129 0.157638 0.122408 0.111447 0.148475 0.153204 0.098123 0.115755 0.103213 0.100132 0.108902 0.083614 0.101263 0.120389 0.143602 0.136201 0.110722 0.094232 0.116188 0.141454 0.110443 0.106245 0.080158 0.120362
612000.029068 6.309772 0.091795 0.051999 0.079211 0.017295 0.037196 0.020025 0.099739 0.108297 0.055981 0.055882 0.079460 0.106601 0.090135 0.116694 0.072769 0.037390 0.117669 0.096354 0.070394 0.098675 0.079156 0.150737 0.132601 0.126232 0.159754 0.164875 0.128031 0.171748 0.160297 0.144299 0.144075 0.089384 0.089081 0.124970 0.116242 0.110375 0.103487 0.155051 0.117772 0.105099 0.147929 0.156204 0.096937 0.114288 0.103283 0.096524 0.105318 0.077999 0.105386 0.123388 0.145880 0.132937 0.114078 0.092396 0.116011 0.138562 0.115188 0.103485 0.077419 0.114686
613000.029116 3.862942 0.087602 0.046475 0.074997 0.013533 0.041325 0.021419 0.094550 0.103832 0.053359 0.055696 0.077479 0.106076 0.089760 0.114634 0.070833 0.030479 0.114091 0.094508 0.072388 0.094146 0.078723 0.147628 0.129614 0.123231 0.156481 0.161205 0.124834 0.168258 0.158213 0.140521 0.141920 0.088616 0.089081 0.121964 0.112901 0.108391 0.101772 0.150421 0.114108 0.102924 0.143854 0.154571 0.097897 0.112947 0.103138 0.097358 0.103282 0.079727 0.103996 0.122439 0.144281 0.128710 0.112725 0.092377 0.112514 0.135704 0.114505 0.099690 0.078969 0.111775
614000.029163 1.406436 0.094420 0.053931 0.082023 0.008165 0.034698 0.024771 0.100718 0.109952 0.060934 0.051090 0.083800 0.103823 0.086755 0.114864 0.077769 0.037921 0.117742 0.100817 0.068119 0.101479 0.074999 0.150326 0.133431 0.127026 0.158668 0.164593 0.128476 0.170121 0.157703 0.144277 0.142892 0.090534 0.088501 0.125217 0.113718 0.109679 0.102548 0.153827 0.119013 0.107030 0.147950 0.154888 0.095925 0.115250 0.102234 0.097970 0.105313 0.078064 0.104186 0.120683 0.143241 0.133032 0.112253 0.089577 0.114216 0.139576 0.114387 0.104917 0.075675 0.115859
615000.029211 4.620964 0.095779 0.057745 0.082793 0.014801 0.030518 0.028598 0.101165 0.108658 0.061299 0.046779 0.082209 0.098865 0.082031 0.110971 0.079713 0.040097 0.115160 0.101007 0.063341 0.100442 0.072640 0.149148 0.134058 0.129715 0.157561 0.162574 0.128642 0.165946 0.152552 0.145049 0.140245 0.094177 0.090210 0.126005 0.110235 0.107453 0.102558 0.155633 0.120620 0.109911 0.147534 0.150638 0.094916 0.115016 0.100714 0.098953 0.107261 0.080538 0.100425 0.117181 0.139949 0.133737 0.108820 0.090318 0.114522 0.139534 0.108615 0.105127 0.076421 0.119003
616000.029258 4.925861 0.097630 0.059817 0.085841 0.015281 0.028061 0.028065 0.103938 0.111451 0.063840 0.046540 0.086015 0.099211 0.081401 0.111777 0.080966 0.043961 0.117924 0.102120 0.061116 0.104065 0.069776 0.150376 0.134954 0.130397 0.158614 0.165033 0.130146 0.167829 0.154367 0.146933 0.140566 0.093306 0.089371 0.128393 0.114553 0.110959 0.104082 0.157944 0.122260 0.110266 0.150630 0.151664 0.093366 0.117046 0.101265 0.097891 0.108078 0.077475 0.103713 0.117870 0.139847 0.136150 0.110968 0.089361 0.117238 0.141222 0.109660 0.107301 0.073867 0.119740
617000.029306 5.289976 0.092791 0.052606 0.077342 0.015836 0.038613 0.023564 0.098456 0.105608 0.056519 0.054918 0.077397 0.103706 0.089725 0.113852 0.075603 0.032501 0.114304 0.097308 0.071925 0.097734 0.081843 0.152019 0.135269 0.128699 0.159553 0.163062 0.128854 0.167361 0.155299 0.145036 0.145990 0.095307 0.094040 0.125178 0.110652 0.107807 0.104905 0.153066 0.120603 0.110015 0.145993 0.155647 0.102489 0.115460 0.106075 0.103153 0.107928 0.085475 0.101129 0.123513 0.146301 0.133633 0.112322 0.095391 0.114264 0.141082 0.112931 0.104044 0.083597 0.118011
618000.029353 6.731497 0.094380 0.056076 0.082165 0.017864 0.032008 0.025053 0.101357 0.109761 0.059814 0.051226 0.081985 0.102851 0.085647 0.114281 0.076494 0.042087 0.117222 0.098815 0.065324 0.100759 0.075070 0.149528 0.132594 0.127429 0.158772 0.164226 0.127981 0.170276 0.157319 0.144569 0.141610 0.090284 0.087861 0.125505 0.114440 0.109415 0.102602 0.155853 0.118926 0.106888 0.148317 0.153146 0.094116 0.114032 0.100755 0.095964 0.105613 0.077162 0.103713 0.119700 0.142373 0.133434 0.111468 0.089736 0.115686 0.138526 0.112038 0.104356 0.074590 0.116168
619000.029401 8.399563 0.089501 0.048749 0.073786 0.019955 0.043493 0.019142 0.096472 0.104145 0.051927 0.060741 0.073478 0.108769 0.094943 0.117346 0.070327 0.031374 0.114827 0.093215 0.076126 0.095391 0.086367 0.152150 0.133532 0.125992 0.160328 0.163205 0.128067 0.171186 0.160125 0.143678 0.147448 0.092416 0.092919 0.122779 0.112272 0.107075 0.103989 0.152990 0.118143 0.106768 0.144695 0.157906 0.103028 0.112877 0.106120 0.100824 0.105786 0.084795 0.101950 0.126117 0.149890 0.132759 0.113783 0.096777 0.113562 0.139015 0.116460 0.102014 0.084542 0.115075
620000.029448 6.253597 0.099909 0.062274 0.086378 0.017218 0.027977 0.029185 0.106022 0.112658 0.064307 0.048119 0.084943 0.100699 0.083727 0.113845 0.082927 0.043607 0.119504 0.103357 0.062610 0.105523 0.073704 0.154406 0.138873 0.133888 0.162752 0.167283 0.134008 0.168078 0.154196 0.150229 0.144901 0.098319 0.093475 0.130367 0.112275 0.109831 0.106312 0.160354 0.126124 0.114894 0.152212 0.154066 0.097251 0.118563 0.103334 0.101807 0.111322 0.083069 0.101370 0.119494 0.143528 0.139505 0.110803 0.093227 0.118159 0.144224 0.111010 0.110215 0.078628 0.123584
621000.029496 3.733484 0.094189 0.054392 0.083362 0.013304 0.036599 0.025986 0.100601 0.111123 0.063357 0.051827 0.085546 0.104629 0.087357 0.115316 0.078410 0.041154 0.118230 0.102167 0.069338 0.102028 0.074197 0.147154 0.130474 0.123729 0.155984 0.162157 0.125653 0.168665 0.157356 0.140896 0.139914 0.087077 0.085224 0.122779 0.113490 0.108867 0.100226 0.150755 0.115582 0.103593 0.145933 0.153193 0.092865 0.113163 0.099182 0.094572 0.102590 0.074699 0.105013 0.118925 0.141297 0.129328 0.111449 0.086315 0.112242 0.135664 0.116013 0.103560 0.072384 0.112557
622000.029543 2.456530 0.094426 0.053945 0.081291 0.010791 0.035562 0.023924 0.100473 0.109147 0.060591 0.052093 0.082708 0.103391 0.087281 0.114250 0.077570 0.037696 0.116773 0.100226 0.069236 0.100808 0.076444 0.150460 0.133891 0.127253 0.158147 0.163626 0.128444 0.168576 0.156545 0.144284 0.143112 0.090975 0.089022 0.124832 0.113061 0.109260 0.102766 0.153321 0.119333 0.107519 0.147195 0.154425 0.097105 0.114947 0.102762 0.098656 0.105397 0.079196 0.103532 0.121018 0.143207 0.133102 0.112014 0.090117 0.113888 0.140010 0.113822 0.104961 0.077042 0.116246
623000.029591 2.940475 0.094794 0.056555 0.082464 0.011807 0.029813 0.029887 0.099407 0.107933 0.061986 0.044964 0.083429 0.097302 0.080081 0.109161 0.079860 0.039447 0.113854 0.101213 0.062209 0.099797 0.070117 0.146590 0.131749 0.127410 0.154851 0.160720 0.126097 0.163982 0.150999 0.142509 0.137957 0.092135 0.088306 0.124605 0.109557 0.107280 0.101260 0.152340 0.118433 0.108060 0.145793 0.148963 0.093608 0.114406 0.099469 0.097982 0.105484 0.078793 0.100713 0.115706 0.137297 0.131041 0.108044 0.087709 0.112993 0.137679 0.107595 0.103316 0.074151 0.116680
624000.029638 11.708124 0.082057 0.041595 0.067625 0.023559 0.046588 0.015104 0.090399 0.098605 0.045017 0.063241 0.068532 0.108956 0.094884 0.115254 0.062231 0.028423 0.110590 0.086151 0.077140 0.087918 0.086336 0.147019 0.127271 0.120553 0.156131 0.159388 0.122548 0.168083 0.160825 0.138745 0.143119 0.087022 0.090261 0.119424 0.114820 0.107607 0.102267 0.149864 0.111350 0.100242 0.141107 0.155576 0.101330 0.110067 0.105319 0.096746 0.102197 0.081844 0.104247 0.126710 0.147992 0.127235 0.114947 0.096515 0.112843 0.133319 0.114560 0.095603 0.083347 0.109090
625000.029686 7.550988 0.085846 0.045030 0.072409 0.018920 0.043557 0.015204 0.094011 0.102788 0.050810 0.060629 0.074255 0.108872 0.093654 0.116382 0.067208 0.031571 0.113943 0.091172 0.075514 0.092694 0.082968 0.148343 0.129409 0.122479 0.157360 0.161058 0.125044 0.168844 0.159767 0.140762 0.143183 0.087495 0.088608 0.121014 0.113848 0.107911 0.102010 0.151538 0.113585 0.102219 0.143175 0.155417 0.098796 0.111532 0.103389 0.096148 0.102601 0.079688 0.104098 0.124335 0.146599 0.129105 0.113470 0.093569 0.112589 0.135177 0.116429 0.099035 0.080184 0.111080
626000.029733 5.291158 0.084620 0.043176 0.071880 0.015838 0.044061 0.019322 0.091963 0.101107 0.050114 0.058256 0.074620 0.107208 0.091324 0.114492 0.067393 0.027634 0.112628 0.091233 0.074230 0.091300 0.080174 0.146085 0.127458 0.120453 0.154772 0.159060 0.122994 0.166719 0.158421 0.138186 0.141238 0.086488 0.088227 0.119529 0.112736 0.107353 0.100618 0.148172 0.111636 0.100329 0.141284 0.154042 0.098090 0.110987 0.102980 0.095951 0.101153 0.079383 0.103608 0.122974 0.144436 0.126728 0.112659 0.092783 0.111037 0.133572 0.114586 0.097446 0.079541 0.109070
627000.029781 5.510459 0.089174 0.048569 0.077012 0.016163 0.041023 0.022191 0.095445 0.105764 0.058272 0.056038 0.080799 0.105521 0.089648 0.114164 0.073212 0.036832 0.114188 0.096734 0.072781 0.096357 0.078533 0.147128 0.129512 0.123406 0.156116 0.161151 0.124242 0.167880 0.158060 0.140591 0.140984 0.088708 0.088570 0.122957 0.114019 0.110228 0.103104 0.150622 0.114256 0.104232 0.144665 0.154300 0.098080 0.114187 0.103166 0.097992 0.104051 0.079779 0.106342 0.122685 0.143649 0.128233 0.113903 0.090913 0.113157 0.135758 0.115498 0.099904 0.078209 0.112291
628000.029828 9.979185 0.101923 0.066938 0.094448 0.021750 0.026413 0.038902 0.108130 0.117905 0.074393 0.041234 0.097434 0.097415 0.076529 0.111372 0.088231 0.053323 0.121558 0.109705 0.055328 0.110841 0.060563 0.147548 0.133057 0.130429 0.157192 0.167602 0.129001 0.169505 0.155155 0.146821 0.136059 0.092517 0.086469 0.131603 0.118667 0.115299 0.104078 0.158751 0.122160 0.110325 0.154380 0.150318 0.087196 0.120758 0.098853 0.096645 0.108849 0.070993 0.108792 0.114358 0.135071 0.135269 0.111944 0.083688 0.119783 0.140150 0.110647 0.108999 0.065393 0.119826
629000.029876 3.403141 0.089505 0.049165 0.076933 0.012702 0.041309 0.023438 0.095899 0.104527 0.055381 0.054458 0.078201 0.104930 0.088907 0.113959 0.073168 0.031207 0.114572 0.096125 0.071582 0.096038 0.077218 0.147164 0.129883 0.122611 0.154946 0.159815 0.125166 0.166750 0.156256 0.139588 0.141016 0.088486 0.088414 0.120404 0.111085 0.106244 0.099934 0.149020 0.114634 0.102674 0.142494 0.152931 0.096490 0.111505 0.101638 0.096402 0.102056 0.078993 0.101525 0.120474 0.142841 0.128886 0.110762 0.091125 0.110619 0.135218 0.113625 0.101097 0.078181 0.111795
630000.029923 7.250971 0.097333 0.059244 0.083481 0.018540 0.032195 0.026287 0.104512 0.110578 0.059749 0.051895 0.081478 0.103881 0.086656 0.115806 0.079393 0.040502 0.119862 0.100012 0.065422 0.103014 0.075510 0.154134 0.137975 0.132145 0.162438 0.165946 0.134176 0.168819 0.154624 0.149160 0.145102 0.096341 0.091976 0.127800 0.110771 0.107448 0.104344 0.159916 0.124604 0.112596 0.149994 0.153625 0.096162 0.115783 0.101824 0.099078 0.108873 0.082122 0.099430 0.118893 0.143889 0.139083 0.109114 0.093652 0.115984 0.142772 0.112630 0.109423 0.078894 0.121706
631000.029971 1.553110 0.092378 0.052802 0.080423 0.008581 0.034734 0.027704 0.097361 0.106781 0.061122 0.048259 0.083318 0.099685 0.082720 0.110167 0.077611 0.037406 0.113460 0.099722 0.065797 0.098734 0.071820 0.146713 0.130524 0.125424 0.154954 0.161629 0.125033 0.166822 0.155134 0.141533 0.138954 0.090580 0.088820 0.124331 0.113104 0.109708 0.102234 0.151512 0.116686 0.106231 0.145935 0.151863 0.095734 0.115170 0.102200 0.098596 0.105007 0.078895 0.104265 0.119353 0.140048 0.129949 0.111875 0.089073 0.113493 0.137186 0.110120 0.101663 0.075735 0.114708
632000.030018 5.950292 0.097613 0.062146 0.089096 0.016795 0.026292 0.036085 0.102853 0.112450 0.069415 0.039556 0.091801 0.094766 0.074939 0.107960 0.084219 0.047780 0.116221 0.105466 0.055614 0.104969 0.061711 0.143974 0.129581 0.126723 0.152849 0.162424 0.124740 0.165317 0.151827 0.142285 0.133627 0.089632 0.084574 0.126835 0.114452 0.111094 0.100525 0.153543 0.118090 0.106831 0.148964 0.147109 0.087272 0.116447 0.097141 0.095202 0.105141 0.071197 0.104821 0.112634 0.132675 0.130872 0.108932 0.082328 0.115456 0.136745 0.106812 0.104479 0.066001 0.116019
633000.030066 3.139544 0.092061 0.051903 0.080470 0.012200 0.038698 0.024327 0.098795 0.108433 0.059389 0.053146 0.082452 0.105014 0.088631 0.115225 0.075516 0.036015 0.116714 0.099399 0.070573 0.099460 0.076733 0.148101 0.130961 0.124289 0.156393 0.162587 0.125837 0.168853 0.158069 0.141555 0.141497 0.088036 0.087310 0.122894 0.113970 0.108864 0.100852 0.151140 0.115920 0.103492 0.145674 0.154171 0.095393 0.113584 0.101699 0.096527 0.103244 0.076237 0.104375 0.120864 0.142931 0.130094 0.112360 0.089086 0.112957 0.136863 0.115195 0.102556 0.075255 0.112900
634000.030113 13.543917 0.085640 0.045834 0.070854 0.025339 0.045466 0.011989 0.095033 0.102240 0.048038 0.065222 0.071380 0.111402 0.096642 0.118154 0.065358 0.033231 0.115030 0.088013 0.077582 0.092345 0.086775 0.152493 0.132617 0.125800 0.162019 0.164259 0.128853 0.172446 0.162510 0.144850 0.147277 0.092131 0.093754 0.124735 0.116637 0.110599 0.106955 0.156678 0.117089 0.106370 0.146342 0.159012 0.103247 0.114474 0.107638 0.099177 0.107159 0.084877 0.106093 0.128707 0.151416 0.133368 0.116861 0.099784 0.116546 0.138142 0.117574 0.100977 0.085853 0.114970
635000.030161 2.873840 0.096354 0.058548 0.084997 0.011672 0.027767 0.029277 0.101751 0.110968 0.065297 0.045184 0.086953 0.098482 0.080589 0.110829 0.081312 0.043378 0.116312 0.102817 0.061335 0.102992 0.069625 0.148823 0.133047 0.128808 0.157939 0.164757 0.127828 0.168173 0.154845 0.144987 0.139960 0.093185 0.089464 0.128005 0.114065 0.111460 0.104365 0.155222 0.120210 0.109946 0.149834 0.152381 0.094597 0.117653 0.101756 0.099396 0.107949 0.078737 0.104943 0.118525 0.139952 0.133177 0.111888 0.088595 0.116568 0.139580 0.109840 0.105078 0.074006 0.118140
636000.030208 2.666894 0.089317 0.047718 0.077968 0.011244 0.041852 0.021509 0.096497 0.106804 0.057350 0.055925 0.081321 0.107522 0.090525 0.116286 0.072886 0.034255 0.116669 0.097147 0.073091 0.097496 0.077051 0.147087 0.129010 0.121338 0.155514 0.161046 0.124850 0.168218 0.159183 0.139475 0.141098 0.085322 0.085636 0.120639 0.113834 0.108470 0.099838 0.149292 0.113317 0.101011 0.143679 0.154436 0.095108 0.111896 0.101113 0.094486 0.100810 0.075775 0.105031 0.121340 0.143358 0.128264 0.112528 0.088887 0.110989 0.134872 0.117235 0.101005 0.075364 0.110004
637000.030256 4.531419 0.092999 0.054053 0.082381 0.014657 0.034759 0.023443 0.100814 0.111019 0.061714 0.053361 0.084647 0.106082 0.088029 0.116534 0.076629 0.041273 0.119023 0.099985 0.068651 0.101345 0.074756 0.148697 0.130938 0.124688 0.158462 0.164384 0.127232 0.171118 0.159256 0.142868 0.141512 0.087931 0.086045 0.124775 0.115440 0.110415 0.102129 0.153768 0.116422 0.104758 0.147948 0.154908 0.093311 0.114441 0.100272 0.094549 0.104051 0.074980 0.106112 0.120485 0.143151 0.130980 0.112803 0.088039 0.114442 0.136460 0.116605 0.103988 0.073078 0.113402
638000.030303 7.106236 0.094234 0.056440 0.083712 0.018354 0.034653 0.025430 0.102938 0.111100 0.060117 0.052650 0.084326 0.105580 0.087037 0.116672 0.076251 0.041611 0.120465 0.098845 0.065489 0.102667 0.073198 0.150472 0.132649 0.126704 0.159665 0.166253 0.129591 0.172371 0.159518 0.145349 0.142246 0.089023 0.087088 0.126249 0.117206 0.110904 0.102376 0.157130 0.119224 0.105486 0.149824 0.154520 0.092223 0.114996 0.100988 0.094318 0.105105 0.073780 0.105168 0.120076 0.143050 0.134946 0.112567 0.089909 0.116777 0.138794 0.114633 0.105999 0.072875 0.115524
639000.030351 13.301008 0.078797 0.035483 0.066186 0.025111 0.053807 0.015603 0.088231 0.098056 0.044214 0.067980 0.069786 0.113871 0.099470 0.118335 0.059145 0.026284 0.111962 0.085322 0.082998 0.086997 0.088247 0.145068 0.124150 0.115467 0.153655 0.157722 0.120329 0.166382 0.163504 0.135101 0.142275 0.081324 0.087443 0.115891 0.117390 0.108349 0.099994 0.146150 0.106754 0.094048 0.138673 0.156271 0.100636 0.108129 0.105328 0.093708 0.097914 0.078510 0.107251 0.128290 0.148579 0.123936 0.116973 0.095457 0.110472 0.130377 0.119502 0.093649 0.082578 0.103554
640000.030398 7.427012 0.096780 0.060227 0.085162 0.018764 0.026695 0.029513 0.103438 0.111423 0.062843 0.047304 0.084409 0.099938 0.081793 0.112583 0.079958 0.044440 0.117600 0.101241 0.060964 0.102569 0.071653 0.149683 0.133776 0.129806 0.159162 0.165267 0.129237 0.169495 0.155474 0.146208 0.140730 0.092975 0.089047 0.128004 0.114331 0.110059 0.103579 0.157774 0.121052 0.109573 0.150369 0.152116 0.093049 0.116092 0.100504 0.097039 0.107843 0.077565 0.103281 0.118060 0.140641 0.134880 0.110715 0.089530 0.117359 0.139613 0.109384 0.106168 0.073614 0.118797
641000.030446 4.408441 0.099133 0.061824 0.089180 0.014456 0.026137 0.033016 0.105265 0.114151 0.067613 0.043012 0.090639 0.098611 0.078708 0.111922 0.083909 0.046593 0.119587 0.105596 0.058533 0.106241 0.065000 0.148462 0.133632 0.129641 0.157217 0.165342 0.129448 0.167975 0.153940 0.146019 0.138034 0.091357 0.085996 0.128162 0.114227 0.110884 0.101869 0.157210 0.121332 0.109112 0.151071 0.150168 0.089002 0.116930 0.098231 0.095638 0.106429 0.073313 0.104118 0.114535 0.136506 0.135002 0.109245 0.084972 0.116198 0.140159 0.110033 0.107864 0.068531 0.118652
642000.030493 6.775035 0.093891 0.055029 0.079346 0.017922 0.034986 0.023116 0.100616 0.108146 0.057645 0.054920 0.078540 0.104809 0.089309 0.115510 0.075616 0.037903 0.116668 0.097265 0.069276 0.099654 0.080611 0.153110 0.135437 0.129329 0.161979 0.165903 0.130288 0.171906 0.158667 0.146607 0.146558 0.094828 0.093201 0.126889 0.113655 0.109373 0.105772 0.156546 0.121415 0.110447 0.148850 0.157108 0.100665 0.115909 0.105356 0.101155 0.108669 0.083971 0.102893 0.124084 0.147688 0.135489 0.113566 0.095301 0.116680 0.141114 0.113525 0.105206 0.081594 0.118591
643000.030541 6.136254 0.085280 0.045046 0.072094 0.017056 0.042114 0.024420 0.090971 0.100033 0.051296 0.054900 0.074140 0.102863 0.087621 0.110927 0.068721 0.030018 0.109309 0.091875 0.071411 0.090270 0.078891 0.143793 0.126242 0.120628 0.152222 0.157104 0.120705 0.164395 0.155795 0.136890 0.138525 0.086604 0.087619 0.118597 0.111358 0.106087 0.099275 0.147018 0.111123 0.100353 0.139950 0.150891 0.097199 0.109753 0.101828 0.096290 0.100685 0.079401 0.102046 0.120856 0.141353 0.125353 0.110986 0.091056 0.110318 0.132817 0.110063 0.095798 0.078576 0.109169
644000.030588 9.047136 0.088917 0.049756 0.075139 0.020710 0.040076 0.020030 0.097233 0.104445 0.051005 0.058028 0.074369 0.106632 0.091278 0.115868 0.069204 0.033296 0.114862 0.092276 0.071982 0.094639 0.082322 0.150376 0.131891 0.125735 0.159099 0.163370 0.127225 0.170607 0.159826 0.143634 0.144550 0.089855 0.090440 0.123570 0.115391 0.108740 0.103007 0.154494 0.117047 0.104455 0.145868 0.155754 0.098831 0.112780 0.104470 0.097363 0.104945 0.079893 0.103434 0.124336 0.146671 0.132539 0.113712 0.094809 0.115480 0.138032 0.113510 0.101643 0.080399 0.114116
645000.030636 13.106604 0.104196 0.069918 0.092644 0.024927 0.018148 0.039674 0.108944 0.116146 0.072123 0.040357 0.091330 0.093913 0.075406 0.109596 0.089143 0.053710 0.118476 0.108243 0.053485 0.108865 0.067277 0.150969 0.137554 0.135840 0.160055 0.166829 0.132254 0.166991 0.151592 0.150414 0.139765 0.099174 0.091670 0.132830 0.113534 0.111604 0.106167 0.161891 0.127094 0.116870 0.154403 0.149644 0.092769 0.119956 0.100522 0.101342 0.112648 0.080551 0.102567 0.114985 0.137466 0.139171 0.109316 0.088601 0.120355 0.143803 0.105053 0.110870 0.073239 0.125440
646000.030683 2.937503 0.087158 0.046450 0.075160 0.011801 0.040816 0.024625 0.092773 0.102974 0.055549 0.053130 0.078274 0.103317 0.087052 0.111946 0.071954 0.032103 0.111460 0.095444 0.071209 0.093159 0.076364 0.143544 0.126405 0.120208 0.151930 0.157326 0.121282 0.164313 0.155514 0.136631 0.137813 0.085330 0.085367 0.118402 0.110592 0.105900 0.098021 0.146367 0.110999 0.100199 0.140376 0.150763 0.094959 0.109867 0.099919 0.094940 0.099618 0.077110 0.102287 0.119100 0.140132 0.124889 0.110051 0.087932 0.108838 0.132553 0.112172 0.097431 0.075777 0.108792
647000.030731 8.795215 0.101648 0.065939 0.092050 0.020419 0.023368 0.035895 0.107825 0.116287 0.070337 0.041599 0.092191 0.097502 0.077505 0.111850 0.086348 0.051096 0.120601 0.107505 0.055784 0.108647 0.064133 0.148281 0.134101 0.131030 0.157520 0.165736 0.129921 0.168090 0.153124 0.146902 0.137063 0.092602 0.086018 0.129308 0.114277 0.110728 0.102021 0.159002 0.122641 0.110432 0.152277 0.148921 0.087189 0.117092 0.096792 0.095216 0.107630 0.072678 0.103601 0.112932 0.135563 0.135994 0.108360 0.084302 0.117432 0.140059 0.109227 0.109202 0.067049 0.120243
648000.030778 2.366161 0.095852 0.054847 0.082682 0.010591 0.040545 0.032830 0.099400 0.108925 0.063862 0.050700 0.085336 0.102301 0.086631 0.113207 0.081649 0.035673 0.116195 0.104070 0.071245 0.101550 0.076140 0.149546 0.133960 0.126561 0.156200 0.161797 0.127593 0.166290 0.154558 0.141905 0.143223 0.093246 0.091526 0.123486 0.109917 0.108385 0.102482 0.147972 0.119021 0.108208 0.144846 0.154537 0.099968 0.115714 0.104271 0.102490 0.105357 0.083580 0.102627 0.120670 0.142539 0.130950 0.111552 0.090849 0.111444 0.139952 0.113645 0.105096 0.080075 0.115893
649000.030826 2.522338 0.092364 0.050395 0.079633 0.010935 0.041621 0.022617 0.099318 0.108789 0.058468 0.056682 0.082033 0.108514 0.092173 0.118104 0.075256 0.033970 0.118864 0.099113 0.074113 0.100242 0.079582 0.151263 0.133191 0.124891 0.159135 0.164181 0.128556 0.171301 0.160366 0.143038 0.145498 0.089523 0.089402 0.123395 0.114124 0.109581 0.102662 0.151491 0.117602 0.105068 0.146283 0.157699 0.098729 0.114445 0.104122 0.098388 0.104065 0.079641 0.104984 0.123715 0.146697 0.132112 0.113974 0.091924 0.113018 0.139029 0.118596 0.104472 0.078926 0.113691
650000.030873 12.369240 0.101035 0.065488 0.087602 0.024215 0.024051 0.032094 0.107609 0.112923 0.064870 0.047667 0.085034 0.098665 0.081422 0.112435 0.083487 0.047962 0.119101 0.102648 0.058835 0.105828 0.072736 0.154011 0.139327 0.136203 0.162610 0.166819 0.134747 0.167604 0.152930 0.152110 0.143467 0.099909 0.093944 0.132515 0.113681 0.110886 0.107591 0.164092 0.127869 0.116831 0.153668 0.151858 0.095959 0.119392 0.102941 0.101547 0.113148 0.082767 0.101478 0.118360 0.141804 0.141484 0.110304 0.093730 0.120831 0.144980 0.107955 0.110955 0.077868 0.125918
651000.030921 3.712621 0.088733 0.048293 0.076485 0.013267 0.040020 0.026505 0.094345 0.103853 0.055631 0.052422 0.079617 0.102539 0.086568 0.111951 0.072696 0.031691 0.112417 0.096050 0.069795 0.094677 0.076967 0.146377 0.129069 0.123467 0.154482 0.160829 0.123136 0.167100 0.157371 0.139888 0.140620 0.088742 0.089386 0.122450 0.114013 0.109747 0.101946 0.148742 0.114229 0.103018 0.143981 0.153475 0.098388 0.114004 0.104213 0.099140 0.103566 0.079565 0.104841 0.122155 0.142235 0.128052 0.113310 0.091351 0.113440 0.136489 0.111294 0.098984 0.078202 0.111772
652000.030968 6.100072 0.102002 0.065392 0.091022 0.017005 0.022189 0.038453 0.105224 0.113512 0.071612 0.036411 0.092457 0.091214 0.072555 0.105783 0.088471 0.049171 0.115810 0.108493 0.054219 0.107181 0.062342 0.147385 0.134730 0.132036 0.155229 0.163407 0.128271 0.162607 0.149038 0.146083 0.136223 0.095842 0.089720 0.129891 0.112444 0.111609 0.104035 0.155682 0.123455 0.113223 0.151007 0.147610 0.092083 0.119320 0.100153 0.100723 0.109536 0.078641 0.103742 0.113495 0.133617 0.134803 0.109071 0.085726 0.116962 0.141700 0.103834 0.107767 0.071270 0.121692
653000.031016 2.567880 0.098131 0.059818 0.086521 0.011033 0.027840 0.031093 0.103479 0.112114 0.065398 0.043912 0.087436 0.098859 0.080518 0.111875 0.082777 0.043085 0.117974 0.104424 0.060815 0.104470 0.068563 0.149007 0.134043 0.129347 0.157477 0.164059 0.129115 0.167029 0.152956 0.145236 0.139559 0.092572 0.087621 0.126534 0.111073 0.108449 0.101590 0.155290 0.121131 0.109576 0.148907 0.150530 0.091944 0.115694 0.098976 0.097603 0.106321 0.076898 0.101576 0.115293 0.138158 0.134277 0.108371 0.086672 0.114372 0.139979 0.110139 0.106800 0.071955 0.118510
654000.031063 5.652933 0.089167 0.048920 0.077408 0.016370 0.040411 0.018884 0.098211 0.106909 0.054008 0.057893 0.079046 0.108661 0.091592 0.117722 0.070542 0.034300 0.117775 0.094382 0.072318 0.097163 0.079391 0.150619 0.131474 0.124599 0.159607 0.165233 0.127925 0.172549 0.162404 0.143652 0.144457 0.087955 0.088904 0.124406 0.118021 0.111229 0.103258 0.154731 0.116364 0.103278 0.147650 0.157451 0.097193 0.114316 0.104425 0.095920 0.104278 0.077133 0.106672 0.124761 0.146943 0.132424 0.115530 0.093221 0.115756 0.137911 0.116694 0.102684 0.078078 0.112929
655000.031111 3.639001 0.095503 0.056956 0.083901 0.013134 0.030367 0.027871 0.101499 0.110150 0.062617 0.046988 0.085084 0.100099 0.082089 0.111987 0.079468 0.042000 0.116698 0.101588 0.063019 0.101721 0.070298 0.148189 0.132648 0.128261 0.156911 0.163180 0.127926 0.167106 0.154003 0.144484 0.138970 0.091057 0.087083 0.125902 0.112420 0.109047 0.101783 0.155604 0.119300 0.107891 0.148145 0.150581 0.092114 0.115024 0.099286 0.096367 0.105669 0.076289 0.102807 0.116562 0.138721 0.133042 0.109424 0.087388 0.114581 0.138781 0.110547 0.104888 0.072570 0.117241
656000.031158 10.469885 0.087660 0.049685 0.074237 0.022279 0.039388 0.015877 0.097241 0.104064 0.050088 0.059868 0.073414 0.107866 0.092026 0.116436 0.067813 0.034156 0.115468 0.090099 0.071891 0.094122 0.082254 0.151007 0.131836 0.125686 0.160455 0.164097 0.128250 0.171582 0.160469 0.144426 0.145056 0.090673 0.091219 0.124713 0.116417 0.109654 0.104620 0.156268 0.117204 0.105321 0.146774 0.156548 0.099000 0.113594 0.104891 0.096814 0.105982 0.080536 0.104242 0.125268 0.147870 0.133226 0.114548 0.096315 0.116648 0.137544 0.114269 0.101937 0.081168 0.114526
657000.031206 3.288254 0.093077 0.053486 0.081411 0.012485 0.036842 0.025794 0.100162 0.108697 0.058749 0.051338 0.082521 0.104198 0.086852 0.115042 0.076248 0.036147 0.117655 0.099321 0.067847 0.100125 0.074614 0.149165 0.132227 0.125890 0.157408 0.163433 0.127805 0.169079 0.156960 0.143226 0.141687 0.089250 0.087497 0.123792 0.113181 0.108323 0.100682 0.153201 0.117813 0.104870 0.146667 0.153352 0.094104 0.113701 0.101011 0.096224 0.103818 0.076101 0.102738 0.119261 0.141972 0.132411 0.110809 0.089412 0.113458 0.138243 0.113736 0.104257 0.074761 0.114572
658000.031253 3.737383 0.097843 0.060661 0.087115 0.013311 0.027171 0.035891 0.101006 0.111105 0.069269 0.039751 0.089813 0.093626 0.075873 0.106785 0.084616 0.045871 0.113697 0.106013 0.058626 0.103559 0.066086 0.144871 0.130693 0.127290 0.153472 0.161803 0.124020 0.165246 0.151977 0.141718 0.135848 0.092009 0.087714 0.126250 0.112558 0.110595 0.102071 0.150974 0.118398 0.108711 0.147663 0.148986 0.092814 0.116750 0.099905 0.099460 0.106276 0.077565 0.104578 0.115401 0.135353 0.129747 0.110240 0.084686 0.114593 0.137698 0.106131 0.103321 0.071138 0.116610
659000.031301 7.266593 0.092156 0.053209 0.077556 0.018560 0.036242 0.020041 0.099742 0.105996 0.054326 0.055818 0.076366 0.104990 0.089099 0.114862 0.073600 0.035518 0.116114 0.094909 0.069558 0.097456 0.079178 0.152267 0.135229 0.129239 0.160643 0.163645 0.130964 0.168465 0.155901 0.146532 0.144649 0.093991 0.091852 0.125652 0.111855 0.107509 0.104203 0.157587 0.120931 0.109545 0.147238 0.154238 0.098339 0.114438 0.103366 0.098652 0.107378 0.082419 0.100798 0.121671 0.145299 0.135819 0.110975 0.095001 0.115106 0.140345 0.112766 0.105144 0.080843 0.118633
660000.031348 4.203449 0.094709 0.057217 0.083343 0.014116 0.030088 0.028746 0.100790 0.109145 0.061586 0.046100 0.083573 0.099035 0.081505 0.111146 0.078725 0.040338 0.115530 0.100632 0.062338 0.100534 0.071004 0.146882 0.131181 0.126415 0.155360 0.161969 0.126088 0.166672 0.153649 0.142503 0.138580 0.089827 0.086707 0.124311 0.112181 0.107866 0.100300 0.152787 0.117857 0.105920 0.146616 0.150168 0.092012 0.113555 0.099090 0.095806 0.104323 0.075440 0.101664 0.116448 0.138358 0.131317 0.109025 0.087067 0.113847 0.137232 0.108873 0.103790 0.072363 0.115273
661000.031396 4.332775 0.101433 0.063697 0.088845 0.014332 0.027359 0.038728 0.103522 0.112170 0.070503 0.038410 0.089972 0.092628 0.075927 0.106932 0.088236 0.045348 0.114850 0.108607 0.058796 0.106004 0.067450 0.147760 0.134816 0.130565 0.155082 0.161938 0.127555 0.161281 0.148084 0.144071 0.138377 0.096316 0.090610 0.126825 0.108005 0.107977 0.102392 0.151303 0.122593 0.112804 0.147616 0.148432 0.095076 0.117146 0.100449 0.102639 0.108115 0.081873 0.100327 0.114035 0.135532 0.133036 0.107552 0.086486 0.113491 0.141003 0.105476 0.106902 0.074467 0.120343
662000.031443 4.622204 0.094087 0.056018 0.080315 0.014803 0.032005 0.031289 0.097856 0.105040 0.060187 0.044887 0.080980 0.095330 0.079799 0.107168 0.078900 0.037168 0.110980 0.099460 0.062409 0.097829 0.072696 0.146870 0.132225 0.128189 0.154333 0.159653 0.125414 0.162923 0.149939 0.142614 0.138903 0.093985 0.090772 0.124338 0.108771 0.106836 0.101946 0.151428 0.119290 0.109217 0.144612 0.148672 0.096929 0.114463 0.101959 0.101260 0.106293 0.082045 0.099376 0.116850 0.137847 0.131468 0.108262 0.090160 0.113304 0.139078 0.104806 0.102218 0.077655 0.117440
663000.031491 5.639042 0.085519 0.044990 0.073992 0.016350 0.043382 0.019558 0.093201 0.103160 0.053160 0.057646 0.076796 0.106562 0.090955 0.114472 0.068223 0.031777 0.112899 0.092767 0.073893 0.093046 0.079959 0.144843 0.126179 0.119260 0.153338 0.159250 0.121367 0.166447 0.159398 0.137322 0.139798 0.083868 0.086127 0.119484 0.115656 0.108765 0.099804 0.147720 0.110512 0.098327 0.142017 0.153604 0.096384 0.110746 0.102412 0.094422 0.100239 0.075575 0.105656 0.123135 0.143399 0.125644 0.114031 0.090255 0.111815 0.132621 0.114925 0.097230 0.076803 0.107659
664000.031538 5.637988 0.094179 0.054010 0.080403 0.016349 0.037096 0.026842 0.098963 0.108036 0.060932 0.052123 0.081302 0.102092 0.087355 0.112922 0.077595 0.039160 0.114287 0.100494 0.070227 0.099404 0.078655 0.148051 0.132195 0.126168 0.155980 0.160852 0.125386 0.166607 0.154919 0.141898 0.141394 0.090501 0.088544 0.122755 0.110799 0.107316 0.101426 0.150663 0.117495 0.106531 0.144615 0.152463 0.097424 0.112949 0.101578 0.098944 0.104375 0.080148 0.102350 0.119982 0.141979 0.130247 0.110736 0.089144 0.112215 0.138007 0.112627 0.102540 0.077293 0.114954
665000.031586 7.146105 0.096347 0.060334 0.086587 0.018406 0.027164 0.030139 0.103966 0.112212 0.064544 0.046770 0.088106 0.100227 0.080539 0.112526 0.080379 0.045557 0.119067 0.101483 0.058996 0.104048 0.067391 0.149577 0.133168 0.129635 0.159228 0.166916 0.129751 0.170424 0.156619 0.147055 0.139763 0.092463 0.088618 0.130056 0.117739 0.113448 0.104912 0.159261 0.121184 0.109451 0.152427 0.152505 0.091604 0.118660 0.101375 0.096781 0.108498 0.075013 0.106457 0.118284 0.139691 0.135691 0.112589 0.089075 0.119404 0.140096 0.110249 0.106714 0.071628 0.118784
666000.031633 7.086474 0.098450 0.061196 0.084036 0.018329 0.028137 0.033764 0.102375 0.108177 0.062829 0.043474 0.082794 0.094725 0.078640 0.108028 0.082814 0.041790 0.113768 0.102263 0.059656 0.101685 0.071549 0.150093 0.136522 0.133265 0.157477 0.161744 0.130286 0.162491 0.148379 0.147296 0.140347 0.098514 0.093076 0.127838 0.107846 0.106895 0.103982 0.157193 0.124420 0.114286 0.147987 0.148208 0.096657 0.116470 0.101766 0.102679 0.109899 0.084246 0.097765 0.115515 0.138036 0.136677 0.106950 0.091785 0.115532 0.142576 0.104368 0.106813 0.078627 0.122893
667000.031681 8.233524 0.086619 0.046935 0.072460 0.019757 0.042080 0.015992 0.094620 0.102979 0.051422 0.060413 0.073692 0.108212 0.093568 0.116094 0.068241 0.031373 0.113601 0.091243 0.075035 0.093107 0.084447 0.149737 0.130680 0.123985 0.158908 0.162363 0.125824 0.170246 0.160081 0.142092 0.145156 0.090574 0.091568 0.123032 0.114014 0.108716 0.104291 0.152213 0.115381 0.104977 0.144493 0.157190 0.101572 0.113389 0.105627 0.099207 0.105236 0.082753 0.104110 0.126063 0.148487 0.130105 0.114693 0.095796 0.114303 0.136510 0.115850 0.099765 0.082800 0.112917
668000.031728 6.128499 0.090412 0.050463 0.076039 0.017045 0.040580 0.022987 0.097284 0.103632 0.052170 0.055544 0.075410 0.104553 0.089140 0.114024 0.072194 0.030359 0.114521 0.094084 0.071023 0.095339 0.079632 0.150970 0.133616 0.127007 0.158422 0.162385 0.128743 0.168456 0.156798 0.143973 0.144404 0.092528 0.092332 0.123451 0.112320 0.107571 0.103051 0.153519 0.118859 0.106626 0.145047 0.154561 0.099810 0.113526 0.104980 0.099545 0.105559 0.082880 0.101095 0.122780 0.145283 0.133599 0.111941 0.095652 0.113957 0.139630 0.111651 0.103258 0.082303 0.116049
669000.031776 4.477741 0.094690 0.055808 0.081630 0.014570 0.031884 0.025055 0.101339 0.109291 0.059126 0.050788 0.081261 0.102628 0.085555 0.114199 0.077180 0.039518 0.117093 0.098998 0.065787 0.100478 0.075479 0.151039 0.134194 0.128592 0.159647 0.164750 0.129534 0.170018 0.156763 0.145589 0.143200 0.092151 0.089577 0.125940 0.113200 0.108961 0.103216 0.155932 0.120333 0.108480 0.148538 0.153987 0.095990 0.114649 0.101997 0.097820 0.106479 0.079589 0.102474 0.120286 0.143263 0.134631 0.111243 0.091149 0.115415 0.140095 0.111755 0.105523 0.076900 0.117460
670000.031823 1.639456 0.095962 0.055914 0.083974 0.008816 0.035256 0.029044 0.101153 0.111188 0.064367 0.049103 0.086123 0.102561 0.085990 0.114321 0.080449 0.039976 0.117466 0.103717 0.067895 0.103024 0.074549 0.148709 0.132498 0.126079 0.156761 0.163184 0.126851 0.168905 0.156375 0.142540 0.141502 0.089820 0.087056 0.123740 0.111914 0.108351 0.100693 0.151080 0.118215 0.106379 0.146486 0.153492 0.094869 0.114250 0.100619 0.098129 0.103998 0.077102 0.103168 0.118818 0.141456 0.131220 0.110805 0.086774 0.112385 0.138539 0.114335 0.104679 0.073986 0.114900
671000.031871 3.022916 0.088771 0.049248 0.077652 0.011971 0.037233 0.022094 0.096193 0.105998 0.056243 0.053285 0.080342 0.104778 0.087351 0.114124 0.072356 0.034306 0.115134 0.095843 0.068917 0.096217 0.075405 0.146979 0.128969 0.123165 0.156334 0.162353 0.124781 0.169120 0.158596 0.140849 0.140559 0.087614 0.087429 0.123221 0.114848 0.109653 0.101674 0.151613 0.114211 0.102823 0.145566 0.154052 0.095230 0.113798 0.101964 0.095737 0.103382 0.076550 0.105185 0.121362 0.142872 0.128976 0.112956 0.090186 0.113819 0.135264 0.113720 0.100328 0.075402 0.111772
672000.031918 2.658287 0.091477 0.052097 0.081473 0.011226 0.038376 0.030893 0.096293 0.107504 0.062561 0.048012 0.084821 0.101112 0.083473 0.111372 0.077766 0.038512 0.113984 0.101394 0.067359 0.098484 0.070667 0.141798 0.125877 0.120042 0.150256 0.157304 0.120717 0.163675 0.153960 0.135827 0.134735 0.084287 0.082555 0.118636 0.110323 0.105934 0.096021 0.145628 0.111208 0.099759 0.141264 0.148467 0.090242 0.110078 0.096481 0.093108 0.098807 0.072932 0.102568 0.115058 0.136240 0.124329 0.108277 0.083080 0.108327 0.131650 0.112028 0.099307 0.070062 0.108775
673000.031966 5.208769 0.095338 0.057865 0.083436 0.015714 0.028780 0.028193 0.102003 0.109457 0.061034 0.047424 0.084085 0.099690 0.081714 0.111737 0.078662 0.041160 0.116782 0.099709 0.061134 0.101640 0.070877 0.150109 0.134050 0.129963 0.158846 0.165150 0.129545 0.168612 0.155028 0.146687 0.141049 0.093475 0.090041 0.128359 0.114695 0.110906 0.104318 0.157868 0.121495 0.109860 0.150169 0.152102 0.094361 0.117173 0.102224 0.098559 0.108149 0.078143 0.103538 0.118698 0.140522 0.135683 0.111282 0.090657 0.117578 0.140828 0.109038 0.105696 0.074842 0.119081
674000.032013 1.965574 0.094595 0.054135 0.082461 0.009653 0.034657 0.025047 0.101008 0.109954 0.060699 0.050475 0.084062 0.103420 0.086060 0.114585 0.077806 0.038449 0.117902 0.100898 0.067390 0.101445 0.073804 0.149871 0.133347 0.127256 0.158100 0.164121 0.128495 0.169151 0.156760 0.144336 0.141840 0.090044 0.087687 0.124982 0.113357 0.109360 0.101905 0.154232 0.118940 0.106577 0.147826 0.153605 0.094569 0.114813 0.101214 0.096980 0.104858 0.076985 0.103749 0.119410 0.141906 0.133168 0.111259 0.088899 0.114034 0.139498 0.113814 0.105057 0.074638 0.115942
675000.032061 3.893358 0.088280 0.047614 0.076019 0.013586 0.039317 0.021074 0.094920 0.104407 0.054826 0.054280 0.078117 0.104368 0.088195 0.113296 0.071345 0.033293 0.113408 0.095102 0.070959 0.094691 0.077299 0.145660 0.128257 0.121912 0.154224 0.159389 0.123150 0.166168 0.156550 0.138994 0.139580 0.086094 0.086192 0.120469 0.112512 0.107373 0.099764 0.149104 0.112934 0.101355 0.142623 0.152179 0.095253 0.111165 0.100751 0.094865 0.101317 0.076647 0.103399 0.120345 0.141627 0.127340 0.111260 0.089208 0.111245 0.134303 0.113175 0.099084 0.075773 0.110428
676000.032108 6.404405 0.087273 0.046510 0.071963 0.017424 0.042352 0.021459 0.093227 0.100782 0.050761 0.057333 0.072836 0.104629 0.090655 0.112807 0.070336 0.026597 0.110891 0.092611 0.074384 0.091452 0.082868 0.148362 0.131214 0.124725 0.156196 0.159188 0.125076 0.165470 0.154941 0.140929 0.143411 0.091878 0.092104 0.121329 0.109337 0.105874 0.102472 0.149408 0.115638 0.105544 0.141735 0.153881 0.101735 0.112356 0.104780 0.100549 0.104505 0.084511 0.100522 0.123025 0.144971 0.129099 0.111266 0.095059 0.111382 0.136974 0.112204 0.099442 0.083628 0.113661
677000.032156 10.911284 0.100530 0.063588 0.086731 0.022744 0.027194 0.030541 0.106543 0.112913 0.065484 0.049969 0.085693 0.100358 0.083355 0.113185 0.083624 0.047078 0.119388 0.103109 0.062508 0.105599 0.073926 0.154805 0.139693 0.135492 0.163493 0.167236 0.134817 0.166418 0.153271 0.151682 0.144853 0.100204 0.094940 0.132448 0.113340 0.111898 0.109038 0.162208 0.127328 0.117261 0.153425 0.153745 0.098589 0.120400 0.104446 0.102981 0.113398 0.085317 0.103263 0.120252 0.143272 0.140448 0.111813 0.094643 0.120120 0.145230 0.110352 0.110744 0.080041 0.125319
678000.032203 3.169827 0.096995 0.057733 0.082748 0.012259 0.032663 0.031673 0.100568 0.108679 0.063898 0.046981 0.084252 0.098383 0.082722 0.110468 0.082302 0.038864 0.114543 0.103143 0.065440 0.101583 0.074403 0.150781 0.135822 0.130791 0.158503 0.163326 0.129254 0.164236 0.151554 0.145682 0.142882 0.097155 0.093189 0.127056 0.108791 0.108426 0.104788 0.153419 0.122412 0.113035 0.147569 0.152542 0.099759 0.117513 0.103973 0.104207 0.109038 0.085319 0.100831 0.119100 0.141386 0.134134 0.110021 0.091783 0.114331 0.142112 0.109448 0.105743 0.080101 0.120342
679000.032251 3.765331 0.095581 0.057578 0.084977 0.013360 0.030006 0.028846 0.101682 0.111382 0.064414 0.046527 0.086399 0.100131 0.082208 0.112260 0.079953 0.043236 0.116921 0.102646 0.063120 0.102518 0.070419 0.146716 0.130700 0.125887 0.155776 0.163050 0.125682 0.168254 0.155511 0.142376 0.138335 0.088644 0.085445 0.124905 0.113961 0.109542 0.100703 0.152921 0.117271 0.105465 0.147711 0.151258 0.091153 0.114303 0.098663 0.095116 0.104217 0.073798 0.104272 0.117001 0.138753 0.130632 0.110514 0.085340 0.114283 0.136783 0.111288 0.103956 0.070485 0.114641
680000.032298 7.526603 0.087658 0.048350 0.073781 0.018889 0.039870 0.016659 0.095992 0.103163 0.050340 0.058421 0.073502 0.106908 0.091021 0.115354 0.069001 0.031748 0.114417 0.091253 0.072354 0.093270 0.081016 0.150134 0.131784 0.125390 0.159046 0.162237 0.127905 0.169298 0.158171 0.143277 0.143988 0.090747 0.090672 0.123093 0.113059 0.107625 0.103179 0.154377 0.116643 0.105356 0.144888 0.155060 0.098692 0.112606 0.103667 0.096898 0.104864 0.081525 0.102267 0.123372 0.146246 0.132027 0.112362 0.095215 0.113892 0.137155 0.113602 0.101601 0.081353 0.114375
