460000.021849	77.7743 -52.318
461000.021896	71.0003 -48.4588
462000.021944	45.5881 -39.8942
463000.021991	57.6229 -67.8155
464000.022039	60.7825 -50.378
465000.022086	66.565 -69.9445
466000.022134	48.1276 -59.138
467000.022181	55.977 -34.0009
468000.022229	69.0538 -64.2049
469000.022276	61.2987 -65.628
470000.022324	60.5765 -58.5497
471000.022371	57.4128 -65.4756
472000.022419	60.4316 -59.1186
473000.022466	60.112 -48.3907
474000.022514	52.3167 -64.0875
475000.022561	51.6824 -57.6885
476000.022609	63.3029 -32.6882
477000.022656	47.6805 -52.0902
478000.022704	64.5792 -39.7393
479000.022751	56.9803 -71.2882
480000.022799	71.0114 -52.4582
481000.022846	58.7962 -62.4692
482000.022894	64.3112 -75.2313
483000.022941	53.134 -29.3595
484000.022989	65.1976 -77.1093
485000.023036	63.8145 -51.2244
486000.023084	67.8338 -44.0318
487000.023131	52.766 -52.976
488000.023179	65.7993 -45.0537
489000.023226	52.6346 -52.3087
490000.023274	64.7136 -65.1327
491000.023321	57.2692 -56.2305
492000.023369	60.3545 -57.6358
493000.023416	63.3492 -60.8241
494000.023464	56.9138 -36.4662
495000.023511	64.9752 -54.8747
496000.023559	59.9035 -55.7308
497000.023606	52.0413 -32.0736
498000.023654	60.296 -48.4185
499000.023701	57.9046 -44.0357
500000.023749	59.7491 -45.8438
501000.023796	64.1227 -62.1978
502000.023844	59.5109 -53.0048
503000.023891	57.4258 -36.6438
504000.023939	70.2614 -58.4274
505000.023986	68.0933 -55.1498
506000.024034	68.1653 -47.8897
507000.024081	69.064 -46.4943
508000.024129	70.6008 -47.714
509000.024176	68.3736 -62.1715
510000.024224	63.368 -61.6522
511000.024271	62.7064 -62.874
512000.024319	62.7076 -60.4076
513000.024366	65.0326 -65.5096
514000.024414	68.5815 -64.1609
515000.024461	61.9344 -48.3151
516000.024509	66.3763 -68.9191
517000.024556	75.7944 -52.4471
518000.024604	74.8377 -59.2198
519000.024651	71.4673 -57.3865
520000.024699	54.6434 -62.4637
521000.024746	56.4788 -36.5107
522000.024794	65.015 -62.6597
523000.024841	55.1639 -58.5716
524000.024889	62.2032 -53.1906
525000.024936	63.3556 -61.4802
526000.024984	59.5802 -57.3744
527000.025031	66.8659 -53.3899
528000.025079	65.948 -34.5657
529000.025126	65.2722 -53.5956
530000.025174	75.1023 -49.9423
531000.025221	61.103 -58.1043
532000.025269	67.907 -59.0644
533000.025316	58.814 -56.2447
534000.025364	64.3385 -51.2875
535000.025411	59.2017 -55.0422
536000.025459	50.9357 -64.2698
537000.025506	71.1362 -53.2198
538000.025554	69.2033 -68.1178
539000.025601	68.1135 -49.1343
540000.025649	60.8491 -50.2749
541000.025696	62.7896 -63.5826
542000.025744	66.6848 -45.2534
543000.025791	57.3863 -54.471
544000.025839	64.3256 -65.0885
545000.025886	59.511 -54.5048
546000.025934	69.8398 -51.7083
547000.025981	58.1275 -61.5245
548000.026029	67.7272 -61.4335
549000.026076	61.9371 -54.1761
550000.026124	70.9841 -53.8594
551000.026171	69.7586 -39.9595
552000.026219	64.5166 -67.8704
553000.026266	68.6467 -57.0338
554000.026314	76.5296 -57.8755
555000.026361	55.5097 -64.0712
556000.026409	64.9592 -57.8109
557000.026456	61.7444 -58.4383
558000.026504	60.6973 -60.511
559000.026551	63.5173 -39.9053
560000.026599	70.6263 -41.5435
561000.026646	54.6093 -53.2561
562000.026694	66.5305 -49.9486
563000.026741	54.1123 -50.7181
564000.026789	48.2867 -40.8485
565000.026836	62.6759 -45.5477
566000.026884	63.7503 -64.7048
567000.026931	71.6779 -49.9307
568000.026979	53.3833 -68.0949
569000.027026	61.7186 -31.3484
570000.027074	56.3656 -47.252
571000.027121	57.7156 -39.6569
572000.027169	55.1674 -72.2252
573000.027216	71.4973 -60.8511
574000.027264	50.6535 -31.6544
575000.027311	73.7985 -52.0539
576000.027359	62.5453 -65.6369
577000.027406	61.9309 -59.8199
578000.027454	58.7679 -60.6474
579000.027501	48.878 -51.5536
580000.027549	75.6504 -47.5676
581000.027596	69.1202 -56.0588
582000.027644	52.125 -57.6411
583000.027691	60.0133 -51.1641
584000.027739	65.6531 -67.2501
585000.027786	76.062 -57.3142
586000.027834	64.4718 -58.336
587000.027881	62.4376 -57.3719
588000.027929	72.3548 -61.2467
589000.027976	51.9758 -54.2794
590000.028023	60.5852 -52.2468
591000.028071	71.2352 -60.4064
592000.028118	60.1678 -71.7406
593000.028166	45.1715 -37.4864
594000.028213	57.674 -41.2893
595000.028261	67.3341 -65.691
596000.028308	62.3051 -47.0043
597000.028356	57.5524 -53.2161
598000.028403	58.4 -32.4574
599000.028451	68.1546 -57.3916
600000.028498	62.446 -48.5192
601000.028546	66.0759 -48.7271
602000.028593	73.4915 -59.075
603000.028641	64.8792 -43.9779
604000.028688	71.6243 -54.6986
605000.028736	66.3486 -60.3285
606000.028783	61.9935 -58.5378
607000.028831	60.9989 -60.5014
608000.028878	55.7079 -58.2131
609000.028926	66.6876 -52.7123
610000.028973	64.0297 -62.7274
611000.029021	65.2069 -68.1684
612000.029068	54.6905 -61.7732
613000.029116	66.967 -58.6081
614000.029163	63.1088 -65.0625
615000.029211	60.4635 -40.3273
616000.029258	68.5361 -55.2911
617000.029306	67.7265 -48.3288
618000.029353	70.9662 -48.5175
619000.029401	71.3452 -49.4019
620000.029448	64.2722 -68.1418
621000.029496	56.5246 -40.4735
622000.029543	49.899 -30.5435
623000.029591	70.5696 -59.5758
624000.029638	55.3829 -68.4933
625000.029686	69.8089 -75.4825
626000.029733	59.6955 -42.4794
627000.029781	69.0292 -55.6638
628000.029828	56.326 -48.856
629000.029876	67.1088 -65.3277
630000.029923	59.5659 -59.006
631000.029971	60.4583 -64.8905
632000.030018	64.2169 -58.5307
633000.030066	71.2185 -67.587
634000.030113	70.8329 -57.6849
635000.030161	69.1717 -59.7161
636000.030208	60.6179 -60.5805
637000.030256	61.7063 -58.5032
638000.030303	64.3189 -62.7201
639000.030351	59.3179 -36.3356
640000.030398	55.9235 -38.498
641000.030446	65.7954 -53.3454
642000.030493	70.493 -60.418
643000.030541	67.438 -68.3589
644000.030588	62.91 -53.3436
645000.030636	62.9073 -58.5475
646000.030683	56.2386 -61.5364
647000.030731	57.7417 -55.5234
648000.030778	60.513 -67.8787
649000.030826	67.676 -55.0769
650000.030873	71.6438 -51.0468
651000.030921	63.3593 -36.2394
652000.030968	51.9713 -43.8376
653000.031016	59.4963 -41.7228
654000.031063	48.0644 -40.8663
655000.031111	64.0017 -50.1994
656000.031158	78.8458 -50.0171
657000.031206	56.3604 -62.3741
658000.031253	69.3393 -61.2293
659000.031301	56.5757 -39.0708
660000.031348	65.2729 -55.1997
661000.031396	61.3294 -65.0844
662000.031443	69.1529 -57.9418
663000.031491	71.8836 -47.188
664000.031538	68.1436 -61.5465
665000.031586	60.9132 -48.4086
666000.031633	59.0756 -39.4342
667000.031681	65.4679 -47.8647
668000.031728	63.4428 -45.4781
669000.031776	53.1212 -55.2549
670000.031823	60.0477 -55.5152
671000.031871	62.4237 -47.653
672000.031918	65.3019 -50.2978
673000.031966	60.9424 -57.6927
674000.032013	64.0934 -53.3036
675000.032061	51.5707 -30.5472
676000.032108	52.4144 -33.4611
677000.032156	59.2356 -29.7075
678000.032203	58.901 -63.7727
679000.032251	72.2612 -60.3146
	61.3825 -71.9557
