340000.016149	-43.7738 -37.4114
341000.016197	-64.5947 -38.1141
342000.016244	-60.5703 -37.7628
343000.016292	-56.2863 -28.651
344000.016339	-59.35 -36.4121
345000.016387	-63.7058 -34.7716
346000.016434	-63.5862 -32.8866
347000.016482	-67.0514 -32.3635
348000.016529	-67.4713 -32.4496
349000.016577	-67.2885 -37.2154
350000.016624	-51.9797 -40.9693
351000.016672	-83.7239 -40.2791
352000.016719	-65.6974 -31.3394
353000.016767	-60.8729 -30.3555
354000.016814	-62.9094 -45.1386
355000.016862	-67.8473 -24.8237
356000.016909	-61.1283 -26.8426
357000.016957	-68.4977 -34.7174
358000.017004	-64.242 -47.0127
359000.017052	-61.9682 -43.7698
360000.017099	-57.4012 -33.1987
361000.017147	-73.0979 -32.2323
362000.017194	-68.1486 -53.3689
363000.017242	-62.5071 -28.7906
364000.017289	-71.5244 -41.3825
365000.017337	-63.1105 -29.9178
366000.017384	-74.0717 -27.0553
367000.017432	-76.8425 -27.6255
368000.017479	-60.0295 -28.5597
369000.017527	-65.1176 -32.4973
370000.017574	-66.4003 -37.6334
371000.017622	-61.5252 -28.274
372000.017669	-59.6968 -39.0437
373000.017717	-68.1522 -34.1481
374000.017764	-66.0334 -19.6042
375000.017812	-71.2491 -28.2184
376000.017859	-64.5262 -22.3818
377000.017907	-67.3462 -33.5037
378000.017954	-82.6143 -18.4212
379000.018002	-69.3914 -33.3539
380000.018049	-78.3436 -18.1065
381000.018097	-68.4612 -33.4724
382000.018144	-64.5248 -28.5151
383000.018192	-64.8381 -32.4721
384000.018239	-55.207 -42.7195
385000.018287	-73.3084 -42.7447
386000.018334	-70.2494 -41.9324
387000.018382	-76.1873 -49.2334
388000.018429	-75.5302 -14.5153
389000.018477	-58.0095 -42.1554
390000.018524	-71.5094 -19.3111
391000.018572	-52.3617 -41.4285
392000.018619	-59.2266 -55.3621
393000.018666	-49.9652 -35.426
394000.018714	-70.634 -28.0391
395000.018761	-71.7966 -31.5362
396000.018809	-60.3287 -38.9355
397000.018856	-71.5662 -35.1146
398000.018904	-59.1947 -45.1907
399000.018951	-67.8514 -26.8108
400000.018999	-64.4884 -29.8006
401000.019046	-61.3493 -26.5308
402000.019094	-62.5008 -39.0125
403000.019141	-60.1352 -35.6209
404000.019189	-65.3748 -30.9189
405000.019236	-76.907 -36.439
406000.019284	-62.0256 -41.3396
407000.019331	-73.1062 -24.1712
408000.019379	-60.7953 -35.8377
409000.019426	-61.3184 -22.3429
410000.019474	-67.6203 -42.5751
411000.019521	-63.9357 -29.1813
412000.019569	-76.7191 -24.5613
413000.019616	-72.1077 -37.0474
414000.019664	-62.788 -27.3027
415000.019711	-66 -31.2061
416000.019759	-58.8533 -20.3552
417000.019806	-64.5173 -27.1065
418000.019854	-73.5976 -32.7784
419000.019901	-55.6006 -37.3847
420000.019949	-67.6914 -40.4592
421000.019996	-66.0867 -39.2433
422000.020044	-70.4816 -33.0643
423000.020091	-65.0806 -41.9047
424000.020139	-65.9043 -31.9454
425000.020186	-68.3417 -31.8609
426000.020234	-81.7704 -23.662
427000.020281	-64.9954 -39.1713
428000.020329	-48.0063 -39.7809
429000.020376	-65.0166 -27.3553
430000.020424	-71.2792 -42.4727
431000.020471	-58.9148 -38.9281
432000.020519	-64.3212 -32.1317
433000.020566	-56.2408 -34.2946
434000.020614	-65.9502 -30.1924
435000.020661	-76.9509 -41.324
436000.020709	-61.8407 -40.782
437000.020756	-67.9633 -36.7739
438000.020804	-68.607 -26.5546
439000.020851	-65.6532 -33.9567
440000.020899	-65.4907 -27.8167
441000.020946	-57.8399 -35.4527
442000.020994	-55.6745 -38.5324
443000.021041	-69.7594 -34.928
444000.021089	-71.0381 -45.7966
445000.021136	-69.9321 -29.4873
446000.021184	-67.4285 -22.9978
447000.021231	-63.6287 -27.4373
448000.021279	-67.8203 -33.7314
449000.021326	-70.1027 -45.98
450000.021374	-68.87 -16.7932
451000.021421	-62.0772 -32.1858
452000.021469	-63.1779 -42.2494
453000.021516	-70.5676 -37.3472
454000.021564	-55.8776 -43.6673
455000.021611	-68.2249 -46.4219
456000.021659	-58.9404 -34.5894
457000.021706	-57.9665 -34.7315
458000.021754	-77.8362 -28.7753
459000.021801	-79.9601 -27.565
460000.021849	-79.3702 -39.5044
