600000.028498	54.9272 -167.8
601000.028546	64.9901 161.22
602000.028593	68.4011 173.128
603000.028641	57.4618 -172.641
604000.028688	64.0315 -166.669
605000.028736	66.0056 160.502
606000.028783	65.4529 178.973
607000.028831	56.0759 170.273
608000.028878	50.1349 179.356
609000.028926	54.2583 172.306
610000.028973	63.8835 164.141
611000.029021	62.8707 -164.123
612000.029068	58.3147 176.409
613000.029116	62.1281 -177.589
614000.029163	65.9138 178.782
615000.029211	57.5686 -168.782
616000.029258	63.1737 -177.499
617000.029306	65.4573 -178.642
618000.029353	43.1864 -163.416
619000.029401	66.0015 177.189
620000.029448	50.5244 171.166
621000.029496	58.591 167.736
622000.029543	56.9632 -171.636
623000.029591	59.1143 170.403
624000.029638	75.8867 163.198
625000.029686	64.5979 174.074
626000.029733	67.4007 161.371
627000.029781	65.2495 -170.91
628000.029828	63.758 171.521
629000.029876	64.7113 168.528
630000.029923	59.9376 174.884
631000.029971	62.6921 162.174
632000.030018	62.3334 173.015
633000.030066	63.9736 -178.283
634000.030113	51.2705 -168.853
635000.030161	51.6833 -159.174
636000.030208	62.3087 176.16
637000.030256	57.0861 -170.886
638000.030303	48.4599 -170.092
639000.030351	64.3481 -167.69
640000.030398	56.6705 -177.151
641000.030446	71.3694 -174.322
642000.030493	55.4939 -178.682
643000.030541	66.8819 -178.167
644000.030588	65.4528 169.733
645000.030636	65.7711 -171.721
646000.030683	54.5324 179.285
647000.030731	66.7736 -179.692
648000.030778	68.1557 -172.581
649000.030826	65.691 174.433
650000.030873	57.5514 171.156
651000.030921	57.8127 -175.976
652000.030968	51.1115 -165.373
653000.031016	46.007 -176.735
654000.031063	62.0997 175.928
655000.031111	51.0041 177.598
656000.031158	55.2204 178.697
657000.031206	60.0722 -167.948
658000.031253	56.7604 174.411
659000.031301	52.7743 174.179
660000.031348	60.8703 179.796
661000.031396	57.1151 -171.565
662000.031443	55.4991 -167.931
663000.031491	51.0128 -177.765
664000.031538	55.5838 -178.858
665000.031586	52.6318 -179.392
666000.031633	61.3375 -177.756
667000.031681	58.356 -166.753
668000.031728	52.6823 171.733
669000.031776	48.7627 -172.543
670000.031823	70.8296 171.915
671000.031871	60.6462 176.946
672000.031918	56.9201 170.873
673000.031966	52.2665 -173.719
674000.032013	66.1487 159.654
675000.032061	60.3611 159.327
676000.032108	68.8873 -174.438
677000.032156	62.7928 -172.552
678000.032203	54.5299 164.591
679000.032251	54.8514 -166.378
680000.032298	53.34 -170.16
681000.032346	75.1245 159.27
682000.032393	58.8667 -169.639
683000.032441	74.0203 178.172
684000.032488	60.4649 164.939
685000.032536	51.7953 -168.101
686000.032583	54.136 169.407
687000.032631	59.581 156.988
688000.032678	64.0106 177.882
689000.032726	70.3529 171.517
690000.032773	57.9286 164.466
691000.032821	68.7306 166.807
692000.032868	58.649 -178.332
693000.032916	64.9908 167.76
694000.032963	55.0735 -179.342
695000.033011	62.9982 179.962
696000.033058	62.9231 170.905
697000.033106	62.4165 162.868
698000.033153	61.9705 175.355
699000.033201	65.9294 -179.01
700000.033248	61.0818 166.674
701000.033296	68.4482 -160.286
702000.033343	56.427 146.694
703000.033391	49.106 172.601
704000.033438	60.4317 -169.588
705000.033486	64.3789 167.768
706000.033533	56.3333 -170.22
707000.033581	59.0324 168.199
708000.033628	41.9789 -169.629
709000.033676	56.4934 165.913
710000.033723	52.2631 179.164
711000.033771	52.2888 -176.977
712000.033818	65.262 -166.281
713000.033866	70.9983 176.772
714000.033913	56.5217 173.689
715000.033961	62.1637 174.216
716000.034008	62.6188 -176.042
717000.034056	59.9827 174.846
718000.034103	54.7007 174.986
719000.034151	60.9203 -179.994
720000.034198	53.9451 -167.978
