820000.038948	-144.54 -1.83967
821000.038995	-142.238 -12.8805
822000.039043	-150.91 9.43989
823000.039090	-136.734 -5.83273
824000.039138	-151.376 -12.4084
825000.039185	-138.821 -21.3889
826000.039233	-141.276 -14.6194
827000.039280	-130.432 -23.9809
828000.039328	-138.722 -11.911
829000.039375	-157.973 -15.8858
830000.039423	-141.017 -24.6923
831000.039470	-141.945 -1.84531
832000.039518	-126.472 -12.496
833000.039565	-140.905 0.23337
834000.039613	-153.688 -2.6986
835000.039660	-157.328 -23.6158
836000.039708	-148.569 -13.9261
837000.039755	-144.945 -36.4465
838000.039803	-153.777 -7.39291
839000.039850	-143.344 -5.79671
840000.039898	-169.259 -21.9189
841000.039945	-138.17 -18.3667
842000.039993	-164.565 -0.932846
843000.040040	-153.775 -7.63725
844000.040088	-136.508 -23.8591
845000.040135	-153.016 -6.56701
846000.040183	-131.02 3.29819
847000.040230	-158.08 -5.67528
848000.040278	-125.204 -19.5063
849000.040325	-131.986 -5.80576
850000.040373	-143.685 -1.16199
851000.040420	-128.951 -25.1293
852000.040468	-140.27 4.22926
853000.040515	-144.8 -30.0551
854000.040563	-146.638 -7.67658
855000.040610	-159.962 -11.1244
856000.040658	-152.742 -8.54308
857000.040705	-138.88 -15.0882
858000.040753	-135.641 -18.9273
859000.040800	-155.789 -11.067
860000.040848	-129.965 -5.07013
861000.040895	-145.671 -0.770984
862000.040943	-146.91 -19.4912
863000.040990	-150.803 -19.8928
864000.041038	-133.572 -28.875
865000.041085	-155.2 -23.5564
866000.041133	-149.21 -12.9559
867000.041180	-133.712 -5.52163
868000.041228	-159.724 6.34447
869000.041275	-139.781 -3.82261
870000.041323	-121.237 -23.9967
871000.041370	-140.398 0.929584
872000.041418	-154.006 -21.9989
873000.041465	-128.306 -24.3278
874000.041513	-142.428 -17.4327
875000.041560	-132.177 -0.283313
876000.041608	-145.273 -11.8033
877000.041655	-150.478 -13.1569
878000.041703	-159.118 6.95298
879000.041750	-130.864 -37.2233
880000.041798	-129.484 -20.1776
881000.041845	-146.164 -35.1977
882000.041893	-157.313 18.0675
883000.041940	-144.173 2.30226
884000.041988	-163.636 -12.3883
885000.042035	-146.167 -37.0165
886000.042083	-144.698 -46.2266
887000.042130	-164.16 -29.648
888000.042178	-128.776 -34.6099
889000.042225	-141.46 -13.6876
890000.042273	-146.926 -1.57715
891000.042320	-154.864 0.228563
892000.042368	-127.7 -18.6
893000.042415	-145.903 4.52472
894000.042463	-144.454 -1.24805
895000.042510	-145.387 7.62449
896000.042558	-154.981 -32.463
897000.042605	-147.973 -23.3255
898000.042653	-119.163 -6.50952
899000.042700	-158.299 -17.9375
900000.042748	-145.394 -22.9722
901000.042795	-137.086 -18.572
902000.042843	-162.454 -27.9868
903000.042890	-154.996 2.55736
904000.042938	-148.885 2.29398
905000.042985	-143.008 -23.9344
906000.043033	-147.172 20.9408
907000.043080	-128.347 -9.66071
908000.043128	-159.544 -4.80104
909000.043175	-142.943 -9.55908
910000.043223	-128.39 -17.0934
911000.043270	-151.583 -28.5836
912000.043318	-152.603 -21.2755
913000.043365	-155.191 -1.55117
914000.043413	-155.13 -1.49429
915000.043460	-155.793 -5.35146
916000.043508	-155.201 -16.7965
917000.043555	-145.544 -2.01365
918000.043603	-144.646 -4.84076
919000.043650	-150.888 -6.40387
920000.043698	-145.424 -1.21221
921000.043745	-129.928 -14.8347
922000.043793	-117.601 -20.1353
923000.043840	-161.323 1.25396
924000.043888	-135.716 -40.2468
925000.043935	-119.891 5.8721
926000.043983	-164.456 -0.811621
927000.044030	-134.159 0.0827276
928000.044078	-137.752 -3.17691
929000.044125	-154.748 2.58834
930000.044173	-148.815 3.04205
931000.044220	-143.582 -8.44348
932000.044268	-131.215 -0.271505
933000.044315	-138.887 -24.9228
934000.044363	-133.641 -13.2104
935000.044410	-157.908 -2.21474
936000.044458	-142.882 4.33564
937000.044505	-148.844 -11.4395
938000.044553	-145.399 2.75132
939000.044600	-138.256 -10.6687
940000.044648	-145.861 8.49568
