#! FIELDS time restraint.bias r0 r1 r2 r3 r4 r5 r6 r7 r8 r9 r10 r11 r12 r13 r14 r15 r16 r17 r18 r19 r20 r21 r22 r23 r24 r25 r26 r27 r28 r29 r30 r31 r32 r33
0.000000 0.000000 0.139730 0.121291 0.100019 0.095812 0.129845 0.152157 0.132267 0.150270 0.106046 0.134188 0.114003 0.121607 0.120987 0.112694 0.137093 0.126888 0.122707 0.077975 0.047325 0.098745 0.086889 0.109498 0.085501 0.040541 0.043503 0.000000 0.097090 0.136559 0.144989 0.092675 0.129564 0.152091 0.137487 0.144985
1000.000047 11.787845 0.135260 0.115773 0.097071 0.097621 0.125305 0.148930 0.135310 0.151423 0.109532 0.130001 0.110658 0.121651 0.118499 0.107102 0.135313 0.128958 0.119434 0.068088 0.035832 0.091528 0.085842 0.101036 0.079641 0.038604 0.040133 0.015354 0.101091 0.135458 0.141196 0.092551 0.123916 0.149774 0.134359 0.141431
2000.000095 6.948379 0.138426 0.120550 0.101042 0.098623 0.129445 0.152432 0.135959 0.152421 0.110496 0.133260 0.113365 0.122783 0.120123 0.110632 0.138579 0.130280 0.122544 0.074346 0.044503 0.097912 0.090312 0.106372 0.086099 0.043619 0.045136 0.011788 0.100048 0.137070 0.144069 0.094916 0.128323 0.152204 0.137310 0.144911
3000.000142 13.147986 0.134113 0.113848 0.092806 0.092046 0.127428 0.150464 0.130775 0.149465 0.102649 0.129122 0.109654 0.121335 0.117857 0.108937 0.139425 0.131322 0.121558 0.068795 0.037721 0.098034 0.091567 0.101248 0.086942 0.037414 0.048959 0.016216 0.100615 0.132855 0.143535 0.086555 0.122323 0.148135 0.132059 0.140178
4000.000190 5.484988 0.139062 0.118762 0.096346 0.094362 0.129093 0.152145 0.131116 0.150408 0.104010 0.133645 0.113119 0.122206 0.121427 0.112304 0.137658 0.127574 0.122807 0.074605 0.041272 0.097130 0.084859 0.106763 0.083024 0.034279 0.041964 0.010474 0.099135 0.135825 0.145651 0.090068 0.127575 0.151429 0.136515 0.143950
5000.000237 11.257317 0.135349 0.116431 0.097122 0.095760 0.127275 0.148207 0.130538 0.147725 0.103964 0.132099 0.113830 0.116694 0.115777 0.106692 0.131411 0.124188 0.116043 0.070720 0.039427 0.091515 0.083254 0.102106 0.080162 0.035056 0.041645 0.015005 0.094776 0.131196 0.142597 0.091470 0.124188 0.147254 0.132167 0.139526
6000.000285 9.130578 0.138163 0.118693 0.098921 0.097861 0.127084 0.149605 0.133073 0.150231 0.107560 0.133549 0.114078 0.119463 0.119446 0.109509 0.132292 0.123865 0.118739 0.073067 0.039697 0.091512 0.079897 0.104887 0.077611 0.034260 0.036455 0.013513 0.096941 0.134917 0.143241 0.093542 0.126968 0.150608 0.135805 0.142725
7000.000332 3.015467 0.138982 0.121050 0.100963 0.096911 0.129340 0.152168 0.134551 0.151605 0.108581 0.133047 0.113046 0.123011 0.121097 0.112556 0.138867 0.129643 0.123614 0.077313 0.048104 0.099743 0.090252 0.109270 0.087470 0.044623 0.046243 0.007766 0.098758 0.137872 0.143799 0.093599 0.129262 0.152514 0.137806 0.145149
8000.000380 11.428044 0.137240 0.117150 0.096439 0.096290 0.126942 0.149089 0.131664 0.149451 0.105254 0.133131 0.113671 0.119477 0.119060 0.108626 0.132542 0.124484 0.118399 0.071484 0.036977 0.090675 0.079663 0.103271 0.076708 0.031282 0.036592 0.015118 0.097790 0.134067 0.143486 0.091698 0.125602 0.149480 0.134724 0.141562
9000.000427 3.761470 0.138630 0.120894 0.101176 0.097206 0.129238 0.151421 0.134301 0.150876 0.108786 0.133094 0.113491 0.121437 0.119605 0.110873 0.137141 0.127970 0.121930 0.075978 0.045802 0.097938 0.088799 0.107523 0.085868 0.042120 0.044267 0.008673 0.097861 0.136498 0.143673 0.094152 0.128747 0.151668 0.136871 0.144473
10000.000475 10.377415 0.134023 0.113841 0.094627 0.095628 0.125552 0.149029 0.133794 0.150880 0.106420 0.128555 0.109948 0.121634 0.118013 0.107111 0.136562 0.130270 0.119749 0.067399 0.036008 0.093195 0.087901 0.100951 0.082028 0.038618 0.043954 0.014407 0.101059 0.134527 0.141497 0.089780 0.122275 0.148853 0.132969 0.140099
11000.000522 8.706801 0.140433 0.122734 0.101824 0.096487 0.129942 0.149813 0.129680 0.146715 0.105084 0.136846 0.116728 0.116884 0.118751 0.111082 0.131157 0.119476 0.118524 0.079198 0.047425 0.095056 0.079905 0.109170 0.080658 0.035372 0.037647 0.013196 0.091830 0.133644 0.144948 0.094833 0.130677 0.149950 0.136511 0.143886
12000.000570 8.225506 0.135081 0.115453 0.096014 0.095608 0.126206 0.150313 0.135393 0.152315 0.108185 0.128984 0.109374 0.123886 0.119676 0.109032 0.139467 0.132863 0.122390 0.069607 0.039327 0.096099 0.090925 0.102734 0.084796 0.042160 0.046115 0.012826 0.102739 0.136864 0.141746 0.090305 0.123966 0.150559 0.134908 0.142038
13000.000617 14.961092 0.141097 0.121731 0.096733 0.090415 0.133870 0.153168 0.123758 0.145253 0.096025 0.138087 0.117906 0.117012 0.119660 0.115291 0.136363 0.121903 0.122162 0.080612 0.046685 0.102094 0.083672 0.110272 0.087518 0.025959 0.046439 0.017298 0.092095 0.130793 0.149922 0.088207 0.130212 0.149198 0.135036 0.143521
14000.000665 13.047788 0.141455 0.120770 0.100064 0.101006 0.127059 0.151180 0.135363 0.152706 0.110339 0.135406 0.114707 0.124263 0.124494 0.111569 0.133086 0.124994 0.121341 0.075733 0.042869 0.089747 0.076489 0.108502 0.073422 0.039036 0.031106 0.016154 0.101248 0.139700 0.144347 0.096447 0.129710 0.153891 0.140027 0.145927
15000.000712 9.129781 0.135100 0.116016 0.095150 0.092697 0.127612 0.149610 0.129591 0.147815 0.102487 0.131493 0.111814 0.118609 0.116618 0.108581 0.135873 0.127898 0.118935 0.071251 0.040438 0.095895 0.088225 0.102378 0.084991 0.036159 0.045687 0.013513 0.096657 0.131624 0.143423 0.088188 0.123647 0.147528 0.131890 0.140000
16000.000760 10.535273 0.137413 0.117816 0.099445 0.099809 0.126218 0.149650 0.136449 0.152257 0.110849 0.132270 0.112869 0.121643 0.119670 0.107704 0.133604 0.127424 0.118863 0.070354 0.038643 0.089926 0.083113 0.103199 0.077406 0.039250 0.037273 0.014516 0.100248 0.136725 0.142378 0.094826 0.125901 0.151249 0.136073 0.142961
17000.000807 5.787982 0.139792 0.121518 0.102580 0.101229 0.129386 0.152505 0.137654 0.153583 0.112441 0.134068 0.114572 0.123107 0.121142 0.110223 0.136592 0.128450 0.121826 0.074608 0.044416 0.095137 0.087038 0.107471 0.082527 0.043498 0.040888 0.010759 0.100158 0.138522 0.144419 0.097258 0.129499 0.153597 0.138736 0.145947
18000.000855 8.293703 0.138046 0.120138 0.099640 0.094510 0.129574 0.150053 0.130283 0.147308 0.104495 0.133638 0.114099 0.118490 0.117853 0.110753 0.135554 0.124527 0.120265 0.076796 0.046827 0.098362 0.087284 0.107904 0.086283 0.038610 0.044449 0.012879 0.094406 0.133699 0.144267 0.092031 0.127982 0.149181 0.134693 0.142564
19000.000902 6.901697 0.140909 0.122541 0.103202 0.100954 0.129406 0.152411 0.136605 0.152737 0.111870 0.134935 0.114805 0.123457 0.122212 0.111440 0.136062 0.127198 0.122275 0.076594 0.046914 0.095181 0.085359 0.109295 0.082005 0.044394 0.039665 0.011749 0.099621 0.139166 0.144463 0.097748 0.130711 0.153860 0.139710 0.146585
20000.000950 4.651655 0.137585 0.119000 0.098938 0.096103 0.128632 0.151336 0.133805 0.150981 0.107422 0.132456 0.112604 0.121829 0.119541 0.110702 0.137989 0.129420 0.121908 0.073867 0.043596 0.097405 0.089124 0.106094 0.085650 0.040657 0.044831 0.009645 0.098816 0.136101 0.143709 0.092201 0.127047 0.151029 0.135939 0.143439
21000.000997 4.781927 0.140450 0.121157 0.099431 0.096182 0.130760 0.153051 0.131998 0.150542 0.105805 0.135256 0.114967 0.121132 0.121123 0.112975 0.137057 0.125581 0.122731 0.076617 0.043960 0.098236 0.084804 0.108738 0.084258 0.035307 0.041624 0.009779 0.097204 0.135851 0.146735 0.092729 0.129623 0.152347 0.137502 0.145315
22000.001045 9.977027 0.144317 0.126521 0.103358 0.096250 0.135432 0.155685 0.129573 0.149342 0.103989 0.140546 0.120190 0.118736 0.121602 0.117237 0.136884 0.122459 0.123722 0.084178 0.051324 0.103417 0.084686 0.114214 0.088833 0.034130 0.045352 0.014126 0.092303 0.134614 0.150585 0.094501 0.134434 0.153394 0.139198 0.147661
23000.001092 6.992578 0.136906 0.117000 0.096930 0.097788 0.127239 0.150849 0.135011 0.152285 0.108156 0.131636 0.111963 0.123097 0.120322 0.108512 0.136471 0.129776 0.120824 0.070119 0.038548 0.092818 0.085967 0.103353 0.080161 0.039590 0.040838 0.011826 0.101702 0.136636 0.143341 0.092605 0.125510 0.151140 0.136068 0.142923
24000.001140 6.574795 0.140512 0.123518 0.102536 0.096012 0.131998 0.151222 0.129378 0.146988 0.103962 0.137478 0.118029 0.115942 0.117458 0.111079 0.132421 0.121150 0.118479 0.079697 0.048814 0.097597 0.084435 0.109239 0.084947 0.036257 0.042776 0.011467 0.090524 0.132354 0.146423 0.094338 0.130838 0.149815 0.135578 0.143926
25000.001187 13.105291 0.134454 0.113854 0.092740 0.092475 0.124967 0.147731 0.129382 0.147634 0.102648 0.129915 0.109995 0.119399 0.117879 0.108213 0.134239 0.125745 0.118934 0.069166 0.034924 0.092577 0.082344 0.100966 0.079121 0.031300 0.040202 0.016190 0.098429 0.132338 0.141756 0.087622 0.122626 0.147258 0.132213 0.139274
26000.001235 21.775699 0.132357 0.111929 0.090936 0.091877 0.126757 0.149011 0.129405 0.148364 0.101054 0.128975 0.110357 0.119294 0.115520 0.106156 0.136754 0.130827 0.118422 0.065446 0.032880 0.094434 0.089874 0.097202 0.084331 0.033795 0.048558 0.020869 0.100323 0.130005 0.142972 0.085962 0.119884 0.145782 0.129668 0.137602
27000.001282 7.880616 0.139508 0.120924 0.100612 0.097758 0.128232 0.150730 0.132751 0.149722 0.108263 0.135274 0.114530 0.119673 0.119732 0.110358 0.133265 0.123991 0.119439 0.075119 0.042934 0.093397 0.081860 0.106246 0.079763 0.036706 0.036869 0.012554 0.096344 0.135149 0.144296 0.094462 0.128681 0.151144 0.136570 0.144139
28000.001330 15.005873 0.140394 0.121507 0.098969 0.093946 0.131090 0.150112 0.125303 0.144380 0.099930 0.137744 0.117827 0.114249 0.117654 0.111119 0.129722 0.116433 0.117204 0.078250 0.044518 0.094795 0.076713 0.107800 0.079783 0.026039 0.037513 0.017324 0.089864 0.129892 0.147219 0.092155 0.129591 0.148155 0.134368 0.142401
29000.001377 6.605108 0.135540 0.116679 0.096694 0.095276 0.127638 0.150570 0.133708 0.150941 0.106814 0.130392 0.110904 0.122112 0.118546 0.108757 0.138417 0.131046 0.121468 0.070532 0.039996 0.096564 0.090548 0.102943 0.085299 0.040568 0.046020 0.011494 0.100597 0.135136 0.142690 0.090878 0.124841 0.149823 0.134507 0.142006
30000.001425 15.991126 0.138257 0.119524 0.096253 0.090590 0.131423 0.151950 0.127278 0.146868 0.100374 0.134054 0.113889 0.119310 0.118653 0.113135 0.139292 0.126657 0.123145 0.076929 0.044428 0.102637 0.089703 0.107167 0.089785 0.032931 0.048886 0.017884 0.096249 0.132243 0.146775 0.088178 0.127739 0.148942 0.134085 0.142704
31000.001472 9.033120 0.137588 0.119134 0.097229 0.092009 0.130279 0.151152 0.128633 0.147458 0.101744 0.133860 0.113948 0.117910 0.117506 0.111413 0.136787 0.125734 0.120824 0.075640 0.043597 0.099831 0.088190 0.105928 0.087479 0.033616 0.046705 0.013441 0.094548 0.131984 0.145632 0.088900 0.127089 0.148913 0.133628 0.142208
32000.001520 9.987354 0.133912 0.114158 0.094133 0.094294 0.124310 0.147767 0.132287 0.149081 0.106027 0.128827 0.108929 0.121146 0.118021 0.107215 0.135662 0.128563 0.119516 0.068681 0.036551 0.092706 0.085854 0.100932 0.080323 0.037606 0.041070 0.014133 0.100430 0.134136 0.140511 0.089272 0.122513 0.147961 0.132804 0.139856
33000.001567 7.998928 0.141837 0.122724 0.102654 0.100727 0.128508 0.153332 0.137397 0.154330 0.112695 0.134696 0.113904 0.126027 0.124822 0.114131 0.138084 0.129368 0.124807 0.078199 0.047532 0.096554 0.085230 0.110937 0.082620 0.044911 0.039805 0.012648 0.101888 0.141413 0.144391 0.096687 0.131041 0.155598 0.141040 0.147704
34000.001615 8.500605 0.137749 0.117949 0.097407 0.096254 0.125281 0.148208 0.131050 0.148299 0.106252 0.132366 0.112178 0.120032 0.120200 0.109946 0.131865 0.122491 0.119212 0.074102 0.040847 0.091306 0.077731 0.105879 0.076245 0.034874 0.033962 0.013039 0.097054 0.135062 0.141775 0.092428 0.126570 0.149694 0.135604 0.142085
35000.001662 11.155461 0.134342 0.114458 0.094718 0.095418 0.125901 0.149142 0.132559 0.150095 0.105660 0.129773 0.110918 0.120255 0.117659 0.107746 0.135447 0.128610 0.119132 0.068579 0.036522 0.093272 0.086328 0.101253 0.081657 0.036542 0.043136 0.014937 0.099537 0.133304 0.142066 0.089688 0.122612 0.148503 0.132634 0.140001
36000.001710 12.570644 0.131897 0.112384 0.093557 0.094445 0.123957 0.147552 0.133465 0.149842 0.106549 0.126956 0.108188 0.120774 0.116255 0.105682 0.136478 0.130998 0.118804 0.066057 0.035220 0.093064 0.089685 0.098672 0.082752 0.039595 0.045116 0.015856 0.101123 0.133170 0.139787 0.088458 0.120283 0.147196 0.130987 0.138455
37000.001757 4.298135 0.137241 0.118101 0.096558 0.093506 0.128629 0.150716 0.130143 0.148572 0.103402 0.132523 0.112518 0.120017 0.118683 0.110182 0.136520 0.127019 0.120793 0.073681 0.041908 0.097025 0.086950 0.105138 0.084512 0.036026 0.043782 0.009272 0.097100 0.133566 0.144335 0.089771 0.126246 0.149354 0.134294 0.142201
38000.001805 5.888400 0.136956 0.118242 0.097241 0.094330 0.128587 0.150879 0.131628 0.149400 0.105213 0.132212 0.112259 0.120570 0.118534 0.109962 0.137446 0.128263 0.121196 0.073292 0.041896 0.097540 0.088694 0.104808 0.085459 0.037693 0.044686 0.010852 0.098041 0.134136 0.144041 0.090511 0.126180 0.149694 0.134454 0.142458
39000.001852 4.720063 0.138802 0.120624 0.101543 0.098930 0.128205 0.151627 0.136241 0.152270 0.111041 0.132474 0.112513 0.123282 0.120918 0.110542 0.137391 0.129186 0.122369 0.075335 0.046400 0.096726 0.089057 0.107598 0.084638 0.045627 0.043186 0.009716 0.100042 0.138243 0.143142 0.095207 0.128560 0.152709 0.137752 0.145210
40000.001900 7.819152 0.135815 0.118097 0.100493 0.100130 0.126682 0.150113 0.137796 0.152784 0.112357 0.130509 0.111668 0.122509 0.118349 0.106688 0.136303 0.131288 0.119704 0.070201 0.041982 0.093261 0.090518 0.102860 0.083132 0.046294 0.043823 0.012505 0.101266 0.136685 0.141139 0.095474 0.125414 0.150893 0.135492 0.142718
41000.001947 10.700236 0.137687 0.119770 0.102389 0.100903 0.126150 0.150978 0.140513 0.154919 0.115462 0.129686 0.110152 0.127030 0.122666 0.110926 0.140010 0.133578 0.124686 0.075036 0.047937 0.097241 0.092385 0.108047 0.085719 0.051807 0.045779 0.014629 0.104500 0.141996 0.140450 0.096530 0.127995 0.154122 0.139143 0.145687
42000.001995 8.493808 0.134636 0.114926 0.096289 0.096628 0.125402 0.149149 0.135164 0.151593 0.108396 0.128501 0.109604 0.122587 0.118712 0.107320 0.136834 0.130602 0.120400 0.068194 0.037850 0.093360 0.088515 0.101818 0.082118 0.041470 0.043539 0.013034 0.101644 0.135931 0.140929 0.091377 0.123425 0.149794 0.134193 0.141177
43000.002042 7.673493 0.136062 0.116944 0.097032 0.095546 0.127056 0.148963 0.131236 0.148479 0.105015 0.131918 0.112577 0.119060 0.117743 0.108474 0.133920 0.125623 0.118626 0.071795 0.040582 0.093487 0.084151 0.103803 0.081124 0.036784 0.041301 0.012388 0.096640 0.133266 0.142491 0.091464 0.125134 0.148410 0.133804 0.140877
44000.002090 10.930667 0.137684 0.117708 0.096697 0.095588 0.126837 0.149856 0.132209 0.150051 0.106071 0.132813 0.112703 0.121046 0.120141 0.110310 0.134873 0.126373 0.120461 0.072880 0.038812 0.093177 0.082063 0.104508 0.079396 0.033539 0.038383 0.014786 0.099070 0.135430 0.143500 0.091014 0.126060 0.150463 0.135418 0.142519
45000.002137 10.845825 0.137693 0.119439 0.097036 0.090861 0.130403 0.150265 0.126098 0.145370 0.099543 0.134416 0.114658 0.116074 0.116786 0.111645 0.134983 0.122854 0.119912 0.076738 0.043913 0.099579 0.085557 0.106283 0.086639 0.030214 0.045737 0.014728 0.092283 0.130291 0.145511 0.088617 0.127412 0.147687 0.133010 0.141446
46000.002185 8.450390 0.142691 0.123781 0.101923 0.097902 0.130254 0.152245 0.131545 0.149564 0.107201 0.137861 0.116792 0.120148 0.122396 0.114243 0.133540 0.121013 0.121760 0.080426 0.047040 0.096191 0.078302 0.111428 0.080131 0.034658 0.035415 0.013000 0.094933 0.136638 0.146484 0.095385 0.132212 0.153052 0.139345 0.146508
47000.002232 10.516879 0.136578 0.117669 0.096764 0.094459 0.127944 0.149470 0.129527 0.147545 0.103563 0.132828 0.113445 0.118321 0.117509 0.109466 0.134189 0.124998 0.118935 0.072846 0.040384 0.094827 0.084027 0.104209 0.082440 0.033635 0.041799 0.014503 0.095859 0.132144 0.143493 0.090751 0.125512 0.148117 0.133375 0.140879
48000.002280 8.471183 0.134160 0.115009 0.095719 0.094694 0.124964 0.147458 0.131885 0.148748 0.105519 0.129236 0.110534 0.118974 0.116943 0.107288 0.133524 0.126205 0.118252 0.069851 0.037474 0.092579 0.084433 0.101641 0.080418 0.036013 0.041389 0.013016 0.097541 0.133072 0.140490 0.089985 0.123256 0.147943 0.132516 0.139631
49000.002327 11.782581 0.133112 0.114631 0.096398 0.095790 0.125228 0.147781 0.133280 0.149169 0.107570 0.128747 0.110012 0.119008 0.115468 0.105544 0.134714 0.128176 0.117791 0.067172 0.036265 0.092852 0.088173 0.099322 0.082318 0.038823 0.043594 0.015351 0.098643 0.132292 0.140250 0.091206 0.122281 0.147284 0.131692 0.139312
50000.002375 11.248982 0.134969 0.115482 0.097506 0.098356 0.124465 0.148482 0.136638 0.152055 0.110278 0.128878 0.109729 0.123773 0.119555 0.106839 0.136145 0.131543 0.119907 0.069080 0.040745 0.091274 0.088125 0.102604 0.080436 0.045484 0.042349 0.014999 0.102739 0.137596 0.139915 0.093092 0.123742 0.150131 0.135064 0.141411
51000.002422 5.795873 0.136344 0.117442 0.099238 0.099389 0.125927 0.150085 0.137438 0.153334 0.111264 0.129982 0.110982 0.123632 0.120335 0.108434 0.136328 0.130552 0.121065 0.071075 0.041507 0.093301 0.087766 0.104291 0.081408 0.044807 0.042306 0.010766 0.101771 0.138078 0.141078 0.094204 0.125784 0.151917 0.136549 0.143230
52000.002470 15.325834 0.138420 0.118912 0.101221 0.102820 0.123705 0.149198 0.139904 0.154474 0.116031 0.131380 0.111237 0.125709 0.123307 0.109444 0.134242 0.128858 0.121390 0.072216 0.040759 0.088677 0.081125 0.105225 0.074489 0.044610 0.033195 0.017508 0.104365 0.141064 0.140077 0.097729 0.127257 0.153586 0.139131 0.144857
53000.002517 4.833782 0.138136 0.118830 0.098602 0.096578 0.127203 0.149543 0.132496 0.149506 0.106533 0.133094 0.113099 0.120567 0.119729 0.109335 0.133647 0.125322 0.119445 0.074011 0.042740 0.092690 0.082684 0.105834 0.079422 0.038174 0.038203 0.009832 0.097528 0.135699 0.143117 0.092798 0.127122 0.150382 0.135894 0.142870
54000.002565 17.172943 0.135983 0.115386 0.093874 0.093722 0.127562 0.149542 0.129525 0.148212 0.102548 0.132267 0.112537 0.119142 0.117826 0.108036 0.134499 0.126010 0.118708 0.069109 0.034525 0.092634 0.083124 0.100852 0.079736 0.029749 0.040927 0.018533 0.098570 0.131902 0.144379 0.089078 0.123793 0.147884 0.132758 0.140363
55000.002612 8.437537 0.135199 0.116292 0.095550 0.092901 0.127788 0.149243 0.129756 0.147644 0.103001 0.131114 0.111862 0.118408 0.116672 0.108839 0.135917 0.126522 0.119582 0.071655 0.039522 0.096675 0.087227 0.102991 0.084637 0.034384 0.044943 0.012990 0.096410 0.131812 0.143029 0.089044 0.124436 0.147572 0.132478 0.140299
56000.002660 14.222955 0.135896 0.115138 0.095212 0.097462 0.125534 0.149486 0.133627 0.151026 0.107605 0.130619 0.111017 0.122069 0.119514 0.107177 0.134554 0.127969 0.119290 0.067366 0.034006 0.090101 0.082944 0.100882 0.077173 0.036215 0.038006 0.016866 0.101832 0.134878 0.142374 0.092048 0.123644 0.149598 0.134475 0.141347
57000.002707 15.303377 0.135893 0.116405 0.098429 0.100070 0.123558 0.147494 0.137769 0.152437 0.112628 0.129211 0.110064 0.124012 0.121088 0.107578 0.134309 0.128105 0.120522 0.070323 0.038403 0.089694 0.082435 0.103320 0.075508 0.042293 0.036428 0.017495 0.103233 0.138850 0.139274 0.095155 0.125351 0.151147 0.136872 0.142471
58000.002755 13.902940 0.134699 0.115655 0.097869 0.098540 0.124298 0.147326 0.134816 0.149720 0.109920 0.129810 0.110426 0.120565 0.117805 0.105872 0.132957 0.126317 0.117729 0.068562 0.038679 0.089733 0.083818 0.101614 0.077558 0.041567 0.038097 0.016675 0.099547 0.134993 0.139897 0.094016 0.123897 0.148629 0.134083 0.140627
59000.002802 10.283324 0.137358 0.118104 0.098260 0.097250 0.127828 0.149834 0.132675 0.149748 0.106840 0.133571 0.114017 0.118964 0.118121 0.108208 0.133102 0.124928 0.118188 0.071094 0.037995 0.091757 0.082255 0.103024 0.078910 0.033923 0.038222 0.014341 0.097113 0.133742 0.143784 0.093070 0.126133 0.149660 0.134772 0.142098
60000.002850 8.597808 0.136915 0.116806 0.095469 0.094539 0.128267 0.150798 0.131077 0.149416 0.103964 0.132359 0.112351 0.120990 0.119216 0.109603 0.136704 0.127772 0.120665 0.071386 0.039411 0.095214 0.085936 0.104006 0.082576 0.035431 0.042606 0.013113 0.098941 0.134093 0.144620 0.090010 0.125282 0.149425 0.134412 0.141897
61000.002897 17.452555 0.137444 0.118839 0.102095 0.103018 0.125790 0.151595 0.143130 0.157191 0.117942 0.129356 0.109815 0.128908 0.123397 0.109706 0.140740 0.135932 0.124827 0.071320 0.043995 0.094748 0.092417 0.105447 0.083595 0.052087 0.044684 0.018683 0.108011 0.143087 0.140628 0.097849 0.127130 0.154994 0.139786 0.146011
62000.002945 8.079048 0.137137 0.116838 0.095906 0.096112 0.126817 0.150687 0.132801 0.150966 0.106400 0.131897 0.111795 0.122016 0.120341 0.109774 0.135986 0.128076 0.120851 0.071239 0.038226 0.093554 0.084105 0.103887 0.080277 0.036112 0.040078 0.012711 0.100232 0.135405 0.143588 0.090894 0.125287 0.150593 0.135239 0.142479
63000.002992 6.248909 0.138469 0.119615 0.098729 0.096432 0.130669 0.152386 0.132149 0.150697 0.105172 0.134056 0.115129 0.120196 0.119116 0.110567 0.136460 0.127611 0.121017 0.074085 0.042177 0.097241 0.087323 0.105758 0.084889 0.036848 0.045120 0.011179 0.097432 0.134127 0.145696 0.092454 0.127722 0.150799 0.135736 0.143533
64000.003040 3.400178 0.139337 0.121386 0.100605 0.096156 0.128825 0.150502 0.131604 0.148885 0.106215 0.134426 0.114410 0.120253 0.120310 0.112334 0.134982 0.124759 0.121334 0.078644 0.047753 0.097224 0.084188 0.109679 0.083624 0.039820 0.041387 0.008246 0.095509 0.136010 0.143603 0.093396 0.129506 0.151058 0.137082 0.144077
65000.003087 4.923359 0.138294 0.119167 0.099120 0.097054 0.126506 0.150039 0.133529 0.150406 0.108462 0.132349 0.111855 0.121782 0.121054 0.111206 0.135018 0.125461 0.121453 0.074836 0.043201 0.094617 0.082604 0.107165 0.080399 0.039518 0.038123 0.009923 0.098302 0.137004 0.142393 0.093230 0.127826 0.151615 0.137131 0.143881
66000.003135 6.450860 0.135470 0.115865 0.095803 0.094976 0.125278 0.149056 0.133303 0.150289 0.106917 0.129861 0.109711 0.122101 0.119320 0.108781 0.136453 0.129043 0.120707 0.070629 0.039218 0.093969 0.086502 0.103145 0.081473 0.039165 0.041460 0.011359 0.100339 0.135719 0.141435 0.090135 0.124312 0.149720 0.134400 0.141519
67000.003182 5.080680 0.138306 0.118749 0.097014 0.094784 0.129170 0.151466 0.130792 0.149600 0.103882 0.133989 0.113928 0.120232 0.119651 0.110988 0.135871 0.126471 0.120782 0.074043 0.041279 0.095912 0.084517 0.105777 0.082672 0.034065 0.041911 0.010080 0.097143 0.134223 0.145316 0.090632 0.127058 0.150366 0.135369 0.142949
68000.003230 4.531314 0.138277 0.119893 0.099175 0.095030 0.128235 0.151146 0.132503 0.150112 0.106762 0.132526 0.112153 0.121617 0.120315 0.112127 0.137469 0.127619 0.122685 0.076304 0.045260 0.098673 0.087586 0.107540 0.085678 0.040301 0.044179 0.009520 0.097786 0.136118 0.143407 0.091654 0.128096 0.151340 0.136446 0.144008
69000.003277 21.729874 0.134759 0.112621 0.090367 0.092716 0.126490 0.150911 0.131256 0.151070 0.102554 0.129259 0.109692 0.123775 0.120330 0.109804 0.139659 0.132756 0.122476 0.068133 0.034735 0.095774 0.088688 0.101055 0.083703 0.035276 0.046996 0.020847 0.104082 0.134613 0.144190 0.085593 0.121522 0.149255 0.132897 0.140364
70000.003325 9.942877 0.140516 0.120793 0.100658 0.100440 0.128567 0.152082 0.135875 0.152824 0.110733 0.134555 0.114525 0.123512 0.122632 0.111271 0.135531 0.126543 0.122017 0.074680 0.042422 0.093302 0.081981 0.107856 0.078907 0.039284 0.036744 0.014102 0.100619 0.138568 0.144779 0.096333 0.129367 0.153458 0.139103 0.145742
71000.003372 9.528273 0.134924 0.115439 0.096059 0.095981 0.126657 0.149142 0.132473 0.149708 0.105882 0.130242 0.111839 0.119268 0.117068 0.107299 0.134486 0.126950 0.118518 0.069001 0.036674 0.093149 0.085613 0.101688 0.081458 0.035641 0.042390 0.013805 0.098101 0.132837 0.142363 0.090934 0.123562 0.148503 0.132815 0.140294
72000.003420 10.625324 0.134316 0.115018 0.096112 0.097044 0.125607 0.148852 0.134028 0.150634 0.107873 0.129873 0.111055 0.120266 0.116947 0.105854 0.134435 0.129026 0.117948 0.067218 0.035257 0.091093 0.086448 0.099621 0.080196 0.037993 0.041591 0.014578 0.100180 0.133371 0.141392 0.091640 0.122599 0.148475 0.132740 0.140135
73000.003467 27.241830 0.128624 0.107345 0.088372 0.092281 0.122294 0.146788 0.132916 0.150008 0.104563 0.122855 0.104267 0.123489 0.116672 0.104720 0.139863 0.135457 0.120494 0.060963 0.031857 0.094284 0.093854 0.095188 0.084726 0.042774 0.050824 0.023342 0.105917 0.133022 0.138433 0.085123 0.116359 0.145482 0.129285 0.136207
74000.003515 6.671398 0.136938 0.116797 0.095099 0.093693 0.128632 0.151696 0.131427 0.150456 0.103652 0.131835 0.111923 0.122055 0.120037 0.111176 0.138784 0.129818 0.122535 0.072345 0.040114 0.097795 0.088208 0.104833 0.085198 0.036318 0.045619 0.011551 0.099730 0.134958 0.144741 0.088768 0.125510 0.150327 0.134928 0.142518
75000.003562 12.827197 0.137638 0.120100 0.101996 0.099821 0.128569 0.149649 0.134033 0.149838 0.109465 0.134514 0.115803 0.117218 0.116423 0.106962 0.130970 0.123931 0.116222 0.071928 0.040971 0.090961 0.083327 0.102932 0.079755 0.037879 0.039478 0.016017 0.095143 0.132863 0.143197 0.096526 0.127183 0.149505 0.134735 0.142259
76000.003610 10.423167 0.139124 0.118243 0.098121 0.099179 0.127228 0.151499 0.135687 0.153314 0.109482 0.132665 0.113104 0.123588 0.122579 0.111104 0.135819 0.127326 0.122126 0.072631 0.038844 0.092897 0.081551 0.106187 0.078201 0.036594 0.037431 0.014438 0.101532 0.138219 0.144145 0.093726 0.127296 0.153097 0.137925 0.144581
77000.003657 8.894765 0.134418 0.114238 0.094158 0.093968 0.125799 0.149009 0.132317 0.149953 0.104923 0.128998 0.109733 0.121259 0.118180 0.107815 0.136665 0.129474 0.120172 0.068572 0.036541 0.094213 0.087426 0.101267 0.082332 0.037070 0.043908 0.013338 0.100376 0.134114 0.141798 0.088740 0.122852 0.148635 0.133056 0.140337
78000.003705 3.986056 0.139469 0.121021 0.101436 0.098873 0.127804 0.150796 0.135000 0.151240 0.110124 0.133839 0.113612 0.122047 0.121019 0.110712 0.134945 0.126402 0.121077 0.075805 0.045104 0.094307 0.084133 0.107797 0.081007 0.041752 0.038524 0.008929 0.098417 0.137754 0.143128 0.095457 0.129106 0.152347 0.137994 0.144934
79000.003752 4.717800 0.137347 0.119322 0.099344 0.096028 0.128984 0.150821 0.133058 0.150046 0.106777 0.132529 0.113179 0.120746 0.118409 0.109728 0.136991 0.128524 0.120928 0.073836 0.043657 0.097171 0.089333 0.105591 0.085750 0.040523 0.044958 0.009714 0.097732 0.135073 0.143514 0.092608 0.127132 0.150214 0.135343 0.142953
80000.003800 3.397205 0.140114 0.122400 0.100654 0.094814 0.131348 0.152196 0.129668 0.147864 0.104216 0.136131 0.115730 0.118520 0.118865 0.112136 0.135622 0.124142 0.120929 0.078574 0.047407 0.099257 0.086416 0.108847 0.086379 0.036969 0.043537 0.008243 0.093822 0.133441 0.146416 0.092665 0.129934 0.150452 0.135938 0.144383
81000.003847 6.745634 0.138763 0.119957 0.100315 0.098259 0.128339 0.150538 0.134214 0.150807 0.108670 0.133381 0.114104 0.120322 0.119733 0.109896 0.134210 0.124712 0.120226 0.074333 0.042012 0.094247 0.083231 0.106520 0.080651 0.037314 0.038833 0.011615 0.097260 0.136069 0.143819 0.094497 0.128323 0.151620 0.136772 0.144012
82000.003895 9.592547 0.138365 0.120451 0.102626 0.100396 0.126080 0.149076 0.136010 0.150743 0.112409 0.132776 0.112809 0.121136 0.119834 0.108846 0.132772 0.125162 0.119258 0.074469 0.045053 0.091779 0.083325 0.106266 0.079133 0.044182 0.037095 0.013851 0.098118 0.137327 0.141067 0.097128 0.128228 0.151457 0.137242 0.144023
83000.003942 7.191476 0.138107 0.118218 0.096993 0.095559 0.128625 0.151174 0.132045 0.150218 0.105270 0.132948 0.113119 0.121535 0.120024 0.110175 0.136569 0.127588 0.121232 0.072735 0.040052 0.095210 0.085249 0.105125 0.082200 0.035606 0.041399 0.011993 0.099199 0.135312 0.144679 0.091320 0.126634 0.150599 0.135695 0.143074
84000.003990 7.924728 0.135883 0.116955 0.096895 0.094930 0.126823 0.148837 0.131143 0.148136 0.105361 0.131392 0.111689 0.119228 0.117400 0.107752 0.134488 0.126073 0.118770 0.071266 0.039970 0.093893 0.085650 0.102929 0.081776 0.037164 0.041458 0.012589 0.097228 0.133065 0.142309 0.091235 0.124957 0.148180 0.133405 0.140990
85000.004037 12.897904 0.133806 0.115153 0.097993 0.098778 0.124882 0.147759 0.136378 0.151421 0.110463 0.128941 0.110915 0.120217 0.116820 0.105308 0.133837 0.128537 0.117835 0.067212 0.036020 0.090705 0.086637 0.099925 0.079614 0.040478 0.041602 0.016061 0.100081 0.134692 0.139809 0.093447 0.123109 0.149006 0.133406 0.140401
86000.004085 11.036911 0.133770 0.114198 0.094023 0.093043 0.126036 0.149262 0.132351 0.149775 0.105028 0.127879 0.108534 0.122298 0.118371 0.108807 0.139339 0.131267 0.122108 0.069709 0.039154 0.097742 0.091170 0.102247 0.086153 0.040355 0.047758 0.014857 0.101221 0.134549 0.141362 0.088134 0.122882 0.148504 0.133063 0.140452
87000.004132 4.174916 0.139560 0.121417 0.101847 0.098858 0.129978 0.152714 0.135646 0.152450 0.109649 0.134039 0.114579 0.122390 0.120899 0.112095 0.137812 0.128731 0.122690 0.076639 0.046975 0.098337 0.088791 0.109065 0.086134 0.043305 0.044470 0.009138 0.098434 0.137838 0.144738 0.094881 0.129414 0.153075 0.138063 0.145473
88000.004180 7.711444 0.140328 0.121273 0.099441 0.095545 0.130716 0.152142 0.130651 0.149608 0.104317 0.135760 0.116083 0.119393 0.120565 0.113432 0.135252 0.123724 0.121837 0.078060 0.044359 0.097896 0.082375 0.108989 0.083400 0.032705 0.041896 0.012419 0.095200 0.134769 0.146308 0.092373 0.129858 0.151698 0.137149 0.144625
89000.004227 3.605753 0.139418 0.121086 0.099537 0.095306 0.129492 0.151123 0.130689 0.148505 0.105201 0.135078 0.114469 0.119735 0.119754 0.111669 0.135257 0.124565 0.120923 0.077104 0.045345 0.096976 0.084279 0.108129 0.083344 0.036786 0.040711 0.008492 0.095455 0.134790 0.144951 0.092590 0.129137 0.150619 0.136370 0.143973
90000.004275 11.249605 0.134090 0.113581 0.093804 0.094644 0.124693 0.148799 0.133365 0.150390 0.106243 0.128183 0.108427 0.122943 0.119005 0.107640 0.137573 0.130878 0.120727 0.067786 0.037198 0.093617 0.088258 0.101389 0.081983 0.040250 0.043412 0.015000 0.102206 0.135428 0.141132 0.088952 0.122233 0.148872 0.133317 0.140353
91000.004322 22.740315 0.129379 0.108996 0.091501 0.095421 0.120723 0.145112 0.133690 0.149403 0.107199 0.124924 0.106515 0.120053 0.114618 0.101744 0.133179 0.131131 0.115209 0.060341 0.029605 0.086907 0.087524 0.093539 0.077862 0.040306 0.043023 0.021326 0.102554 0.131373 0.137316 0.088397 0.116578 0.144967 0.128522 0.135558
92000.004370 6.708966 0.137906 0.118314 0.097733 0.097231 0.128699 0.152229 0.134793 0.152488 0.108026 0.132558 0.112679 0.123544 0.120822 0.110624 0.138684 0.130739 0.122550 0.072168 0.040902 0.096062 0.088263 0.105350 0.083861 0.039734 0.043480 0.011584 0.101380 0.137024 0.144587 0.092481 0.126642 0.151844 0.136630 0.143860
93000.004417 9.502278 0.139657 0.120372 0.099897 0.098663 0.128686 0.150885 0.132259 0.149854 0.107055 0.135397 0.115711 0.119390 0.120007 0.110320 0.132148 0.122839 0.118954 0.075046 0.042360 0.092453 0.079538 0.106773 0.078255 0.035150 0.036358 0.013786 0.096043 0.134684 0.144915 0.094672 0.128427 0.151002 0.136546 0.143707
94000.004465 9.759650 0.137332 0.116836 0.096555 0.097335 0.126816 0.150474 0.134598 0.151880 0.108028 0.131252 0.111471 0.123462 0.121164 0.109383 0.136686 0.128612 0.121707 0.070910 0.038427 0.093287 0.084400 0.104228 0.079576 0.038265 0.039726 0.013971 0.102022 0.137165 0.143188 0.092411 0.125826 0.151293 0.136516 0.143182
95000.004512 9.436747 0.139265 0.122267 0.101693 0.095567 0.132408 0.154102 0.134079 0.151403 0.107666 0.133810 0.114004 0.122896 0.120145 0.113792 0.142623 0.131918 0.125466 0.078788 0.050676 0.105265 0.096639 0.110050 0.094366 0.045937 0.052853 0.013738 0.098706 0.136898 0.146147 0.092901 0.129910 0.152410 0.137252 0.145738
96000.004560 8.153574 0.137106 0.118105 0.098251 0.096196 0.127388 0.149753 0.132588 0.149313 0.106985 0.131743 0.111933 0.120380 0.118867 0.108950 0.135082 0.125640 0.120157 0.072662 0.041615 0.094781 0.085281 0.104814 0.081842 0.038741 0.040790 0.012770 0.097972 0.134824 0.142986 0.092540 0.126464 0.149929 0.135139 0.142622
97000.004607 7.750643 0.138222 0.119182 0.098087 0.093958 0.128208 0.150007 0.129518 0.147703 0.104000 0.133576 0.113280 0.118617 0.118932 0.111487 0.134387 0.123433 0.120306 0.075343 0.042845 0.096383 0.082854 0.106501 0.082750 0.033915 0.040926 0.012450 0.094934 0.133456 0.143870 0.091063 0.127593 0.149551 0.135073 0.142611
98000.004655 2.396404 0.138982 0.120212 0.098874 0.095381 0.130313 0.152190 0.132182 0.150476 0.104990 0.134317 0.114587 0.121030 0.119961 0.111597 0.137340 0.128130 0.121855 0.075949 0.044631 0.097999 0.087786 0.107550 0.085492 0.038088 0.044675 0.006923 0.097329 0.135635 0.145563 0.091671 0.128408 0.151374 0.136396 0.144076
99000.004702 2.062038 0.138168 0.119835 0.098769 0.094493 0.128157 0.150027 0.130518 0.148188 0.104702 0.132998 0.112814 0.120002 0.119605 0.111363 0.135240 0.124951 0.121065 0.076848 0.046054 0.097243 0.085080 0.108028 0.083836 0.039171 0.042160 0.006422 0.095590 0.134941 0.143219 0.091624 0.128184 0.150106 0.135838 0.143120
100000.004750 10.856133 0.135658 0.116436 0.098132 0.098535 0.125552 0.150900 0.138997 0.154575 0.112629 0.127866 0.108390 0.126850 0.121726 0.109747 0.141103 0.134723 0.124444 0.070896 0.042524 0.097041 0.092856 0.104799 0.085551 0.048248 0.046590 0.014735 0.105580 0.140120 0.140869 0.092960 0.125061 0.152704 0.136989 0.143797
101000.004797 4.713130 0.136483 0.117062 0.096361 0.095102 0.126353 0.149865 0.132855 0.150116 0.106608 0.130860 0.110514 0.122544 0.119943 0.109587 0.137079 0.129035 0.121473 0.072232 0.041089 0.095002 0.086829 0.104599 0.082387 0.039735 0.041521 0.009709 0.100370 0.136110 0.142344 0.090738 0.125391 0.150169 0.135197 0.142387
102000.004845 5.742095 0.142854 0.123888 0.101606 0.097657 0.131364 0.153881 0.132600 0.151091 0.107177 0.137844 0.116711 0.122410 0.123179 0.114854 0.136844 0.125560 0.123444 0.080202 0.047994 0.098093 0.083251 0.111790 0.083523 0.037682 0.039692 0.010716 0.097264 0.137905 0.147526 0.094656 0.132040 0.153885 0.139674 0.147069
103000.004892 6.835180 0.137340 0.120305 0.101392 0.097418 0.128186 0.149130 0.131985 0.147824 0.107586 0.133690 0.114200 0.117381 0.116717 0.108367 0.132359 0.123379 0.117614 0.074998 0.045756 0.094599 0.085230 0.105717 0.082765 0.040847 0.041461 0.011692 0.093639 0.132952 0.142520 0.094840 0.127649 0.148793 0.134553 0.142167
104000.004940 18.055086 0.133209 0.112253 0.093366 0.097219 0.124598 0.150259 0.138128 0.155024 0.109737 0.126424 0.107793 0.126499 0.120262 0.106815 0.140475 0.137379 0.122270 0.065205 0.035445 0.093644 0.093104 0.099448 0.083518 0.045107 0.048083 0.019003 0.107675 0.137976 0.141035 0.089473 0.120801 0.150790 0.134042 0.140927
105000.004987 15.586062 0.132680 0.113529 0.094026 0.092945 0.127021 0.150040 0.132924 0.150456 0.105091 0.127415 0.108755 0.122051 0.117005 0.108510 0.141080 0.133905 0.122267 0.068096 0.038823 0.099501 0.095478 0.100671 0.089844 0.041717 0.052261 0.017656 0.101783 0.133520 0.141786 0.087692 0.121717 0.148052 0.131891 0.139865
106000.005035 8.799350 0.137676 0.119961 0.098551 0.093176 0.129770 0.149389 0.127868 0.145594 0.102047 0.134647 0.114853 0.116437 0.116695 0.109951 0.133575 0.122493 0.118641 0.076291 0.044684 0.096963 0.084471 0.106158 0.084140 0.033968 0.042898 0.013266 0.092658 0.131334 0.144501 0.091223 0.127751 0.147708 0.133721 0.141561
107000.005082 9.190319 0.135527 0.116034 0.096039 0.096054 0.128028 0.150487 0.133241 0.150940 0.105663 0.131283 0.112469 0.121021 0.117857 0.107435 0.136535 0.130388 0.119544 0.068896 0.037662 0.093917 0.088700 0.101545 0.083043 0.038087 0.044851 0.013558 0.100113 0.134050 0.143451 0.090964 0.124067 0.149223 0.133772 0.141192
108000.005130 6.061267 0.137083 0.117616 0.097702 0.097288 0.127571 0.150827 0.134552 0.151911 0.107971 0.131901 0.112611 0.121947 0.119540 0.109027 0.136207 0.129212 0.120580 0.070994 0.038619 0.093661 0.086097 0.103631 0.081497 0.037760 0.041547 0.011010 0.100248 0.135862 0.143343 0.092432 0.125751 0.150983 0.135594 0.142780
109000.005177 3.522130 0.139844 0.122644 0.102377 0.097314 0.131382 0.152723 0.133612 0.150585 0.107794 0.135180 0.115363 0.120914 0.119864 0.112326 0.137741 0.127465 0.122432 0.078322 0.049057 0.100093 0.089712 0.109716 0.088007 0.042964 0.046044 0.008393 0.096259 0.136357 0.145479 0.094734 0.130444 0.152102 0.137661 0.145387
110000.005225 5.435364 0.136531 0.116885 0.094717 0.092067 0.128070 0.150886 0.129746 0.148983 0.102154 0.131193 0.111234 0.121578 0.119895 0.111951 0.138553 0.128939 0.122812 0.074434 0.042762 0.099229 0.088186 0.106082 0.086294 0.037319 0.046658 0.010426 0.098507 0.134409 0.143832 0.087665 0.125597 0.149585 0.134488 0.141949
111000.005272 12.752145 0.134885 0.114324 0.094424 0.095360 0.124973 0.148863 0.132680 0.150426 0.106158 0.129380 0.110157 0.121191 0.119030 0.108565 0.135277 0.127912 0.120003 0.068725 0.035054 0.092695 0.083872 0.101594 0.079692 0.035245 0.041038 0.015970 0.100454 0.134345 0.141516 0.089729 0.123095 0.149172 0.133590 0.140530
112000.005320 6.065509 0.137930 0.118041 0.097363 0.096942 0.127400 0.151346 0.134417 0.152326 0.107881 0.131955 0.112041 0.123734 0.121573 0.111029 0.137655 0.129824 0.122645 0.072789 0.040470 0.095211 0.085819 0.105639 0.081932 0.038881 0.041651 0.011014 0.101429 0.137456 0.143360 0.092137 0.126674 0.151932 0.136986 0.143774
113000.005367 12.668347 0.138246 0.117462 0.097432 0.099551 0.126549 0.150725 0.135073 0.152656 0.108834 0.133059 0.113201 0.123224 0.121665 0.108909 0.133983 0.128073 0.119839 0.070818 0.038443 0.089530 0.081008 0.103958 0.075832 0.038649 0.036675 0.015918 0.101800 0.137164 0.143541 0.093875 0.125981 0.151732 0.136883 0.143267
114000.005415 7.637493 0.139801 0.120574 0.101895 0.101993 0.127848 0.151542 0.137566 0.153605 0.112499 0.133937 0.114421 0.122956 0.121787 0.109834 0.134238 0.126742 0.120665 0.073557 0.042541 0.091739 0.082555 0.106936 0.078140 0.041876 0.036546 0.012359 0.100251 0.138696 0.143645 0.097444 0.128914 0.153563 0.138846 0.145483
115000.005462 18.925913 0.134396 0.113854 0.094489 0.096712 0.124839 0.148115 0.133567 0.150202 0.107362 0.129658 0.110373 0.120887 0.117924 0.105669 0.134047 0.127695 0.118104 0.065926 0.032554 0.089523 0.083745 0.098944 0.077080 0.035555 0.038994 0.019456 0.101492 0.133771 0.141622 0.091207 0.122253 0.148246 0.132915 0.139930
116000.005510 8.462889 0.143237 0.125469 0.102410 0.095055 0.134072 0.153134 0.127046 0.146390 0.101562 0.140007 0.119722 0.116208 0.119844 0.114828 0.133159 0.118577 0.120756 0.083531 0.051057 0.100448 0.081321 0.112997 0.085422 0.032489 0.042166 0.013010 0.089537 0.132548 0.149245 0.093919 0.133462 0.151030 0.137432 0.145767
117000.005557 7.898809 0.134455 0.114527 0.094308 0.093805 0.126705 0.149664 0.132033 0.149995 0.103936 0.129275 0.110363 0.121272 0.118206 0.108570 0.137460 0.130268 0.120553 0.069751 0.039384 0.095800 0.089316 0.102621 0.084597 0.039092 0.046399 0.012569 0.099762 0.134156 0.142472 0.088285 0.123068 0.148801 0.133007 0.140365
118000.005605 6.665995 0.140403 0.122745 0.103336 0.100505 0.129343 0.150855 0.134129 0.150113 0.110046 0.136098 0.116362 0.119311 0.119814 0.110242 0.131989 0.122350 0.119017 0.077249 0.046631 0.093433 0.081351 0.108717 0.079691 0.040308 0.036763 0.011546 0.095081 0.135917 0.144314 0.097752 0.130512 0.151817 0.137931 0.145001
119000.005652 12.312076 0.135015 0.116476 0.099416 0.100271 0.124924 0.147139 0.135682 0.150370 0.110637 0.130729 0.112471 0.119008 0.116849 0.104619 0.130434 0.125079 0.115836 0.068302 0.037488 0.087473 0.082110 0.100818 0.075574 0.040139 0.036792 0.015692 0.098187 0.134319 0.139965 0.095683 0.124378 0.148789 0.134083 0.140614
120000.005700 5.439322 0.136434 0.117439 0.097469 0.095195 0.128127 0.150843 0.133097 0.150735 0.105933 0.131239 0.112007 0.121023 0.118669 0.109684 0.137376 0.129429 0.121022 0.072202 0.041690 0.096867 0.089264 0.104462 0.085463 0.039564 0.045875 0.010430 0.098530 0.134905 0.143378 0.090638 0.125620 0.150256 0.134610 0.142265
