#! FIELDS time restraint.bias r0 r1 r2 r3 r4 r5 r6 r7 r8 r9 r10 r11 r12 r13 r14 r15 r16 r17 r18 r19 r20 r21 r22 r23 r24 r25 r26 r27 r28 r29 r30 r31 r32 r33
1040000.049397 1.528210 0.110306 0.103261 0.118899 0.141990 0.102385 0.111103 0.156808 0.137298 0.151103 0.114232 0.118934 0.109416 0.098641 0.061630 0.085925 0.119405 0.076413 0.057837 0.066267 0.015132 0.093720 0.071032 0.047246 0.098387 0.072051 0.092937 0.118587 0.121678 0.109395 0.132622 0.102128 0.123517 0.113130 0.112761
1041000.049445 5.842450 0.119503 0.104165 0.108037 0.129532 0.103024 0.118388 0.151875 0.141492 0.138378 0.120489 0.114928 0.118341 0.112633 0.081363 0.096754 0.120767 0.091691 0.061103 0.052905 0.029587 0.070355 0.081700 0.025664 0.078525 0.049441 0.077680 0.118997 0.130472 0.117282 0.120170 0.108368 0.131044 0.122410 0.120610
1042000.049492 19.364842 0.113387 0.094771 0.095096 0.116754 0.108176 0.129672 0.149821 0.150635 0.127907 0.112741 0.106273 0.115258 0.102542 0.074582 0.114175 0.131931 0.094696 0.030690 0.023300 0.053866 0.091211 0.065142 0.059332 0.066137 0.055245 0.061411 0.115365 0.123857 0.123062 0.104741 0.098824 0.133414 0.115965 0.120165
1043000.049540 2.024221 0.116587 0.106074 0.115929 0.138693 0.109419 0.115637 0.153619 0.137484 0.143651 0.123583 0.125121 0.106343 0.101567 0.068731 0.081026 0.112110 0.075900 0.060499 0.061651 0.017415 0.082301 0.072565 0.039762 0.088393 0.067656 0.091650 0.114992 0.119639 0.119510 0.129429 0.106467 0.125320 0.115369 0.115093
1044000.049587 2.197625 0.111985 0.110065 0.127578 0.149325 0.110603 0.105984 0.148572 0.125929 0.151724 0.124246 0.133328 0.095676 0.092226 0.059662 0.062674 0.101706 0.060916 0.073190 0.081336 0.018146 0.095180 0.073957 0.053813 0.105890 0.085740 0.108469 0.110469 0.110509 0.114165 0.141938 0.106070 0.115684 0.108203 0.107577
1045000.049635 9.777044 0.107531 0.094778 0.104049 0.129142 0.105298 0.121148 0.155609 0.146384 0.138598 0.111142 0.111053 0.108873 0.094471 0.059411 0.100435 0.127003 0.080799 0.035032 0.046436 0.038275 0.098258 0.058825 0.057626 0.084764 0.067837 0.078605 0.115479 0.118549 0.116045 0.117659 0.095446 0.126393 0.110694 0.113396
1046000.049682 8.983436 0.124845 0.107425 0.107054 0.126499 0.107930 0.125285 0.150890 0.146151 0.134378 0.124127 0.116391 0.119145 0.114903 0.085360 0.100795 0.120201 0.095261 0.060996 0.047265 0.036688 0.066497 0.085631 0.028682 0.070527 0.041688 0.069565 0.115776 0.133172 0.123340 0.117372 0.112552 0.136989 0.126646 0.126123
1047000.049730 4.345410 0.120062 0.105843 0.111269 0.132364 0.107017 0.120998 0.153239 0.143005 0.140151 0.122172 0.118577 0.113576 0.107879 0.076100 0.093194 0.117877 0.086461 0.057172 0.051723 0.025517 0.075215 0.078027 0.032855 0.079059 0.052756 0.078400 0.115544 0.127288 0.120181 0.122984 0.108567 0.132013 0.121082 0.121233
1048000.049777 2.667710 0.108334 0.109330 0.129608 0.150267 0.109421 0.104369 0.148199 0.124699 0.153741 0.121044 0.132001 0.091507 0.085696 0.051470 0.061464 0.101157 0.055367 0.070816 0.083020 0.019993 0.102452 0.069274 0.060502 0.109631 0.089164 0.109378 0.107923 0.106375 0.110858 0.143473 0.103494 0.113141 0.104356 0.105370
1049000.049825 2.586452 0.116918 0.105855 0.116758 0.140314 0.100199 0.110082 0.153625 0.134956 0.148653 0.119379 0.119355 0.118363 0.112628 0.079183 0.087906 0.118960 0.087440 0.070931 0.069464 0.019686 0.076347 0.084757 0.027058 0.094791 0.064238 0.094010 0.124159 0.129529 0.111405 0.131247 0.108017 0.125637 0.120131 0.116174
1050000.049872 7.452896 0.121435 0.108813 0.116115 0.135040 0.099332 0.110536 0.147273 0.131920 0.144022 0.122481 0.118320 0.121116 0.119342 0.090974 0.090772 0.114799 0.094964 0.078999 0.070725 0.033417 0.062820 0.093954 0.020205 0.088894 0.055613 0.089780 0.121560 0.133101 0.112701 0.127829 0.112645 0.127072 0.123766 0.119003
1051000.049920 4.304870 0.120007 0.105761 0.111536 0.134583 0.107966 0.118595 0.154162 0.141680 0.140593 0.123371 0.121040 0.115031 0.109916 0.076986 0.090737 0.117738 0.086475 0.061434 0.057348 0.025397 0.075426 0.078872 0.031642 0.083264 0.059301 0.085719 0.119354 0.127698 0.120457 0.125345 0.109144 0.130208 0.121610 0.119794
1052000.049967 2.455170 0.114435 0.103998 0.115397 0.137787 0.099765 0.110221 0.153116 0.135496 0.147019 0.116452 0.116782 0.115646 0.108489 0.074613 0.088789 0.118506 0.085479 0.064665 0.064400 0.019180 0.079093 0.080376 0.031237 0.092025 0.062147 0.089256 0.120876 0.127729 0.109666 0.129063 0.106078 0.125241 0.118387 0.115345
1053000.050015 2.836025 0.112915 0.102850 0.113709 0.136031 0.104066 0.116548 0.155120 0.140499 0.145186 0.117089 0.117094 0.109001 0.099584 0.065247 0.090064 0.119147 0.079082 0.052349 0.056049 0.020614 0.087494 0.069280 0.043142 0.087993 0.062771 0.083885 0.115293 0.121542 0.114138 0.126408 0.102746 0.126474 0.114730 0.115670
1054000.050062 1.624658 0.117674 0.108314 0.120518 0.142529 0.102695 0.109629 0.151590 0.132569 0.149490 0.121864 0.123242 0.113995 0.109880 0.077408 0.081810 0.113704 0.082846 0.073031 0.072667 0.015602 0.077334 0.085032 0.030665 0.096583 0.067141 0.096696 0.120419 0.126780 0.112681 0.134281 0.109322 0.124706 0.118953 0.115666
1055000.050110 3.253280 0.115270 0.107085 0.121215 0.142217 0.096405 0.103839 0.147546 0.127330 0.150628 0.117963 0.119448 0.116381 0.111815 0.080474 0.082086 0.114168 0.085511 0.079083 0.079554 0.022078 0.078040 0.089055 0.032574 0.102534 0.069946 0.100999 0.122844 0.127069 0.105978 0.135119 0.107762 0.120835 0.117410 0.113016
1056000.050157 1.053894 0.111088 0.107467 0.125240 0.146877 0.103288 0.103234 0.148514 0.125730 0.152852 0.119539 0.126407 0.104448 0.099156 0.066132 0.071514 0.108481 0.071015 0.072409 0.078827 0.012566 0.089972 0.077040 0.045251 0.104942 0.079384 0.105153 0.116971 0.116712 0.108432 0.139476 0.105155 0.116446 0.110678 0.108423
1057000.050205 3.424309 0.118029 0.107292 0.118447 0.140620 0.100339 0.108713 0.152316 0.133017 0.148738 0.120646 0.120489 0.119168 0.114631 0.082482 0.086866 0.117790 0.088844 0.074811 0.072528 0.022651 0.074310 0.087817 0.026809 0.095760 0.064779 0.095382 0.124451 0.130491 0.111143 0.132237 0.109738 0.125172 0.121054 0.116412
1058000.050252 2.269117 0.118218 0.108179 0.119456 0.141304 0.102675 0.109044 0.150745 0.131677 0.147908 0.122470 0.123425 0.114634 0.111236 0.079592 0.081876 0.113577 0.084141 0.074459 0.072535 0.018439 0.074634 0.085842 0.028731 0.095045 0.066336 0.096722 0.121161 0.126748 0.113147 0.133154 0.109527 0.124030 0.119012 0.115419
1059000.050300 1.977290 0.114248 0.111120 0.129049 0.149631 0.105148 0.103786 0.147948 0.125103 0.155129 0.122918 0.129472 0.105954 0.102340 0.070616 0.069995 0.107380 0.072767 0.077873 0.083599 0.017212 0.089770 0.081834 0.046561 0.107996 0.081499 0.108544 0.118183 0.118783 0.109995 0.142919 0.108794 0.117793 0.113326 0.110578
1060000.050347 2.871172 0.118246 0.108051 0.119077 0.140435 0.102870 0.111242 0.152923 0.134686 0.148423 0.121934 0.121358 0.115990 0.111360 0.079054 0.085963 0.116094 0.085896 0.070819 0.069714 0.020741 0.076935 0.084482 0.030612 0.094093 0.064106 0.093067 0.121167 0.128756 0.113083 0.132280 0.110045 0.126310 0.120832 0.117400
1061000.050395 1.998602 0.113621 0.105479 0.118713 0.140459 0.101414 0.113259 0.155344 0.137884 0.150270 0.116524 0.117733 0.111211 0.102111 0.067125 0.087205 0.118744 0.079501 0.061210 0.066061 0.017305 0.088783 0.075561 0.043007 0.096145 0.066603 0.089862 0.117640 0.123809 0.110301 0.131644 0.104724 0.125869 0.115945 0.115801
1062000.050442 1.659933 0.109895 0.103287 0.117695 0.139306 0.103340 0.111704 0.154074 0.135895 0.147942 0.115197 0.118930 0.104622 0.095036 0.059610 0.082674 0.115165 0.072860 0.055109 0.062799 0.015771 0.091929 0.067953 0.047323 0.094295 0.069558 0.089433 0.113545 0.117650 0.110284 0.130381 0.101768 0.122442 0.111115 0.112057
1063000.050490 2.422876 0.118307 0.106686 0.116309 0.139884 0.106507 0.114152 0.153834 0.137188 0.145538 0.123575 0.123648 0.112924 0.108513 0.075379 0.084502 0.114855 0.082350 0.066849 0.066383 0.019053 0.078176 0.080225 0.032467 0.091472 0.066103 0.093645 0.119652 0.125731 0.117620 0.130828 0.108642 0.126741 0.119398 0.116904
1064000.050537 3.604502 0.112052 0.113613 0.134725 0.153596 0.107981 0.100624 0.145389 0.120597 0.156860 0.122973 0.134052 0.098377 0.094697 0.062791 0.060718 0.101856 0.063138 0.082207 0.091652 0.023240 0.099800 0.081677 0.058167 0.115550 0.091089 0.114999 0.112978 0.112957 0.108557 0.148373 0.108703 0.113700 0.109058 0.107462
1065000.050585 3.820227 0.114982 0.107315 0.121276 0.143596 0.099913 0.103739 0.149567 0.127590 0.150967 0.120109 0.122559 0.116154 0.111885 0.080057 0.081761 0.115118 0.085032 0.077935 0.078359 0.023925 0.079010 0.086996 0.032888 0.101514 0.072155 0.101949 0.124315 0.126692 0.108297 0.135867 0.108643 0.120176 0.117756 0.112318
1066000.050632 7.242929 0.106786 0.096123 0.108151 0.132693 0.104232 0.118364 0.157567 0.144577 0.143136 0.110808 0.112416 0.108315 0.093555 0.057097 0.097603 0.126273 0.078843 0.036789 0.049800 0.032943 0.099524 0.056870 0.056670 0.088582 0.069777 0.082819 0.117241 0.118041 0.113661 0.121629 0.095676 0.124943 0.109964 0.112611
1067000.050680 7.790945 0.116996 0.101262 0.106531 0.129725 0.104802 0.123668 0.155896 0.148001 0.139896 0.115782 0.112158 0.117638 0.107264 0.073592 0.102460 0.126756 0.090377 0.048781 0.046825 0.034167 0.084391 0.074678 0.043510 0.080242 0.054984 0.074258 0.119329 0.129066 0.118553 0.118779 0.104214 0.133795 0.120220 0.121327
1068000.050727 3.419453 0.118943 0.106100 0.113578 0.136269 0.104271 0.115970 0.154954 0.140260 0.143977 0.121090 0.118985 0.117197 0.111316 0.077858 0.091226 0.119395 0.087732 0.064209 0.061000 0.022635 0.075641 0.082034 0.028865 0.087207 0.058555 0.085927 0.120624 0.130076 0.115998 0.127077 0.109271 0.129836 0.122167 0.119434
1069000.050775 1.642018 0.109441 0.103351 0.118748 0.141935 0.103927 0.111452 0.155496 0.136440 0.149710 0.115229 0.120205 0.104622 0.094307 0.056946 0.081958 0.115611 0.071209 0.057134 0.067002 0.015685 0.095482 0.068313 0.050047 0.098558 0.073977 0.093648 0.114525 0.117594 0.110327 0.132909 0.101342 0.121954 0.110989 0.111440
1070000.050822 3.035676 0.116722 0.109054 0.121979 0.143545 0.101877 0.105792 0.149246 0.128647 0.149753 0.121145 0.124017 0.114076 0.110584 0.078577 0.079280 0.111993 0.083128 0.077827 0.076824 0.021327 0.076862 0.088181 0.031492 0.099124 0.069815 0.099231 0.120417 0.127015 0.109854 0.136071 0.110181 0.122336 0.118869 0.114060
1071000.050870 0.958250 0.113218 0.105950 0.120066 0.141898 0.103608 0.106293 0.149348 0.128995 0.147531 0.119174 0.124088 0.107208 0.102341 0.069179 0.076038 0.109678 0.075445 0.069073 0.071354 0.011982 0.082097 0.078837 0.037360 0.096441 0.071251 0.097375 0.116160 0.120475 0.110933 0.133885 0.105851 0.120061 0.113463 0.110895
1072000.050917 4.926801 0.116217 0.102098 0.107846 0.129778 0.105427 0.120091 0.152708 0.143125 0.138287 0.118856 0.115282 0.112099 0.104339 0.072031 0.094582 0.120041 0.084795 0.050836 0.048194 0.027170 0.079803 0.071856 0.038030 0.078935 0.055148 0.077456 0.115546 0.124242 0.118058 0.120153 0.104575 0.129559 0.117927 0.118380
1073000.050965 2.671944 0.111198 0.102093 0.114269 0.137026 0.102902 0.112281 0.155330 0.137768 0.146117 0.114857 0.117437 0.110481 0.100752 0.065492 0.088755 0.119419 0.080108 0.054727 0.057895 0.020009 0.087080 0.070322 0.041369 0.089824 0.065182 0.086792 0.118119 0.122508 0.111202 0.127589 0.102721 0.124314 0.114391 0.113612
1074000.051012 2.640963 0.113701 0.111832 0.129521 0.151428 0.111755 0.107692 0.149540 0.127084 0.154048 0.126732 0.134648 0.096540 0.093670 0.061538 0.063067 0.101811 0.061666 0.074825 0.083812 0.019892 0.096803 0.074558 0.055276 0.108363 0.087409 0.111053 0.111893 0.111037 0.115964 0.144170 0.107558 0.116833 0.109700 0.109367
1075000.051060 3.768563 0.119965 0.106595 0.113499 0.135974 0.106755 0.115993 0.153473 0.138818 0.142150 0.123740 0.122181 0.115196 0.111027 0.078943 0.089102 0.116786 0.086703 0.065460 0.060253 0.023763 0.072909 0.081641 0.027627 0.084296 0.059283 0.087449 0.119675 0.128159 0.118961 0.126795 0.109654 0.128750 0.121205 0.118844
1076000.051107 3.414203 0.121813 0.107687 0.114056 0.137578 0.108647 0.119270 0.154609 0.141540 0.142893 0.126054 0.123644 0.115009 0.111040 0.078555 0.088649 0.116865 0.085479 0.065814 0.062616 0.022618 0.075180 0.081701 0.031030 0.086772 0.061648 0.089704 0.119790 0.127926 0.121959 0.128065 0.110253 0.130738 0.122105 0.120458
1077000.051155 4.832456 0.121720 0.106877 0.112328 0.135256 0.106501 0.116823 0.152469 0.139209 0.140898 0.124480 0.121920 0.117352 0.114209 0.082715 0.090005 0.116296 0.089452 0.068085 0.061161 0.026909 0.068545 0.084895 0.023729 0.083491 0.057816 0.087758 0.120691 0.129918 0.120090 0.125996 0.110799 0.130081 0.122909 0.120019
1078000.051202 2.568888 0.116381 0.105150 0.114405 0.135851 0.101919 0.115093 0.153731 0.138740 0.145373 0.118775 0.116832 0.113879 0.106721 0.073666 0.090227 0.118939 0.084279 0.061077 0.060148 0.019619 0.079741 0.077717 0.034140 0.088202 0.058580 0.084738 0.118183 0.126167 0.113423 0.126863 0.106339 0.127640 0.118476 0.117617
1079000.051250 6.569115 0.118184 0.103477 0.108473 0.128745 0.103969 0.121343 0.152747 0.144022 0.139103 0.118006 0.112646 0.115819 0.107894 0.076061 0.098815 0.121438 0.089717 0.052872 0.048080 0.031373 0.078071 0.076665 0.037130 0.078244 0.049735 0.073241 0.116168 0.128540 0.117395 0.119497 0.106789 0.132483 0.121054 0.121537
1080000.051297 2.258818 0.115611 0.103824 0.113190 0.135368 0.104255 0.115184 0.153545 0.138702 0.143329 0.119037 0.118496 0.111399 0.104571 0.071227 0.088120 0.116892 0.081995 0.057693 0.057197 0.018397 0.079862 0.074286 0.035052 0.085989 0.060235 0.085090 0.117058 0.124032 0.115280 0.126006 0.105353 0.126869 0.117115 0.116448
1081000.051345 1.320361 0.115771 0.106307 0.118817 0.141295 0.101443 0.109913 0.152937 0.134059 0.149418 0.118835 0.120603 0.114171 0.108128 0.074354 0.084453 0.116029 0.082980 0.068394 0.068856 0.014065 0.079832 0.081820 0.032238 0.095208 0.065704 0.093789 0.120797 0.126603 0.111162 0.132654 0.107235 0.124836 0.117998 0.115343
1082000.051392 0.978763 0.110558 0.105698 0.122029 0.143634 0.101184 0.107538 0.152730 0.131967 0.152156 0.116207 0.120674 0.106845 0.098383 0.063299 0.079681 0.114125 0.073776 0.065142 0.072630 0.012110 0.091978 0.074192 0.045962 0.101731 0.073775 0.097389 0.116634 0.119373 0.107270 0.135774 0.103686 0.120492 0.112293 0.111395
1083000.051440 1.246691 0.111620 0.103647 0.117648 0.141814 0.107844 0.113725 0.154913 0.136902 0.147388 0.120139 0.124287 0.102100 0.094237 0.058727 0.078967 0.112777 0.068631 0.057280 0.066372 0.013667 0.093468 0.065789 0.049627 0.096239 0.075683 0.096699 0.114018 0.114516 0.116422 0.132230 0.101505 0.121581 0.110065 0.111124
1084000.051487 0.582987 0.112102 0.105951 0.121470 0.143966 0.101863 0.106669 0.152671 0.131236 0.151531 0.117498 0.122272 0.109177 0.101960 0.066976 0.079151 0.114141 0.076058 0.067777 0.072738 0.009346 0.087693 0.077158 0.040737 0.100537 0.073010 0.098388 0.118853 0.121542 0.108580 0.135720 0.105048 0.120676 0.113856 0.111562
1085000.051535 0.773856 0.116287 0.108990 0.122037 0.142652 0.104088 0.109422 0.150723 0.131280 0.149120 0.121875 0.124503 0.108090 0.103793 0.071457 0.076670 0.110457 0.076273 0.071073 0.072917 0.010768 0.082136 0.080973 0.037870 0.097261 0.069361 0.096382 0.115855 0.121743 0.112354 0.134925 0.108252 0.122876 0.115747 0.114255
1086000.051582 3.266930 0.121784 0.109712 0.117506 0.138301 0.105007 0.114308 0.151187 0.135692 0.144674 0.124710 0.123110 0.115402 0.112914 0.081982 0.085020 0.113347 0.086457 0.072717 0.067651 0.022125 0.069893 0.087378 0.025673 0.088862 0.059655 0.090482 0.118772 0.128812 0.117229 0.130087 0.111984 0.128553 0.122065 0.119340
1087000.051630 2.755132 0.116973 0.106282 0.118370 0.142014 0.099816 0.108895 0.154167 0.134522 0.150524 0.118517 0.119701 0.119859 0.113824 0.079888 0.087745 0.119535 0.088518 0.072696 0.072012 0.020318 0.077683 0.086240 0.029111 0.097531 0.066635 0.096468 0.126153 0.130823 0.110247 0.133152 0.108525 0.125605 0.120759 0.116220
1088000.051677 6.026392 0.122905 0.106963 0.111794 0.133546 0.103664 0.118549 0.153629 0.141705 0.142189 0.123059 0.117588 0.122207 0.117923 0.086542 0.096758 0.120809 0.095019 0.067859 0.059930 0.030049 0.067872 0.087651 0.022010 0.083063 0.051997 0.083234 0.122833 0.134546 0.118705 0.124208 0.111594 0.132971 0.125708 0.122912
1089000.051725 8.629534 0.125436 0.109768 0.113816 0.135042 0.102353 0.115530 0.150769 0.137784 0.142669 0.124764 0.119460 0.125773 0.124072 0.094265 0.095717 0.117823 0.099569 0.079366 0.068384 0.035958 0.058450 0.097410 0.011189 0.085683 0.052435 0.087915 0.124490 0.138387 0.117544 0.126735 0.115288 0.132509 0.128712 0.123375
1090000.051772 2.890095 0.114233 0.101508 0.111045 0.135239 0.103711 0.117164 0.155895 0.142195 0.143964 0.116925 0.116296 0.113026 0.103728 0.068531 0.092650 0.121588 0.082692 0.053102 0.055567 0.020810 0.085124 0.071416 0.039648 0.087457 0.062277 0.084903 0.119116 0.124520 0.115478 0.124949 0.102894 0.127798 0.116611 0.116456
1091000.051820 1.096125 0.113204 0.105293 0.118618 0.141765 0.108015 0.111432 0.152594 0.133699 0.146553 0.121440 0.125910 0.103129 0.097672 0.063824 0.076062 0.109810 0.070871 0.062002 0.066985 0.012816 0.087083 0.070869 0.043764 0.094401 0.073417 0.096559 0.114138 0.116459 0.115981 0.132723 0.104327 0.121413 0.111908 0.111417
1092000.051867 6.628357 0.122769 0.106402 0.109156 0.132149 0.108034 0.120201 0.152756 0.142749 0.137638 0.124767 0.120788 0.118573 0.114944 0.083688 0.094146 0.118708 0.091797 0.065264 0.055813 0.031514 0.067712 0.084190 0.025389 0.078534 0.054463 0.082933 0.120417 0.131035 0.122335 0.122571 0.111098 0.132534 0.124400 0.121847
1093000.051915 11.072072 0.126838 0.107831 0.106107 0.126079 0.110882 0.126759 0.149736 0.146523 0.132294 0.127663 0.119169 0.119418 0.117123 0.088863 0.101370 0.118696 0.096982 0.062826 0.047182 0.040731 0.063078 0.086295 0.027601 0.067843 0.043813 0.072734 0.116594 0.133067 0.127508 0.116846 0.113949 0.137518 0.127717 0.126964
1094000.051962 1.695416 0.114814 0.103107 0.113758 0.137991 0.103916 0.113428 0.154590 0.138082 0.145099 0.118243 0.119764 0.112484 0.105213 0.070484 0.086831 0.117626 0.081402 0.060279 0.061543 0.015938 0.081679 0.075538 0.035496 0.090232 0.065144 0.090271 0.119699 0.124385 0.114707 0.128176 0.104552 0.125761 0.116511 0.114896
1095000.052010 1.699372 0.113905 0.107814 0.123744 0.146902 0.102120 0.104404 0.150688 0.127957 0.153384 0.120817 0.125434 0.111331 0.106508 0.073439 0.076871 0.112939 0.078346 0.075844 0.079617 0.015957 0.085403 0.082496 0.038795 0.104611 0.076997 0.105306 0.122306 0.122505 0.109466 0.138915 0.107125 0.119110 0.114949 0.111131
1096000.052057 3.373131 0.115014 0.104794 0.116480 0.139476 0.099010 0.111657 0.155782 0.138080 0.149529 0.114896 0.115918 0.118562 0.109827 0.074830 0.091869 0.122335 0.087650 0.066210 0.066610 0.022481 0.082485 0.083014 0.035127 0.095152 0.063593 0.089543 0.123114 0.130504 0.108732 0.130314 0.106493 0.127552 0.119875 0.117059
1097000.052105 2.648926 0.115183 0.108596 0.123131 0.144363 0.099341 0.103747 0.149523 0.127454 0.152201 0.118570 0.122362 0.115213 0.110313 0.077723 0.080062 0.114288 0.083451 0.078181 0.078720 0.019922 0.080224 0.087737 0.034343 0.102278 0.071443 0.100731 0.122713 0.126625 0.106875 0.137011 0.108905 0.120873 0.117448 0.112917
1098000.052152 2.986849 0.116252 0.103860 0.112647 0.134745 0.101441 0.114203 0.153348 0.138623 0.143753 0.117210 0.116082 0.115569 0.108508 0.075086 0.091074 0.118959 0.086418 0.060997 0.058530 0.021155 0.076964 0.079504 0.030661 0.086421 0.057249 0.083700 0.119141 0.128005 0.113021 0.125447 0.106403 0.128068 0.119235 0.117501
1099000.052200 1.425217 0.115200 0.104844 0.115754 0.138624 0.105312 0.115956 0.156131 0.140220 0.146460 0.119078 0.119994 0.110402 0.102183 0.066920 0.087066 0.118125 0.078916 0.057674 0.060981 0.014613 0.086017 0.073522 0.040470 0.090847 0.064888 0.087865 0.117131 0.123423 0.115231 0.129158 0.105092 0.127183 0.116589 0.116458
1100000.052247 2.623018 0.115732 0.105480 0.116898 0.139228 0.099924 0.109822 0.153881 0.135449 0.148007 0.116955 0.117887 0.117411 0.110476 0.076409 0.088318 0.119197 0.086521 0.068703 0.068111 0.019825 0.078824 0.084113 0.031241 0.094387 0.063551 0.090873 0.122074 0.129718 0.109458 0.130582 0.107624 0.125992 0.119826 0.116099
1101000.052295 2.691307 0.115717 0.103794 0.113884 0.137369 0.105931 0.117432 0.156481 0.141667 0.145491 0.119500 0.119038 0.112137 0.104091 0.069219 0.089823 0.119166 0.081745 0.055093 0.058181 0.020081 0.085233 0.071675 0.040367 0.089140 0.064212 0.087543 0.119194 0.124203 0.116974 0.127570 0.105065 0.128190 0.117671 0.117472
1102000.052342 3.033811 0.108903 0.109804 0.131307 0.152914 0.106817 0.105751 0.153954 0.129684 0.159058 0.118398 0.128931 0.099544 0.090362 0.053687 0.070509 0.109949 0.063065 0.070951 0.084865 0.021321 0.106466 0.072193 0.061917 0.114209 0.089753 0.109735 0.114359 0.113409 0.107681 0.145730 0.104330 0.117009 0.108607 0.108721
1103000.052390 1.523010 0.110506 0.102624 0.116672 0.139196 0.103423 0.111138 0.153552 0.135648 0.147027 0.116527 0.119467 0.106058 0.097492 0.062628 0.083076 0.114998 0.074430 0.056738 0.063703 0.015106 0.089480 0.069526 0.044284 0.094268 0.069763 0.091493 0.114964 0.118881 0.111158 0.130270 0.102213 0.122224 0.112186 0.111854
1104000.052437 1.787386 0.112449 0.102541 0.114166 0.137210 0.105478 0.115347 0.154575 0.139259 0.144633 0.117914 0.119558 0.106424 0.097817 0.063068 0.085704 0.116294 0.075514 0.053030 0.058157 0.016365 0.087910 0.067946 0.043732 0.089351 0.066422 0.087643 0.114484 0.119172 0.114965 0.127624 0.102296 0.124849 0.113204 0.113898
1105000.052485 1.643718 0.117638 0.107602 0.117819 0.140446 0.106321 0.113417 0.154831 0.136724 0.146752 0.123194 0.123732 0.111908 0.106838 0.073290 0.083366 0.115561 0.080590 0.066506 0.067000 0.015694 0.080791 0.079196 0.034757 0.092627 0.066510 0.093014 0.119179 0.124965 0.116149 0.131609 0.108673 0.126109 0.118718 0.116579
1106000.052532 8.615734 0.103282 0.095906 0.112353 0.137119 0.105245 0.116553 0.158741 0.143160 0.147018 0.108736 0.114464 0.104144 0.087670 0.049740 0.094503 0.123965 0.073931 0.036725 0.056318 0.035930 0.106817 0.052499 0.064521 0.095392 0.077978 0.088810 0.115739 0.113946 0.111798 0.126221 0.093475 0.122255 0.106310 0.109798
1107000.052580 7.376682 0.122639 0.106834 0.110481 0.131940 0.104008 0.119897 0.153459 0.143122 0.141131 0.121851 0.116101 0.122223 0.117302 0.086010 0.099211 0.120868 0.096449 0.065330 0.054985 0.033246 0.067167 0.087137 0.022628 0.079291 0.047818 0.078448 0.121323 0.135337 0.118349 0.122909 0.111949 0.134375 0.126860 0.124028
1108000.052627 3.902693 0.122356 0.108306 0.114038 0.136658 0.108088 0.118552 0.153134 0.140515 0.141637 0.125781 0.123309 0.115161 0.111766 0.079711 0.088280 0.115774 0.086095 0.068255 0.063792 0.024182 0.072907 0.084778 0.029462 0.086193 0.060029 0.088340 0.118354 0.128832 0.121091 0.127622 0.111205 0.130833 0.122690 0.120689
1109000.052675 9.678985 0.124128 0.106335 0.107718 0.128790 0.100762 0.118790 0.150255 0.141619 0.138271 0.121633 0.113293 0.126504 0.122574 0.092447 0.102143 0.121792 0.101278 0.072086 0.060169 0.038082 0.061038 0.093467 0.017038 0.080216 0.045398 0.079424 0.123411 0.138445 0.117403 0.120081 0.112674 0.134384 0.128450 0.124421
1110000.052722 1.986251 0.119114 0.107991 0.117751 0.140334 0.105539 0.113763 0.154172 0.137069 0.146764 0.123301 0.123271 0.114361 0.109849 0.076829 0.085241 0.115650 0.083835 0.068381 0.066745 0.017251 0.076748 0.082704 0.030205 0.091403 0.063803 0.092139 0.119815 0.127806 0.116234 0.131478 0.109865 0.127586 0.120670 0.117882
1111000.052770 1.454876 0.117404 0.108109 0.119631 0.141571 0.105593 0.110183 0.150976 0.132044 0.147060 0.123451 0.125516 0.109921 0.106567 0.074658 0.078451 0.110948 0.079040 0.070842 0.070405 0.014765 0.077889 0.081121 0.033402 0.093860 0.068370 0.096687 0.118015 0.122847 0.115174 0.133360 0.108631 0.123255 0.116867 0.114416
1112000.052817 1.271660 0.113146 0.107295 0.121941 0.144321 0.109851 0.112220 0.153196 0.133399 0.149015 0.122867 0.128344 0.098954 0.093255 0.059453 0.071920 0.107825 0.065182 0.063165 0.071190 0.013804 0.093379 0.067800 0.051505 0.098635 0.078586 0.100415 0.112459 0.112077 0.116940 0.135656 0.104031 0.120138 0.109553 0.110833
1113000.052865 5.636626 0.113151 0.099839 0.107020 0.128993 0.105496 0.119645 0.152409 0.142614 0.137659 0.117007 0.114325 0.109003 0.099982 0.067651 0.094383 0.119911 0.081830 0.045346 0.046508 0.029061 0.084604 0.066325 0.043833 0.079484 0.058450 0.077388 0.113715 0.120736 0.117436 0.119055 0.101623 0.127553 0.114648 0.116127
1114000.052912 3.987469 0.112288 0.100200 0.109959 0.134248 0.105564 0.118786 0.156948 0.143841 0.142933 0.115604 0.116169 0.110157 0.099206 0.063261 0.093219 0.122413 0.080054 0.046174 0.051404 0.024443 0.090303 0.065599 0.046218 0.086141 0.064408 0.082824 0.117366 0.121591 0.116385 0.123421 0.100862 0.127563 0.114245 0.115664
1115000.052960 2.921613 0.117251 0.104854 0.113867 0.137406 0.103140 0.116619 0.155864 0.141253 0.146110 0.119933 0.117490 0.116041 0.108663 0.074283 0.091604 0.120785 0.085404 0.061466 0.062445 0.020923 0.081567 0.078493 0.034790 0.091024 0.061885 0.087885 0.120875 0.128027 0.115159 0.127928 0.106884 0.129114 0.120321 0.118657
1116000.053007 7.698436 0.119934 0.103523 0.107005 0.128299 0.101387 0.119513 0.152158 0.143055 0.138797 0.118254 0.111611 0.121566 0.115090 0.083630 0.101446 0.122630 0.095963 0.060576 0.051265 0.033963 0.069836 0.084267 0.025998 0.077846 0.045739 0.074257 0.120144 0.133959 0.116277 0.118851 0.108761 0.133325 0.124507 0.122525
1117000.053055 11.655436 0.126688 0.107949 0.106081 0.125929 0.105625 0.124560 0.149571 0.145253 0.134439 0.124670 0.114841 0.123900 0.121080 0.092326 0.103749 0.120230 0.101118 0.067870 0.051836 0.041790 0.059264 0.092068 0.021071 0.071394 0.038763 0.071366 0.118729 0.137406 0.122687 0.117001 0.114557 0.138008 0.129782 0.127587
1118000.053102 12.242238 0.124327 0.105559 0.103478 0.122264 0.107845 0.127525 0.148680 0.147290 0.131252 0.122703 0.112780 0.119440 0.114549 0.086059 0.105590 0.121031 0.097739 0.056660 0.041435 0.042829 0.067914 0.084267 0.033833 0.066438 0.038302 0.064316 0.114440 0.133029 0.124083 0.113359 0.111720 0.137962 0.126801 0.127011
1119000.053150 3.041411 0.103952 0.103568 0.123847 0.145651 0.106918 0.105318 0.150947 0.128336 0.150952 0.115443 0.126266 0.092452 0.082422 0.045489 0.070095 0.106965 0.057126 0.060236 0.075251 0.021347 0.104530 0.060925 0.061616 0.105446 0.086556 0.103813 0.108591 0.105666 0.109057 0.137750 0.098225 0.112938 0.101744 0.103558
1120000.053197 0.757334 0.110821 0.106479 0.122884 0.143437 0.106536 0.108292 0.150464 0.130170 0.149076 0.118926 0.125678 0.098966 0.092371 0.058108 0.071800 0.106895 0.065834 0.063200 0.071073 0.010652 0.092256 0.070008 0.049744 0.098808 0.076152 0.097724 0.110484 0.113433 0.111557 0.135770 0.103626 0.118773 0.109055 0.109639
1121000.053245 1.105085 0.110960 0.103667 0.117736 0.141128 0.104049 0.112326 0.155798 0.137202 0.148908 0.116715 0.120439 0.106373 0.096891 0.060451 0.083090 0.116641 0.073317 0.057618 0.065252 0.012868 0.092149 0.069814 0.046059 0.096270 0.071342 0.092367 0.115628 0.119165 0.111695 0.131744 0.102294 0.123106 0.112374 0.112477
1122000.053292 0.397661 0.113270 0.107348 0.123256 0.145330 0.104156 0.106503 0.150316 0.129035 0.151066 0.120466 0.125969 0.105994 0.100851 0.067433 0.074121 0.109625 0.072879 0.070724 0.075510 0.007719 0.086826 0.077742 0.041969 0.101305 0.075620 0.101947 0.116887 0.118847 0.111145 0.137386 0.105683 0.119442 0.112588 0.110748
1123000.053340 6.328774 0.122530 0.106882 0.110302 0.130143 0.104732 0.120989 0.151358 0.142364 0.139039 0.123047 0.116425 0.117942 0.113608 0.083541 0.096449 0.118845 0.092138 0.063210 0.054474 0.030794 0.069072 0.084132 0.027717 0.078313 0.047899 0.077222 0.117341 0.131082 0.119781 0.121234 0.110744 0.133354 0.123982 0.123179
1124000.053387 0.471586 0.114185 0.108541 0.124648 0.146985 0.103430 0.107696 0.153240 0.131406 0.154219 0.120220 0.125021 0.109255 0.102991 0.068382 0.077195 0.113410 0.075365 0.071161 0.076723 0.008406 0.089075 0.079262 0.042442 0.103731 0.075719 0.101788 0.119551 0.121802 0.110355 0.138845 0.106950 0.121536 0.114801 0.112833
1125000.053435 3.209860 0.118629 0.107086 0.117168 0.139386 0.101046 0.110643 0.152476 0.134525 0.147612 0.120613 0.119802 0.118735 0.114156 0.081602 0.088007 0.117233 0.088996 0.072186 0.068786 0.021931 0.072833 0.086788 0.024525 0.092545 0.061538 0.092243 0.123132 0.130799 0.112430 0.130855 0.109804 0.126602 0.121645 0.117548
1126000.053482 3.906993 0.120638 0.107393 0.114989 0.137369 0.103419 0.114318 0.152683 0.137663 0.144333 0.121619 0.120485 0.118392 0.114132 0.081791 0.089345 0.117018 0.089366 0.070927 0.065625 0.024195 0.070817 0.087782 0.024877 0.088466 0.058967 0.089004 0.121218 0.131340 0.115817 0.128511 0.110570 0.129489 0.122694 0.119471
1127000.053530 2.311078 0.112719 0.107879 0.124732 0.146351 0.100293 0.101055 0.147514 0.124547 0.152662 0.118199 0.124544 0.111237 0.106445 0.073728 0.075462 0.111128 0.078775 0.078333 0.081224 0.018609 0.084108 0.085729 0.038731 0.105317 0.076797 0.104857 0.120691 0.123322 0.105912 0.139227 0.107374 0.117762 0.114495 0.109810
1128000.053577 6.047214 0.120677 0.107161 0.113239 0.133606 0.103201 0.121240 0.155838 0.144815 0.144736 0.120088 0.114136 0.119450 0.111821 0.079075 0.098495 0.123449 0.091596 0.060461 0.057237 0.030101 0.079296 0.082115 0.036107 0.085568 0.052620 0.078212 0.119759 0.132377 0.116217 0.124730 0.109993 0.134167 0.124385 0.123909
1129000.053625 4.083041 0.120825 0.107499 0.114136 0.136146 0.109325 0.116554 0.152580 0.138427 0.140610 0.125532 0.124731 0.112875 0.109854 0.078590 0.086024 0.113979 0.084560 0.066402 0.061518 0.024734 0.072865 0.081227 0.031357 0.084118 0.061933 0.089259 0.118017 0.126255 0.121045 0.127360 0.110324 0.128434 0.120746 0.118473
1130000.053672 2.562331 0.120147 0.107770 0.116001 0.138371 0.105704 0.115997 0.153653 0.138838 0.144878 0.122474 0.121853 0.114622 0.110075 0.077086 0.086626 0.115190 0.085013 0.066637 0.063513 0.019594 0.074762 0.083142 0.029793 0.088294 0.060410 0.088542 0.118661 0.128335 0.117246 0.129464 0.110030 0.129611 0.121428 0.119402
1131000.053720 1.078353 0.116558 0.108613 0.121297 0.143325 0.104806 0.111362 0.153343 0.134307 0.150180 0.122422 0.124105 0.110339 0.105247 0.071810 0.080470 0.113252 0.078471 0.069058 0.071240 0.012711 0.082858 0.080273 0.036619 0.096978 0.068994 0.095974 0.117893 0.123890 0.113475 0.135191 0.108543 0.124661 0.117670 0.115601
1132000.053767 3.277183 0.111100 0.101742 0.114472 0.138907 0.103952 0.115957 0.158844 0.142357 0.148247 0.114557 0.116789 0.110860 0.099014 0.061432 0.091408 0.122643 0.079030 0.051221 0.059377 0.022159 0.094093 0.067909 0.048011 0.093742 0.068899 0.087845 0.118793 0.122781 0.112564 0.128683 0.101621 0.126523 0.114720 0.115111
1133000.053815 7.028626 0.104285 0.097243 0.113227 0.137905 0.103365 0.115187 0.159617 0.142750 0.148515 0.108504 0.113808 0.107145 0.090889 0.052051 0.094607 0.125446 0.075939 0.041526 0.057915 0.032452 0.104636 0.057492 0.060467 0.096411 0.075798 0.088251 0.117607 0.117388 0.109668 0.127211 0.095341 0.123130 0.108717 0.110880
1134000.053862 2.742409 0.117751 0.106347 0.116249 0.138780 0.100463 0.111513 0.153397 0.136094 0.147378 0.119639 0.118541 0.118195 0.112486 0.079387 0.088903 0.118799 0.087890 0.070060 0.067771 0.020271 0.075352 0.085013 0.027074 0.092793 0.061435 0.091141 0.122677 0.130036 0.111754 0.130129 0.108618 0.126867 0.121000 0.117404
1135000.053910 6.119330 0.118480 0.103227 0.108472 0.132077 0.107204 0.122307 0.156087 0.146346 0.140537 0.120037 0.116422 0.116634 0.108586 0.074832 0.098207 0.123011 0.089144 0.052089 0.048448 0.030280 0.080002 0.074553 0.036875 0.079904 0.055764 0.078639 0.119753 0.128734 0.120327 0.121822 0.106773 0.132751 0.121668 0.121338
1136000.053957 1.304222 0.113524 0.106297 0.121109 0.143985 0.102650 0.108689 0.154335 0.133932 0.151618 0.117543 0.121930 0.112011 0.104535 0.069045 0.082598 0.115926 0.079519 0.067344 0.071251 0.013979 0.086396 0.079569 0.039218 0.099331 0.071204 0.096470 0.119999 0.125237 0.109600 0.135533 0.106487 0.123677 0.116748 0.113889
1137000.054005 11.993692 0.116625 0.099812 0.101161 0.121787 0.107037 0.126993 0.151204 0.148566 0.132066 0.116972 0.109619 0.114872 0.104658 0.074325 0.106565 0.126995 0.091152 0.041363 0.035870 0.042392 0.084526 0.070657 0.048399 0.070939 0.050222 0.064712 0.114316 0.126147 0.121278 0.111444 0.103548 0.133762 0.119260 0.121743
1138000.054052 4.261598 0.118488 0.104252 0.110801 0.133320 0.107742 0.119710 0.154548 0.142800 0.140367 0.121861 0.119607 0.113277 0.107069 0.074590 0.092234 0.118827 0.085322 0.055661 0.052476 0.025269 0.078091 0.074795 0.035336 0.081037 0.057993 0.082217 0.117734 0.126036 0.120306 0.123422 0.107063 0.130319 0.119720 0.119399
1139000.054100 2.195036 0.106693 0.104039 0.122603 0.145046 0.105752 0.109955 0.155077 0.134097 0.152387 0.115999 0.123352 0.098157 0.087225 0.049973 0.077025 0.112676 0.063431 0.057056 0.071474 0.018135 0.102773 0.062032 0.058424 0.103420 0.081446 0.099271 0.111866 0.110953 0.110082 0.136355 0.099411 0.118154 0.106249 0.108287
1140000.054147 1.654635 0.110177 0.104759 0.121561 0.145007 0.103802 0.109825 0.155745 0.135330 0.152720 0.115581 0.121785 0.106971 0.097108 0.059798 0.081379 0.115606 0.073382 0.061349 0.070551 0.015746 0.095090 0.072019 0.048871 0.101687 0.076040 0.097277 0.117085 0.120142 0.109328 0.136205 0.103103 0.122192 0.112689 0.111895
1141000.054195 0.918280 0.114012 0.106356 0.120410 0.143540 0.102967 0.107832 0.152293 0.131692 0.150230 0.119441 0.123466 0.110414 0.104405 0.070236 0.079640 0.113589 0.077961 0.069256 0.072000 0.011730 0.083931 0.078904 0.037362 0.098443 0.071713 0.098774 0.119751 0.122551 0.111099 0.135102 0.106099 0.121573 0.115154 0.112430
1142000.054242 2.907683 0.113581 0.112145 0.130622 0.150339 0.103122 0.101263 0.147328 0.123008 0.156652 0.121631 0.128505 0.107543 0.103410 0.071584 0.070484 0.109015 0.074079 0.081483 0.086989 0.020873 0.091097 0.085336 0.047134 0.110877 0.082285 0.108948 0.118854 0.120167 0.106515 0.144162 0.109580 0.116751 0.113695 0.110285
1143000.054290 0.770988 0.115102 0.106898 0.120015 0.141953 0.104456 0.109809 0.152391 0.133110 0.148308 0.120681 0.123489 0.108966 0.103570 0.069830 0.079174 0.112352 0.076977 0.067383 0.070191 0.010748 0.083268 0.078486 0.037761 0.096216 0.069547 0.095511 0.116980 0.122533 0.112614 0.133711 0.107041 0.123188 0.115957 0.113925
1144000.054337 3.697146 0.119265 0.106526 0.115364 0.137143 0.102305 0.112812 0.152031 0.136299 0.145127 0.120743 0.119400 0.117964 0.113622 0.081790 0.089263 0.116441 0.089444 0.069070 0.064457 0.023536 0.071108 0.085387 0.025121 0.088403 0.058801 0.089154 0.121470 0.130510 0.114349 0.128544 0.109800 0.128100 0.121923 0.118408
1145000.054385 4.744202 0.117172 0.102619 0.108987 0.132621 0.106077 0.120877 0.156416 0.145359 0.141315 0.119417 0.116373 0.115766 0.107130 0.073108 0.096888 0.123769 0.087111 0.052114 0.050526 0.026662 0.081863 0.073228 0.037700 0.082113 0.057588 0.080311 0.120059 0.127465 0.118966 0.122186 0.105323 0.131211 0.119973 0.119757
1146000.054432 6.711785 0.101794 0.097505 0.115860 0.139086 0.103950 0.112830 0.156564 0.138740 0.148350 0.108641 0.116164 0.099231 0.083246 0.044711 0.087735 0.119459 0.067159 0.043083 0.062837 0.031712 0.108163 0.053523 0.065507 0.099335 0.080522 0.092033 0.111804 0.110004 0.108842 0.129141 0.093198 0.118886 0.103133 0.107055
1147000.054480 4.624126 0.121272 0.108366 0.115862 0.136896 0.102226 0.113493 0.152486 0.136785 0.145165 0.122356 0.119488 0.120450 0.116721 0.085357 0.090852 0.117763 0.092136 0.072629 0.066408 0.026322 0.068553 0.089092 0.022057 0.088437 0.056799 0.088398 0.122538 0.132972 0.114726 0.128629 0.111980 0.129394 0.124220 0.120151
1148000.054527 4.244709 0.110398 0.100601 0.112215 0.134919 0.105116 0.117746 0.156177 0.142210 0.144109 0.115485 0.115974 0.106397 0.095135 0.059947 0.090972 0.120656 0.076094 0.045785 0.055096 0.025219 0.094372 0.063049 0.051201 0.089474 0.067275 0.083942 0.114223 0.118344 0.114545 0.124814 0.099987 0.125647 0.111985 0.114289
1149000.054575 12.632277 0.127873 0.108470 0.106626 0.126960 0.106454 0.121951 0.148140 0.142793 0.133065 0.126208 0.118037 0.125109 0.124233 0.096056 0.101648 0.117720 0.102527 0.074322 0.057716 0.043506 0.053192 0.096401 0.015679 0.072706 0.043492 0.077461 0.120319 0.138655 0.123475 0.118303 0.116000 0.136732 0.130536 0.126591
1150000.054622 6.056822 0.120901 0.105552 0.109076 0.129987 0.108686 0.120620 0.151039 0.142079 0.135946 0.123247 0.120154 0.113429 0.109289 0.079108 0.092931 0.116279 0.087914 0.059531 0.049972 0.030125 0.070111 0.079792 0.030869 0.074409 0.052054 0.077885 0.114898 0.127157 0.121964 0.120736 0.109280 0.131576 0.121342 0.120647
1151000.054670 0.654983 0.113583 0.104730 0.117930 0.140763 0.104618 0.111518 0.152468 0.134216 0.147249 0.119591 0.122500 0.106301 0.100034 0.066115 0.079150 0.112291 0.074035 0.062562 0.067574 0.009907 0.086301 0.072973 0.041989 0.095321 0.070746 0.095261 0.116103 0.118564 0.114091 0.131673 0.103814 0.122461 0.112704 0.112585
1152000.054717 3.810675 0.118783 0.108010 0.119387 0.140986 0.101392 0.107839 0.148979 0.130293 0.147951 0.122252 0.122673 0.117159 0.114360 0.083643 0.083755 0.113463 0.087735 0.077229 0.074478 0.023895 0.072204 0.088717 0.027495 0.095938 0.066522 0.098679 0.123178 0.128630 0.112550 0.133240 0.110244 0.123763 0.120089 0.115525
1153000.054765 8.271994 0.124953 0.108222 0.110276 0.130543 0.104551 0.122894 0.153674 0.145206 0.140353 0.123243 0.115243 0.123431 0.118812 0.087937 0.101433 0.122157 0.098019 0.065687 0.054803 0.035206 0.067091 0.088984 0.024419 0.078238 0.044201 0.075017 0.120777 0.136852 0.120265 0.121349 0.113378 0.137015 0.128454 0.126718
1154000.054812 9.144332 0.123604 0.106302 0.106515 0.127467 0.106402 0.124025 0.152232 0.146440 0.135654 0.122246 0.115269 0.121346 0.115969 0.085174 0.102175 0.122655 0.096499 0.061730 0.049270 0.037015 0.068187 0.086548 0.028220 0.073535 0.044241 0.071413 0.118413 0.134784 0.121423 0.117992 0.111805 0.136703 0.126935 0.125448
1155000.054860 0.908917 0.112636 0.104269 0.117778 0.141582 0.104332 0.109521 0.153973 0.134096 0.147845 0.117959 0.122617 0.108700 0.101555 0.066328 0.080366 0.114442 0.076144 0.063426 0.067442 0.011670 0.085958 0.074938 0.039987 0.095642 0.071297 0.095222 0.118174 0.121353 0.112093 0.132315 0.104306 0.122345 0.113971 0.112057
1156000.054907 2.027355 0.120780 0.109302 0.118821 0.141873 0.108024 0.115516 0.156154 0.138529 0.147760 0.125585 0.125653 0.114772 0.110409 0.076954 0.084843 0.116512 0.083487 0.068980 0.068176 0.017429 0.079018 0.081931 0.033382 0.092845 0.066678 0.094919 0.121819 0.127557 0.119169 0.132823 0.110803 0.128420 0.121267 0.118952
1157000.054955 4.410022 0.119212 0.105261 0.111836 0.135406 0.107664 0.117273 0.153190 0.140283 0.140512 0.122908 0.122054 0.113762 0.109092 0.076641 0.088955 0.116557 0.085109 0.063679 0.059693 0.025706 0.075074 0.080414 0.032152 0.084425 0.061510 0.087485 0.118331 0.126773 0.119720 0.125930 0.108300 0.128948 0.120222 0.118178
1158000.055002 1.832347 0.112257 0.107365 0.124345 0.145628 0.098833 0.104442 0.151795 0.129339 0.154839 0.116243 0.120979 0.112393 0.104994 0.071103 0.080433 0.115991 0.079583 0.072805 0.077751 0.016570 0.088682 0.081585 0.042145 0.105051 0.074448 0.100790 0.121694 0.123734 0.104909 0.138004 0.106156 0.120338 0.114830 0.112054
1159000.055050 2.398615 0.109161 0.108936 0.128815 0.149589 0.109019 0.104572 0.148000 0.125256 0.152505 0.120688 0.131574 0.093076 0.087528 0.053396 0.062099 0.101107 0.057185 0.071440 0.082800 0.018958 0.100275 0.071632 0.058837 0.108766 0.087971 0.108827 0.108165 0.108064 0.111116 0.142941 0.103733 0.114054 0.105366 0.105795
1160000.055097 2.637262 0.117997 0.108409 0.119468 0.141538 0.104573 0.110231 0.153209 0.133623 0.148210 0.122788 0.124000 0.114999 0.110816 0.078344 0.083905 0.115396 0.084580 0.071768 0.069853 0.019878 0.076518 0.084376 0.029900 0.093542 0.065899 0.094531 0.121301 0.127943 0.113950 0.133109 0.110229 0.125293 0.120188 0.116293
