#! FIELDS time restraint.bias r0 r1 r2 r3 r4 r5 r6 r7 r8 r9 r10 r11 r12 r13 r14 r15 r16 r17 r18 r19 r20 r21 r22 r23 r24 r25 r26 r27 r28 r29 r30 r31 r32 r33 r34 r35 r36 r37 r38 r39 r40 r41 r42 r43 r44 r45 r46 r47 r48 r49 r50 r51 r52 r53 r54 r55 r56 r57 r58 r59
0.000000 0.001039 0.034501 0.033555 0.030768 0.080718 0.101038 0.058303 0.057531 0.064752 0.033925 0.113050 0.049966 0.129521 0.125548 0.116026 0.000144 0.054257 0.091701 0.035050 0.116283 0.047454 0.123740 0.132706 0.102998 0.098764 0.145585 0.147740 0.102720 0.159128 0.169055 0.121459 0.138435 0.089950 0.112990 0.115231 0.143850 0.127696 0.121136 0.139258 0.086303 0.085734 0.128010 0.158157 0.131526 0.115730 0.134073 0.110305 0.107532 0.107543 0.133800 0.159302 0.159205 0.108748 0.146228 0.131300 0.126268 0.112696 0.120523 0.065641 0.119229 0.089717
1000.000047 11.570390 0.038761 0.027837 0.025030 0.071151 0.091173 0.049864 0.056127 0.061920 0.025114 0.103324 0.041470 0.121846 0.117823 0.110141 0.015212 0.043602 0.086868 0.038248 0.108093 0.045909 0.116897 0.131823 0.104890 0.100496 0.143472 0.144112 0.102620 0.155775 0.164364 0.120682 0.136685 0.089660 0.108751 0.111256 0.132276 0.118201 0.114849 0.136482 0.088649 0.088099 0.123983 0.154512 0.126526 0.110407 0.127103 0.107841 0.104147 0.104988 0.122700 0.151325 0.155729 0.108447 0.136503 0.124844 0.118808 0.113145 0.113909 0.065943 0.114155 0.091797
2000.000095 9.247886 0.025074 0.034347 0.021431 0.083531 0.103273 0.063391 0.046748 0.053335 0.037524 0.112698 0.048192 0.122544 0.121017 0.106607 0.013600 0.055634 0.080914 0.029257 0.115088 0.037121 0.121969 0.125419 0.097099 0.094978 0.137876 0.139880 0.095739 0.150916 0.161082 0.115242 0.131007 0.092096 0.114683 0.111909 0.140743 0.125879 0.120562 0.132517 0.081875 0.086040 0.120947 0.150974 0.132965 0.114763 0.134399 0.113186 0.106890 0.111073 0.132270 0.157041 0.152558 0.102358 0.144648 0.131746 0.123235 0.107452 0.112574 0.057277 0.121470 0.087725
3000.000142 5.475144 0.039405 0.030625 0.027043 0.076487 0.097341 0.053115 0.059617 0.063952 0.027296 0.110056 0.042883 0.127774 0.124333 0.115254 0.010464 0.048642 0.091357 0.036241 0.114450 0.048801 0.122574 0.135081 0.106896 0.100717 0.146514 0.146327 0.105762 0.158462 0.167561 0.122728 0.140283 0.090355 0.111090 0.112191 0.137044 0.121432 0.117507 0.138863 0.089834 0.087795 0.125456 0.157795 0.129740 0.111638 0.130536 0.108722 0.105352 0.106869 0.126967 0.155964 0.159860 0.111248 0.140797 0.128913 0.121115 0.114652 0.119397 0.069124 0.117996 0.092137
4000.000190 11.194919 0.041330 0.030156 0.026403 0.072994 0.092517 0.051261 0.058814 0.062966 0.023917 0.104704 0.039692 0.122893 0.119309 0.111649 0.014963 0.045551 0.088282 0.038536 0.109294 0.047134 0.118783 0.133465 0.106428 0.101453 0.145209 0.144662 0.104222 0.157020 0.164861 0.121833 0.138275 0.089660 0.108597 0.110550 0.132429 0.117470 0.114206 0.137739 0.089794 0.087746 0.123895 0.155066 0.126373 0.109001 0.126653 0.107115 0.103712 0.104913 0.122288 0.151342 0.157062 0.110178 0.136106 0.125425 0.118736 0.113908 0.114627 0.067654 0.114583 0.092408
5000.000237 4.067098 0.037650 0.031434 0.028846 0.077231 0.097585 0.054319 0.059445 0.064595 0.029406 0.110286 0.047059 0.128116 0.123902 0.115538 0.009019 0.050152 0.092134 0.034942 0.113801 0.049522 0.121828 0.135542 0.106553 0.101392 0.147554 0.148720 0.106105 0.160317 0.169344 0.124084 0.140550 0.091064 0.112168 0.115126 0.140240 0.124755 0.119782 0.140826 0.090278 0.088612 0.128257 0.159080 0.130371 0.114670 0.132394 0.109952 0.107275 0.106866 0.129812 0.157337 0.160231 0.112232 0.143115 0.129905 0.124228 0.115665 0.119580 0.068861 0.118130 0.092681
6000.000285 10.332664 0.029741 0.028676 0.023680 0.077791 0.098792 0.058691 0.048270 0.057192 0.032700 0.108564 0.047181 0.123114 0.119995 0.108308 0.014375 0.049649 0.083266 0.036417 0.112959 0.039047 0.119570 0.125959 0.098313 0.095455 0.138370 0.140339 0.096204 0.151206 0.162102 0.115161 0.131903 0.089215 0.111186 0.110535 0.136722 0.122688 0.117212 0.131764 0.081637 0.084173 0.121341 0.151824 0.129727 0.112501 0.130662 0.110001 0.104371 0.107957 0.128935 0.154451 0.153028 0.101741 0.141153 0.127916 0.120389 0.108037 0.113810 0.058537 0.117585 0.086869
7000.000332 14.657440 0.043290 0.033689 0.031998 0.073240 0.090997 0.049061 0.063340 0.067721 0.027932 0.105707 0.044107 0.125365 0.120200 0.114508 0.017122 0.049306 0.093170 0.037711 0.108493 0.052535 0.117773 0.136644 0.108534 0.103607 0.149399 0.148899 0.108480 0.161667 0.168188 0.125719 0.140483 0.090832 0.109140 0.114925 0.135785 0.120792 0.117381 0.143373 0.092595 0.090762 0.128877 0.157923 0.125855 0.112182 0.127393 0.106112 0.106552 0.104329 0.125107 0.152803 0.159635 0.113996 0.138256 0.126314 0.122111 0.115573 0.117461 0.071790 0.114147 0.095214
8000.000380 13.358828 0.040609 0.032411 0.022246 0.076714 0.096864 0.054792 0.058102 0.059692 0.023264 0.109270 0.038115 0.125139 0.122699 0.112263 0.016346 0.046349 0.087815 0.033808 0.113621 0.045181 0.122901 0.135948 0.109135 0.103466 0.146400 0.145247 0.106967 0.157240 0.166451 0.123828 0.141300 0.094184 0.113275 0.112073 0.133307 0.118937 0.117597 0.138297 0.093061 0.091781 0.123927 0.157731 0.131747 0.111451 0.131074 0.111553 0.106526 0.110342 0.123402 0.155379 0.159986 0.112972 0.138491 0.130343 0.119896 0.117008 0.115588 0.069914 0.120371 0.095313
9000.000427 9.790619 0.025582 0.030981 0.024666 0.080751 0.100462 0.060860 0.047040 0.056368 0.037789 0.110152 0.051542 0.121969 0.119009 0.106599 0.013993 0.054632 0.082405 0.033298 0.112798 0.039591 0.118681 0.124829 0.096305 0.094666 0.137760 0.140794 0.095074 0.151325 0.161087 0.115279 0.129760 0.089614 0.112307 0.112922 0.141496 0.127051 0.120125 0.133077 0.080685 0.084640 0.122754 0.150608 0.130318 0.115375 0.132861 0.111001 0.106258 0.107915 0.133326 0.155441 0.151149 0.101509 0.144379 0.129038 0.123622 0.107330 0.113077 0.056722 0.118153 0.086761
10000.000475 4.528275 0.033932 0.031578 0.025507 0.078190 0.097493 0.056319 0.054723 0.060612 0.031736 0.109171 0.046987 0.123881 0.120639 0.110588 0.009517 0.051332 0.086840 0.033770 0.112159 0.044423 0.120278 0.132091 0.103752 0.100966 0.144692 0.146505 0.102120 0.157781 0.166477 0.122061 0.136681 0.092221 0.113377 0.115532 0.140568 0.125788 0.120842 0.139218 0.088016 0.088938 0.126932 0.156224 0.131063 0.115918 0.133244 0.111792 0.108474 0.108205 0.130919 0.156916 0.156992 0.108972 0.143772 0.130242 0.125060 0.113664 0.115343 0.063959 0.118583 0.092465
11000.000522 8.898353 0.033663 0.031310 0.023447 0.079061 0.100056 0.058035 0.053075 0.058694 0.032598 0.111098 0.046644 0.125539 0.122768 0.111107 0.013340 0.050508 0.086362 0.033113 0.114819 0.044561 0.122274 0.131433 0.103356 0.099471 0.142700 0.144974 0.101480 0.155840 0.166204 0.120434 0.136948 0.093338 0.115154 0.114532 0.140115 0.125604 0.121324 0.136568 0.088105 0.089503 0.125263 0.156322 0.133716 0.115993 0.135156 0.113995 0.108442 0.110896 0.130840 0.158637 0.157157 0.108410 0.144735 0.131912 0.124177 0.113680 0.116516 0.064019 0.121208 0.091812
12000.000570 5.642409 0.038145 0.027875 0.030146 0.073582 0.094058 0.050950 0.059177 0.066107 0.028884 0.106907 0.048369 0.126458 0.121015 0.114541 0.010623 0.047979 0.092400 0.038109 0.110831 0.050139 0.118039 0.134556 0.105832 0.101146 0.146890 0.148777 0.105374 0.160161 0.168616 0.123615 0.138812 0.089249 0.110044 0.115475 0.139691 0.124757 0.118832 0.140886 0.089257 0.087725 0.129164 0.158039 0.127692 0.114680 0.130508 0.107938 0.106559 0.104363 0.129585 0.155290 0.158404 0.111170 0.142062 0.127263 0.123817 0.115095 0.118823 0.068384 0.115021 0.092187
13000.000617 10.391506 0.041732 0.034259 0.026469 0.077264 0.095999 0.054410 0.060761 0.062192 0.023044 0.109026 0.038707 0.125393 0.122229 0.113364 0.014416 0.048848 0.089883 0.033632 0.112525 0.046253 0.122108 0.136646 0.109326 0.104014 0.148114 0.146512 0.108128 0.159190 0.167032 0.124848 0.141468 0.093144 0.112303 0.112893 0.135098 0.119956 0.117643 0.140643 0.092941 0.090848 0.125581 0.157757 0.129886 0.111284 0.130131 0.109307 0.106554 0.108691 0.124495 0.154813 0.160196 0.113877 0.138753 0.130016 0.121290 0.116628 0.115648 0.071078 0.119013 0.095413
14000.000665 9.791471 0.037965 0.022255 0.031209 0.069384 0.091583 0.048478 0.057482 0.067910 0.030718 0.103489 0.051069 0.125433 0.119489 0.114186 0.013994 0.044127 0.091742 0.044684 0.109364 0.051197 0.115913 0.131728 0.103333 0.098552 0.144059 0.147200 0.101723 0.157629 0.167040 0.120734 0.136421 0.085237 0.106141 0.113125 0.137356 0.122784 0.115390 0.137213 0.085854 0.084084 0.127576 0.156287 0.124794 0.112844 0.127518 0.106114 0.103335 0.100374 0.128100 0.152578 0.155866 0.107087 0.139909 0.122514 0.121054 0.113079 0.119604 0.065559 0.110846 0.088591
15000.000712 7.668883 0.027316 0.032582 0.025303 0.080886 0.099891 0.060186 0.048914 0.057029 0.037057 0.110012 0.049567 0.121986 0.119313 0.107177 0.012385 0.055413 0.082892 0.032339 0.112282 0.040301 0.119048 0.125012 0.096366 0.094326 0.138178 0.140219 0.095459 0.151499 0.160752 0.115053 0.130128 0.088694 0.111128 0.111434 0.140232 0.125199 0.118681 0.133182 0.080605 0.083879 0.121754 0.150074 0.129100 0.113294 0.131181 0.109406 0.105057 0.107082 0.131611 0.154332 0.151454 0.101803 0.142818 0.128296 0.122558 0.106398 0.112958 0.057453 0.117356 0.086315
16000.000760 8.637790 0.035586 0.039736 0.027325 0.083779 0.100819 0.060822 0.057141 0.060422 0.035149 0.113424 0.045471 0.125344 0.123141 0.111447 0.013144 0.057788 0.087111 0.027635 0.114478 0.045002 0.124134 0.133235 0.104440 0.101826 0.146202 0.146723 0.103694 0.159012 0.167273 0.123149 0.138227 0.095501 0.116584 0.116752 0.142756 0.127184 0.123563 0.141129 0.089949 0.091715 0.127307 0.156964 0.133994 0.116515 0.135574 0.113668 0.110918 0.111984 0.132420 0.159465 0.158855 0.111058 0.145848 0.134079 0.127411 0.113544 0.115464 0.065794 0.122457 0.094326
17000.000807 13.728910 0.038324 0.025805 0.022707 0.070760 0.091463 0.049384 0.054908 0.060536 0.025796 0.103161 0.040981 0.121162 0.117647 0.109068 0.016570 0.043257 0.085847 0.038539 0.108191 0.046192 0.116465 0.130988 0.104304 0.099209 0.142274 0.142145 0.101899 0.153988 0.162418 0.119424 0.135604 0.088818 0.107512 0.109213 0.130270 0.116430 0.113324 0.134944 0.087857 0.087447 0.121801 0.152945 0.125689 0.108706 0.125674 0.107021 0.102554 0.104414 0.121332 0.149864 0.154722 0.107568 0.134924 0.123580 0.116345 0.112082 0.113712 0.065124 0.113553 0.090949
18000.000855 10.231136 0.040288 0.032479 0.023831 0.077211 0.097517 0.054473 0.058663 0.060593 0.024666 0.109661 0.037912 0.125669 0.123431 0.112982 0.014305 0.047822 0.088490 0.034376 0.114074 0.046065 0.123165 0.134430 0.107346 0.101025 0.145210 0.143628 0.105389 0.156021 0.165128 0.121809 0.139955 0.091799 0.111534 0.109934 0.133270 0.118083 0.115952 0.136847 0.090664 0.088814 0.122386 0.156126 0.130139 0.109316 0.129485 0.109340 0.104527 0.108580 0.123361 0.154407 0.158942 0.111128 0.137988 0.129151 0.118684 0.114405 0.116473 0.069008 0.119123 0.092817
19000.000902 4.618693 0.032418 0.028326 0.027449 0.076905 0.098139 0.055127 0.054459 0.062524 0.033245 0.109761 0.049732 0.126807 0.122541 0.113030 0.009611 0.050438 0.089429 0.036002 0.113632 0.046851 0.119918 0.130279 0.101254 0.096533 0.142599 0.144691 0.100888 0.155728 0.165663 0.119044 0.135551 0.088070 0.110157 0.112770 0.139821 0.124699 0.118320 0.136246 0.084633 0.084917 0.125201 0.155218 0.128834 0.113730 0.131026 0.108435 0.104891 0.105363 0.130703 0.155748 0.156130 0.106377 0.142800 0.127682 0.122259 0.110813 0.118696 0.063813 0.116404 0.088108
20000.000950 6.454975 0.038343 0.036295 0.027122 0.081471 0.100787 0.058000 0.058964 0.062456 0.031243 0.113762 0.043399 0.128687 0.126180 0.114974 0.011362 0.054206 0.090384 0.031347 0.116490 0.048038 0.125522 0.134950 0.106254 0.100886 0.146971 0.146464 0.105495 0.158999 0.168359 0.122925 0.140640 0.093175 0.114226 0.113706 0.139443 0.123613 0.120488 0.139885 0.090341 0.089772 0.125845 0.158360 0.132784 0.113326 0.133189 0.111162 0.107833 0.110402 0.129433 0.158656 0.161044 0.111769 0.143366 0.132411 0.123615 0.114099 0.119032 0.068239 0.121392 0.093077
21000.000997 8.543593 0.037793 0.030938 0.023664 0.077275 0.097430 0.054845 0.057040 0.060047 0.026347 0.109409 0.041107 0.125126 0.122291 0.112065 0.013072 0.048985 0.088192 0.033731 0.113222 0.045378 0.121431 0.133832 0.106240 0.100646 0.145369 0.144129 0.105182 0.156596 0.165105 0.121796 0.138714 0.091148 0.110969 0.110783 0.134673 0.119602 0.116455 0.137810 0.089571 0.088369 0.123189 0.155680 0.129185 0.110461 0.129370 0.108622 0.104657 0.107691 0.125067 0.154049 0.158390 0.110663 0.138658 0.128695 0.119291 0.113718 0.115913 0.067662 0.118235 0.092429
22000.001045 15.051987 0.034344 0.031507 0.018967 0.080079 0.101777 0.060134 0.051668 0.054725 0.029135 0.111697 0.041211 0.124591 0.123364 0.109763 0.017350 0.048446 0.083493 0.034093 0.116776 0.039125 0.124268 0.130331 0.103770 0.098416 0.140620 0.140160 0.101150 0.151391 0.162440 0.118035 0.136613 0.092465 0.113361 0.108772 0.133969 0.119533 0.116636 0.131950 0.087120 0.087643 0.119175 0.153911 0.132863 0.110677 0.131994 0.112410 0.104308 0.111222 0.125442 0.155705 0.156226 0.106634 0.139692 0.130589 0.118136 0.112410 0.114649 0.064237 0.121723 0.090332
23000.001092 5.852074 0.037669 0.027509 0.030613 0.072681 0.092590 0.051127 0.057827 0.065845 0.028825 0.104667 0.048055 0.124254 0.119066 0.112835 0.010819 0.047220 0.090320 0.040291 0.109042 0.048519 0.116889 0.131402 0.103046 0.099177 0.144169 0.146404 0.101553 0.157490 0.166195 0.120802 0.136184 0.086700 0.107659 0.113248 0.137858 0.122822 0.116204 0.137850 0.086184 0.084599 0.126954 0.155402 0.125465 0.112417 0.128026 0.106300 0.104291 0.102022 0.127982 0.152776 0.155544 0.107547 0.139940 0.124530 0.122239 0.112398 0.116878 0.065141 0.112424 0.089338
24000.001140 12.500530 0.023689 0.036666 0.023770 0.086050 0.105230 0.066142 0.045664 0.053461 0.041503 0.114287 0.051781 0.122682 0.121317 0.106197 0.015812 0.059379 0.080376 0.028794 0.115873 0.038191 0.122530 0.124148 0.095243 0.094139 0.136827 0.140001 0.093931 0.150656 0.160876 0.114547 0.129760 0.092566 0.116049 0.113386 0.144069 0.129009 0.122743 0.132446 0.080876 0.086143 0.121812 0.150404 0.134371 0.116727 0.136484 0.114786 0.108339 0.112097 0.135571 0.158417 0.151538 0.101534 0.147371 0.132998 0.125753 0.106827 0.112761 0.055367 0.122559 0.087087
25000.001187 10.852241 0.034524 0.037177 0.023988 0.081539 0.098730 0.059583 0.053838 0.057274 0.033771 0.110540 0.044057 0.122139 0.120143 0.108023 0.014732 0.055741 0.084093 0.027891 0.111602 0.043245 0.121173 0.131180 0.103074 0.100565 0.144112 0.143884 0.101965 0.156480 0.164367 0.121061 0.135878 0.094420 0.114414 0.114078 0.138525 0.123814 0.120785 0.138900 0.088685 0.091010 0.124388 0.154139 0.131656 0.114116 0.132478 0.112112 0.108641 0.110924 0.129044 0.155935 0.156649 0.109330 0.142122 0.131511 0.123891 0.111841 0.112148 0.063251 0.120330 0.093410
26000.001235 8.358639 0.035403 0.025926 0.027765 0.073856 0.094725 0.052954 0.053840 0.063440 0.032601 0.106128 0.049680 0.123808 0.119578 0.110920 0.012930 0.048377 0.087755 0.039967 0.110711 0.047724 0.117656 0.128810 0.100730 0.096812 0.140750 0.143802 0.098235 0.154012 0.164018 0.118131 0.133967 0.086872 0.108594 0.112543 0.138336 0.123993 0.117301 0.134578 0.084286 0.084497 0.125000 0.153672 0.127530 0.113147 0.129617 0.108331 0.104353 0.103736 0.129607 0.153843 0.153531 0.104899 0.141402 0.124995 0.121937 0.111080 0.116926 0.061956 0.113810 0.087756
27000.001282 11.393883 0.028889 0.030721 0.023314 0.079753 0.100029 0.058966 0.049130 0.057016 0.037277 0.110372 0.050249 0.122921 0.120255 0.107758 0.015096 0.053385 0.083537 0.033012 0.113325 0.042770 0.119647 0.127285 0.099032 0.096312 0.139334 0.142040 0.097418 0.152659 0.162414 0.117254 0.132170 0.091308 0.113357 0.113611 0.140745 0.126584 0.120893 0.134321 0.083913 0.087413 0.123541 0.152364 0.131748 0.115822 0.133809 0.112537 0.107254 0.109169 0.132423 0.156526 0.153018 0.104283 0.144561 0.129847 0.123570 0.109868 0.114611 0.059539 0.119288 0.089014
28000.001330 10.174810 0.035275 0.034739 0.020888 0.081997 0.101865 0.060346 0.054178 0.055707 0.029505 0.112992 0.041427 0.125062 0.123613 0.110482 0.014265 0.052509 0.085296 0.028686 0.115981 0.041583 0.124402 0.133174 0.105628 0.101040 0.144297 0.143466 0.104202 0.155687 0.165148 0.121439 0.138599 0.094820 0.115551 0.112192 0.137383 0.122504 0.120008 0.137116 0.089985 0.090551 0.122676 0.155895 0.133963 0.113148 0.133928 0.113222 0.107518 0.112713 0.127939 0.157644 0.158659 0.110582 0.142130 0.133252 0.121877 0.114209 0.114467 0.066090 0.123165 0.093503
29000.001377 7.537491 0.030945 0.032326 0.021918 0.079966 0.099490 0.058647 0.051172 0.056742 0.033077 0.110620 0.046131 0.123457 0.120993 0.108706 0.012278 0.052397 0.084103 0.030327 0.113312 0.041418 0.121089 0.130055 0.101919 0.099145 0.142352 0.143670 0.100461 0.155108 0.164606 0.119743 0.135191 0.093140 0.114384 0.114005 0.139168 0.124900 0.120850 0.136653 0.086737 0.089329 0.124223 0.154614 0.132460 0.115270 0.133695 0.112805 0.108091 0.110561 0.130346 0.157098 0.156011 0.107125 0.143462 0.131264 0.123527 0.111791 0.114026 0.061936 0.120514 0.091527
30000.001425 4.749798 0.035608 0.030033 0.027862 0.077303 0.097893 0.054500 0.057351 0.063204 0.031303 0.110127 0.047826 0.126877 0.123018 0.113779 0.009747 0.050588 0.090515 0.035407 0.113770 0.048234 0.120771 0.132883 0.104212 0.099035 0.144860 0.146094 0.103644 0.157456 0.166555 0.121556 0.137739 0.089345 0.110826 0.113407 0.139749 0.124282 0.118696 0.138394 0.087611 0.086617 0.126060 0.156468 0.129202 0.113661 0.131292 0.108681 0.105698 0.105703 0.129931 0.156014 0.157649 0.109438 0.142486 0.128527 0.122717 0.113193 0.118712 0.066618 0.117071 0.090546
31000.001472 8.337165 0.039552 0.032557 0.024151 0.077126 0.096933 0.054276 0.058119 0.061167 0.026688 0.109431 0.040125 0.125194 0.122653 0.112516 0.012913 0.048828 0.088297 0.033755 0.113233 0.046986 0.122476 0.134842 0.107302 0.102072 0.145962 0.145674 0.105306 0.157894 0.166633 0.122983 0.139871 0.093070 0.113139 0.112793 0.136214 0.121047 0.118566 0.138871 0.091320 0.090365 0.124919 0.157103 0.131328 0.112227 0.131635 0.111122 0.107027 0.109252 0.126006 0.156101 0.159291 0.111803 0.140644 0.130216 0.121647 0.115286 0.116306 0.068211 0.119599 0.094078
32000.001520 5.763312 0.035296 0.027173 0.025979 0.074517 0.095305 0.052952 0.055731 0.062362 0.029345 0.107102 0.046824 0.124794 0.120513 0.112052 0.010736 0.047469 0.088751 0.036680 0.111337 0.046575 0.118572 0.131497 0.103215 0.098556 0.143390 0.145011 0.102085 0.156068 0.165310 0.120410 0.136463 0.088350 0.109241 0.112401 0.137329 0.122517 0.116873 0.136745 0.086778 0.086097 0.125106 0.155235 0.127758 0.112509 0.129584 0.108162 0.104400 0.104617 0.127747 0.153977 0.155947 0.107983 0.140350 0.126357 0.121228 0.112694 0.116942 0.065229 0.115180 0.089701
33000.001567 8.679695 0.033595 0.027041 0.022233 0.076454 0.098359 0.055557 0.052566 0.059048 0.030052 0.109413 0.046081 0.125450 0.122365 0.111239 0.013176 0.047382 0.086648 0.036004 0.114170 0.043982 0.121126 0.131612 0.103904 0.099153 0.143061 0.144034 0.101967 0.155103 0.165515 0.120111 0.137087 0.091083 0.111973 0.112128 0.136202 0.122290 0.118122 0.135599 0.087251 0.087944 0.123716 0.155999 0.131050 0.113421 0.131665 0.111172 0.105599 0.108481 0.127905 0.155893 0.157344 0.107650 0.141161 0.128918 0.120458 0.113315 0.116920 0.064082 0.118682 0.090810
34000.001615 11.473189 0.036601 0.023559 0.035067 0.072069 0.095132 0.051229 0.058633 0.070215 0.034708 0.106981 0.055660 0.129513 0.122739 0.117569 0.015148 0.047699 0.095116 0.045349 0.112789 0.053196 0.117298 0.130621 0.101035 0.095014 0.142788 0.146745 0.101361 0.156685 0.167181 0.118901 0.135875 0.082086 0.105105 0.112444 0.140866 0.125134 0.115458 0.135804 0.083003 0.080331 0.127472 0.156129 0.124468 0.112920 0.128113 0.104156 0.101709 0.098840 0.131332 0.153831 0.155577 0.105638 0.142090 0.122624 0.121528 0.111038 0.123456 0.066421 0.110908 0.084886
35000.001662 10.871589 0.026900 0.034118 0.020515 0.082491 0.101836 0.062203 0.047307 0.053156 0.036528 0.111653 0.047260 0.121580 0.119878 0.105803 0.014746 0.054725 0.080645 0.028841 0.113945 0.037324 0.121024 0.126671 0.098804 0.096920 0.138899 0.140749 0.097160 0.151849 0.161538 0.116821 0.131755 0.093516 0.115406 0.113219 0.140360 0.126066 0.121420 0.133936 0.083937 0.088300 0.122039 0.151644 0.133322 0.115634 0.134811 0.113919 0.108146 0.111814 0.131908 0.157096 0.152931 0.104014 0.144548 0.132093 0.123772 0.109230 0.111723 0.058583 0.121708 0.089874
36000.001710 9.688394 0.036988 0.026383 0.025976 0.072839 0.093035 0.052198 0.054906 0.062266 0.027204 0.104610 0.045189 0.122381 0.118124 0.110202 0.013920 0.045685 0.086845 0.039136 0.109505 0.044600 0.117376 0.130963 0.103662 0.100166 0.142845 0.144663 0.101087 0.155552 0.164671 0.120385 0.135741 0.089085 0.109563 0.112878 0.136093 0.122073 0.116826 0.136299 0.086985 0.086838 0.125375 0.154667 0.127718 0.112608 0.129304 0.108820 0.105117 0.105162 0.126910 0.153176 0.154883 0.107169 0.139606 0.125778 0.121349 0.113281 0.114684 0.064327 0.114783 0.090732
37000.001757 11.861412 0.029661 0.026069 0.021733 0.075219 0.095748 0.056080 0.047282 0.056825 0.033268 0.105505 0.047779 0.119934 0.116681 0.105670 0.015402 0.048236 0.081445 0.037059 0.109813 0.039894 0.116466 0.125509 0.098173 0.096113 0.137818 0.140505 0.095396 0.151001 0.160838 0.115647 0.130448 0.089136 0.110303 0.111506 0.136380 0.122953 0.117251 0.132187 0.082241 0.085481 0.121972 0.150700 0.128549 0.113228 0.130089 0.110306 0.104823 0.106588 0.128579 0.152896 0.151060 0.101744 0.140568 0.126035 0.120586 0.108699 0.112013 0.057450 0.115706 0.087805
38000.001805 17.186986 0.035907 0.025218 0.018414 0.072740 0.094266 0.053324 0.050092 0.055664 0.027082 0.104200 0.041068 0.119440 0.116982 0.105982 0.018540 0.043292 0.081763 0.037941 0.109652 0.041145 0.117159 0.129054 0.103229 0.099100 0.139535 0.140024 0.099625 0.151303 0.160763 0.117710 0.133832 0.091070 0.110516 0.109252 0.130875 0.117929 0.115046 0.132381 0.086927 0.088276 0.120102 0.151687 0.128863 0.110414 0.128659 0.110566 0.103899 0.108104 0.122840 0.151442 0.153159 0.105686 0.136684 0.126065 0.116876 0.112150 0.111219 0.062345 0.116719 0.091152
39000.001852 9.027869 0.037094 0.028068 0.025995 0.073257 0.093024 0.050683 0.056142 0.062327 0.029824 0.105342 0.045595 0.122620 0.118722 0.110300 0.013437 0.047768 0.087884 0.036457 0.108938 0.048504 0.116895 0.131430 0.103598 0.099084 0.143308 0.144402 0.102018 0.155873 0.164072 0.120607 0.135712 0.088952 0.108830 0.112341 0.135728 0.121298 0.116687 0.137321 0.087765 0.087534 0.124802 0.154048 0.126739 0.111931 0.128296 0.107723 0.104767 0.104245 0.126242 0.152446 0.155097 0.108481 0.138960 0.125332 0.120573 0.112404 0.115311 0.065111 0.114132 0.090994
40000.001900 7.937274 0.034545 0.037015 0.022242 0.083212 0.101719 0.061116 0.054100 0.055879 0.031269 0.112906 0.040626 0.123711 0.122627 0.109369 0.012599 0.054849 0.084086 0.027437 0.115244 0.040228 0.124183 0.130802 0.103199 0.099225 0.142475 0.141691 0.101729 0.154093 0.163099 0.119432 0.136269 0.093606 0.114798 0.111352 0.138287 0.122655 0.119564 0.135935 0.087643 0.088695 0.121576 0.153577 0.132905 0.112081 0.133151 0.111991 0.106930 0.111701 0.128472 0.156826 0.156444 0.108272 0.142199 0.132599 0.122310 0.111390 0.113125 0.064249 0.122283 0.091747
41000.001947 15.502948 0.028513 0.038090 0.018244 0.084975 0.103113 0.064153 0.047037 0.049857 0.037270 0.112963 0.043725 0.120222 0.120000 0.103900 0.017608 0.057358 0.078332 0.023914 0.114064 0.036498 0.122370 0.126499 0.099095 0.097272 0.138557 0.138818 0.097296 0.150994 0.160189 0.116375 0.131629 0.096007 0.117212 0.112138 0.138786 0.124462 0.121827 0.133736 0.085203 0.090411 0.119918 0.150419 0.134756 0.114522 0.135070 0.115132 0.108861 0.114702 0.130369 0.157124 0.153107 0.104732 0.143796 0.133920 0.122970 0.108409 0.109314 0.058452 0.123995 0.091382
42000.001995 8.490006 0.034652 0.037103 0.026478 0.082089 0.100174 0.059277 0.055598 0.060297 0.035743 0.112310 0.046597 0.124946 0.122622 0.111041 0.013031 0.056634 0.086798 0.029472 0.113792 0.046272 0.122741 0.132211 0.103317 0.100369 0.144925 0.146028 0.102462 0.158178 0.166530 0.121871 0.136956 0.094163 0.115394 0.115711 0.142074 0.126602 0.122582 0.139956 0.088737 0.090564 0.126562 0.155951 0.133004 0.115982 0.134697 0.113068 0.109822 0.110785 0.132036 0.158483 0.157917 0.109866 0.145322 0.132565 0.126151 0.112568 0.115779 0.064368 0.121196 0.093150
43000.002042 11.241261 0.035360 0.029006 0.019753 0.076506 0.097678 0.055962 0.052524 0.057650 0.027650 0.108489 0.041192 0.123443 0.121293 0.109669 0.014994 0.046166 0.084118 0.036156 0.113680 0.040974 0.121935 0.131354 0.104620 0.100678 0.142494 0.143150 0.101268 0.154323 0.164624 0.120068 0.136937 0.093002 0.113438 0.111849 0.134583 0.120806 0.118026 0.134941 0.088109 0.089197 0.122834 0.155430 0.132205 0.112720 0.132030 0.112774 0.106511 0.110320 0.126038 0.155856 0.156878 0.107318 0.140414 0.129760 0.120371 0.113611 0.114731 0.063876 0.120026 0.092214
44000.002090 8.667620 0.034384 0.033534 0.022494 0.081089 0.101203 0.059046 0.054494 0.057270 0.029635 0.112561 0.041854 0.125835 0.123789 0.111264 0.013166 0.051885 0.086293 0.030155 0.115994 0.041879 0.123790 0.131638 0.103889 0.098899 0.143117 0.142404 0.102823 0.154577 0.164375 0.119721 0.137315 0.092572 0.113772 0.111169 0.137067 0.121967 0.118698 0.135779 0.087647 0.088187 0.122099 0.155024 0.132245 0.111962 0.132409 0.110983 0.106001 0.110750 0.127884 0.156731 0.157610 0.108376 0.141599 0.131662 0.120833 0.111961 0.115619 0.065517 0.121533 0.091206
45000.002137 15.074290 0.035149 0.039055 0.020139 0.083667 0.101558 0.062894 0.051560 0.053268 0.032980 0.111958 0.038916 0.121118 0.121133 0.106297 0.017363 0.054742 0.080031 0.028291 0.114301 0.038591 0.124484 0.128875 0.102140 0.099519 0.140408 0.140142 0.098738 0.152312 0.161858 0.118088 0.134807 0.096037 0.116702 0.111520 0.136610 0.121773 0.120158 0.134195 0.087771 0.090557 0.120333 0.152444 0.134620 0.112500 0.133958 0.114903 0.108401 0.114096 0.127354 0.156906 0.155069 0.106598 0.141968 0.133311 0.122455 0.110753 0.110320 0.061296 0.123503 0.092538
46000.002185 13.252165 0.037676 0.038838 0.027862 0.081758 0.098856 0.059078 0.058868 0.060219 0.029724 0.111594 0.042658 0.124829 0.121882 0.111598 0.016280 0.054396 0.088316 0.029017 0.113162 0.043427 0.122469 0.135472 0.107563 0.104206 0.148201 0.146976 0.107566 0.159686 0.167193 0.125026 0.139830 0.095899 0.115492 0.115927 0.139049 0.124089 0.121437 0.142331 0.092071 0.092491 0.127037 0.157533 0.131941 0.114984 0.133103 0.111483 0.109884 0.111316 0.128737 0.157061 0.159928 0.113294 0.142225 0.133248 0.124812 0.115236 0.114058 0.069418 0.121671 0.096388
47000.002232 6.952442 0.030437 0.029254 0.026484 0.078170 0.098337 0.057834 0.050376 0.059978 0.035272 0.108561 0.050067 0.122857 0.119816 0.108931 0.011792 0.051876 0.084415 0.037402 0.112522 0.042385 0.119218 0.125568 0.097328 0.094590 0.137962 0.141071 0.094995 0.151300 0.161479 0.115288 0.131128 0.086847 0.109656 0.111183 0.139729 0.124705 0.117499 0.132071 0.080773 0.082461 0.122371 0.151102 0.128576 0.112973 0.130673 0.109087 0.104018 0.105021 0.131059 0.154213 0.151448 0.101393 0.142451 0.126395 0.122116 0.107921 0.114914 0.058132 0.115663 0.085516
48000.002280 11.529693 0.028237 0.028576 0.022057 0.078360 0.099315 0.058135 0.047910 0.056390 0.035960 0.109373 0.049228 0.122759 0.120027 0.107532 0.015185 0.051555 0.083084 0.034387 0.112901 0.041644 0.119011 0.126601 0.098536 0.095302 0.138833 0.140670 0.097109 0.151639 0.161686 0.116032 0.131759 0.089770 0.111348 0.111233 0.137659 0.123716 0.118284 0.132882 0.082660 0.085953 0.121563 0.151644 0.130068 0.113574 0.131341 0.110716 0.104996 0.108000 0.129920 0.154663 0.152988 0.103072 0.141922 0.128024 0.120604 0.108568 0.114331 0.058789 0.117842 0.087790
49000.002327 6.097200 0.034366 0.028405 0.025463 0.076761 0.097416 0.055702 0.053265 0.060541 0.030603 0.108014 0.046045 0.123417 0.120410 0.110328 0.011043 0.049309 0.085936 0.037297 0.112593 0.043446 0.119926 0.129003 0.101291 0.097492 0.140625 0.142641 0.098692 0.153450 0.163154 0.117961 0.134185 0.088509 0.110551 0.111380 0.138277 0.123264 0.117356 0.134101 0.084395 0.084455 0.123265 0.153099 0.129191 0.112304 0.130798 0.109472 0.104665 0.106073 0.129055 0.154578 0.153902 0.104999 0.141576 0.127368 0.121662 0.110946 0.115337 0.062092 0.116728 0.088434
50000.002375 9.216164 0.032862 0.039537 0.024412 0.085947 0.103747 0.063802 0.053813 0.055896 0.034806 0.115175 0.044820 0.124716 0.123428 0.109615 0.013577 0.058261 0.084605 0.024785 0.116357 0.040001 0.125056 0.131685 0.103409 0.100621 0.144000 0.143838 0.102709 0.156075 0.165049 0.121163 0.136965 0.095819 0.117433 0.114739 0.142037 0.126701 0.123220 0.138382 0.088514 0.090833 0.124238 0.155263 0.135226 0.115824 0.136256 0.114242 0.109946 0.113890 0.132354 0.159593 0.157660 0.109503 0.145610 0.135393 0.125870 0.112621 0.113573 0.064364 0.124493 0.093323
51000.002422 12.473187 0.031313 0.030091 0.021883 0.078563 0.099134 0.057497 0.049712 0.056562 0.035839 0.109494 0.048112 0.122466 0.120432 0.107602 0.015794 0.051809 0.083241 0.033577 0.112812 0.044219 0.119850 0.127642 0.099856 0.096116 0.139130 0.140845 0.097603 0.151762 0.161641 0.116892 0.132855 0.090810 0.112132 0.111435 0.137474 0.123453 0.118838 0.133156 0.084727 0.087415 0.121567 0.151941 0.131000 0.113510 0.131981 0.111846 0.105651 0.108641 0.129313 0.155070 0.153266 0.104653 0.142004 0.128572 0.120984 0.109974 0.114323 0.059958 0.118526 0.088987
52000.002470 8.330947 0.029700 0.031787 0.020731 0.080429 0.100393 0.060424 0.048442 0.055524 0.033785 0.110451 0.045998 0.122473 0.120594 0.107452 0.012908 0.052138 0.081635 0.032436 0.113966 0.038545 0.121713 0.127141 0.099433 0.097138 0.139099 0.141265 0.096672 0.151984 0.162492 0.116804 0.132962 0.091961 0.114027 0.112367 0.138931 0.124621 0.119901 0.133039 0.083959 0.087051 0.122158 0.152610 0.132794 0.114313 0.133717 0.113317 0.106943 0.110537 0.130460 0.156795 0.153578 0.103684 0.143482 0.130570 0.122946 0.109973 0.113185 0.058751 0.120407 0.089029
53000.002517 14.500235 0.032934 0.030905 0.018041 0.078509 0.098272 0.057403 0.050306 0.053960 0.031618 0.108820 0.043062 0.120649 0.119068 0.105928 0.017030 0.050347 0.081793 0.031298 0.111934 0.040995 0.119684 0.129674 0.102841 0.099355 0.141029 0.140960 0.100437 0.152610 0.161568 0.119029 0.134220 0.093600 0.113561 0.111661 0.135106 0.121618 0.118870 0.134914 0.087589 0.090162 0.121330 0.152467 0.131556 0.113028 0.131798 0.112446 0.106730 0.110676 0.126904 0.154547 0.154452 0.107144 0.140291 0.129935 0.120190 0.111854 0.111598 0.062130 0.120028 0.092359
54000.002565 4.666327 0.034116 0.031920 0.026945 0.078010 0.097483 0.055569 0.055467 0.061785 0.032842 0.109524 0.047563 0.125004 0.121271 0.111733 0.009661 0.052348 0.088302 0.032854 0.112192 0.046655 0.119867 0.131752 0.102818 0.099084 0.144154 0.145920 0.102349 0.157584 0.166144 0.121065 0.136310 0.090770 0.112143 0.114502 0.140741 0.125408 0.120062 0.138804 0.087262 0.087879 0.126437 0.155525 0.129906 0.114742 0.132244 0.110071 0.107272 0.107134 0.130723 0.156276 0.156734 0.108795 0.143439 0.129333 0.124228 0.112308 0.116482 0.064705 0.117798 0.091177
55000.002612 3.878418 0.038760 0.032016 0.028292 0.077219 0.097488 0.054600 0.059261 0.064259 0.028179 0.110010 0.044446 0.127485 0.123854 0.115093 0.008807 0.049495 0.090986 0.035795 0.114077 0.048317 0.122641 0.134307 0.105884 0.100688 0.145918 0.147106 0.104458 0.158597 0.168133 0.122565 0.139864 0.090586 0.112042 0.113685 0.139277 0.123494 0.118825 0.138817 0.089426 0.087539 0.126674 0.158002 0.130551 0.113199 0.132016 0.109932 0.106494 0.107085 0.128720 0.157051 0.159215 0.110760 0.142502 0.129628 0.123498 0.114734 0.118861 0.068087 0.118236 0.091724
56000.002660 8.650603 0.037912 0.029857 0.025850 0.076545 0.096893 0.053603 0.056814 0.062956 0.030824 0.109217 0.045676 0.125445 0.122507 0.112595 0.013153 0.049822 0.088591 0.037093 0.113411 0.047983 0.121583 0.133900 0.105987 0.101657 0.145572 0.146674 0.103581 0.158056 0.167098 0.122815 0.138599 0.091893 0.112739 0.114549 0.138712 0.124129 0.120014 0.138975 0.089598 0.089574 0.126694 0.157320 0.131364 0.114590 0.132585 0.111589 0.107820 0.108129 0.129433 0.157007 0.158479 0.110104 0.142904 0.129429 0.123333 0.115098 0.117987 0.066220 0.118613 0.093191
57000.002707 4.170454 0.034998 0.029041 0.029182 0.077152 0.098842 0.055074 0.056799 0.064768 0.033250 0.110770 0.050289 0.128858 0.124560 0.115502 0.009133 0.050445 0.091538 0.037487 0.115051 0.049508 0.121775 0.132295 0.103029 0.097852 0.144356 0.146919 0.102313 0.157750 0.168126 0.120742 0.137950 0.088715 0.111229 0.114053 0.141349 0.125829 0.119390 0.137591 0.086453 0.085658 0.127000 0.157603 0.130284 0.114807 0.132596 0.109752 0.105997 0.105910 0.131742 0.157695 0.158283 0.108257 0.144416 0.128837 0.123818 0.112880 0.121008 0.065588 0.117352 0.089121
58000.002755 11.664345 0.024321 0.032064 0.025045 0.081570 0.101606 0.061864 0.046343 0.055466 0.039286 0.110953 0.052156 0.122525 0.119586 0.106606 0.015274 0.055518 0.082550 0.032372 0.113169 0.040288 0.118755 0.124205 0.095354 0.093419 0.137330 0.140133 0.094893 0.151083 0.160938 0.114361 0.129255 0.089925 0.112601 0.112327 0.141249 0.126707 0.120019 0.132793 0.080073 0.084509 0.121959 0.150194 0.130365 0.115186 0.132779 0.110926 0.106052 0.108500 0.133241 0.155469 0.151352 0.101143 0.144357 0.129563 0.123054 0.105990 0.113118 0.056272 0.118627 0.086264
59000.002802 5.035214 0.030728 0.034554 0.024131 0.082685 0.102730 0.061568 0.052159 0.057793 0.033481 0.113433 0.045800 0.125911 0.123923 0.111113 0.010035 0.053932 0.085167 0.031229 0.116748 0.040143 0.124512 0.129172 0.100784 0.097340 0.141243 0.142712 0.099247 0.153826 0.164440 0.118099 0.135346 0.091859 0.114542 0.112458 0.140669 0.125200 0.120306 0.134610 0.084646 0.086188 0.123008 0.154486 0.133333 0.114056 0.134355 0.112470 0.106943 0.110605 0.131394 0.158422 0.156054 0.105468 0.144580 0.132177 0.123737 0.110378 0.115982 0.061970 0.121705 0.088981
60000.002850 10.004961 0.027824 0.038895 0.023274 0.085950 0.104354 0.064456 0.050151 0.054491 0.038791 0.114865 0.047619 0.123967 0.122683 0.108143 0.014146 0.058836 0.082657 0.024871 0.115838 0.039649 0.123948 0.128686 0.099830 0.097872 0.141601 0.142780 0.099338 0.154767 0.163999 0.118663 0.133968 0.095473 0.117459 0.114624 0.142704 0.127476 0.123410 0.136811 0.085597 0.089877 0.123589 0.153616 0.135128 0.116707 0.136553 0.115073 0.109971 0.113700 0.133498 0.159430 0.155905 0.106378 0.146568 0.134838 0.125908 0.109648 0.113354 0.060411 0.124077 0.091360
61000.002897 7.826485 0.027598 0.038110 0.025177 0.086554 0.105124 0.065509 0.049615 0.054941 0.038651 0.114935 0.048337 0.123866 0.122517 0.108138 0.012511 0.059647 0.082617 0.026913 0.116322 0.039045 0.123777 0.126164 0.097276 0.095235 0.138996 0.140777 0.096434 0.152444 0.162058 0.115871 0.131825 0.092547 0.115950 0.112866 0.143859 0.127882 0.122133 0.134181 0.082391 0.085858 0.122120 0.151459 0.133816 0.115188 0.135748 0.113201 0.108033 0.111898 0.134531 0.158477 0.153473 0.103653 0.146692 0.133684 0.125619 0.107369 0.113170 0.058379 0.122793 0.088028
62000.002945 4.316886 0.031656 0.034148 0.025264 0.081901 0.101175 0.059730 0.053588 0.058986 0.033664 0.112679 0.046349 0.125787 0.123197 0.111242 0.009292 0.054995 0.086511 0.030057 0.115163 0.042651 0.122805 0.129840 0.101039 0.097385 0.142464 0.143275 0.100504 0.155155 0.164663 0.118849 0.135388 0.090991 0.113190 0.112685 0.140622 0.125043 0.120005 0.136402 0.085127 0.086534 0.123789 0.154344 0.131533 0.113626 0.132925 0.110496 0.106559 0.109250 0.131257 0.157231 0.156354 0.106604 0.143831 0.131138 0.123461 0.110111 0.116047 0.062840 0.120162 0.089373
63000.002992 15.678014 0.038784 0.032331 0.018685 0.077846 0.097731 0.056400 0.054646 0.056974 0.027832 0.109082 0.038084 0.122470 0.121491 0.109005 0.017708 0.048425 0.083520 0.034529 0.113549 0.042809 0.123028 0.132706 0.106416 0.101709 0.143378 0.142126 0.102860 0.154106 0.163315 0.121026 0.138149 0.093859 0.113140 0.110390 0.132641 0.118562 0.117139 0.135362 0.090491 0.090935 0.121172 0.154741 0.132154 0.110564 0.130931 0.112581 0.105887 0.110927 0.123728 0.154724 0.157289 0.109519 0.138454 0.129681 0.118943 0.114569 0.113734 0.065668 0.120492 0.093712
64000.003040 8.277867 0.030320 0.030862 0.021457 0.080577 0.101627 0.060424 0.049201 0.055792 0.033532 0.111242 0.045381 0.124061 0.122333 0.108999 0.012867 0.052067 0.082959 0.033689 0.115310 0.040027 0.122542 0.126564 0.098676 0.094817 0.138326 0.139480 0.096403 0.150796 0.161626 0.114972 0.132871 0.089718 0.112119 0.109091 0.137216 0.122222 0.117260 0.131170 0.082348 0.084235 0.119670 0.151675 0.131354 0.111302 0.131681 0.111058 0.104012 0.109264 0.128883 0.155522 0.153775 0.102687 0.141774 0.129412 0.120048 0.108139 0.114647 0.059028 0.119646 0.086631
65000.003087 7.190045 0.034787 0.033516 0.025114 0.079078 0.098570 0.057317 0.054210 0.060757 0.033798 0.110236 0.045675 0.124716 0.122093 0.111066 0.011992 0.052490 0.086094 0.033732 0.113432 0.045403 0.122228 0.130927 0.102527 0.099327 0.143089 0.145120 0.100368 0.156585 0.166103 0.120222 0.136321 0.092582 0.114077 0.114404 0.140149 0.125078 0.120809 0.137337 0.087284 0.088948 0.125651 0.155647 0.132439 0.114923 0.133759 0.112874 0.108348 0.109702 0.130545 0.157719 0.156907 0.107628 0.144233 0.130679 0.124598 0.112246 0.116232 0.062988 0.119786 0.091428
66000.003135 6.920223 0.034148 0.031563 0.022318 0.078747 0.098493 0.056898 0.053061 0.058156 0.030071 0.109907 0.042488 0.123599 0.121391 0.109549 0.011765 0.050629 0.084833 0.032906 0.113570 0.041684 0.121650 0.130137 0.102705 0.098918 0.142042 0.142443 0.100457 0.154099 0.163678 0.119083 0.135468 0.091766 0.112901 0.111945 0.137019 0.122424 0.118741 0.135454 0.086474 0.087786 0.122843 0.154046 0.131213 0.112627 0.131760 0.110923 0.106380 0.109366 0.128177 0.155855 0.155803 0.106609 0.141542 0.129937 0.121545 0.111317 0.114479 0.063070 0.119480 0.090910
67000.003182 7.041964 0.038857 0.032536 0.025827 0.077006 0.096878 0.054036 0.058901 0.062042 0.027121 0.109521 0.042320 0.125965 0.122644 0.113395 0.011868 0.048999 0.089826 0.033031 0.112944 0.047836 0.121700 0.135505 0.107473 0.102329 0.146873 0.147178 0.106368 0.159218 0.167768 0.123929 0.140275 0.093110 0.113373 0.114243 0.137909 0.122653 0.119481 0.140284 0.091700 0.090525 0.126599 0.157979 0.131118 0.113658 0.132295 0.110998 0.107711 0.108786 0.127315 0.156663 0.159734 0.112756 0.141692 0.130632 0.123017 0.115845 0.116971 0.069189 0.119419 0.094379
68000.003230 6.325308 0.030370 0.035321 0.024669 0.083931 0.103282 0.062314 0.051919 0.057504 0.035758 0.113961 0.047265 0.125303 0.123571 0.110305 0.011247 0.056586 0.084699 0.030008 0.116548 0.041132 0.124132 0.128456 0.099767 0.096631 0.140773 0.142135 0.098500 0.153532 0.163511 0.117631 0.134293 0.091490 0.114398 0.112510 0.141933 0.126244 0.120846 0.134723 0.084048 0.086047 0.122782 0.153378 0.133121 0.114172 0.134498 0.112229 0.107010 0.110448 0.132695 0.158201 0.155181 0.105125 0.145241 0.132140 0.124223 0.109558 0.115571 0.060979 0.121636 0.088584
69000.003277 6.771258 0.031988 0.030454 0.022456 0.078612 0.099068 0.057188 0.051751 0.057468 0.032298 0.109719 0.045165 0.123129 0.120725 0.108962 0.011637 0.050810 0.084579 0.032971 0.113300 0.042450 0.120427 0.128924 0.101143 0.097108 0.140442 0.141770 0.099375 0.153033 0.162482 0.117861 0.133883 0.090675 0.112304 0.111508 0.138271 0.123349 0.118544 0.134396 0.085109 0.086487 0.122291 0.152718 0.130576 0.112959 0.131947 0.110750 0.105659 0.108229 0.129139 0.155331 0.154167 0.105681 0.142119 0.129224 0.121507 0.110441 0.114398 0.062075 0.118774 0.089449
70000.003325 6.790044 0.027876 0.031969 0.024311 0.081761 0.102193 0.061038 0.048657 0.057334 0.038046 0.112233 0.051014 0.124482 0.122140 0.109041 0.011653 0.055296 0.083937 0.032584 0.115026 0.042295 0.121791 0.127251 0.098349 0.096052 0.139764 0.142751 0.096619 0.153497 0.163842 0.117017 0.132796 0.091418 0.114449 0.113961 0.142520 0.127943 0.121882 0.134476 0.083026 0.086541 0.124014 0.153324 0.133189 0.116480 0.135187 0.113495 0.107889 0.110268 0.134194 0.158357 0.154202 0.103855 0.146351 0.131404 0.125039 0.109566 0.115668 0.058229 0.120584 0.088330
71000.003372 5.506067 0.031529 0.032598 0.024602 0.080812 0.101196 0.060041 0.052454 0.059226 0.033317 0.111839 0.046788 0.125700 0.123329 0.111438 0.010494 0.052525 0.085613 0.034192 0.115707 0.041568 0.123593 0.129623 0.101245 0.097767 0.141975 0.143531 0.099339 0.154540 0.165030 0.118647 0.135722 0.090854 0.113065 0.112379 0.139699 0.124525 0.119245 0.134933 0.084752 0.085894 0.123601 0.154975 0.132117 0.113712 0.133146 0.111849 0.106224 0.109070 0.130671 0.157402 0.156356 0.105588 0.143556 0.130473 0.123107 0.111021 0.116606 0.061808 0.119941 0.088892
72000.003420 8.468999 0.029883 0.030162 0.023131 0.078676 0.099124 0.057865 0.050430 0.058494 0.034813 0.109992 0.048663 0.123965 0.121196 0.109347 0.013015 0.051146 0.084375 0.034341 0.113702 0.042250 0.120859 0.128534 0.100331 0.097542 0.140752 0.143346 0.098295 0.153810 0.164147 0.118358 0.134020 0.091274 0.113122 0.113726 0.139594 0.125418 0.120238 0.134796 0.084671 0.087432 0.124210 0.154186 0.131909 0.115454 0.133441 0.112569 0.107162 0.108849 0.131124 0.156980 0.154737 0.104752 0.143894 0.129596 0.123342 0.110878 0.115697 0.060494 0.119106 0.089413
73000.003467 5.128543 0.033274 0.031850 0.025965 0.078737 0.097739 0.057212 0.053817 0.060468 0.032851 0.109173 0.047225 0.123763 0.120423 0.110271 0.010128 0.053035 0.086310 0.033446 0.111927 0.044186 0.119942 0.130171 0.101522 0.098642 0.143082 0.144590 0.100356 0.156290 0.164969 0.119824 0.135057 0.090256 0.111663 0.113562 0.139966 0.124843 0.119283 0.137494 0.085760 0.086842 0.125246 0.154308 0.129616 0.113860 0.131562 0.109942 0.106532 0.107211 0.130489 0.155478 0.155636 0.107052 0.142705 0.128864 0.123694 0.111217 0.115027 0.062392 0.117476 0.090094
74000.003515 9.252471 0.030757 0.026877 0.021817 0.077396 0.098820 0.057248 0.049163 0.056971 0.032519 0.108867 0.047477 0.123033 0.120289 0.108328 0.013603 0.049228 0.083734 0.035525 0.113282 0.041440 0.119621 0.127520 0.099941 0.096247 0.138915 0.140943 0.097536 0.151492 0.162020 0.116555 0.132927 0.089543 0.111477 0.111069 0.137393 0.123413 0.117998 0.132391 0.083591 0.085523 0.121738 0.152333 0.130478 0.113150 0.131653 0.110864 0.104795 0.107924 0.129348 0.154977 0.153169 0.103727 0.141779 0.128119 0.120644 0.110207 0.114544 0.060044 0.118012 0.088021
75000.003562 7.177493 0.038953 0.026561 0.031964 0.071562 0.092450 0.049296 0.060009 0.068668 0.029399 0.105645 0.049605 0.127549 0.121332 0.116119 0.011981 0.046646 0.093812 0.041114 0.110249 0.052149 0.117575 0.133919 0.104815 0.099699 0.146593 0.148852 0.104482 0.160038 0.169213 0.122662 0.138810 0.086806 0.107603 0.114462 0.138509 0.123433 0.116899 0.139860 0.087939 0.085851 0.129076 0.158265 0.125852 0.113280 0.128466 0.106086 0.104756 0.101929 0.128544 0.154168 0.158441 0.109837 0.140816 0.124775 0.122545 0.113924 0.120604 0.068132 0.112580 0.090169
76000.003610 7.118164 0.026645 0.034408 0.025278 0.083047 0.102276 0.062101 0.048959 0.057421 0.039063 0.112693 0.051503 0.124072 0.121700 0.108626 0.011932 0.057076 0.083588 0.030594 0.114701 0.041197 0.121825 0.126914 0.097824 0.096177 0.140011 0.142931 0.096603 0.153668 0.163646 0.117300 0.132394 0.091770 0.114630 0.114735 0.143400 0.128686 0.122500 0.135156 0.082828 0.086862 0.124533 0.153058 0.133072 0.116950 0.135306 0.113338 0.108449 0.110246 0.134856 0.158378 0.153856 0.103793 0.146643 0.131682 0.126023 0.109042 0.114959 0.058117 0.120640 0.088471
77000.003657 17.065272 0.032767 0.033481 0.018130 0.082125 0.103072 0.061465 0.049735 0.052746 0.033275 0.113230 0.043973 0.123929 0.123128 0.107917 0.018474 0.051973 0.082276 0.030900 0.116824 0.038965 0.124243 0.131172 0.104434 0.100747 0.141990 0.141881 0.101797 0.153302 0.163873 0.120005 0.136696 0.096586 0.117416 0.112912 0.136738 0.123636 0.121613 0.134970 0.088923 0.092101 0.121829 0.155182 0.136249 0.115364 0.135796 0.116169 0.108933 0.115277 0.129167 0.158783 0.157201 0.108197 0.143315 0.134290 0.121783 0.113960 0.113792 0.063404 0.124874 0.093775
78000.003705 7.566761 0.035605 0.029624 0.026155 0.076345 0.096906 0.055273 0.054649 0.062404 0.031912 0.108424 0.047223 0.124988 0.121564 0.111909 0.012302 0.049152 0.087378 0.037493 0.112836 0.046537 0.120846 0.130690 0.102536 0.098629 0.142457 0.145113 0.100080 0.155717 0.165831 0.119796 0.136269 0.089934 0.111579 0.113479 0.139103 0.124159 0.118788 0.135964 0.086607 0.086847 0.125511 0.155645 0.130481 0.114018 0.132076 0.111092 0.106280 0.106779 0.129605 0.156251 0.156086 0.106896 0.142813 0.128089 0.123159 0.112664 0.117194 0.063404 0.117257 0.089844
79000.003752 6.733197 0.033853 0.032296 0.021726 0.079144 0.098346 0.057819 0.052202 0.056855 0.030398 0.109491 0.043576 0.122436 0.120320 0.108341 0.011604 0.051269 0.083830 0.031153 0.112446 0.041494 0.121078 0.130562 0.103067 0.099971 0.142446 0.143209 0.100628 0.154757 0.164050 0.119986 0.135742 0.092988 0.113830 0.113095 0.137639 0.123391 0.119826 0.136336 0.087630 0.089235 0.123618 0.154282 0.131940 0.113874 0.132714 0.112325 0.107464 0.110239 0.128635 0.156099 0.155797 0.107778 0.141960 0.130657 0.122798 0.112623 0.112928 0.062515 0.119891 0.092012
80000.003800 4.700411 0.033670 0.028811 0.028268 0.075984 0.096340 0.055205 0.053828 0.062886 0.033412 0.107317 0.049626 0.124075 0.119936 0.111254 0.009696 0.050427 0.087488 0.037762 0.111222 0.046474 0.118546 0.128898 0.100165 0.097017 0.141346 0.144883 0.098382 0.155523 0.165041 0.118464 0.134020 0.087904 0.110262 0.113530 0.140867 0.125565 0.118495 0.135822 0.084141 0.084494 0.125904 0.154060 0.128534 0.114232 0.131319 0.109461 0.105608 0.104796 0.131157 0.155136 0.154169 0.105323 0.143274 0.126882 0.123945 0.110772 0.116439 0.061562 0.115302 0.088022
81000.003847 4.879540 0.033630 0.029562 0.024940 0.076847 0.096893 0.055162 0.054045 0.060188 0.030378 0.108447 0.046697 0.123931 0.120329 0.110547 0.009879 0.049511 0.086990 0.033951 0.111886 0.044015 0.119424 0.131792 0.103669 0.100248 0.143963 0.145656 0.102239 0.156887 0.165870 0.121352 0.136423 0.091514 0.112560 0.114541 0.139242 0.124801 0.119868 0.138141 0.087634 0.088432 0.126150 0.155744 0.130394 0.115133 0.132423 0.110949 0.107384 0.107810 0.129865 0.156072 0.156536 0.108551 0.142691 0.129433 0.123611 0.113480 0.115265 0.064259 0.118046 0.091886
82000.003895 6.469649 0.035233 0.031110 0.025562 0.077196 0.097095 0.054942 0.056409 0.061084 0.028537 0.109390 0.044502 0.125668 0.121942 0.112433 0.011375 0.049663 0.088802 0.033186 0.112808 0.044955 0.120497 0.133007 0.104759 0.099853 0.145122 0.145026 0.104540 0.156998 0.165819 0.121593 0.137964 0.090400 0.110727 0.112302 0.136688 0.121711 0.117469 0.138174 0.088236 0.087778 0.124658 0.155973 0.128820 0.112139 0.129908 0.108310 0.105194 0.106804 0.127042 0.154619 0.157873 0.109713 0.140006 0.128445 0.120913 0.112999 0.116504 0.066962 0.117481 0.091451
83000.003942 9.825105 0.034219 0.027268 0.024100 0.075224 0.096239 0.055192 0.051856 0.059218 0.029613 0.106358 0.044655 0.121956 0.119201 0.108885 0.014018 0.046702 0.084216 0.038643 0.111642 0.042149 0.118971 0.127013 0.100037 0.095794 0.138215 0.139946 0.096899 0.150460 0.160701 0.115708 0.132665 0.087097 0.108592 0.108605 0.134763 0.120014 0.114480 0.130922 0.082985 0.082963 0.120305 0.151045 0.127563 0.109786 0.128375 0.108179 0.102153 0.104743 0.125901 0.152125 0.151968 0.102800 0.138552 0.125057 0.118490 0.109299 0.113907 0.060878 0.115116 0.086675
84000.003990 18.693708 0.039412 0.026563 0.022792 0.072154 0.093470 0.050410 0.055303 0.060674 0.029741 0.105222 0.044264 0.122514 0.119481 0.109747 0.019336 0.045100 0.086746 0.038853 0.109933 0.049280 0.117981 0.133423 0.106601 0.101452 0.144361 0.144525 0.103845 0.156111 0.164699 0.122048 0.137750 0.091969 0.110527 0.112096 0.132298 0.119256 0.116767 0.137308 0.090843 0.091147 0.124075 0.155517 0.129022 0.112204 0.129069 0.110721 0.105660 0.107321 0.123919 0.152851 0.157126 0.110404 0.137793 0.126328 0.118641 0.115220 0.115583 0.066343 0.116269 0.093918
85000.004037 12.396052 0.038016 0.032934 0.031973 0.075254 0.093092 0.051794 0.059241 0.065660 0.034028 0.106331 0.049436 0.123902 0.118947 0.111916 0.015746 0.052766 0.090911 0.036322 0.108172 0.051552 0.116065 0.132071 0.103246 0.099385 0.145472 0.146485 0.103587 0.158598 0.165477 0.121985 0.135693 0.088735 0.108452 0.114526 0.138650 0.123580 0.118015 0.140759 0.087846 0.087703 0.127522 0.154591 0.125131 0.113267 0.127868 0.105848 0.105921 0.102959 0.128649 0.152491 0.155821 0.109682 0.140180 0.125572 0.122970 0.111491 0.116360 0.066624 0.113105 0.091531
86000.004085 8.074864 0.030575 0.026115 0.026877 0.077017 0.099183 0.056742 0.051389 0.060693 0.034605 0.109364 0.050875 0.125861 0.121747 0.111533 0.012708 0.050596 0.087644 0.037656 0.113737 0.045585 0.118964 0.127301 0.098407 0.093682 0.139375 0.141808 0.097887 0.152770 0.163157 0.115697 0.132748 0.086161 0.108992 0.110273 0.139075 0.123906 0.116614 0.132895 0.081479 0.082151 0.122504 0.152523 0.127950 0.112216 0.130063 0.107686 0.102763 0.104802 0.130513 0.154296 0.153678 0.103249 0.142046 0.126442 0.120316 0.108271 0.117684 0.060875 0.115707 0.085209
87000.004132 13.615065 0.036987 0.020915 0.025169 0.070092 0.092561 0.049646 0.054325 0.062607 0.027675 0.103612 0.046381 0.122973 0.118507 0.110730 0.016502 0.042066 0.087513 0.042258 0.109970 0.046539 0.116437 0.130792 0.103814 0.098972 0.141945 0.143783 0.101108 0.154308 0.163946 0.119531 0.135467 0.087624 0.107882 0.111214 0.133943 0.120370 0.114967 0.134609 0.086460 0.085890 0.124081 0.154372 0.126638 0.111567 0.127963 0.107972 0.103281 0.103674 0.125476 0.151991 0.154577 0.106387 0.138204 0.123813 0.118541 0.113145 0.116428 0.064711 0.113555 0.089737
88000.004180 7.825760 0.031326 0.033466 0.023007 0.082225 0.102526 0.060644 0.051777 0.057226 0.035600 0.113166 0.047653 0.125173 0.123317 0.110208 0.012511 0.054710 0.085127 0.030902 0.115933 0.043425 0.123314 0.130600 0.102107 0.098496 0.142483 0.143896 0.100701 0.155326 0.164988 0.119687 0.135773 0.093248 0.115312 0.113761 0.141336 0.126267 0.121651 0.136562 0.086729 0.088765 0.124103 0.155014 0.133885 0.115660 0.135289 0.113815 0.108264 0.111260 0.132245 0.158669 0.156775 0.107652 0.145383 0.132588 0.124248 0.112071 0.115968 0.062349 0.122019 0.091139
89000.004227 19.836463 0.031029 0.027657 0.022523 0.076297 0.097462 0.058648 0.046279 0.055651 0.033804 0.105759 0.047039 0.118996 0.117029 0.104842 0.019918 0.047111 0.079159 0.040735 0.111600 0.037430 0.118237 0.122909 0.096934 0.094485 0.134020 0.136976 0.092281 0.146422 0.157532 0.112608 0.128782 0.088094 0.109825 0.108364 0.134466 0.120794 0.114951 0.127115 0.080224 0.082870 0.118230 0.148256 0.128865 0.111031 0.129552 0.110756 0.102693 0.106427 0.126841 0.151837 0.148409 0.098438 0.139145 0.125139 0.118348 0.107412 0.111085 0.056077 0.116061 0.085458
90000.004275 3.466550 0.034868 0.036546 0.029013 0.082997 0.102290 0.059792 0.057928 0.062892 0.034755 0.114784 0.048643 0.129178 0.126082 0.115136 0.008327 0.056378 0.090730 0.030524 0.116972 0.047525 0.125202 0.134384 0.104816 0.100876 0.147043 0.148451 0.104571 0.160191 0.169629 0.123457 0.139817 0.093642 0.115997 0.117000 0.144470 0.128656 0.123677 0.141165 0.089288 0.089721 0.128690 0.159160 0.134218 0.117320 0.136364 0.113073 0.110199 0.110811 0.134313 0.161073 0.160571 0.111314 0.147489 0.134118 0.127681 0.114438 0.119732 0.066921 0.122280 0.092807
91000.004322 10.006199 0.034785 0.025512 0.024170 0.072785 0.093638 0.051929 0.053166 0.061196 0.029859 0.104965 0.046018 0.122328 0.118566 0.109515 0.014147 0.045322 0.085720 0.039147 0.110097 0.044317 0.117558 0.129613 0.102288 0.098678 0.141577 0.143451 0.099579 0.154109 0.163699 0.119096 0.134654 0.088867 0.109271 0.112108 0.135186 0.121485 0.116470 0.134820 0.085715 0.086608 0.124001 0.153961 0.127847 0.112531 0.129098 0.109190 0.104641 0.105073 0.126663 0.153086 0.154289 0.105395 0.139431 0.125289 0.120240 0.111890 0.115207 0.062692 0.114771 0.089752
92000.004370 11.972531 0.035499 0.026429 0.021159 0.074149 0.094982 0.053453 0.052187 0.057830 0.028796 0.105548 0.042803 0.121020 0.118207 0.107857 0.015474 0.046832 0.084069 0.036541 0.110058 0.043935 0.117480 0.129072 0.102131 0.097263 0.140181 0.140336 0.099899 0.152116 0.160819 0.117446 0.133720 0.088463 0.108387 0.108369 0.132682 0.118315 0.114135 0.133253 0.085699 0.085919 0.120235 0.151209 0.126919 0.109023 0.127283 0.107809 0.102260 0.105506 0.123890 0.150826 0.153254 0.105912 0.136799 0.124942 0.116948 0.110620 0.112958 0.062695 0.115095 0.089186
93000.004417 16.903534 0.043041 0.029679 0.024916 0.071499 0.091167 0.048115 0.059801 0.062468 0.023836 0.104397 0.039207 0.122383 0.119050 0.110986 0.018387 0.044017 0.088758 0.037263 0.108645 0.049705 0.117977 0.135958 0.109436 0.103981 0.146734 0.145871 0.107086 0.158073 0.165447 0.124480 0.139974 0.092860 0.110766 0.112745 0.131713 0.117996 0.116586 0.139778 0.093664 0.092354 0.125281 0.156515 0.128236 0.111263 0.128319 0.109390 0.106249 0.107075 0.121832 0.152384 0.158347 0.113357 0.136549 0.126862 0.119214 0.116910 0.114702 0.070362 0.116264 0.096227
94000.004465 8.254409 0.033360 0.028539 0.023114 0.077141 0.098066 0.056540 0.051324 0.057976 0.031724 0.108042 0.045086 0.122593 0.120035 0.108850 0.012849 0.049983 0.084382 0.035653 0.112136 0.043555 0.119445 0.127785 0.100096 0.095824 0.139366 0.140639 0.097844 0.152167 0.161697 0.116264 0.132996 0.088657 0.110236 0.109371 0.136342 0.121351 0.116157 0.132856 0.083763 0.084475 0.120989 0.151475 0.128794 0.110731 0.129756 0.109249 0.103498 0.106730 0.127448 0.153343 0.153333 0.104437 0.140147 0.127132 0.119590 0.109249 0.114098 0.060694 0.116810 0.087716
95000.004512 11.042936 0.034820 0.025105 0.021790 0.072947 0.094310 0.052590 0.052285 0.058483 0.026979 0.104977 0.042843 0.121617 0.118319 0.108574 0.014861 0.044039 0.084673 0.037875 0.110218 0.042495 0.117379 0.129250 0.102471 0.097866 0.140550 0.141143 0.100104 0.152450 0.161827 0.117854 0.134210 0.088598 0.108569 0.109105 0.132333 0.118338 0.114166 0.133259 0.085526 0.085703 0.121007 0.152317 0.126948 0.109821 0.127425 0.107883 0.102573 0.105274 0.123729 0.151231 0.153785 0.105374 0.136821 0.124939 0.117129 0.110988 0.113462 0.063047 0.114954 0.089299
96000.004560 12.528495 0.035934 0.027348 0.024630 0.075249 0.097773 0.054140 0.053772 0.060526 0.032363 0.108369 0.046259 0.125058 0.122119 0.111567 0.015829 0.047676 0.087361 0.038312 0.113339 0.048199 0.120142 0.130340 0.102625 0.096779 0.141100 0.142543 0.100615 0.153794 0.163848 0.118095 0.135613 0.089219 0.110408 0.110020 0.135761 0.120959 0.116363 0.133924 0.086257 0.086099 0.122195 0.153950 0.129441 0.111451 0.130226 0.109900 0.103849 0.106665 0.126819 0.154358 0.155691 0.106773 0.140368 0.127077 0.119040 0.111503 0.117460 0.064031 0.117051 0.089123
97000.004607 15.265120 0.033775 0.025363 0.021003 0.073861 0.095087 0.053319 0.050586 0.057594 0.030968 0.105697 0.045322 0.121205 0.118165 0.107327 0.017473 0.046555 0.083767 0.037379 0.110247 0.043525 0.116998 0.129165 0.102239 0.098285 0.140766 0.141454 0.099930 0.152833 0.161982 0.118256 0.133615 0.090219 0.109995 0.110666 0.133311 0.120132 0.116252 0.134233 0.085948 0.087825 0.121824 0.152425 0.128291 0.111836 0.128814 0.109611 0.104407 0.106976 0.125578 0.152246 0.153956 0.105657 0.138344 0.126030 0.118187 0.111137 0.113488 0.061973 0.116088 0.090533
98000.004655 17.840306 0.035102 0.027502 0.016332 0.076131 0.097884 0.056540 0.049615 0.053950 0.028278 0.107670 0.040776 0.121119 0.119730 0.106726 0.018889 0.045588 0.081349 0.036326 0.113044 0.039528 0.120473 0.129676 0.103870 0.099379 0.139888 0.139659 0.100240 0.150918 0.161119 0.117975 0.135015 0.092446 0.112298 0.108923 0.131503 0.118392 0.116049 0.131950 0.087412 0.088893 0.119138 0.152517 0.131350 0.110723 0.130451 0.112225 0.104406 0.110438 0.123766 0.153453 0.154551 0.106158 0.137863 0.128398 0.116996 0.112714 0.112263 0.062672 0.119609 0.091504
99000.004702 10.241095 0.033538 0.027133 0.020676 0.075178 0.095967 0.055029 0.050453 0.057727 0.030197 0.106351 0.044185 0.121295 0.118849 0.107672 0.014312 0.046670 0.082769 0.037230 0.111225 0.041598 0.119174 0.128520 0.101585 0.098343 0.140122 0.141748 0.097987 0.152549 0.162517 0.117851 0.133835 0.090512 0.111154 0.111147 0.134841 0.121118 0.116975 0.133335 0.085329 0.087001 0.122109 0.152885 0.129864 0.112294 0.130383 0.111208 0.105135 0.107612 0.126570 0.153817 0.153833 0.104562 0.139833 0.127067 0.120030 0.111267 0.113363 0.060480 0.117050 0.089805
100000.004750 10.469208 0.039402 0.025229 0.032128 0.071968 0.094124 0.049869 0.059400 0.068547 0.031142 0.106230 0.050324 0.127178 0.122162 0.115851 0.014470 0.046169 0.092859 0.044331 0.112178 0.052351 0.118823 0.132480 0.104164 0.098576 0.144120 0.147016 0.102278 0.157292 0.167072 0.120942 0.137474 0.085658 0.107465 0.112880 0.138706 0.123368 0.116212 0.136926 0.086472 0.083776 0.127233 0.156721 0.126469 0.112699 0.128946 0.106824 0.103763 0.101387 0.128990 0.154238 0.156617 0.107756 0.141291 0.124209 0.121672 0.113427 0.121259 0.067052 0.112918 0.088653
101000.004797 21.469769 0.041716 0.021075 0.024322 0.067410 0.090294 0.046673 0.056783 0.063206 0.025098 0.101973 0.043388 0.122559 0.118483 0.111121 0.020722 0.038464 0.088147 0.044019 0.108949 0.049462 0.116466 0.133571 0.107458 0.101363 0.143795 0.144230 0.104174 0.155168 0.164292 0.121615 0.138197 0.089011 0.107272 0.110154 0.129316 0.116398 0.113208 0.135372 0.090407 0.088902 0.123443 0.155503 0.126358 0.109833 0.126245 0.108281 0.102677 0.104089 0.120809 0.150355 0.156329 0.109545 0.134783 0.122738 0.115818 0.115926 0.116476 0.068029 0.113216 0.092502
102000.004845 5.647096 0.031463 0.030308 0.022456 0.078936 0.099421 0.058464 0.050700 0.057243 0.031493 0.109822 0.045599 0.123674 0.120923 0.109265 0.010627 0.050835 0.084304 0.032736 0.113481 0.040895 0.120936 0.129040 0.101070 0.097795 0.140941 0.142692 0.099152 0.153943 0.163961 0.118127 0.134519 0.091323 0.113213 0.112413 0.138807 0.124207 0.119295 0.134733 0.085164 0.086864 0.123296 0.153792 0.131607 0.113844 0.132899 0.111799 0.106431 0.109489 0.129887 0.156344 0.155061 0.105715 0.142898 0.130174 0.122586 0.111073 0.114257 0.061275 0.119546 0.089627
103000.004892 8.251672 0.032864 0.024717 0.028292 0.073223 0.094025 0.052517 0.052724 0.062863 0.032898 0.104888 0.050135 0.122560 0.117812 0.109839 0.012847 0.048234 0.086986 0.040255 0.109531 0.045203 0.115480 0.127048 0.098930 0.095580 0.139611 0.142554 0.097373 0.153106 0.162321 0.116715 0.131655 0.085201 0.107003 0.111472 0.137974 0.123444 0.115841 0.133878 0.081821 0.082504 0.124062 0.151678 0.125252 0.112239 0.127937 0.106201 0.102958 0.102079 0.129265 0.151878 0.151691 0.102848 0.140285 0.123535 0.120809 0.108883 0.115649 0.060924 0.112315 0.086332
104000.004940 3.871479 0.032979 0.029666 0.025929 0.077641 0.098172 0.055769 0.053945 0.061132 0.032157 0.109547 0.047249 0.125261 0.121849 0.111695 0.008799 0.050821 0.087478 0.034629 0.113348 0.045134 0.120475 0.129416 0.100847 0.096457 0.141283 0.143253 0.099624 0.154286 0.164102 0.118173 0.134825 0.088385 0.110590 0.111843 0.139304 0.123936 0.118014 0.134946 0.084496 0.084789 0.123825 0.153860 0.129336 0.112715 0.131124 0.109025 0.104779 0.106043 0.129832 0.155403 0.154905 0.105714 0.142364 0.127902 0.122084 0.110407 0.116932 0.062961 0.117046 0.087988
105000.004987 6.478208 0.034435 0.031438 0.022418 0.078742 0.099139 0.056805 0.054195 0.059066 0.030804 0.110973 0.044437 0.125633 0.122937 0.111447 0.011383 0.050627 0.086813 0.031987 0.114442 0.044392 0.122423 0.132537 0.104449 0.100037 0.144209 0.144893 0.102983 0.156520 0.166228 0.121244 0.137911 0.092810 0.113737 0.113466 0.138148 0.123574 0.119979 0.137512 0.088718 0.089665 0.124730 0.156514 0.132404 0.114161 0.133148 0.112168 0.107366 0.110105 0.128972 0.157371 0.158191 0.109377 0.142689 0.130973 0.122601 0.113687 0.116564 0.065142 0.120361 0.092242
106000.005035 11.071482 0.032072 0.033677 0.023807 0.079966 0.098681 0.058003 0.052574 0.057136 0.034699 0.110081 0.046444 0.122616 0.119951 0.108087 0.014881 0.054195 0.084858 0.029440 0.111774 0.044023 0.119307 0.129477 0.101205 0.097655 0.141953 0.142245 0.100900 0.154393 0.162671 0.118971 0.133932 0.091808 0.112337 0.112508 0.138222 0.123541 0.119320 0.136746 0.086294 0.088611 0.122998 0.152587 0.129855 0.113368 0.131251 0.110101 0.106448 0.108682 0.129155 0.154640 0.154767 0.107319 0.141567 0.129553 0.121906 0.110046 0.113314 0.062720 0.118616 0.090848
107000.005082 9.676230 0.040959 0.027545 0.025381 0.073011 0.094771 0.051125 0.058611 0.063393 0.023548 0.107082 0.041450 0.126158 0.122474 0.114152 0.013911 0.043749 0.090202 0.038795 0.112634 0.048444 0.121051 0.135377 0.108149 0.101910 0.145997 0.146181 0.105828 0.157701 0.167319 0.122949 0.140728 0.090729 0.110577 0.111766 0.133959 0.119439 0.116239 0.137691 0.091165 0.088842 0.125126 0.157954 0.129452 0.111145 0.129657 0.109481 0.104883 0.106846 0.124186 0.154571 0.159412 0.111617 0.138635 0.127498 0.119628 0.116422 0.118119 0.069378 0.117061 0.093009
108000.005130 7.030159 0.031599 0.032576 0.022503 0.079782 0.099116 0.059341 0.050778 0.057168 0.031791 0.109781 0.044686 0.122671 0.120408 0.108384 0.011858 0.051607 0.083012 0.032726 0.113235 0.038981 0.121555 0.128429 0.100781 0.098265 0.140668 0.142174 0.098271 0.153191 0.163223 0.118059 0.134119 0.091734 0.113271 0.112512 0.138259 0.123797 0.119275 0.134381 0.084913 0.087091 0.122950 0.153337 0.131699 0.113595 0.132575 0.112007 0.106716 0.109609 0.129420 0.156099 0.154432 0.104908 0.142389 0.130043 0.122848 0.110644 0.113248 0.060648 0.119558 0.089745
109000.005177 7.237907 0.031235 0.031090 0.022861 0.078759 0.098179 0.057888 0.050079 0.057018 0.032825 0.108736 0.045780 0.121770 0.119244 0.107444 0.012032 0.051849 0.082903 0.033064 0.111912 0.039927 0.119669 0.128039 0.100332 0.098133 0.140519 0.142077 0.098025 0.153482 0.162831 0.117871 0.133082 0.091548 0.113030 0.112879 0.138485 0.124379 0.119642 0.134949 0.084514 0.087363 0.123292 0.152627 0.130972 0.114138 0.132314 0.111596 0.106986 0.109352 0.130012 0.155513 0.153822 0.104661 0.142575 0.129629 0.122877 0.110208 0.112729 0.059929 0.118871 0.090027
110000.005225 8.536923 0.033009 0.029815 0.020924 0.077514 0.097795 0.056185 0.051418 0.057541 0.032039 0.108829 0.044794 0.122702 0.120502 0.108476 0.013067 0.049623 0.083810 0.033666 0.112607 0.043140 0.120544 0.129267 0.101756 0.098178 0.140858 0.142348 0.099001 0.153357 0.163242 0.118548 0.134605 0.091674 0.112715 0.112299 0.136945 0.122848 0.118953 0.134570 0.086274 0.088242 0.122835 0.153636 0.131372 0.113512 0.132119 0.112076 0.106465 0.108966 0.128346 0.155659 0.154768 0.105950 0.141773 0.129084 0.121587 0.111455 0.114383 0.061503 0.118802 0.090451
111000.005272 10.029758 0.033432 0.024121 0.024488 0.073442 0.095300 0.053193 0.050985 0.060649 0.032611 0.105649 0.048175 0.122564 0.118983 0.109141 0.014163 0.046722 0.085248 0.039884 0.110814 0.045578 0.117479 0.127536 0.099931 0.096241 0.139197 0.142224 0.096854 0.152545 0.162828 0.116720 0.132685 0.087978 0.109628 0.111542 0.136808 0.122903 0.116982 0.132952 0.083496 0.084840 0.123295 0.152622 0.128415 0.112929 0.130022 0.109753 0.104434 0.105281 0.128612 0.153714 0.152862 0.103437 0.141092 0.125523 0.120652 0.110112 0.115707 0.060109 0.114972 0.087718
112000.005320 11.897899 0.037941 0.031914 0.020335 0.077100 0.097031 0.055381 0.055199 0.057584 0.026673 0.108803 0.039284 0.123450 0.121191 0.109975 0.015426 0.048256 0.085594 0.031750 0.112396 0.044422 0.121436 0.133817 0.106728 0.101927 0.144814 0.144145 0.104716 0.156529 0.165294 0.122131 0.138802 0.094271 0.113669 0.112135 0.134274 0.119996 0.118290 0.137792 0.091336 0.091612 0.123415 0.155950 0.131711 0.112077 0.131488 0.112058 0.106951 0.110820 0.124739 0.155219 0.158447 0.111320 0.139471 0.130442 0.120348 0.114953 0.113943 0.066851 0.120301 0.094509
113000.005367 13.691053 0.043615 0.034157 0.027145 0.075732 0.095059 0.052672 0.062456 0.063319 0.021755 0.108380 0.037917 0.125665 0.122462 0.114281 0.016548 0.046301 0.090908 0.035693 0.112606 0.047687 0.122197 0.138069 0.111185 0.105171 0.148749 0.147271 0.109722 0.159612 0.167428 0.126033 0.142803 0.093686 0.112429 0.113044 0.134301 0.119124 0.117338 0.140945 0.094676 0.091859 0.125930 0.158648 0.130106 0.111378 0.130278 0.109825 0.106644 0.108512 0.123175 0.154829 0.160810 0.115229 0.138229 0.129796 0.120869 0.118362 0.116411 0.073302 0.119068 0.096582
114000.005415 11.879191 0.039016 0.030127 0.024705 0.073943 0.093407 0.051480 0.057301 0.061079 0.026353 0.106129 0.042488 0.123181 0.119592 0.110632 0.015414 0.046422 0.088054 0.035383 0.109687 0.046892 0.118482 0.134717 0.107519 0.103156 0.146731 0.146188 0.105819 0.158324 0.166265 0.123867 0.139101 0.092906 0.111441 0.113789 0.133691 0.120170 0.117837 0.140022 0.091654 0.091544 0.125836 0.156871 0.128797 0.112971 0.129327 0.109745 0.106914 0.107672 0.124552 0.153509 0.158567 0.111867 0.138231 0.128053 0.120662 0.115618 0.114644 0.067889 0.116877 0.095114
115000.005462 13.167029 0.041490 0.032920 0.024759 0.076374 0.096132 0.052893 0.060330 0.061560 0.024303 0.109209 0.038802 0.125400 0.122654 0.113066 0.016228 0.047165 0.089593 0.034318 0.113332 0.046992 0.122203 0.137015 0.110125 0.104100 0.147741 0.146088 0.108622 0.158397 0.166503 0.125034 0.141622 0.093917 0.112853 0.112843 0.134356 0.119659 0.117970 0.140053 0.093695 0.092058 0.125010 0.157954 0.130779 0.111856 0.130807 0.110389 0.106862 0.109235 0.124153 0.155251 0.160261 0.114061 0.138907 0.130143 0.120365 0.117342 0.116446 0.071738 0.119766 0.096150
116000.005510 10.830050 0.035238 0.034496 0.020456 0.080800 0.100521 0.059077 0.054299 0.056120 0.029176 0.112069 0.040856 0.124657 0.122861 0.110141 0.014717 0.051138 0.085295 0.029343 0.115106 0.041201 0.123532 0.133425 0.106075 0.101651 0.144807 0.143914 0.104739 0.156122 0.165384 0.121993 0.138600 0.095281 0.115373 0.112818 0.136463 0.121944 0.119915 0.137851 0.090415 0.091486 0.123260 0.156277 0.133486 0.113546 0.133403 0.113042 0.107936 0.112471 0.127190 0.157220 0.158853 0.110715 0.141511 0.132815 0.121650 0.114321 0.114248 0.066525 0.122602 0.094327
117000.005557 12.452819 0.023402 0.036028 0.023115 0.085225 0.104620 0.065572 0.045257 0.053435 0.040619 0.113996 0.051706 0.122972 0.121335 0.106304 0.015782 0.058015 0.080530 0.029052 0.115811 0.037302 0.122542 0.125378 0.096719 0.095745 0.138234 0.141216 0.095361 0.151774 0.162263 0.115974 0.131035 0.093736 0.116683 0.114541 0.143374 0.129058 0.123374 0.133524 0.082226 0.087794 0.122909 0.152005 0.135034 0.117789 0.136920 0.115536 0.109258 0.112899 0.135319 0.159136 0.152875 0.102574 0.147353 0.133494 0.125963 0.108364 0.112912 0.056216 0.122983 0.088612
118000.005605 15.961308 0.036141 0.030250 0.018638 0.075620 0.095142 0.055904 0.050766 0.055241 0.027354 0.105417 0.039543 0.118775 0.117262 0.105486 0.017867 0.046358 0.080425 0.035797 0.109942 0.039192 0.119126 0.128950 0.103136 0.099997 0.139970 0.140097 0.099001 0.151368 0.160652 0.118208 0.134141 0.092186 0.111511 0.109711 0.131481 0.118065 0.115744 0.132874 0.087310 0.088740 0.120091 0.151623 0.129790 0.110330 0.129139 0.111394 0.104837 0.108993 0.122959 0.152031 0.153311 0.105800 0.136901 0.127217 0.118322 0.111990 0.109886 0.061667 0.117771 0.091657
119000.005652 10.648330 0.030785 0.029397 0.019417 0.077865 0.098586 0.057650 0.048322 0.055287 0.033012 0.108350 0.043928 0.121247 0.119464 0.106643 0.014593 0.049905 0.081331 0.034391 0.112420 0.040145 0.119830 0.126095 0.098849 0.095370 0.137714 0.138962 0.096057 0.150226 0.160244 0.115013 0.131507 0.090153 0.111422 0.109250 0.135272 0.120961 0.116713 0.131300 0.082892 0.085550 0.119563 0.150440 0.130064 0.111164 0.130387 0.110827 0.104246 0.108460 0.127093 0.153689 0.152286 0.102496 0.140187 0.127770 0.119156 0.107999 0.112674 0.058598 0.118111 0.087835
120000.005700 6.062340 0.031260 0.030277 0.023077 0.078986 0.099730 0.057801 0.051174 0.058297 0.033569 0.110237 0.046150 0.124170 0.121846 0.109803 0.011011 0.051288 0.084553 0.034125 0.114243 0.042529 0.121517 0.127465 0.099400 0.095405 0.139217 0.141035 0.097234 0.152010 0.162363 0.116253 0.133306 0.089344 0.111636 0.110669 0.138344 0.123278 0.117963 0.132661 0.083213 0.084808 0.121652 0.152406 0.130679 0.112326 0.131745 0.110598 0.104749 0.107819 0.129549 0.155624 0.153785 0.103618 0.142390 0.128654 0.121260 0.109009 0.115651 0.060378 0.118450 0.087318
