580000.027549	-150.674 104.385
581000.027596	-148.438 114.293
582000.027644	-146.934 125.055
583000.027691	-154.359 105.812
584000.027739	-142.486 102.452
585000.027786	-129.347 129.575
586000.027834	-129.496 139.478
587000.027881	-139.938 103.444
588000.027929	-150.307 123.86
589000.027976	-158.713 87.0624
590000.028023	-126.162 121.663
591000.028071	-141.508 124.289
592000.028118	-150.513 107.183
593000.028166	-150.06 81.1985
594000.028213	-142.73 83.5027
595000.028261	-134.637 119.236
596000.028308	-150.367 105.147
597000.028356	-158.083 97.5109
598000.028403	-145.205 100.763
599000.028451	-152.017 89.9935
600000.028498	-161.27 92.1116
601000.028546	-140.409 88.4611
602000.028593	-155.445 96.5569
603000.028641	-158.224 113.795
604000.028688	-148.297 93.0387
605000.028736	-163.345 111.566
606000.028783	-136.364 85.9525
607000.028831	-162.339 113.737
608000.028878	-142.605 107.374
609000.028926	-151.25 120.054
610000.028973	-138.65 72.9781
611000.029021	-137.095 102.413
612000.029068	-158.506 106.304
613000.029116	-138.603 92.5169
614000.029163	-131.227 109.193
615000.029211	-151.093 103.025
616000.029258	-150.447 100.609
617000.029306	-152.299 92.5942
618000.029353	-134.54 123.01
619000.029401	-148.088 117.763
620000.029448	-145.692 94.5608
621000.029496	-148.381 94.2246
622000.029543	-169.029 86.3906
623000.029591	-149.426 81.2667
624000.029638	-147.435 131.678
625000.029686	-152.781 97.6702
626000.029733	-148.966 89.8317
627000.029781	-159.683 107.184
628000.029828	-145.879 86.7255
629000.029876	-162.251 103.459
630000.029923	-158.139 106.242
631000.029971	-135.601 102.16
632000.030018	-153.446 93.8411
633000.030066	-131.242 99.9748
634000.030113	-147.655 98.5169
635000.030161	-156.472 121.483
636000.030208	-147.182 121.693
637000.030256	-144.713 101.806
638000.030303	-154.573 90.6796
639000.030351	-146.416 92.8902
640000.030398	-136.234 104.821
641000.030446	-140.912 102.336
642000.030493	-144.858 97.0331
643000.030541	-130.822 131.861
644000.030588	-149.014 81.785
645000.030636	-150.695 84.0325
646000.030683	-148.187 114.006
647000.030731	-161.726 91.9727
648000.030778	-137.041 110.54
649000.030826	-149.283 102.008
650000.030873	-141.487 116.543
651000.030921	-140.761 97.3308
652000.030968	-147.039 120.331
653000.031016	-155.473 99.2659
654000.031063	-161.152 97.2781
655000.031111	-168.58 77.3482
656000.031158	-135.617 91.2246
657000.031206	-138.853 79.6817
658000.031253	-141.826 109.408
659000.031301	-141.787 91.7724
660000.031348	-147.897 105.843
661000.031396	-149.588 88.8762
662000.031443	-152.401 86.9528
663000.031491	-150.657 111.488
664000.031538	-153.619 59.322
665000.031586	-149.964 100.323
666000.031633	-137.973 104.038
667000.031681	-153.655 111.047
668000.031728	-153.107 109.466
669000.031776	-138.826 109.446
670000.031823	-152.92 103.866
671000.031871	-148.475 102.181
672000.031918	-159.763 122.135
673000.031966	-164.807 98.9935
674000.032013	-150.643 70.3026
675000.032061	-148.572 112.609
676000.032108	-145.632 86.5635
677000.032156	-133.366 113.041
678000.032203	-142.243 110.46
679000.032251	-153.951 116.996
680000.032298	-143.627 128.361
681000.032346	-147.2 91.8957
682000.032393	-138.249 109.131
683000.032441	-138.477 109.085
684000.032488	-150.802 89.4809
685000.032536	-142.723 113.066
686000.032583	-143.692 101.527
687000.032631	-148.49 114.495
688000.032678	-142.945 115.652
689000.032726	-143.786 107.474
690000.032773	-158.592 77.7301
691000.032821	-158.868 118.208
692000.032868	-142.505 108.543
693000.032916	-149.396 89.7106
694000.032963	-153.681 107.846
695000.033011	-147.917 113.882
696000.033058	-137.119 110.053
697000.033106	-129.871 109.898
698000.033153	-156.473 106.204
699000.033201	-142.717 114.671
700000.033248	-148.659 99.4912
