#! FIELDS time restraint.bias r0 r1 r2 r3 r4 r5 r6 r7 r8 r9 r10 r11 r12 r13 r14 r15 r16 r17 r18 r19 r20 r21 r22 r23 r24 r25 r26 r27 r28 r29 r30 r31 r32 r33 r34 r35 r36 r37 r38 r39 r40 r41 r42 r43 r44 r45 r46 r47 r48 r49 r50 r51 r52 r53 r54 r55 r56 r57 r58 r59
360000.017099 2.758432 0.133892 0.113569 0.115563 0.108173 0.118908 0.111818 0.132705 0.124710 0.107558 0.118170 0.097795 0.146541 0.139074 0.148930 0.126449 0.104346 0.137293 0.131191 0.132475 0.126487 0.125117 0.132472 0.134264 0.109080 0.125133 0.109639 0.139158 0.123677 0.117097 0.113987 0.132301 0.085752 0.064068 0.056794 0.041538 0.011435 0.034681 0.110856 0.121965 0.100316 0.084542 0.113300 0.076676 0.038957 0.049075 0.071353 0.054912 0.088939 0.038630 0.073536 0.116787 0.127168 0.042856 0.070473 0.028645 0.117117 0.143422 0.137818 0.089729 0.106229
361000.017147 3.393477 0.136702 0.115087 0.116429 0.106396 0.115456 0.111586 0.134062 0.124877 0.107057 0.113754 0.097411 0.139885 0.133781 0.144790 0.128911 0.101924 0.135810 0.133215 0.128299 0.126923 0.123029 0.134226 0.139396 0.117251 0.124306 0.111739 0.142170 0.122535 0.111762 0.119183 0.131919 0.094731 0.072456 0.066319 0.031825 0.012684 0.043027 0.114757 0.128673 0.108678 0.089788 0.110489 0.080624 0.050017 0.054679 0.080120 0.065340 0.094908 0.027299 0.070054 0.112763 0.132254 0.037278 0.074974 0.037777 0.123825 0.137276 0.140425 0.093638 0.114790
362000.017194 8.628523 0.134867 0.114849 0.119736 0.108897 0.120103 0.114957 0.133289 0.127855 0.112079 0.116843 0.104457 0.146493 0.136707 0.149575 0.129522 0.107420 0.139490 0.135463 0.131869 0.128822 0.120894 0.126579 0.129040 0.104054 0.119071 0.105989 0.134173 0.119257 0.114745 0.108286 0.126624 0.080086 0.057958 0.052805 0.044552 0.020225 0.026255 0.104744 0.117054 0.095013 0.081698 0.109424 0.071563 0.037603 0.044949 0.067658 0.048368 0.083750 0.045174 0.069427 0.111030 0.121590 0.042348 0.063462 0.021807 0.112883 0.144847 0.136808 0.084169 0.100789
363000.017242 4.846528 0.137835 0.115246 0.118239 0.104228 0.112272 0.110254 0.135851 0.127654 0.107807 0.110632 0.100133 0.138896 0.131067 0.145520 0.129677 0.101738 0.138500 0.134924 0.124881 0.129299 0.118821 0.133748 0.139456 0.118306 0.124549 0.114757 0.142376 0.124306 0.111521 0.120851 0.129854 0.093375 0.068682 0.069602 0.030933 0.015158 0.041578 0.117780 0.129462 0.109032 0.093913 0.109483 0.075274 0.052200 0.049618 0.077379 0.065396 0.090549 0.025635 0.065141 0.109531 0.133234 0.032127 0.070131 0.040071 0.124690 0.137985 0.141528 0.088379 0.115537
364000.017289 4.331620 0.138859 0.117431 0.121597 0.107434 0.115670 0.113685 0.137319 0.130411 0.111259 0.113122 0.103671 0.141840 0.132806 0.148056 0.131418 0.106458 0.141196 0.136944 0.126798 0.131785 0.118815 0.130581 0.135079 0.112818 0.122375 0.112095 0.139268 0.123920 0.113051 0.115932 0.127525 0.088059 0.063845 0.063492 0.038001 0.014330 0.034312 0.114203 0.125122 0.103336 0.090450 0.108224 0.071068 0.044650 0.044829 0.071407 0.058883 0.086872 0.032428 0.064480 0.109415 0.129452 0.033739 0.067129 0.035871 0.119445 0.140671 0.141082 0.085611 0.110092
365000.017337 6.703412 0.137382 0.115417 0.117518 0.106429 0.116331 0.112455 0.134503 0.125774 0.109206 0.113991 0.100041 0.141270 0.133957 0.145868 0.130658 0.102842 0.137120 0.135008 0.129418 0.128134 0.121569 0.133720 0.139598 0.117369 0.123467 0.111789 0.142367 0.121433 0.111314 0.119318 0.130891 0.094551 0.070972 0.067280 0.029474 0.017827 0.043317 0.113902 0.128685 0.109557 0.090153 0.110640 0.079834 0.052971 0.053644 0.080627 0.065228 0.094168 0.031776 0.068515 0.110519 0.131499 0.037215 0.071615 0.033915 0.124400 0.140021 0.141402 0.092198 0.115025
366000.017384 3.971105 0.130891 0.109960 0.111797 0.104882 0.116131 0.108909 0.128967 0.120529 0.103687 0.115064 0.094703 0.142747 0.135834 0.144842 0.123621 0.099791 0.133359 0.128273 0.129750 0.122547 0.122831 0.132064 0.134336 0.110015 0.124047 0.108931 0.138272 0.121946 0.115165 0.114194 0.131656 0.087062 0.066212 0.058301 0.038089 0.013721 0.037349 0.110060 0.121894 0.101296 0.084162 0.112472 0.078626 0.043062 0.052199 0.074330 0.056717 0.090440 0.036508 0.073228 0.115205 0.127007 0.042249 0.071694 0.029115 0.118455 0.139293 0.135267 0.090328 0.106934
367000.017432 3.090299 0.136289 0.114818 0.115143 0.107378 0.116917 0.111716 0.133039 0.123415 0.106796 0.115578 0.095564 0.140722 0.135600 0.144517 0.128260 0.102657 0.134502 0.131946 0.130104 0.126341 0.125460 0.135617 0.140124 0.117425 0.125884 0.110675 0.142661 0.123190 0.113119 0.119111 0.133824 0.096278 0.075179 0.064899 0.032102 0.012104 0.045954 0.114529 0.128803 0.109657 0.088005 0.112074 0.084380 0.048665 0.057418 0.082081 0.066480 0.098685 0.029597 0.073710 0.116036 0.132315 0.041236 0.078296 0.036868 0.123769 0.137625 0.139716 0.097236 0.115292
368000.017479 4.132433 0.136066 0.115594 0.115696 0.108328 0.117443 0.113449 0.132471 0.122677 0.107692 0.115100 0.096881 0.139200 0.134021 0.142761 0.129254 0.103082 0.133120 0.132586 0.129531 0.125352 0.123995 0.132217 0.138204 0.116489 0.122045 0.108113 0.140829 0.119348 0.109392 0.116926 0.130418 0.096353 0.074780 0.065087 0.030049 0.013997 0.044649 0.111987 0.127651 0.109177 0.086629 0.108509 0.082747 0.050410 0.056317 0.082348 0.066245 0.097863 0.029853 0.070263 0.111663 0.130333 0.038500 0.076850 0.036586 0.122061 0.135540 0.139122 0.095953 0.114547
369000.017527 1.384699 0.134410 0.113366 0.115742 0.105210 0.114120 0.109371 0.132749 0.125340 0.106709 0.113501 0.096270 0.140408 0.133576 0.144807 0.126647 0.102890 0.135942 0.131470 0.127494 0.126671 0.121822 0.131343 0.134448 0.111581 0.123716 0.110016 0.138271 0.123426 0.113819 0.114877 0.129656 0.088816 0.067078 0.061365 0.038197 0.008102 0.038470 0.113426 0.123011 0.102996 0.087677 0.110307 0.076499 0.042121 0.049318 0.072840 0.060022 0.090628 0.032298 0.071099 0.114492 0.127318 0.039886 0.071760 0.034219 0.117348 0.138186 0.137258 0.090308 0.109278
370000.017574 8.488025 0.138219 0.116102 0.121814 0.105769 0.116171 0.113418 0.135792 0.130213 0.112843 0.111989 0.105609 0.141275 0.132040 0.147091 0.132532 0.105447 0.140599 0.138852 0.127946 0.131733 0.117395 0.129245 0.134463 0.111923 0.119764 0.110268 0.137363 0.120466 0.111666 0.114331 0.126303 0.087851 0.064122 0.063070 0.035938 0.020060 0.034964 0.110247 0.123571 0.103143 0.088845 0.108371 0.073116 0.049013 0.047643 0.074644 0.058902 0.087024 0.037640 0.065067 0.107655 0.126582 0.037313 0.064303 0.028911 0.119514 0.142121 0.140078 0.085589 0.109325
371000.017622 5.473532 0.139645 0.117556 0.123001 0.107329 0.117150 0.114054 0.138270 0.132046 0.113317 0.114337 0.105622 0.144450 0.134470 0.150291 0.133029 0.107239 0.143646 0.138930 0.129393 0.133579 0.118765 0.131428 0.135691 0.111955 0.122734 0.112269 0.139844 0.123888 0.114677 0.115825 0.128354 0.087057 0.062751 0.062725 0.038833 0.016108 0.033943 0.113210 0.124723 0.103205 0.090155 0.110591 0.071554 0.045985 0.045248 0.071107 0.057773 0.086224 0.036947 0.066022 0.110431 0.128692 0.037314 0.064738 0.028932 0.119677 0.144869 0.142308 0.085362 0.109553
372000.017669 2.857182 0.132696 0.112306 0.114046 0.107325 0.117737 0.110728 0.131221 0.123349 0.105759 0.117282 0.095734 0.144405 0.137843 0.146878 0.124780 0.103162 0.135441 0.129612 0.131121 0.124984 0.125373 0.131919 0.133317 0.108537 0.124718 0.108917 0.137733 0.123541 0.116897 0.113127 0.132197 0.085669 0.065394 0.056009 0.043042 0.011638 0.035654 0.110572 0.121113 0.099633 0.083878 0.112770 0.078311 0.037376 0.051136 0.071930 0.055144 0.090188 0.037890 0.075132 0.117796 0.126658 0.044151 0.072760 0.031525 0.116435 0.140787 0.135981 0.090839 0.105590
373000.017717 2.365124 0.134096 0.112869 0.115476 0.106294 0.117347 0.110872 0.132270 0.124215 0.106545 0.115661 0.096806 0.142956 0.136172 0.146335 0.126747 0.102300 0.136368 0.131655 0.130520 0.126088 0.123413 0.132260 0.134994 0.110546 0.123378 0.109193 0.138887 0.122247 0.114779 0.114273 0.131416 0.088184 0.067735 0.058409 0.039077 0.010589 0.036829 0.110635 0.122955 0.101767 0.085094 0.111845 0.078866 0.042066 0.052748 0.074605 0.057659 0.091242 0.034495 0.073257 0.115666 0.127685 0.042221 0.072819 0.029692 0.118546 0.140111 0.137706 0.091764 0.108077
374000.017764 4.928461 0.140188 0.117731 0.123469 0.105688 0.114108 0.112945 0.138232 0.132677 0.113409 0.110948 0.105966 0.139909 0.130663 0.146945 0.133391 0.106765 0.142360 0.139716 0.125646 0.134217 0.116368 0.129426 0.134958 0.113442 0.120606 0.112045 0.138174 0.122546 0.110951 0.115905 0.125337 0.088529 0.063275 0.065407 0.034797 0.015285 0.035162 0.114131 0.125119 0.104530 0.091890 0.106833 0.069996 0.047661 0.043328 0.072172 0.060371 0.086140 0.032158 0.061998 0.106942 0.128159 0.032296 0.063819 0.033405 0.119638 0.141010 0.141505 0.084344 0.111158
375000.017812 4.270927 0.136846 0.115852 0.116349 0.108973 0.118975 0.114035 0.133574 0.123932 0.108743 0.116913 0.098577 0.143331 0.137030 0.146529 0.129747 0.103932 0.135436 0.133447 0.131877 0.126809 0.125268 0.134932 0.139939 0.116743 0.125207 0.110504 0.142779 0.122288 0.113355 0.118614 0.133387 0.094930 0.072648 0.064191 0.031625 0.014229 0.043211 0.112740 0.128631 0.109024 0.087140 0.112223 0.082421 0.049619 0.055440 0.081410 0.064372 0.096540 0.033272 0.071617 0.113904 0.131929 0.039929 0.074929 0.033689 0.123923 0.140361 0.140552 0.094737 0.114252
376000.017859 5.256728 0.139806 0.116858 0.120476 0.104480 0.111496 0.110915 0.137716 0.129977 0.109797 0.109649 0.102508 0.137836 0.129748 0.145369 0.131543 0.103411 0.140050 0.137078 0.123565 0.131897 0.117438 0.132731 0.139382 0.119167 0.123653 0.114986 0.142030 0.124065 0.109864 0.121129 0.128012 0.093954 0.068191 0.071340 0.029564 0.015786 0.041981 0.118878 0.130216 0.110148 0.095517 0.107579 0.073432 0.053222 0.047413 0.077129 0.066571 0.089980 0.024338 0.062107 0.107361 0.133380 0.029069 0.068673 0.041584 0.124773 0.137826 0.142577 0.087083 0.116613
377000.017907 3.927110 0.131005 0.110951 0.112374 0.107016 0.118233 0.110416 0.129110 0.120782 0.104784 0.117174 0.094554 0.143564 0.137167 0.145044 0.123997 0.101996 0.133274 0.128190 0.131614 0.122569 0.124704 0.130345 0.132217 0.107353 0.122345 0.105975 0.136683 0.120163 0.114617 0.111314 0.130901 0.085583 0.066152 0.054396 0.040808 0.013644 0.036060 0.107377 0.119575 0.098938 0.081043 0.111521 0.079553 0.038102 0.052785 0.072919 0.054356 0.091288 0.038556 0.075119 0.116043 0.124572 0.044261 0.073200 0.027090 0.115572 0.139395 0.134803 0.092104 0.104532
378000.017954 4.133630 0.135246 0.115269 0.118529 0.108543 0.118717 0.113741 0.133789 0.126465 0.109998 0.116367 0.100858 0.144269 0.135518 0.147639 0.129192 0.106013 0.138445 0.133673 0.130669 0.127885 0.120998 0.128379 0.131737 0.107523 0.120047 0.106926 0.136971 0.120025 0.112895 0.111146 0.127255 0.085075 0.063125 0.056918 0.040314 0.013999 0.032408 0.108456 0.120359 0.099368 0.083973 0.108707 0.073538 0.040186 0.047086 0.069882 0.054101 0.087672 0.037957 0.068765 0.111088 0.124682 0.039372 0.068138 0.026319 0.114960 0.141523 0.138373 0.087927 0.105226
379000.018002 5.390929 0.141006 0.119101 0.124093 0.107559 0.115585 0.114637 0.139211 0.132924 0.114406 0.112442 0.106964 0.141330 0.131914 0.148243 0.134431 0.107978 0.142843 0.140276 0.126938 0.134443 0.117479 0.129209 0.135358 0.113997 0.120451 0.111889 0.138849 0.121928 0.110317 0.116308 0.125346 0.088948 0.062832 0.065807 0.033751 0.015986 0.034748 0.113872 0.125837 0.105198 0.091739 0.106420 0.069613 0.048147 0.042612 0.072522 0.060303 0.086073 0.032488 0.060774 0.105786 0.128626 0.030416 0.063302 0.033731 0.120118 0.142113 0.142688 0.084203 0.111507
380000.018049 4.366185 0.131293 0.110629 0.113662 0.105916 0.117371 0.108960 0.131177 0.123744 0.104246 0.117271 0.095207 0.146578 0.138625 0.149048 0.122811 0.102114 0.137584 0.128196 0.130984 0.125006 0.124205 0.133006 0.132400 0.106022 0.126572 0.111015 0.138044 0.126627 0.120817 0.112923 0.133391 0.081911 0.062589 0.054094 0.048543 0.014387 0.032766 0.111734 0.119590 0.096283 0.084688 0.115509 0.076135 0.034321 0.050449 0.067555 0.051379 0.086865 0.040385 0.077109 0.120443 0.126900 0.047014 0.072188 0.030949 0.115482 0.142883 0.135715 0.088837 0.102924
381000.018097 3.347157 0.132828 0.111505 0.113591 0.103846 0.112434 0.106636 0.132969 0.124543 0.102984 0.113766 0.094326 0.142539 0.134943 0.147025 0.123338 0.100273 0.137367 0.128241 0.126447 0.125707 0.122049 0.134672 0.135969 0.112299 0.128150 0.114831 0.141041 0.128118 0.117720 0.118458 0.132933 0.086870 0.064348 0.063509 0.042632 0.012597 0.038360 0.117905 0.124662 0.102538 0.091203 0.113686 0.074309 0.042198 0.048271 0.069600 0.058860 0.087137 0.031125 0.072236 0.117008 0.131176 0.039805 0.071728 0.039383 0.119762 0.139617 0.137991 0.087888 0.109234
382000.018144 2.581723 0.137890 0.116055 0.119156 0.106377 0.114856 0.111476 0.136058 0.128811 0.110353 0.113684 0.101078 0.142182 0.134133 0.147573 0.130101 0.105439 0.139483 0.135306 0.127884 0.130821 0.120896 0.132587 0.136809 0.114260 0.124906 0.112340 0.140432 0.124791 0.113953 0.117491 0.129731 0.090042 0.065561 0.064300 0.035014 0.011063 0.038609 0.115424 0.125973 0.105854 0.090357 0.110521 0.074389 0.045544 0.046266 0.073627 0.061263 0.089675 0.032723 0.067527 0.112350 0.129650 0.036340 0.068323 0.034280 0.120291 0.141616 0.140431 0.088001 0.111845
383000.018192 8.490229 0.138122 0.117247 0.122954 0.105249 0.111054 0.110894 0.138381 0.132809 0.110788 0.109724 0.104490 0.138920 0.128622 0.146348 0.130248 0.106606 0.142780 0.136429 0.121496 0.132991 0.113740 0.127052 0.131109 0.110756 0.120802 0.113711 0.136669 0.125162 0.111711 0.114920 0.122458 0.084520 0.058746 0.066801 0.043534 0.020062 0.032941 0.117704 0.122410 0.100568 0.094723 0.104842 0.062131 0.044587 0.036855 0.063604 0.058410 0.080129 0.031854 0.059608 0.106022 0.127448 0.029997 0.063412 0.042851 0.115461 0.138150 0.139992 0.079538 0.108324
384000.018239 3.170185 0.136368 0.113858 0.116205 0.104430 0.113277 0.109426 0.134053 0.125375 0.106352 0.111925 0.097435 0.138740 0.132321 0.144140 0.128089 0.101012 0.136369 0.133051 0.126388 0.127595 0.120958 0.133405 0.138679 0.116870 0.123942 0.112010 0.141325 0.122499 0.110906 0.119089 0.130377 0.093482 0.070624 0.066844 0.030840 0.012259 0.042595 0.115601 0.127966 0.108087 0.090825 0.109511 0.078598 0.049867 0.052368 0.078438 0.064918 0.093054 0.026313 0.068406 0.111657 0.131593 0.035509 0.073118 0.037776 0.123233 0.137075 0.139814 0.091550 0.114435
385000.018287 2.352813 0.133383 0.112384 0.112482 0.106515 0.117153 0.110072 0.131008 0.121217 0.104342 0.116710 0.093316 0.142984 0.137479 0.145452 0.125445 0.100555 0.133652 0.129103 0.131399 0.123700 0.126279 0.136045 0.138982 0.114729 0.126897 0.110835 0.142241 0.123714 0.115673 0.118184 0.135348 0.093021 0.072409 0.062088 0.035458 0.010561 0.043339 0.113197 0.126759 0.106683 0.086407 0.114468 0.083564 0.046160 0.056720 0.079350 0.062769 0.096021 0.032270 0.075757 0.117949 0.131302 0.043230 0.076851 0.033433 0.122489 0.139259 0.138235 0.095756 0.112217
386000.018334 6.265507 0.135442 0.114832 0.118587 0.107293 0.115571 0.111375 0.135401 0.128253 0.107481 0.114881 0.099973 0.143093 0.134523 0.148075 0.127196 0.104816 0.140025 0.132806 0.127648 0.128468 0.120771 0.129545 0.132177 0.109253 0.122522 0.111322 0.137785 0.123915 0.114237 0.113958 0.127775 0.083864 0.061453 0.060768 0.044310 0.017234 0.032656 0.113724 0.121416 0.098475 0.089156 0.108864 0.070304 0.039570 0.044728 0.066291 0.055152 0.084444 0.035021 0.068136 0.111869 0.127182 0.037120 0.069058 0.037915 0.116048 0.140053 0.138763 0.085731 0.106032
387000.018382 2.416251 0.138246 0.115921 0.119229 0.105081 0.113926 0.111054 0.136488 0.128675 0.109450 0.112255 0.100810 0.141321 0.132841 0.147461 0.130479 0.103559 0.140064 0.135508 0.126785 0.130653 0.119368 0.134303 0.138936 0.116317 0.125438 0.114388 0.142438 0.125528 0.113931 0.119746 0.130729 0.091768 0.067192 0.066815 0.033035 0.010703 0.039550 0.116949 0.128382 0.107790 0.092425 0.111266 0.074810 0.049136 0.048312 0.075403 0.063085 0.090014 0.028546 0.066656 0.111628 0.132393 0.034820 0.068884 0.035154 0.123228 0.140895 0.141952 0.088231 0.113958
388000.018429 3.239776 0.134666 0.112528 0.114039 0.104494 0.113870 0.108801 0.132514 0.123520 0.104654 0.113239 0.095409 0.140037 0.133991 0.144502 0.126275 0.099964 0.135057 0.130964 0.127621 0.125588 0.122882 0.134574 0.138795 0.116394 0.125525 0.112449 0.141786 0.123461 0.112867 0.119381 0.132415 0.092820 0.070369 0.065709 0.032440 0.012393 0.042605 0.115454 0.127563 0.107406 0.090002 0.111430 0.079876 0.048631 0.053362 0.078338 0.063936 0.093277 0.027893 0.070935 0.113919 0.131811 0.037671 0.073930 0.037293 0.123322 0.137671 0.138918 0.092373 0.113592
389000.018477 7.286166 0.129504 0.110647 0.113505 0.107596 0.119984 0.112039 0.127958 0.121534 0.106692 0.117807 0.097616 0.146204 0.138123 0.146923 0.123957 0.103549 0.134161 0.128936 0.132533 0.122683 0.123625 0.127508 0.127811 0.101781 0.120624 0.104620 0.133334 0.119782 0.117097 0.106893 0.129332 0.079871 0.060847 0.048893 0.047294 0.018585 0.028833 0.103577 0.114874 0.093181 0.078066 0.111900 0.076000 0.034035 0.049989 0.068757 0.047543 0.086370 0.045840 0.075449 0.116194 0.120564 0.047780 0.068689 0.021356 0.111022 0.142109 0.132678 0.087917 0.098585
390000.018524 7.009221 0.140143 0.118125 0.119314 0.106776 0.114635 0.113397 0.136482 0.127063 0.110199 0.111902 0.100655 0.137560 0.131445 0.143907 0.132790 0.103371 0.136842 0.136803 0.126533 0.129948 0.121041 0.134902 0.142838 0.122756 0.123911 0.113641 0.144570 0.122096 0.108373 0.122802 0.130499 0.100935 0.076636 0.073423 0.024167 0.018229 0.048849 0.118210 0.133502 0.115294 0.094169 0.108354 0.081505 0.058267 0.055687 0.085564 0.072527 0.098146 0.024132 0.065855 0.108890 0.135474 0.033822 0.075301 0.042766 0.127651 0.136370 0.143282 0.094546 0.121011
391000.018572 2.500578 0.136175 0.114756 0.118948 0.105658 0.114266 0.110298 0.135928 0.129191 0.108598 0.113721 0.100421 0.143554 0.133980 0.148908 0.128197 0.104824 0.141132 0.133663 0.127218 0.129942 0.119129 0.131230 0.133868 0.110308 0.124290 0.112652 0.139257 0.125619 0.115653 0.115491 0.128641 0.084434 0.060260 0.061457 0.040767 0.010888 0.032730 0.115052 0.122720 0.100674 0.090210 0.110629 0.069485 0.040343 0.042200 0.066145 0.055654 0.084347 0.033719 0.067170 0.112305 0.128132 0.036000 0.066009 0.033015 0.117283 0.142220 0.139822 0.084442 0.107476
392000.018619 6.667026 0.131910 0.111213 0.111898 0.106864 0.118469 0.110587 0.129797 0.120319 0.104018 0.117655 0.094730 0.144690 0.138566 0.146200 0.124399 0.100156 0.133639 0.128529 0.132343 0.122663 0.126069 0.134900 0.137016 0.112082 0.125938 0.110243 0.140785 0.122704 0.116555 0.116497 0.135019 0.089530 0.069276 0.059779 0.039459 0.017778 0.040644 0.110685 0.124608 0.103532 0.084605 0.114835 0.082334 0.045582 0.056365 0.077667 0.058921 0.093117 0.037177 0.076197 0.117445 0.129758 0.044695 0.074793 0.031963 0.121524 0.140556 0.137088 0.093522 0.108990
393000.018666 4.253758 0.140847 0.118495 0.123500 0.106974 0.115553 0.114028 0.139022 0.132741 0.113848 0.112633 0.106086 0.142661 0.132753 0.149562 0.133813 0.107703 0.143328 0.139724 0.127488 0.134275 0.117799 0.131747 0.137064 0.114877 0.123433 0.113545 0.140732 0.124848 0.113579 0.117730 0.127744 0.089288 0.063301 0.065379 0.034135 0.014201 0.035416 0.115389 0.126663 0.105765 0.092183 0.109406 0.070578 0.047410 0.043057 0.072445 0.060390 0.087132 0.033590 0.063044 0.108715 0.130068 0.032728 0.064176 0.032604 0.121277 0.143603 0.143019 0.084796 0.112194
394000.018714 5.171747 0.133309 0.111931 0.111604 0.104981 0.115315 0.109151 0.130224 0.120039 0.103661 0.114497 0.092739 0.139617 0.134997 0.142578 0.125689 0.098759 0.131883 0.129081 0.129160 0.123128 0.124973 0.136720 0.140996 0.118569 0.126952 0.112383 0.143520 0.123503 0.113366 0.120887 0.134898 0.097645 0.076148 0.067539 0.030835 0.015658 0.048221 0.115969 0.129554 0.111143 0.089474 0.113273 0.085407 0.053151 0.059225 0.084159 0.068332 0.098729 0.029104 0.074408 0.116426 0.133394 0.042052 0.078517 0.037993 0.125201 0.136275 0.138239 0.097310 0.116499
395000.018761 4.872698 0.130985 0.110244 0.109709 0.106204 0.117688 0.109247 0.128314 0.118222 0.101627 0.117111 0.090305 0.141821 0.137884 0.143446 0.122678 0.098554 0.130749 0.126598 0.131708 0.120608 0.128241 0.136399 0.138263 0.114173 0.127529 0.110353 0.141001 0.124097 0.117074 0.117445 0.136805 0.093480 0.075148 0.060753 0.039490 0.015199 0.044948 0.112516 0.125632 0.105590 0.084818 0.115731 0.087139 0.045991 0.061266 0.081709 0.063216 0.098258 0.034499 0.079978 0.121312 0.130781 0.047736 0.081135 0.036596 0.122178 0.136849 0.135575 0.098538 0.111388
396000.018809 9.954100 0.127335 0.108034 0.105061 0.107252 0.119636 0.109202 0.123432 0.112241 0.099721 0.119199 0.087049 0.140739 0.139323 0.139384 0.120314 0.096968 0.124553 0.122827 0.134051 0.115586 0.131388 0.135765 0.137627 0.113558 0.126551 0.106717 0.139392 0.120291 0.115779 0.115993 0.137857 0.095578 0.078744 0.059792 0.039146 0.021723 0.049314 0.108555 0.124480 0.106508 0.080522 0.116191 0.092535 0.048637 0.066290 0.086431 0.064920 0.102358 0.039665 0.083651 0.122320 0.128767 0.052109 0.084299 0.035640 0.121734 0.134573 0.132123 0.102665 0.110935
397000.018856 19.255633 0.120903 0.105892 0.104489 0.111236 0.126150 0.111489 0.119625 0.111084 0.100978 0.125952 0.088816 0.148691 0.145641 0.143272 0.115750 0.101639 0.125788 0.118564 0.139720 0.113039 0.133280 0.125997 0.122702 0.093166 0.119596 0.097266 0.128666 0.115102 0.119583 0.100057 0.133164 0.077701 0.067275 0.036729 0.060054 0.030213 0.037312 0.095278 0.107922 0.086724 0.066142 0.115600 0.087785 0.027675 0.063166 0.072227 0.043879 0.092689 0.057125 0.090528 0.125994 0.115021 0.063132 0.080353 0.025066 0.104752 0.139809 0.125197 0.097420 0.090533
398000.018904 5.329932 0.132516 0.112229 0.116466 0.106722 0.118355 0.111484 0.131230 0.125507 0.108937 0.116408 0.100044 0.145550 0.136843 0.148000 0.126470 0.104683 0.137474 0.132191 0.131473 0.126555 0.121920 0.127977 0.129326 0.103733 0.120765 0.106282 0.134388 0.120518 0.115883 0.108733 0.128281 0.080407 0.059576 0.052249 0.044662 0.015896 0.028873 0.106017 0.116649 0.095154 0.081488 0.111179 0.073845 0.035983 0.046970 0.067702 0.049315 0.085137 0.043251 0.072698 0.114428 0.121603 0.044577 0.066139 0.021092 0.112426 0.143517 0.135186 0.086358 0.100899
399000.018951 2.470839 0.139022 0.116581 0.120569 0.105342 0.113944 0.110864 0.138051 0.130649 0.109529 0.112739 0.100708 0.141731 0.133302 0.148257 0.130622 0.104448 0.141951 0.136071 0.126752 0.132099 0.119847 0.134706 0.138576 0.115908 0.126194 0.115646 0.142764 0.127398 0.115245 0.119910 0.130927 0.091077 0.067156 0.066938 0.037433 0.010823 0.039107 0.118948 0.128034 0.106630 0.094127 0.111603 0.073850 0.047176 0.047935 0.073158 0.062916 0.089324 0.027826 0.067816 0.113574 0.132797 0.036085 0.070406 0.037778 0.122377 0.140963 0.142673 0.088674 0.113708
400000.018999 3.101567 0.134810 0.113432 0.117381 0.104757 0.114521 0.110302 0.133681 0.126532 0.107378 0.112618 0.099354 0.141503 0.133002 0.146431 0.127505 0.102372 0.138321 0.133027 0.126884 0.127803 0.119015 0.130619 0.133642 0.110091 0.122402 0.110887 0.137916 0.122974 0.113966 0.114417 0.128598 0.085940 0.063382 0.060819 0.039604 0.012126 0.033367 0.112171 0.122663 0.100860 0.087920 0.110000 0.072695 0.043052 0.047099 0.070752 0.056638 0.086064 0.033052 0.068126 0.111783 0.127586 0.037751 0.067674 0.032283 0.117840 0.139837 0.138166 0.086091 0.107441
401000.019046 3.352196 0.133480 0.112467 0.115943 0.105751 0.115428 0.109098 0.133397 0.126076 0.105570 0.115341 0.096850 0.143894 0.135779 0.147951 0.125005 0.103074 0.138730 0.130293 0.128668 0.126941 0.121942 0.131275 0.132580 0.107850 0.124181 0.110756 0.138041 0.124757 0.116499 0.113598 0.130210 0.083106 0.062079 0.057513 0.044539 0.012606 0.033161 0.112834 0.120642 0.097855 0.087098 0.111555 0.073360 0.036228 0.047261 0.066624 0.053527 0.086010 0.035416 0.072186 0.115658 0.127007 0.040902 0.070430 0.033203 0.115896 0.140949 0.137458 0.087572 0.104921
402000.019094 1.721537 0.132710 0.111909 0.112414 0.106100 0.116724 0.109386 0.130864 0.121488 0.104128 0.116439 0.093062 0.142627 0.137147 0.145133 0.124846 0.100668 0.133887 0.128723 0.130728 0.123796 0.125755 0.135005 0.137511 0.113529 0.126652 0.111033 0.141362 0.124352 0.115897 0.117357 0.134224 0.091819 0.071070 0.061589 0.037273 0.009034 0.041971 0.113994 0.125411 0.105456 0.086817 0.113808 0.081978 0.044979 0.055280 0.077670 0.061869 0.094591 0.032461 0.075381 0.118332 0.130379 0.043337 0.076220 0.033494 0.120673 0.138894 0.137446 0.094728 0.111213
403000.019141 6.203653 0.132417 0.113337 0.115922 0.110373 0.122369 0.113215 0.131839 0.124818 0.108426 0.121564 0.097980 0.149551 0.142017 0.150492 0.125651 0.106665 0.137920 0.130394 0.135870 0.125965 0.127437 0.129954 0.129921 0.102680 0.123024 0.105821 0.136095 0.121920 0.118675 0.108597 0.131732 0.080596 0.062244 0.048538 0.049642 0.017149 0.031175 0.106108 0.116520 0.093892 0.079485 0.113596 0.077649 0.029795 0.050747 0.067346 0.048166 0.088177 0.045694 0.078277 0.119656 0.122625 0.049281 0.071906 0.023586 0.111717 0.145347 0.135996 0.091034 0.099870
404000.019189 4.343490 0.135614 0.114474 0.116570 0.107271 0.116264 0.111721 0.133999 0.125367 0.106903 0.115181 0.098366 0.142189 0.134874 0.146447 0.127625 0.103430 0.137325 0.132149 0.128674 0.127133 0.122372 0.131994 0.135868 0.113047 0.123560 0.110829 0.140256 0.122908 0.113077 0.116389 0.130210 0.089254 0.066810 0.062461 0.037261 0.014350 0.038206 0.113597 0.125076 0.103894 0.088277 0.109752 0.076297 0.044404 0.050095 0.073785 0.059479 0.090569 0.031774 0.069280 0.112399 0.129854 0.036876 0.072154 0.035852 0.120248 0.139004 0.139386 0.090093 0.110188
405000.019236 2.513657 0.137469 0.115539 0.118804 0.105830 0.115472 0.111490 0.135243 0.127932 0.110100 0.113529 0.100464 0.141906 0.134119 0.147060 0.130180 0.104336 0.138816 0.135384 0.128641 0.130032 0.120992 0.133048 0.137253 0.114033 0.124252 0.111455 0.140398 0.123646 0.113907 0.116995 0.130431 0.090795 0.067588 0.063431 0.034469 0.010916 0.039169 0.113665 0.125927 0.105922 0.089030 0.111283 0.076795 0.046670 0.049569 0.075761 0.061588 0.091142 0.032867 0.069215 0.112962 0.129432 0.038616 0.069524 0.031688 0.120803 0.141408 0.140255 0.089698 0.111845
406000.019284 1.959466 0.133928 0.113546 0.113789 0.107201 0.116651 0.110771 0.131598 0.122119 0.104954 0.115749 0.093751 0.140392 0.135550 0.143726 0.125942 0.101716 0.133317 0.129741 0.129623 0.124188 0.125523 0.133179 0.136695 0.113656 0.124172 0.109053 0.140058 0.122069 0.112971 0.116081 0.132314 0.092804 0.072698 0.061768 0.036947 0.009638 0.042293 0.112664 0.125348 0.105330 0.085995 0.110924 0.082119 0.044581 0.055787 0.078366 0.062947 0.095535 0.030288 0.074051 0.116173 0.129616 0.041763 0.077710 0.036879 0.119914 0.136191 0.137512 0.095583 0.111469
407000.019331 5.509665 0.132820 0.112968 0.115962 0.108896 0.120300 0.112653 0.131497 0.124738 0.108765 0.118949 0.099150 0.147122 0.139271 0.148709 0.126406 0.105832 0.137011 0.131414 0.133608 0.126224 0.124939 0.128942 0.130297 0.104430 0.121863 0.105706 0.135472 0.120582 0.116216 0.109273 0.129884 0.081674 0.061420 0.051404 0.044870 0.016162 0.031237 0.106086 0.117405 0.095864 0.080531 0.111698 0.076186 0.034036 0.048654 0.068764 0.049913 0.087582 0.043936 0.074463 0.116017 0.122485 0.045538 0.068921 0.022408 0.112966 0.144030 0.135709 0.088926 0.101445
408000.019379 3.738266 0.132730 0.111880 0.115997 0.104185 0.114049 0.109278 0.131547 0.125533 0.106914 0.112317 0.098718 0.141236 0.132786 0.145613 0.125761 0.102231 0.136408 0.131875 0.126959 0.125796 0.119220 0.128201 0.130685 0.107322 0.120985 0.108608 0.134932 0.121337 0.113773 0.111445 0.127106 0.082608 0.060323 0.057426 0.040463 0.013312 0.030265 0.109166 0.118795 0.097343 0.085359 0.109320 0.071711 0.039332 0.045039 0.068392 0.053139 0.084354 0.036701 0.068813 0.111482 0.123534 0.038761 0.065696 0.029903 0.114640 0.139612 0.135399 0.084661 0.103961
409000.019426 4.083062 0.138426 0.116486 0.119400 0.107041 0.115799 0.112837 0.135843 0.128021 0.110038 0.113393 0.101456 0.140234 0.133325 0.145885 0.130808 0.104738 0.138299 0.136019 0.127714 0.130244 0.121422 0.131872 0.137260 0.115526 0.122558 0.111199 0.140206 0.122130 0.110986 0.117399 0.129161 0.092007 0.068603 0.064925 0.032756 0.013913 0.039536 0.113913 0.127081 0.106697 0.089815 0.108259 0.076921 0.047926 0.050358 0.077457 0.062664 0.091829 0.029484 0.066897 0.110483 0.130481 0.034799 0.071056 0.036560 0.122009 0.138880 0.140694 0.090271 0.112968
410000.019474 4.402773 0.137622 0.115654 0.119628 0.106427 0.116592 0.112785 0.135573 0.128364 0.110717 0.113820 0.102699 0.143393 0.134420 0.148555 0.130796 0.104817 0.140040 0.136216 0.129029 0.130355 0.119808 0.132359 0.136766 0.113440 0.123572 0.111944 0.140447 0.123459 0.114162 0.116751 0.129671 0.088960 0.064825 0.062796 0.034648 0.014447 0.035983 0.112892 0.125563 0.104630 0.089053 0.110862 0.074340 0.046981 0.047690 0.074445 0.059129 0.088675 0.034773 0.066924 0.110934 0.129522 0.036601 0.066835 0.029800 0.121179 0.142897 0.140817 0.087151 0.110692
411000.019521 2.205396 0.133737 0.113226 0.115952 0.106465 0.116250 0.110771 0.132650 0.125158 0.106824 0.115223 0.097758 0.143496 0.135467 0.147208 0.126305 0.103276 0.137080 0.131276 0.129305 0.126110 0.122041 0.130630 0.132996 0.108796 0.123018 0.109316 0.137793 0.122635 0.115003 0.113229 0.129845 0.084839 0.063045 0.057782 0.040593 0.010225 0.033002 0.110673 0.121233 0.099451 0.085462 0.110953 0.074229 0.039013 0.047448 0.069628 0.054613 0.087243 0.035432 0.070751 0.113762 0.126355 0.039641 0.069229 0.030415 0.116454 0.140649 0.137391 0.087855 0.105774
412000.019569 2.921689 0.133413 0.112649 0.115668 0.106306 0.117219 0.110379 0.132482 0.125228 0.106714 0.116236 0.096726 0.144717 0.136767 0.148024 0.126010 0.103419 0.137695 0.130886 0.130756 0.126352 0.123224 0.132072 0.133286 0.108069 0.124429 0.109707 0.138404 0.124228 0.117398 0.113224 0.131613 0.084842 0.064420 0.056273 0.043255 0.011769 0.034267 0.111002 0.120846 0.099056 0.085141 0.113161 0.076529 0.037180 0.050161 0.069991 0.054331 0.088875 0.037432 0.074333 0.117169 0.126471 0.043910 0.071311 0.028338 0.116289 0.141961 0.137437 0.090184 0.105367
413000.019616 5.644680 0.140688 0.118402 0.123399 0.106755 0.114911 0.113850 0.138570 0.132192 0.112954 0.111540 0.105678 0.139765 0.131327 0.146885 0.133409 0.106608 0.141798 0.139637 0.125907 0.133835 0.117970 0.130245 0.136222 0.115034 0.121127 0.112559 0.139158 0.122743 0.110658 0.116959 0.126361 0.090422 0.065762 0.066482 0.034919 0.016358 0.036494 0.114844 0.126723 0.105700 0.092408 0.106734 0.071915 0.049051 0.046175 0.074689 0.062083 0.087869 0.030654 0.062611 0.107474 0.130026 0.032115 0.066884 0.037493 0.121202 0.139898 0.141981 0.085964 0.112613
414000.019664 9.255281 0.128050 0.109361 0.111603 0.107932 0.120348 0.110991 0.126891 0.119826 0.104581 0.119138 0.095294 0.146174 0.139043 0.146115 0.121950 0.102748 0.133035 0.126566 0.133423 0.120793 0.125137 0.127043 0.126999 0.100514 0.119944 0.103143 0.132772 0.118143 0.116089 0.106042 0.129487 0.078686 0.061260 0.047231 0.048608 0.020947 0.030578 0.102377 0.113571 0.091463 0.076673 0.111521 0.077662 0.031515 0.051783 0.067798 0.046181 0.087090 0.046274 0.077583 0.116762 0.119685 0.048782 0.071155 0.023156 0.110292 0.141116 0.131839 0.089733 0.097122
415000.019711 8.150644 0.129251 0.110177 0.111916 0.109017 0.122619 0.111370 0.127868 0.120301 0.105718 0.121902 0.094553 0.148774 0.142584 0.147871 0.122788 0.103833 0.134287 0.126983 0.136571 0.122709 0.128581 0.130680 0.129894 0.101842 0.123305 0.104318 0.135390 0.121009 0.119464 0.107819 0.133306 0.082078 0.065869 0.047092 0.050259 0.019657 0.035807 0.104430 0.115918 0.094587 0.076741 0.115297 0.082598 0.032859 0.056334 0.071471 0.049670 0.091573 0.047752 0.082398 0.122460 0.122126 0.053820 0.075215 0.020587 0.111900 0.143772 0.133198 0.094216 0.099693
416000.019759 6.305399 0.141992 0.119578 0.123096 0.107215 0.113824 0.114192 0.139104 0.131333 0.112801 0.110813 0.104928 0.137180 0.129578 0.144755 0.134468 0.106608 0.140482 0.139535 0.124571 0.133718 0.117718 0.130396 0.138501 0.119115 0.120459 0.112177 0.140925 0.121101 0.106746 0.119272 0.125508 0.095548 0.070168 0.070840 0.027577 0.017289 0.042844 0.116809 0.130023 0.110780 0.093986 0.104254 0.074376 0.053437 0.048187 0.078776 0.067462 0.092374 0.024731 0.060354 0.104858 0.132039 0.027506 0.069843 0.041362 0.123704 0.136923 0.143413 0.088946 0.117136
417000.019806 5.343815 0.133063 0.112991 0.117933 0.106539 0.117045 0.111354 0.132823 0.127416 0.108938 0.115332 0.101067 0.145256 0.135584 0.148812 0.126471 0.105366 0.139446 0.132560 0.129283 0.127852 0.119872 0.127289 0.128311 0.103386 0.121119 0.108463 0.134388 0.122803 0.116405 0.109196 0.126787 0.078553 0.056389 0.053650 0.046890 0.015916 0.025127 0.108808 0.116435 0.093682 0.084308 0.110018 0.068700 0.034036 0.042240 0.063209 0.048024 0.081357 0.041875 0.069711 0.113090 0.122369 0.041713 0.064236 0.026900 0.111484 0.143179 0.135778 0.082857 0.100320
418000.019854 7.308144 0.134186 0.112859 0.112708 0.106400 0.117749 0.111216 0.130717 0.120222 0.104550 0.115712 0.093689 0.140900 0.136173 0.143582 0.126881 0.099367 0.132533 0.130243 0.131015 0.123470 0.126010 0.137946 0.142042 0.118932 0.127363 0.112350 0.144304 0.123824 0.114662 0.120992 0.136419 0.098880 0.078674 0.067121 0.033240 0.018613 0.048931 0.115043 0.130341 0.111477 0.088725 0.114801 0.087829 0.054195 0.062655 0.086416 0.069025 0.100732 0.031744 0.076408 0.117809 0.134294 0.045200 0.080878 0.037724 0.126436 0.137028 0.139113 0.099489 0.116918
419000.019901 9.599632 0.141617 0.118734 0.122241 0.106962 0.115807 0.114609 0.138088 0.130081 0.113540 0.112206 0.105443 0.139663 0.131571 0.146198 0.135193 0.105861 0.140550 0.139891 0.127548 0.133368 0.118482 0.133089 0.141146 0.120504 0.122259 0.113330 0.143076 0.121607 0.108934 0.121115 0.128318 0.097484 0.072110 0.071702 0.025511 0.021333 0.045880 0.116362 0.131651 0.113369 0.093816 0.108026 0.078232 0.057816 0.052304 0.082773 0.068964 0.094792 0.030953 0.063394 0.106475 0.133262 0.033557 0.069601 0.036431 0.126608 0.140515 0.144261 0.090881 0.118682
420000.019949 3.255777 0.135996 0.113193 0.114451 0.103959 0.113282 0.107669 0.134601 0.124933 0.103618 0.113742 0.093692 0.141336 0.135409 0.146576 0.126074 0.099421 0.137458 0.130644 0.127612 0.127284 0.124433 0.140067 0.143033 0.119937 0.131153 0.117703 0.146265 0.129685 0.117491 0.124219 0.137222 0.096128 0.074235 0.069404 0.036501 0.012424 0.046945 0.121750 0.131713 0.110765 0.094652 0.115972 0.082374 0.050745 0.056819 0.079996 0.068068 0.095790 0.024666 0.074796 0.119565 0.137244 0.041333 0.078488 0.042670 0.127093 0.138789 0.141383 0.095242 0.117510
421000.019996 5.782907 0.130643 0.110779 0.110960 0.108005 0.120642 0.111151 0.128045 0.118685 0.104693 0.119581 0.093120 0.145078 0.139869 0.144943 0.124180 0.101508 0.131871 0.127505 0.134777 0.121503 0.127808 0.133166 0.134921 0.109248 0.124288 0.106156 0.138882 0.120462 0.116246 0.112974 0.134317 0.089457 0.071042 0.055317 0.040373 0.016557 0.041295 0.107324 0.121654 0.102131 0.080217 0.114590 0.085139 0.042469 0.058507 0.078251 0.057795 0.095984 0.040720 0.079299 0.119457 0.126246 0.048769 0.076916 0.024994 0.117993 0.140307 0.135260 0.096766 0.106983
422000.020044 3.530505 0.134518 0.113919 0.117023 0.107194 0.116817 0.111848 0.132933 0.126040 0.108714 0.115311 0.099807 0.143429 0.135195 0.147060 0.127617 0.105180 0.137402 0.132601 0.129334 0.127530 0.121556 0.129433 0.132354 0.108927 0.122351 0.108782 0.137146 0.122411 0.114212 0.112706 0.128342 0.085109 0.062310 0.057980 0.039421 0.012937 0.033330 0.110744 0.120892 0.100094 0.085595 0.109523 0.073464 0.039447 0.045884 0.069992 0.054860 0.087600 0.037432 0.069054 0.112473 0.125539 0.038877 0.067863 0.029181 0.115878 0.141135 0.137254 0.087273 0.105992
423000.020091 3.239270 0.132570 0.112805 0.113941 0.107448 0.117445 0.111653 0.130203 0.121959 0.106571 0.115848 0.096381 0.142002 0.135385 0.144393 0.126041 0.103074 0.133214 0.129956 0.130148 0.123714 0.123467 0.129605 0.132802 0.109261 0.121489 0.106295 0.136882 0.119623 0.112637 0.112151 0.129486 0.087596 0.066536 0.057368 0.037369 0.012392 0.036466 0.108142 0.121142 0.101227 0.082609 0.109649 0.078151 0.041032 0.051076 0.074226 0.056778 0.091302 0.036321 0.071654 0.113101 0.125207 0.040803 0.071708 0.029300 0.116344 0.138356 0.135770 0.091106 0.106543
424000.020139 4.993751 0.138006 0.116916 0.116531 0.108520 0.116486 0.113288 0.134095 0.124094 0.108413 0.114841 0.097286 0.137995 0.133908 0.142550 0.130320 0.103720 0.133601 0.133632 0.128822 0.127236 0.125428 0.134114 0.140852 0.120054 0.123778 0.110065 0.142751 0.120800 0.108915 0.119930 0.131827 0.099587 0.077459 0.068713 0.028064 0.015386 0.048551 0.115232 0.130852 0.112802 0.089606 0.108586 0.084842 0.053021 0.058082 0.085171 0.070221 0.100370 0.026521 0.070682 0.112551 0.133182 0.037838 0.079120 0.041508 0.124910 0.134888 0.140613 0.097938 0.118215
425000.020186 6.082373 0.135262 0.115091 0.117823 0.108710 0.120073 0.114742 0.132769 0.125224 0.110615 0.116860 0.101258 0.145287 0.136768 0.148076 0.129851 0.105540 0.137169 0.134224 0.132381 0.127205 0.122514 0.130678 0.134128 0.109625 0.121808 0.107619 0.138409 0.120522 0.114682 0.112752 0.130087 0.087633 0.065742 0.057562 0.038467 0.016981 0.035045 0.107658 0.122217 0.101821 0.083343 0.111412 0.077362 0.043865 0.050992 0.074925 0.056136 0.090447 0.040420 0.070980 0.112750 0.126034 0.042267 0.068849 0.023871 0.117845 0.142945 0.138570 0.089852 0.107020
426000.020234 4.004896 0.133889 0.113898 0.115674 0.108424 0.118997 0.113243 0.131071 0.123075 0.108328 0.116422 0.098435 0.142104 0.135882 0.144560 0.127823 0.104165 0.134012 0.132205 0.131186 0.125168 0.123784 0.128851 0.132978 0.109684 0.120026 0.105522 0.136619 0.118231 0.111267 0.111616 0.128504 0.088638 0.067720 0.057355 0.036452 0.013779 0.036575 0.107212 0.121358 0.101642 0.082257 0.108396 0.078858 0.042878 0.052033 0.076085 0.057565 0.092122 0.037118 0.070908 0.112180 0.124873 0.040794 0.071893 0.028218 0.116545 0.138705 0.136363 0.091766 0.107191
427000.020281 5.811821 0.137397 0.115618 0.121189 0.105770 0.115292 0.112579 0.136008 0.130568 0.112219 0.112618 0.105156 0.143377 0.132915 0.149051 0.130986 0.106387 0.141785 0.137165 0.127286 0.131982 0.117019 0.129563 0.133038 0.109833 0.122295 0.111636 0.137525 0.123890 0.114892 0.114159 0.126864 0.083951 0.058425 0.060994 0.039207 0.016599 0.030624 0.112170 0.122240 0.100927 0.088980 0.109674 0.068536 0.043410 0.041164 0.068518 0.054717 0.083251 0.038328 0.064527 0.109326 0.126538 0.036155 0.060981 0.028068 0.117491 0.144046 0.139641 0.081788 0.106866
428000.020329 1.814951 0.136012 0.113908 0.115491 0.105830 0.115552 0.109138 0.135080 0.125967 0.105289 0.116035 0.095046 0.144332 0.137605 0.148850 0.126438 0.101965 0.138800 0.131083 0.129945 0.127947 0.125345 0.138569 0.140651 0.116400 0.130458 0.115911 0.144810 0.129366 0.118928 0.121379 0.136553 0.092254 0.070461 0.064797 0.039165 0.009276 0.042675 0.119106 0.128742 0.107085 0.091838 0.116217 0.080206 0.045037 0.053677 0.075823 0.063211 0.093490 0.029644 0.075137 0.120004 0.134546 0.042058 0.076172 0.038216 0.123965 0.141680 0.141154 0.093657 0.113768
429000.020376 2.229817 0.139093 0.117181 0.120640 0.105950 0.113419 0.112156 0.137054 0.129741 0.110866 0.111447 0.102293 0.139577 0.131038 0.146099 0.131537 0.105522 0.139930 0.136550 0.125175 0.131677 0.117970 0.131516 0.136991 0.115824 0.123325 0.112914 0.140599 0.124346 0.111606 0.118148 0.127495 0.091566 0.066226 0.067021 0.032272 0.010281 0.038734 0.116798 0.127326 0.107462 0.092361 0.107879 0.072305 0.048164 0.045031 0.074065 0.063174 0.089481 0.028000 0.063240 0.108898 0.130770 0.031448 0.067738 0.036779 0.121104 0.139049 0.141396 0.086847 0.113615
430000.020424 3.382944 0.131385 0.111813 0.112461 0.108668 0.120437 0.111601 0.129324 0.120815 0.105493 0.119524 0.093990 0.145016 0.139771 0.145843 0.124399 0.102952 0.133095 0.128418 0.134120 0.122769 0.128053 0.131584 0.133000 0.107428 0.123419 0.105911 0.137270 0.120757 0.116120 0.111375 0.132995 0.086928 0.068529 0.053214 0.042755 0.012664 0.037315 0.107143 0.120070 0.099381 0.080133 0.113182 0.082530 0.037418 0.055595 0.074973 0.055246 0.093424 0.039994 0.078349 0.119234 0.125040 0.047592 0.075819 0.027097 0.115643 0.140389 0.135047 0.094934 0.104924
431000.020471 4.729964 0.133673 0.112948 0.117408 0.107214 0.118947 0.111433 0.133207 0.127140 0.108776 0.117693 0.100109 0.147662 0.138846 0.150580 0.126627 0.105080 0.139925 0.132634 0.132513 0.128088 0.123429 0.130689 0.131338 0.105005 0.123606 0.109200 0.136851 0.123755 0.118582 0.111097 0.130830 0.080475 0.059693 0.052934 0.046645 0.014974 0.028974 0.108883 0.118392 0.095426 0.083750 0.113451 0.073831 0.034755 0.047256 0.066626 0.049350 0.084798 0.042482 0.074124 0.117060 0.124355 0.045170 0.067427 0.023952 0.114281 0.145531 0.137132 0.086830 0.101921
432000.020519 10.930590 0.138557 0.116857 0.120764 0.108211 0.118988 0.115345 0.134904 0.128306 0.114316 0.114980 0.105560 0.143467 0.134704 0.147768 0.133372 0.107388 0.138945 0.138405 0.131378 0.131180 0.120592 0.130797 0.136354 0.113428 0.121340 0.108558 0.138923 0.119884 0.112403 0.114957 0.128590 0.090924 0.067372 0.062626 0.033418 0.022764 0.040319 0.108986 0.124856 0.106349 0.086341 0.110265 0.078358 0.050558 0.051286 0.078958 0.060980 0.092449 0.041853 0.068402 0.109573 0.126752 0.041015 0.066877 0.025665 0.120884 0.144056 0.140385 0.089759 0.111017
433000.020566 4.300342 0.133355 0.113231 0.114422 0.107111 0.116496 0.110424 0.132667 0.123652 0.104146 0.116236 0.094291 0.142898 0.136394 0.146626 0.124733 0.102037 0.136191 0.128849 0.129125 0.124942 0.124696 0.133768 0.135216 0.111131 0.126026 0.111906 0.140182 0.125791 0.117037 0.116088 0.133164 0.088473 0.068490 0.060562 0.044644 0.014278 0.038496 0.114492 0.124022 0.101620 0.087738 0.112880 0.078200 0.040528 0.053212 0.072710 0.058905 0.090806 0.033031 0.074781 0.117915 0.130290 0.043091 0.076045 0.039064 0.118690 0.138334 0.137865 0.092193 0.108470
434000.020614 6.368100 0.137189 0.115515 0.116731 0.107764 0.118006 0.113616 0.133398 0.124260 0.109034 0.115197 0.099511 0.141140 0.135265 0.145071 0.130299 0.103240 0.135243 0.134464 0.130412 0.127531 0.124025 0.134321 0.139927 0.117591 0.123902 0.110585 0.142148 0.121221 0.111560 0.118872 0.132322 0.095859 0.073439 0.065591 0.029483 0.017375 0.044360 0.112633 0.129117 0.109924 0.087978 0.110728 0.083020 0.051961 0.056553 0.083463 0.065652 0.096967 0.031960 0.070631 0.112401 0.132013 0.039138 0.074673 0.034822 0.124887 0.139031 0.140384 0.094822 0.115192
435000.020661 10.674510 0.129641 0.111183 0.113779 0.110111 0.122388 0.111645 0.129577 0.123511 0.106111 0.122437 0.095218 0.149591 0.142959 0.149849 0.122302 0.105821 0.136320 0.127703 0.136398 0.123505 0.129525 0.128888 0.127122 0.099372 0.123071 0.104931 0.133378 0.122370 0.120619 0.105995 0.132069 0.077783 0.062744 0.045292 0.056137 0.022495 0.032066 0.104966 0.112819 0.089503 0.078094 0.114696 0.079483 0.024034 0.053448 0.065448 0.046321 0.088136 0.050295 0.083114 0.123036 0.119923 0.054980 0.075025 0.028474 0.108291 0.144580 0.132810 0.092465 0.096132
436000.020709 4.779664 0.135870 0.114779 0.120480 0.105962 0.115085 0.110488 0.136162 0.131091 0.109792 0.114288 0.101839 0.144564 0.134717 0.149844 0.128030 0.106365 0.142539 0.134572 0.127783 0.131176 0.119193 0.129615 0.130996 0.106823 0.123560 0.112163 0.136884 0.126388 0.117413 0.112683 0.127520 0.080787 0.057975 0.058483 0.047122 0.015053 0.029209 0.114033 0.119397 0.096361 0.089504 0.110730 0.067495 0.036033 0.040880 0.062191 0.052402 0.081695 0.038744 0.068892 0.113922 0.125462 0.040171 0.065353 0.033012 0.113708 0.143428 0.138482 0.083115 0.104008
437000.020756 3.626860 0.132945 0.112673 0.115328 0.107641 0.117904 0.111021 0.131809 0.124626 0.106825 0.117181 0.097038 0.144089 0.137052 0.146839 0.125635 0.104231 0.136323 0.130589 0.131244 0.125570 0.124406 0.129266 0.131135 0.106394 0.121774 0.106810 0.136007 0.120946 0.114565 0.110795 0.129551 0.083332 0.063290 0.054347 0.043206 0.013113 0.033030 0.108340 0.118796 0.097211 0.082969 0.110446 0.076456 0.035048 0.049444 0.069283 0.052570 0.088439 0.038633 0.073595 0.115270 0.123985 0.042931 0.071132 0.028592 0.114208 0.140768 0.136036 0.089985 0.103396
438000.020804 3.202956 0.134757 0.113884 0.118186 0.106232 0.116001 0.110426 0.135101 0.128414 0.107384 0.115358 0.099024 0.145430 0.136125 0.150024 0.126673 0.104270 0.141031 0.132488 0.129063 0.128573 0.121051 0.131652 0.132780 0.107976 0.124940 0.112422 0.138709 0.126404 0.118199 0.114055 0.130193 0.082477 0.060511 0.058303 0.045936 0.012322 0.030332 0.113806 0.120856 0.097357 0.088456 0.112589 0.070521 0.036739 0.044552 0.064752 0.053155 0.083714 0.036831 0.071006 0.115608 0.127247 0.040852 0.068152 0.032802 0.115617 0.143025 0.138771 0.085560 0.104939
439000.020851 4.853027 0.139887 0.117674 0.123687 0.106041 0.113988 0.112780 0.138879 0.133471 0.113025 0.111493 0.106234 0.141265 0.131406 0.148382 0.132599 0.107143 0.143485 0.139284 0.125581 0.134320 0.116616 0.129220 0.133894 0.112031 0.121483 0.113023 0.137898 0.124072 0.112572 0.115602 0.125529 0.085639 0.059874 0.064403 0.038535 0.015168 0.031399 0.114803 0.124055 0.102224 0.092419 0.107459 0.067059 0.044763 0.040353 0.068397 0.057519 0.082979 0.033193 0.061804 0.107585 0.128050 0.031790 0.062387 0.034694 0.118577 0.141993 0.141437 0.081898 0.109196
440000.020899 2.380709 0.133266 0.112464 0.115615 0.106021 0.116787 0.110404 0.132432 0.125236 0.106866 0.115899 0.097801 0.145658 0.136809 0.148855 0.125898 0.103333 0.138097 0.130995 0.130313 0.126368 0.122105 0.132352 0.133648 0.108620 0.125489 0.111051 0.138986 0.125457 0.118413 0.114060 0.131583 0.084166 0.062066 0.057177 0.042310 0.010624 0.032685 0.112121 0.121233 0.099436 0.085996 0.113735 0.074138 0.038742 0.047210 0.068840 0.053754 0.086960 0.038148 0.072424 0.116434 0.127037 0.042140 0.068613 0.027688 0.116750 0.143068 0.137456 0.087394 0.105588
441000.020946 3.885959 0.132387 0.112334 0.112782 0.109227 0.121413 0.112220 0.130301 0.120807 0.105434 0.120416 0.094272 0.146432 0.141065 0.147005 0.125166 0.102670 0.133978 0.129022 0.135395 0.123177 0.128740 0.133993 0.135829 0.109969 0.125244 0.107415 0.139933 0.121742 0.116948 0.113883 0.134961 0.089185 0.070516 0.055378 0.041182 0.013573 0.039561 0.108604 0.122631 0.101794 0.081415 0.114875 0.084018 0.040794 0.057214 0.077104 0.057376 0.095088 0.039509 0.078660 0.119901 0.127621 0.047593 0.077050 0.027367 0.118608 0.141575 0.136884 0.096253 0.107343
442000.020994 4.393256 0.139707 0.117368 0.123369 0.105818 0.113868 0.111966 0.138965 0.133426 0.112005 0.111771 0.104797 0.141696 0.131849 0.148778 0.131723 0.106844 0.143899 0.138421 0.125687 0.134053 0.116930 0.130502 0.134566 0.112264 0.122835 0.113689 0.138921 0.125601 0.114039 0.116101 0.126503 0.086012 0.061301 0.064247 0.040094 0.014432 0.032818 0.116108 0.124160 0.101941 0.092876 0.108669 0.067805 0.043686 0.041363 0.067529 0.058164 0.083995 0.032897 0.063813 0.109682 0.128712 0.033562 0.064972 0.036103 0.118525 0.141851 0.141583 0.083308 0.109630
443000.021041 5.624084 0.129774 0.110501 0.111885 0.108452 0.120776 0.110896 0.128717 0.120571 0.103908 0.120141 0.093324 0.146392 0.140617 0.147024 0.122233 0.102393 0.133961 0.126794 0.134181 0.121983 0.128053 0.131172 0.130900 0.104234 0.123731 0.106388 0.136093 0.122171 0.118634 0.109730 0.133296 0.083081 0.066445 0.050017 0.049075 0.016329 0.034467 0.106767 0.117637 0.095149 0.079381 0.114317 0.081296 0.033092 0.055708 0.071377 0.051234 0.090880 0.042767 0.080488 0.121233 0.124208 0.050412 0.076336 0.028775 0.113631 0.140974 0.133789 0.093662 0.101385
444000.021089 10.648136 0.141980 0.119180 0.121595 0.107057 0.115356 0.114888 0.137870 0.129165 0.112967 0.111618 0.104547 0.138325 0.130940 0.145170 0.135309 0.105182 0.139107 0.139652 0.126881 0.132548 0.119213 0.134494 0.143439 0.123812 0.123285 0.114499 0.144931 0.122084 0.108042 0.123490 0.129329 0.101153 0.075546 0.074722 0.021052 0.022468 0.049199 0.118379 0.134317 0.116608 0.095511 0.107911 0.080491 0.060742 0.054721 0.086325 0.072728 0.097846 0.028167 0.063271 0.106293 0.135661 0.032598 0.072441 0.040795 0.129143 0.138694 0.144848 0.093078 0.121891
445000.021136 10.608988 0.126382 0.106935 0.104539 0.107438 0.119741 0.107548 0.124431 0.113313 0.097534 0.121015 0.085377 0.143282 0.141397 0.142208 0.117597 0.097271 0.127367 0.120508 0.134558 0.116061 0.132658 0.136183 0.135835 0.110331 0.128235 0.108212 0.139291 0.123308 0.119135 0.115253 0.138898 0.090846 0.075541 0.056445 0.046952 0.022426 0.047038 0.110225 0.122318 0.101972 0.080933 0.117764 0.090778 0.041972 0.065119 0.080732 0.060419 0.099270 0.041297 0.086468 0.125799 0.128782 0.054244 0.085177 0.037538 0.119627 0.136448 0.132119 0.101660 0.107356
446000.021184 4.919829 0.130483 0.109862 0.110654 0.106644 0.118762 0.108820 0.129373 0.120435 0.102139 0.118970 0.091479 0.145733 0.140430 0.147163 0.121896 0.100012 0.133884 0.126517 0.133519 0.121830 0.128833 0.135523 0.135608 0.109572 0.127629 0.110434 0.139823 0.125057 0.119892 0.115143 0.136851 0.087025 0.069191 0.055665 0.045242 0.015272 0.039125 0.111016 0.122119 0.099888 0.083742 0.117080 0.083664 0.038480 0.057732 0.075010 0.056225 0.093126 0.038702 0.081160 0.122793 0.128578 0.049150 0.077926 0.032639 0.119061 0.141075 0.135687 0.095443 0.106227
447000.021231 4.318249 0.135271 0.113552 0.118851 0.104816 0.114946 0.110291 0.134603 0.128616 0.109337 0.113255 0.101961 0.143982 0.133916 0.148816 0.128160 0.104417 0.140931 0.134219 0.127679 0.129893 0.117767 0.130097 0.132571 0.108371 0.122984 0.111325 0.137663 0.124233 0.115761 0.113634 0.127725 0.082730 0.058718 0.059273 0.041031 0.014308 0.030707 0.112332 0.120990 0.099121 0.088133 0.110722 0.069287 0.041176 0.042418 0.066656 0.053335 0.083130 0.037630 0.067167 0.111652 0.126168 0.037941 0.063540 0.027770 0.116388 0.143485 0.138494 0.082949 0.105596
448000.021279 6.412056 0.136523 0.114767 0.117103 0.106051 0.115011 0.111967 0.133707 0.125811 0.108585 0.112774 0.100456 0.140083 0.132963 0.145151 0.129342 0.102880 0.136136 0.134440 0.127464 0.127714 0.121334 0.132139 0.137420 0.116004 0.123241 0.111657 0.140142 0.122030 0.111472 0.118047 0.129873 0.091920 0.067948 0.065793 0.031640 0.017435 0.040127 0.113494 0.126939 0.107066 0.089739 0.109270 0.077333 0.049779 0.050827 0.078431 0.062800 0.091499 0.031825 0.067122 0.109999 0.130295 0.035305 0.069907 0.036523 0.122832 0.138679 0.139436 0.089460 0.112786
449000.021326 8.545659 0.131357 0.112709 0.113774 0.110471 0.123048 0.114919 0.128171 0.120239 0.108377 0.120189 0.098142 0.146156 0.140163 0.145783 0.126122 0.104957 0.132237 0.130198 0.135304 0.122941 0.127115 0.128962 0.130983 0.105472 0.120699 0.103022 0.135008 0.117656 0.115204 0.108393 0.131114 0.085893 0.067398 0.050816 0.043596 0.020128 0.035720 0.102461 0.118313 0.098158 0.076441 0.111802 0.082102 0.039509 0.055527 0.076508 0.053252 0.092895 0.045850 0.076986 0.116663 0.122538 0.048861 0.073213 0.023044 0.114302 0.141401 0.133853 0.093220 0.102769
450000.021374 2.298387 0.134931 0.112730 0.116248 0.104090 0.113362 0.108135 0.134314 0.126607 0.105327 0.113184 0.096694 0.141394 0.133771 0.146497 0.126225 0.101276 0.138603 0.131799 0.127230 0.127452 0.120988 0.132711 0.135717 0.112310 0.124417 0.112458 0.140006 0.124346 0.114291 0.116803 0.130473 0.087383 0.065371 0.062799 0.038980 0.010438 0.037072 0.115148 0.124131 0.102345 0.090244 0.111211 0.074864 0.043252 0.048979 0.070885 0.058859 0.088116 0.029784 0.070430 0.114063 0.129382 0.037832 0.071201 0.035436 0.119640 0.139290 0.139142 0.088861 0.109521
451000.021421 8.217031 0.136248 0.115344 0.121593 0.107061 0.116829 0.113112 0.135789 0.130905 0.111715 0.114125 0.105397 0.144901 0.134081 0.150107 0.129733 0.107133 0.142519 0.136345 0.128297 0.131222 0.117584 0.127212 0.129570 0.105370 0.120158 0.109636 0.135063 0.122366 0.115146 0.110575 0.125582 0.079006 0.055404 0.056548 0.045304 0.019737 0.024864 0.109148 0.118343 0.094969 0.086629 0.108828 0.066473 0.037691 0.040370 0.063417 0.049106 0.079941 0.041629 0.065979 0.109452 0.123658 0.038218 0.061409 0.028425 0.113862 0.144306 0.138371 0.080733 0.101955
452000.021469 7.064035 0.130278 0.110780 0.113266 0.107604 0.120044 0.111959 0.128301 0.120983 0.106044 0.117687 0.096898 0.144933 0.137942 0.145948 0.124186 0.102724 0.133607 0.129129 0.132527 0.122660 0.124322 0.128504 0.129677 0.104027 0.120599 0.104647 0.134321 0.119019 0.115605 0.108326 0.129986 0.082526 0.064026 0.050516 0.044984 0.018300 0.031970 0.103919 0.116890 0.095289 0.078459 0.111459 0.078563 0.036536 0.052804 0.072044 0.050264 0.088972 0.043301 0.075734 0.116002 0.122238 0.046900 0.071362 0.024310 0.113428 0.140736 0.133417 0.090224 0.100922
453000.021516 3.316098 0.134219 0.114119 0.116463 0.108792 0.120333 0.113423 0.132390 0.124290 0.108001 0.118147 0.097838 0.145372 0.138153 0.147754 0.127484 0.104568 0.136949 0.131924 0.132781 0.126260 0.124619 0.131473 0.133666 0.108315 0.122787 0.107509 0.138414 0.121867 0.115936 0.112120 0.131356 0.087104 0.067547 0.055246 0.042480 0.012538 0.035310 0.108719 0.121468 0.100011 0.082604 0.112080 0.078994 0.039370 0.053008 0.073508 0.055514 0.091619 0.038486 0.074471 0.116559 0.126541 0.044711 0.073490 0.027231 0.116526 0.141499 0.137706 0.092363 0.106077
454000.021564 4.854558 0.132443 0.112550 0.116483 0.107405 0.118658 0.111357 0.132352 0.125815 0.107189 0.117420 0.098562 0.146829 0.138097 0.149604 0.125227 0.104362 0.138785 0.130915 0.131492 0.126342 0.122963 0.129509 0.129819 0.103569 0.122673 0.108331 0.135790 0.123135 0.118068 0.109804 0.129932 0.079624 0.059736 0.052038 0.048495 0.015170 0.027560 0.108271 0.117211 0.093607 0.082922 0.112442 0.072880 0.032599 0.047110 0.065091 0.048374 0.084020 0.041954 0.073971 0.116570 0.123726 0.045024 0.068641 0.027547 0.112614 0.143512 0.136045 0.086459 0.100464
455000.021611 9.428804 0.134292 0.114542 0.118171 0.109045 0.120571 0.115392 0.131375 0.125027 0.110957 0.116462 0.102483 0.144142 0.135835 0.146744 0.129234 0.106018 0.136141 0.134458 0.131891 0.126531 0.121770 0.126764 0.130127 0.105675 0.117705 0.103755 0.134038 0.116588 0.112632 0.108089 0.127096 0.084098 0.063995 0.053336 0.041914 0.021142 0.031792 0.102521 0.118200 0.097233 0.079515 0.108672 0.076731 0.040804 0.050894 0.073374 0.052359 0.088787 0.043825 0.071165 0.110840 0.121838 0.043674 0.068123 0.023798 0.114301 0.141567 0.135951 0.088592 0.102765
456000.021659 3.282844 0.134448 0.112727 0.115469 0.104500 0.113075 0.108826 0.133153 0.125292 0.105511 0.112565 0.097333 0.140446 0.132835 0.145346 0.126051 0.101697 0.136840 0.131194 0.126041 0.126704 0.120336 0.131811 0.135271 0.112993 0.124202 0.112032 0.139466 0.124094 0.113365 0.116810 0.129515 0.088084 0.064843 0.063443 0.036642 0.012475 0.037601 0.115073 0.124388 0.103432 0.089810 0.109775 0.074172 0.044258 0.047583 0.072066 0.059415 0.088433 0.030218 0.068216 0.112201 0.129332 0.035600 0.070074 0.036581 0.119745 0.138145 0.138115 0.087784 0.109930
457000.021706 3.240154 0.135649 0.113806 0.116650 0.105695 0.115848 0.110302 0.134010 0.126111 0.108106 0.114859 0.098991 0.143686 0.135895 0.147748 0.128150 0.103053 0.138178 0.133160 0.129750 0.128312 0.122112 0.133533 0.137136 0.113336 0.125236 0.111822 0.140876 0.123909 0.114842 0.117314 0.131434 0.089318 0.065978 0.062658 0.035356 0.012394 0.038807 0.113772 0.125294 0.104916 0.088652 0.112316 0.076650 0.045990 0.049248 0.074496 0.059957 0.090018 0.034347 0.070170 0.113821 0.129500 0.039103 0.069170 0.030466 0.120812 0.142471 0.139603 0.089247 0.110732
458000.021754 9.352714 0.127148 0.108166 0.107417 0.108516 0.122378 0.109945 0.124971 0.115022 0.101313 0.122121 0.088798 0.145638 0.142215 0.143826 0.120200 0.099914 0.129390 0.123136 0.136758 0.117940 0.131127 0.132815 0.132474 0.105075 0.123956 0.103676 0.136716 0.119503 0.118107 0.109954 0.136032 0.087244 0.072929 0.049771 0.048146 0.021057 0.042505 0.104263 0.118454 0.098122 0.075802 0.116292 0.089315 0.037886 0.063739 0.078152 0.055051 0.097575 0.044691 0.086017 0.124288 0.124325 0.055490 0.082018 0.026579 0.115384 0.139035 0.132220 0.100291 0.102978
459000.021801 2.143814 0.136026 0.113613 0.115104 0.104237 0.112986 0.108461 0.134111 0.124787 0.105017 0.112817 0.094880 0.139401 0.133285 0.144548 0.127088 0.100447 0.136414 0.131426 0.126797 0.127062 0.122402 0.136056 0.140256 0.117808 0.126795 0.113710 0.143362 0.125242 0.113427 0.120867 0.133135 0.094830 0.072617 0.067634 0.033282 0.010081 0.045074 0.118140 0.129285 0.109465 0.091956 0.112159 0.080683 0.049610 0.054500 0.078783 0.066367 0.095044 0.024561 0.071712 0.115379 0.133589 0.038383 0.076092 0.039402 0.124216 0.137106 0.140380 0.093890 0.115686
460000.021849 6.398144 0.130883 0.110974 0.113446 0.107865 0.121037 0.112063 0.129031 0.121653 0.106517 0.119172 0.096799 0.147571 0.140164 0.148099 0.124622 0.103084 0.134991 0.129536 0.134572 0.123450 0.125821 0.131140 0.131687 0.104939 0.123294 0.106233 0.136464 0.121167 0.118575 0.109955 0.132737 0.083163 0.064582 0.050648 0.045457 0.017416 0.033280 0.105238 0.118122 0.096465 0.079180 0.114701 0.080027 0.036964 0.053681 0.072438 0.050824 0.089972 0.044701 0.078036 0.118968 0.123716 0.049044 0.071749 0.021043 0.114816 0.143605 0.134705 0.091269 0.101938
461000.021896 3.602678 0.132094 0.110596 0.114023 0.104722 0.115438 0.107682 0.132227 0.124419 0.103383 0.115730 0.094799 0.144477 0.136728 0.147921 0.123175 0.100902 0.138132 0.128664 0.129345 0.125467 0.122802 0.132859 0.133361 0.107852 0.125589 0.111519 0.138762 0.125622 0.118089 0.114321 0.132174 0.083107 0.063214 0.057137 0.045806 0.013069 0.034208 0.113159 0.120869 0.097686 0.086823 0.113704 0.075404 0.036919 0.050027 0.067579 0.053439 0.086695 0.035800 0.074896 0.118090 0.127795 0.043520 0.072209 0.032790 0.116875 0.141132 0.136886 0.088833 0.104846
462000.021944 2.851648 0.137306 0.115205 0.119698 0.106130 0.115266 0.111128 0.136277 0.129411 0.108876 0.113769 0.100720 0.142254 0.133895 0.147837 0.129098 0.104760 0.140844 0.134955 0.127777 0.130555 0.120281 0.131410 0.134798 0.111493 0.123122 0.111696 0.139167 0.124216 0.114094 0.115415 0.128884 0.086578 0.064201 0.061427 0.039830 0.011627 0.034578 0.114108 0.123698 0.101530 0.089677 0.109777 0.073067 0.041595 0.046961 0.069963 0.057489 0.087472 0.032119 0.068364 0.112574 0.128660 0.036970 0.069596 0.034016 0.118717 0.140674 0.140109 0.087740 0.108801
463000.021991 2.970831 0.137554 0.115850 0.116218 0.106839 0.115691 0.111406 0.134997 0.124953 0.106944 0.114823 0.096111 0.141068 0.135089 0.145866 0.129192 0.102452 0.136547 0.132696 0.129011 0.127664 0.124188 0.137407 0.142422 0.120136 0.127617 0.114080 0.145532 0.125497 0.113554 0.122357 0.134341 0.098017 0.075262 0.068895 0.030324 0.011868 0.047178 0.118513 0.131584 0.112171 0.092077 0.112608 0.082537 0.051745 0.055893 0.081861 0.068739 0.097944 0.025428 0.071526 0.115206 0.135350 0.038268 0.077504 0.039686 0.126077 0.138381 0.142136 0.096170 0.118113
464000.022039 3.867516 0.136331 0.115211 0.118146 0.108061 0.118549 0.113584 0.133850 0.126196 0.110040 0.115880 0.101113 0.143342 0.135995 0.147054 0.129665 0.105052 0.137543 0.134724 0.130760 0.128552 0.122642 0.130671 0.134792 0.111088 0.121685 0.108338 0.138310 0.120583 0.112750 0.113846 0.129446 0.088371 0.066146 0.059139 0.036499 0.013541 0.035722 0.109491 0.123510 0.102838 0.084997 0.109662 0.077213 0.043889 0.050332 0.075420 0.057632 0.090542 0.036034 0.069577 0.112136 0.127309 0.039254 0.069677 0.028862 0.118885 0.141392 0.138811 0.089735 0.108522
465000.022086 8.203969 0.141097 0.119062 0.125220 0.105079 0.111118 0.112991 0.139643 0.134350 0.114233 0.107897 0.108313 0.137270 0.126689 0.145656 0.134205 0.107546 0.143438 0.140522 0.121010 0.135553 0.111562 0.127134 0.133671 0.114283 0.119383 0.113673 0.137347 0.123180 0.109001 0.116566 0.121409 0.088264 0.060436 0.069435 0.035262 0.019721 0.034926 0.116864 0.125656 0.105297 0.095309 0.103527 0.063465 0.050497 0.037111 0.069574 0.061618 0.082401 0.030393 0.055020 0.101834 0.128661 0.024882 0.060007 0.039915 0.119139 0.138830 0.141926 0.079022 0.112024
466000.022134 4.737992 0.137731 0.115870 0.120827 0.104756 0.111988 0.110468 0.137227 0.131170 0.110283 0.110859 0.103309 0.140980 0.130925 0.147765 0.129901 0.105370 0.141780 0.136008 0.124160 0.131792 0.116167 0.129827 0.133894 0.112413 0.123246 0.113968 0.138636 0.125493 0.113420 0.116655 0.125992 0.085492 0.058898 0.065377 0.038142 0.014987 0.033075 0.116697 0.123889 0.102531 0.093111 0.108134 0.066097 0.044510 0.038549 0.066882 0.057903 0.082515 0.032213 0.062047 0.108253 0.128438 0.030787 0.062527 0.036876 0.118292 0.140984 0.140352 0.081104 0.109362
467000.022181 3.963096 0.134379 0.113361 0.113324 0.108006 0.119135 0.111460 0.131370 0.121656 0.106366 0.118346 0.094671 0.144064 0.139080 0.145814 0.126797 0.102391 0.133785 0.130399 0.133498 0.124839 0.127946 0.136386 0.139622 0.115279 0.127178 0.109903 0.142452 0.123344 0.115883 0.118028 0.135917 0.094470 0.074165 0.061800 0.035153 0.013707 0.045345 0.112523 0.127078 0.107999 0.085396 0.115103 0.085987 0.047342 0.058588 0.081709 0.064008 0.098526 0.035728 0.077307 0.119088 0.130917 0.045716 0.078071 0.031807 0.122770 0.140606 0.138516 0.097865 0.113043
468000.022229 4.801620 0.133931 0.113127 0.114036 0.107451 0.118862 0.111731 0.130882 0.122142 0.106961 0.117093 0.096222 0.143467 0.138136 0.145571 0.126847 0.102097 0.133578 0.131413 0.132645 0.124723 0.126467 0.134129 0.137463 0.113196 0.124921 0.108697 0.139905 0.121418 0.114923 0.115786 0.133848 0.092114 0.071788 0.060172 0.036258 0.015087 0.042008 0.109818 0.124937 0.105226 0.084080 0.113641 0.083753 0.046603 0.056668 0.080477 0.061788 0.095472 0.037334 0.075708 0.117056 0.128608 0.045042 0.075128 0.031234 0.120876 0.140528 0.137241 0.094916 0.110690
469000.022276 3.672132 0.137419 0.115282 0.116572 0.105345 0.113068 0.109551 0.135839 0.125942 0.105531 0.112825 0.095993 0.138965 0.132963 0.144842 0.128252 0.101120 0.137401 0.132381 0.126206 0.128115 0.122388 0.135726 0.140906 0.119131 0.126116 0.114276 0.144140 0.124767 0.111753 0.121828 0.132393 0.096150 0.073575 0.069942 0.033755 0.013194 0.045914 0.119370 0.130826 0.110501 0.093674 0.110548 0.079811 0.051284 0.054460 0.079154 0.068063 0.094823 0.021814 0.069786 0.113625 0.135054 0.036134 0.076882 0.043286 0.125054 0.136289 0.141916 0.093858 0.117086
470000.022324 3.685621 0.133490 0.111828 0.115802 0.104315 0.114241 0.108583 0.132507 0.126041 0.106880 0.113579 0.098737 0.142518 0.134438 0.146694 0.125794 0.102507 0.137621 0.131767 0.127886 0.127225 0.120599 0.130159 0.132533 0.108749 0.123027 0.110291 0.136827 0.122939 0.114640 0.113613 0.128882 0.083380 0.060504 0.058800 0.040040 0.013218 0.032941 0.111533 0.120698 0.099301 0.086974 0.110620 0.072908 0.040323 0.045664 0.069000 0.054191 0.085223 0.036054 0.069847 0.113129 0.125712 0.038949 0.066438 0.030247 0.116651 0.141255 0.136639 0.085557 0.105581
471000.022371 4.950930 0.139636 0.117328 0.122319 0.105464 0.112903 0.112080 0.138342 0.131781 0.111453 0.110624 0.104573 0.139647 0.130352 0.146918 0.132122 0.105593 0.142036 0.138093 0.124377 0.133088 0.116217 0.129809 0.135481 0.114494 0.121480 0.113348 0.139205 0.123329 0.110617 0.117390 0.125505 0.088759 0.062788 0.067154 0.034546 0.015320 0.035564 0.116137 0.126145 0.105063 0.093476 0.106416 0.068683 0.048087 0.042229 0.071319 0.060906 0.085246 0.028972 0.060686 0.106311 0.129829 0.028961 0.064371 0.037505 0.120468 0.139911 0.141863 0.083418 0.111877
472000.022419 4.156525 0.130073 0.110562 0.112083 0.107298 0.119594 0.110810 0.128295 0.120388 0.105074 0.118182 0.094355 0.145339 0.138890 0.146073 0.123493 0.101963 0.132997 0.128007 0.133256 0.121850 0.125903 0.130531 0.131366 0.105312 0.122840 0.105407 0.135758 0.120463 0.117036 0.109815 0.132112 0.084297 0.066009 0.051389 0.044211 0.014037 0.034326 0.105470 0.118007 0.096941 0.078973 0.113635 0.080482 0.036356 0.053969 0.072893 0.052469 0.090811 0.042069 0.077867 0.118680 0.123223 0.048108 0.073248 0.024479 0.114061 0.141006 0.133738 0.092199 0.102493
473000.022466 3.864582 0.131726 0.112372 0.115188 0.108124 0.118726 0.111360 0.131114 0.124075 0.107013 0.117930 0.097319 0.145378 0.137731 0.147314 0.124948 0.104683 0.136405 0.129801 0.131698 0.125047 0.123741 0.127634 0.128774 0.103289 0.120869 0.105494 0.134519 0.120456 0.115080 0.108446 0.128301 0.080841 0.060943 0.051688 0.046105 0.013535 0.030068 0.106908 0.116346 0.094517 0.080954 0.110142 0.074203 0.032430 0.047326 0.066252 0.049558 0.086075 0.041422 0.073429 0.115231 0.121839 0.044164 0.069481 0.026061 0.111093 0.141542 0.134830 0.088088 0.100599
474000.022514 7.561237 0.130678 0.111743 0.113399 0.108746 0.119855 0.112290 0.128881 0.121482 0.106436 0.118306 0.096712 0.145274 0.138319 0.146296 0.124173 0.104062 0.133356 0.128755 0.132631 0.122643 0.125380 0.128315 0.129458 0.104114 0.121223 0.104275 0.134127 0.119186 0.115686 0.108339 0.130174 0.082271 0.063499 0.050800 0.045719 0.018933 0.032685 0.104165 0.116711 0.095224 0.078528 0.111454 0.078193 0.034284 0.051545 0.070743 0.050480 0.089028 0.044174 0.075928 0.116096 0.121851 0.046745 0.071586 0.027560 0.112703 0.140897 0.133485 0.090205 0.100686
475000.022561 2.858533 0.134380 0.113117 0.113375 0.107128 0.117356 0.110553 0.131785 0.122029 0.105497 0.116893 0.094692 0.142289 0.137327 0.144929 0.126353 0.101676 0.134052 0.130130 0.131209 0.125096 0.126326 0.134965 0.138706 0.115063 0.125789 0.110127 0.141819 0.122606 0.113790 0.117944 0.133975 0.093442 0.072326 0.062624 0.034189 0.011641 0.043882 0.113322 0.126974 0.107384 0.086554 0.112621 0.083426 0.046870 0.056227 0.079909 0.063330 0.096332 0.031847 0.074539 0.116726 0.131079 0.041887 0.076699 0.034174 0.122350 0.138908 0.138496 0.095715 0.112818
476000.022609 4.482191 0.136090 0.113911 0.117166 0.106473 0.117564 0.111299 0.134276 0.126166 0.107499 0.115746 0.098794 0.143621 0.136745 0.147796 0.128232 0.102510 0.138435 0.133745 0.130990 0.128142 0.123822 0.133995 0.137396 0.113036 0.124340 0.111138 0.140726 0.122939 0.114807 0.116686 0.132589 0.089548 0.068685 0.061051 0.038180 0.014577 0.038562 0.112086 0.125373 0.103599 0.087470 0.112587 0.079604 0.045284 0.053940 0.076307 0.059514 0.091598 0.033973 0.072881 0.115310 0.129973 0.041585 0.073021 0.031853 0.121698 0.141521 0.139881 0.092091 0.110244
477000.022656 5.714562 0.130585 0.111402 0.114426 0.108030 0.120101 0.111858 0.129821 0.122874 0.106604 0.118662 0.097415 0.147098 0.138973 0.148219 0.124371 0.103898 0.136119 0.129276 0.133032 0.123942 0.124070 0.128391 0.128725 0.102117 0.121262 0.105536 0.134665 0.120526 0.117152 0.107907 0.129785 0.079735 0.060665 0.049507 0.047773 0.016459 0.028709 0.105157 0.115748 0.093240 0.079386 0.112102 0.075318 0.032811 0.049304 0.066970 0.047485 0.085793 0.044136 0.075369 0.116613 0.121831 0.046815 0.069245 0.022323 0.111460 0.142901 0.134323 0.088054 0.099183
478000.022704 3.714922 0.132989 0.112457 0.113201 0.107313 0.118794 0.111799 0.130028 0.120974 0.105519 0.116811 0.094375 0.142093 0.136791 0.144175 0.126164 0.101564 0.132878 0.130010 0.131790 0.123436 0.125912 0.133566 0.136502 0.112586 0.124333 0.108577 0.139815 0.122061 0.115011 0.115134 0.133368 0.092454 0.073024 0.059684 0.037753 0.013271 0.041707 0.110645 0.124411 0.104823 0.084144 0.112940 0.084057 0.045483 0.058127 0.080066 0.061607 0.096548 0.035419 0.076203 0.117713 0.128744 0.045415 0.077520 0.031284 0.120033 0.137927 0.136707 0.096394 0.110413
479000.022751 3.787098 0.136184 0.114920 0.118716 0.106620 0.116213 0.111700 0.135536 0.127998 0.108297 0.114763 0.100553 0.144037 0.135169 0.148934 0.128467 0.104056 0.140495 0.133807 0.128556 0.129284 0.120499 0.131943 0.134785 0.110796 0.123826 0.112306 0.139786 0.124542 0.115348 0.115699 0.129873 0.085969 0.063003 0.061228 0.041088 0.013399 0.033498 0.113704 0.123850 0.101194 0.089078 0.110976 0.072251 0.042621 0.046591 0.069707 0.056381 0.085881 0.033745 0.068409 0.112704 0.129260 0.037595 0.068239 0.033339 0.118849 0.141935 0.140107 0.086416 0.108021
480000.022799 2.878545 0.135099 0.114620 0.117815 0.108046 0.117826 0.112042 0.134372 0.127331 0.108965 0.117042 0.099944 0.145831 0.137443 0.149414 0.127631 0.105690 0.139300 0.132917 0.131017 0.128359 0.123103 0.130435 0.132628 0.107941 0.123328 0.109438 0.137827 0.123141 0.115788 0.112842 0.129743 0.083403 0.060944 0.056751 0.042420 0.011682 0.031560 0.110804 0.120708 0.098573 0.085522 0.111165 0.072974 0.037040 0.045278 0.067684 0.053069 0.085993 0.038135 0.070746 0.114246 0.125874 0.040152 0.067738 0.029278 0.115587 0.143433 0.138365 0.086909 0.104928
