#! FIELDS time restraint.bias r0 r1 r2 r3 r4 r5 r6 r7 r8 r9 r10 r11 r12 r13 r14 r15 r16 r17 r18 r19 r20 r21 r22 r23 r24 r25 r26 r27 r28 r29 r30 r31 r32 r33 r34 r35 r36 r37 r38 r39 r40 r41 r42 r43 r44 r45 r46 r47 r48 r49 r50 r51 r52 r53 r54 r55 r56
 120000.005700 9.309362 0.105207 0.118433 0.102353 0.115062 0.100211 0.122794 0.084842 0.073771 0.120184 0.083324 0.111733 0.026384 0.051380 0.019273 0.121319 0.117083 0.048008 0.107099 0.072651 0.091544 0.084527 0.103840 0.111425 0.132749 0.106872 0.106222 0.095943 0.106935 0.101282 0.117679 0.093395 0.149177 0.146710 0.140309 0.134436 0.141875 0.145383 0.123430 0.121748 0.145402 0.114395 0.101673 0.136666 0.148063 0.141310 0.156137 0.148754 0.144321 0.131802 0.121494 0.100278 0.113324 0.133603 0.132996 0.146566 0.120624 0.015756
 121000.005747 4.396551 0.106721 0.119985 0.104074 0.114279 0.096298 0.121082 0.090548 0.077776 0.118222 0.082275 0.110590 0.031913 0.051146 0.033323 0.120272 0.116833 0.057485 0.105038 0.068098 0.093722 0.085573 0.110884 0.115672 0.137116 0.115924 0.114153 0.103086 0.116485 0.108785 0.124675 0.100335 0.150917 0.147850 0.145418 0.137811 0.143667 0.147614 0.133605 0.126370 0.147811 0.121823 0.107918 0.136557 0.150103 0.142318 0.155344 0.151938 0.143692 0.132172 0.124911 0.107228 0.120888 0.135318 0.135353 0.151675 0.123982 0.010828
 122000.005795 9.764329 0.107459 0.118448 0.103931 0.112512 0.097420 0.121297 0.087735 0.076467 0.119783 0.079987 0.112359 0.024607 0.049428 0.023311 0.122651 0.114870 0.052044 0.109711 0.071497 0.093507 0.083210 0.105701 0.114379 0.134330 0.107196 0.105582 0.098707 0.104655 0.099815 0.119066 0.095374 0.149216 0.145720 0.140301 0.131877 0.140323 0.144119 0.122401 0.123864 0.146105 0.114006 0.102329 0.135612 0.148015 0.140138 0.155616 0.148477 0.142901 0.129546 0.120327 0.100228 0.115143 0.131545 0.131200 0.145438 0.122891 0.016136
 123000.005842 11.056225 0.102321 0.118166 0.098756 0.119323 0.105847 0.124921 0.082105 0.068634 0.118302 0.090363 0.107796 0.034280 0.059571 0.023509 0.118374 0.117672 0.042976 0.102261 0.079675 0.086799 0.093066 0.106096 0.111738 0.132397 0.109532 0.107099 0.096038 0.109999 0.105696 0.118112 0.097871 0.150775 0.150781 0.138883 0.137602 0.142763 0.147791 0.124231 0.121520 0.145204 0.112739 0.105640 0.142871 0.147462 0.146475 0.159279 0.149454 0.149090 0.134458 0.128262 0.105764 0.114044 0.138449 0.138949 0.147305 0.120732 0.017171
 124000.005890 7.327251 0.110651 0.121467 0.105987 0.114676 0.098076 0.122975 0.091467 0.078708 0.121224 0.082159 0.112519 0.026492 0.052070 0.027534 0.124935 0.117619 0.055248 0.110856 0.071657 0.095884 0.086452 0.108614 0.117526 0.136959 0.110185 0.105015 0.103437 0.105432 0.099670 0.121050 0.098769 0.152581 0.148614 0.141005 0.131395 0.140067 0.146108 0.124096 0.127101 0.149383 0.114154 0.102705 0.138335 0.148128 0.141725 0.157441 0.150507 0.146688 0.128739 0.122388 0.104350 0.118622 0.131981 0.135081 0.146263 0.123965 0.013978
 125000.005937 12.096790 0.101723 0.117598 0.099476 0.118550 0.105230 0.124855 0.080878 0.068844 0.119264 0.088709 0.110331 0.031937 0.056555 0.018447 0.119118 0.117462 0.043481 0.103800 0.078100 0.087265 0.089755 0.104061 0.110261 0.131294 0.107559 0.106100 0.094884 0.107438 0.104061 0.116800 0.095250 0.150409 0.150453 0.139140 0.137950 0.144125 0.148101 0.122073 0.120070 0.144685 0.112428 0.104551 0.142149 0.148823 0.146493 0.159370 0.149304 0.148451 0.135762 0.127394 0.103643 0.112106 0.138590 0.138391 0.147117 0.120082 0.017961
 126000.005985 6.569621 0.109669 0.119289 0.105505 0.109860 0.092352 0.118877 0.091725 0.080088 0.119278 0.076960 0.112960 0.023929 0.046154 0.027921 0.123148 0.114463 0.058125 0.109734 0.064694 0.096887 0.080492 0.111783 0.118886 0.139191 0.114442 0.110943 0.105549 0.110780 0.104070 0.125387 0.100645 0.151474 0.146584 0.144971 0.132734 0.141405 0.146401 0.129952 0.128850 0.150319 0.119893 0.106437 0.135610 0.150465 0.140711 0.155830 0.151556 0.143014 0.128836 0.122285 0.105801 0.121904 0.132076 0.132705 0.148666 0.127042 0.013236
 127000.006032 10.725217 0.105985 0.118817 0.102144 0.115517 0.100579 0.122558 0.085989 0.073683 0.119697 0.084716 0.110396 0.028806 0.054314 0.022710 0.121600 0.116899 0.049436 0.106923 0.073766 0.091984 0.087013 0.104775 0.112719 0.132335 0.107015 0.103070 0.098363 0.104474 0.099230 0.116962 0.095335 0.149896 0.147619 0.137794 0.132064 0.139458 0.144901 0.121298 0.122408 0.145784 0.111150 0.100896 0.138270 0.146023 0.141665 0.156253 0.147783 0.146049 0.129579 0.122543 0.102660 0.113944 0.132653 0.135187 0.144020 0.119910 0.016912
 128000.006080 8.581475 0.115000 0.126712 0.111183 0.117494 0.098936 0.126743 0.096293 0.083584 0.126125 0.082687 0.117527 0.024948 0.051408 0.030540 0.129542 0.121915 0.058946 0.115200 0.071940 0.100106 0.087318 0.110785 0.120679 0.140973 0.112197 0.106986 0.106232 0.106503 0.100819 0.124318 0.100695 0.156987 0.151840 0.145613 0.135083 0.144489 0.150320 0.126358 0.131103 0.153830 0.117131 0.104570 0.140138 0.152993 0.144416 0.161285 0.155468 0.148763 0.132236 0.123875 0.105035 0.121806 0.134775 0.136157 0.151489 0.127138 0.015127
 129000.006127 22.502698 0.096530 0.113497 0.093533 0.118807 0.107485 0.122980 0.074929 0.062506 0.115447 0.092297 0.104807 0.037321 0.061551 0.016499 0.114395 0.114891 0.035617 0.098623 0.082383 0.081148 0.092876 0.102185 0.107303 0.127372 0.106192 0.103816 0.090907 0.106568 0.104918 0.113452 0.094456 0.147750 0.149955 0.134787 0.137500 0.141834 0.146669 0.118835 0.115875 0.141094 0.108400 0.105073 0.143428 0.145280 0.146968 0.158016 0.146249 0.148655 0.135966 0.129438 0.104658 0.107885 0.139909 0.139356 0.143248 0.116572 0.024496
 130000.006175 13.500389 0.100253 0.115049 0.097793 0.114745 0.100892 0.121023 0.079905 0.069017 0.117124 0.085152 0.108879 0.029539 0.053440 0.015832 0.116993 0.114870 0.043570 0.102208 0.073609 0.086874 0.085989 0.103980 0.109376 0.130823 0.108506 0.107373 0.093902 0.108823 0.104666 0.117324 0.094613 0.147996 0.147349 0.139269 0.136494 0.142786 0.146488 0.123587 0.119267 0.143645 0.113811 0.104704 0.139016 0.147775 0.143713 0.156622 0.148007 0.144839 0.134110 0.125553 0.102911 0.111690 0.136792 0.134956 0.146301 0.119572 0.018974
 131000.006222 5.723160 0.107147 0.119442 0.103187 0.114811 0.099080 0.122434 0.087852 0.075087 0.119654 0.082807 0.110892 0.026036 0.052263 0.023766 0.121975 0.116544 0.051047 0.107583 0.072528 0.092970 0.086473 0.106247 0.114179 0.134009 0.108364 0.104843 0.099075 0.105759 0.100432 0.118901 0.096759 0.150361 0.147646 0.139659 0.133255 0.140637 0.145527 0.123167 0.124057 0.146559 0.112997 0.102393 0.137822 0.147351 0.141904 0.156677 0.149090 0.145035 0.130153 0.122528 0.102472 0.115859 0.133068 0.134075 0.146179 0.121841 0.012354
 132000.006270 6.512238 0.107572 0.119619 0.103738 0.114137 0.098539 0.122521 0.087904 0.075889 0.120306 0.081929 0.112136 0.024926 0.050684 0.022487 0.122714 0.116428 0.051037 0.108535 0.071656 0.093252 0.085337 0.108199 0.115806 0.136410 0.110666 0.107730 0.100585 0.108004 0.102747 0.121538 0.098219 0.151636 0.148343 0.142155 0.133922 0.142092 0.146856 0.125512 0.125747 0.148498 0.115688 0.104839 0.138504 0.149512 0.142837 0.158037 0.150791 0.145755 0.131272 0.123579 0.103680 0.117567 0.134213 0.134218 0.147735 0.124477 0.013178
 133000.006317 5.597032 0.111995 0.123486 0.108283 0.115255 0.097800 0.124335 0.092960 0.080999 0.123498 0.081285 0.115366 0.024356 0.049781 0.027315 0.126459 0.119345 0.056351 0.112311 0.069936 0.097961 0.084914 0.109798 0.118362 0.139456 0.112204 0.109080 0.103608 0.109328 0.102554 0.123899 0.099022 0.153883 0.149039 0.145194 0.134217 0.143007 0.147946 0.128353 0.129036 0.151508 0.118614 0.104598 0.137706 0.151460 0.142268 0.158640 0.153297 0.146098 0.131032 0.122377 0.103797 0.120571 0.133542 0.133949 0.150167 0.126212 0.012217
 134000.006365 15.587600 0.103921 0.117431 0.100827 0.115542 0.101444 0.122754 0.082678 0.071998 0.119829 0.084727 0.111199 0.027411 0.053052 0.015108 0.120517 0.116644 0.045308 0.106422 0.074647 0.089872 0.085673 0.104601 0.111895 0.132958 0.107724 0.106027 0.095315 0.106474 0.102800 0.117955 0.094487 0.150077 0.148536 0.140209 0.136130 0.143500 0.147460 0.122252 0.121426 0.145836 0.113477 0.104050 0.139223 0.149202 0.143887 0.158145 0.149761 0.145943 0.134470 0.124465 0.101923 0.112593 0.136606 0.134536 0.146787 0.121342 0.020388
 135000.006412 9.136816 0.104880 0.118026 0.102441 0.113097 0.095686 0.119865 0.087116 0.076104 0.118455 0.081288 0.110824 0.027269 0.049602 0.025161 0.119823 0.115998 0.053035 0.105568 0.067481 0.092271 0.083283 0.106111 0.112232 0.133703 0.111311 0.108839 0.098862 0.110311 0.103817 0.120149 0.095791 0.149045 0.146258 0.141904 0.135138 0.141942 0.146118 0.127451 0.122522 0.145833 0.117224 0.103945 0.135838 0.148273 0.140956 0.154584 0.149405 0.142864 0.131422 0.123038 0.103932 0.115437 0.133856 0.133721 0.147902 0.120331 0.015609
 136000.006460 8.294638 0.104232 0.119507 0.100925 0.117960 0.102124 0.123743 0.085243 0.071770 0.119409 0.087414 0.109245 0.030915 0.055871 0.023367 0.119924 0.118462 0.047440 0.103634 0.075125 0.089537 0.089433 0.106746 0.112902 0.133503 0.110523 0.106938 0.098326 0.109442 0.104458 0.119312 0.097532 0.151515 0.150202 0.140570 0.137651 0.143466 0.148508 0.125246 0.122982 0.146768 0.114038 0.105018 0.140613 0.148597 0.145081 0.158333 0.150718 0.147522 0.134017 0.126460 0.105354 0.115497 0.137317 0.137468 0.148468 0.120882 0.014872
 137000.006507 2.833201 0.106656 0.119652 0.103590 0.115018 0.098956 0.122667 0.088026 0.075516 0.119504 0.082763 0.111293 0.027108 0.051388 0.025906 0.121643 0.116703 0.052210 0.107164 0.071852 0.092664 0.086144 0.106667 0.113921 0.134452 0.109561 0.107383 0.099585 0.108274 0.102470 0.119887 0.096875 0.150501 0.147873 0.141227 0.134703 0.141782 0.146022 0.125497 0.124072 0.146458 0.115339 0.103479 0.137582 0.148392 0.142250 0.156522 0.149798 0.144887 0.131073 0.123076 0.103089 0.116546 0.133794 0.134701 0.147795 0.122078 0.008692
 138000.006555 8.858355 0.105708 0.118778 0.102505 0.115370 0.100503 0.123009 0.085369 0.074078 0.120146 0.083798 0.111616 0.026637 0.052230 0.020467 0.121558 0.117078 0.048410 0.107388 0.073103 0.091767 0.085854 0.105312 0.112742 0.133833 0.108223 0.106640 0.097264 0.107464 0.102094 0.118756 0.095069 0.150251 0.147926 0.140595 0.134583 0.142015 0.146243 0.124075 0.122757 0.146283 0.114526 0.102854 0.138193 0.148461 0.142510 0.157229 0.149537 0.145571 0.132030 0.123114 0.102182 0.114439 0.134488 0.134469 0.146874 0.121584 0.015370
 139000.006602 11.049197 0.097641 0.112921 0.096726 0.111738 0.096913 0.117911 0.079481 0.069704 0.114486 0.082028 0.107959 0.030801 0.049323 0.021274 0.113687 0.112773 0.046442 0.099044 0.068476 0.085871 0.081902 0.105704 0.108389 0.131709 0.112636 0.115348 0.093876 0.117249 0.111230 0.120699 0.094982 0.145778 0.144958 0.143541 0.139984 0.144986 0.146404 0.131270 0.119000 0.142440 0.121275 0.108439 0.135409 0.149617 0.142243 0.153781 0.148796 0.140578 0.135521 0.125371 0.103801 0.113670 0.137636 0.132627 0.150145 0.120528 0.017165
 140000.006650 7.931484 0.106134 0.118884 0.104881 0.112274 0.094237 0.120141 0.088555 0.079031 0.119635 0.078971 0.113448 0.026597 0.045797 0.027162 0.120936 0.116763 0.056190 0.107397 0.064379 0.094406 0.079711 0.106680 0.112459 0.135624 0.112688 0.113534 0.098955 0.114497 0.106695 0.122443 0.094697 0.148785 0.145080 0.145780 0.137064 0.144168 0.146455 0.131927 0.123495 0.146410 0.122581 0.105080 0.133251 0.150730 0.139710 0.153729 0.150927 0.140812 0.132860 0.121424 0.102326 0.116903 0.133942 0.131409 0.150975 0.122055 0.014543
 141000.006697 5.483696 0.107708 0.118569 0.103955 0.110644 0.092810 0.118432 0.090697 0.079009 0.117805 0.078448 0.110486 0.027342 0.048053 0.030639 0.120752 0.114775 0.056963 0.106811 0.064838 0.094701 0.082142 0.111191 0.116862 0.138153 0.115677 0.113705 0.103620 0.115365 0.106970 0.125268 0.099863 0.149673 0.145226 0.144910 0.133780 0.140856 0.145270 0.133280 0.127089 0.148267 0.121913 0.106823 0.134186 0.148850 0.139364 0.153759 0.150532 0.141722 0.128812 0.122039 0.106138 0.121008 0.132047 0.132052 0.149123 0.125135 0.012093
 142000.006745 4.516123 0.109111 0.120541 0.104333 0.114707 0.098867 0.122632 0.090289 0.076563 0.119750 0.082961 0.110821 0.027891 0.053299 0.028014 0.123224 0.116349 0.053879 0.108702 0.072801 0.094237 0.087907 0.109648 0.117580 0.136678 0.111102 0.106121 0.103484 0.107122 0.101459 0.121579 0.100256 0.152246 0.148900 0.140650 0.132076 0.139878 0.145948 0.125089 0.127111 0.148835 0.114047 0.104205 0.139125 0.147797 0.142634 0.157635 0.150146 0.146757 0.128687 0.123732 0.105545 0.119343 0.132718 0.135843 0.146301 0.124461 0.010974
 143000.006792 6.695946 0.108786 0.122193 0.105377 0.117302 0.100841 0.125181 0.089339 0.076839 0.122351 0.084748 0.113221 0.027153 0.052891 0.024473 0.124452 0.119391 0.051857 0.109413 0.073589 0.094214 0.087602 0.107047 0.115328 0.135861 0.109582 0.105777 0.100794 0.106532 0.101261 0.120235 0.097443 0.153182 0.150152 0.141702 0.134786 0.142625 0.147971 0.124306 0.125646 0.149098 0.114381 0.103277 0.139777 0.149594 0.143807 0.159046 0.151576 0.147809 0.132056 0.124073 0.103758 0.117045 0.134877 0.136345 0.148167 0.122772 0.013363
 144000.006840 4.032534 0.102849 0.116436 0.100584 0.112486 0.096211 0.119075 0.085602 0.073439 0.116105 0.081770 0.108774 0.030806 0.050098 0.027416 0.117869 0.114130 0.053018 0.102870 0.068221 0.090208 0.083169 0.107153 0.112099 0.132940 0.111802 0.110327 0.100025 0.112192 0.105592 0.120408 0.096702 0.148132 0.145917 0.141413 0.135186 0.141193 0.145089 0.128586 0.122251 0.144641 0.117588 0.105046 0.135408 0.147530 0.140834 0.153389 0.148397 0.142567 0.130452 0.123366 0.104950 0.116482 0.133507 0.134512 0.147306 0.120571 0.010370
 145000.006887 18.232906 0.104518 0.116363 0.101765 0.111723 0.097469 0.120307 0.083603 0.074633 0.119930 0.079840 0.113117 0.022693 0.047975 0.014310 0.120538 0.115102 0.047211 0.107696 0.069800 0.092102 0.080456 0.105497 0.112337 0.134619 0.109106 0.110514 0.095234 0.109992 0.104566 0.120594 0.094059 0.148352 0.145306 0.143278 0.135849 0.143965 0.146069 0.126239 0.122588 0.146219 0.118290 0.104891 0.135506 0.150647 0.141284 0.156437 0.149770 0.141838 0.133674 0.121629 0.100139 0.114215 0.134856 0.130108 0.148260 0.123830 0.022050
 146000.006935 9.970935 0.109556 0.121176 0.107254 0.114049 0.097769 0.123895 0.089291 0.079720 0.123408 0.079587 0.116965 0.020714 0.046326 0.021237 0.125339 0.118543 0.053075 0.112574 0.069875 0.095853 0.081491 0.106647 0.115279 0.137851 0.109635 0.110113 0.098880 0.108596 0.103045 0.122255 0.095246 0.151789 0.147531 0.145746 0.136115 0.145571 0.147936 0.126704 0.125723 0.149120 0.119495 0.104381 0.136526 0.152917 0.142102 0.158382 0.152667 0.144182 0.134256 0.121419 0.100070 0.116711 0.134717 0.131475 0.150902 0.125694 0.016306
 147000.006982 10.728829 0.108710 0.119342 0.105473 0.111253 0.094349 0.120101 0.089518 0.079375 0.120955 0.077779 0.113761 0.021559 0.046456 0.023034 0.123291 0.116146 0.054487 0.110324 0.065974 0.096316 0.079815 0.106238 0.114409 0.135802 0.109485 0.108396 0.099421 0.108356 0.101040 0.121021 0.094552 0.149088 0.144256 0.142972 0.132085 0.140677 0.144298 0.126858 0.124965 0.147572 0.118002 0.102001 0.133074 0.148846 0.138160 0.154256 0.149456 0.141042 0.129022 0.118621 0.100192 0.116630 0.130575 0.129425 0.147093 0.123025 0.016915
 148000.007030 9.537909 0.101949 0.117418 0.101827 0.114159 0.097164 0.120857 0.084286 0.074793 0.118643 0.082201 0.112041 0.029472 0.048102 0.024637 0.118041 0.117111 0.051210 0.103428 0.067378 0.089997 0.081617 0.105816 0.109871 0.134091 0.113106 0.115491 0.096088 0.117078 0.110044 0.121858 0.094285 0.148519 0.146482 0.146175 0.141094 0.146998 0.148346 0.132553 0.121087 0.145074 0.123166 0.107185 0.135291 0.151869 0.142412 0.155011 0.151491 0.141956 0.136706 0.124445 0.103292 0.115038 0.137705 0.133342 0.152795 0.121093 0.015948
 149000.007077 10.120012 0.109996 0.119685 0.105914 0.109334 0.090337 0.117600 0.093495 0.081699 0.118826 0.076459 0.112048 0.026583 0.046513 0.032217 0.122718 0.114693 0.060711 0.108975 0.062266 0.097700 0.080219 0.112315 0.118897 0.139300 0.115965 0.112180 0.106536 0.112872 0.104725 0.126161 0.100833 0.150692 0.145133 0.145403 0.132173 0.140276 0.145477 0.132259 0.129137 0.150170 0.121470 0.106286 0.133519 0.149385 0.138676 0.153728 0.151147 0.141339 0.127342 0.121078 0.106315 0.122731 0.130669 0.131566 0.148741 0.126135 0.016428
 150000.007125 11.289095 0.110114 0.119793 0.107916 0.109344 0.091393 0.119509 0.091323 0.083101 0.121885 0.074046 0.116544 0.017474 0.041093 0.024693 0.124421 0.116053 0.057499 0.112992 0.062335 0.098180 0.076040 0.107602 0.115639 0.138724 0.111971 0.113316 0.100097 0.112021 0.104260 0.124240 0.094648 0.149215 0.143438 0.147245 0.133976 0.143235 0.145202 0.131059 0.126304 0.148552 0.123392 0.104495 0.131284 0.151882 0.137602 0.154061 0.151386 0.139126 0.131066 0.118177 0.099804 0.118073 0.131411 0.127316 0.150185 0.125621 0.017351
 151000.007172 5.541598 0.107480 0.121187 0.103916 0.116508 0.099582 0.123665 0.089388 0.076018 0.120370 0.084864 0.111438 0.029594 0.053393 0.027311 0.122571 0.117962 0.052922 0.106974 0.072584 0.092956 0.088339 0.109763 0.116545 0.136838 0.113316 0.108499 0.103127 0.110002 0.104593 0.122590 0.100622 0.153489 0.150772 0.142695 0.135773 0.142820 0.148738 0.127441 0.126690 0.149640 0.116181 0.106521 0.140762 0.149921 0.144956 0.159039 0.152079 0.148094 0.132203 0.126609 0.107469 0.119318 0.136073 0.138058 0.149018 0.123908 0.012156
 152000.007220 6.506802 0.110791 0.120646 0.107103 0.111128 0.093632 0.120415 0.092558 0.081206 0.120880 0.077260 0.114095 0.022794 0.046512 0.028484 0.124729 0.115944 0.058303 0.111594 0.065709 0.097887 0.081013 0.108723 0.117221 0.137684 0.111001 0.108438 0.103723 0.107952 0.100514 0.122776 0.097538 0.150830 0.145528 0.143392 0.130797 0.139911 0.144590 0.127439 0.127557 0.149163 0.118123 0.102583 0.134168 0.148974 0.138801 0.154972 0.150188 0.142515 0.127345 0.119328 0.102403 0.119690 0.129783 0.131360 0.147187 0.124828 0.013172
 153000.007267 12.677927 0.108058 0.118087 0.106231 0.107887 0.090268 0.118039 0.089455 0.081374 0.120700 0.072935 0.115880 0.017709 0.039008 0.022266 0.122868 0.114614 0.056153 0.111085 0.061047 0.096619 0.073466 0.107855 0.114911 0.138179 0.112455 0.114822 0.099452 0.113243 0.105896 0.124756 0.094453 0.148047 0.142282 0.147889 0.134910 0.143960 0.144973 0.131787 0.125672 0.147938 0.124352 0.105923 0.130049 0.152388 0.137115 0.153119 0.151058 0.137481 0.131795 0.118021 0.099411 0.117907 0.131809 0.125894 0.150424 0.125968 0.018387
 154000.007315 19.657078 0.104364 0.116489 0.103287 0.111260 0.096400 0.120478 0.083582 0.076735 0.120852 0.077878 0.115390 0.020513 0.044386 0.013722 0.120910 0.115450 0.048745 0.109279 0.067649 0.092836 0.077598 0.103510 0.110502 0.134505 0.108568 0.112847 0.092676 0.111386 0.105709 0.120514 0.091071 0.147380 0.144046 0.145417 0.137546 0.145904 0.146122 0.127726 0.121199 0.145210 0.121266 0.104848 0.133380 0.152355 0.140171 0.155577 0.150296 0.139681 0.135769 0.120318 0.097479 0.112494 0.135274 0.127932 0.150109 0.123090 0.022895
 155000.007362 21.549538 0.095354 0.114621 0.094134 0.120615 0.108162 0.124337 0.074879 0.063098 0.116256 0.093403 0.106089 0.037981 0.061309 0.019113 0.113673 0.117085 0.036013 0.097151 0.081779 0.080697 0.093455 0.101066 0.104871 0.126782 0.106809 0.106233 0.089070 0.109276 0.106809 0.113584 0.093580 0.147661 0.150356 0.136801 0.141246 0.144797 0.148293 0.121248 0.114617 0.140432 0.111019 0.105326 0.143540 0.146772 0.147899 0.158296 0.147460 0.148371 0.138728 0.130351 0.104371 0.107350 0.141849 0.139976 0.146872 0.115324 0.023972
 156000.007410 4.889055 0.107187 0.119985 0.104229 0.114641 0.098558 0.122758 0.087969 0.076323 0.120622 0.081879 0.112558 0.025051 0.049940 0.023467 0.122401 0.117268 0.051622 0.108134 0.070700 0.093614 0.084489 0.106977 0.114281 0.135654 0.110135 0.108992 0.099197 0.109614 0.103367 0.121046 0.096319 0.150878 0.147640 0.142966 0.135277 0.142815 0.146610 0.126969 0.124800 0.147569 0.117264 0.104022 0.136942 0.149788 0.141994 0.156980 0.150873 0.144435 0.131885 0.122483 0.102374 0.116974 0.134160 0.133478 0.148913 0.123238 0.011418
 157000.007457 13.087607 0.101034 0.116264 0.099556 0.115367 0.100963 0.122198 0.080630 0.070762 0.118848 0.084489 0.110945 0.028049 0.051415 0.014402 0.118172 0.116354 0.044077 0.103714 0.072843 0.087940 0.084248 0.103087 0.108812 0.131763 0.108384 0.109696 0.092554 0.110656 0.105867 0.118045 0.092690 0.148364 0.147221 0.141976 0.138781 0.145181 0.147439 0.125554 0.119399 0.144178 0.116786 0.104859 0.137650 0.150044 0.143414 0.156867 0.149657 0.143942 0.136219 0.124382 0.100856 0.111449 0.137606 0.133485 0.148989 0.119978 0.018682
 158000.007505 10.231942 0.113240 0.119761 0.109042 0.106039 0.087183 0.116595 0.096030 0.086099 0.119882 0.070645 0.114618 0.019941 0.040985 0.033100 0.124922 0.113733 0.063318 0.113833 0.059187 0.101123 0.075752 0.111924 0.119995 0.141156 0.114774 0.114195 0.105736 0.113280 0.103711 0.127224 0.098817 0.148499 0.141214 0.146876 0.129447 0.138814 0.142114 0.133698 0.130098 0.149489 0.124586 0.104835 0.128824 0.149106 0.134376 0.151259 0.149947 0.137189 0.125132 0.115829 0.101951 0.123068 0.126928 0.125616 0.148006 0.128286 0.016518
 159000.007552 7.411039 0.108270 0.118755 0.106251 0.109385 0.091044 0.118726 0.090996 0.081543 0.119435 0.074736 0.114306 0.022053 0.041894 0.028331 0.122101 0.114717 0.058409 0.110113 0.062433 0.095985 0.077781 0.109409 0.115846 0.138715 0.114504 0.115430 0.101282 0.114769 0.107341 0.125524 0.097046 0.149153 0.144234 0.147737 0.135999 0.144109 0.146020 0.133264 0.126260 0.147805 0.124443 0.107288 0.132291 0.152031 0.139024 0.153951 0.151760 0.139316 0.132055 0.120779 0.102557 0.119392 0.133124 0.129195 0.151618 0.125864 0.014058
 160000.007600 3.487181 0.110883 0.122693 0.107491 0.114578 0.096211 0.122766 0.093538 0.081031 0.121514 0.081115 0.113369 0.027441 0.050011 0.032007 0.124689 0.118562 0.058352 0.110208 0.068449 0.097059 0.084989 0.109521 0.117244 0.138105 0.112688 0.109840 0.104310 0.110924 0.102945 0.123389 0.098832 0.152279 0.147640 0.144301 0.133714 0.141450 0.146363 0.129749 0.127900 0.149644 0.119163 0.103818 0.135926 0.149472 0.140618 0.155944 0.151732 0.144574 0.129187 0.121538 0.104540 0.120609 0.131954 0.134072 0.149527 0.124250 0.009643
 161000.007647 8.266326 0.108954 0.119934 0.104238 0.113705 0.098190 0.122298 0.088991 0.076938 0.120654 0.081523 0.112070 0.024240 0.051314 0.022972 0.123482 0.116309 0.051440 0.109663 0.071818 0.094655 0.085530 0.108250 0.116591 0.136625 0.110027 0.106493 0.100774 0.106854 0.101222 0.121304 0.098297 0.151386 0.147619 0.141336 0.132090 0.140409 0.145710 0.124839 0.126465 0.148789 0.114833 0.103788 0.137880 0.148491 0.141721 0.157582 0.150178 0.145270 0.129494 0.122321 0.103210 0.117902 0.132672 0.133182 0.146469 0.124652 0.014847
 162000.007695 13.242914 0.101728 0.117043 0.100193 0.115993 0.101203 0.122629 0.081678 0.071155 0.119233 0.085005 0.111029 0.028537 0.052076 0.016275 0.119068 0.116672 0.045656 0.104547 0.073433 0.088572 0.085020 0.102551 0.108983 0.130818 0.107082 0.106569 0.093714 0.107290 0.103184 0.116611 0.092492 0.148882 0.147894 0.140139 0.137493 0.143976 0.147147 0.122807 0.119158 0.144036 0.113956 0.103305 0.138168 0.149001 0.143492 0.156826 0.149028 0.144794 0.135074 0.124349 0.101178 0.110937 0.136813 0.134833 0.147331 0.118653 0.018792
 163000.007742 13.059815 0.105213 0.120164 0.103037 0.117980 0.102979 0.125577 0.085012 0.073613 0.121815 0.085768 0.113311 0.027217 0.053264 0.020059 0.122035 0.119090 0.046556 0.107311 0.076077 0.090912 0.087674 0.104297 0.111808 0.133479 0.107365 0.106761 0.095218 0.106706 0.102747 0.118410 0.095053 0.151289 0.149719 0.141559 0.138341 0.145574 0.148660 0.122774 0.122249 0.146388 0.114299 0.103881 0.140146 0.150574 0.145221 0.159759 0.151074 0.146639 0.136064 0.124757 0.100959 0.113446 0.137602 0.135073 0.149601 0.121914 0.018662
 164000.007790 4.772209 0.110165 0.121641 0.105623 0.114919 0.098096 0.123240 0.091350 0.078013 0.121044 0.082099 0.112461 0.025531 0.051535 0.026929 0.124329 0.117614 0.054561 0.109740 0.071714 0.095416 0.086794 0.110007 0.118136 0.137792 0.111701 0.106750 0.103436 0.107232 0.101928 0.122579 0.100379 0.153271 0.149557 0.142467 0.133955 0.142143 0.147733 0.125644 0.127985 0.150036 0.115277 0.104939 0.139240 0.149672 0.143369 0.158684 0.151952 0.146701 0.130735 0.124001 0.105080 0.119927 0.134060 0.135257 0.148555 0.125419 0.011281
 165000.007837 13.393341 0.114318 0.120630 0.110113 0.105937 0.087008 0.117198 0.096568 0.086647 0.121545 0.069750 0.116705 0.014917 0.039307 0.030745 0.126431 0.114488 0.063152 0.115494 0.059400 0.102146 0.074667 0.112027 0.120913 0.141914 0.113761 0.112570 0.106051 0.110244 0.102145 0.127351 0.098991 0.149960 0.142300 0.147807 0.130521 0.140999 0.143939 0.131201 0.130975 0.150984 0.123371 0.104836 0.129898 0.151292 0.135849 0.153228 0.151576 0.137775 0.126911 0.116329 0.101167 0.123135 0.128076 0.125601 0.149417 0.129672 0.018899
 166000.007885 7.871695 0.106344 0.119108 0.102851 0.114919 0.099939 0.122987 0.086542 0.074578 0.120089 0.083234 0.112301 0.026540 0.051825 0.021608 0.121769 0.116424 0.049880 0.107353 0.072638 0.092566 0.086226 0.108796 0.115509 0.136546 0.111971 0.109598 0.099963 0.110239 0.105278 0.122339 0.099130 0.152049 0.149572 0.143090 0.136191 0.143780 0.148295 0.127003 0.125701 0.148676 0.116806 0.106858 0.140166 0.150796 0.144901 0.159389 0.151591 0.146627 0.133420 0.125852 0.105028 0.117879 0.136618 0.135729 0.149057 0.125186 0.014488
 167000.007932 7.680894 0.106905 0.120612 0.104121 0.116675 0.100952 0.124546 0.086794 0.075418 0.121794 0.084504 0.113432 0.026987 0.051939 0.021238 0.122902 0.118976 0.049725 0.108140 0.072905 0.092745 0.086036 0.106966 0.114196 0.136082 0.110607 0.109022 0.098962 0.109932 0.104372 0.121097 0.096702 0.152286 0.149611 0.143491 0.136971 0.144663 0.148703 0.126727 0.124691 0.148618 0.117221 0.104995 0.139481 0.151104 0.144278 0.159090 0.152069 0.147057 0.134303 0.124668 0.103483 0.116510 0.136496 0.135591 0.149853 0.123606 0.014312
 168000.007980 17.097489 0.097998 0.113607 0.096272 0.115209 0.102251 0.121027 0.077018 0.067292 0.116433 0.086304 0.108078 0.031173 0.054252 0.012960 0.115629 0.114330 0.040276 0.101333 0.075408 0.084562 0.086131 0.101592 0.106924 0.128983 0.106885 0.107341 0.090576 0.108701 0.105222 0.115375 0.092012 0.146755 0.147072 0.138549 0.137488 0.143103 0.146149 0.122458 0.116551 0.141630 0.113448 0.104441 0.138755 0.147522 0.143726 0.156051 0.147291 0.144424 0.135547 0.125704 0.101782 0.108568 0.137815 0.134834 0.145775 0.117455 0.021353
 169000.008027 10.566314 0.102033 0.115599 0.097475 0.115327 0.102279 0.121374 0.081705 0.068453 0.116243 0.086608 0.106606 0.031417 0.056767 0.020343 0.117385 0.114229 0.043979 0.102173 0.076426 0.087683 0.089503 0.106955 0.112654 0.132234 0.109802 0.106580 0.096905 0.108957 0.104779 0.118485 0.098154 0.149307 0.148812 0.137997 0.134828 0.140518 0.145933 0.123796 0.121946 0.144840 0.112236 0.105707 0.140846 0.146351 0.144586 0.157469 0.148034 0.146697 0.131826 0.126783 0.105815 0.114746 0.136313 0.136997 0.144943 0.121389 0.016786
 170000.008075 11.054333 0.099119 0.116503 0.098216 0.118345 0.104156 0.123748 0.079611 0.068039 0.117746 0.089143 0.109167 0.034725 0.056082 0.021266 0.116943 0.117291 0.044312 0.100902 0.076394 0.085059 0.088772 0.103283 0.108012 0.129997 0.108925 0.108071 0.094488 0.110346 0.106279 0.116586 0.094388 0.149114 0.149627 0.139739 0.139419 0.144740 0.148154 0.124356 0.118047 0.143174 0.114352 0.105150 0.141017 0.148604 0.145858 0.157393 0.148863 0.147507 0.136537 0.127907 0.104647 0.111175 0.139052 0.138823 0.147941 0.117848 0.017169
 171000.008122 7.270186 0.102855 0.116955 0.097973 0.116572 0.102157 0.121372 0.084441 0.069136 0.115353 0.088348 0.104396 0.035486 0.059388 0.028247 0.117175 0.115033 0.048281 0.100832 0.076712 0.087883 0.092131 0.107747 0.113228 0.131466 0.110581 0.104731 0.099822 0.108766 0.103721 0.117833 0.099530 0.149455 0.148953 0.136218 0.133584 0.138292 0.144966 0.123937 0.122224 0.144390 0.110612 0.104555 0.140607 0.143881 0.143560 0.155664 0.147082 0.147329 0.129372 0.126749 0.107911 0.115854 0.134641 0.138834 0.143712 0.119345 0.013924
 172000.008170 6.442366 0.103049 0.119126 0.099491 0.119588 0.104710 0.124544 0.084999 0.069001 0.117388 0.090415 0.106803 0.036344 0.059956 0.029229 0.118679 0.117532 0.048797 0.101347 0.079035 0.087678 0.093610 0.106493 0.112302 0.130443 0.108714 0.103072 0.099708 0.106129 0.102425 0.116578 0.099196 0.150792 0.150981 0.136159 0.136168 0.140918 0.146821 0.121375 0.121733 0.144409 0.108988 0.103895 0.142600 0.145265 0.145930 0.157668 0.147865 0.149227 0.132035 0.127955 0.106871 0.115078 0.136510 0.140712 0.145220 0.118773 0.013107
 173000.008217 4.713847 0.103500 0.118542 0.101879 0.116151 0.100038 0.122970 0.085006 0.073360 0.118936 0.084305 0.111005 0.028865 0.051517 0.023854 0.119453 0.117229 0.049728 0.104673 0.072243 0.089767 0.086127 0.104659 0.110656 0.132645 0.109449 0.108873 0.096217 0.110127 0.104758 0.118789 0.094919 0.149469 0.147979 0.141826 0.138081 0.144270 0.147270 0.126163 0.121144 0.144666 0.116406 0.104369 0.137859 0.149303 0.143307 0.156457 0.149959 0.144569 0.134468 0.124530 0.102549 0.113897 0.136362 0.135121 0.149500 0.120069 0.011212
 174000.008265 8.263261 0.102239 0.117375 0.099671 0.116280 0.101654 0.122612 0.082781 0.070348 0.118170 0.085786 0.109360 0.029636 0.053950 0.020739 0.118569 0.116325 0.046040 0.103184 0.074505 0.088460 0.087496 0.105077 0.110950 0.131765 0.108635 0.106951 0.096054 0.108414 0.103978 0.117954 0.095718 0.149618 0.148769 0.139715 0.137107 0.143081 0.147104 0.123847 0.121027 0.144665 0.113555 0.104391 0.139498 0.148178 0.144335 0.157372 0.149157 0.145806 0.133814 0.125586 0.103484 0.113617 0.136754 0.136243 0.147408 0.120165 0.014844
 175000.008312 15.937240 0.108100 0.122700 0.107362 0.117924 0.101122 0.126592 0.088045 0.079069 0.125226 0.083240 0.117879 0.024092 0.048893 0.021226 0.124690 0.121893 0.050736 0.111226 0.072482 0.094740 0.083549 0.104664 0.112555 0.137079 0.109567 0.112711 0.094705 0.111931 0.106210 0.121809 0.092956 0.152166 0.148773 0.148044 0.141942 0.150022 0.150566 0.128774 0.123990 0.148541 0.121839 0.105434 0.136966 0.155448 0.143811 0.159674 0.154834 0.144221 0.139592 0.122640 0.098672 0.114754 0.138553 0.131647 0.155136 0.124170 0.020615
 176000.008360 6.149002 0.110825 0.121294 0.107734 0.111811 0.093495 0.121001 0.092789 0.081706 0.121467 0.077164 0.114798 0.021965 0.045500 0.028259 0.124790 0.117012 0.058481 0.111699 0.065569 0.097666 0.080760 0.108551 0.116857 0.138010 0.111367 0.109383 0.102600 0.108745 0.101850 0.123131 0.097072 0.151097 0.145887 0.144918 0.133439 0.142378 0.146070 0.128082 0.127225 0.149106 0.119311 0.103597 0.134063 0.150524 0.139433 0.155363 0.151606 0.142060 0.130003 0.119903 0.101764 0.119246 0.131526 0.130774 0.149599 0.124903 0.012805
 177000.008407 14.459611 0.109684 0.122985 0.105899 0.119165 0.104240 0.127412 0.088685 0.075794 0.124227 0.086483 0.114963 0.027336 0.055272 0.021824 0.125897 0.120538 0.050032 0.111106 0.077837 0.094665 0.089341 0.107479 0.116659 0.136408 0.108215 0.104160 0.099980 0.103842 0.100871 0.120019 0.098228 0.154925 0.152497 0.141497 0.136964 0.145292 0.150280 0.121072 0.126463 0.150199 0.112202 0.104430 0.142582 0.151602 0.146895 0.162566 0.153031 0.149821 0.135304 0.125737 0.102981 0.116791 0.137695 0.136981 0.148919 0.125014 0.019636
 178000.008455 9.446353 0.109244 0.121260 0.105975 0.113438 0.094981 0.121294 0.091468 0.079783 0.121236 0.080274 0.113303 0.025149 0.048751 0.027457 0.123721 0.117866 0.056217 0.109264 0.066942 0.096182 0.082988 0.108682 0.116214 0.137140 0.112335 0.108706 0.102813 0.109336 0.102516 0.122693 0.097945 0.151888 0.147495 0.143897 0.134279 0.142298 0.147267 0.128002 0.126720 0.149545 0.118082 0.104086 0.136127 0.149964 0.141089 0.156276 0.151752 0.144020 0.130503 0.122215 0.104328 0.119012 0.133063 0.133503 0.149174 0.123529 0.015871
 179000.008502 8.083008 0.103911 0.119620 0.101255 0.118204 0.101996 0.124023 0.085106 0.072524 0.119515 0.087550 0.109585 0.031642 0.055402 0.023874 0.119872 0.118630 0.047906 0.103932 0.074860 0.089194 0.089254 0.105722 0.111776 0.133064 0.110433 0.107348 0.097455 0.109850 0.104800 0.118825 0.096505 0.151158 0.149910 0.140838 0.137831 0.143526 0.148345 0.125605 0.121985 0.146162 0.114658 0.104895 0.140146 0.148611 0.144658 0.157745 0.150585 0.147281 0.134399 0.126375 0.105052 0.114320 0.137386 0.137443 0.148588 0.119698 0.014682
 180000.008550 11.978211 0.113472 0.121285 0.110096 0.108926 0.090797 0.119816 0.094631 0.085629 0.122901 0.072926 0.117592 0.016388 0.041387 0.028134 0.126631 0.116523 0.060550 0.115629 0.062191 0.101087 0.076571 0.110230 0.119072 0.141352 0.113130 0.113570 0.103328 0.111908 0.103585 0.126341 0.096949 0.150441 0.143654 0.148151 0.132483 0.142496 0.144985 0.131989 0.129428 0.150570 0.124218 0.104760 0.131416 0.152159 0.137272 0.154642 0.152172 0.139593 0.129453 0.117454 0.100638 0.121206 0.130136 0.127044 0.150304 0.128517 0.017872
 181000.008597 10.977038 0.102534 0.118075 0.100200 0.117258 0.102242 0.123657 0.082508 0.071247 0.119400 0.086596 0.110404 0.029268 0.053948 0.017845 0.119178 0.117600 0.044590 0.104041 0.074935 0.088184 0.087813 0.105332 0.111193 0.133327 0.110225 0.108839 0.095257 0.110379 0.106168 0.119235 0.095830 0.150788 0.149898 0.141816 0.139026 0.145188 0.149097 0.125582 0.121337 0.146003 0.115678 0.106226 0.140669 0.150161 0.145700 0.158937 0.151065 0.146933 0.136426 0.127069 0.104075 0.113373 0.138998 0.136595 0.149381 0.121018 0.017109
 182000.008645 9.533780 0.108035 0.120110 0.105515 0.112756 0.095130 0.121071 0.089425 0.079031 0.121269 0.079481 0.114255 0.024227 0.046644 0.023899 0.123092 0.117467 0.054897 0.109164 0.066078 0.095398 0.080487 0.108803 0.115615 0.137883 0.113337 0.112001 0.101465 0.112305 0.105566 0.123882 0.096954 0.151544 0.147257 0.146206 0.136390 0.144561 0.148150 0.130334 0.126266 0.149557 0.121077 0.106075 0.135644 0.152107 0.141542 0.156544 0.152714 0.143432 0.132982 0.122656 0.103859 0.118661 0.134759 0.132728 0.150874 0.124757 0.015945
 183000.008692 13.029514 0.097704 0.115196 0.096106 0.118188 0.104209 0.122771 0.077971 0.065966 0.116413 0.089406 0.107195 0.033975 0.056791 0.017999 0.115002 0.116389 0.041018 0.098952 0.077270 0.083329 0.089536 0.103926 0.108108 0.130031 0.109575 0.108785 0.092569 0.111248 0.108021 0.117059 0.094960 0.148914 0.150154 0.139977 0.141524 0.145942 0.149321 0.124670 0.117770 0.142837 0.114419 0.107016 0.141684 0.149105 0.147096 0.158118 0.149636 0.146980 0.138445 0.129198 0.104816 0.110871 0.141203 0.138336 0.148943 0.118399 0.018640
 184000.008740 3.483825 0.109007 0.121654 0.105538 0.115392 0.097720 0.122779 0.091790 0.078228 0.120076 0.082865 0.111684 0.029501 0.052016 0.031309 0.123065 0.117516 0.056814 0.108202 0.071013 0.094638 0.087095 0.110595 0.117643 0.137641 0.113569 0.109467 0.104391 0.110636 0.104679 0.123414 0.100608 0.153046 0.149761 0.143699 0.135916 0.142860 0.148115 0.128678 0.127541 0.149360 0.117625 0.106424 0.138646 0.150214 0.143528 0.157577 0.152397 0.146161 0.131449 0.125040 0.106797 0.120521 0.134929 0.136533 0.149944 0.124537 0.009639
 185000.008787 6.440992 0.110472 0.120721 0.106905 0.111177 0.093150 0.120299 0.092268 0.081419 0.120913 0.077343 0.113958 0.022736 0.045856 0.027866 0.124271 0.116472 0.057632 0.110960 0.064940 0.097447 0.080617 0.110073 0.117686 0.139087 0.113353 0.111248 0.103665 0.111266 0.103656 0.124656 0.098351 0.151294 0.145979 0.145528 0.132970 0.141678 0.146040 0.130388 0.128106 0.149965 0.120763 0.104910 0.134316 0.150407 0.139441 0.155335 0.151765 0.142511 0.129278 0.120566 0.103660 0.120533 0.131619 0.131298 0.149305 0.125850 0.013106
 186000.008835 7.222821 0.104396 0.117189 0.101180 0.112701 0.096623 0.119786 0.085631 0.074149 0.117939 0.081426 0.109908 0.026313 0.049869 0.021915 0.119392 0.115088 0.050321 0.104999 0.068823 0.091372 0.083324 0.107227 0.113200 0.134359 0.111457 0.109402 0.098890 0.110815 0.104691 0.120847 0.096580 0.149346 0.146688 0.141941 0.135083 0.141878 0.146166 0.127557 0.123298 0.146318 0.117027 0.105034 0.136485 0.148560 0.141587 0.155401 0.149648 0.143396 0.131402 0.123485 0.104274 0.116194 0.134334 0.133732 0.147657 0.121942 0.013878
 187000.008882 3.872501 0.105453 0.118660 0.102150 0.114612 0.098365 0.121415 0.087059 0.074638 0.118174 0.083515 0.109500 0.029604 0.052482 0.026339 0.120245 0.116058 0.052016 0.105332 0.071007 0.091641 0.086287 0.107277 0.113651 0.134163 0.111100 0.107955 0.100113 0.109985 0.103795 0.120121 0.097349 0.150091 0.147664 0.140810 0.134206 0.140725 0.145838 0.126854 0.123625 0.146300 0.115709 0.104209 0.137526 0.147450 0.141827 0.155515 0.149363 0.145023 0.130375 0.123866 0.105002 0.116599 0.133789 0.135450 0.146904 0.121110 0.010162
 188000.008930 9.970485 0.104794 0.117252 0.101455 0.113706 0.099447 0.121678 0.084451 0.073323 0.118968 0.082223 0.111331 0.025077 0.051076 0.018685 0.120428 0.115104 0.047769 0.106737 0.072560 0.091334 0.084982 0.106293 0.113269 0.134159 0.109176 0.107862 0.096968 0.108052 0.103456 0.119779 0.096445 0.149733 0.147661 0.141070 0.135074 0.142583 0.146387 0.124413 0.123127 0.146138 0.115101 0.104830 0.138473 0.149112 0.143250 0.157667 0.149546 0.144653 0.132667 0.124024 0.102531 0.115091 0.135338 0.133787 0.147208 0.123147 0.016306
 189000.008977 6.301365 0.107488 0.118049 0.105148 0.108664 0.090065 0.117409 0.090882 0.080889 0.118125 0.074877 0.112593 0.024059 0.042782 0.030197 0.120870 0.114197 0.058718 0.108103 0.060945 0.095613 0.077684 0.109443 0.115195 0.137634 0.114645 0.115176 0.102049 0.115534 0.106826 0.125038 0.097215 0.147988 0.142963 0.146280 0.134278 0.141864 0.144418 0.133867 0.125863 0.147029 0.124037 0.106022 0.131107 0.149770 0.137475 0.152082 0.150110 0.138536 0.129422 0.119710 0.103112 0.119835 0.131135 0.129052 0.149996 0.124649 0.012963
 190000.009025 6.777641 0.106428 0.118854 0.103469 0.113849 0.098545 0.122320 0.087074 0.075230 0.119755 0.081598 0.112591 0.026185 0.049736 0.023061 0.122141 0.115661 0.051976 0.108138 0.071533 0.092701 0.084156 0.107228 0.114629 0.135043 0.109511 0.107533 0.100100 0.107102 0.102547 0.120563 0.097175 0.150895 0.148100 0.141807 0.134663 0.142690 0.146692 0.124500 0.124503 0.147252 0.115322 0.104605 0.138067 0.149801 0.142974 0.157503 0.150203 0.145079 0.131892 0.123527 0.102879 0.116650 0.134396 0.134399 0.147628 0.123685 0.013444
 191000.009072 6.558168 0.108036 0.120552 0.105502 0.113375 0.095893 0.121895 0.089488 0.078358 0.121368 0.080029 0.114384 0.024076 0.046962 0.024077 0.123249 0.117735 0.054350 0.108773 0.067236 0.095000 0.081486 0.109068 0.115882 0.137850 0.112908 0.111461 0.101821 0.111586 0.105183 0.123835 0.097851 0.151987 0.147871 0.145953 0.136696 0.144943 0.148487 0.129577 0.126634 0.149745 0.120309 0.106082 0.136567 0.152236 0.142403 0.157366 0.152836 0.144136 0.133139 0.123063 0.103754 0.119193 0.135016 0.133249 0.151216 0.125364 0.013224
 192000.009120 7.120624 0.107008 0.119281 0.103765 0.114048 0.098620 0.122417 0.087605 0.075731 0.120137 0.081484 0.112500 0.024674 0.050344 0.023383 0.122227 0.116129 0.051307 0.108371 0.071927 0.093321 0.084838 0.106526 0.114340 0.134711 0.108537 0.106900 0.098828 0.106627 0.101603 0.119952 0.096664 0.150320 0.147394 0.141324 0.134375 0.142189 0.145977 0.124054 0.124422 0.146795 0.114870 0.103535 0.137408 0.149132 0.142260 0.157218 0.149831 0.144153 0.131384 0.122446 0.101640 0.116306 0.133718 0.133084 0.147617 0.123352 0.013780
 193000.009167 5.297144 0.105200 0.119047 0.101885 0.116607 0.101546 0.123724 0.085839 0.072685 0.119171 0.085380 0.110328 0.029133 0.054148 0.024298 0.120755 0.117240 0.048958 0.105613 0.075092 0.090428 0.088460 0.105304 0.112444 0.132514 0.107610 0.104885 0.097861 0.106051 0.101266 0.117691 0.096527 0.150066 0.148498 0.138916 0.134986 0.141801 0.146099 0.122404 0.122335 0.145212 0.112302 0.102536 0.139376 0.147188 0.143430 0.157248 0.148646 0.146351 0.131814 0.124038 0.102709 0.114624 0.134568 0.135876 0.146664 0.120869 0.011885
 194000.009215 13.594557 0.106937 0.120870 0.103038 0.119905 0.106318 0.127074 0.085758 0.072377 0.121690 0.089008 0.111768 0.031595 0.058503 0.023273 0.123308 0.119035 0.047458 0.108454 0.080704 0.091375 0.092170 0.105095 0.113891 0.132767 0.105703 0.101560 0.097713 0.102166 0.099559 0.116403 0.096853 0.152505 0.151679 0.137408 0.135098 0.142200 0.147585 0.118309 0.123098 0.146601 0.108795 0.102537 0.143068 0.147855 0.146301 0.160709 0.149523 0.150138 0.133470 0.126013 0.102953 0.113838 0.136607 0.138444 0.145305 0.121536 0.019040
 195000.009262 6.195266 0.105756 0.118511 0.102153 0.113746 0.097411 0.120902 0.087073 0.074718 0.118724 0.082360 0.110294 0.027133 0.051011 0.023448 0.120688 0.115993 0.051299 0.105791 0.070019 0.092056 0.084728 0.108146 0.114625 0.135212 0.111744 0.108345 0.100662 0.109764 0.103944 0.121252 0.097975 0.150697 0.147872 0.141849 0.134721 0.141841 0.146806 0.126870 0.124606 0.147556 0.116194 0.105111 0.137734 0.148720 0.142411 0.156445 0.150289 0.144961 0.131159 0.124087 0.105084 0.117329 0.134408 0.134886 0.147655 0.122718 0.012853
 196000.009310 11.308402 0.103954 0.115386 0.102202 0.108385 0.091773 0.116907 0.085857 0.076864 0.117407 0.076021 0.112199 0.024347 0.043102 0.022761 0.119219 0.112850 0.054056 0.106379 0.062724 0.092711 0.076242 0.106575 0.112245 0.134561 0.111866 0.112624 0.098881 0.112449 0.105531 0.121980 0.094658 0.146905 0.143044 0.144082 0.134230 0.142083 0.144448 0.129771 0.122654 0.145442 0.120978 0.105190 0.132120 0.149522 0.138453 0.152509 0.148665 0.139121 0.130720 0.120434 0.101881 0.116047 0.132190 0.129639 0.147859 0.122570 0.017365
 197000.009357 10.692683 0.108497 0.119734 0.105427 0.112513 0.095863 0.121343 0.089061 0.078606 0.121419 0.079135 0.114671 0.021514 0.047218 0.021826 0.123531 0.116774 0.053851 0.110395 0.067598 0.095613 0.081545 0.107953 0.115703 0.137247 0.111247 0.109289 0.100643 0.108806 0.102916 0.122501 0.096873 0.151351 0.147302 0.144294 0.134798 0.143625 0.147459 0.127045 0.125929 0.149086 0.118287 0.104676 0.136719 0.151311 0.141971 0.157486 0.151658 0.143881 0.132184 0.122437 0.102763 0.117671 0.134090 0.132620 0.149264 0.124972 0.016886
 198000.009404 9.974543 0.103043 0.117931 0.100935 0.115663 0.099787 0.122125 0.084091 0.072722 0.118993 0.084247 0.110154 0.028089 0.052006 0.020839 0.119300 0.116951 0.047581 0.104397 0.072140 0.089603 0.085560 0.103574 0.109985 0.131703 0.108333 0.107191 0.095032 0.108613 0.103209 0.117642 0.093603 0.148862 0.147124 0.140488 0.136550 0.142801 0.146333 0.124592 0.120450 0.144467 0.114853 0.103060 0.137027 0.148075 0.142137 0.155806 0.149048 0.143945 0.133344 0.123349 0.101673 0.112578 0.135384 0.133956 0.147651 0.118826 0.016309
 199000.009452 3.628378 0.103653 0.114615 0.100458 0.108709 0.093003 0.116680 0.085777 0.074877 0.114867 0.077442 0.108741 0.026386 0.046757 0.025970 0.117468 0.111176 0.053391 0.104374 0.065526 0.091358 0.080544 0.107908 0.113147 0.134004 0.112000 0.111523 0.099383 0.112473 0.105604 0.121550 0.097121 0.146396 0.143381 0.141646 0.132914 0.139647 0.143038 0.129347 0.122980 0.144154 0.118747 0.105437 0.133374 0.146981 0.138777 0.152194 0.147305 0.139738 0.128535 0.121467 0.103587 0.117068 0.131506 0.130920 0.146347 0.122569 0.009837
 200000.009499 8.872064 0.107417 0.120358 0.104540 0.113650 0.095095 0.120732 0.090183 0.078397 0.119907 0.081199 0.111889 0.027645 0.049497 0.028249 0.121879 0.117359 0.055599 0.107045 0.067082 0.094238 0.083618 0.109386 0.115670 0.136969 0.113974 0.110657 0.102494 0.111943 0.105293 0.123373 0.098598 0.151539 0.147771 0.144513 0.136113 0.143249 0.147996 0.129872 0.126044 0.148929 0.119324 0.106090 0.136490 0.150336 0.141839 0.156035 0.152096 0.143916 0.131869 0.123858 0.105757 0.119024 0.134646 0.134191 0.150181 0.123282 0.015381
 201000.009547 5.127335 0.108432 0.118956 0.103648 0.111889 0.095505 0.119879 0.089986 0.077127 0.118598 0.079946 0.110257 0.025224 0.050417 0.027073 0.121942 0.114917 0.054402 0.107976 0.068901 0.094763 0.084408 0.108918 0.116492 0.135889 0.110867 0.106863 0.102502 0.107896 0.101093 0.121399 0.098733 0.150078 0.146149 0.140679 0.131089 0.138801 0.144268 0.126098 0.126256 0.147660 0.115189 0.103107 0.135915 0.146837 0.139969 0.155023 0.148885 0.143480 0.127130 0.121235 0.104145 0.118863 0.130735 0.132972 0.145755 0.123681 0.011693
 202000.009594 7.758620 0.108490 0.120465 0.107194 0.111229 0.092021 0.120000 0.092087 0.081784 0.120595 0.076603 0.115148 0.025231 0.043291 0.030611 0.122957 0.116544 0.059611 0.109609 0.062978 0.096273 0.078666 0.109645 0.115948 0.138729 0.114869 0.115237 0.102825 0.114825 0.107274 0.125713 0.097582 0.150453 0.145446 0.148339 0.137102 0.145105 0.147282 0.133397 0.126846 0.148876 0.124499 0.107260 0.133027 0.152830 0.139975 0.154636 0.152771 0.140499 0.132674 0.121456 0.103264 0.120214 0.133756 0.130711 0.152686 0.125545 0.014384
 203000.009642 7.988883 0.105442 0.116947 0.103093 0.110256 0.093407 0.118367 0.087431 0.077731 0.117860 0.077776 0.111494 0.025604 0.045975 0.025827 0.119955 0.114096 0.054757 0.106943 0.064370 0.093563 0.079703 0.107043 0.112951 0.135182 0.112399 0.112395 0.099243 0.113247 0.105558 0.122071 0.095364 0.147852 0.144049 0.143696 0.133776 0.141125 0.144380 0.130652 0.123461 0.145786 0.120738 0.104770 0.133024 0.148651 0.138599 0.152974 0.149046 0.140444 0.129982 0.120867 0.102881 0.116722 0.132096 0.130894 0.147910 0.122132 0.014596
 204000.009689 7.583499 0.109247 0.121604 0.104488 0.116488 0.100228 0.123867 0.089992 0.076355 0.121167 0.084568 0.111458 0.027337 0.054525 0.025776 0.123657 0.118263 0.052146 0.108620 0.073921 0.094559 0.088870 0.108995 0.117089 0.136369 0.110684 0.105118 0.101966 0.106513 0.101386 0.120997 0.099748 0.153173 0.150227 0.140779 0.134101 0.141490 0.147718 0.124285 0.126899 0.149428 0.113299 0.104204 0.140340 0.148630 0.144069 0.159089 0.151346 0.147618 0.130922 0.124798 0.105386 0.118568 0.134706 0.136388 0.147405 0.123862 0.014221
 205000.009737 11.882004 0.103065 0.118095 0.099280 0.118602 0.104544 0.124028 0.083074 0.069107 0.118359 0.089376 0.107652 0.033333 0.058981 0.023315 0.119331 0.117501 0.045268 0.103382 0.078759 0.087669 0.091776 0.103747 0.110818 0.129704 0.105935 0.101022 0.096623 0.103457 0.099751 0.114531 0.095741 0.149640 0.149420 0.135069 0.134093 0.139949 0.145566 0.118655 0.119925 0.143722 0.107765 0.101303 0.141346 0.144599 0.144250 0.157206 0.146756 0.148416 0.131504 0.125603 0.104041 0.111838 0.135157 0.138386 0.143304 0.117726 0.017800
 206000.009784 10.636309 0.109067 0.122949 0.103562 0.120571 0.104314 0.126159 0.090343 0.074429 0.120876 0.090499 0.109002 0.035068 0.061158 0.030791 0.123442 0.120308 0.052379 0.106572 0.079070 0.092922 0.094933 0.109411 0.117227 0.134738 0.110752 0.101705 0.103826 0.105040 0.100800 0.119099 0.101820 0.154517 0.153029 0.137475 0.134200 0.140245 0.148380 0.121939 0.126403 0.149109 0.109201 0.103945 0.144047 0.146194 0.146266 0.159923 0.150471 0.151806 0.130856 0.127935 0.108913 0.118343 0.135907 0.141418 0.145345 0.121538 0.016841
 207000.009832 5.134662 0.113877 0.124226 0.109091 0.114784 0.096507 0.123626 0.096032 0.082406 0.122666 0.081043 0.114338 0.026463 0.051211 0.032688 0.127171 0.118748 0.060242 0.112797 0.069980 0.099361 0.086662 0.111769 0.120862 0.139968 0.112860 0.106877 0.107583 0.107069 0.100587 0.124258 0.101905 0.154901 0.149850 0.143796 0.132329 0.141220 0.147649 0.126989 0.130929 0.152266 0.116612 0.104235 0.138570 0.150105 0.142426 0.158498 0.152991 0.147036 0.128573 0.122862 0.106117 0.122886 0.132137 0.135699 0.149003 0.126684 0.011701
 208000.009879 13.857624 0.101473 0.116398 0.099530 0.116058 0.102484 0.123017 0.080682 0.069994 0.118770 0.085202 0.110599 0.028532 0.052997 0.015886 0.118599 0.116006 0.043623 0.104405 0.075632 0.087752 0.086049 0.102276 0.108907 0.130542 0.105663 0.106443 0.091948 0.106654 0.103132 0.116149 0.092493 0.148200 0.147517 0.139590 0.137703 0.144170 0.146620 0.121637 0.118876 0.143122 0.113275 0.103347 0.138328 0.148779 0.143620 0.157218 0.148584 0.144363 0.135494 0.123900 0.099525 0.110384 0.136925 0.133579 0.147322 0.119541 0.019223
 209000.009927 8.960305 0.106858 0.117457 0.103469 0.110334 0.093839 0.118625 0.088347 0.077695 0.118371 0.078031 0.111736 0.024500 0.047120 0.024851 0.121227 0.114010 0.054913 0.108140 0.065669 0.094541 0.080722 0.108211 0.115087 0.136009 0.112070 0.109893 0.101301 0.110228 0.103443 0.122214 0.097055 0.149283 0.145363 0.142766 0.132371 0.140468 0.144885 0.128295 0.125060 0.147318 0.118441 0.104527 0.134820 0.148669 0.139740 0.154520 0.149382 0.142161 0.129078 0.121530 0.103872 0.117892 0.131872 0.132175 0.146816 0.123504 0.015458
 210000.009974 6.442986 0.113806 0.122633 0.109192 0.110656 0.092032 0.120421 0.097204 0.084031 0.120873 0.076517 0.114308 0.025938 0.047240 0.035672 0.126161 0.115706 0.063245 0.112660 0.066006 0.100162 0.082781 0.113960 0.122199 0.141337 0.114808 0.110500 0.109306 0.109732 0.102600 0.126993 0.103372 0.153145 0.147053 0.145833 0.131795 0.140885 0.146130 0.130090 0.132259 0.152040 0.119967 0.106180 0.135323 0.150628 0.140253 0.156186 0.152584 0.143169 0.127052 0.121135 0.105831 0.125214 0.130440 0.132350 0.149721 0.129146 0.013108
 211000.010022 5.173848 0.104723 0.117567 0.101794 0.113421 0.097801 0.120901 0.085641 0.074549 0.118287 0.081684 0.110384 0.026245 0.050118 0.022975 0.119679 0.115533 0.049847 0.105606 0.070101 0.091444 0.084123 0.106164 0.112386 0.134043 0.110205 0.109866 0.097169 0.111142 0.104689 0.120200 0.095561 0.148703 0.146164 0.141946 0.135278 0.141953 0.145401 0.127596 0.122723 0.145350 0.117509 0.104250 0.136007 0.148325 0.141111 0.155217 0.149298 0.142899 0.131598 0.122554 0.102529 0.115497 0.134024 0.132751 0.148012 0.121726 0.011746
 212000.010069 14.338425 0.104266 0.116851 0.101146 0.113868 0.099577 0.121469 0.083209 0.073421 0.119385 0.082653 0.111362 0.025395 0.051250 0.015931 0.120094 0.115884 0.046087 0.106756 0.072399 0.090678 0.084158 0.105227 0.112133 0.134050 0.109036 0.108811 0.094948 0.109406 0.104449 0.119425 0.094507 0.149112 0.146994 0.141808 0.136021 0.143440 0.146687 0.125255 0.121903 0.145773 0.116447 0.104703 0.137588 0.149537 0.142553 0.157109 0.149863 0.144073 0.133991 0.123466 0.101631 0.113446 0.135897 0.132602 0.147773 0.122334 0.019554
 213000.010117 17.475266 0.111348 0.120910 0.108448 0.110121 0.091516 0.119906 0.092375 0.083816 0.123184 0.075012 0.116965 0.017846 0.042742 0.024585 0.125553 0.117649 0.057493 0.113632 0.062751 0.099029 0.076776 0.107919 0.116414 0.139170 0.111904 0.111693 0.100752 0.110473 0.102816 0.124251 0.094998 0.150114 0.143777 0.147081 0.133666 0.143331 0.145947 0.129876 0.127062 0.149878 0.122339 0.103830 0.131722 0.151917 0.137601 0.154672 0.152035 0.139787 0.131006 0.117989 0.100032 0.118255 0.131280 0.127212 0.150244 0.125747 0.021587
 214000.010164 9.869333 0.106171 0.118285 0.103262 0.112466 0.096453 0.120833 0.086522 0.076432 0.120119 0.080178 0.112912 0.023671 0.047685 0.019596 0.121640 0.116024 0.050588 0.107970 0.068389 0.093153 0.081402 0.108008 0.114694 0.136865 0.112285 0.111614 0.099312 0.111872 0.105835 0.122873 0.096676 0.150573 0.147092 0.144783 0.135954 0.143866 0.147408 0.129025 0.125007 0.148394 0.119785 0.106371 0.136532 0.151303 0.142089 0.156944 0.151565 0.143660 0.133049 0.123236 0.103525 0.117242 0.135209 0.132616 0.149501 0.124646 0.016223
 215000.010212 11.249455 0.104330 0.119688 0.101455 0.119053 0.104336 0.125583 0.083708 0.071284 0.120938 0.088227 0.111459 0.029874 0.055825 0.018619 0.121152 0.119287 0.045260 0.105533 0.077237 0.089349 0.089484 0.105738 0.112601 0.133621 0.109012 0.106194 0.096968 0.107499 0.103942 0.118607 0.096587 0.152443 0.151658 0.140772 0.138707 0.145376 0.149891 0.123039 0.122436 0.147109 0.113293 0.105095 0.142536 0.150219 0.147033 0.160601 0.151438 0.149310 0.136436 0.127452 0.104361 0.114073 0.139092 0.138408 0.148827 0.121718 0.017320
 216000.010259 6.367986 0.098102 0.114214 0.096553 0.114802 0.100397 0.119997 0.080369 0.067745 0.114133 0.085680 0.105883 0.033820 0.054299 0.025195 0.114275 0.113421 0.046629 0.098661 0.073442 0.084896 0.087299 0.103530 0.107589 0.128400 0.108589 0.108007 0.094281 0.110451 0.105567 0.116197 0.094626 0.145985 0.146137 0.137886 0.136850 0.141247 0.144484 0.124740 0.117531 0.140531 0.113715 0.104323 0.137264 0.145505 0.142355 0.153513 0.146122 0.142978 0.132475 0.125262 0.103613 0.111698 0.135585 0.135590 0.145936 0.116772 0.013031
 217000.010307 14.665270 0.111367 0.119261 0.109005 0.105739 0.086052 0.116429 0.094494 0.086067 0.120613 0.069735 0.116624 0.018653 0.037047 0.030482 0.124608 0.114085 0.063126 0.113609 0.056527 0.100449 0.072157 0.108746 0.116738 0.139151 0.113101 0.113736 0.103492 0.111782 0.102895 0.125485 0.095539 0.147911 0.140712 0.147406 0.131014 0.140807 0.143041 0.132210 0.127534 0.148624 0.124604 0.103718 0.127892 0.150485 0.134437 0.150980 0.149983 0.136155 0.127338 0.115511 0.099787 0.120157 0.127764 0.125230 0.148853 0.125920 0.019776
 218000.010354 11.910227 0.100851 0.114464 0.096433 0.114127 0.100282 0.119589 0.080979 0.068025 0.115200 0.085541 0.105759 0.030519 0.055667 0.019150 0.116061 0.113604 0.043735 0.100828 0.074642 0.086340 0.088172 0.107068 0.112288 0.132002 0.110523 0.106743 0.096607 0.109086 0.105257 0.118685 0.098101 0.148595 0.148120 0.138152 0.135488 0.141204 0.146433 0.123857 0.121142 0.144363 0.112548 0.106299 0.140228 0.146435 0.144315 0.156734 0.148030 0.145617 0.132566 0.126960 0.105953 0.114117 0.136704 0.136038 0.145292 0.121057 0.017822
 219000.010402 8.728618 0.103477 0.119358 0.099598 0.119997 0.105118 0.124828 0.084622 0.069893 0.118104 0.090806 0.106741 0.035355 0.060471 0.027378 0.118850 0.118337 0.046410 0.102164 0.079237 0.087789 0.094249 0.106326 0.112275 0.131820 0.109726 0.104779 0.097895 0.108502 0.103966 0.117397 0.098468 0.151127 0.151060 0.137478 0.136571 0.141230 0.147327 0.123458 0.121803 0.145089 0.110965 0.104430 0.142635 0.145827 0.145779 0.158196 0.148972 0.149348 0.132881 0.128055 0.106891 0.114543 0.137319 0.140007 0.146211 0.118982 0.015257
 220000.010449 14.236969 0.108205 0.118644 0.106383 0.109552 0.092306 0.119597 0.088994 0.081090 0.121650 0.074416 0.116397 0.015978 0.040732 0.021086 0.123212 0.116135 0.054276 0.111573 0.063469 0.096170 0.075621 0.106260 0.113837 0.137511 0.110758 0.113612 0.097309 0.111911 0.104721 0.123354 0.093319 0.148229 0.142909 0.147148 0.135546 0.144781 0.145453 0.130079 0.124620 0.147341 0.123161 0.104549 0.131197 0.152291 0.137954 0.154287 0.151103 0.138394 0.132976 0.118123 0.098151 0.116288 0.132453 0.126236 0.150797 0.125268 0.019485
 221000.010497 7.464965 0.111150 0.119751 0.107904 0.107992 0.088937 0.117652 0.094395 0.084161 0.119431 0.073335 0.113916 0.023587 0.042208 0.032663 0.123785 0.114410 0.062457 0.111685 0.060292 0.099261 0.076863 0.110124 0.117560 0.138936 0.113828 0.113153 0.104654 0.112809 0.103735 0.125292 0.097498 0.148838 0.142586 0.145977 0.131133 0.139657 0.143175 0.132692 0.128075 0.148474 0.123205 0.104224 0.129907 0.149081 0.135709 0.151481 0.150006 0.138462 0.126486 0.117312 0.102374 0.121363 0.128344 0.128248 0.148438 0.125492 0.014109
 222000.010544 10.973548 0.106655 0.118985 0.105419 0.112590 0.096393 0.121912 0.087390 0.077857 0.121239 0.078459 0.115775 0.022890 0.044721 0.022158 0.122811 0.116564 0.053418 0.109917 0.068442 0.093861 0.079265 0.106045 0.113500 0.136018 0.109538 0.111369 0.097866 0.109524 0.104492 0.121751 0.094324 0.149834 0.146137 0.145689 0.137476 0.146272 0.147392 0.126999 0.123867 0.146967 0.120106 0.105267 0.134803 0.152919 0.141460 0.156546 0.151731 0.141776 0.134991 0.121276 0.099443 0.115811 0.134980 0.130425 0.151154 0.124611 0.017106
 223000.010592 12.131320 0.106843 0.117702 0.104005 0.110509 0.094341 0.119337 0.087321 0.077777 0.120016 0.077289 0.113563 0.020811 0.045352 0.020332 0.121805 0.115277 0.052737 0.108958 0.065700 0.094996 0.078535 0.106063 0.113352 0.135169 0.109497 0.109763 0.097875 0.109356 0.102596 0.121064 0.094080 0.148321 0.144117 0.143414 0.133771 0.142179 0.144847 0.127172 0.123885 0.146618 0.118746 0.103049 0.133139 0.149608 0.138873 0.154375 0.149501 0.140357 0.130781 0.119362 0.099958 0.115931 0.131977 0.129201 0.147876 0.123264 0.017986
 224000.010639 9.634261 0.100541 0.116090 0.098535 0.115738 0.100894 0.121481 0.081234 0.069438 0.117234 0.085538 0.108467 0.030116 0.053362 0.018982 0.117043 0.115655 0.045206 0.101964 0.073742 0.086843 0.086388 0.104035 0.109512 0.130861 0.108689 0.107683 0.094362 0.109401 0.105094 0.117368 0.094228 0.148455 0.147935 0.139995 0.138239 0.143730 0.147123 0.124353 0.119322 0.143504 0.114404 0.104836 0.138425 0.148378 0.143848 0.156270 0.148936 0.144545 0.134924 0.125448 0.102887 0.112042 0.137343 0.135332 0.147714 0.118936 0.016029
 225000.010687 7.409858 0.103317 0.117953 0.099916 0.116827 0.102430 0.122999 0.083865 0.070420 0.118123 0.087006 0.108899 0.031355 0.056012 0.023169 0.119283 0.116447 0.047260 0.103467 0.075622 0.089187 0.089369 0.106510 0.112614 0.132263 0.109314 0.105582 0.098700 0.107565 0.103177 0.118199 0.097807 0.150617 0.149820 0.138520 0.135460 0.141561 0.146911 0.123234 0.122316 0.145606 0.112056 0.104310 0.141142 0.147192 0.145007 0.157938 0.148811 0.147725 0.132210 0.126629 0.105764 0.115143 0.136161 0.138410 0.145937 0.120699 0.014057
 226000.010734 6.388950 0.107294 0.120306 0.103902 0.115301 0.098377 0.122575 0.088489 0.076236 0.120430 0.083003 0.111535 0.026456 0.051601 0.024351 0.122189 0.117820 0.052083 0.107505 0.070959 0.093309 0.085763 0.106638 0.114117 0.134872 0.110031 0.106727 0.099534 0.108053 0.102123 0.120036 0.096545 0.151023 0.147963 0.141579 0.134892 0.142098 0.146834 0.125569 0.124342 0.147459 0.115303 0.103301 0.137464 0.148685 0.142024 0.156684 0.150508 0.145014 0.131484 0.122999 0.103226 0.116312 0.134040 0.134271 0.148061 0.121714 0.013053
 227000.010782 8.144487 0.108328 0.122833 0.104016 0.120341 0.104186 0.126519 0.089178 0.074460 0.121577 0.089219 0.110362 0.032374 0.058862 0.028488 0.123365 0.120654 0.050539 0.107102 0.078474 0.092205 0.093173 0.107511 0.115487 0.134466 0.109142 0.103079 0.100964 0.105494 0.100965 0.118611 0.099213 0.153644 0.151986 0.138906 0.135697 0.142055 0.148437 0.122201 0.125065 0.148148 0.110865 0.103227 0.142444 0.147555 0.145630 0.159773 0.150967 0.150145 0.132412 0.126279 0.105708 0.116678 0.136164 0.139045 0.147270 0.121436 0.014737
 228000.010829 5.558098 0.105082 0.118362 0.102458 0.113879 0.097076 0.120898 0.086719 0.075047 0.118760 0.081891 0.111010 0.026734 0.049614 0.023608 0.120118 0.116378 0.051997 0.105679 0.068986 0.091740 0.083757 0.107654 0.113638 0.135177 0.112151 0.110306 0.099532 0.111543 0.105611 0.121545 0.096819 0.150373 0.147815 0.143398 0.137143 0.143915 0.147707 0.128436 0.123717 0.146892 0.118261 0.105820 0.137135 0.150146 0.142732 0.156272 0.151102 0.144092 0.133284 0.124347 0.104569 0.116764 0.135725 0.134638 0.149722 0.122474 0.012174
 229000.010877 12.048074 0.107763 0.117332 0.105285 0.107841 0.090847 0.117647 0.088936 0.080286 0.119713 0.073810 0.114779 0.019444 0.041029 0.022478 0.122348 0.113831 0.056276 0.110401 0.061757 0.096358 0.074816 0.107961 0.115060 0.137348 0.112052 0.112844 0.100349 0.111556 0.104509 0.123792 0.095221 0.148249 0.143029 0.145966 0.133467 0.142549 0.144740 0.130144 0.125503 0.147727 0.122200 0.105143 0.131483 0.151086 0.137855 0.153461 0.150201 0.138833 0.130454 0.118914 0.100734 0.117976 0.131402 0.127827 0.148776 0.125371 0.017924
 230000.010924 8.111321 0.108302 0.121814 0.106472 0.115815 0.098548 0.124205 0.089196 0.078653 0.123039 0.081905 0.115390 0.024262 0.048441 0.023114 0.124343 0.119462 0.053152 0.110316 0.069733 0.094958 0.083272 0.106220 0.114073 0.136667 0.110496 0.109889 0.099190 0.109897 0.103662 0.121612 0.094965 0.152224 0.148504 0.145181 0.137054 0.145153 0.148450 0.127756 0.124990 0.148889 0.119075 0.104163 0.136944 0.152154 0.142544 0.157980 0.152768 0.144973 0.134149 0.122624 0.101797 0.116516 0.135407 0.133675 0.151005 0.123164 0.014707
 231000.010972 9.331491 0.110952 0.122009 0.106864 0.114806 0.097995 0.123572 0.091466 0.079052 0.122338 0.081475 0.114232 0.024518 0.050704 0.026190 0.125692 0.118388 0.055159 0.111893 0.071939 0.095937 0.085389 0.108503 0.117779 0.137381 0.109506 0.104877 0.102891 0.104138 0.099718 0.121196 0.098481 0.153249 0.149272 0.142075 0.133606 0.142824 0.147873 0.122761 0.127103 0.149766 0.114152 0.103398 0.138728 0.150196 0.142901 0.158726 0.151886 0.146609 0.131342 0.122799 0.103191 0.118157 0.133583 0.134365 0.148170 0.125033 0.015775
 232000.011019 11.669969 0.107996 0.119592 0.103674 0.112880 0.095109 0.119483 0.090806 0.077982 0.118481 0.081946 0.109673 0.031063 0.052452 0.030928 0.121565 0.115909 0.056983 0.106664 0.068138 0.094767 0.085037 0.110325 0.116882 0.136318 0.113790 0.108160 0.104625 0.110267 0.103440 0.122580 0.099972 0.151164 0.147408 0.141731 0.132590 0.139591 0.146064 0.128299 0.126551 0.148696 0.116636 0.105015 0.136599 0.147452 0.140727 0.154751 0.150156 0.144540 0.128266 0.123414 0.107455 0.119654 0.132323 0.135231 0.146567 0.122696 0.017641
 233000.011067 7.028323 0.111946 0.121888 0.108324 0.112316 0.094547 0.121910 0.093347 0.082435 0.122314 0.077642 0.115342 0.021102 0.046464 0.028324 0.125688 0.117677 0.058009 0.112862 0.066396 0.098696 0.081804 0.108877 0.117514 0.138964 0.111604 0.110013 0.102737 0.109632 0.101827 0.123706 0.097380 0.151480 0.146062 0.145082 0.132612 0.141717 0.145672 0.129066 0.128091 0.149792 0.119926 0.103206 0.134558 0.150308 0.139422 0.156029 0.151608 0.142809 0.129261 0.119630 0.101917 0.119984 0.131070 0.130974 0.149353 0.125770 0.013690
 234000.011114 5.108847 0.105551 0.117085 0.102617 0.110318 0.093282 0.118260 0.087500 0.076792 0.117663 0.077887 0.110825 0.023470 0.046177 0.024201 0.119910 0.113945 0.053298 0.106592 0.065560 0.092652 0.080584 0.107821 0.114088 0.135568 0.112091 0.110820 0.099927 0.111310 0.104642 0.122134 0.096626 0.148564 0.144903 0.143236 0.134072 0.141515 0.145149 0.128870 0.124061 0.146328 0.119032 0.105155 0.134154 0.148902 0.139690 0.153955 0.149576 0.141107 0.130237 0.121648 0.103317 0.117068 0.132639 0.131293 0.148078 0.123022 0.011672
 235000.011162 14.106858 0.109053 0.120285 0.105456 0.113161 0.095418 0.120971 0.090348 0.079626 0.121114 0.079915 0.112806 0.023055 0.049474 0.025596 0.123106 0.117538 0.054101 0.110201 0.068584 0.095437 0.083607 0.106584 0.114873 0.136019 0.110117 0.107361 0.099133 0.107781 0.101351 0.120780 0.095683 0.150126 0.146023 0.142548 0.134013 0.141917 0.146043 0.125986 0.124695 0.147520 0.116790 0.102782 0.135157 0.148955 0.139979 0.155561 0.150553 0.142467 0.130934 0.120849 0.101855 0.116067 0.132668 0.131125 0.148355 0.122447 0.019395
 236000.011209 8.494107 0.109657 0.121091 0.107631 0.111825 0.093005 0.121071 0.091854 0.082220 0.122041 0.076811 0.116166 0.020566 0.043359 0.026604 0.124041 0.117636 0.057405 0.111156 0.063741 0.097281 0.079304 0.109823 0.116687 0.140036 0.115005 0.115205 0.101757 0.114717 0.107318 0.126264 0.097671 0.151609 0.146575 0.149049 0.137679 0.146083 0.148502 0.133418 0.127700 0.150212 0.124600 0.107499 0.134507 0.153926 0.141169 0.156672 0.154021 0.141714 0.133939 0.122184 0.103299 0.120271 0.135047 0.130888 0.153490 0.126749 0.015050
 237000.011257 9.435953 0.107661 0.120304 0.104037 0.115782 0.099884 0.123406 0.087768 0.075677 0.121133 0.083300 0.112029 0.025454 0.052350 0.022627 0.122780 0.118178 0.050260 0.108614 0.073352 0.093144 0.086204 0.105512 0.113868 0.134309 0.107515 0.105015 0.097707 0.105574 0.100477 0.118660 0.095312 0.150729 0.147839 0.140657 0.134910 0.142519 0.146584 0.122820 0.123684 0.146775 0.113597 0.102138 0.137496 0.148650 0.142027 0.157246 0.150221 0.144912 0.132123 0.121953 0.100962 0.114856 0.133981 0.133066 0.147677 0.121937 0.015863
 238000.011304 6.844974 0.099642 0.116270 0.097601 0.117117 0.102864 0.122398 0.081171 0.067750 0.116148 0.088146 0.107179 0.034553 0.056409 0.024238 0.116273 0.115436 0.045845 0.099851 0.075827 0.085647 0.089687 0.105551 0.109968 0.130507 0.110069 0.107885 0.096743 0.110512 0.106193 0.117748 0.097051 0.149097 0.149282 0.138840 0.137687 0.142530 0.146944 0.124948 0.119866 0.143516 0.113465 0.105843 0.140771 0.147212 0.145304 0.156796 0.148237 0.146792 0.133823 0.127872 0.106048 0.113641 0.137634 0.138731 0.146831 0.118926 0.013510
 239000.011352 7.703368 0.105106 0.118904 0.101202 0.116353 0.101067 0.122807 0.085980 0.072549 0.118720 0.085716 0.108851 0.029883 0.055338 0.024209 0.120475 0.116578 0.048850 0.105125 0.074741 0.090630 0.089035 0.105610 0.112836 0.132239 0.108220 0.103701 0.098421 0.105595 0.100775 0.117486 0.096852 0.150226 0.148484 0.137764 0.133320 0.139745 0.145464 0.122116 0.122606 0.145582 0.111000 0.102499 0.139283 0.145912 0.142779 0.156713 0.148169 0.146410 0.130229 0.124254 0.103945 0.114599 0.133928 0.136194 0.144772 0.119767 0.014333
 240000.011399 9.815296 0.104688 0.120353 0.102347 0.118572 0.102147 0.124651 0.085788 0.073141 0.120496 0.087613 0.111079 0.031882 0.055167 0.024279 0.121206 0.119385 0.049596 0.105164 0.074760 0.089827 0.088860 0.106043 0.112573 0.133467 0.110280 0.106267 0.099160 0.108119 0.103734 0.118873 0.096894 0.152195 0.150810 0.140868 0.137665 0.144251 0.149233 0.124252 0.122465 0.147036 0.113997 0.104709 0.141101 0.149367 0.145445 0.158660 0.151026 0.148564 0.134831 0.126851 0.105389 0.114637 0.137569 0.138465 0.148469 0.120264 0.016178
