880000.041798	48.1783 126.83
881000.041845	58.4027 130.585
882000.041893	51.1505 107.693
883000.041940	64.4125 105.519
884000.041988	56.9593 117.846
885000.042035	58.523 120.097
886000.042083	62.8076 116.89
887000.042130	52.1777 101.13
888000.042178	52.2316 129.743
889000.042225	47.1563 113.467
890000.042273	58.857 143.344
891000.042320	78.2585 115.331
892000.042368	53.6708 90.3142
893000.042415	64.7053 99.8505
894000.042463	67.9032 97.1632
895000.042510	65.2267 99.4943
896000.042558	58.326 133.579
897000.042605	59.0974 110.368
898000.042653	54.5927 96.578
899000.042700	59.3945 105.332
900000.042748	52.4732 101.06
901000.042795	65.2944 121.112
902000.042843	63.4417 131.385
903000.042890	60.0977 110.639
904000.042938	56.3771 91.5323
905000.042985	52.8402 118.879
906000.043033	62.4079 125.083
907000.043080	54.1829 119.463
908000.043128	56.0587 107.342
909000.043175	54.4648 125.242
910000.043223	61.9649 113.499
911000.043270	60.636 107.641
912000.043318	62.6871 121.047
913000.043365	56.0036 131.481
914000.043413	65.7791 116.18
915000.043460	65.7699 91.4712
916000.043508	60.542 123.882
917000.043555	60.3809 134.886
918000.043603	66.2242 119.599
919000.043650	65.6369 112.026
920000.043698	65.187 128.421
921000.043745	53.6623 100.463
922000.043793	54.6599 102.594
923000.043840	61.8901 102.794
924000.043888	56.8729 133.798
925000.043935	51.677 109.561
926000.043983	57.3313 114.076
927000.044030	54.9839 105.206
928000.044078	69.9198 119.074
929000.044125	56.7344 135.31
930000.044173	54.5513 114.106
931000.044220	57.9436 117.8
932000.044268	61.3156 101.668
933000.044315	50.7681 107.971
934000.044363	59.4273 123.838
935000.044410	62.1768 113.766
936000.044458	55.0632 119.269
937000.044505	58.6082 125.326
938000.044553	54.937 115.88
939000.044600	58.2324 118.365
940000.044648	61.1193 115.166
941000.044695	79.1089 118.819
942000.044743	67.911 99.3279
943000.044790	67.9819 110.394
944000.044838	57.4263 137.545
945000.044885	61.2941 105.605
946000.044933	47.6284 125.322
947000.044980	41.6762 114.583
948000.045028	65.5775 96.1953
949000.045075	65.5405 109.54
950000.045123	68.0282 102.412
951000.045170	59.7403 126.074
952000.045218	57.7679 109.619
953000.045265	61.3133 116.06
954000.045313	47.0634 122.489
955000.045360	62.2265 107.945
956000.045408	53.3755 109.808
957000.045455	62.6675 139.3
958000.045503	69.6436 118.272
959000.045550	69.3185 97.2403
960000.045598	64.8511 94.9633
961000.045645	67.0498 110.855
962000.045693	63.6968 100.979
963000.045740	53.0803 124.91
964000.045788	65.6553 108.564
965000.045835	62.8834 116.814
966000.045883	63.2341 129.564
967000.045930	57.078 107.71
968000.045978	64.5264 120.916
969000.046025	65.7544 121.875
970000.046073	55.166 100.234
971000.046120	56.646 114.342
972000.046168	62.7787 123.49
973000.046215	50.6712 101.275
974000.046263	68.6393 112.638
975000.046310	60.7294 116.068
976000.046358	53.4925 137.82
977000.046405	43.727 110.549
978000.046453	65.2386 111.984
979000.046500	56.1061 112.52
980000.046548	41.0718 122.213
981000.046595	60.4787 110.619
982000.046642	56.5775 106.797
983000.046690	61.9823 112.849
984000.046737	63.9835 112.346
985000.046785	55.9939 111.384
986000.046832	66.731 89.2461
987000.046880	69.0428 106.225
988000.046927	54.3299 113.014
989000.046975	62.8377 112.26
990000.047022	50.9976 107.393
991000.047070	50.3598 118.199
992000.047117	60.3952 126.794
993000.047165	67.5972 97.4677
994000.047212	66.2465 112.314
995000.047260	55.5228 125.214
996000.047307	47.902 107.093
997000.047355	56.5059 126.289
998000.047402	54.4408 102.261
999000.047450	73.1914 116.472
1000000.047497	84.2712 119.128
1001000.047545	72.5255 118.217
1002000.047592	51.814 101.102
1003000.047640	53.522 106.426
1004000.047687	50.2471 117.46
1005000.047735	49.9837 116.214
1006000.047782	55.3347 111.75
1007000.047830	58.6232 111.569
1008000.047877	67.6625 112.308
1009000.047925	63.2539 120.452
1010000.047972	55.2434 122.107
1011000.048020	48.0255 125.116
1012000.048067	54.4544 131.204
1013000.048115	73.9986 121.204
1014000.048162	62.3361 130.098
1015000.048210	63.7771 110.961
1016000.048257	53.8607 110.087
1017000.048305	59.4166 104.855
1018000.048352	48.0875 118.367
1019000.048400	62.6061 114.493
1020000.048447	51.9217 112.962
1021000.048495	76.73 108.475
1022000.048542	69.756 114.961
1023000.048590	66.7097 104.763
1024000.048637	67.3375 116.162
1025000.048685	57.5007 110.997
1026000.048732	69.9184 105.405
1027000.048780	63.4567 110.869
1028000.048827	54.4597 123.388
1029000.048875	60.7939 102.62
1030000.048922	56.7249 114.135
1031000.048970	57.8233 104.366
1032000.049017	38.5918 108.991
1033000.049065	64.7947 90.5117
1034000.049112	53.1002 114.451
1035000.049160	62.8276 113.175
1036000.049207	57.506 119.567
1037000.049255	55.1153 111.055
1038000.049302	52.9892 107.906
1039000.049350	50.4674 130.347
1040000.049397	52.4381 114.592
1041000.049445	51.7118 109.928
1042000.049492	60.3694 114.298
1043000.049540	62.2817 118.922
1044000.049587	52.0191 117.747
1045000.049635	65.0959 106.316
1046000.049682	63.2411 111.052
1047000.049730	52.9313 109.875
1048000.049777	49.7562 119.253
1049000.049825	64.804 109.868
1050000.049872	63.9049 108.542
1051000.049920	62.2727 123.248
1052000.049967	41.3561 122.573
1053000.050015	58.8263 111.862
1054000.050062	48.5434 118.915
1055000.050110	63.81 117.009
1056000.050157	60.0431 150.607
1057000.050205	51.4042 124.217
1058000.050252	60.3867 117.079
1059000.050300	52.7709 114.27
1060000.050347	58.3621 93.4705
1061000.050395	57.5043 92.6826
1062000.050442	58.6819 110.279
1063000.050490	49.8081 115.024
1064000.050537	59.2668 104.791
1065000.050585	59.6466 107.717
1066000.050632	55.4715 102.887
1067000.050680	57.9899 112.676
1068000.050727	57.1301 127.974
1069000.050775	53.1886 111.332
1070000.050822	61.6423 124.686
1071000.050870	64.8278 128.841
1072000.050917	53.2032 115.073
1073000.050965	57.2236 96.2355
1074000.051012	67.0899 110.432
1075000.051060	52.6214 111.559
1076000.051107	62.1972 113.281
1077000.051155	64.6557 124.722
1078000.051202	57.4106 116.491
1079000.051250	47.4866 108.467
1080000.051297	59.6622 113.443
1081000.051345	51.6124 113.361
1082000.051392	61.8974 121.543
1083000.051440	54.0913 112.814
1084000.051487	48.2306 104.673
1085000.051535	62.7214 101.871
1086000.051582	57.529 108.627
1087000.051630	57.6428 94.7709
1088000.051677	57.6084 115.795
1089000.051725	70.7696 113.186
1090000.051772	49.2085 138.972
1091000.051820	59.0987 103.861
1092000.051867	66.3046 107.727
1093000.051915	55.0129 127.111
1094000.051962	64.145 146.479
1095000.052010	60.9616 132.128
1096000.052057	46.6586 145.321
1097000.052105	66.3387 120.592
1098000.052152	64.686 123.769
1099000.052200	49.0426 114.336
1100000.052247	66.038 109.568
1101000.052295	49.8751 115.168
1102000.052342	62.8044 107.141
1103000.052390	54.4457 99.4209
1104000.052437	62.0746 106.862
1105000.052485	62.4179 121.462
1106000.052532	56.8006 125.858
1107000.052580	61.2868 113.725
1108000.052627	56.821 90.28
1109000.052675	51.1941 111.816
1110000.052722	59.7729 114.716
1111000.052770	52.3934 119.325
1112000.052817	45.8158 114.524
1113000.052865	43.3105 128.693
1114000.052912	63.9759 124.659
1115000.052960	57.6749 127.039
1116000.053007	65.4927 122.789
1117000.053055	61.7031 131.38
1118000.053102	62.0393 111.598
1119000.053150	53.4193 118.876
1120000.053197	67.0657 97.8429
1121000.053245	57.8291 122.817
1122000.053292	55.8351 117.561
1123000.053340	58.1941 103.014
1124000.053387	58.5517 114.541
1125000.053435	61.372 111.754
1126000.053482	55.2927 116.084
1127000.053530	73.0819 102.788
1128000.053577	61.0348 103.693
1129000.053625	60.1593 118.401
1130000.053672	49.2098 110.374
1131000.053720	53.5052 104.246
1132000.053767	53.3655 115.31
1133000.053815	63.9984 105.155
1134000.053862	57.901 104.418
1135000.053910	53.0515 116.083
1136000.053957	57.5811 94.2834
1137000.054005	59.1205 134.957
1138000.054052	56.2025 131.229
1139000.054100	63.2503 122.115
1140000.054147	45.9843 112.304
1141000.054195	56.8016 132.381
1142000.054242	63.4604 118.887
1143000.054290	60.7862 123.07
1144000.054337	58.6977 95.9116
1145000.054385	58.7646 133.858
1146000.054432	57.9113 114.62
1147000.054480	52.8082 127.14
1148000.054527	59.0575 92.0807
1149000.054575	58.5286 118.897
1150000.054622	51.2479 106.447
1151000.054670	53.946 119.451
1152000.054717	32.943 128.674
1153000.054765	62.2928 133.89
1154000.054812	60.4301 117.633
1155000.054860	55.9146 103.89
1156000.054907	55.4961 98.7899
1157000.054955	51.7743 116.679
1158000.055002	53.8426 128.546
1159000.055050	67.6851 105.684
1160000.055097	71.7046 107.5
1161000.055145	54.8977 137.085
1162000.055192	63.4272 108.627
1163000.055240	62.8461 97.6207
1164000.055287	65.9564 112.066
1165000.055335	62.6155 134.432
1166000.055382	54.4272 99.4362
1167000.055430	65.6653 111.667
1168000.055477	47.9715 122.588
1169000.055525	70.1538 116.926
1170000.055572	62.3049 109.698
1171000.055620	53.293 111.871
1172000.055667	60.4193 117.338
1173000.055715	55.2896 117.943
1174000.055762	58.7573 103.722
1175000.055810	59.2666 111.533
1176000.055857	59.6926 117.51
1177000.055905	58.4633 100.699
1178000.055952	59.0625 109.19
1179000.055999	60.042 86.1089
1180000.056047	66.1246 114.557
1181000.056094	51.6518 118.4
1182000.056142	57.9728 101.32
1183000.056189	46.2733 101.395
1184000.056237	29.8058 125.564
1185000.056284	62.1517 106.908
1186000.056332	67.7376 120.812
1187000.056379	63.011 111.724
1188000.056427	61.1745 108.037
1189000.056474	62.5006 107.127
1190000.056522	59.9372 122.852
1191000.056569	57.4665 108.388
1192000.056617	56.8751 113.747
1193000.056664	42.6314 115.882
1194000.056712	48.4729 121.226
1195000.056759	59.4473 103.027
1196000.056807	72.1263 121.442
1197000.056854	55.1745 119.011
1198000.056902	64.241 117.032
1199000.056949	57.8124 110.377
1200000.056997	52.6992 103.06
1201000.057044	57.2874 115.555
1202000.057092	47.3629 128.001
1203000.057139	61.7594 99.5452
1204000.057187	63.7933 137.458
1205000.057234	58.1694 105.897
1206000.057282	62.1212 133.528
1207000.057329	58.7821 112.521
1208000.057377	48.0425 110.905
1209000.057424	67.2087 111.324
1210000.057472	72.3239 107.629
1211000.057519	62.6004 117.611
1212000.057567	54.3996 125.902
1213000.057614	40.2954 83.064
1214000.057662	46.7633 118.35
1215000.057709	50.1887 105.472
1216000.057757	45.7418 115.931
1217000.057804	63.3617 109.081
1218000.057852	56.4552 100.645
1219000.057899	62.9038 113.203
1220000.057947	53.6886 103.289
1221000.057994	55.5611 100.533
1222000.058042	48.1233 102.602
1223000.058089	61.1216 98.1244
1224000.058137	51.0131 115.987
1225000.058184	65.3848 121.857
1226000.058232	63.7228 111.085
1227000.058279	48.5411 104.681
1228000.058327	58.4258 118.474
1229000.058374	53.8264 105.179
1230000.058422	66.942 109.893
1231000.058469	47.5528 112.74
1232000.058517	57.9568 108.135
1233000.058564	42.2569 123.199
1234000.058612	64.5935 121.922
1235000.058659	53.2238 129.764
1236000.058707	68.5149 131.209
1237000.058754	60.7225 114.725
1238000.058802	56.4032 133.906
1239000.058849	68.7074 103.379
1240000.058897	64.7234 130.863
1241000.058944	65.4554 131.91
1242000.058992	43.515 121.552
1243000.059039	59.0524 93.1672
1244000.059087	53.6875 113.331
1245000.059134	51.9714 105.209
1246000.059182	58.0965 122.294
1247000.059229	62.9013 117.182
1248000.059277	64.1185 103.958
1249000.059324	62.629 127.473
1250000.059372	59.5391 116.516
1251000.059419	60.604 129.16
1252000.059467	56.1422 120.757
1253000.059514	61.3348 107.545
1254000.059562	61.3796 108.235
1255000.059609	58.0998 144.152
1256000.059657	42.0879 116.853
1257000.059704	62.396 125.243
1258000.059752	43.9557 104.023
1259000.059799	54.4379 122.028
1260000.059847	48.0955 118.577
1261000.059894	66.6742 103.07
1262000.059942	68.1065 131.895
1263000.059989	73.6543 120.657
1264000.060037	60.9536 104.716
1265000.060084	60.591 118.114
1266000.060132	66.2948 105.029
1267000.060179	56.6538 107.442
1268000.060227	63.2554 117.684
1269000.060274	58.1485 119.827
1270000.060322	69.1738 116.143
1271000.060369	55.3927 122.49
1272000.060417	60.7058 122.598
1273000.060464	58.6407 122.416
1274000.060512	68.5485 122.61
1275000.060559	56.7072 112.606
1276000.060607	51.4009 117.989
1277000.060654	59.9257 130.214
1278000.060702	61.5879 107.339
1279000.060749	71.5547 126.111
1280000.060797	62.1028 94.4332
1281000.060844	59.9392 87.4189
1282000.060892	54.4183 117.646
1283000.060939	56.8945 115.026
1284000.060987	61.7222 132.846
1285000.061034	57.7752 131.305
1286000.061082	56.6396 116.702
1287000.061129	64.9692 111.455
1288000.061177	56.6105 121.006
1289000.061224	64.542 112.147
1290000.061272	60.5051 106.751
1291000.061319	57.7503 124.051
1292000.061367	66.1477 109.245
1293000.061414	60.8751 123.686
1294000.061462	42.6102 115.926
1295000.061509	66.2361 116.356
1296000.061557	64.8523 107.809
1297000.061604	53.9729 124.956
1298000.061652	56.6125 117.108
1299000.061699	68.7485 120.103
1300000.061747	60.5362 118.823
1301000.061794	63.2791 127.057
1302000.061842	55.1135 112.76
1303000.061889	59.8053 116.454
1304000.061937	54.2721 131.309
1305000.061984	57.9909 117.024
1306000.062032	58.2073 109.874
1307000.062079	55.7168 115.912
1308000.062127	54.3488 110.261
1309000.062174	67.7949 106.045
1310000.062222	70.1355 109.846
1311000.062269	45.3789 122.268
1312000.062317	53.5453 109.497
1313000.062364	61.2962 134.92
1314000.062412	64.6422 112.273
1315000.062459	52.0359 114.805
1316000.062507	58.9348 107.257
1317000.062554	54.7238 106.045
1318000.062602	54.0573 115.405
1319000.062649	62.3064 119.861
1320000.062697	58.1552 106.314
1321000.062744	41.2616 134.479
1322000.062792	60.6695 144.541
1323000.062839	66.6849 113.887
1324000.062887	55.527 108.22
1325000.062934	56.5511 106.768
1326000.062982	65.4625 116.632
1327000.063029	61.0119 122.943
1328000.063077	51.8309 116.774
1329000.063124	61.8434 104.594
1330000.063172	49.7698 133.027
1331000.063219	56.0974 100.597
1332000.063267	49.6666 118.401
1333000.063314	46.3834 125.966
1334000.063362	58.9276 137.559
1335000.063409	56.9455 105.959
1336000.063457	47.9751 108.611
1337000.063504	67.4813 113.883
1338000.063552	41.1717 116.116
1339000.063599	59.2282 104.461
1340000.063647	70.4045 110.581
1341000.063694	63.5896 104.199
1342000.063742	59.0576 98.4187
1343000.063789	70.0215 110.204
1344000.063837	54.9429 113.335
1345000.063884	41.9252 91.3358
1346000.063932	64.5823 105.353
1347000.063979	53.4177 105.46
1348000.064027	51.1423 119.562
1349000.064074	50.7736 117.175
1350000.064122	54.2736 115.243
1351000.064169	56.6503 100.883
1352000.064217	63.5844 100.277
1353000.064264	61.9773 133.079
1354000.064312	51.3932 115.753
1355000.064359	61.0409 125.932
1356000.064407	69.6113 96.777
1357000.064454	45.4112 112.698
1358000.064502	63.63 106.475
1359000.064549	52.8825 120.731
1360000.064597	69.7245 120.944
1361000.064644	63.8643 101.122
1362000.064692	68.9794 97.3322
1363000.064739	60.2435 122.324
1364000.064787	58.6522 121.425
1365000.064834	61.5084 85.407
1366000.064882	56.654 108.034
1367000.064929	48.0391 107.28
1368000.064977	60.849 124.583
1369000.065024	54.2029 114.499
1370000.065072	51.4239 109.177
1371000.065119	45.9626 127.632
1372000.065167	63.4739 96.2742
1373000.065214	67.499 103.472
1374000.065261	53.4161 117.33
1375000.065309	56.2661 112.99
1376000.065356	66.7575 115.064
1377000.065404	54.7266 115.458
1378000.065451	52.4969 124.087
1379000.065499	55.1713 103.654
1380000.065546	58.5319 127.037
1381000.065594	67.0714 109.764
1382000.065641	53.8136 105.794
1383000.065689	47.5224 107.377
1384000.065736	60.4921 130.745
1385000.065784	59.0083 114.306
1386000.065831	59.1898 104.111
1387000.065879	61.3313 113.205
1388000.065926	44.7734 106.372
1389000.065974	56.9887 112.938
1390000.066021	66.0126 98.4604
1391000.066069	46.4373 114.33
1392000.066116	61.1886 105.044
1393000.066164	52.3361 132.229
1394000.066211	59.4744 126.214
1395000.066259	56.0947 122.798
1396000.066306	49.1036 100.755
1397000.066354	53.8184 107.975
1398000.066401	63.0678 110.844
1399000.066449	53.9168 118.957
1400000.066496	60.3465 116.765
