#! FIELDS time restraint.bias r0 r1 r2 r3 r4 r5 r6 r7 r8 r9 r10 r11 r12 r13 r14 r15 r16 r17 r18 r19 r20 r21 r22 r23 r24 r25 r26 r27 r28 r29 r30 r31 r32 r33 r34 r35 r36 r37 r38 r39 r40 r41 r42 r43 r44 r45 r46 r47 r48 r49 r50 r51 r52 r53 r54 r55 r56
 460000.021849 3.600570 0.118459 0.115264 0.116514 0.088821 0.067896 0.106028 0.103497 0.102560 0.121141 0.046616 0.125117 0.021536 0.013065 0.045124 0.127694 0.106857 0.079010 0.125152 0.037365 0.112652 0.049441 0.116066 0.123285 0.146236 0.121542 0.130566 0.108265 0.123466 0.111708 0.136837 0.098010 0.138292 0.125698 0.154536 0.126235 0.137929 0.133636 0.146192 0.132842 0.147222 0.142722 0.111402 0.111888 0.150665 0.121516 0.140398 0.144594 0.118566 0.124000 0.105297 0.096183 0.126889 0.120283 0.105709 0.144728 0.136505 0.044156
 461000.021896 3.643946 0.115807 0.111223 0.114667 0.083518 0.060803 0.099471 0.103571 0.104248 0.117164 0.043115 0.123366 0.032242 0.013143 0.051751 0.123409 0.103498 0.083880 0.122210 0.026588 0.112954 0.041502 0.118711 0.122801 0.145163 0.126521 0.137009 0.110609 0.130970 0.117864 0.139206 0.099506 0.134641 0.122395 0.154935 0.128413 0.137882 0.132806 0.152429 0.131806 0.144753 0.147834 0.115230 0.107540 0.149660 0.119385 0.135473 0.142899 0.113271 0.124012 0.106062 0.100318 0.128562 0.120566 0.104460 0.145160 0.135978 0.050826
 462000.021944 2.046980 0.119553 0.114398 0.118622 0.085747 0.064732 0.103918 0.105408 0.106897 0.121670 0.042307 0.127044 0.028138 0.009851 0.050242 0.128143 0.106227 0.083112 0.127998 0.034825 0.115195 0.042587 0.115703 0.122536 0.145025 0.122235 0.135144 0.107538 0.127499 0.114589 0.137101 0.095926 0.133396 0.119652 0.153175 0.124707 0.135566 0.128846 0.149341 0.131331 0.143715 0.147069 0.112205 0.104834 0.147739 0.115397 0.134535 0.140459 0.112014 0.122928 0.100733 0.093848 0.125723 0.117070 0.098768 0.141232 0.135704 0.051150
 463000.021991 4.449328 0.117790 0.111791 0.116472 0.082172 0.057858 0.098303 0.106494 0.107429 0.117210 0.041198 0.123924 0.035414 0.014523 0.055774 0.124370 0.103331 0.087432 0.124152 0.024386 0.114923 0.040541 0.120008 0.124454 0.146426 0.127971 0.138240 0.112814 0.131786 0.118231 0.140661 0.100495 0.133931 0.120822 0.155181 0.127108 0.136600 0.131668 0.154031 0.132947 0.144840 0.149573 0.115757 0.105450 0.148778 0.117265 0.133551 0.142305 0.111647 0.122605 0.104778 0.100798 0.129883 0.118933 0.102861 0.144464 0.136728 0.053489
 464000.022039 2.232444 0.119303 0.112439 0.118408 0.081760 0.058566 0.099351 0.107422 0.109129 0.118939 0.038659 0.126060 0.034692 0.010288 0.055930 0.126329 0.103755 0.088175 0.127028 0.026259 0.116695 0.037216 0.117026 0.123003 0.144749 0.124122 0.136469 0.110629 0.128917 0.114883 0.138298 0.096962 0.131589 0.117262 0.152793 0.123420 0.133786 0.127745 0.151246 0.131655 0.142942 0.148362 0.112192 0.101525 0.146281 0.113144 0.131134 0.139191 0.108599 0.120185 0.099376 0.095230 0.127635 0.114773 0.097920 0.140737 0.135448 0.055257
 465000.022086 4.080135 0.116698 0.114132 0.115148 0.088557 0.066768 0.104494 0.102432 0.101603 0.119349 0.046960 0.123055 0.023617 0.013908 0.045871 0.125732 0.106334 0.079082 0.123141 0.034571 0.111269 0.048564 0.114068 0.120944 0.143937 0.120388 0.129643 0.107183 0.123576 0.110750 0.134646 0.095619 0.136949 0.124681 0.152445 0.125297 0.136183 0.132570 0.145709 0.130486 0.145227 0.141552 0.109126 0.110108 0.148473 0.119839 0.138157 0.143231 0.117513 0.122211 0.103948 0.095654 0.125010 0.118681 0.105929 0.143940 0.133135 0.043445
 466000.022134 3.675568 0.118620 0.115869 0.118609 0.089737 0.069137 0.106779 0.103432 0.104884 0.123707 0.047095 0.128341 0.026372 0.013200 0.046623 0.128807 0.109409 0.080388 0.127509 0.037947 0.114238 0.043958 0.111641 0.119549 0.143455 0.118240 0.131494 0.104191 0.123927 0.111303 0.133895 0.091539 0.135305 0.122003 0.153543 0.126262 0.137703 0.131217 0.145455 0.129410 0.144379 0.144125 0.108481 0.106594 0.149482 0.117270 0.136802 0.142359 0.114408 0.124993 0.100539 0.090814 0.122685 0.118231 0.101169 0.143285 0.133054 0.050296
 467000.022181 10.529930 0.118516 0.118370 0.118352 0.095632 0.078200 0.112796 0.100186 0.101176 0.127549 0.054931 0.130079 0.022652 0.022343 0.038984 0.131318 0.113112 0.073649 0.128057 0.049293 0.112555 0.050417 0.109169 0.118673 0.143101 0.113996 0.127239 0.100752 0.119117 0.108644 0.131354 0.089842 0.138862 0.126319 0.153924 0.127732 0.140358 0.133921 0.140084 0.129173 0.146640 0.139954 0.107004 0.111902 0.152195 0.121287 0.142025 0.144733 0.120146 0.128340 0.102348 0.088605 0.120131 0.121086 0.104240 0.144011 0.133117 0.048347
 468000.022229 5.099550 0.115471 0.116607 0.117076 0.094186 0.074763 0.110306 0.099137 0.100634 0.124847 0.053134 0.128640 0.025217 0.015548 0.040996 0.128269 0.111600 0.075483 0.124936 0.042636 0.110963 0.045986 0.107464 0.115384 0.140737 0.114547 0.128774 0.100105 0.121702 0.110088 0.130290 0.087869 0.136917 0.125045 0.153490 0.129175 0.140526 0.133810 0.142064 0.126459 0.144129 0.141239 0.106493 0.109528 0.151372 0.120453 0.139335 0.143848 0.117693 0.128193 0.102378 0.088716 0.118941 0.121018 0.104643 0.145133 0.129827 0.046667
 469000.022276 6.231352 0.117011 0.112149 0.113806 0.085730 0.065945 0.102500 0.101929 0.100962 0.118134 0.044633 0.121893 0.021299 0.017187 0.044879 0.125138 0.103523 0.077999 0.123414 0.036794 0.111453 0.049201 0.116676 0.123462 0.144821 0.121382 0.129582 0.108001 0.122929 0.111095 0.136002 0.098582 0.136073 0.123959 0.151638 0.123782 0.134945 0.131334 0.145280 0.131883 0.145174 0.140948 0.111125 0.110893 0.147899 0.119947 0.138521 0.142156 0.116883 0.121072 0.104603 0.097209 0.126374 0.118450 0.104456 0.141991 0.135905 0.044767
 470000.022324 4.122728 0.117144 0.109953 0.115928 0.079652 0.055864 0.096631 0.106425 0.108389 0.115474 0.037230 0.122521 0.036992 0.013980 0.058367 0.122874 0.101170 0.088602 0.124148 0.022019 0.114860 0.039098 0.118444 0.122317 0.143342 0.126813 0.139458 0.110663 0.133765 0.118423 0.138551 0.098912 0.129151 0.115629 0.150925 0.123426 0.132054 0.126019 0.154139 0.130306 0.140319 0.149355 0.114225 0.100383 0.143800 0.112104 0.128893 0.137234 0.106705 0.118750 0.100382 0.098192 0.127879 0.114563 0.097474 0.139894 0.134422 0.054904
 471000.022371 3.671778 0.118222 0.112425 0.116564 0.084056 0.062724 0.101018 0.104877 0.105216 0.118706 0.042210 0.124541 0.030510 0.013193 0.050978 0.126048 0.104002 0.084184 0.125437 0.031255 0.114377 0.041698 0.117083 0.123403 0.145085 0.123186 0.133546 0.110255 0.126302 0.113500 0.137482 0.097461 0.134300 0.121213 0.152927 0.124350 0.135116 0.130245 0.148798 0.131947 0.144467 0.145462 0.112001 0.106368 0.147692 0.116979 0.134805 0.141208 0.113407 0.121319 0.102438 0.096711 0.127386 0.117147 0.102444 0.142082 0.135729 0.050775
 472000.022419 8.548364 0.113379 0.115581 0.112554 0.095599 0.075872 0.110211 0.097264 0.094619 0.120374 0.055772 0.121880 0.016722 0.020131 0.037345 0.124867 0.109614 0.070583 0.119337 0.045097 0.105670 0.056891 0.110982 0.117919 0.142252 0.116881 0.126021 0.102747 0.121053 0.110001 0.131252 0.094108 0.140503 0.130516 0.152491 0.129935 0.140631 0.137044 0.141412 0.128265 0.145764 0.137073 0.108162 0.116846 0.151268 0.126211 0.143795 0.146439 0.123930 0.127174 0.108532 0.095111 0.121904 0.123854 0.111954 0.147508 0.131331 0.033715
 473000.022466 6.477887 0.119412 0.115131 0.119712 0.087841 0.069299 0.105963 0.103903 0.107025 0.124938 0.046758 0.130851 0.032288 0.017524 0.048958 0.129658 0.108947 0.082539 0.129135 0.038802 0.116892 0.038543 0.113584 0.120508 0.143263 0.120104 0.135490 0.105272 0.127572 0.114943 0.135530 0.092907 0.133179 0.119559 0.153426 0.126593 0.137481 0.129433 0.148164 0.130282 0.143901 0.147571 0.111368 0.104410 0.149120 0.115826 0.134911 0.140270 0.111806 0.125675 0.099957 0.091485 0.124026 0.118179 0.098233 0.140998 0.134945 0.056161
 474000.022514 4.038822 0.119399 0.109465 0.118140 0.076835 0.053692 0.095364 0.108729 0.111782 0.116343 0.034586 0.125639 0.041009 0.013837 0.061523 0.124470 0.100526 0.092430 0.127211 0.022887 0.117617 0.033979 0.121730 0.125542 0.145771 0.129487 0.142909 0.113883 0.135442 0.121216 0.141958 0.101713 0.128213 0.114049 0.152731 0.124138 0.133483 0.126047 0.156701 0.132658 0.141275 0.153381 0.117824 0.099670 0.145182 0.111883 0.128164 0.136925 0.105128 0.120536 0.101037 0.099328 0.130639 0.115245 0.095404 0.139548 0.138637 0.059880
 475000.022561 5.796900 0.112411 0.114520 0.113120 0.094202 0.075205 0.109302 0.096164 0.095743 0.121235 0.054339 0.124122 0.021839 0.016577 0.037755 0.124808 0.109425 0.071998 0.120167 0.042847 0.106704 0.050622 0.109059 0.115519 0.140334 0.115916 0.127931 0.100644 0.122291 0.111199 0.130314 0.090831 0.137774 0.127455 0.152622 0.130350 0.140967 0.135343 0.141982 0.126194 0.143896 0.139193 0.108020 0.113260 0.151116 0.123673 0.141122 0.144525 0.120460 0.128293 0.106262 0.092284 0.119861 0.123145 0.108561 0.146331 0.129994 0.039909
 476000.022609 6.133656 0.119368 0.111664 0.115916 0.080835 0.057322 0.097782 0.107365 0.106905 0.116461 0.038574 0.121925 0.030431 0.017052 0.054582 0.124901 0.101380 0.086056 0.125035 0.027879 0.115072 0.045605 0.121590 0.127209 0.147623 0.127357 0.135177 0.113820 0.128198 0.114988 0.141033 0.102893 0.134371 0.120856 0.153357 0.123100 0.133417 0.129869 0.151723 0.134782 0.145379 0.146665 0.114900 0.106714 0.146973 0.116776 0.134598 0.141416 0.112466 0.118824 0.103860 0.101078 0.131016 0.116606 0.101927 0.141991 0.138601 0.051071
 477000.022656 4.385009 0.116042 0.113921 0.116332 0.089810 0.071825 0.107220 0.099701 0.101762 0.122654 0.048667 0.127245 0.026392 0.014418 0.043513 0.127120 0.108077 0.077121 0.125645 0.041494 0.111522 0.044165 0.110376 0.117553 0.141208 0.116763 0.131673 0.101565 0.124523 0.112561 0.131998 0.090688 0.133730 0.121533 0.151712 0.126615 0.137653 0.130139 0.144263 0.127198 0.142265 0.143178 0.108961 0.107287 0.148558 0.117749 0.136636 0.140522 0.114679 0.125890 0.101223 0.089987 0.120530 0.118932 0.100925 0.141664 0.132116 0.048761
 478000.022704 5.269767 0.118158 0.113667 0.116890 0.087033 0.067201 0.104179 0.102865 0.104310 0.121468 0.045585 0.126277 0.027165 0.015806 0.046794 0.127359 0.106590 0.080665 0.126448 0.036201 0.114154 0.043638 0.114055 0.121169 0.143697 0.120414 0.131965 0.106120 0.124841 0.112382 0.135035 0.094450 0.134791 0.121997 0.152481 0.125133 0.136234 0.130754 0.146544 0.130338 0.144411 0.144049 0.110289 0.107596 0.148428 0.117704 0.136592 0.141473 0.114777 0.123471 0.102133 0.094068 0.124281 0.118301 0.101963 0.141934 0.134160 0.050483
 479000.022751 4.104918 0.120749 0.112932 0.120763 0.082203 0.062908 0.101857 0.107192 0.111418 0.122582 0.039082 0.130635 0.036675 0.013950 0.055910 0.129064 0.104989 0.088457 0.131320 0.033593 0.119185 0.033631 0.116149 0.122478 0.143792 0.123069 0.139248 0.108353 0.130402 0.116949 0.137726 0.095304 0.129639 0.115093 0.151854 0.123503 0.134241 0.125591 0.151296 0.130790 0.141542 0.150621 0.113480 0.100094 0.146338 0.111774 0.130854 0.137028 0.106898 0.122540 0.097861 0.092599 0.125799 0.115077 0.093844 0.138088 0.136201 0.060594
 480000.022799 3.329397 0.118870 0.112348 0.118345 0.082227 0.060288 0.099864 0.106359 0.108658 0.120045 0.040203 0.127364 0.035026 0.012563 0.054323 0.126453 0.104234 0.087157 0.127113 0.028598 0.116947 0.035544 0.117710 0.123026 0.144698 0.124931 0.137996 0.109819 0.130248 0.117259 0.138941 0.097293 0.131481 0.117651 0.154006 0.126150 0.136022 0.128717 0.152145 0.131716 0.143045 0.149721 0.114473 0.102152 0.147996 0.114406 0.131814 0.139731 0.108307 0.123159 0.101140 0.096059 0.127601 0.117259 0.097814 0.141699 0.136281 0.056797
 481000.022846 5.909998 0.120577 0.113338 0.120049 0.083400 0.062654 0.102045 0.107145 0.110992 0.122339 0.040269 0.129254 0.034707 0.016738 0.055668 0.127949 0.106370 0.087007 0.129812 0.032683 0.118544 0.038433 0.116061 0.121737 0.143575 0.123741 0.140012 0.106533 0.133023 0.118236 0.137542 0.095671 0.129163 0.114824 0.151871 0.124762 0.134440 0.125690 0.152318 0.130450 0.141128 0.150861 0.113416 0.100021 0.145802 0.111716 0.130790 0.137303 0.106235 0.122864 0.098089 0.093199 0.125679 0.115605 0.093083 0.138996 0.135707 0.058825
 482000.022894 6.437623 0.115333 0.106791 0.115214 0.077031 0.057459 0.095088 0.103947 0.108558 0.115546 0.036815 0.124551 0.042010 0.017470 0.059123 0.121831 0.099662 0.089358 0.124385 0.024348 0.115907 0.029410 0.116315 0.119123 0.138960 0.124736 0.141027 0.107679 0.135315 0.119983 0.135860 0.096098 0.124287 0.111122 0.147799 0.122963 0.130992 0.122469 0.152493 0.127092 0.136410 0.149447 0.114002 0.096462 0.141681 0.109292 0.125352 0.132700 0.102017 0.119228 0.097828 0.095447 0.125146 0.113376 0.092843 0.135883 0.132633 0.061306
 483000.022941 3.167452 0.117550 0.111236 0.115726 0.082059 0.059016 0.098811 0.105726 0.105787 0.116073 0.040044 0.122636 0.032631 0.012254 0.054169 0.124114 0.101849 0.086295 0.123854 0.026565 0.113900 0.042321 0.118560 0.123904 0.145341 0.125220 0.135079 0.111844 0.128328 0.114956 0.138682 0.099596 0.133509 0.120563 0.152954 0.124331 0.134473 0.129915 0.150914 0.132252 0.143700 0.146472 0.113243 0.105723 0.147007 0.116690 0.133594 0.140843 0.112082 0.120203 0.103197 0.098572 0.128868 0.116797 0.102636 0.142491 0.135973 0.050237
 484000.022989 5.649593 0.118100 0.108900 0.114980 0.078498 0.058063 0.096442 0.105419 0.106411 0.115304 0.036631 0.122217 0.033060 0.016365 0.054548 0.123674 0.099342 0.086544 0.124993 0.027874 0.115307 0.040141 0.120385 0.125406 0.144931 0.126098 0.136511 0.111961 0.129472 0.116061 0.139294 0.100987 0.131057 0.118094 0.150880 0.122158 0.132113 0.127021 0.151625 0.132617 0.142239 0.147053 0.114635 0.104305 0.144973 0.114824 0.132126 0.138131 0.109808 0.118430 0.102068 0.099302 0.129467 0.115358 0.099514 0.139161 0.137582 0.053910
 485000.023036 7.476803 0.119132 0.110200 0.119709 0.078581 0.057569 0.096857 0.107997 0.113266 0.119693 0.037795 0.129423 0.044403 0.018827 0.061903 0.125684 0.103255 0.092987 0.128879 0.025626 0.119994 0.026741 0.118391 0.122042 0.142677 0.127219 0.144024 0.110392 0.136784 0.121901 0.139418 0.097043 0.126541 0.112187 0.152093 0.125745 0.134426 0.125165 0.155891 0.130156 0.139667 0.154017 0.116320 0.096339 0.145388 0.110107 0.126644 0.135764 0.102208 0.122732 0.098604 0.096208 0.127597 0.115424 0.092784 0.138914 0.135685 0.065725
 486000.023084 2.067166 0.118379 0.112010 0.117490 0.081943 0.058931 0.099431 0.106321 0.107969 0.118478 0.039251 0.125571 0.033514 0.009899 0.054683 0.125333 0.103388 0.086949 0.125835 0.026135 0.115600 0.038812 0.118745 0.123597 0.145420 0.126299 0.138533 0.110712 0.131500 0.117989 0.139670 0.099041 0.131940 0.118461 0.153997 0.126102 0.135836 0.129208 0.153346 0.132073 0.143188 0.149835 0.115165 0.103568 0.147755 0.115396 0.132547 0.140126 0.109472 0.122526 0.102495 0.097715 0.128513 0.117606 0.099157 0.142412 0.136773 0.053648
 487000.023131 5.986809 0.123084 0.117813 0.120372 0.088796 0.067857 0.106982 0.107536 0.106805 0.124460 0.045798 0.128542 0.022746 0.016847 0.047450 0.131877 0.108703 0.082162 0.130221 0.039202 0.117198 0.048596 0.117992 0.127064 0.149456 0.122125 0.130143 0.111280 0.121458 0.110217 0.139065 0.099127 0.139862 0.125793 0.156182 0.124691 0.137623 0.133702 0.145724 0.136273 0.150056 0.143734 0.111537 0.111521 0.151760 0.120631 0.141072 0.145609 0.118940 0.123414 0.103913 0.096213 0.129193 0.119206 0.104503 0.144250 0.139477 0.048717
 488000.023179 6.807201 0.111409 0.111854 0.112197 0.089271 0.067813 0.103054 0.098528 0.098750 0.117987 0.051526 0.122606 0.032730 0.017964 0.046488 0.121931 0.106607 0.078420 0.117884 0.033167 0.108447 0.044516 0.113949 0.117381 0.141320 0.122864 0.133951 0.106017 0.129285 0.116929 0.134760 0.095058 0.135996 0.125429 0.154401 0.132022 0.140770 0.135574 0.148922 0.127718 0.143947 0.144448 0.112833 0.110162 0.150857 0.122355 0.137269 0.144291 0.116639 0.127543 0.108023 0.098682 0.124076 0.123625 0.108640 0.147304 0.131090 0.047415
 489000.023226 7.931654 0.120112 0.116201 0.119782 0.088831 0.069499 0.106555 0.104528 0.107018 0.125688 0.047618 0.130737 0.029774 0.019391 0.047958 0.130137 0.109751 0.081464 0.129331 0.039768 0.116857 0.042622 0.115886 0.122650 0.145651 0.122587 0.136334 0.106394 0.128447 0.116624 0.137849 0.095533 0.135452 0.122011 0.155917 0.129023 0.139866 0.132079 0.149708 0.132188 0.146077 0.148460 0.113993 0.107192 0.151634 0.118412 0.137611 0.142988 0.113786 0.127982 0.103083 0.094477 0.125634 0.121148 0.100111 0.143671 0.137001 0.055432
 490000.023274 1.669486 0.119566 0.114324 0.119766 0.085622 0.064751 0.103974 0.105586 0.108354 0.122382 0.042266 0.129027 0.031847 0.008896 0.052088 0.128422 0.106815 0.085186 0.128945 0.033576 0.116251 0.038749 0.114316 0.121090 0.144017 0.121556 0.136366 0.106828 0.128480 0.115177 0.136377 0.093988 0.132130 0.118203 0.153038 0.125112 0.136007 0.128315 0.149706 0.130198 0.142721 0.148373 0.111625 0.103042 0.147734 0.114350 0.133259 0.139530 0.110391 0.123718 0.099526 0.092159 0.124736 0.116621 0.097494 0.141008 0.134810 0.053879
 491000.023321 5.446955 0.116967 0.114049 0.114706 0.088880 0.069169 0.105457 0.101276 0.099944 0.120063 0.048452 0.123650 0.021850 0.016069 0.042608 0.126495 0.106214 0.076981 0.123373 0.039227 0.110888 0.049379 0.116363 0.123261 0.145667 0.121232 0.129493 0.108243 0.122665 0.111946 0.136220 0.098114 0.138482 0.126669 0.154064 0.126940 0.138372 0.134360 0.144938 0.132353 0.147114 0.141328 0.111850 0.113164 0.150796 0.122645 0.140701 0.144741 0.119794 0.124567 0.106719 0.097328 0.126609 0.121291 0.107348 0.144819 0.136313 0.043079
 492000.023369 5.287155 0.119530 0.116109 0.117771 0.089431 0.069235 0.106757 0.103835 0.103561 0.123128 0.047746 0.127024 0.023321 0.015832 0.044652 0.129428 0.108140 0.079350 0.127181 0.039324 0.113959 0.047738 0.115662 0.123680 0.146623 0.120874 0.129974 0.108454 0.122035 0.110977 0.136726 0.096803 0.138914 0.125896 0.155041 0.126179 0.138404 0.134037 0.145034 0.133124 0.148145 0.142658 0.111103 0.111703 0.151459 0.121238 0.140675 0.144975 0.119060 0.124762 0.104779 0.095626 0.126270 0.120386 0.105535 0.144539 0.136623 0.047337
 493000.023416 7.901386 0.117603 0.113887 0.115219 0.087539 0.066459 0.103238 0.103010 0.102004 0.120090 0.047605 0.124141 0.025827 0.019354 0.045830 0.126205 0.106250 0.079839 0.123463 0.035047 0.113015 0.047617 0.118006 0.124262 0.146351 0.123693 0.131170 0.110030 0.124586 0.113221 0.137963 0.099373 0.138415 0.126233 0.155139 0.127825 0.138800 0.135126 0.147114 0.133479 0.147960 0.143207 0.113035 0.112286 0.151334 0.122426 0.140098 0.145291 0.118383 0.124685 0.107194 0.099475 0.128203 0.121686 0.107246 0.145784 0.136917 0.047515
 494000.023464 4.339337 0.115858 0.113579 0.115991 0.088389 0.067677 0.104505 0.101248 0.102973 0.121459 0.047569 0.126428 0.028317 0.014343 0.046299 0.125586 0.107953 0.079606 0.123772 0.034283 0.112727 0.042241 0.112569 0.118260 0.141985 0.120282 0.133786 0.103791 0.127774 0.114663 0.134249 0.092809 0.133932 0.121609 0.153400 0.128647 0.138556 0.131732 0.147878 0.128492 0.143300 0.145278 0.110515 0.106567 0.149384 0.118244 0.135946 0.141808 0.113217 0.125949 0.102599 0.093354 0.123177 0.119927 0.101832 0.144009 0.132553 0.049955
 495000.023511 6.350115 0.120017 0.117834 0.117840 0.092234 0.071662 0.109098 0.104163 0.101988 0.123199 0.050012 0.125768 0.018842 0.017350 0.043425 0.130094 0.109406 0.077574 0.126717 0.043001 0.112418 0.053399 0.115232 0.124223 0.147341 0.119348 0.127062 0.108664 0.119397 0.108582 0.135812 0.097176 0.141236 0.128464 0.154858 0.125789 0.138484 0.135251 0.142668 0.133637 0.149125 0.139891 0.109516 0.114235 0.151679 0.122919 0.142765 0.146651 0.122152 0.124291 0.105502 0.095441 0.126356 0.120555 0.108157 0.145633 0.136407 0.041749
 496000.023559 4.275299 0.118992 0.110718 0.115632 0.081134 0.061735 0.099686 0.104982 0.105016 0.117101 0.038554 0.123039 0.027975 0.014237 0.051190 0.125724 0.100914 0.083645 0.126167 0.034208 0.114312 0.043980 0.118759 0.125564 0.145661 0.122845 0.132660 0.110891 0.124626 0.112263 0.137970 0.099918 0.133123 0.119875 0.150963 0.120843 0.132345 0.127672 0.147464 0.132979 0.143690 0.144057 0.112317 0.106614 0.145795 0.116065 0.134699 0.139250 0.112699 0.118417 0.101495 0.096656 0.128420 0.115010 0.100330 0.138976 0.138003 0.050309
 497000.023606 4.097288 0.116131 0.113762 0.114927 0.088324 0.065851 0.103806 0.102766 0.101803 0.118328 0.047192 0.122396 0.026971 0.013937 0.048022 0.124645 0.106122 0.080295 0.121997 0.033348 0.110623 0.048552 0.116042 0.121579 0.144750 0.123315 0.133026 0.108538 0.127726 0.114594 0.136481 0.097532 0.136630 0.124732 0.153722 0.127474 0.137382 0.133217 0.149136 0.130924 0.145059 0.144334 0.112050 0.109972 0.148955 0.120415 0.137474 0.143667 0.117149 0.123558 0.105706 0.098134 0.126484 0.120199 0.106661 0.145311 0.134075 0.043148
 498000.023654 8.012564 0.115379 0.116327 0.114753 0.095107 0.076474 0.110931 0.098425 0.097044 0.122362 0.054239 0.124230 0.017677 0.019490 0.037873 0.127328 0.109772 0.072235 0.123093 0.046051 0.108367 0.054434 0.109296 0.117788 0.141797 0.114510 0.124929 0.101864 0.118660 0.107614 0.130067 0.091460 0.139481 0.128601 0.151514 0.127097 0.138678 0.134549 0.139681 0.128000 0.145172 0.136734 0.106110 0.114444 0.150224 0.123400 0.142498 0.144764 0.122434 0.125653 0.105082 0.091740 0.120468 0.121288 0.109039 0.144862 0.130769 0.038213
 499000.023701 8.997686 0.122757 0.113638 0.124573 0.081368 0.061621 0.101229 0.110744 0.117471 0.124536 0.039249 0.134217 0.046411 0.020653 0.063927 0.130486 0.106970 0.094689 0.134897 0.034961 0.122820 0.025769 0.114314 0.120552 0.141443 0.122537 0.143053 0.107603 0.134379 0.119056 0.136609 0.091994 0.123927 0.107458 0.149233 0.121519 0.131226 0.120147 0.152618 0.128522 0.137530 0.153744 0.112494 0.090711 0.142187 0.103850 0.123145 0.132051 0.098886 0.121131 0.091342 0.088603 0.123958 0.110302 0.085451 0.134047 0.133842 0.069146
 500000.023749 4.450172 0.120350 0.110832 0.118771 0.077928 0.054125 0.096222 0.109474 0.112187 0.117576 0.034592 0.125896 0.038889 0.014525 0.060577 0.125444 0.101643 0.091988 0.127823 0.020924 0.118918 0.034951 0.121105 0.125394 0.145637 0.128889 0.141822 0.113276 0.134626 0.119740 0.141520 0.100900 0.129009 0.114436 0.152548 0.123483 0.132727 0.125857 0.156421 0.133119 0.141879 0.152595 0.116428 0.099349 0.144981 0.111380 0.128693 0.137307 0.105203 0.119549 0.099959 0.098739 0.130554 0.114569 0.095138 0.139541 0.137885 0.059479
 501000.023796 2.760322 0.115144 0.114631 0.115646 0.090360 0.068163 0.105874 0.101317 0.101649 0.120502 0.049499 0.125082 0.027711 0.011439 0.046332 0.125383 0.108323 0.079107 0.122264 0.034897 0.110274 0.046473 0.113536 0.119016 0.143696 0.121796 0.133485 0.105887 0.127756 0.115253 0.135302 0.094784 0.136887 0.125181 0.155139 0.130223 0.140339 0.134808 0.148449 0.129247 0.145012 0.145043 0.111756 0.110109 0.151140 0.121407 0.138301 0.144648 0.117241 0.127133 0.106087 0.096019 0.124202 0.122221 0.106530 0.146865 0.132818 0.044490
 502000.023844 2.932194 0.117225 0.112851 0.116351 0.086022 0.065915 0.103366 0.102842 0.103680 0.119969 0.044540 0.125772 0.028659 0.011790 0.047815 0.126575 0.104933 0.081682 0.125441 0.035062 0.113204 0.042428 0.114519 0.121370 0.143896 0.120598 0.131771 0.107559 0.124035 0.112232 0.135509 0.095396 0.134923 0.122299 0.152964 0.125246 0.136600 0.131144 0.146151 0.130479 0.144357 0.143790 0.110843 0.107896 0.148942 0.118426 0.136504 0.141668 0.114782 0.123262 0.102882 0.094459 0.125024 0.118368 0.103025 0.142428 0.134613 0.049567
 503000.023891 0.857543 0.117526 0.113030 0.117123 0.084977 0.062785 0.102339 0.104604 0.105830 0.119555 0.042304 0.125780 0.030508 0.006376 0.051140 0.126083 0.104863 0.083850 0.125455 0.031010 0.113814 0.041323 0.115660 0.121453 0.144355 0.123126 0.135410 0.108067 0.128173 0.115320 0.137192 0.096410 0.133369 0.120249 0.153789 0.126168 0.136568 0.130148 0.149930 0.130620 0.143406 0.147081 0.112770 0.105282 0.148391 0.116608 0.134317 0.141057 0.111898 0.123472 0.102396 0.095207 0.125934 0.118165 0.100712 0.142791 0.134828 0.050561
 504000.023939 9.168181 0.113758 0.116778 0.113305 0.096937 0.077236 0.111414 0.096831 0.094811 0.122861 0.057232 0.123896 0.015214 0.020848 0.034082 0.126195 0.111620 0.069029 0.120275 0.046193 0.106461 0.055701 0.110841 0.117992 0.142942 0.117159 0.126507 0.101708 0.121268 0.110982 0.131853 0.093364 0.141513 0.131267 0.154544 0.132269 0.143089 0.138752 0.141621 0.128728 0.147339 0.137970 0.109282 0.117273 0.153671 0.127075 0.145061 0.148067 0.124293 0.130099 0.109200 0.094819 0.121449 0.125923 0.111522 0.148997 0.131949 0.036478
 505000.023986 4.128207 0.115866 0.115134 0.116313 0.091166 0.072201 0.108045 0.100249 0.100850 0.122834 0.050049 0.127074 0.025428 0.013989 0.043154 0.127482 0.108612 0.076507 0.124860 0.042868 0.110603 0.046530 0.111993 0.119179 0.143227 0.117964 0.131180 0.103592 0.123472 0.112752 0.133741 0.092765 0.136637 0.124583 0.154431 0.128842 0.140165 0.133251 0.144172 0.128866 0.144567 0.142782 0.110596 0.109807 0.151473 0.120631 0.139047 0.143777 0.116941 0.127631 0.103941 0.092104 0.122229 0.121326 0.104076 0.144773 0.133623 0.046948
 506000.024034 4.000145 0.118892 0.109512 0.117930 0.078073 0.057572 0.097079 0.106785 0.110472 0.117544 0.035299 0.126069 0.038777 0.013771 0.058511 0.125037 0.100961 0.090211 0.127847 0.026368 0.117625 0.032789 0.118144 0.122803 0.142738 0.125501 0.140236 0.110215 0.132858 0.118409 0.138154 0.097763 0.127147 0.113150 0.149792 0.122052 0.131577 0.123773 0.153104 0.130292 0.139373 0.150416 0.114470 0.098564 0.143307 0.110298 0.127783 0.134847 0.104805 0.119367 0.098240 0.095601 0.127272 0.113466 0.093858 0.136924 0.135695 0.059532
 507000.024081 5.863072 0.116789 0.113646 0.118367 0.087766 0.068159 0.104697 0.102228 0.106419 0.123171 0.046935 0.129333 0.034591 0.016672 0.050025 0.127185 0.108325 0.082814 0.127232 0.036171 0.114971 0.037063 0.109915 0.116318 0.139937 0.118368 0.134904 0.102092 0.127974 0.114592 0.132373 0.088973 0.130820 0.117813 0.151606 0.126852 0.136802 0.128376 0.147307 0.126214 0.140577 0.146589 0.109173 0.101956 0.147383 0.113956 0.132283 0.138692 0.109598 0.125510 0.098770 0.089733 0.120268 0.117390 0.097509 0.140951 0.130233 0.056430
 508000.024129 7.230520 0.119178 0.115756 0.116934 0.089257 0.067654 0.105450 0.104182 0.103413 0.122211 0.048180 0.125877 0.023662 0.018514 0.045193 0.127890 0.108260 0.079619 0.125248 0.036423 0.114090 0.048939 0.117861 0.124484 0.147333 0.124167 0.132343 0.109040 0.125902 0.114301 0.138633 0.099261 0.138801 0.126285 0.156403 0.129001 0.139911 0.135356 0.148548 0.134102 0.148577 0.144757 0.113731 0.112338 0.152251 0.122504 0.140838 0.145919 0.118459 0.126298 0.107121 0.098736 0.128218 0.122530 0.106167 0.146558 0.137626 0.047023
 509000.024176 3.357188 0.117549 0.108652 0.116676 0.077331 0.055720 0.095777 0.106405 0.109776 0.115820 0.034794 0.124468 0.039464 0.012616 0.059474 0.123652 0.099785 0.090346 0.126248 0.023562 0.116251 0.033113 0.118438 0.122631 0.143036 0.126238 0.140237 0.111149 0.133091 0.118438 0.138576 0.098273 0.127892 0.114112 0.150397 0.122301 0.131720 0.124817 0.153583 0.130067 0.139615 0.150068 0.114589 0.099053 0.143763 0.111032 0.127983 0.135867 0.105336 0.118827 0.099233 0.097019 0.127558 0.113790 0.095698 0.138108 0.135161 0.058908
 510000.024224 1.125048 0.115743 0.112410 0.117245 0.085680 0.064101 0.102392 0.103012 0.105850 0.120032 0.043932 0.126970 0.034464 0.007303 0.052174 0.125074 0.106201 0.084091 0.124843 0.031480 0.113132 0.036788 0.112593 0.117763 0.141525 0.121223 0.136831 0.104962 0.130203 0.116625 0.134761 0.092218 0.130763 0.117892 0.152884 0.127590 0.137187 0.129006 0.149776 0.127207 0.140586 0.148070 0.111428 0.101896 0.147560 0.114603 0.131477 0.139409 0.109021 0.124950 0.100342 0.092380 0.122858 0.117737 0.098639 0.142423 0.131887 0.053225
 511000.024271 2.089498 0.116250 0.114152 0.117123 0.088675 0.067932 0.105462 0.101601 0.103914 0.122043 0.046784 0.127251 0.028574 0.009953 0.047011 0.126579 0.108239 0.080099 0.125188 0.035334 0.112593 0.041394 0.110615 0.117164 0.141321 0.118428 0.133102 0.102714 0.126389 0.113322 0.132917 0.090675 0.132961 0.120171 0.152478 0.126906 0.137401 0.130082 0.146578 0.127271 0.142098 0.144995 0.108929 0.104899 0.148235 0.116209 0.134617 0.140572 0.112414 0.125184 0.100463 0.090561 0.121419 0.118158 0.099973 0.142513 0.131236 0.049799
 512000.024319 6.754101 0.119510 0.114879 0.117007 0.087243 0.065940 0.103910 0.104920 0.104483 0.121388 0.046170 0.125890 0.025820 0.017894 0.047474 0.127646 0.106937 0.081544 0.125596 0.033923 0.115281 0.046893 0.119751 0.125803 0.148086 0.125742 0.134185 0.111097 0.127516 0.115430 0.140156 0.100737 0.138606 0.126008 0.156577 0.128506 0.139356 0.135072 0.150332 0.135129 0.148770 0.146256 0.114797 0.111879 0.152127 0.122323 0.140388 0.145751 0.117861 0.125303 0.107234 0.100230 0.130070 0.122159 0.106300 0.146281 0.138964 0.049053
 513000.024366 7.167415 0.123124 0.110361 0.118934 0.074963 0.051867 0.094634 0.111987 0.113243 0.116131 0.030560 0.124398 0.037620 0.018433 0.061926 0.126517 0.098275 0.093577 0.129917 0.025547 0.120119 0.040792 0.126102 0.131587 0.149812 0.131198 0.139919 0.118366 0.130735 0.117712 0.145191 0.106770 0.131357 0.116611 0.153218 0.120418 0.131246 0.126382 0.155853 0.137544 0.144568 0.151862 0.118584 0.103175 0.145524 0.113328 0.131387 0.138526 0.108167 0.117012 0.102061 0.102346 0.134804 0.114131 0.097153 0.138852 0.143054 0.059196
 514000.024414 2.676018 0.117773 0.113425 0.115919 0.085969 0.063768 0.102848 0.104459 0.103787 0.118575 0.043982 0.123637 0.026640 0.011263 0.049514 0.125591 0.104748 0.081847 0.124053 0.033739 0.112100 0.047756 0.119440 0.124911 0.147584 0.126000 0.135492 0.110811 0.128832 0.116819 0.139896 0.101016 0.136769 0.124417 0.155840 0.128107 0.138606 0.133558 0.151044 0.133440 0.146276 0.146795 0.115643 0.110467 0.150621 0.121056 0.138259 0.144334 0.116376 0.124756 0.107048 0.099878 0.129063 0.121318 0.105261 0.145738 0.138177 0.045744
 515000.024461 5.225204 0.120676 0.116235 0.119649 0.088469 0.069302 0.107003 0.105111 0.105536 0.124137 0.046348 0.129378 0.027136 0.015739 0.047483 0.130648 0.108007 0.081226 0.129342 0.042439 0.115110 0.045554 0.115676 0.124123 0.146765 0.120118 0.131593 0.108097 0.122408 0.111974 0.137154 0.096642 0.136444 0.122679 0.155028 0.125378 0.138002 0.131423 0.145060 0.133063 0.146653 0.144399 0.111990 0.108779 0.150802 0.118671 0.138333 0.142803 0.115800 0.125096 0.102367 0.092952 0.126068 0.118777 0.101120 0.142240 0.138068 0.050512
 516000.024509 5.529280 0.114034 0.111707 0.113075 0.088081 0.070145 0.104571 0.098134 0.098834 0.119719 0.048552 0.124000 0.024774 0.016190 0.041902 0.124369 0.105688 0.075244 0.121858 0.039566 0.109648 0.045647 0.114069 0.119521 0.142316 0.120268 0.132600 0.103985 0.126445 0.114956 0.134361 0.095225 0.134984 0.123862 0.152705 0.128535 0.138773 0.132462 0.146127 0.128865 0.143654 0.143109 0.112268 0.110379 0.149720 0.121025 0.138365 0.142158 0.116366 0.126304 0.105443 0.095337 0.123463 0.121674 0.104300 0.143369 0.134201 0.046457
 517000.024556 2.869146 0.114161 0.112612 0.114247 0.088638 0.069479 0.105387 0.099325 0.099760 0.119690 0.048144 0.124819 0.026410 0.011663 0.044378 0.124793 0.105949 0.077017 0.122256 0.039518 0.109084 0.045930 0.113754 0.119392 0.143038 0.120196 0.132926 0.104693 0.125970 0.114962 0.134804 0.095253 0.135236 0.123836 0.153927 0.129093 0.139824 0.132959 0.146125 0.128759 0.143550 0.143741 0.112486 0.110091 0.150610 0.121078 0.138202 0.142817 0.116119 0.127056 0.105572 0.094482 0.123505 0.121727 0.104341 0.144590 0.134331 0.045506
 518000.024604 7.521106 0.118867 0.117098 0.117998 0.092012 0.072792 0.108924 0.102170 0.102248 0.125043 0.051376 0.128598 0.024094 0.018883 0.042088 0.130121 0.110418 0.077194 0.127023 0.043189 0.113237 0.048018 0.114320 0.122482 0.146029 0.119545 0.129596 0.106544 0.121619 0.111548 0.135710 0.095216 0.139576 0.126924 0.156034 0.128603 0.140850 0.135469 0.143739 0.132277 0.148539 0.142341 0.111177 0.112683 0.153193 0.122550 0.141797 0.145969 0.120091 0.127824 0.105549 0.094449 0.124842 0.122334 0.106105 0.145683 0.136217 0.047912
 519000.024651 6.677879 0.121262 0.109858 0.118174 0.076144 0.052277 0.094897 0.110644 0.112584 0.115500 0.031685 0.123405 0.038541 0.017793 0.062576 0.124786 0.099345 0.092515 0.128424 0.026013 0.117773 0.041778 0.123313 0.127990 0.147126 0.130075 0.141518 0.114680 0.133925 0.119510 0.142616 0.103976 0.128327 0.113727 0.151390 0.121024 0.130669 0.124279 0.156176 0.133911 0.141188 0.152054 0.117675 0.100165 0.143205 0.110721 0.128449 0.136356 0.105335 0.117502 0.100295 0.100213 0.131392 0.113259 0.094308 0.138077 0.139773 0.058649
 520000.024699 3.193762 0.120117 0.110126 0.117857 0.077767 0.055359 0.096716 0.108416 0.110717 0.116838 0.033340 0.124878 0.035571 0.012305 0.058673 0.125315 0.100467 0.090044 0.127948 0.025317 0.117500 0.038128 0.120647 0.125720 0.145921 0.127480 0.139866 0.112412 0.132193 0.117939 0.140752 0.100986 0.129613 0.115427 0.151836 0.122126 0.132217 0.125727 0.154168 0.132892 0.141780 0.150615 0.115635 0.101203 0.144834 0.112318 0.130229 0.137394 0.106817 0.119008 0.100139 0.098031 0.129736 0.114383 0.095772 0.138854 0.138336 0.057061
 521000.024746 3.014803 0.118067 0.110362 0.115585 0.080836 0.060115 0.098985 0.104814 0.105547 0.116591 0.038212 0.123313 0.029728 0.011955 0.052377 0.124772 0.100780 0.084615 0.125428 0.031207 0.113821 0.042909 0.118722 0.124731 0.145540 0.124154 0.134398 0.110731 0.126606 0.114191 0.138472 0.100031 0.132682 0.119687 0.151984 0.122699 0.133818 0.128632 0.149170 0.132290 0.143301 0.145715 0.113555 0.106409 0.146705 0.116517 0.134376 0.139672 0.111968 0.120084 0.102721 0.097388 0.128134 0.116356 0.100472 0.140387 0.137558 0.050632
 522000.024794 5.449771 0.120476 0.112799 0.119136 0.082852 0.062832 0.101378 0.106567 0.109273 0.121483 0.040544 0.128491 0.033641 0.016073 0.053568 0.128252 0.104854 0.086752 0.129569 0.032657 0.118034 0.038128 0.117474 0.124022 0.145449 0.124043 0.136830 0.109773 0.128507 0.115502 0.138601 0.097161 0.132664 0.118736 0.153218 0.124267 0.135368 0.128759 0.150704 0.132379 0.144131 0.148703 0.113440 0.104264 0.147986 0.115192 0.134052 0.139857 0.110815 0.122629 0.100883 0.095568 0.127329 0.116897 0.098426 0.140645 0.137229 0.057679
 523000.024841 5.516991 0.116990 0.114922 0.116739 0.090320 0.071008 0.106972 0.100845 0.102201 0.123330 0.049368 0.127698 0.024914 0.016172 0.043047 0.127854 0.109054 0.077434 0.125717 0.040201 0.112481 0.045304 0.112180 0.119526 0.143416 0.118586 0.130798 0.103701 0.123405 0.112100 0.133912 0.092755 0.136618 0.124334 0.154221 0.128268 0.139777 0.133550 0.144484 0.129411 0.145400 0.143017 0.109958 0.109913 0.151289 0.120462 0.139254 0.143758 0.116871 0.127224 0.103757 0.092663 0.122507 0.121146 0.103758 0.144463 0.133726 0.049020
 524000.024889 4.294914 0.118627 0.113395 0.115924 0.085589 0.063596 0.102457 0.105191 0.103707 0.117733 0.043444 0.122542 0.026324 0.014269 0.050040 0.126179 0.103676 0.082626 0.124727 0.034572 0.112537 0.049115 0.117726 0.124990 0.146747 0.122662 0.130351 0.111446 0.122970 0.110979 0.137587 0.099717 0.137224 0.124481 0.153247 0.123547 0.135208 0.132121 0.146439 0.133322 0.146206 0.142515 0.111345 0.110452 0.148477 0.119756 0.137971 0.143359 0.117300 0.120584 0.104605 0.097920 0.128362 0.117776 0.105884 0.143431 0.136617 0.045047
 525000.024936 3.431441 0.115630 0.108062 0.115655 0.078310 0.056658 0.096030 0.104624 0.108521 0.115625 0.036768 0.124574 0.039634 0.012754 0.058524 0.121887 0.100458 0.089112 0.124168 0.022369 0.115105 0.033429 0.118289 0.120901 0.142077 0.127406 0.142742 0.109012 0.136681 0.122170 0.138582 0.098383 0.127244 0.114589 0.151762 0.126754 0.134954 0.126447 0.155121 0.128853 0.138686 0.151826 0.116785 0.099839 0.145417 0.113033 0.128520 0.136639 0.104617 0.122765 0.101890 0.098103 0.127012 0.117261 0.096302 0.140593 0.134834 0.058621
 526000.024984 4.742006 0.121259 0.118781 0.120160 0.091727 0.070117 0.108930 0.105674 0.105110 0.125337 0.048841 0.128957 0.022293 0.014993 0.045340 0.131248 0.111010 0.080030 0.128649 0.040216 0.115017 0.048800 0.115448 0.124038 0.147882 0.120835 0.130672 0.108174 0.122795 0.111570 0.137322 0.096209 0.139624 0.125987 0.156878 0.127728 0.139935 0.134702 0.145933 0.133864 0.148931 0.144034 0.111097 0.111048 0.152667 0.120920 0.140807 0.146188 0.118774 0.126401 0.104158 0.094403 0.126573 0.120814 0.104585 0.146082 0.137087 0.046346
 527000.025031 6.125386 0.117150 0.111350 0.115248 0.083864 0.065203 0.101464 0.102786 0.103251 0.118739 0.044162 0.124846 0.030973 0.017041 0.048828 0.125973 0.102899 0.082136 0.124848 0.036134 0.113605 0.042011 0.117620 0.123826 0.144897 0.122514 0.132521 0.110182 0.124476 0.113398 0.137452 0.098655 0.135033 0.122622 0.153054 0.124912 0.136203 0.131220 0.146756 0.132254 0.145115 0.144009 0.113096 0.108874 0.149036 0.119258 0.136727 0.141570 0.115026 0.122522 0.104358 0.097343 0.127487 0.118761 0.103727 0.141740 0.137031 0.051691
 528000.025079 0.777390 0.117058 0.112931 0.116459 0.085821 0.064944 0.103315 0.103146 0.104163 0.119887 0.043308 0.125728 0.027661 0.006071 0.048593 0.125896 0.105343 0.081549 0.124955 0.033694 0.112878 0.042577 0.115788 0.121527 0.144500 0.122619 0.135400 0.107008 0.128288 0.115869 0.137023 0.096446 0.133862 0.121207 0.154101 0.127307 0.137768 0.130857 0.149427 0.130601 0.143593 0.146754 0.113181 0.106745 0.149231 0.118013 0.135721 0.141647 0.112941 0.124853 0.103300 0.095095 0.125826 0.119417 0.101269 0.143393 0.135658 0.048931
 529000.025126 6.191414 0.119327 0.112604 0.118168 0.083847 0.065836 0.102535 0.104302 0.106833 0.121927 0.042399 0.128261 0.031560 0.017132 0.050365 0.128160 0.104987 0.083297 0.128760 0.037875 0.116381 0.038905 0.115729 0.122667 0.143817 0.120927 0.134641 0.107212 0.126038 0.113950 0.136435 0.095511 0.131883 0.118187 0.151839 0.123577 0.134815 0.127506 0.147440 0.131012 0.142979 0.146332 0.112092 0.103976 0.147250 0.114641 0.133753 0.138708 0.110525 0.122563 0.099650 0.092995 0.125253 0.116242 0.097074 0.138822 0.136361 0.056225
 530000.025174 2.469725 0.121648 0.114732 0.120130 0.084048 0.061490 0.102374 0.108329 0.109545 0.121437 0.040121 0.127681 0.030607 0.010820 0.053836 0.129056 0.105852 0.086681 0.129588 0.032203 0.117237 0.041620 0.117320 0.124863 0.147039 0.123366 0.134936 0.110745 0.126621 0.113416 0.138858 0.097548 0.133882 0.119222 0.153934 0.123123 0.134725 0.128970 0.149798 0.133352 0.145168 0.147725 0.112005 0.104262 0.147779 0.114719 0.134075 0.140881 0.111622 0.121153 0.099992 0.094632 0.127978 0.115516 0.098604 0.141282 0.137429 0.053192
 531000.025221 4.943071 0.117294 0.111908 0.116671 0.084128 0.063663 0.101077 0.103919 0.105883 0.119309 0.042669 0.125559 0.033236 0.015308 0.052067 0.125376 0.104762 0.084655 0.125189 0.029733 0.115373 0.038372 0.114583 0.120107 0.141922 0.121655 0.134968 0.107145 0.128742 0.114352 0.135241 0.094317 0.131496 0.118438 0.150996 0.124334 0.134116 0.127935 0.149347 0.129407 0.141768 0.146094 0.110320 0.103000 0.145854 0.114477 0.132290 0.138731 0.110145 0.121065 0.099729 0.094096 0.125249 0.115825 0.099491 0.140421 0.133073 0.053820
 532000.025269 3.167600 0.119913 0.113754 0.119614 0.084326 0.063082 0.102290 0.106309 0.108962 0.121844 0.041644 0.128655 0.033553 0.012254 0.053225 0.128234 0.106222 0.086360 0.128883 0.031736 0.117135 0.036826 0.115345 0.122018 0.144321 0.122391 0.136250 0.108317 0.128342 0.114900 0.137091 0.094666 0.131968 0.117771 0.152943 0.124443 0.135197 0.128166 0.150143 0.130931 0.143148 0.148451 0.111729 0.102321 0.147303 0.113674 0.132399 0.139379 0.109773 0.122566 0.099229 0.093320 0.125733 0.115912 0.097460 0.140644 0.135123 0.055705
 533000.025316 3.568112 0.116873 0.108454 0.113857 0.079286 0.059287 0.097204 0.103867 0.104229 0.114372 0.037587 0.121041 0.031060 0.013006 0.052519 0.123179 0.098775 0.084352 0.123926 0.031376 0.112546 0.042232 0.119320 0.124796 0.144766 0.124466 0.134386 0.111147 0.126828 0.114647 0.138212 0.100466 0.131601 0.119056 0.150724 0.121930 0.132515 0.127539 0.149085 0.131684 0.142025 0.145112 0.113972 0.105779 0.145168 0.115783 0.132875 0.138506 0.111402 0.118870 0.102739 0.098388 0.128165 0.115710 0.100662 0.139241 0.137100 0.050583
 534000.025364 3.945518 0.120263 0.117344 0.118936 0.090597 0.070013 0.108072 0.104618 0.103986 0.124110 0.048212 0.128314 0.022832 0.013676 0.044947 0.130344 0.109600 0.079866 0.127619 0.039385 0.114630 0.047487 0.115275 0.123583 0.147050 0.120192 0.130069 0.108465 0.122097 0.110684 0.136734 0.096317 0.139577 0.126341 0.155960 0.126926 0.139374 0.134642 0.145068 0.133556 0.148751 0.143110 0.110393 0.111694 0.152316 0.121653 0.141142 0.145820 0.119263 0.125381 0.104281 0.094447 0.126808 0.120448 0.105755 0.145533 0.137038 0.046529
 535000.025411 4.360263 0.118915 0.110128 0.118424 0.078850 0.058407 0.097783 0.106942 0.110936 0.118932 0.036670 0.127865 0.039423 0.014377 0.058588 0.125687 0.102229 0.090186 0.128008 0.026319 0.118587 0.031269 0.118834 0.122986 0.143608 0.126520 0.141915 0.110420 0.134413 0.120001 0.139505 0.098288 0.128457 0.114483 0.152113 0.124687 0.134136 0.125908 0.154466 0.131171 0.140890 0.152095 0.115803 0.099502 0.145840 0.112181 0.129355 0.136841 0.105154 0.121798 0.099673 0.096468 0.128246 0.115739 0.094807 0.138987 0.136830 0.061249
 536000.025459 5.634560 0.117947 0.106725 0.116730 0.074041 0.052625 0.093133 0.107292 0.111856 0.115134 0.031185 0.124936 0.041973 0.016344 0.061911 0.122695 0.098143 0.092310 0.126962 0.022310 0.117959 0.030285 0.119335 0.122654 0.141682 0.127366 0.142773 0.110134 0.135614 0.120795 0.138909 0.099233 0.123690 0.109621 0.148914 0.122020 0.130529 0.121653 0.154541 0.129412 0.136896 0.151853 0.116362 0.095433 0.141785 0.108001 0.124615 0.132661 0.099887 0.118746 0.097687 0.096680 0.127479 0.112704 0.090237 0.135651 0.135749 0.063471
 537000.025506 2.629188 0.116083 0.113226 0.117457 0.086698 0.063588 0.102702 0.103856 0.106527 0.119981 0.045253 0.126695 0.035326 0.011164 0.053386 0.125068 0.107011 0.085117 0.124457 0.028903 0.113573 0.039358 0.113214 0.118037 0.142294 0.122831 0.137259 0.106015 0.131256 0.117251 0.135582 0.093225 0.132272 0.119602 0.153954 0.128735 0.138095 0.130870 0.151277 0.127926 0.141829 0.148626 0.111898 0.103553 0.148546 0.116082 0.132764 0.141062 0.110651 0.125523 0.102211 0.094451 0.123866 0.119088 0.101004 0.144394 0.131658 0.052881
 538000.025554 4.240631 0.119376 0.109139 0.117213 0.077639 0.058538 0.097299 0.106585 0.109202 0.117018 0.033839 0.124924 0.035354 0.014179 0.056826 0.125401 0.099764 0.088382 0.128023 0.030008 0.117163 0.036136 0.118237 0.123795 0.142950 0.123840 0.137727 0.109949 0.129900 0.115666 0.137599 0.098399 0.127295 0.113200 0.148258 0.119208 0.129476 0.122296 0.150669 0.130882 0.139349 0.147981 0.113091 0.099402 0.141993 0.110017 0.128517 0.134047 0.105477 0.116900 0.097004 0.094547 0.127304 0.111686 0.093192 0.134771 0.136560 0.057470
 539000.025601 3.564423 0.118129 0.113166 0.118364 0.085807 0.066781 0.103827 0.103584 0.106387 0.122138 0.043962 0.128606 0.032429 0.012999 0.049986 0.127831 0.106276 0.083253 0.128074 0.036900 0.115185 0.037914 0.113544 0.120291 0.142885 0.120345 0.135169 0.105700 0.127158 0.114696 0.135215 0.093026 0.132160 0.118929 0.152533 0.125626 0.136411 0.128636 0.147894 0.129177 0.142311 0.146926 0.111425 0.103750 0.147945 0.115161 0.133586 0.139506 0.111046 0.124455 0.100023 0.092052 0.123470 0.117408 0.098540 0.140671 0.134113 0.054918
 540000.025649 7.155424 0.115664 0.105957 0.113936 0.074762 0.052134 0.092077 0.106304 0.108761 0.111355 0.034444 0.120566 0.043569 0.018418 0.062679 0.120152 0.096244 0.092354 0.122765 0.018412 0.114873 0.035327 0.121440 0.123817 0.143114 0.129732 0.141811 0.114030 0.135697 0.120760 0.140276 0.102018 0.127541 0.114659 0.150242 0.122733 0.131019 0.125290 0.156130 0.130617 0.139068 0.150543 0.117096 0.099911 0.142986 0.112026 0.127055 0.135861 0.105285 0.117546 0.101933 0.101700 0.129977 0.114424 0.098500 0.138871 0.135601 0.059424
 541000.025696 3.477646 0.116247 0.109985 0.116048 0.082624 0.064451 0.100848 0.102124 0.105222 0.118955 0.040891 0.126130 0.032825 0.012840 0.050814 0.125070 0.102851 0.083082 0.126103 0.035326 0.113878 0.036484 0.112595 0.118779 0.140313 0.118857 0.134305 0.104067 0.126489 0.113740 0.133406 0.092515 0.128660 0.115720 0.149365 0.123062 0.133487 0.125297 0.146292 0.127117 0.138902 0.145163 0.110184 0.101296 0.144796 0.112609 0.130701 0.136109 0.107588 0.121659 0.097991 0.090656 0.122119 0.114753 0.095540 0.137575 0.132670 0.055090
 542000.025744 3.893612 0.116678 0.111731 0.115487 0.084652 0.065125 0.101976 0.102295 0.103414 0.119266 0.043504 0.125073 0.028609 0.013586 0.047716 0.125604 0.103810 0.081301 0.124787 0.034456 0.113350 0.041347 0.115260 0.121471 0.143336 0.121223 0.132720 0.107143 0.125226 0.113372 0.135780 0.095948 0.133715 0.121245 0.152430 0.125352 0.136104 0.130210 0.146927 0.130348 0.143434 0.144187 0.111768 0.106924 0.148325 0.117731 0.135569 0.140751 0.113133 0.123017 0.102782 0.095071 0.125183 0.118313 0.101699 0.141646 0.134795 0.050687
 543000.025791 2.173065 0.114074 0.108698 0.112632 0.081867 0.062075 0.098883 0.100651 0.101666 0.115438 0.040628 0.121508 0.028599 0.010150 0.048768 0.122126 0.100658 0.080648 0.121732 0.031140 0.110569 0.041377 0.115540 0.120429 0.141836 0.121972 0.133792 0.106660 0.127285 0.114601 0.135267 0.096669 0.131205 0.119304 0.150329 0.124190 0.134097 0.128249 0.147773 0.128593 0.140765 0.143970 0.112171 0.105580 0.145778 0.116369 0.133327 0.138592 0.111159 0.120983 0.102559 0.095987 0.124671 0.117074 0.100673 0.140202 0.133746 0.048834
 544000.025839 6.323438 0.120291 0.117360 0.119955 0.091590 0.072857 0.109638 0.103435 0.105441 0.126248 0.049244 0.130356 0.025180 0.017314 0.045015 0.131091 0.111214 0.079060 0.129693 0.042534 0.115616 0.045668 0.111339 0.120025 0.143882 0.117186 0.131588 0.103285 0.123930 0.111158 0.133619 0.091303 0.136029 0.122608 0.153208 0.125670 0.137570 0.130847 0.145006 0.130200 0.145290 0.144235 0.108160 0.107766 0.149692 0.117721 0.138355 0.142223 0.116019 0.125393 0.100019 0.089627 0.122554 0.118331 0.100685 0.142015 0.134095 0.050637
 545000.025886 2.758912 0.118605 0.111173 0.118556 0.080837 0.059965 0.099496 0.106144 0.109829 0.119552 0.037392 0.127508 0.035987 0.011436 0.056345 0.125788 0.103352 0.088013 0.127969 0.028547 0.117069 0.034302 0.115876 0.121017 0.142442 0.123552 0.139562 0.107419 0.132359 0.117831 0.137017 0.095463 0.127907 0.113879 0.150878 0.123897 0.133462 0.124812 0.151947 0.129328 0.139545 0.150023 0.113192 0.098787 0.144810 0.111069 0.129065 0.136051 0.104917 0.121391 0.097883 0.093301 0.125448 0.114508 0.093487 0.138467 0.134745 0.058036
 546000.025934 1.596000 0.113470 0.111164 0.114860 0.086578 0.067349 0.103459 0.099310 0.102498 0.119624 0.045603 0.125722 0.031405 0.008698 0.047780 0.123965 0.105485 0.079839 0.123250 0.034633 0.110837 0.038802 0.110511 0.115570 0.139347 0.118934 0.135057 0.101877 0.128843 0.115665 0.132233 0.090585 0.130821 0.119016 0.151077 0.127392 0.136953 0.128899 0.147214 0.125223 0.139592 0.145460 0.110282 0.103998 0.147183 0.115999 0.133138 0.138854 0.110859 0.125221 0.101138 0.091548 0.120409 0.118578 0.099828 0.141528 0.130177 0.051032
 547000.025981 2.588626 0.114761 0.113420 0.116202 0.089039 0.069634 0.105786 0.099953 0.102330 0.121744 0.047701 0.127070 0.029091 0.011078 0.045937 0.125555 0.107944 0.078733 0.123958 0.037235 0.111572 0.040792 0.110018 0.115871 0.139984 0.117623 0.133940 0.101121 0.127593 0.114567 0.132078 0.089962 0.131873 0.119707 0.151968 0.128079 0.137926 0.129469 0.146403 0.126094 0.140647 0.145089 0.109297 0.104357 0.148058 0.116331 0.134115 0.139737 0.111482 0.126085 0.100386 0.089763 0.120561 0.118676 0.099476 0.142249 0.130807 0.049556
 548000.026029 6.098166 0.120711 0.117921 0.119196 0.090995 0.069192 0.107608 0.105200 0.104669 0.124388 0.048922 0.127790 0.022818 0.017003 0.045492 0.130104 0.110591 0.079962 0.127481 0.038483 0.114827 0.048530 0.115598 0.123789 0.147277 0.121201 0.130651 0.108355 0.123568 0.111573 0.137008 0.096353 0.139221 0.125794 0.156013 0.127398 0.139164 0.134590 0.146399 0.133606 0.148722 0.143860 0.110648 0.110931 0.151836 0.120839 0.140342 0.145779 0.118606 0.125374 0.104186 0.095299 0.126770 0.120392 0.105022 0.145841 0.136558 0.046494
 549000.026076 1.572734 0.117571 0.111253 0.117182 0.081797 0.060400 0.099742 0.105145 0.107098 0.118182 0.039334 0.125564 0.034154 0.008635 0.054300 0.125260 0.102650 0.086177 0.126105 0.030828 0.114296 0.037863 0.116289 0.122023 0.143758 0.122968 0.136355 0.109044 0.128513 0.115573 0.137218 0.096575 0.130640 0.117060 0.152132 0.124006 0.134405 0.127335 0.149895 0.130124 0.141454 0.147632 0.112918 0.102213 0.146355 0.113831 0.131259 0.138374 0.108644 0.121381 0.100209 0.094497 0.126046 0.115554 0.097695 0.140206 0.135270 0.053745
 550000.026124 4.436900 0.116308 0.110393 0.114748 0.081477 0.058667 0.097870 0.104873 0.105627 0.116023 0.040468 0.122682 0.034315 0.014503 0.054483 0.123069 0.101694 0.086092 0.122599 0.023779 0.114168 0.041009 0.120156 0.123751 0.145141 0.128032 0.138427 0.111933 0.132323 0.118603 0.140188 0.101047 0.133359 0.120890 0.154059 0.126810 0.135991 0.130967 0.154022 0.132399 0.143899 0.148870 0.116118 0.106091 0.148093 0.117832 0.133983 0.141444 0.111582 0.122086 0.105278 0.101217 0.129789 0.119197 0.103134 0.143631 0.136499 0.052805
 551000.026171 5.676228 0.121929 0.114164 0.119101 0.083575 0.063380 0.102260 0.107355 0.107861 0.121483 0.040984 0.127085 0.028603 0.016404 0.051193 0.129537 0.104708 0.084696 0.129701 0.036357 0.117357 0.043129 0.118600 0.126693 0.147500 0.122566 0.132142 0.111496 0.122986 0.111421 0.138966 0.099060 0.135073 0.120691 0.153437 0.121912 0.134158 0.129260 0.146822 0.134718 0.146360 0.145048 0.112156 0.106559 0.148110 0.116078 0.135832 0.141174 0.113464 0.120441 0.100936 0.095640 0.128738 0.115803 0.099766 0.140179 0.138972 0.053290
 552000.026219 6.424215 0.122488 0.116703 0.121589 0.087399 0.066712 0.105793 0.107394 0.109822 0.125328 0.045084 0.131179 0.031240 0.017451 0.051352 0.131146 0.109483 0.085288 0.130965 0.035763 0.119196 0.041423 0.116883 0.124098 0.146646 0.123552 0.136633 0.108803 0.128733 0.115738 0.138815 0.096632 0.134826 0.120540 0.155144 0.126335 0.137552 0.130588 0.151049 0.133679 0.146399 0.149527 0.113162 0.105844 0.149890 0.116543 0.136152 0.141811 0.113059 0.125168 0.101353 0.094449 0.127586 0.118564 0.098978 0.142232 0.137844 0.055407
 553000.026266 6.496198 0.115005 0.111390 0.112979 0.086631 0.067691 0.102768 0.099798 0.099648 0.118302 0.046552 0.122294 0.024239 0.017549 0.043674 0.124145 0.104219 0.077179 0.122093 0.036645 0.110743 0.046416 0.113874 0.120177 0.142049 0.119551 0.129528 0.105378 0.123446 0.111250 0.133592 0.095253 0.134970 0.123408 0.150730 0.125004 0.135543 0.131148 0.144514 0.129275 0.143541 0.140537 0.109658 0.109654 0.147550 0.119541 0.137458 0.141302 0.116054 0.122235 0.103820 0.095438 0.123867 0.118757 0.104564 0.141877 0.133080 0.046293
 554000.026314 11.529254 0.110836 0.116836 0.112282 0.100268 0.081617 0.113980 0.093043 0.092088 0.123796 0.061596 0.124581 0.019329 0.023379 0.030781 0.125555 0.113540 0.066075 0.118874 0.049749 0.103842 0.056322 0.105689 0.113012 0.139159 0.112784 0.124053 0.097157 0.118828 0.109160 0.127379 0.088095 0.141369 0.132246 0.153047 0.133785 0.144559 0.139644 0.138001 0.124427 0.145395 0.135545 0.106160 0.118012 0.153898 0.127985 0.145586 0.147851 0.125708 0.132318 0.109069 0.091478 0.116544 0.126946 0.113187 0.149450 0.127573 0.036777
 555000.026361 1.706397 0.117272 0.113924 0.116867 0.087453 0.067060 0.104777 0.102847 0.103712 0.120889 0.045672 0.126307 0.028077 0.008994 0.047626 0.126919 0.106585 0.081160 0.125227 0.034856 0.113032 0.042886 0.115264 0.121398 0.144664 0.122079 0.134327 0.107710 0.127354 0.114827 0.136554 0.095839 0.135717 0.123185 0.154266 0.127239 0.138067 0.132182 0.148715 0.130927 0.145008 0.145925 0.112208 0.108353 0.149879 0.119335 0.137178 0.142749 0.115626 0.124846 0.103875 0.095414 0.125828 0.119873 0.103846 0.143905 0.135195 0.048129
 556000.026409 4.436760 0.120361 0.113957 0.119409 0.085033 0.066113 0.104027 0.105603 0.107386 0.122286 0.042030 0.128666 0.030156 0.014503 0.050981 0.129245 0.105548 0.083788 0.129870 0.039722 0.115988 0.041907 0.114778 0.122936 0.144771 0.119448 0.132819 0.107055 0.123362 0.111859 0.136083 0.095066 0.132607 0.118480 0.152350 0.122648 0.134881 0.127542 0.145607 0.131147 0.143175 0.145257 0.110850 0.104302 0.147514 0.114479 0.134250 0.139312 0.111102 0.122423 0.098911 0.091055 0.124763 0.115442 0.096897 0.139181 0.136498 0.054199
 557000.026456 5.360809 0.118634 0.112429 0.116743 0.082591 0.058046 0.098822 0.107350 0.107634 0.117296 0.041192 0.123655 0.034580 0.015942 0.055816 0.124680 0.103382 0.087780 0.124223 0.023572 0.115634 0.043064 0.121860 0.125899 0.147489 0.129807 0.139170 0.113864 0.133005 0.119402 0.142153 0.102666 0.134618 0.121672 0.155819 0.127690 0.136936 0.132121 0.155754 0.134440 0.145616 0.150497 0.117285 0.106770 0.149110 0.118274 0.134602 0.142843 0.112497 0.122849 0.106136 0.102507 0.131638 0.119855 0.103609 0.145155 0.138191 0.052472
 558000.026504 1.837715 0.118789 0.112338 0.118025 0.082473 0.059548 0.099997 0.106409 0.108524 0.119126 0.039459 0.126092 0.033490 0.009334 0.054866 0.125908 0.104373 0.086946 0.126638 0.026949 0.115872 0.038280 0.116868 0.122436 0.144689 0.124469 0.137439 0.109473 0.130373 0.116285 0.138193 0.096829 0.131561 0.117667 0.153141 0.124796 0.134934 0.128408 0.151912 0.131102 0.142750 0.148976 0.112912 0.102404 0.146889 0.114056 0.131880 0.139600 0.109101 0.121710 0.100470 0.095548 0.127126 0.116127 0.098169 0.141553 0.135462 0.054307
 559000.026551 10.104913 0.116891 0.103034 0.113735 0.068107 0.046227 0.087158 0.108166 0.111150 0.109629 0.027821 0.120625 0.046022 0.021887 0.065824 0.119456 0.091869 0.095146 0.124029 0.019129 0.116906 0.032721 0.126981 0.128406 0.144955 0.133944 0.145347 0.117579 0.137512 0.124015 0.144457 0.107892 0.124836 0.111734 0.150439 0.122264 0.130472 0.123542 0.158935 0.133310 0.138598 0.153789 0.122470 0.098966 0.142668 0.111230 0.125425 0.133918 0.101538 0.117201 0.103274 0.105090 0.133531 0.114559 0.094722 0.136783 0.140777 0.064472
 560000.026599 2.579061 0.120440 0.111887 0.118830 0.080534 0.059263 0.099688 0.107746 0.110161 0.119125 0.036030 0.126392 0.033539 0.011057 0.056622 0.126811 0.102881 0.088164 0.128764 0.029144 0.117407 0.039006 0.119132 0.124654 0.145485 0.125793 0.139572 0.110705 0.132077 0.117631 0.139570 0.099182 0.130207 0.115971 0.151761 0.122584 0.132819 0.125755 0.153209 0.132356 0.141992 0.150343 0.114609 0.101569 0.145201 0.112571 0.131177 0.137622 0.107899 0.119981 0.099444 0.096133 0.128541 0.114679 0.095589 0.138800 0.137746 0.055654
 561000.026646 3.280324 0.114359 0.109378 0.112393 0.082613 0.061189 0.098846 0.101601 0.101540 0.114596 0.041237 0.119749 0.027956 0.012470 0.049623 0.121568 0.100864 0.080836 0.120779 0.030046 0.109987 0.044934 0.116002 0.120821 0.142195 0.122728 0.133359 0.107326 0.127800 0.114381 0.135449 0.097606 0.131584 0.119624 0.149987 0.123761 0.133114 0.128143 0.148457 0.129008 0.140900 0.143498 0.111879 0.105774 0.144848 0.116201 0.133103 0.138763 0.111590 0.119632 0.102717 0.097028 0.125328 0.116475 0.101442 0.140609 0.133318 0.046218
 562000.026694 1.589306 0.116443 0.113258 0.116567 0.087115 0.067033 0.104322 0.102067 0.103635 0.120619 0.045355 0.126330 0.028793 0.008680 0.047768 0.126243 0.106157 0.081002 0.125072 0.035126 0.112583 0.041691 0.114216 0.120210 0.143576 0.121312 0.134636 0.106308 0.127612 0.115163 0.135622 0.094503 0.134613 0.122286 0.153751 0.127535 0.138075 0.131549 0.148383 0.129560 0.143632 0.145967 0.111995 0.107234 0.149585 0.118602 0.136239 0.142039 0.114292 0.125268 0.103343 0.094536 0.124406 0.119777 0.102843 0.143566 0.134101 0.048991
 563000.026741 2.930449 0.114209 0.112639 0.114004 0.088445 0.067812 0.104504 0.099880 0.100525 0.119144 0.047385 0.123649 0.025419 0.011787 0.044814 0.124167 0.105880 0.077713 0.121875 0.034891 0.109795 0.046493 0.113418 0.118737 0.142516 0.121336 0.133169 0.104577 0.127483 0.114982 0.134545 0.094898 0.135308 0.124015 0.153131 0.128570 0.138543 0.132855 0.147734 0.128439 0.143420 0.143967 0.111745 0.109835 0.149516 0.120644 0.137895 0.142718 0.116202 0.125708 0.105589 0.095797 0.123396 0.121376 0.105145 0.144753 0.132618 0.044928
 564000.026789 6.816809 0.118711 0.114933 0.117415 0.088145 0.067202 0.104624 0.104158 0.104825 0.121859 0.046982 0.126519 0.028486 0.017977 0.047919 0.127665 0.107424 0.082089 0.126034 0.034288 0.115419 0.044881 0.115911 0.122448 0.145135 0.122667 0.132908 0.108250 0.126175 0.113632 0.136903 0.096379 0.137138 0.124569 0.154718 0.127519 0.138151 0.133404 0.148517 0.132236 0.146453 0.145087 0.111807 0.109374 0.150597 0.120086 0.138395 0.144091 0.116335 0.124761 0.104614 0.096899 0.126683 0.120522 0.105116 0.144913 0.135100 0.050669
 565000.026836 4.940486 0.115883 0.114272 0.114194 0.089844 0.068221 0.105422 0.101987 0.099724 0.118361 0.048890 0.121959 0.023101 0.015304 0.045383 0.124964 0.106137 0.077968 0.121263 0.037068 0.109487 0.052166 0.116857 0.122732 0.145914 0.123123 0.131315 0.108972 0.125693 0.113828 0.136956 0.099321 0.139184 0.127959 0.154729 0.128651 0.139129 0.135582 0.147553 0.132151 0.146739 0.142510 0.112704 0.113859 0.150940 0.123862 0.140920 0.145890 0.120355 0.124903 0.108442 0.099317 0.127378 0.122421 0.109675 0.147011 0.135508 0.039543
 566000.026884 5.979579 0.117859 0.116209 0.116691 0.090982 0.070132 0.107177 0.102215 0.101785 0.123082 0.049982 0.126370 0.022390 0.016837 0.042655 0.128307 0.109407 0.077315 0.124787 0.038525 0.112780 0.047760 0.113097 0.120835 0.144316 0.118947 0.128523 0.105837 0.121745 0.109969 0.134400 0.094449 0.138407 0.125753 0.154132 0.126991 0.138554 0.134191 0.143946 0.131229 0.147253 0.141238 0.108868 0.111142 0.150913 0.121068 0.140124 0.144723 0.118586 0.124939 0.104018 0.093982 0.124413 0.120284 0.105564 0.144765 0.133924 0.045651
 567000.026931 2.558309 0.119446 0.113675 0.119605 0.084335 0.063713 0.102722 0.105717 0.108786 0.122202 0.041555 0.128964 0.033592 0.011013 0.052984 0.128383 0.106183 0.085650 0.129129 0.033553 0.116586 0.036354 0.114036 0.120923 0.143308 0.120902 0.135777 0.107032 0.127446 0.114168 0.135975 0.093355 0.131022 0.116587 0.152044 0.123499 0.134487 0.126908 0.148838 0.129794 0.142134 0.147835 0.110858 0.101164 0.146513 0.112444 0.131570 0.138268 0.108827 0.122185 0.097806 0.091378 0.124287 0.114908 0.095804 0.139334 0.134263 0.056244
 568000.026979 3.306232 0.116682 0.114735 0.116455 0.089473 0.068904 0.106003 0.101515 0.102412 0.122145 0.048104 0.126497 0.025507 0.012520 0.044353 0.126892 0.108314 0.078443 0.124541 0.036687 0.112273 0.044566 0.113942 0.120134 0.143869 0.121089 0.133406 0.105056 0.126829 0.114869 0.135503 0.094392 0.135799 0.123507 0.154704 0.129054 0.139486 0.132935 0.147863 0.130030 0.144927 0.145250 0.111951 0.108772 0.150682 0.119735 0.137803 0.143317 0.115656 0.126908 0.104277 0.094448 0.124222 0.121257 0.103319 0.144842 0.134148 0.047499
 569000.027026 3.867149 0.121031 0.114042 0.119862 0.083645 0.063624 0.102655 0.107211 0.108863 0.121767 0.041273 0.128600 0.033391 0.013540 0.053377 0.129328 0.104949 0.086754 0.129744 0.034460 0.117696 0.038650 0.117940 0.125024 0.146359 0.123368 0.135656 0.111483 0.126776 0.114309 0.138982 0.097914 0.133752 0.119495 0.153525 0.123309 0.134845 0.128692 0.149761 0.133515 0.145076 0.147977 0.113169 0.104686 0.148083 0.115404 0.134267 0.140169 0.112064 0.121523 0.100628 0.095159 0.128383 0.116076 0.099341 0.140305 0.138026 0.055136
 570000.027074 1.814286 0.117388 0.112157 0.116072 0.084128 0.063242 0.101616 0.103760 0.104511 0.118559 0.041661 0.124184 0.028302 0.009274 0.049914 0.125475 0.103714 0.082527 0.124956 0.032359 0.113133 0.042510 0.116309 0.122303 0.144277 0.122634 0.134331 0.108457 0.127428 0.114384 0.136765 0.097048 0.133307 0.120406 0.152226 0.124390 0.134880 0.129233 0.148968 0.130853 0.143202 0.145583 0.112189 0.105890 0.147097 0.116565 0.134478 0.140287 0.112665 0.121530 0.102062 0.095693 0.126221 0.117092 0.101041 0.141325 0.135280 0.048753
 571000.027121 4.265077 0.119942 0.113984 0.117133 0.085390 0.064383 0.103033 0.105370 0.104942 0.120262 0.043128 0.125193 0.024597 0.014219 0.048357 0.127590 0.105177 0.081956 0.126531 0.034990 0.114636 0.046470 0.119466 0.126268 0.148104 0.124662 0.133524 0.111108 0.126101 0.114245 0.139705 0.100621 0.136930 0.123914 0.155087 0.125787 0.137162 0.132551 0.149179 0.134721 0.147278 0.145645 0.114154 0.110213 0.150206 0.120110 0.138625 0.143737 0.116377 0.123207 0.105225 0.098645 0.129462 0.119681 0.103819 0.143848 0.139218 0.047878
 572000.027169 3.403340 0.123056 0.114645 0.121478 0.082671 0.060920 0.101854 0.109692 0.111902 0.122106 0.038493 0.129167 0.033791 0.012702 0.056186 0.129958 0.105567 0.089386 0.131492 0.030707 0.119852 0.038496 0.118758 0.125947 0.147259 0.124845 0.137421 0.112088 0.128809 0.115065 0.140072 0.098274 0.132845 0.117799 0.153553 0.122471 0.133873 0.127638 0.152093 0.134238 0.144911 0.150077 0.113186 0.102729 0.147101 0.113380 0.132903 0.139672 0.110214 0.120669 0.099101 0.095145 0.129330 0.114793 0.097098 0.140017 0.138522 0.056781
 573000.027216 7.040703 0.118449 0.114184 0.120789 0.087371 0.069042 0.105698 0.103747 0.109615 0.125046 0.045723 0.132289 0.037687 0.018270 0.053560 0.128770 0.109257 0.085310 0.130180 0.037833 0.117548 0.034286 0.108416 0.115152 0.138520 0.116720 0.136874 0.100414 0.129577 0.114988 0.131292 0.087014 0.127580 0.113593 0.149538 0.124691 0.134799 0.124479 0.146977 0.125209 0.138252 0.148039 0.107955 0.097821 0.145098 0.110106 0.129572 0.135292 0.105660 0.124410 0.094468 0.085712 0.119134 0.114402 0.091898 0.137509 0.129960 0.060480
 574000.027264 3.094861 0.117551 0.108714 0.116885 0.078545 0.059411 0.097688 0.104938 0.108607 0.117259 0.036727 0.125991 0.037947 0.012113 0.056781 0.124460 0.100816 0.088080 0.126973 0.030434 0.115704 0.032954 0.117769 0.122373 0.142919 0.124730 0.140190 0.109270 0.132634 0.119032 0.137921 0.097499 0.127608 0.114277 0.150582 0.123611 0.133306 0.124939 0.152174 0.129660 0.139353 0.150110 0.115033 0.100026 0.144619 0.112054 0.128901 0.135695 0.105873 0.121196 0.099582 0.095491 0.126583 0.115039 0.095004 0.137834 0.136201 0.058409
 575000.027311 2.631729 0.115523 0.112751 0.114923 0.087361 0.066808 0.103762 0.100997 0.101747 0.119642 0.045957 0.124385 0.025700 0.011170 0.045698 0.124926 0.106176 0.078821 0.122959 0.034020 0.111402 0.043932 0.113476 0.119302 0.142531 0.120455 0.132662 0.104959 0.126654 0.113701 0.134452 0.094259 0.134216 0.122134 0.152490 0.126896 0.137136 0.131236 0.147214 0.128934 0.143234 0.143972 0.110436 0.107612 0.148360 0.118474 0.136217 0.141577 0.114357 0.124091 0.103037 0.094217 0.123893 0.119163 0.102779 0.143196 0.133061 0.046761
 576000.027359 5.772979 0.119397 0.115021 0.118107 0.087747 0.067973 0.105085 0.104073 0.104857 0.122774 0.046454 0.127659 0.027940 0.016543 0.047071 0.128774 0.107673 0.081516 0.127163 0.036564 0.115571 0.042745 0.115496 0.122702 0.145023 0.121086 0.132398 0.108049 0.124934 0.112642 0.136471 0.095604 0.135982 0.122749 0.153836 0.125740 0.137000 0.131508 0.147181 0.132271 0.146100 0.144842 0.110995 0.107953 0.149579 0.118369 0.137286 0.142428 0.115374 0.123731 0.102355 0.094615 0.126302 0.118592 0.102568 0.142634 0.135897 0.050850
 577000.027406 4.306237 0.113791 0.113282 0.113075 0.090076 0.069005 0.104983 0.099358 0.098083 0.118642 0.049936 0.122174 0.023611 0.014288 0.042418 0.123788 0.106623 0.076219 0.119923 0.036286 0.108616 0.048425 0.113489 0.119191 0.142664 0.120317 0.129942 0.105417 0.124543 0.112879 0.133915 0.095104 0.137293 0.126347 0.153455 0.129341 0.139309 0.134743 0.145534 0.129087 0.144720 0.141238 0.110595 0.111679 0.150293 0.122421 0.139103 0.144461 0.118352 0.125756 0.106715 0.096451 0.124066 0.122027 0.108124 0.146297 0.132299 0.041334
 578000.027454 6.010521 0.116818 0.115981 0.115183 0.092313 0.071616 0.107975 0.101090 0.099471 0.121301 0.051326 0.123779 0.019278 0.016880 0.041355 0.126967 0.108889 0.075770 0.123008 0.039573 0.110544 0.052029 0.113682 0.121006 0.144593 0.119450 0.128099 0.106332 0.122326 0.110348 0.134140 0.095443 0.140141 0.128605 0.153684 0.127728 0.138833 0.135674 0.144278 0.131104 0.147315 0.140088 0.109050 0.114035 0.150968 0.123539 0.141970 0.146065 0.121691 0.124918 0.106464 0.096170 0.124863 0.121690 0.109615 0.146298 0.133528 0.039939
 579000.027501 6.613397 0.117076 0.116059 0.116994 0.091913 0.070954 0.107862 0.101708 0.102853 0.123042 0.050159 0.126254 0.024663 0.017707 0.044851 0.127293 0.110173 0.077761 0.124898 0.038227 0.112433 0.048627 0.110497 0.117526 0.141848 0.118228 0.131226 0.101995 0.125719 0.112124 0.132415 0.091340 0.135370 0.123050 0.152308 0.127233 0.137517 0.131610 0.145980 0.128094 0.143606 0.143159 0.107968 0.108152 0.148551 0.118347 0.137537 0.142272 0.115809 0.125167 0.101959 0.091699 0.121542 0.119366 0.102671 0.143682 0.130861 0.046420
 580000.027549 4.593665 0.115430 0.113932 0.114488 0.089773 0.068655 0.105605 0.101027 0.100471 0.119088 0.049068 0.122919 0.025522 0.014757 0.045703 0.125103 0.106687 0.078263 0.122109 0.036152 0.109772 0.049654 0.114126 0.120198 0.143817 0.121246 0.131258 0.106999 0.125745 0.112936 0.134760 0.095965 0.137550 0.126047 0.152954 0.127039 0.137581 0.133799 0.146943 0.129898 0.145196 0.142474 0.110471 0.111737 0.149340 0.121607 0.139205 0.143923 0.119216 0.123905 0.106001 0.096936 0.124845 0.120582 0.108023 0.145068 0.133001 0.042070
