700000.033248	71.6665 170.331
701000.033296	52.3445 164.795
702000.033343	56.7994 166.391
703000.033391	70.2206 154.482
704000.033438	58.3632 159.963
705000.033486	62.5073 151.686
706000.033533	72.5558 165.687
707000.033581	56.7612 176.812
708000.033628	53.6059 176.629
709000.033676	54.297 176.771
710000.033723	51.4962 -179.538
711000.033771	59.7811 -179.848
712000.033818	63.7291 165.727
713000.033866	61.8263 147.801
714000.033913	60.7093 170.376
715000.033961	53.4941 162.334
716000.034008	70.3019 147.196
717000.034056	68.3412 179.819
718000.034103	69.0157 144.111
719000.034151	58.7459 173.856
720000.034198	57.3638 161.676
721000.034246	74.1439 163.337
722000.034293	69.341 169.521
723000.034341	49.9437 -171.655
724000.034388	73.3496 160.684
725000.034436	61.299 154.299
726000.034483	55.241 -174.763
727000.034531	57.8887 178.532
728000.034578	68.7753 167.185
729000.034626	62.9394 -178.884
730000.034673	61.611 178.726
731000.034721	52.8429 165.882
732000.034768	54.5599 163.757
733000.034816	51.9597 166.774
734000.034863	49.5378 163.205
735000.034911	62.285 -173.836
736000.034958	68.1741 159.819
737000.035006	69.9708 -178.528
738000.035053	58.1658 168.006
739000.035101	60.0378 -170.91
740000.035148	52.5557 -173.598
741000.035196	76.2765 162.043
742000.035243	65.3435 174.92
743000.035291	61.5562 176.109
744000.035338	72.9549 161.991
745000.035386	60.042 -172.157
746000.035433	66.8455 168.461
747000.035481	65.5516 149.825
748000.035528	60.151 -179.146
749000.035576	52.8967 173.483
750000.035623	61.5122 159.901
751000.035671	59.9896 176.759
752000.035718	56.628 152.558
753000.035766	63.6788 164.807
754000.035813	51.5558 177.218
755000.035861	71.1317 149.136
756000.035908	47.6624 -178.268
757000.035956	69.0001 152.166
758000.036003	59.8459 171.883
759000.036051	55.3345 164.98
760000.036098	68.4209 172.66
761000.036146	55.3917 168.474
762000.036193	58.2639 172.572
763000.036241	61.8949 171.767
764000.036288	60.2487 179.997
765000.036336	60.1509 161.543
766000.036383	55.9119 165.518
767000.036431	60.2873 159.28
768000.036478	68.3244 171.365
769000.036526	51.8084 163.235
770000.036573	61.4925 163.723
771000.036621	62.3212 155.593
772000.036668	57.2389 -176.82
773000.036716	47.634 170.591
774000.036763	57.6542 145.015
775000.036811	64.6893 161.132
776000.036858	62.192 164.344
777000.036906	66.2257 178.679
778000.036953	58.0749 174.004
779000.037001	63.2869 161.603
780000.037048	68.7376 151.68
781000.037096	75.4445 154.66
782000.037143	62.3148 162.795
783000.037191	49.1554 164.871
784000.037238	55.5222 163.961
785000.037285	51.6273 173.107
786000.037333	53.6475 170.477
787000.037380	53.4283 178.241
788000.037428	69.6296 167.202
789000.037475	61.3597 149.346
790000.037523	59.1823 175.716
791000.037570	57.2329 157.624
792000.037618	56.0439 173.546
793000.037665	58.1505 172.065
794000.037713	67.581 169.511
795000.037760	60.3231 160.841
796000.037808	65.9059 174.187
797000.037855	61.5072 -163.565
798000.037903	68.8623 176.354
799000.037950	49.6258 160.328
800000.037998	71.8087 155.834
801000.038045	57.5811 164.463
802000.038093	58.5427 -176.005
803000.038140	54.829 179.43
804000.038188	57.3803 168.125
805000.038235	62.6482 173.463
806000.038283	53.9448 167.345
807000.038330	58.5185 -168.428
808000.038378	59.5168 173.119
809000.038425	56.552 168.03
810000.038473	72.6623 149.742
811000.038520	59.4794 155.232
812000.038568	54.3487 175.664
813000.038615	53.8353 162.35
814000.038663	55.4853 158.889
815000.038710	59.1863 173.877
816000.038758	65.8251 167.627
817000.038805	69.6026 159.312
818000.038853	60.2243 163.928
819000.038900	64.7551 148.028
820000.038948	55.7224 168.84
821000.038995	49.8044 170.282
822000.039043	71.4647 169.423
823000.039090	65.2727 174.476
824000.039138	57.6544 171.925
825000.039185	58.7226 175.465
826000.039233	58.5311 -179.104
827000.039280	53.521 172.026
828000.039328	63.8424 161.584
829000.039375	65.3198 173.196
830000.039423	64.295 173.414
831000.039470	58.7013 170.856
832000.039518	47.5402 172.748
833000.039565	54.9012 159.666
834000.039613	68.9746 166.264
835000.039660	68.0746 168.954
836000.039708	52.8125 164.824
837000.039755	46.1508 176.754
838000.039803	58.1771 148.615
839000.039850	48.8973 165.483
840000.039898	59.6136 161.618
841000.039945	54.6545 163.387
842000.039993	60.526 160.265
843000.040040	68.3636 173.316
844000.040088	58.0512 157.551
845000.040135	58.9951 149.367
846000.040183	67.007 166.019
847000.040230	56.4106 158.817
848000.040278	52.0843 162.644
849000.040325	66.2757 154.585
850000.040373	68.3086 160.151
851000.040420	47.6653 175.286
852000.040468	60.9389 169.624
853000.040515	69.0289 157.079
854000.040563	64.4776 167.165
855000.040610	61.2941 167.272
856000.040658	59.6076 156.504
857000.040705	56.6219 166.811
858000.040753	59.4265 159.758
859000.040800	60.1092 163.309
860000.040848	62.8735 156.428
861000.040895	61.565 165.331
862000.040943	46.2007 174.856
863000.040990	56.8818 177.248
864000.041038	62.6781 179.366
865000.041085	59.0384 -172.197
866000.041133	58.6008 163.705
867000.041180	52.4439 -179.809
868000.041228	63.6347 156.432
869000.041275	56.551 -179.339
870000.041323	59.1285 178.654
871000.041370	61.6052 160.325
872000.041418	57.0678 165.05
873000.041465	70.3906 160.076
874000.041513	68.954 160.061
875000.041560	51.9643 173.041
876000.041608	56.1419 167.441
877000.041655	54.9495 174.73
878000.041703	72.6694 155.436
879000.041750	54.8162 165.941
880000.041798	60.8617 168.981
881000.041845	60.0614 171.187
882000.041893	72.0531 160.935
883000.041940	65.3014 159.227
884000.041988	65.0744 165.469
885000.042035	69.0897 166.851
886000.042083	64.8281 169.648
887000.042130	59.857 -178.721
888000.042178	66.63 162.855
889000.042225	70.1586 156.141
890000.042273	62.8548 160.285
891000.042320	49.9147 154.845
892000.042368	55.0157 171.52
893000.042415	54.166 173.722
894000.042463	52.0398 160.242
895000.042510	60.5407 165.569
896000.042558	62.8942 175.442
897000.042605	66.6751 177.502
898000.042653	56.9445 170.818
899000.042700	58.5838 159.554
900000.042748	65.8946 176.802
901000.042795	57.6668 171.965
902000.042843	63.3983 164.645
903000.042890	62.6182 169.235
904000.042938	50.3291 154.097
905000.042985	58.6715 140.943
906000.043033	62.043 162.541
907000.043080	64.6681 170.779
908000.043128	63.9062 166.122
909000.043175	61.014 148.63
910000.043223	64.3048 172.589
911000.043270	63.1048 166.302
912000.043318	53.1333 167.413
913000.043365	52.2752 165.477
914000.043413	66.8127 156.26
915000.043460	61.2415 147.062
916000.043508	70.0317 164.026
917000.043555	49.3281 171.734
918000.043603	60.7421 160.608
919000.043650	66.5606 159.791
920000.043698	56.6825 158.076
921000.043745	65.1228 166.646
922000.043793	63.9024 179.29
923000.043840	66.1499 150.12
924000.043888	64.6557 174.139
925000.043935	50.9869 175.409
926000.043983	62.684 146.056
927000.044030	71.7778 151.635
928000.044078	62.9157 167.596
929000.044125	63.8219 173.815
930000.044173	75.456 153.923
931000.044220	48.9201 -179.712
932000.044268	51.9969 -178.74
933000.044315	66.5181 172.579
934000.044363	68.6696 144.715
935000.044410	64.6381 159.317
936000.044458	63.4213 176.371
937000.044505	59.4889 178.043
938000.044553	59.1926 173.188
939000.044600	54.1937 171.114
940000.044648	67.1089 160.591
941000.044695	68.0573 173.369
942000.044743	67.3506 151.658
943000.044790	54.9472 155.268
944000.044838	65.6047 161.819
945000.044885	73.7713 174.289
946000.044933	59.7785 159.676
947000.044980	61.6172 154.519
948000.045028	60.9995 155.528
949000.045075	51.0881 164.719
950000.045123	48.3341 170.19
951000.045170	56.3328 176.674
952000.045218	62.5404 175.611
953000.045265	62.1071 172.335
954000.045313	51.9147 -173.023
955000.045360	63.0407 164.149
956000.045408	56.9723 170.495
957000.045455	55.6624 175.371
958000.045503	50.5633 159.832
959000.045550	69.6778 150.362
960000.045598	68.0524 170.848
961000.045645	59.4827 170.255
962000.045693	65.5392 150.214
963000.045740	66.912 143.474
964000.045788	55.7345 153.509
965000.045835	65.8821 154.378
966000.045883	52.1155 177.251
967000.045930	56.6591 156.413
968000.045978	54.7807 167.752
969000.046025	61.2831 178.359
970000.046073	70.2316 156.627
971000.046120	54.9941 170.7
972000.046168	63.8689 172.663
973000.046215	72.6879 154.661
974000.046263	54.8371 176.377
975000.046310	57.9637 167.554
976000.046358	56.5135 -170.763
977000.046405	61.8764 165.791
978000.046453	69.4088 162.039
979000.046500	63.8361 157.87
980000.046548	57.182 160.019
981000.046595	63.6776 173.357
982000.046642	52.246 175.178
983000.046690	52.6915 155.955
984000.046737	77.1526 172.36
985000.046785	69.5663 170.145
986000.046832	61.2774 172.502
987000.046880	66.1229 162.244
988000.046927	71.4919 149.522
989000.046975	59.4702 171.29
990000.047022	53.573 166.652
991000.047070	58.2381 160.41
992000.047117	52.4855 168.213
993000.047165	67.2358 161.964
994000.047212	52.9311 167.253
995000.047260	67.2328 179.735
996000.047307	74.3149 164.996
997000.047355	67.5478 160.329
998000.047402	63.0252 147.857
999000.047450	66.5069 166.494
1000000.047497	59.6271 151.162
1001000.047545	61.9724 172.605
1002000.047592	50.0252 -172.496
1003000.047640	62.9672 161.922
1004000.047687	59.1168 167.241
1005000.047735	81.0352 159.021
1006000.047782	61.8403 156.239
1007000.047830	45.5064 173.522
1008000.047877	69.9591 157.554
1009000.047925	63.9677 152.539
1010000.047972	60.9 151.326
1011000.048020	65.9407 151.165
1012000.048067	59.7027 165.065
1013000.048115	58.3808 169.041
1014000.048162	68.4114 -177.441
1015000.048210	60.6764 158.292
1016000.048257	69.3668 163.527
1017000.048305	50.4818 166.941
1018000.048352	58.136 170.717
1019000.048400	72.6648 177.845
1020000.048447	67.092 158.595
1021000.048495	44.3413 158.95
1022000.048542	64.7373 151.33
1023000.048590	71.0164 171.88
1024000.048637	48.4872 164.691
1025000.048685	60.9036 166.014
1026000.048732	67.6247 160.357
1027000.048780	57.5499 171.196
1028000.048827	54.1 170.758
1029000.048875	65.1703 161.798
1030000.048922	56.1885 176.724
1031000.048970	57.3808 177.485
1032000.049017	59.4059 156.993
1033000.049065	61.3688 166.81
1034000.049112	63.5375 -174.906
1035000.049160	58.9088 159.98
1036000.049207	60.759 159.183
1037000.049255	58.5242 169.452
1038000.049302	58.7561 171.664
1039000.049350	56.8578 161.26
1040000.049397	56.3216 -175.861
1041000.049445	59.3579 158.973
1042000.049492	57.3554 174.44
1043000.049540	58.2537 179.073
1044000.049587	53.813 -176.869
1045000.049635	60.4695 171.946
1046000.049682	53.294 143.027
1047000.049730	60.6482 178.954
1048000.049777	54.2058 154.33
1049000.049825	66.3817 156.9
1050000.049872	71.9361 168.531
1051000.049920	61.4329 167.351
1052000.049967	67.0146 161.322
1053000.050015	63.3413 172.018
1054000.050062	66.4474 160.251
1055000.050110	65.712 166.67
1056000.050157	65.8699 171.634
1057000.050205	63.6165 154.866
1058000.050252	63.9528 157.113
1059000.050300	63.5823 153.854
1060000.050347	52.4686 162.47
1061000.050395	55.214 165.253
1062000.050442	63.9 168.629
1063000.050490	48.9758 163.865
1064000.050537	59.3002 160.791
1065000.050585	63.6212 157.471
1066000.050632	49.4612 163.118
1067000.050680	72.1322 164.708
1068000.050727	57.798 153.742
1069000.050775	60.8909 164.194
1070000.050822	66.3094 168.145
1071000.050870	64.6051 173.118
1072000.050917	60.7198 165.768
1073000.050965	55.7892 165.523
1074000.051012	64.5382 172.302
1075000.051060	52.9497 157.752
1076000.051107	57.5565 162.263
1077000.051155	69.2691 165.38
1078000.051202	65.607 171.476
1079000.051250	79.1467 166.095
1080000.051297	41.472 -177.136
1081000.051345	69.0181 153.823
1082000.051392	67.5218 165.16
1083000.051440	65.2206 157.047
1084000.051487	55.4997 168.934
1085000.051535	59.5863 167.116
1086000.051582	80.1289 167.286
1087000.051630	60.6909 162.487
1088000.051677	63.7832 179.989
1089000.051725	51.1185 160.62
1090000.051772	48.3139 161.55
1091000.051820	50.7953 178.54
1092000.051867	67.655 163.166
1093000.051915	58.325 161.241
1094000.051962	48.8531 170.557
1095000.052010	67.609 151.588
1096000.052057	68.3044 165.77
1097000.052105	61.872 167.394
1098000.052152	58.9659 173.685
1099000.052200	45.9365 161.678
1100000.052247	65.6935 166.758
1101000.052295	58.5023 179.913
1102000.052342	55.25 158.513
1103000.052390	57.0417 158.751
1104000.052437	59.165 169.673
1105000.052485	49.6497 162.327
1106000.052532	63.4843 167.448
1107000.052580	48.8677 170.295
1108000.052627	68.2261 165.896
1109000.052675	61.6846 163.754
1110000.052722	65.6248 165.445
1111000.052770	69.022 152.805
1112000.052817	50.1943 172.893
1113000.052865	51.8008 179.889
1114000.052912	51.9665 172.838
1115000.052960	58.7702 159.13
1116000.053007	67.1629 178.345
1117000.053055	55.7051 161.111
1118000.053102	54.3534 157.914
1119000.053150	63.5012 153.967
1120000.053197	63.7329 179.781
1121000.053245	64.3868 160.907
1122000.053292	56.5921 175.193
1123000.053340	53.7142 176.79
1124000.053387	48.2197 170.625
1125000.053435	60.9867 160.689
1126000.053482	54.1748 170.135
1127000.053530	67.3659 168.433
1128000.053577	53.977 166.89
1129000.053625	56.1865 175.874
1130000.053672	64.4143 171.478
1131000.053720	59.4254 161.656
1132000.053767	61.3767 173.575
1133000.053815	53.5987 176.582
1134000.053862	67.4822 175.037
1135000.053910	67.0114 172.662
1136000.053957	57.8475 179.329
1137000.054005	64.4088 162.494
1138000.054052	63.0714 167.111
1139000.054100	53.9518 157.734
1140000.054147	65.6817 167.861
1141000.054195	62.4847 161.319
1142000.054242	63.3279 171.534
1143000.054290	54.4149 176.121
1144000.054337	62.3222 164.577
1145000.054385	54.5618 165.274
1146000.054432	57.8396 158.027
1147000.054480	52.944 172.228
1148000.054527	60.376 174.308
1149000.054575	43.4463 168.784
1150000.054622	59.6688 162.606
1151000.054670	54.3655 174.141
1152000.054717	57.9483 159.241
1153000.054765	59.6748 173.219
1154000.054812	63.9436 168.811
1155000.054860	56.4973 166.304
1156000.054907	57.7704 175.011
1157000.054955	79.1848 143.913
1158000.055002	59.5799 -179.18
1159000.055050	61.3925 160.346
1160000.055097	51.1206 161.765
1161000.055145	57.8093 -179.194
1162000.055192	66.0025 158.777
1163000.055240	60.8221 159.745
1164000.055287	71.8855 167.313
1165000.055335	46.6896 152.924
1166000.055382	68.2706 179.395
1167000.055430	60.1444 151.568
1168000.055477	54.0401 168.299
1169000.055525	56.9792 163.17
1170000.055572	54.6255 166.524
1171000.055620	70.709 161.054
1172000.055667	69.5976 178.948
1173000.055715	55.1846 158.609
1174000.055762	62.0769 154.055
1175000.055810	67.3395 153.106
1176000.055857	48.3478 169.684
1177000.055905	70.5 163.793
1178000.055952	65.1464 -179.142
1179000.055999	65.4329 153.021
1180000.056047	49.5177 168.251
1181000.056094	57.9143 165.482
1182000.056142	44.871 178.439
1183000.056189	63.0212 161.092
1184000.056237	61.5347 164.354
1185000.056284	65.2355 158.424
1186000.056332	81.18 160.511
1187000.056379	51.9997 160.173
1188000.056427	61.706 146.619
1189000.056474	73.4499 165.24
1190000.056522	58.0256 166.977
1191000.056569	70.5591 157.045
1192000.056617	62.051 164.957
1193000.056664	65.284 165.22
1194000.056712	64.3541 166.045
1195000.056759	56.8565 177.753
1196000.056807	59.0021 175.173
1197000.056854	54.9721 172.068
1198000.056902	61.5376 162.096
1199000.056949	68.0846 163.46
1200000.056997	49.5041 166.634
1201000.057044	54.7182 150.796
1202000.057092	61.0504 170.23
1203000.057139	50.0585 172.877
1204000.057187	66.3587 169.292
1205000.057234	59.1219 168.254
1206000.057282	59.7408 152.634
1207000.057329	62.4913 165.92
1208000.057377	55.0894 170.781
1209000.057424	52.9661 -175.291
1210000.057472	57.7346 160.06
1211000.057519	67.0711 170.421
1212000.057567	65.5132 176.658
1213000.057614	69.9156 165.797
1214000.057662	57.8926 179.559
1215000.057709	56.9265 166.215
1216000.057757	50.955 165.025
1217000.057804	62.2311 172.702
1218000.057852	57.4496 159.935
1219000.057899	46.8791 157.846
1220000.057947	64.2127 142.612
1221000.057994	47.0906 177.273
1222000.058042	59.3894 156.549
1223000.058089	58.0114 174.258
1224000.058137	73.3328 165.507
1225000.058184	58.6454 159.796
1226000.058232	67.7477 168.536
1227000.058279	64.2478 164.455
1228000.058327	69.5271 162.563
1229000.058374	66.4426 155.181
1230000.058422	61.2669 161.813
1231000.058469	57.2651 161.029
1232000.058517	57.6758 170.797
1233000.058564	55.6172 -178.409
1234000.058612	55.306 159.081
1235000.058659	64.34 157.039
1236000.058707	60.4523 153.988
1237000.058754	66.6964 171.451
1238000.058802	68.3608 167.963
1239000.058849	66.0812 149.228
1240000.058897	51.8851 170.436
1241000.058944	55.1707 174.595
1242000.058992	60.0512 173.101
1243000.059039	55.4787 168.225
1244000.059087	66.8683 174.402
1245000.059134	64.9318 171.69
1246000.059182	60.0582 154.541
1247000.059229	65.467 175.604
1248000.059277	67.0584 176.941
1249000.059324	63.1356 161.049
1250000.059372	69.1081 155.617
1251000.059419	52.8037 167.311
1252000.059467	70.1918 163.954
1253000.059514	62.3588 167.613
1254000.059562	68.957 146.899
1255000.059609	69.8281 151.343
1256000.059657	72.6793 174.106
1257000.059704	52.3556 166.682
1258000.059752	55.917 166.514
1259000.059799	56.9978 170.888
1260000.059847	71.3984 166.568
1261000.059894	59.2978 158.842
1262000.059942	57.5158 168.341
1263000.059989	61.838 164.356
1264000.060037	66.8948 153.775
1265000.060084	64.1503 162.478
1266000.060132	62.3826 149.016
1267000.060179	66.3384 163.357
1268000.060227	58.1848 159.518
1269000.060274	51.5643 166.853
1270000.060322	64.0907 160.714
1271000.060369	55.623 158.748
1272000.060417	54.3549 -178.738
1273000.060464	47.2767 175.888
1274000.060512	47.1415 171.497
1275000.060559	50.5377 -169.402
1276000.060607	56.6914 161.844
1277000.060654	49.7464 179.441
1278000.060702	64.0987 -167.312
1279000.060749	54.1774 176.534
1280000.060797	52.2671 -173.44
1281000.060844	65.6609 158.425
1282000.060892	60.0276 169.092
1283000.060939	63.455 160.9
1284000.060987	56.0466 153.899
1285000.061034	60.1155 163.294
1286000.061082	64.3163 162.997
1287000.061129	48.6748 176.091
1288000.061177	69.3402 160.395
1289000.061224	66.5834 178.321
1290000.061272	47.917 176.15
1291000.061319	71.5445 152.621
1292000.061367	54.3189 162.171
1293000.061414	63.4487 157.21
1294000.061462	58.1964 170.503
1295000.061509	41.9111 166.836
1296000.061557	66.3502 167.487
1297000.061604	56.6125 177.042
1298000.061652	53.0544 161.249
1299000.061699	69.2597 169.155
1300000.061747	53.9701 159.647
1301000.061794	52.5191 160.181
1302000.061842	54.0472 171.832
1303000.061889	60.8291 163.676
1304000.061937	50.0032 154.773
1305000.061984	62.0924 167.597
1306000.062032	58.774 164.143
1307000.062079	56.7117 177.707
1308000.062127	62.522 173.536
1309000.062174	65.7308 174.402
1310000.062222	71.7048 179.383
1311000.062269	61.0142 157.581
1312000.062317	60.8338 168.337
1313000.062364	63.5992 165.144
1314000.062412	58.4367 149.933
1315000.062459	65.4084 173.093
1316000.062507	62.1454 173.178
1317000.062554	60.0269 163.038
1318000.062602	66.5552 155.622
1319000.062649	56.893 170.515
1320000.062697	52.5769 177.766
1321000.062744	73.3071 148.451
1322000.062792	63.7253 166.1
1323000.062839	51.3893 174.783
1324000.062887	51.7572 170.076
1325000.062934	50.8881 176.026
1326000.062982	60.4046 165.947
1327000.063029	69.5634 -175.765
1328000.063077	66.8434 177.055
1329000.063124	67.808 -175.266
1330000.063172	48.9901 171.035
1331000.063219	53.4455 161.245
1332000.063267	65.1811 166.168
1333000.063314	66.2408 162.529
1334000.063362	49.7482 166.281
1335000.063409	68.2096 172.078
1336000.063457	58.7274 -174.709
1337000.063504	59.4192 159.969
1338000.063552	55.7318 177.887
1339000.063599	66.9015 167.4
1340000.063647	72.3107 155.974
1341000.063694	67.5783 160.766
1342000.063742	60.0145 178.266
1343000.063789	46.3207 174.515
1344000.063837	57.3697 152.171
1345000.063884	61.1075 147.531
1346000.063932	55.8888 174.65
1347000.063979	64.5513 154.575
1348000.064027	61.3754 165.543
1349000.064074	74.6678 163.498
1350000.064122	65.7554 166.455
1351000.064169	67.38 156.626
1352000.064217	65.8592 149.332
1353000.064264	73.8376 153.215
1354000.064312	62.1846 160.707
1355000.064359	63.0878 163.276
1356000.064407	62.2708 161.39
1357000.064454	53.6008 152.411
1358000.064502	57.3964 166.202
1359000.064549	60.3613 165.185
1360000.064597	58.609 165.485
1361000.064644	56.4631 164.191
1362000.064692	54.8323 162.687
1363000.064739	62.3067 152.981
1364000.064787	56.6612 163.417
1365000.064834	63.0218 167.422
1366000.064882	59.0697 163.57
1367000.064929	53.3165 167.653
1368000.064977	54.8121 156.426
1369000.065024	68.0601 167.093
1370000.065072	51.811 161.877
1371000.065119	46.429 -175.482
1372000.065167	62.4976 161.005
1373000.065214	52.5712 -178.58
1374000.065261	61.7692 160.914
1375000.065309	57.0299 162.772
1376000.065356	64.7063 160.062
1377000.065404	58.6155 -179.215
1378000.065451	71.5689 162.549
1379000.065499	55.0889 177.018
1380000.065546	62.5466 164.139
1381000.065594	69.3475 163.354
1382000.065641	58.0616 164.641
1383000.065689	67.1497 172.803
1384000.065736	55.6746 166.048
1385000.065784	69.9039 156.751
1386000.065831	48.5646 171.652
1387000.065879	59.6794 152.865
1388000.065926	49.2614 -171.536
1389000.065974	56.7506 144.897
1390000.066021	66.8122 -174.791
1391000.066069	64.0174 169.414
1392000.066116	67.6426 167.519
1393000.066164	49.4437 174.737
1394000.066211	54.6231 -176.684
1395000.066259	58.8541 164.706
1396000.066306	55.2453 -168.693
1397000.066354	60.3187 155.205
1398000.066401	67.1167 160.805
1399000.066449	64.7663 167.954
1400000.066496	59.3149 179.651
1401000.066544	76.0941 154.814
1402000.066591	53.1183 -172.633
1403000.066639	67.8716 150.366
1404000.066686	64.8871 164.423
1405000.066734	69.0161 154.963
1406000.066781	52.135 163.93
1407000.066829	53.7283 175.414
1408000.066876	62.2641 143.356
1409000.066924	48.1555 158.349
1410000.066971	53.7354 161.672
1411000.067019	50.3268 159.661
1412000.067066	59.7853 164.461
1413000.067114	60.2198 158.68
1414000.067161	58.6948 161.791
	57.0233 164.796
	69.7439 164.757
	62.1524 145.388
	49.6268 169.959
	46.4562 171.313
	67.9379 151.242
