480000.022799	50.1811 67.9342
481000.022846	35.4733 85.1395
482000.022894	44.2949 95.6818
483000.022941	42.6418 69.2996
484000.022989	61.5488 65.5265
485000.023036	58.1411 58.7452
486000.023084	36.6062 67.6034
487000.023131	33.113 86.424
488000.023179	48.3912 62.7618
489000.023226	57.3247 56.5538
490000.023274	47.2248 46.8666
491000.023321	41.2335 89.2955
492000.023369	53.9604 64.5056
493000.023416	50.7678 57.3699
494000.023464	48.505 73.4178
495000.023511	45.3022 72.8182
496000.023559	33.4551 79.3236
497000.023606	46.782 66.4915
498000.023654	36.4132 85.594
499000.023701	51.9945 69.869
500000.023749	47.7103 71.2119
501000.023796	53.6014 60.9865
502000.023844	59.0722 68.6376
503000.023891	38.8863 64.6305
504000.023939	59.2553 52.0062
505000.023986	51.7789 68.2413
506000.024034	51.7117 72.6166
507000.024081	45.6077 66.0381
508000.024129	43.7544 74.9277
509000.024176	43.3649 62.9148
510000.024224	34.2968 73.8638
511000.024271	48.7107 81.0431
512000.024319	52.5225 71.4742
513000.024366	45.5262 81.335
514000.024414	56.1474 58.677
515000.024461	48.6212 74.9925
516000.024509	46.9261 85.9258
517000.024556	45.6892 67.9249
518000.024604	38.9523 77.081
519000.024651	41.9142 65.7465
520000.024699	57.8353 59.6397
521000.024746	64.0769 68.8097
522000.024794	42.6042 73.671
523000.024841	54.8389 59.7986
524000.024889	51.8509 76.5477
525000.024936	43.9042 69.3849
526000.024984	28.6184 79.2525
527000.025031	25.0709 83.451
528000.025079	48.0453 71.5887
529000.025126	38.505 67.8459
530000.025174	49.0862 73.8284
531000.025221	49.2361 78.1512
532000.025269	49.994 59.8809
533000.025316	46.835 64.433
534000.025364	46.1039 72.2173
535000.025411	50.5017 55.4865
536000.025459	37.6776 86.2349
537000.025506	52.4002 72.1882
538000.025554	36.29 78.3364
539000.025601	58.8338 66.5936
540000.025649	41.8232 61.4908
541000.025696	43.1727 62.0385
542000.025744	43.9325 79.6653
543000.025791	66.857 65.0997
544000.025839	25.775 94.0014
545000.025886	49.1325 75.9612
546000.025934	50.8576 68.4875
547000.025981	42.3981 77.5933
548000.026029	38.5074 68.2007
549000.026076	56.6803 68.557
550000.026124	42.9018 78.2636
551000.026171	67.245 46.0223
552000.026219	47.5001 80.9462
553000.026266	41.3678 69.99
554000.026314	36.3057 60.4148
555000.026361	46.1301 57.8189
556000.026409	47.5037 69.0959
557000.026456	49.778 73.9371
558000.026504	41.1369 70.1739
559000.026551	32.4425 81.295
560000.026599	43.7867 77.1656
561000.026646	44.6158 72.3626
562000.026694	47.7467 70.3579
563000.026741	53.2098 77.5126
564000.026789	54.2141 66.7101
565000.026836	46.7307 87.2598
566000.026884	47.145 56.315
567000.026931	55.7665 76.337
568000.026979	39.7011 55.7908
569000.027026	52.0235 56.3141
570000.027074	38.3432 80.7587
571000.027121	31.5309 76.3077
572000.027169	49.764 69.036
573000.027216	33.6002 57.298
574000.027264	39.1824 69.317
575000.027311	45.1022 88.4634
576000.027359	32.9103 74.1392
577000.027406	48.2678 69.3985
578000.027454	46.7845 65.1744
579000.027501	44.5721 72.0437
580000.027549	41.7939 64.5623
581000.027596	64.3008 52.9245
582000.027644	56.2729 55.4734
583000.027691	54.5472 69.7312
584000.027739	58.8335 61.9499
585000.027786	43.6259 84.1902
586000.027834	54.4143 80.7837
587000.027881	34.8737 59.7153
588000.027929	51.5289 79.7898
589000.027976	53.4956 70.3167
590000.028023	40.1327 74.8877
591000.028071	36.9057 63.546
592000.028118	47.7849 61.6706
593000.028166	44.4384 86.28
594000.028213	35.0959 84.5736
595000.028261	52.5612 78.0122
596000.028308	52.9278 65.0392
597000.028356	45.2693 76.1594
598000.028403	62.3321 61.0817
599000.028451	56.2871 64.9082
600000.028498	51.1842 62.166
