240000.011399	36.4456 80.0552
241000.011447	50.0569 67.9579
242000.011494	46.5088 74.4094
243000.011542	44.0251 82.7942
244000.011589	23.973 98.154
245000.011637	56.7166 67.4319
246000.011684	50.2705 69.8273
247000.011732	40.9194 79.5803
248000.011779	29.5996 80.1348
249000.011827	52.1291 70.1007
250000.011874	37.094 68.2753
251000.011922	29.8069 71.3093
252000.011969	40.4349 74.8758
253000.012017	48.2949 78.8557
254000.012064	44.5544 91.6149
255000.012112	48.2222 60.7478
256000.012159	41.9714 93.6835
257000.012207	43.3819 68.5671
258000.012254	42.0629 70.2435
259000.012302	42.3229 72.3991
260000.012349	47.0585 80.4128
261000.012397	19.0909 95.4876
262000.012444	47.5428 72.7957
263000.012492	47.1358 72.1334
264000.012539	42.3255 74.0007
265000.012587	40.7285 98.6562
266000.012634	41.6582 72.5933
267000.012682	42.3846 71.3379
268000.012729	48.0791 61.4754
269000.012777	45.9037 72.93
270000.012824	49.7428 72.8325
271000.012872	44.9245 85.8729
272000.012919	29.4141 65.9914
273000.012967	41.9972 72.7619
274000.013014	52.9056 65.6906
275000.013062	36.399 72.8725
276000.013109	58.0502 76.3771
277000.013157	52.1739 58.0217
278000.013204	42.1162 69.391
279000.013252	44.8738 85.8292
280000.013299	35.3631 86.5934
281000.013347	35.6362 68.265
282000.013394	43.4807 72.2995
283000.013442	41.8388 70.0012
284000.013489	36.6173 68.0143
285000.013537	51.8406 74.9503
286000.013584	48.1259 75.1345
287000.013632	47.0249 82.8576
288000.013679	50.5001 82.873
289000.013727	41.1143 81.6221
290000.013774	47.519 82.2785
291000.013822	41.8838 82.9112
292000.013869	59.5331 54.4929
293000.013917	29.9607 75.0014
294000.013964	40.9536 81.309
295000.014012	41.8029 65.5847
296000.014059	47.2851 82.7783
297000.014107	41.6077 75.5152
298000.014154	51.4715 71.6316
299000.014202	43.0728 89.0802
300000.014249	39.3816 83.7765
301000.014297	46.7844 90.1031
302000.014344	37.3359 87.79
303000.014392	38.0166 77.6806
304000.014439	42.6434 70.158
305000.014487	49.2237 79.8937
306000.014534	34.4105 68.61
307000.014582	38.7058 91.0325
308000.014629	34.2271 82.0997
309000.014677	53.7841 69.8118
310000.014724	48.1928 62.837
311000.014772	44.2237 64.1605
312000.014819	47.2578 78.0156
313000.014867	28.4775 88.4531
314000.014914	54.9124 76.2583
315000.014962	46.1287 63.5205
316000.015009	53.8094 72.888
317000.015057	47.518 59.8273
318000.015104	46.5059 73.645
319000.015152	46.8121 76.7215
320000.015199	64.9259 71.0879
321000.015247	63.0642 69.7011
322000.015294	13.4999 84.9576
323000.015342	35.427 81.1154
324000.015389	53.666 65.8039
325000.015437	44.6184 81.0779
326000.015484	37.4375 81.3269
327000.015532	40.2049 70.9931
328000.015579	41.1002 63.1214
329000.015627	49.641 78.021
330000.015674	43.6445 75.4523
331000.015722	48.1674 71.39
332000.015769	39.4688 92.7719
333000.015817	60.4094 76.3798
334000.015864	50.6974 78.8697
335000.015912	57.7709 66.9866
336000.015959	44.8907 85.3182
337000.016007	44.8826 70.7603
338000.016054	32.8368 78.6799
339000.016102	44.1746 73.0314
340000.016149	52.0751 81.1396
341000.016197	34.9764 79.9971
342000.016244	35.4625 78.0712
343000.016292	45.1701 80.4433
344000.016339	38.0206 87.6471
345000.016387	37.2072 64.7695
346000.016434	32.5197 71.0764
347000.016482	42.719 70.4924
348000.016529	45.8041 80.6869
349000.016577	43.6454 64.4214
350000.016624	43.9747 77.1807
351000.016672	45.7952 84.005
352000.016719	50.2381 79.3283
353000.016767	43.5879 78.0589
354000.016814	48.0277 78.6529
355000.016862	50.3395 71.3895
356000.016909	51.587 75.6293
357000.016957	41.9269 71.5868
358000.017004	66.977 66.1673
359000.017052	41.1325 76.353
360000.017099	23.8713 82.8868
