800000.037998	-75.7632 -25.0767
801000.038045	-51.2809 -40.656
802000.038093	-62.661 -36.4136
803000.038140	-66.4027 -27.528
804000.038188	-47.8299 -25.6246
805000.038235	-68.952 -38.6252
806000.038283	-90.5132 -28.6205
807000.038330	-53.8198 -44.3054
808000.038378	-63.6092 -34.8409
809000.038425	-62.7147 -34.8244
810000.038473	-68.1208 -38.3567
811000.038520	-77.5949 -38.3254
812000.038568	-48.7224 -42.5807
813000.038615	-63.81 -38.8255
814000.038663	-57.1679 -40.958
815000.038710	-70.0581 -46.4281
816000.038758	-61.8303 -31.0374
817000.038805	-75.1501 -46.8034
818000.038853	-63.3971 -34.6129
819000.038900	-44.0537 -60.0858
820000.038948	-63.7742 -40.0355
821000.038995	-56.3283 -25.1972
822000.039043	-68.4372 -51.3614
823000.039090	-68.2311 -27.1766
824000.039138	-63.1815 -51.8195
825000.039185	-84.1593 -41.5989
826000.039233	-66.6315 -21.7972
827000.039280	-58.8749 -45.6319
828000.039328	-65.0036 -33.2793
829000.039375	-75.2162 -49.9381
830000.039423	-82.9249 -46.2169
831000.039470	-71.9334 -33.9271
832000.039518	-63.8727 -50.9569
833000.039565	-70.2096 -45.3312
834000.039613	-56.082 -45.4139
835000.039660	-59.2401 -37.9635
836000.039708	-48.9691 -40.3021
837000.039755	-72.9302 -11.165
838000.039803	-56.7727 -36.4369
839000.039850	-53.5343 -39.0151
840000.039898	-63.8944 -58.0366
841000.039945	-61.4968 -52.9143
842000.039993	-67.1889 -43.6489
843000.040040	-68.3626 -34.8278
844000.040088	-73.8112 -35.4944
845000.040135	-66.3485 -42.3057
846000.040183	-64.7244 -40.6927
847000.040230	-60.0355 -54.5533
848000.040278	-79.9845 -32.8671
849000.040325	-75.3007 -19.6395
850000.040373	-61.3042 -28.8678
851000.040420	-62.4559 -47.9368
852000.040468	-76.7194 -23.0837
853000.040515	-54.5479 -50.7379
854000.040563	-62.6272 -55.1148
855000.040610	-76.7253 -26.7515
856000.040658	-74.1409 -44.4228
857000.040705	-63.2125 -40.103
858000.040753	-83.1312 -33.73
859000.040800	-81.9352 -32.5968
860000.040848	-68.5299 -40.2811
861000.040895	-45.1047 -33.3156
862000.040943	-72.3604 -49.0856
863000.040990	-59.4178 -42.7085
864000.041038	-69.3843 -48.6238
865000.041085	-68.6684 -35.6388
866000.041133	-51.0782 -48.2625
867000.041180	-77.9171 -18.3028
868000.041228	-67.4412 -44.6141
869000.041275	-69.3563 -38.4403
870000.041323	-64.3902 -38.1853
871000.041370	-74.2914 -40.9515
872000.041418	-82.0558 -28.4185
873000.041465	-85.3994 -39.1402
874000.041513	-67.2048 -41.5193
875000.041560	-56.1328 -41.2296
876000.041608	-78.2126 -44.5599
877000.041655	-57.895 -27.6667
878000.041703	-69.5035 -31.8752
879000.041750	-79.6114 -37.1159
880000.041798	-62.147 -45.2684
881000.041845	-69.8394 -43.6087
882000.041893	-61.4996 -45.3863
883000.041940	-70.3168 -46.2334
884000.041988	-85.4607 -37.1838
885000.042035	-54.0755 -38.7483
886000.042083	-69.5937 -52.3969
887000.042130	-75.5132 -37.1991
888000.042178	-61.4446 -44.5769
889000.042225	-83.2046 -17.8492
890000.042273	-76.0709 -24.0578
891000.042320	-71.0868 -25.8591
892000.042368	-65.6506 -28.4792
893000.042415	-71.9662 -37.0226
894000.042463	-53.0855 -32.3106
895000.042510	-58.3965 -61.6351
896000.042558	-54.6525 -55.4194
897000.042605	-56.9642 -38.5463
898000.042653	-52.2005 -27.1637
899000.042700	-71.0142 -20.655
900000.042748	-70.0534 -30.9651
901000.042795	-66.2561 -41.1808
902000.042843	-64.5206 -33.4075
903000.042890	-55.4495 -42.7018
904000.042938	-69.4745 -31.5994
905000.042985	-72.2145 -27.7632
906000.043033	-54.0398 -28.4401
907000.043080	-64.2672 -51.0557
908000.043128	-55.8457 -42.6465
909000.043175	-72.827 -48.9555
910000.043223	-66.5857 -54.13
911000.043270	-68.7441 -37.2177
912000.043318	-68.0098 -56.168
913000.043365	-54.117 -36.3825
914000.043413	-71.232 -42.942
915000.043460	-65.5288 -29.1997
916000.043508	-84.3487 -50.8153
917000.043555	-61.9739 -42.3579
918000.043603	-62.3006 -46.7676
919000.043650	-72.8526 -35.7366
920000.043698	-66.1185 -49.1534
