580000.027549	-98.8296 -77.3882
581000.027596	-80.0072 -76.8311
582000.027644	-97.6023 -77.8074
583000.027691	-91.2038 -77.7579
584000.027739	-84.0267 -76.3155
585000.027786	-88.4423 -59.0641
586000.027834	-91.7364 -75.3927
587000.027881	-99.6236 -56.0842
588000.027929	-95.0025 -62.0042
589000.027976	-84.4009 -80.7752
590000.028023	-90.7793 -72.5358
591000.028071	-81.2101 -78.5497
592000.028118	-84.6716 -76.7622
593000.028166	-81.6563 -87.9458
594000.028213	-85.2261 -68.6544
595000.028261	-74.6454 -92.0787
596000.028308	-91.7771 -95.8675
597000.028356	-78.8295 -73.0192
598000.028403	-87.9661 -95.9952
599000.028451	-83.0669 -81.7423
600000.028498	-92.6462 -60.5091
601000.028546	-82.1239 -69.5038
602000.028593	-104.425 -66.0224
603000.028641	-100.757 -65.589
604000.028688	-92.7892 -67.2353
605000.028736	-83.4314 -63.5023
606000.028783	-75.0917 -104.11
607000.028831	-112.661 -94.2325
608000.028878	-99.16 -85.6093
609000.028926	-99.3029 -66.9135
610000.028973	-83.4284 -74.9804
611000.029021	-85.0747 -75.5369
612000.029068	-86.6061 -101.254
613000.029116	-102.299 -82.9729
614000.029163	-75.047 -92.1393
615000.029211	-86.464 -78.2221
616000.029258	-95.1533 -80.102
617000.029306	-96.3894 -92.5235
618000.029353	-112.085 -95.153
619000.029401	-95.9088 -83.8584
620000.029448	-80.3266 -87.4126
621000.029496	-100.218 -86.188
622000.029543	-99.8187 -62.2255
623000.029591	-110.203 -81.2027
624000.029638	-74.6858 -81.9775
625000.029686	-76.5421 -96.7819
626000.029733	-95.6063 -87.5686
627000.029781	-75.0769 -86.7465
628000.029828	-85.8827 -62.6841
629000.029876	-128.993 -68.9739
630000.029923	-89.7725 -63.3987
631000.029971	-87.1595 -61.4202
632000.030018	-94.083 -68.2968
633000.030066	-87.7508 -93.6345
634000.030113	-101.073 -83.2631
635000.030161	-91.3589 -82.6247
636000.030208	-98.3544 -90.9192
637000.030256	-92.5379 -73.7174
638000.030303	-108.145 -52.6052
639000.030351	-103.438 -74.0171
640000.030398	-88.5301 -72.4042
641000.030446	-94.02 -91.0551
642000.030493	-103.512 -73.1785
643000.030541	-98.7755 -67.8952
644000.030588	-103.229 -91.7762
645000.030636	-104.029 -88.4896
646000.030683	-100.529 -94.7284
647000.030731	-84.129 -78.0136
648000.030778	-90.3118 -70.2045
649000.030826	-97.3095 -87.8826
650000.030873	-76.603 -64.0972
651000.030921	-99.465 -69.4595
652000.030968	-79.479 -70.3057
653000.031016	-93.1164 -105.61
654000.031063	-88.7831 -77.1811
655000.031111	-91.4477 -62.5723
656000.031158	-78.4286 -75.6205
657000.031206	-106.247 -63.4053
658000.031253	-94.6536 -86.5512
659000.031301	-92.2636 -79.9818
660000.031348	-87.4922 -77.8195
661000.031396	-105.168 -62.7957
662000.031443	-75.1163 -62.752
663000.031491	-78.6489 -77.6148
664000.031538	-98.0362 -79.667
665000.031586	-100.099 -59.0086
666000.031633	-102.1 -73.5018
667000.031681	-100.311 -57.8942
668000.031728	-115.15 -63.0564
669000.031776	-90.7113 -79.351
670000.031823	-85.8907 -85.9408
671000.031871	-94.4681 -81.4286
672000.031918	-61.1686 -103.167
673000.031966	-97.435 -63.5047
674000.032013	-96.6104 -86.2571
675000.032061	-104.126 -95.3039
676000.032108	-95.4703 -101.319
677000.032156	-96.9191 -93.955
678000.032203	-91.3505 -87.5359
679000.032251	-92.4431 -87.0822
680000.032298	-96.1584 -79.7866
681000.032346	-109.605 -75.7697
682000.032393	-94.4968 -62.6791
683000.032441	-102.21 -87.4255
684000.032488	-107.739 -67.8815
685000.032536	-110.09 -89.9934
686000.032583	-95.0507 -58.7074
687000.032631	-100.235 -82.1845
688000.032678	-88.3161 -94.9772
689000.032726	-88.9565 -91.7218
690000.032773	-92.2317 -60.1511
691000.032821	-95.4 -81.8613
692000.032868	-95.3503 -88.974
693000.032916	-110.073 -72.9007
694000.032963	-82.3952 -73.0731
695000.033011	-93.2299 -102.797
696000.033058	-98.3465 -94.2733
697000.033106	-107.152 -76.8297
698000.033153	-100.824 -74.0406
699000.033201	-92.0861 -60.9438
700000.033248	-103.679 -59.048
