120000.005700	-68.3005 115.312
121000.005747	-74.6732 111.652
122000.005795	-63.1786 112.085
123000.005842	-71.3735 112.019
124000.005890	-73.7871 116.322
125000.005937	-75.0628 117.867
126000.005985	-72.7105 113.32
127000.006032	-65.6097 138.022
128000.006080	-78.0199 128.72
129000.006127	-56.1799 117.464
130000.006175	-68.7754 108.248
131000.006222	-64.2578 120.632
132000.006270	-68.9611 119.431
133000.006317	-65.8847 116.814
134000.006365	-67.0012 120.144
135000.006412	-66.5425 112.073
136000.006460	-62.2226 120.565
137000.006507	-65.1478 120.915
138000.006555	-67.1493 121.754
139000.006602	-68.0175 106.985
140000.006650	-59.866 104.226
141000.006697	-65.5931 129.263
142000.006745	-71.658 129.774
143000.006792	-71.2449 112.17
144000.006840	-65.0342 113.127
145000.006887	-67.1294 115.147
146000.006935	-77.472 122.846
147000.006982	-62.4911 117.385
148000.007030	-83.3733 107.336
149000.007077	-73.6242 115.232
150000.007125	-73.4715 116.07
151000.007172	-73.6985 109.189
152000.007220	-73.1504 125.355
153000.007267	-67.5121 113.065
154000.007315	-81.6501 112.42
155000.007362	-73.7694 112.891
156000.007410	-69.8424 114.743
157000.007457	-59.69 113.009
158000.007505	-64.1445 101.658
159000.007552	-67.3199 118.753
160000.007600	-78.4128 112.443
161000.007647	-65.0947 116.229
162000.007695	-78.5938 97.9163
163000.007742	-62.6832 123.896
164000.007790	-57.826 113.526
165000.007837	-68.9865 123.05
166000.007885	-59.4697 120.842
167000.007932	-57.0708 113.399
168000.007980	-70.0856 100.343
169000.008027	-73.281 116.143
170000.008075	-76.8495 107.529
171000.008122	-90.7178 120.47
172000.008170	-72.8643 124.864
173000.008217	-83.0576 110.992
174000.008265	-64.9285 123.843
175000.008312	-75.6026 115.39
176000.008360	-62.1498 116.991
177000.008407	-68.4951 116.241
178000.008455	-77.4674 114.777
179000.008502	-63.9933 119.296
180000.008550	-61.9083 129.205
181000.008597	-73.0855 112.922
182000.008645	-66.6388 99.7512
183000.008692	-84.9651 120.294
184000.008740	-64.4202 112.758
185000.008787	-66.7095 118.719
186000.008835	-68.3886 121.468
187000.008882	-82.0693 112.084
188000.008930	-61.6633 136.866
189000.008977	-71.4473 106.247
190000.009025	-68.3308 113.349
191000.009072	-73.6623 120.079
192000.009120	-56.3848 119.431
193000.009167	-65.8107 102.069
194000.009215	-75.3854 118.545
195000.009262	-71.2662 109.557
196000.009310	-73.2546 119.829
197000.009357	-77.0244 122.315
198000.009404	-81.6416 117.423
199000.009452	-70.7852 116.868
200000.009499	-74.9911 122.544
201000.009547	-73.1148 120.836
202000.009594	-83.7851 111.251
203000.009642	-72.1834 117.899
204000.009689	-60.6616 118.497
205000.009737	-68.8315 112.415
206000.009784	-74.0408 114.804
207000.009832	-62.572 108.583
208000.009879	-67.7903 113.011
209000.009927	-71.0781 106.021
210000.009974	-65.0032 113.412
211000.010022	-89.1654 118.157
212000.010069	-86.3252 122.327
213000.010117	-70.1503 108.104
214000.010164	-82.3062 122.151
215000.010212	-83.2326 108.497
216000.010259	-68.7748 120.438
217000.010307	-77.4548 128.928
218000.010354	-63.8877 105.225
219000.010402	-78.4882 101.07
220000.010449	-72.8965 116.584
221000.010497	-67.2035 109.634
222000.010544	-63.437 119.424
223000.010592	-65.8374 121.44
224000.010639	-74.8457 103.777
225000.010687	-76.3097 113.939
226000.010734	-77.1693 115.156
227000.010782	-78.2818 117.455
228000.010829	-68.758 115.764
229000.010877	-67.7973 105.468
230000.010924	-63.8839 122.844
231000.010972	-68.3839 128.399
232000.011019	-74.7281 114.948
233000.011067	-61.1403 119.584
234000.011114	-70.8342 119.397
235000.011162	-72.9012 106.169
236000.011209	-62.7069 113.128
237000.011257	-71.3468 93.8784
238000.011304	-58.251 100.416
239000.011352	-75.8555 115.189
240000.011399	-74.5476 117.765
