360000.017099	68.9907 1.73751
361000.017147	66.5545 7.70371
362000.017194	57.8166 3.61997
363000.017242	65.5803 -4.27075
364000.017289	64.6376 12.006
365000.017337	62.6549 2.4072
366000.017384	59.6925 11.2918
367000.017432	59.1037 16.4561
368000.017479	66.9279 2.38713
369000.017527	62.9004 6.49688
370000.017574	63.509 4.92153
371000.017622	57.2478 18.8409
372000.017669	54.0555 3.97731
373000.017717	63.3971 -1.01703
374000.017764	61.8286 -10.0036
375000.017812	69.1704 16.3869
376000.017859	66.3841 18.1295
377000.017907	57.1063 8.02008
378000.017954	66.7103 0.952692
379000.018002	61.9965 6.11631
380000.018049	64.9536 16.8856
381000.018097	57.3156 6.21896
382000.018144	66.2425 8.20027
383000.018192	52.932 6.06435
384000.018239	58.323 18.6564
385000.018287	62.3511 -10.3793
386000.018334	64.3196 9.14759
387000.018382	64.1106 -1.60199
388000.018429	64.3107 -4.9025
389000.018477	53.7542 5.88449
390000.018524	67.749 13.8011
391000.018572	60.8217 6.11988
392000.018619	56.2117 3.54023
393000.018666	54.1452 12.8243
394000.018714	52.0024 16.5812
395000.018761	57.936 12.3484
396000.018809	64.4236 -0.936139
397000.018856	48.7102 9.11184
398000.018904	70.7413 7.87466
399000.018951	63.3131 -1.18856
400000.018999	50.1224 2.12611
401000.019046	62.763 2.1582
402000.019094	39.6301 24.3102
403000.019141	60.1064 16.4589
404000.019189	61.7888 4.58664
405000.019236	70.9316 5.04143
406000.019284	60.4289 -8.60005
407000.019331	66.5128 3.93991
408000.019379	57.3625 22.0538
409000.019426	55.974 8.52089
410000.019474	61.8713 9.31566
411000.019521	61.1635 11.9581
412000.019569	55.7655 2.03346
413000.019616	43.6441 12.1224
414000.019664	58.3734 -7.46888
415000.019711	44.1563 13.3583
416000.019759	66.5132 11.3368
417000.019806	56.8922 1.15799
418000.019854	62.3836 10.5452
419000.019901	60.0161 10.8914
420000.019949	52.9921 5.04914
421000.019996	56.15 32.5959
422000.020044	60.7004 2.18726
423000.020091	72.4536 9.97244
424000.020139	63.2976 -11.7409
425000.020186	64.9726 12.9843
426000.020234	61.1791 4.20022
427000.020281	53.5366 7.58906
428000.020329	60.4112 7.1209
429000.020376	47.7483 1.11437
430000.020424	58.3754 10.6054
431000.020471	59.4817 6.9717
432000.020519	67.3181 -6.63936
433000.020566	62.3713 2.27257
434000.020614	72.3779 0.591146
435000.020661	55.3136 15.8371
436000.020709	54.3977 1.49432
437000.020756	54.3264 10.7741
438000.020804	55.0975 3.01451
439000.020851	68.8633 -10.2247
440000.020899	60.5893 -0.497618
441000.020946	64.2539 -5.43579
442000.020994	58.5698 26.0897
443000.021041	58.1691 -0.168029
444000.021089	52.0547 13.1509
445000.021136	69.1656 -2.49409
446000.021184	64.1931 -9.32779
447000.021231	62.642 6.99409
448000.021279	60.0217 1.21819
449000.021326	59.3171 -0.767573
450000.021374	68.5165 -5.92099
451000.021421	58.2336 8.4592
452000.021469	56.6446 23.3038
453000.021516	63.42 -2.30822
454000.021564	54.6094 -1.76247
455000.021611	65.9629 -1.26381
456000.021659	52.1658 11.6361
457000.021706	66.9602 0.513233
458000.021754	56.6459 12.8335
459000.021801	60.3891 3.64477
460000.021849	63.4549 4.23345
461000.021896	58.3035 9.04909
462000.021944	55.2395 1.24928
463000.021991	62.4691 -13.8084
464000.022039	76.6386 2.46546
465000.022086	57.0196 15.2894
466000.022134	59.5071 1.40537
467000.022181	62.9295 8.90989
468000.022229	51.8185 19.6817
469000.022276	58.5719 11.7874
470000.022324	69.6429 5.30131
471000.022371	57.6899 6.45376
472000.022419	67.2168 0.924658
473000.022466	65.3142 0.819898
474000.022514	59.404 -2.77825
475000.022561	54.5863 -10.9672
476000.022609	67.0097 -4.22114
477000.022656	61.4857 -4.22847
478000.022704	63.8104 4.82239
479000.022751	66.9598 0.0226833
480000.022799	57.9885 -2.40988
