#! FIELDS time restraint.bias r0 r1 r2 r3 r4 r5 r6 r7 r8 r9 r10 r11 r12 r13 r14 r15 r16 r17 r18 r19 r20 r21 r22 r23 r24 r25 r26 r27 r28
 560000.026599 4.422589 0.044424 0.038933 0.081061 0.107797 0.030950 0.061538 0.127869 0.106233 0.129391 0.014480 0.051206 0.139991 0.112517 0.106002 0.148009 0.169057 0.127658 0.098071 0.116545 0.115043 0.136398 0.091626 0.113554 0.144167 0.130721 0.134902 0.154387 0.112892 0.035241
 561000.026646 5.235275 0.045899 0.046449 0.086152 0.109399 0.035091 0.067191 0.131091 0.109876 0.133356 0.015754 0.049541 0.141682 0.112546 0.107259 0.152272 0.172724 0.130288 0.098769 0.118494 0.119314 0.144083 0.092107 0.119799 0.146939 0.133671 0.135198 0.155295 0.114563 0.033141
 562000.026694 3.828626 0.036115 0.034567 0.079885 0.106373 0.034379 0.061392 0.125833 0.104595 0.126793 0.013472 0.053094 0.133537 0.104888 0.100763 0.146324 0.166878 0.122741 0.093293 0.113871 0.115095 0.140085 0.084260 0.116471 0.141932 0.132110 0.133813 0.149214 0.105347 0.036630
 563000.026741 3.979795 0.035604 0.033426 0.080121 0.107408 0.036250 0.059980 0.126259 0.104285 0.127077 0.013736 0.054750 0.133665 0.105277 0.100667 0.145870 0.166623 0.122609 0.093567 0.114402 0.114975 0.139828 0.084318 0.116284 0.142641 0.132870 0.135101 0.150025 0.105426 0.037269
 564000.026789 8.515021 0.041594 0.033014 0.076871 0.105151 0.025514 0.061367 0.125658 0.105223 0.126725 0.020092 0.048135 0.136107 0.108797 0.102345 0.145086 0.165996 0.123470 0.092700 0.112066 0.111089 0.134480 0.085788 0.110550 0.140013 0.127307 0.131676 0.150680 0.108993 0.035668
 565000.026836 8.045948 0.036112 0.032389 0.079736 0.108978 0.032800 0.059228 0.127556 0.104690 0.128911 0.019530 0.054313 0.133981 0.106092 0.100409 0.145077 0.166867 0.121979 0.093625 0.114442 0.112986 0.137466 0.083209 0.113452 0.143201 0.131610 0.136035 0.151300 0.105352 0.037095
 566000.026884 6.507940 0.036940 0.035718 0.080927 0.106516 0.030838 0.056226 0.123690 0.101302 0.126165 0.017565 0.054120 0.133396 0.106138 0.101469 0.142904 0.163973 0.121946 0.094862 0.114356 0.112092 0.135632 0.086730 0.112190 0.141721 0.129767 0.133628 0.148615 0.106066 0.031354
 567000.026931 12.138721 0.034295 0.021365 0.071340 0.101483 0.034605 0.060845 0.122295 0.102819 0.120644 0.023989 0.052199 0.128844 0.101440 0.096990 0.142744 0.162829 0.117943 0.087133 0.107807 0.111089 0.134889 0.077284 0.112032 0.135542 0.127975 0.130133 0.145484 0.100640 0.043907
 568000.026979 12.290629 0.040992 0.030400 0.075007 0.103624 0.023865 0.057381 0.122254 0.101487 0.123999 0.024138 0.049928 0.134469 0.108578 0.102601 0.142302 0.163070 0.122235 0.093267 0.111244 0.109441 0.129604 0.084970 0.107334 0.138220 0.125452 0.131951 0.149912 0.106462 0.035829
 569000.027026 8.043508 0.031531 0.044182 0.090613 0.112901 0.038515 0.051653 0.124774 0.098436 0.130414 0.019527 0.063312 0.131876 0.103610 0.101466 0.143557 0.165403 0.121667 0.100880 0.122265 0.116601 0.143473 0.089305 0.119062 0.149613 0.137873 0.141200 0.148694 0.103066 0.026148
 570000.027074 3.414599 0.034273 0.033834 0.079712 0.105541 0.036712 0.062053 0.125782 0.104698 0.126201 0.012723 0.052862 0.132164 0.103048 0.099355 0.146366 0.166559 0.121859 0.091359 0.112563 0.115455 0.141429 0.082071 0.117545 0.140935 0.132187 0.132638 0.147996 0.104026 0.037260
 571000.027121 11.131770 0.047755 0.027914 0.068178 0.099128 0.023869 0.066221 0.124974 0.108019 0.122790 0.022972 0.040623 0.140116 0.113724 0.106557 0.148725 0.168239 0.127571 0.092498 0.109240 0.112636 0.129144 0.087290 0.108547 0.136075 0.123733 0.128430 0.153763 0.112837 0.043003
 572000.027169 9.121704 0.041516 0.032281 0.075339 0.104235 0.027488 0.063622 0.127353 0.107308 0.127197 0.020795 0.046357 0.138130 0.110478 0.104363 0.148173 0.168892 0.126065 0.093042 0.111619 0.113230 0.133908 0.086227 0.110990 0.139682 0.126910 0.130900 0.152926 0.110704 0.037383
 573000.027216 3.392838 0.040877 0.039094 0.082344 0.107831 0.032095 0.060853 0.126913 0.105054 0.129085 0.012682 0.052038 0.137885 0.109816 0.104733 0.147855 0.168635 0.126409 0.097379 0.116984 0.116090 0.139454 0.089700 0.116108 0.144717 0.132495 0.135541 0.152686 0.110059 0.033260
 574000.027264 6.064573 0.038169 0.044700 0.088162 0.110786 0.034559 0.056539 0.125149 0.100985 0.130300 0.016956 0.057801 0.135038 0.106982 0.103488 0.145314 0.166392 0.124316 0.100352 0.120578 0.116488 0.142008 0.090453 0.117921 0.147867 0.135322 0.138884 0.150439 0.106587 0.027876
 575000.027311 8.645056 0.040681 0.030430 0.074362 0.103388 0.028235 0.062467 0.124263 0.104559 0.124576 0.020244 0.048425 0.134835 0.107505 0.101925 0.145638 0.165882 0.123093 0.092194 0.111262 0.112400 0.134223 0.084059 0.111590 0.138799 0.127680 0.131524 0.150016 0.106644 0.039987
 576000.027359 12.804743 0.029402 0.029031 0.078668 0.107711 0.035295 0.056883 0.124373 0.101427 0.125589 0.024638 0.057980 0.127274 0.099297 0.095709 0.141483 0.163059 0.116301 0.090916 0.113014 0.111714 0.138397 0.077784 0.114229 0.141239 0.132269 0.135617 0.145665 0.097983 0.039028
 577000.027406 17.319975 0.048567 0.020495 0.060211 0.092985 0.029187 0.069268 0.120068 0.106970 0.115710 0.028655 0.039944 0.136866 0.111596 0.105863 0.147804 0.165144 0.125954 0.088839 0.104723 0.113172 0.127157 0.083889 0.108689 0.130389 0.122101 0.125080 0.150089 0.109250 0.050852
 578000.027454 13.095121 0.026761 0.028664 0.078996 0.106888 0.040382 0.060884 0.125734 0.103704 0.125254 0.024916 0.058525 0.124138 0.094510 0.091052 0.140768 0.162091 0.113197 0.084855 0.108574 0.110196 0.141049 0.072487 0.115280 0.137872 0.130842 0.131212 0.142189 0.096221 0.042111
 579000.027501 17.050619 0.043093 0.023359 0.067347 0.097925 0.027795 0.061027 0.119344 0.102062 0.118183 0.028431 0.048446 0.134258 0.109159 0.104806 0.144575 0.163878 0.123493 0.092731 0.109514 0.112462 0.127704 0.084484 0.108837 0.134924 0.125440 0.130618 0.149732 0.105335 0.044450
 580000.027549 12.325296 0.037136 0.034905 0.079129 0.104754 0.029499 0.060318 0.123194 0.102470 0.125620 0.024172 0.050656 0.131228 0.103962 0.099636 0.142464 0.162690 0.120140 0.090519 0.110922 0.110880 0.136300 0.081901 0.111764 0.138874 0.127641 0.130696 0.146259 0.103511 0.034840
 581000.027596 5.204252 0.044746 0.032801 0.075058 0.104949 0.030435 0.066376 0.128937 0.109794 0.127781 0.015707 0.045865 0.140101 0.112155 0.105242 0.150179 0.170771 0.127687 0.093961 0.113123 0.115481 0.136764 0.087547 0.114134 0.141430 0.129668 0.132844 0.154874 0.112565 0.040592
 582000.027644 6.065831 0.045478 0.029095 0.070263 0.099909 0.029765 0.067946 0.125634 0.108866 0.123308 0.016958 0.042115 0.139025 0.111560 0.105391 0.150009 0.169006 0.127521 0.091436 0.109489 0.115229 0.134485 0.086077 0.113098 0.136955 0.126861 0.128812 0.152665 0.111558 0.043663
 583000.027691 4.660972 0.032431 0.030837 0.077655 0.104581 0.037099 0.060884 0.124375 0.103592 0.124172 0.014865 0.054039 0.130433 0.101695 0.098124 0.144709 0.164874 0.120149 0.090354 0.111291 0.114190 0.139500 0.080885 0.116040 0.139327 0.131273 0.131942 0.146422 0.102366 0.038972
 584000.027739 6.867374 0.042760 0.031479 0.074851 0.103945 0.027336 0.062854 0.126025 0.106473 0.125945 0.018043 0.046566 0.137782 0.110662 0.103962 0.146639 0.166985 0.125447 0.092808 0.111445 0.112466 0.133574 0.086761 0.110656 0.139304 0.127027 0.131034 0.152120 0.110698 0.037764
 585000.027786 4.052291 0.043762 0.037313 0.077990 0.104288 0.033449 0.068116 0.128683 0.109995 0.128297 0.013860 0.045033 0.140178 0.111412 0.106261 0.152271 0.171743 0.129176 0.094107 0.113617 0.118443 0.141058 0.087773 0.118072 0.141912 0.131322 0.132179 0.154098 0.112368 0.038824
 586000.027834 10.993754 0.048884 0.027779 0.066980 0.097829 0.026276 0.068707 0.124800 0.109345 0.121851 0.022829 0.039293 0.140574 0.113914 0.106905 0.149858 0.168390 0.128435 0.091088 0.107742 0.113480 0.130581 0.086809 0.109901 0.134697 0.123652 0.127213 0.153456 0.113676 0.044811
 587000.027881 10.155993 0.031621 0.035013 0.081761 0.106416 0.031807 0.051885 0.120817 0.096829 0.124407 0.021942 0.057870 0.128216 0.101308 0.098311 0.139388 0.160963 0.117537 0.094653 0.114730 0.110825 0.134844 0.084003 0.111707 0.141500 0.130106 0.134084 0.144737 0.099937 0.031015
 588000.027929 9.725716 0.035532 0.047793 0.091941 0.112637 0.036050 0.051964 0.124386 0.098025 0.131174 0.021472 0.062063 0.132505 0.104637 0.101746 0.142243 0.164409 0.121658 0.101403 0.121995 0.114728 0.141617 0.090974 0.116864 0.149054 0.135382 0.139389 0.148278 0.104643 0.022494
 589000.027976 2.259339 0.039284 0.032933 0.076562 0.104010 0.036437 0.065217 0.127196 0.107698 0.125716 0.010349 0.050107 0.136470 0.107717 0.102790 0.149101 0.169047 0.125635 0.092498 0.111815 0.116356 0.138628 0.085771 0.116167 0.139847 0.130452 0.131055 0.151081 0.109230 0.040486
 590000.028023 12.148855 0.025535 0.032736 0.081636 0.105463 0.038446 0.052780 0.119239 0.096090 0.121764 0.023999 0.061076 0.122647 0.094716 0.093549 0.137741 0.158266 0.113132 0.090262 0.112384 0.111077 0.139458 0.077771 0.115348 0.139256 0.132113 0.133441 0.139939 0.093968 0.035529
 591000.028071 8.692468 0.033510 0.038303 0.084060 0.107803 0.031952 0.053699 0.122500 0.098516 0.126836 0.020300 0.057177 0.132141 0.104345 0.101541 0.143500 0.164478 0.121670 0.097267 0.117384 0.114205 0.138801 0.086595 0.115156 0.144387 0.132816 0.136886 0.148272 0.103195 0.028966
 592000.028118 4.076714 0.044987 0.031639 0.074088 0.103986 0.032098 0.068302 0.129520 0.111222 0.127391 0.013902 0.045282 0.140630 0.112435 0.105744 0.151268 0.171568 0.128586 0.092697 0.111402 0.116057 0.136481 0.087232 0.114313 0.139853 0.128953 0.131050 0.155128 0.113266 0.042487
 593000.028166 15.018533 0.026459 0.036914 0.083886 0.106538 0.036219 0.053569 0.119477 0.095811 0.123776 0.026683 0.060554 0.122974 0.094728 0.094518 0.138821 0.159438 0.113710 0.092169 0.114528 0.112151 0.141206 0.078171 0.116786 0.141220 0.133141 0.135070 0.140564 0.092983 0.033448
 594000.028213 4.949624 0.039486 0.031021 0.075963 0.104593 0.031730 0.063511 0.126523 0.106657 0.126248 0.015318 0.048328 0.136495 0.108497 0.103478 0.148699 0.168952 0.125363 0.093371 0.113500 0.116175 0.138623 0.085282 0.115804 0.141596 0.131469 0.133590 0.151934 0.108054 0.039076
 595000.028261 4.666787 0.045787 0.036162 0.076141 0.103761 0.030094 0.067555 0.127709 0.109370 0.127440 0.014874 0.044494 0.140990 0.113068 0.107359 0.151386 0.170941 0.129603 0.095275 0.113575 0.117319 0.137446 0.089389 0.115475 0.141321 0.129658 0.132105 0.154792 0.113140 0.039372
 596000.028308 13.111928 0.023393 0.038711 0.088730 0.112556 0.042618 0.049704 0.122707 0.096045 0.127355 0.024932 0.067178 0.124552 0.096257 0.094691 0.138708 0.160175 0.114712 0.095327 0.118329 0.113208 0.143366 0.081441 0.117944 0.145990 0.137251 0.139815 0.143072 0.095596 0.033159
 597000.028356 2.761263 0.042613 0.032953 0.075206 0.104365 0.037316 0.068834 0.129685 0.111089 0.126828 0.011441 0.048760 0.138193 0.109189 0.102969 0.150587 0.170852 0.126585 0.091602 0.110842 0.116288 0.138534 0.085866 0.115954 0.139405 0.129792 0.130188 0.152620 0.111520 0.044039
 598000.028403 17.738824 0.037032 0.048116 0.090985 0.111030 0.031353 0.047144 0.120418 0.093781 0.128668 0.028999 0.062287 0.132013 0.106159 0.103974 0.139610 0.161850 0.121331 0.103917 0.122683 0.112996 0.136084 0.093249 0.112843 0.148241 0.132861 0.139324 0.147282 0.103958 0.017616
 599000.028451 6.024275 0.038622 0.031282 0.076409 0.103728 0.031095 0.060898 0.124361 0.104040 0.124605 0.016899 0.051095 0.134192 0.106508 0.101453 0.145000 0.165493 0.122748 0.091838 0.110873 0.112285 0.134622 0.084619 0.111895 0.138464 0.127847 0.130733 0.149209 0.106756 0.037949
 600000.028498 9.525350 0.040621 0.024437 0.068221 0.097934 0.029485 0.064217 0.121932 0.104818 0.119583 0.021250 0.045164 0.133106 0.106228 0.100966 0.144998 0.164251 0.121989 0.088336 0.106502 0.111502 0.131262 0.081822 0.109863 0.133513 0.124254 0.126453 0.147260 0.105936 0.043138
 601000.028546 5.385731 0.039400 0.041466 0.083234 0.106061 0.030456 0.058117 0.124005 0.101667 0.127397 0.015979 0.052064 0.135430 0.107754 0.104115 0.145877 0.166569 0.124750 0.098319 0.117406 0.115690 0.138224 0.089771 0.115488 0.144235 0.131412 0.134470 0.149835 0.107486 0.028323
 602000.028593 12.847430 0.037810 0.028061 0.075420 0.104526 0.026572 0.056504 0.122190 0.100954 0.123839 0.024679 0.052156 0.132747 0.106726 0.101730 0.142221 0.163170 0.121045 0.093123 0.112417 0.110548 0.131885 0.084087 0.109283 0.139530 0.127993 0.133516 0.148970 0.104254 0.036957
 603000.028641 6.427009 0.036708 0.029284 0.075619 0.104393 0.032205 0.060281 0.124560 0.103823 0.124395 0.017455 0.052278 0.132641 0.104828 0.100055 0.144800 0.165801 0.121260 0.092181 0.112152 0.113018 0.135921 0.082955 0.113381 0.139775 0.129930 0.132884 0.148903 0.104356 0.039206
 604000.028688 8.483445 0.032010 0.040188 0.086712 0.110409 0.034999 0.054157 0.124585 0.099758 0.129210 0.020054 0.058958 0.131575 0.103612 0.100335 0.142697 0.164232 0.120939 0.096491 0.117363 0.113617 0.139818 0.086157 0.115132 0.145305 0.133195 0.136671 0.147993 0.103413 0.027979
 605000.028736 9.662728 0.033950 0.032559 0.077018 0.102163 0.031611 0.056447 0.119973 0.098957 0.121782 0.021403 0.053261 0.130270 0.103324 0.101234 0.143424 0.163481 0.120751 0.094309 0.113682 0.114378 0.135621 0.084234 0.114074 0.139878 0.130328 0.132964 0.146082 0.101210 0.035233
 606000.028783 11.405768 0.043122 0.029156 0.071580 0.100654 0.024846 0.061269 0.121831 0.103254 0.121752 0.023253 0.047091 0.135055 0.108995 0.102998 0.143549 0.163313 0.123121 0.091921 0.108944 0.109919 0.128628 0.085594 0.107164 0.135488 0.123594 0.128647 0.149044 0.108032 0.039284
 607000.028831 9.274370 0.030316 0.029527 0.079176 0.108220 0.043671 0.061504 0.126796 0.104723 0.125794 0.020968 0.060022 0.127444 0.098283 0.094123 0.143271 0.163979 0.116739 0.088578 0.111651 0.113745 0.142502 0.076738 0.117878 0.140623 0.134193 0.134602 0.145569 0.099152 0.044979
 608000.028878 15.668189 0.050439 0.033729 0.069445 0.098093 0.020303 0.066518 0.122457 0.106363 0.122042 0.027254 0.040081 0.139987 0.114479 0.108013 0.147309 0.165800 0.127953 0.094085 0.109382 0.111957 0.127172 0.089711 0.107027 0.135131 0.121711 0.127066 0.152082 0.113148 0.041637
 609000.028926 6.470939 0.029840 0.032709 0.080200 0.105738 0.036006 0.056818 0.122632 0.100282 0.124428 0.017515 0.056170 0.129371 0.101040 0.098938 0.144147 0.164428 0.119759 0.093494 0.114972 0.115505 0.140973 0.081957 0.117689 0.142336 0.133989 0.135499 0.146245 0.099938 0.035479
 610000.028973 9.461060 0.036860 0.034580 0.080076 0.106764 0.027152 0.055611 0.123189 0.100687 0.126348 0.021178 0.053488 0.132825 0.106056 0.101196 0.141986 0.163309 0.121074 0.094640 0.114254 0.110842 0.134342 0.085657 0.110602 0.141691 0.129025 0.134122 0.148506 0.104846 0.031652
 611000.029021 6.361479 0.027276 0.034082 0.082834 0.108627 0.040420 0.058144 0.125130 0.102077 0.126562 0.017366 0.059607 0.127642 0.098388 0.095948 0.143191 0.163986 0.117729 0.091530 0.114200 0.114739 0.143282 0.079735 0.118639 0.142619 0.134938 0.135428 0.145061 0.098954 0.036879
 612000.029068 5.216763 0.036304 0.041177 0.084769 0.107544 0.034156 0.059687 0.125304 0.102816 0.128367 0.015726 0.054403 0.132780 0.103941 0.100891 0.145446 0.166366 0.122281 0.095534 0.116290 0.115507 0.141796 0.085956 0.117732 0.143991 0.132880 0.134415 0.147966 0.104711 0.030268
 613000.029116 2.741084 0.039746 0.033741 0.076609 0.104144 0.035519 0.066880 0.127841 0.108688 0.126633 0.011399 0.048175 0.136810 0.107706 0.103249 0.150843 0.170775 0.126213 0.093019 0.113185 0.118159 0.141205 0.085223 0.118538 0.141412 0.132252 0.132447 0.151815 0.108626 0.040804
 614000.029163 4.775022 0.040079 0.035503 0.079864 0.108272 0.031484 0.061792 0.128474 0.106694 0.129446 0.015046 0.051576 0.137618 0.109567 0.103201 0.147236 0.168539 0.125370 0.095066 0.114571 0.113888 0.137023 0.087623 0.113217 0.143027 0.130385 0.134208 0.152928 0.110306 0.035872
 615000.029211 14.692386 0.040816 0.030105 0.074193 0.102118 0.023354 0.055375 0.119856 0.099231 0.121682 0.026392 0.051165 0.133334 0.107979 0.103098 0.141438 0.162029 0.121595 0.094664 0.112149 0.109654 0.128371 0.086360 0.107156 0.137962 0.125558 0.132089 0.148512 0.105375 0.035603
 616000.029258 10.084663 0.027205 0.040282 0.088209 0.112116 0.038383 0.051326 0.124149 0.097745 0.129085 0.021865 0.063495 0.128158 0.099710 0.097106 0.140783 0.162761 0.117588 0.096650 0.118655 0.113299 0.141632 0.084135 0.116448 0.146480 0.135458 0.138939 0.145832 0.099385 0.029751
 617000.029306 7.713019 0.038785 0.040116 0.084572 0.110879 0.029815 0.056810 0.127083 0.102964 0.130973 0.019122 0.055132 0.136575 0.108978 0.104090 0.146148 0.168204 0.124736 0.099834 0.119996 0.115311 0.138966 0.089862 0.115179 0.147748 0.133933 0.139101 0.152724 0.107905 0.029710
 618000.029353 10.885764 0.029603 0.036017 0.084081 0.108840 0.035230 0.054422 0.124090 0.099776 0.127430 0.022717 0.059314 0.128732 0.100351 0.096878 0.140977 0.162714 0.117623 0.092278 0.113705 0.110759 0.138571 0.081643 0.113323 0.141909 0.131075 0.134332 0.145678 0.100912 0.032081
 619000.029401 8.976902 0.037917 0.032532 0.077050 0.104723 0.028532 0.060105 0.124696 0.103953 0.125863 0.020629 0.049899 0.135542 0.108138 0.103554 0.146467 0.166987 0.124325 0.094383 0.113713 0.114033 0.135929 0.086195 0.112968 0.141165 0.129646 0.133377 0.150781 0.107383 0.035103
 620000.029448 5.250889 0.034390 0.039704 0.085639 0.110291 0.036645 0.057448 0.126535 0.102374 0.129735 0.015777 0.057859 0.133190 0.104290 0.100317 0.145485 0.166743 0.122218 0.096427 0.117790 0.115513 0.142635 0.085780 0.117888 0.145983 0.134942 0.137672 0.149683 0.104732 0.032521
 621000.029496 3.734597 0.036745 0.034870 0.079531 0.105924 0.036147 0.059630 0.124867 0.103421 0.125493 0.013306 0.054750 0.133835 0.105860 0.101737 0.145732 0.166277 0.123161 0.095117 0.114875 0.115520 0.138442 0.086748 0.115965 0.142186 0.132299 0.134256 0.149321 0.106087 0.036815
 622000.029543 9.929161 0.028754 0.040400 0.087554 0.110299 0.038447 0.049072 0.121537 0.095441 0.126416 0.021696 0.063597 0.127986 0.100445 0.098412 0.139996 0.161397 0.118059 0.098293 0.119272 0.113904 0.140271 0.086364 0.116251 0.146043 0.135278 0.138563 0.144761 0.099753 0.028256
 623000.029591 12.444662 0.034735 0.034191 0.079913 0.105469 0.027968 0.054515 0.121572 0.099021 0.125011 0.024289 0.053966 0.130827 0.104145 0.100596 0.141374 0.162471 0.119856 0.094011 0.113994 0.111162 0.134748 0.083996 0.111295 0.141043 0.129214 0.133878 0.146954 0.102224 0.031424
 624000.029638 11.809499 0.035257 0.032540 0.077583 0.103958 0.029350 0.052665 0.119352 0.096953 0.122179 0.023661 0.055991 0.130528 0.104533 0.101207 0.140571 0.161449 0.119929 0.095784 0.113981 0.111293 0.131105 0.085690 0.109830 0.139844 0.128496 0.134024 0.146753 0.101748 0.034201
 625000.029686 5.064557 0.034433 0.042652 0.087157 0.109332 0.035951 0.055237 0.123829 0.099613 0.128216 0.015495 0.058542 0.131821 0.103520 0.100781 0.143515 0.164608 0.121514 0.098227 0.118871 0.115541 0.141709 0.087853 0.117788 0.146020 0.134670 0.137125 0.147436 0.103571 0.027903
 626000.029733 7.542162 0.038674 0.040008 0.083096 0.107364 0.029006 0.057665 0.125063 0.102375 0.128509 0.018909 0.052294 0.135189 0.107656 0.103437 0.145052 0.166323 0.123972 0.097213 0.116652 0.114162 0.137384 0.088424 0.113904 0.144104 0.130788 0.134745 0.150203 0.107355 0.027581
 627000.029781 14.118935 0.033047 0.048634 0.092605 0.112323 0.038098 0.048221 0.121738 0.094596 0.129460 0.025871 0.064933 0.130954 0.103874 0.102288 0.140880 0.162619 0.121242 0.103091 0.122849 0.115180 0.140255 0.091890 0.116284 0.149104 0.135556 0.140225 0.146939 0.102970 0.020503
 628000.029828 6.545849 0.039908 0.032044 0.078117 0.107843 0.032143 0.061932 0.127820 0.106477 0.128524 0.017616 0.052170 0.137800 0.110026 0.104378 0.148395 0.169364 0.126097 0.095466 0.115273 0.115621 0.137682 0.086894 0.114674 0.143542 0.132325 0.136383 0.154129 0.109033 0.039416
 629000.029876 6.518668 0.047300 0.038464 0.080022 0.109295 0.032484 0.064234 0.129918 0.108759 0.130645 0.017579 0.052141 0.141714 0.114454 0.106658 0.148748 0.170023 0.128711 0.098102 0.116037 0.114700 0.135085 0.091993 0.112500 0.144007 0.130319 0.135546 0.156571 0.114686 0.040042
 630000.029923 10.588860 0.040438 0.039310 0.083449 0.109367 0.026712 0.057189 0.125496 0.102501 0.129852 0.022405 0.052698 0.136226 0.109463 0.104268 0.144338 0.165784 0.124300 0.097682 0.117475 0.113042 0.136754 0.088613 0.112579 0.145277 0.131123 0.136772 0.151765 0.107940 0.029081
 631000.029971 6.167433 0.031794 0.037372 0.084509 0.109861 0.035890 0.059275 0.127048 0.103616 0.129670 0.017099 0.056502 0.130324 0.100912 0.097206 0.144074 0.165587 0.119248 0.092318 0.114989 0.113773 0.143144 0.080878 0.117570 0.143971 0.133837 0.135633 0.147364 0.101679 0.033294
 632000.030018 10.699648 0.043585 0.022502 0.067628 0.100831 0.030712 0.067584 0.126736 0.109590 0.123065 0.022522 0.044183 0.136611 0.109292 0.102151 0.148053 0.168401 0.124171 0.088640 0.107811 0.112725 0.133187 0.081914 0.111130 0.136045 0.126299 0.129067 0.151809 0.109232 0.046471
 633000.030066 6.230912 0.046111 0.037343 0.078113 0.106936 0.028170 0.064916 0.129147 0.108935 0.129783 0.017187 0.046575 0.141728 0.114402 0.107662 0.150100 0.170974 0.129381 0.097762 0.116147 0.116159 0.135815 0.091289 0.113517 0.144029 0.130132 0.134573 0.156226 0.114058 0.036824
 634000.030113 8.462351 0.043902 0.029112 0.072758 0.103345 0.026850 0.063371 0.125993 0.106912 0.125307 0.020029 0.046028 0.138639 0.111950 0.105025 0.147226 0.167475 0.126265 0.093111 0.111140 0.112605 0.131890 0.086903 0.109804 0.138782 0.126584 0.131298 0.153319 0.111225 0.040118
 635000.030161 6.986104 0.031382 0.032647 0.079350 0.104495 0.033789 0.056784 0.121954 0.100047 0.123727 0.018199 0.054032 0.129540 0.101562 0.098511 0.142850 0.162926 0.119385 0.091973 0.112885 0.113194 0.138768 0.082047 0.114912 0.140266 0.130971 0.132743 0.145275 0.101356 0.034049
 636000.030208 7.718795 0.045893 0.030409 0.072937 0.104081 0.027742 0.066996 0.129007 0.110364 0.127241 0.019129 0.044329 0.139753 0.112127 0.103796 0.148333 0.169000 0.126398 0.090790 0.109255 0.111556 0.132904 0.085814 0.109566 0.137933 0.125239 0.129280 0.153923 0.113349 0.041806
 637000.030256 13.901171 0.031545 0.038573 0.084177 0.107485 0.029948 0.048614 0.117971 0.093253 0.124194 0.025671 0.059536 0.126685 0.100666 0.098809 0.137474 0.158603 0.116650 0.097287 0.117521 0.111190 0.135795 0.084803 0.112504 0.143502 0.131796 0.136999 0.143418 0.097142 0.027377
 638000.030303 14.959113 0.028899 0.025649 0.075684 0.104971 0.038544 0.056454 0.122143 0.100223 0.121721 0.026630 0.059141 0.125471 0.098039 0.094465 0.139719 0.160623 0.114808 0.088867 0.110138 0.110334 0.135844 0.077105 0.112386 0.137663 0.130117 0.132738 0.143185 0.097451 0.042250
 639000.030351 11.790858 0.032711 0.035901 0.082581 0.107506 0.029386 0.053419 0.122094 0.098453 0.126270 0.023642 0.056146 0.129191 0.102137 0.098636 0.139846 0.161437 0.118012 0.093751 0.114443 0.110231 0.135983 0.082912 0.111659 0.141922 0.129887 0.134405 0.145651 0.100748 0.029255
 640000.030398 5.600143 0.037738 0.042890 0.086604 0.109847 0.032896 0.058069 0.126027 0.102385 0.130367 0.016294 0.055169 0.134933 0.106570 0.102512 0.145610 0.166748 0.123878 0.098021 0.118490 0.115471 0.141552 0.088518 0.116932 0.146331 0.133679 0.136859 0.150204 0.106848 0.028076
 641000.030446 11.570517 0.025842 0.037346 0.084932 0.107909 0.037784 0.053496 0.121433 0.097239 0.125409 0.023421 0.061232 0.125450 0.096894 0.096523 0.140902 0.161923 0.116299 0.093965 0.116051 0.114194 0.141851 0.080431 0.117925 0.143219 0.134697 0.136569 0.143251 0.095502 0.032019
 642000.030493 4.831708 0.044155 0.036396 0.076752 0.103683 0.032484 0.066432 0.127481 0.108622 0.126635 0.015135 0.047177 0.139557 0.111561 0.105894 0.149863 0.169594 0.128191 0.094604 0.112408 0.115941 0.136027 0.089754 0.113919 0.139923 0.128242 0.129982 0.152685 0.113107 0.038959
 643000.030541 6.434369 0.040383 0.026019 0.071652 0.102061 0.031972 0.065572 0.126430 0.108063 0.124045 0.017465 0.047001 0.135238 0.107359 0.101107 0.146883 0.167184 0.123362 0.088453 0.107819 0.112353 0.134347 0.082119 0.111608 0.136250 0.126580 0.128529 0.150242 0.108129 0.043060
 644000.030588 2.894013 0.037531 0.038507 0.083165 0.108520 0.035039 0.059956 0.126792 0.104291 0.128915 0.011713 0.054284 0.134416 0.105950 0.101162 0.145618 0.166597 0.123214 0.095014 0.115697 0.114955 0.140632 0.086139 0.116485 0.143996 0.132764 0.135065 0.150053 0.106672 0.033232
 645000.030636 9.446180 0.038213 0.036766 0.081217 0.107548 0.026283 0.056506 0.124582 0.101834 0.128035 0.021162 0.052291 0.135370 0.108433 0.103627 0.144441 0.165851 0.123666 0.096979 0.116337 0.112937 0.135415 0.087819 0.111975 0.143782 0.130224 0.135630 0.150961 0.106960 0.029777
 646000.030683 3.726236 0.036484 0.034446 0.079715 0.107017 0.037249 0.061405 0.126457 0.104725 0.126941 0.013291 0.054815 0.133380 0.104868 0.100233 0.146116 0.166857 0.122482 0.093642 0.114103 0.115246 0.139510 0.084263 0.116369 0.142221 0.132556 0.134468 0.149723 0.105141 0.039411
 647000.030731 5.101804 0.034191 0.040270 0.085062 0.108458 0.034978 0.055956 0.124200 0.100288 0.127875 0.015552 0.057273 0.132221 0.103846 0.100485 0.143943 0.165045 0.121657 0.096794 0.117094 0.114703 0.140092 0.086770 0.116208 0.144524 0.133104 0.135893 0.148037 0.104033 0.030039
 648000.030778 8.555482 0.034996 0.040852 0.086610 0.110107 0.032514 0.053363 0.123689 0.099118 0.128900 0.020139 0.057752 0.133559 0.106123 0.103045 0.143993 0.165156 0.122960 0.099336 0.120088 0.115387 0.140759 0.088821 0.116590 0.147319 0.135003 0.139148 0.149660 0.104689 0.026642
 649000.030826 15.379153 0.024526 0.037349 0.085957 0.109294 0.036717 0.051123 0.120606 0.095350 0.125635 0.027001 0.063075 0.122015 0.093943 0.093174 0.136952 0.158524 0.112210 0.092558 0.115517 0.110880 0.140948 0.077818 0.115819 0.142805 0.133853 0.136608 0.140477 0.092137 0.032005
 650000.030873 3.737616 0.040011 0.040336 0.083337 0.108486 0.033061 0.062865 0.128756 0.106933 0.130725 0.013311 0.051241 0.138505 0.109627 0.104825 0.149654 0.170488 0.127190 0.096886 0.116941 0.117195 0.141552 0.089109 0.117527 0.145289 0.133061 0.135330 0.153248 0.110704 0.032574
 651000.030921 19.375019 0.031860 0.025060 0.073912 0.101978 0.031019 0.054085 0.117686 0.096560 0.119263 0.030307 0.055923 0.125005 0.099247 0.096309 0.137485 0.157909 0.114492 0.089177 0.109266 0.108219 0.131448 0.077547 0.108825 0.135692 0.126941 0.131433 0.142133 0.095936 0.039955
 652000.030968 12.492242 0.040744 0.021842 0.068355 0.099807 0.031066 0.065410 0.124948 0.107390 0.121706 0.024336 0.045823 0.134078 0.106818 0.100372 0.145543 0.165609 0.121942 0.086296 0.105334 0.110250 0.131526 0.079873 0.109004 0.133468 0.123952 0.126645 0.148993 0.107246 0.044765
 653000.031016 14.620059 0.035429 0.027076 0.074452 0.103583 0.027350 0.056646 0.121905 0.100516 0.123005 0.026327 0.052502 0.130269 0.103962 0.099063 0.140761 0.162032 0.118538 0.090850 0.110187 0.108757 0.130635 0.081388 0.107738 0.137409 0.125988 0.131137 0.146633 0.102154 0.037869
 654000.031063 4.088817 0.036448 0.038662 0.083548 0.108702 0.035379 0.061772 0.127055 0.104910 0.129436 0.013923 0.053808 0.134343 0.105307 0.101407 0.147367 0.167876 0.123694 0.094797 0.116168 0.116669 0.143353 0.085089 0.118773 0.144654 0.134341 0.135814 0.150108 0.105673 0.034683
 655000.031111 7.730638 0.044448 0.030089 0.072058 0.102226 0.028150 0.066739 0.126065 0.108331 0.124742 0.019144 0.044648 0.137752 0.110284 0.103963 0.148330 0.168265 0.125697 0.091691 0.110327 0.113671 0.134485 0.085290 0.112322 0.138079 0.127203 0.130210 0.152020 0.110111 0.042469
 656000.031158 2.925121 0.036113 0.037890 0.082663 0.108321 0.037085 0.059487 0.126722 0.104122 0.128055 0.011776 0.056024 0.134168 0.105580 0.100756 0.145519 0.166496 0.123023 0.095048 0.115131 0.114734 0.139762 0.086818 0.115828 0.143196 0.132314 0.134286 0.149465 0.107220 0.034375
 657000.031206 2.995423 0.034221 0.034759 0.080820 0.107160 0.041095 0.063112 0.128369 0.106725 0.127474 0.011917 0.055992 0.132959 0.103182 0.098683 0.147051 0.167937 0.122065 0.091219 0.112363 0.115337 0.141777 0.083043 0.117657 0.141149 0.132468 0.132293 0.148811 0.106089 0.039678
 658000.031253 7.944274 0.037581 0.032142 0.078592 0.107556 0.030694 0.058459 0.126474 0.103911 0.127690 0.019407 0.053344 0.134549 0.107044 0.100792 0.144138 0.165836 0.122147 0.093413 0.113173 0.111240 0.134523 0.084679 0.110729 0.141425 0.129011 0.133934 0.150888 0.106837 0.036495
 659000.031301 12.854735 0.039704 0.024291 0.069399 0.099419 0.027727 0.062261 0.121076 0.102932 0.120180 0.024686 0.047409 0.131307 0.104647 0.099900 0.143669 0.163592 0.120086 0.089149 0.108363 0.111119 0.132118 0.080211 0.110409 0.135246 0.126026 0.129426 0.146908 0.102658 0.043294
 660000.031348 8.584246 0.039387 0.035205 0.077765 0.102457 0.027732 0.055511 0.119593 0.098347 0.122160 0.020173 0.052350 0.132848 0.106590 0.102665 0.142169 0.162224 0.122078 0.095996 0.113741 0.112011 0.132116 0.087909 0.110638 0.139456 0.127565 0.131968 0.147187 0.105174 0.033110
 661000.031396 4.580595 0.039756 0.036258 0.080262 0.107589 0.031936 0.061062 0.127761 0.106004 0.128870 0.014736 0.051456 0.137650 0.109658 0.103658 0.147136 0.168130 0.125715 0.095303 0.114495 0.114154 0.136930 0.088159 0.113296 0.142715 0.130118 0.133694 0.152583 0.110554 0.034168
 662000.031443 12.897962 0.034683 0.025107 0.073706 0.102664 0.029792 0.056796 0.120654 0.099925 0.121344 0.024728 0.052977 0.129843 0.103335 0.099270 0.141562 0.161952 0.118853 0.090925 0.110643 0.110605 0.132890 0.080958 0.110445 0.137554 0.127983 0.132192 0.146297 0.101187 0.039079
 663000.031491 7.747283 0.043280 0.030872 0.071918 0.100615 0.029870 0.068109 0.125979 0.108670 0.124436 0.019164 0.042585 0.137402 0.109395 0.103767 0.149634 0.168801 0.126165 0.090167 0.108942 0.114709 0.135963 0.083990 0.113440 0.136925 0.126776 0.128448 0.151323 0.109806 0.042588
 664000.031538 7.799479 0.034405 0.040047 0.084932 0.108366 0.032069 0.051498 0.121818 0.097133 0.126708 0.019229 0.058423 0.131750 0.104647 0.101564 0.141790 0.163237 0.121102 0.098963 0.118626 0.113653 0.137104 0.088451 0.114083 0.145189 0.132690 0.137322 0.147797 0.103073 0.027302
 665000.031586 7.254394 0.038561 0.034957 0.078358 0.104531 0.027040 0.058739 0.123114 0.102011 0.125390 0.018545 0.049809 0.133930 0.106638 0.102287 0.144630 0.165154 0.122756 0.094857 0.114331 0.113383 0.136192 0.085662 0.113321 0.141449 0.129648 0.133556 0.149138 0.105459 0.032451
 666000.031633 9.685426 0.030967 0.025176 0.074307 0.102927 0.038984 0.060182 0.122596 0.102249 0.121015 0.021428 0.056459 0.126244 0.098024 0.094320 0.141285 0.161739 0.115704 0.086914 0.108135 0.111116 0.136790 0.076560 0.113629 0.135934 0.129345 0.130212 0.143200 0.098374 0.043922
 667000.031681 10.559991 0.031688 0.026652 0.076499 0.105992 0.035348 0.060183 0.124629 0.103198 0.124760 0.022374 0.055193 0.127919 0.099704 0.095794 0.142647 0.163660 0.116961 0.088840 0.111151 0.112165 0.138784 0.076867 0.114798 0.139666 0.131575 0.133720 0.145812 0.098681 0.041731
 668000.031728 7.543538 0.045900 0.032310 0.073752 0.103899 0.029579 0.063883 0.126233 0.107157 0.125453 0.018911 0.048285 0.139918 0.113262 0.106295 0.147805 0.167903 0.127669 0.095365 0.112180 0.113646 0.131126 0.089663 0.110061 0.139255 0.126885 0.131759 0.154150 0.112816 0.041163
 669000.031776 7.343587 0.039631 0.043600 0.086090 0.109402 0.032632 0.054753 0.123926 0.099909 0.128569 0.018658 0.057551 0.135356 0.108407 0.104020 0.143286 0.164665 0.124118 0.100606 0.119073 0.114046 0.136373 0.092345 0.113373 0.145701 0.131719 0.136468 0.149971 0.108165 0.027463
 670000.031823 17.534685 0.043462 0.028958 0.071612 0.101160 0.019999 0.059134 0.120739 0.101584 0.122109 0.028832 0.047131 0.135430 0.110448 0.104909 0.143213 0.163212 0.123546 0.093947 0.110973 0.110022 0.127210 0.086410 0.106075 0.137076 0.124069 0.130967 0.150170 0.107210 0.038552
 671000.031871 9.834842 0.040111 0.033997 0.077303 0.104038 0.025219 0.056764 0.122042 0.100878 0.124433 0.021593 0.050755 0.135469 0.109217 0.104493 0.143963 0.164391 0.124116 0.096330 0.114047 0.112257 0.131752 0.088323 0.109917 0.140493 0.127613 0.133185 0.150243 0.107513 0.032532
 672000.031918 14.391718 0.039408 0.026398 0.071959 0.100899 0.025642 0.061053 0.122257 0.103208 0.122218 0.026120 0.047317 0.132988 0.106407 0.101608 0.144192 0.164438 0.121446 0.090186 0.109365 0.110823 0.132131 0.082020 0.109713 0.136537 0.125851 0.129895 0.148256 0.104824 0.039666
 673000.031966 6.098370 0.033165 0.037075 0.082637 0.107713 0.034277 0.059719 0.125480 0.103031 0.128008 0.017003 0.054478 0.130588 0.101627 0.098361 0.144433 0.165430 0.120016 0.092760 0.114645 0.114438 0.141916 0.081646 0.117289 0.142988 0.133019 0.134801 0.147189 0.101616 0.033467
 674000.032013 15.216128 0.042424 0.024441 0.068893 0.098746 0.024715 0.061162 0.120773 0.102913 0.119808 0.026858 0.045775 0.133715 0.108019 0.102140 0.143032 0.162533 0.121765 0.089495 0.107362 0.109118 0.128503 0.083075 0.106777 0.133941 0.122989 0.127678 0.147876 0.106673 0.041182
 675000.032061 4.729047 0.038613 0.030058 0.073325 0.101302 0.035691 0.064516 0.123977 0.105374 0.122387 0.014973 0.049639 0.133084 0.104940 0.100818 0.147023 0.166609 0.122856 0.091081 0.110342 0.115594 0.137001 0.082410 0.115600 0.137736 0.129670 0.130538 0.148458 0.104738 0.042779
 676000.032108 6.086501 0.033159 0.042413 0.088110 0.110764 0.037935 0.057942 0.126023 0.102050 0.130057 0.016987 0.058399 0.131373 0.102132 0.099452 0.144999 0.165845 0.121083 0.096103 0.118622 0.116497 0.146131 0.084931 0.120608 0.146751 0.136640 0.137870 0.147553 0.102822 0.030026
 677000.032156 5.987883 0.033289 0.036055 0.081725 0.107624 0.034792 0.057480 0.124211 0.101411 0.126682 0.016848 0.056062 0.131412 0.103164 0.099881 0.144417 0.165173 0.120965 0.095295 0.116344 0.115169 0.140578 0.084345 0.116957 0.143870 0.133896 0.136532 0.147996 0.102376 0.034298
 678000.032203 15.448284 0.039298 0.029814 0.074123 0.101673 0.023551 0.057950 0.120619 0.100562 0.122435 0.027062 0.049173 0.132555 0.106637 0.102304 0.142367 0.162692 0.121285 0.092296 0.110552 0.110096 0.130226 0.083262 0.108278 0.137164 0.125322 0.130868 0.148006 0.103955 0.036258
 679000.032251 10.856630 0.033525 0.024858 0.075196 0.106421 0.042798 0.064234 0.127627 0.107117 0.124658 0.022687 0.057734 0.128569 0.099586 0.094358 0.143975 0.165014 0.117121 0.086502 0.109209 0.112646 0.140380 0.076053 0.116131 0.138343 0.132117 0.132470 0.146392 0.100965 0.048163
 680000.032298 6.656907 0.041686 0.035676 0.078075 0.104297 0.026239 0.059458 0.123792 0.103163 0.125635 0.017765 0.049274 0.136461 0.109619 0.104542 0.145313 0.165918 0.124886 0.095982 0.114171 0.113259 0.133806 0.088662 0.111686 0.141055 0.128345 0.132671 0.150830 0.108781 0.032913
