780000.037048	-162.253 71.8426
781000.037096	-154.514 90.7239
782000.037143	-155.765 95.2537
783000.037191	-158.342 116.247
784000.037238	-143.582 106.53
785000.037285	-153.646 110.64
786000.037333	-154.663 106.851
787000.037380	-165.008 79.1916
788000.037428	-149.918 127.018
789000.037475	-165.717 79.3037
790000.037523	-134.231 122.78
791000.037570	-171.694 88.6777
792000.037618	-160.619 122.155
793000.037665	-165.869 115.397
794000.037713	-164.496 120.947
795000.037760	-148.905 117.208
796000.037808	-149.677 110.935
797000.037855	-164.536 112.241
798000.037903	-161.393 127.579
799000.037950	-142.834 116.599
800000.037998	-162.792 90.7554
801000.038045	-157.701 119.301
802000.038093	-150.293 95.0826
803000.038140	-158.224 106.013
804000.038188	-157.244 108.986
805000.038235	-151.295 115.958
806000.038283	-152.988 102.665
807000.038330	-159.089 109.304
808000.038378	-160.696 102.026
809000.038425	-149.273 110.998
810000.038473	-155.319 115.077
811000.038520	-156.797 111.753
812000.038568	-155.194 117.24
813000.038615	-155.265 126.798
814000.038663	-171.777 110.697
815000.038710	-149.913 97.3687
816000.038758	-161.564 118.779
817000.038805	-150.183 126.634
818000.038853	-152.068 136.51
819000.038900	-157.626 128.717
820000.038948	-169.314 125.924
821000.038995	-159.896 109.692
822000.039043	-159.951 116.952
823000.039090	-140.924 103.965
824000.039138	-174.096 100.185
825000.039185	-156.883 99.6477
826000.039233	-136.758 103.265
827000.039280	-165.693 83.1953
828000.039328	-148.363 95.35
829000.039375	-156.952 126.643
830000.039423	-164.341 95.1316
831000.039470	-154.811 106.143
832000.039518	-157.064 135.425
833000.039565	-148.895 99.0143
834000.039613	-160.811 101.45
835000.039660	-156.301 117.691
836000.039708	-147.565 102.376
837000.039755	-152.169 111.395
838000.039803	-148.902 121.643
839000.039850	-157.051 113.854
840000.039898	-138.591 105.691
841000.039945	-158.184 123.18
842000.039993	-173.508 116.824
843000.040040	-168.851 107.278
844000.040088	-160.366 123.265
845000.040135	-146.565 132.57
846000.040183	-154.041 94.0424
847000.040230	-154.647 100.837
848000.040278	-149.065 100.057
849000.040325	-162.244 117.349
850000.040373	-156.813 120.19
851000.040420	-151.902 119.309
852000.040468	-164.173 122.001
853000.040515	-162.42 68.4241
854000.040563	-158.015 118.763
855000.040610	-168.879 84.4329
856000.040658	-157.423 93.7909
857000.040705	-153.182 95.8135
858000.040753	-167.077 108.354
859000.040800	-168.427 89.008
860000.040848	-166.898 101.031
861000.040895	-171.797 99.7677
862000.040943	-165.624 103.586
863000.040990	-159.241 122.581
864000.041038	-162.351 104.319
865000.041085	-158.051 109.336
866000.041133	-174.445 97.1722
867000.041180	-159.906 120.598
868000.041228	-169.869 92.7289
869000.041275	-155.453 98.5294
870000.041323	-156.933 108.495
871000.041370	-164.537 89.5282
872000.041418	-157.058 99.3191
873000.041465	-157.969 98.0035
874000.041513	-154.513 98.3827
875000.041560	-156.636 98.982
876000.041608	-157.243 103.667
877000.041655	-154.695 107.265
878000.041703	-159.256 114.792
879000.041750	-153.653 102.288
880000.041798	-156.419 112.773
881000.041845	-175.779 105.082
882000.041893	-148.71 127.583
883000.041940	-153.306 125.837
884000.041988	-143.265 111.947
885000.042035	-157.34 114.047
886000.042083	-145.059 121.871
887000.042130	-159.611 99.1819
888000.042178	-145.417 137.227
889000.042225	-170.56 104.828
890000.042273	-173.446 112.41
891000.042320	-150.339 101.862
892000.042368	-147.062 111.118
893000.042415	-149.08 112.65
894000.042463	-148.714 96.8371
895000.042510	-154.711 90.1309
896000.042558	-150.481 130.229
897000.042605	-150.682 115.786
898000.042653	-166.552 110.31
899000.042700	-163.469 116.902
900000.042748	-163.156 106.517
