#! FIELDS time restraint.bias r0 r1 r2 r3 r4 r5 r6 r7 r8 r9 r10 r11 r12 r13 r14 r15 r16 r17 r18 r19 r20 r21 r22 r23 r24 r25 r26 r27 r28 r29 r30 r31 r32 r33 r34 r35 r36 r37 r38 r39 r40 r41 r42 r43 r44 r45 r46 r47 r48 r49 r50 r51 r52 r53 r54 r55 r56
 460000.021849 2.990543 0.070428 0.090233 0.064597 0.116886 0.120936 0.113094 0.044951 0.034092 0.094585 0.111092 0.082996 0.071964 0.090610 0.045409 0.089070 0.098268 0.011907 0.075440 0.107020 0.052751 0.114159 0.101436 0.096958 0.112184 0.106922 0.107567 0.077525 0.113523 0.120560 0.104885 0.101303 0.133095 0.145441 0.120204 0.135669 0.133893 0.138979 0.111386 0.098737 0.123056 0.100897 0.117712 0.153270 0.132835 0.151404 0.152546 0.132133 0.148388 0.137307 0.146949 0.117042 0.094889 0.147563 0.146426 0.130982 0.109680 0.061155
 461000.021896 1.552831 0.069287 0.093985 0.068172 0.119016 0.119103 0.115125 0.046429 0.036905 0.097518 0.109280 0.085653 0.067618 0.085422 0.041438 0.089736 0.103048 0.008580 0.074100 0.101802 0.052249 0.110177 0.096673 0.091503 0.110666 0.105499 0.107848 0.074070 0.114584 0.118795 0.103048 0.095481 0.133293 0.145331 0.123483 0.141448 0.138250 0.141032 0.114159 0.095728 0.122286 0.103951 0.113554 0.149537 0.135172 0.150264 0.151210 0.134398 0.146622 0.140693 0.143450 0.113411 0.092223 0.148582 0.145097 0.136329 0.104373 0.054683
 462000.021944 4.230870 0.072110 0.096592 0.072575 0.118469 0.116753 0.116074 0.049517 0.041519 0.100801 0.105351 0.090061 0.062776 0.079914 0.037054 0.092715 0.105167 0.014162 0.077002 0.096754 0.058216 0.104706 0.094157 0.089866 0.111241 0.103041 0.108872 0.072040 0.114601 0.116685 0.103035 0.091139 0.133989 0.144773 0.126874 0.143841 0.141042 0.142145 0.115873 0.096755 0.123646 0.107065 0.110229 0.145811 0.138048 0.148851 0.151330 0.136523 0.144292 0.141742 0.138721 0.108058 0.092654 0.147791 0.141790 0.139798 0.104182 0.050111
 463000.021991 2.974816 0.074809 0.097060 0.073059 0.119503 0.118873 0.117663 0.050396 0.039617 0.101399 0.106497 0.090582 0.061975 0.081029 0.034758 0.095297 0.104580 0.011875 0.080175 0.099753 0.058947 0.106654 0.095993 0.093886 0.112386 0.102149 0.104771 0.075362 0.109606 0.113977 0.103016 0.093656 0.135626 0.146475 0.124014 0.140356 0.138716 0.141536 0.111430 0.099011 0.125089 0.102179 0.110497 0.149096 0.136959 0.150550 0.153404 0.135521 0.147384 0.140183 0.140072 0.108996 0.093883 0.147173 0.144099 0.135954 0.106980 0.049475
 464000.022039 2.357293 0.074970 0.097943 0.074190 0.122311 0.122787 0.120091 0.049568 0.043720 0.103465 0.110754 0.092351 0.066794 0.085598 0.039693 0.096748 0.106338 0.010571 0.083443 0.105176 0.057311 0.110538 0.094104 0.092847 0.112605 0.101160 0.104993 0.072273 0.108691 0.114579 0.102038 0.092333 0.136196 0.147937 0.124496 0.141269 0.140084 0.142922 0.109395 0.096913 0.124744 0.102662 0.111261 0.151773 0.137948 0.152554 0.155268 0.136329 0.149653 0.143368 0.142089 0.108436 0.089526 0.150301 0.145352 0.136244 0.106129 0.057573
 465000.022086 4.584855 0.061341 0.086421 0.062579 0.115373 0.119340 0.111230 0.035960 0.031674 0.093112 0.109545 0.084840 0.072882 0.087277 0.045221 0.084234 0.097525 0.014743 0.070630 0.103548 0.046999 0.108795 0.094910 0.087477 0.106415 0.104139 0.110107 0.070327 0.115331 0.121352 0.100945 0.093861 0.128564 0.142731 0.122750 0.142775 0.139480 0.139901 0.112638 0.090351 0.117294 0.105383 0.115409 0.148575 0.135419 0.150329 0.148858 0.131580 0.143514 0.142807 0.144674 0.112859 0.088192 0.150329 0.143828 0.135060 0.103041 0.061342
 466000.022134 4.341682 0.068562 0.090700 0.065110 0.117093 0.119926 0.113236 0.044016 0.031901 0.094668 0.110280 0.083279 0.070494 0.088337 0.043143 0.088613 0.099288 0.014347 0.073378 0.103996 0.051845 0.111918 0.099198 0.093853 0.109609 0.106388 0.105692 0.077608 0.113133 0.119062 0.102640 0.099009 0.131879 0.143866 0.119126 0.135596 0.133355 0.137632 0.111614 0.096340 0.121471 0.099757 0.115220 0.150654 0.131711 0.148965 0.149756 0.130713 0.147171 0.136523 0.145102 0.116889 0.093587 0.145678 0.145964 0.130093 0.105517 0.056792
 467000.022181 4.553739 0.078167 0.100040 0.075833 0.119074 0.115516 0.117729 0.055000 0.043516 0.103296 0.103591 0.092110 0.057042 0.076675 0.029450 0.097807 0.106437 0.014693 0.081465 0.094956 0.062394 0.103526 0.099916 0.098083 0.117794 0.107151 0.108488 0.080042 0.113774 0.116365 0.108527 0.095943 0.139757 0.148940 0.129021 0.141344 0.140875 0.145094 0.117622 0.104229 0.130526 0.106878 0.112999 0.149349 0.140559 0.151750 0.155707 0.140176 0.148773 0.140862 0.140443 0.110804 0.099162 0.148103 0.144695 0.139683 0.110764 0.044341
 468000.022229 6.679499 0.062845 0.088427 0.062644 0.117635 0.121433 0.112636 0.039602 0.028469 0.092870 0.111843 0.083154 0.073807 0.089215 0.046770 0.084491 0.098191 0.017795 0.068595 0.105696 0.047674 0.111510 0.096631 0.089566 0.106576 0.103842 0.108523 0.073080 0.114042 0.120491 0.101335 0.096326 0.130025 0.144519 0.121534 0.142554 0.138444 0.140278 0.111702 0.092774 0.118342 0.102914 0.115533 0.150443 0.134554 0.151856 0.149884 0.131713 0.145313 0.141828 0.145540 0.113088 0.090869 0.150619 0.146053 0.134486 0.104196 0.060037
 469000.022276 4.987008 0.073396 0.094915 0.068703 0.118732 0.118341 0.114832 0.051079 0.036140 0.096445 0.108982 0.083271 0.065827 0.085804 0.040343 0.092138 0.101920 0.015376 0.075825 0.101988 0.053814 0.111813 0.100240 0.096925 0.111945 0.106823 0.102145 0.080984 0.109822 0.115257 0.103573 0.099993 0.134015 0.144621 0.118065 0.133171 0.131321 0.137146 0.110576 0.099210 0.123568 0.097127 0.113179 0.150600 0.130110 0.147819 0.149816 0.131026 0.148475 0.134111 0.143332 0.116420 0.095527 0.143095 0.146256 0.128992 0.105941 0.051390
 470000.022324 3.264184 0.066459 0.090142 0.064109 0.117588 0.120691 0.113269 0.042199 0.030684 0.094353 0.110801 0.083661 0.071070 0.088258 0.043643 0.087193 0.098971 0.012440 0.071655 0.104795 0.050745 0.111713 0.098698 0.092872 0.109514 0.105669 0.108107 0.075278 0.113952 0.120418 0.103317 0.098125 0.132307 0.145491 0.121585 0.139393 0.136592 0.140239 0.112338 0.095993 0.121351 0.102258 0.116373 0.151723 0.134310 0.151756 0.151508 0.132678 0.147039 0.139792 0.146192 0.114865 0.093207 0.149249 0.146654 0.133332 0.106384 0.058322
 471000.022371 4.326303 0.059955 0.085284 0.059314 0.115429 0.119402 0.109672 0.036808 0.029425 0.089688 0.111431 0.079297 0.075363 0.090798 0.049135 0.080962 0.096172 0.014321 0.066993 0.105698 0.042036 0.113098 0.096582 0.088206 0.105383 0.106052 0.108692 0.071522 0.115658 0.122227 0.100452 0.097171 0.126894 0.141434 0.119177 0.140241 0.135732 0.137390 0.111925 0.089313 0.115133 0.102481 0.116666 0.149091 0.131167 0.148919 0.146605 0.129029 0.143258 0.139935 0.146444 0.116532 0.088064 0.148630 0.144473 0.132346 0.101619 0.062615
 472000.022419 4.572520 0.066014 0.092104 0.065359 0.118945 0.120239 0.114238 0.044158 0.030299 0.095053 0.110710 0.083761 0.069669 0.086804 0.042889 0.087389 0.100944 0.014723 0.069968 0.102943 0.050353 0.111070 0.097887 0.091446 0.108471 0.105926 0.107002 0.076302 0.113893 0.119385 0.102586 0.097357 0.132360 0.145264 0.121256 0.140464 0.136726 0.140017 0.113053 0.095256 0.120869 0.101508 0.114820 0.150458 0.133738 0.150747 0.150204 0.132468 0.146680 0.139567 0.145306 0.115181 0.093321 0.148388 0.147049 0.133854 0.103846 0.054663
 473000.022466 5.844849 0.079169 0.101320 0.078008 0.119591 0.115946 0.119258 0.055520 0.044768 0.105233 0.102860 0.094846 0.055685 0.075090 0.027880 0.099699 0.107699 0.016646 0.083623 0.094071 0.064287 0.102109 0.098072 0.096824 0.117241 0.105054 0.107593 0.079296 0.112294 0.114457 0.107323 0.093745 0.139767 0.148523 0.129238 0.141632 0.141532 0.144753 0.116640 0.103775 0.130407 0.106678 0.110783 0.148242 0.141199 0.150949 0.155719 0.140067 0.148438 0.140909 0.138622 0.108618 0.098402 0.147176 0.143907 0.140043 0.110033 0.042721
 474000.022514 5.349913 0.064239 0.089899 0.061915 0.119912 0.123294 0.114072 0.041781 0.026818 0.092416 0.114923 0.080733 0.075243 0.092165 0.048138 0.085083 0.099451 0.015926 0.067863 0.108471 0.044930 0.115842 0.100702 0.093658 0.109164 0.108127 0.108172 0.078237 0.115201 0.122446 0.103782 0.101241 0.132226 0.146444 0.120218 0.140309 0.136395 0.140401 0.112670 0.095344 0.120396 0.101241 0.118608 0.154207 0.132975 0.153089 0.150991 0.131857 0.149173 0.140541 0.149622 0.118689 0.093846 0.150489 0.149915 0.132725 0.106057 0.060395
 475000.022561 3.317476 0.076877 0.099938 0.075713 0.121340 0.119067 0.119643 0.052838 0.042147 0.103694 0.106695 0.092309 0.060011 0.079762 0.032562 0.097753 0.107207 0.012541 0.082143 0.098922 0.059953 0.106470 0.096585 0.095262 0.114698 0.103472 0.105034 0.077089 0.110011 0.113978 0.104455 0.093581 0.138277 0.148637 0.125969 0.141261 0.140247 0.143710 0.112954 0.100542 0.127473 0.103355 0.110657 0.150181 0.138802 0.151750 0.155113 0.137989 0.149511 0.141521 0.140620 0.109317 0.094887 0.148259 0.145595 0.137651 0.107536 0.047206
 476000.022609 1.691315 0.069641 0.094616 0.070304 0.119654 0.119855 0.116544 0.045047 0.038197 0.100010 0.108688 0.089827 0.066133 0.083337 0.037977 0.091738 0.104132 0.008954 0.076749 0.101068 0.054537 0.107541 0.094284 0.090059 0.110565 0.103026 0.107971 0.071478 0.113018 0.117520 0.102384 0.092135 0.134124 0.146394 0.125725 0.143601 0.141396 0.143137 0.113328 0.095185 0.123075 0.105476 0.112323 0.149541 0.138351 0.151717 0.152928 0.136081 0.146882 0.143784 0.142314 0.109530 0.090591 0.150539 0.144699 0.138124 0.104646 0.054589
 477000.022656 2.330320 0.067850 0.092431 0.067865 0.118397 0.119557 0.114691 0.043891 0.036086 0.097387 0.109190 0.086532 0.068063 0.085536 0.041220 0.089493 0.102041 0.010511 0.075136 0.102217 0.051660 0.109538 0.094205 0.089276 0.108101 0.103024 0.105535 0.071937 0.111753 0.116837 0.100258 0.093183 0.131318 0.143772 0.121358 0.140283 0.137365 0.139321 0.111001 0.092793 0.119842 0.101719 0.111830 0.148557 0.134074 0.149087 0.149791 0.132221 0.145415 0.140399 0.142558 0.111950 0.089000 0.147630 0.144178 0.133992 0.102101 0.055903
 478000.022704 3.427000 0.074963 0.097598 0.074450 0.118482 0.116091 0.116686 0.050838 0.043038 0.102426 0.104320 0.091890 0.059389 0.078225 0.031921 0.095680 0.105776 0.012746 0.080966 0.095887 0.059802 0.103760 0.094864 0.092585 0.113026 0.103137 0.105831 0.074320 0.111157 0.114126 0.103432 0.091596 0.135482 0.145534 0.125878 0.140781 0.139824 0.142260 0.113780 0.098182 0.125538 0.104629 0.109619 0.147091 0.137955 0.149012 0.152404 0.136564 0.146123 0.140778 0.138734 0.108279 0.092891 0.146702 0.142430 0.137462 0.105561 0.048123
 479000.022751 4.854010 0.069920 0.092767 0.065759 0.117677 0.118368 0.112694 0.048341 0.036505 0.094457 0.110067 0.080824 0.070281 0.088539 0.045322 0.087742 0.100517 0.015169 0.071755 0.103042 0.052354 0.112984 0.099569 0.094001 0.111299 0.107733 0.108355 0.076065 0.116350 0.120751 0.104385 0.099242 0.132989 0.144894 0.121845 0.137736 0.134352 0.139513 0.115265 0.097638 0.122616 0.103123 0.115851 0.150178 0.132475 0.149380 0.150194 0.133401 0.146598 0.137124 0.144971 0.116020 0.094446 0.147132 0.145420 0.133888 0.105332 0.056794
 480000.022799 4.259921 0.079109 0.100653 0.078021 0.118773 0.115183 0.118636 0.055131 0.045789 0.105213 0.101948 0.095099 0.054835 0.074560 0.027182 0.099830 0.107129 0.014211 0.084770 0.094028 0.063733 0.101506 0.096647 0.096065 0.116456 0.103517 0.106036 0.077703 0.110022 0.112664 0.106088 0.092521 0.138543 0.147176 0.128003 0.140433 0.140683 0.143535 0.114331 0.102439 0.129221 0.105320 0.109509 0.147366 0.140174 0.149808 0.154884 0.138770 0.147328 0.140351 0.137369 0.107175 0.096252 0.146076 0.142242 0.138715 0.109273 0.043848
 481000.022846 7.633413 0.074392 0.098066 0.070909 0.121087 0.119029 0.116845 0.054125 0.036599 0.098066 0.109628 0.083528 0.065273 0.085172 0.041209 0.093097 0.105181 0.019023 0.074414 0.100915 0.055386 0.111711 0.099585 0.095849 0.111561 0.106415 0.102031 0.082025 0.111042 0.114475 0.103093 0.098771 0.135346 0.145904 0.119312 0.136584 0.133255 0.138571 0.112548 0.099637 0.124128 0.097924 0.110970 0.149577 0.130912 0.148159 0.149859 0.132685 0.148903 0.135083 0.141979 0.115899 0.096855 0.143803 0.147213 0.131967 0.104007 0.047549
 482000.022894 5.094665 0.061774 0.086812 0.059388 0.114868 0.117641 0.109095 0.040577 0.027145 0.089377 0.109834 0.078338 0.072857 0.088988 0.047170 0.081447 0.095993 0.015541 0.064822 0.102915 0.045794 0.112128 0.100879 0.092132 0.108513 0.109707 0.111039 0.076637 0.118704 0.124221 0.104606 0.100882 0.129722 0.143116 0.120969 0.139351 0.135028 0.138563 0.116000 0.094633 0.118967 0.103814 0.118935 0.149802 0.132150 0.149656 0.148091 0.131072 0.144249 0.137877 0.147283 0.119160 0.094325 0.147939 0.145893 0.133317 0.105084 0.058541
 483000.022941 7.399671 0.083441 0.104744 0.082451 0.119817 0.113307 0.120111 0.060401 0.051929 0.108862 0.100196 0.097928 0.051001 0.071546 0.024840 0.103232 0.111126 0.018730 0.087954 0.090882 0.067887 0.099125 0.097093 0.097542 0.119678 0.104575 0.107495 0.078699 0.111599 0.112088 0.108313 0.091313 0.141075 0.148134 0.131959 0.143009 0.143694 0.146216 0.117681 0.105076 0.132456 0.108840 0.108358 0.145677 0.143045 0.149364 0.155995 0.142486 0.147209 0.142087 0.134904 0.105495 0.098033 0.146346 0.140552 0.142944 0.110397 0.041355
 484000.022989 5.026259 0.075630 0.098422 0.076622 0.117763 0.114503 0.117231 0.052006 0.046377 0.103938 0.101528 0.095124 0.056951 0.074221 0.030140 0.096555 0.106435 0.015436 0.082558 0.093227 0.062127 0.100038 0.093952 0.091642 0.114521 0.102753 0.110119 0.071965 0.113620 0.115555 0.105225 0.089298 0.135903 0.145553 0.130582 0.145244 0.144203 0.144399 0.116847 0.098893 0.126307 0.109918 0.109934 0.144964 0.142003 0.149353 0.153376 0.139310 0.143983 0.143945 0.136627 0.104815 0.093394 0.148254 0.139931 0.142561 0.107295 0.046942
 485000.023036 2.429395 0.064936 0.089765 0.064271 0.117173 0.119723 0.112508 0.041096 0.033934 0.094730 0.110324 0.083839 0.071492 0.088291 0.044919 0.085805 0.099723 0.010732 0.071503 0.103872 0.049873 0.111219 0.095073 0.088584 0.107043 0.103751 0.107947 0.070253 0.114126 0.119678 0.100671 0.094708 0.129870 0.143273 0.121459 0.141135 0.137336 0.139398 0.112029 0.092127 0.118621 0.103023 0.114096 0.149057 0.133765 0.149775 0.149460 0.131836 0.144311 0.140761 0.144259 0.112959 0.089067 0.149064 0.144010 0.134514 0.102511 0.059821
 486000.023084 2.221022 0.072941 0.094815 0.071494 0.117536 0.117861 0.115609 0.047298 0.039667 0.100415 0.105844 0.090355 0.063187 0.081253 0.035165 0.093825 0.102996 0.010261 0.079455 0.099149 0.058270 0.105357 0.095516 0.092695 0.112002 0.102235 0.106545 0.073527 0.111142 0.115429 0.103094 0.092755 0.134460 0.145425 0.124794 0.140089 0.139050 0.141642 0.112238 0.097862 0.124580 0.103949 0.111183 0.148308 0.137427 0.150030 0.152823 0.135436 0.146193 0.140604 0.139986 0.108404 0.092553 0.147637 0.142650 0.135945 0.106826 0.052573
 487000.023131 4.069410 0.070629 0.092026 0.069357 0.115946 0.117847 0.113737 0.045160 0.038704 0.098257 0.105986 0.088793 0.065877 0.083076 0.038855 0.091390 0.100509 0.013889 0.078342 0.100369 0.057224 0.106344 0.095419 0.091673 0.110108 0.102504 0.107328 0.072327 0.112030 0.116914 0.102114 0.093193 0.132202 0.143905 0.123424 0.139743 0.137955 0.139837 0.111796 0.095924 0.122001 0.103893 0.112344 0.147722 0.136116 0.149311 0.151247 0.133594 0.144412 0.140053 0.140867 0.110055 0.091488 0.147401 0.142294 0.134695 0.105814 0.055689
 488000.023179 3.540574 0.065883 0.090123 0.064564 0.116642 0.118293 0.112331 0.042741 0.031184 0.094012 0.108543 0.083552 0.068430 0.085528 0.041673 0.086542 0.099282 0.012956 0.070776 0.101491 0.050727 0.109333 0.097104 0.090832 0.107929 0.104956 0.106722 0.074398 0.113157 0.118656 0.101877 0.096391 0.130588 0.143398 0.120638 0.139531 0.136097 0.138794 0.112183 0.094283 0.119610 0.101447 0.114086 0.148803 0.133035 0.149268 0.149014 0.131355 0.144609 0.138814 0.143756 0.113984 0.092144 0.147211 0.144661 0.133142 0.103831 0.054808
 489000.023226 10.381142 0.059522 0.085981 0.056158 0.116816 0.120762 0.109264 0.040647 0.020338 0.086939 0.114347 0.074697 0.078002 0.094048 0.052450 0.078809 0.095666 0.022184 0.059632 0.107162 0.042813 0.116629 0.102932 0.092776 0.106192 0.110979 0.109525 0.079859 0.118489 0.125142 0.103918 0.104402 0.128601 0.142952 0.117427 0.138674 0.132865 0.137118 0.114800 0.094253 0.117298 0.100465 0.120471 0.151556 0.129035 0.149883 0.146610 0.128466 0.145341 0.136787 0.149942 0.122815 0.095724 0.147740 0.148520 0.130502 0.104178 0.061680
 490000.023274 2.355077 0.068146 0.092885 0.068860 0.118914 0.120175 0.115642 0.043697 0.037256 0.098087 0.109272 0.087880 0.068284 0.085343 0.041620 0.089889 0.102718 0.010566 0.075883 0.102522 0.051932 0.109385 0.093236 0.088383 0.108324 0.102058 0.106555 0.070215 0.112179 0.117111 0.100116 0.092182 0.131414 0.144140 0.122695 0.142191 0.139188 0.140259 0.111259 0.092444 0.119713 0.103226 0.111494 0.148568 0.135391 0.149751 0.150490 0.133091 0.145424 0.141995 0.142231 0.110426 0.088360 0.148699 0.143822 0.135908 0.102468 0.056036
 491000.023321 1.647922 0.070141 0.094393 0.069428 0.120345 0.121572 0.117019 0.045506 0.037004 0.099112 0.110631 0.088185 0.068371 0.086363 0.040883 0.091462 0.103529 0.008839 0.076619 0.103979 0.053451 0.110943 0.095010 0.091016 0.110174 0.102873 0.106453 0.072154 0.111865 0.117315 0.101735 0.094250 0.133695 0.146228 0.123291 0.141448 0.139079 0.141591 0.111366 0.095317 0.122399 0.102960 0.112780 0.151078 0.136160 0.151711 0.152853 0.134410 0.147917 0.142054 0.143661 0.110932 0.090690 0.149710 0.145655 0.135910 0.104960 0.056284
 492000.023369 9.934458 0.087428 0.107773 0.085513 0.123222 0.117453 0.124415 0.062907 0.053040 0.112115 0.103101 0.100829 0.051869 0.074047 0.024519 0.108138 0.113138 0.021702 0.093040 0.095262 0.070516 0.102271 0.097362 0.100568 0.120265 0.102439 0.101848 0.081930 0.104903 0.107961 0.106987 0.092822 0.143696 0.150824 0.128776 0.139427 0.141505 0.145819 0.111749 0.107028 0.134367 0.103171 0.107268 0.149724 0.142003 0.151452 0.158862 0.141575 0.151982 0.141033 0.136260 0.105816 0.098398 0.145930 0.143961 0.138722 0.111686 0.042481
 493000.023416 5.237588 0.080694 0.100332 0.077993 0.119888 0.118788 0.119976 0.054503 0.046054 0.106166 0.104874 0.096141 0.059113 0.078806 0.031075 0.101238 0.107062 0.015757 0.087074 0.098970 0.065464 0.104076 0.098002 0.098251 0.117094 0.102529 0.105705 0.078302 0.108722 0.112993 0.106266 0.094088 0.139383 0.148646 0.127333 0.140042 0.140781 0.144142 0.112129 0.103856 0.130265 0.104317 0.110827 0.150092 0.140594 0.152005 0.157184 0.138890 0.149547 0.141396 0.138822 0.107511 0.096888 0.147746 0.143523 0.137441 0.111994 0.050296
 494000.023464 1.396219 0.071631 0.095250 0.070894 0.119988 0.120598 0.117187 0.046904 0.039004 0.100209 0.109138 0.089524 0.066121 0.084610 0.038969 0.092771 0.103922 0.008136 0.078464 0.102737 0.055484 0.109543 0.094863 0.091666 0.110850 0.102349 0.106080 0.072162 0.110820 0.116208 0.102023 0.093657 0.134096 0.146161 0.123685 0.141350 0.139263 0.141674 0.110998 0.096099 0.122999 0.102900 0.112083 0.150431 0.136665 0.151430 0.153194 0.134843 0.147365 0.141919 0.142497 0.109911 0.090979 0.149187 0.144725 0.136190 0.105566 0.054964
 495000.023511 4.696961 0.063548 0.084220 0.060006 0.112857 0.118676 0.108288 0.037771 0.031419 0.090227 0.109540 0.080020 0.074529 0.090765 0.048005 0.083367 0.093599 0.014922 0.071528 0.105956 0.047894 0.112004 0.096301 0.090166 0.105708 0.103057 0.106466 0.070787 0.112242 0.119586 0.099628 0.096546 0.126727 0.140439 0.117383 0.135290 0.132500 0.135419 0.108570 0.091151 0.116112 0.100087 0.115226 0.148565 0.130028 0.147634 0.147099 0.127798 0.142614 0.136661 0.144379 0.113823 0.087988 0.146214 0.142172 0.128605 0.103444 0.064241
 496000.023559 1.505845 0.075251 0.098081 0.073308 0.121774 0.121621 0.119446 0.050158 0.040800 0.102256 0.109943 0.090648 0.065030 0.084524 0.037373 0.096266 0.105828 0.008449 0.081327 0.103469 0.057254 0.110319 0.096982 0.095235 0.113860 0.103715 0.105145 0.076143 0.110098 0.115623 0.103855 0.095334 0.137273 0.148516 0.124158 0.139666 0.138644 0.142715 0.111228 0.099404 0.126325 0.102227 0.112625 0.152529 0.137223 0.152595 0.155301 0.136426 0.150661 0.141311 0.143294 0.111201 0.093381 0.149104 0.146796 0.135524 0.107727 0.053375
 497000.023606 17.416802 0.092631 0.112436 0.090655 0.123160 0.114470 0.125877 0.069820 0.057862 0.115015 0.098888 0.103818 0.044577 0.068593 0.021338 0.111870 0.115654 0.028735 0.095926 0.090234 0.076916 0.099332 0.099197 0.103376 0.123699 0.103296 0.103024 0.085100 0.105754 0.106456 0.109951 0.093418 0.146676 0.151782 0.132380 0.140746 0.143196 0.147422 0.115355 0.111850 0.137867 0.105746 0.105823 0.147508 0.144579 0.150626 0.160004 0.145032 0.150941 0.139961 0.133247 0.104103 0.103468 0.144272 0.142339 0.142963 0.114147 0.032818
 498000.023654 4.807611 0.071524 0.095044 0.070191 0.116893 0.114761 0.113754 0.049753 0.038257 0.097750 0.104449 0.086802 0.061661 0.079575 0.035913 0.090934 0.102813 0.015097 0.074264 0.095434 0.056510 0.105115 0.097658 0.092878 0.112171 0.106037 0.108100 0.076137 0.114738 0.117406 0.104846 0.095177 0.134037 0.144703 0.125092 0.140683 0.138221 0.141263 0.116418 0.098440 0.124120 0.105206 0.112290 0.146879 0.136042 0.148688 0.150524 0.135411 0.144784 0.138915 0.140466 0.111475 0.095443 0.146384 0.143081 0.137276 0.105716 0.047258
 499000.023701 3.561876 0.075847 0.097572 0.076228 0.118627 0.117403 0.117904 0.050050 0.046089 0.104295 0.104101 0.095073 0.060095 0.078310 0.033036 0.097080 0.106301 0.012995 0.084374 0.097398 0.061612 0.103001 0.091749 0.090579 0.112202 0.099236 0.106008 0.069611 0.109261 0.112639 0.101649 0.088192 0.134425 0.144725 0.126743 0.142681 0.141985 0.142377 0.111472 0.096570 0.124332 0.105688 0.107720 0.146062 0.139413 0.148884 0.153036 0.136631 0.144823 0.143023 0.136494 0.103804 0.089866 0.147357 0.139902 0.138816 0.105648 0.051677
 500000.023749 15.149742 0.094628 0.113009 0.091400 0.124309 0.117342 0.127481 0.070220 0.059170 0.116512 0.101011 0.104929 0.047300 0.072134 0.024181 0.113625 0.116333 0.026799 0.098779 0.094222 0.078058 0.102264 0.100415 0.105483 0.125728 0.103626 0.103844 0.085106 0.106237 0.107438 0.111045 0.095013 0.147948 0.153039 0.132780 0.140207 0.143298 0.147970 0.114979 0.113439 0.139476 0.106136 0.107239 0.149952 0.145258 0.152214 0.162472 0.145821 0.153141 0.140690 0.134589 0.104930 0.104006 0.145495 0.143108 0.142837 0.116925 0.038835
 501000.023796 1.239265 0.074608 0.096965 0.072771 0.120337 0.119924 0.117894 0.049702 0.042391 0.101575 0.108523 0.090082 0.064747 0.083734 0.037783 0.095007 0.105286 0.007665 0.080888 0.102130 0.057112 0.108961 0.095470 0.093455 0.113245 0.102884 0.106200 0.073075 0.111007 0.115674 0.103311 0.093494 0.135773 0.147031 0.125024 0.140895 0.139539 0.142710 0.112004 0.097977 0.125142 0.103955 0.111707 0.150427 0.137386 0.151382 0.154149 0.136461 0.148393 0.141988 0.141461 0.109194 0.091748 0.149151 0.144207 0.136921 0.106727 0.054483
 502000.023844 3.563254 0.074618 0.097734 0.072785 0.121703 0.121560 0.119237 0.050224 0.038448 0.101559 0.109608 0.090365 0.064448 0.083771 0.036826 0.095693 0.105235 0.012997 0.080091 0.102949 0.057400 0.109766 0.097889 0.095717 0.113378 0.103970 0.104824 0.077658 0.109642 0.115511 0.104102 0.096150 0.137278 0.148839 0.123719 0.140166 0.138773 0.142779 0.111096 0.099876 0.126090 0.101367 0.113014 0.152629 0.137239 0.153109 0.155195 0.136139 0.150516 0.141243 0.143623 0.111625 0.094749 0.149211 0.147645 0.135238 0.108121 0.051696
 503000.023891 4.648892 0.060698 0.084200 0.058711 0.114568 0.120545 0.109131 0.035416 0.029541 0.090194 0.112127 0.080156 0.077007 0.092727 0.049966 0.081764 0.094668 0.014846 0.068790 0.107717 0.045509 0.113782 0.096774 0.089097 0.105188 0.104550 0.108401 0.070774 0.114295 0.121958 0.100250 0.097435 0.127070 0.141652 0.118595 0.138172 0.134655 0.137182 0.110021 0.090317 0.115956 0.101551 0.117104 0.150294 0.131308 0.149633 0.147933 0.128731 0.143641 0.139180 0.147017 0.115667 0.088008 0.148821 0.144259 0.130571 0.103128 0.066254
 504000.023939 2.322194 0.067390 0.092148 0.066791 0.117596 0.117657 0.113517 0.044572 0.035662 0.095825 0.108098 0.085113 0.067196 0.084215 0.040840 0.087913 0.101588 0.010492 0.072435 0.100316 0.050579 0.108799 0.097295 0.091348 0.110812 0.106680 0.109552 0.074019 0.115989 0.120307 0.103974 0.095800 0.132592 0.144984 0.124439 0.142244 0.139198 0.141556 0.115562 0.095223 0.121688 0.105653 0.114844 0.149211 0.135934 0.150477 0.150698 0.134595 0.145737 0.141457 0.143992 0.113759 0.092521 0.149190 0.144871 0.137153 0.104938 0.054112
 505000.023986 2.409063 0.072901 0.096542 0.072821 0.119768 0.119632 0.117618 0.048087 0.041619 0.102049 0.107721 0.091913 0.064268 0.082373 0.036480 0.094563 0.104690 0.010687 0.080365 0.100847 0.058295 0.107172 0.094623 0.091824 0.111971 0.102375 0.107147 0.072194 0.111219 0.116139 0.103043 0.092409 0.135336 0.146731 0.125818 0.141799 0.140432 0.142909 0.112266 0.097254 0.124738 0.104599 0.111989 0.149731 0.138637 0.151596 0.154100 0.136538 0.147155 0.142605 0.141539 0.108554 0.091369 0.149589 0.144068 0.137437 0.106146 0.054089
 506000.024034 5.309794 0.062563 0.086786 0.064297 0.115461 0.120205 0.112045 0.035623 0.034964 0.095025 0.109766 0.087490 0.073465 0.087698 0.045404 0.086138 0.097891 0.015866 0.073937 0.104643 0.049429 0.108488 0.093063 0.086651 0.105687 0.101602 0.108860 0.068305 0.112852 0.119595 0.099508 0.092068 0.128134 0.142206 0.122410 0.142102 0.139595 0.139557 0.110095 0.089517 0.117119 0.104700 0.114074 0.148464 0.135721 0.150130 0.149289 0.131107 0.143295 0.143237 0.143629 0.110531 0.086070 0.150220 0.142653 0.134232 0.102843 0.063793
 507000.024081 3.901954 0.066638 0.087843 0.064557 0.115850 0.120667 0.112244 0.039880 0.035162 0.094656 0.110336 0.085030 0.072783 0.089347 0.045530 0.087866 0.097557 0.013601 0.076088 0.106472 0.049737 0.111286 0.096081 0.091459 0.108374 0.102865 0.106558 0.071997 0.111268 0.118500 0.100812 0.095350 0.129858 0.143228 0.120189 0.138047 0.136233 0.138487 0.108694 0.092692 0.118959 0.101565 0.114653 0.150361 0.133578 0.150159 0.150257 0.130771 0.145551 0.140200 0.144381 0.112603 0.088278 0.148526 0.143814 0.131289 0.105308 0.063328
 508000.024129 1.714766 0.065102 0.089288 0.063615 0.116559 0.118896 0.111970 0.041359 0.032891 0.094010 0.109512 0.083414 0.070515 0.087185 0.043641 0.085766 0.098980 0.009016 0.070940 0.103284 0.049339 0.110268 0.096431 0.090163 0.108294 0.104535 0.108513 0.071753 0.114188 0.119872 0.102172 0.095782 0.130423 0.143707 0.122143 0.140972 0.137617 0.140009 0.112483 0.093598 0.119666 0.103527 0.114963 0.149474 0.134249 0.150407 0.150028 0.132331 0.144631 0.140745 0.144276 0.112786 0.090567 0.149262 0.144036 0.134726 0.104470 0.059070
 509000.024176 2.395530 0.070265 0.092854 0.066327 0.117497 0.118206 0.113417 0.047629 0.032776 0.095362 0.108428 0.082875 0.066610 0.085585 0.040489 0.089449 0.100467 0.010657 0.072951 0.101563 0.053001 0.110586 0.099727 0.094989 0.111175 0.106439 0.105639 0.078208 0.112836 0.117703 0.104003 0.098836 0.133482 0.144976 0.120501 0.136876 0.134154 0.138918 0.112760 0.098400 0.123094 0.100272 0.114215 0.150138 0.132519 0.149458 0.150717 0.132499 0.146993 0.136439 0.143682 0.115263 0.095396 0.145812 0.145660 0.132191 0.106381 0.052745
 510000.024224 3.098259 0.064302 0.088926 0.064362 0.116006 0.117974 0.111362 0.040884 0.035556 0.093899 0.108830 0.083390 0.070714 0.086993 0.044991 0.085042 0.099351 0.012119 0.071585 0.102278 0.048314 0.109878 0.094146 0.087430 0.106718 0.103754 0.108024 0.069249 0.114421 0.119420 0.100121 0.093490 0.128464 0.141808 0.121377 0.141315 0.137447 0.138687 0.112342 0.090398 0.117105 0.103666 0.113235 0.147227 0.133187 0.148187 0.147714 0.131197 0.142754 0.140708 0.142971 0.112388 0.087526 0.148188 0.142410 0.134681 0.101178 0.059242
 511000.024271 9.079104 0.077764 0.100003 0.078957 0.118247 0.114982 0.118131 0.054041 0.047749 0.106251 0.101071 0.097398 0.055707 0.073389 0.028036 0.099501 0.107113 0.020746 0.085499 0.092822 0.066026 0.098565 0.093129 0.092407 0.113905 0.100799 0.107014 0.073500 0.109964 0.112254 0.104071 0.087812 0.136910 0.145958 0.129444 0.143228 0.142982 0.143853 0.114370 0.099803 0.127362 0.107367 0.107880 0.144442 0.141914 0.148888 0.153654 0.139023 0.144282 0.142733 0.135055 0.103264 0.093465 0.146910 0.140075 0.140271 0.106660 0.046714
 512000.024319 9.507668 0.063955 0.089962 0.070788 0.115209 0.116265 0.113067 0.038739 0.044525 0.100122 0.104670 0.094604 0.068233 0.079749 0.041005 0.088604 0.102523 0.021230 0.077522 0.097010 0.055362 0.099599 0.086124 0.079670 0.104402 0.097898 0.111253 0.060455 0.114003 0.117324 0.097741 0.082384 0.126743 0.139737 0.128096 0.149132 0.146173 0.141514 0.113303 0.086174 0.116221 0.111181 0.108711 0.141278 0.140312 0.146978 0.147293 0.133790 0.137918 0.148199 0.136368 0.102155 0.082042 0.149976 0.136649 0.141125 0.098873 0.060640
 513000.024366 3.604360 0.061823 0.088484 0.062130 0.116327 0.118286 0.111094 0.039454 0.030319 0.092714 0.109965 0.082268 0.071725 0.087136 0.044556 0.083794 0.098661 0.013072 0.067446 0.102212 0.046296 0.109806 0.096838 0.088901 0.107165 0.106513 0.109465 0.073535 0.116314 0.121561 0.102289 0.096176 0.129741 0.143110 0.122082 0.141281 0.137453 0.139685 0.114408 0.092234 0.118843 0.104201 0.115855 0.148812 0.133859 0.149692 0.148314 0.131742 0.144264 0.140535 0.145252 0.115131 0.090745 0.148948 0.144907 0.134487 0.102572 0.058371
 514000.024414 2.813257 0.073655 0.096892 0.072338 0.120405 0.119817 0.117703 0.049422 0.039228 0.100881 0.108132 0.089736 0.063875 0.082964 0.036980 0.093927 0.105247 0.011548 0.078551 0.100706 0.057572 0.108510 0.096142 0.093109 0.112411 0.103321 0.106244 0.074299 0.111849 0.115995 0.103261 0.094199 0.135666 0.147171 0.124794 0.141893 0.139841 0.142679 0.112996 0.098252 0.124763 0.103640 0.111599 0.150134 0.137398 0.151501 0.153718 0.136299 0.148060 0.141640 0.141791 0.110117 0.093570 0.148878 0.145186 0.137428 0.106472 0.051048
 515000.024461 4.111956 0.065029 0.086480 0.060535 0.115441 0.121066 0.110433 0.039906 0.030549 0.090772 0.112521 0.078723 0.076235 0.093625 0.049947 0.084407 0.095438 0.013962 0.071311 0.108649 0.046502 0.115900 0.098554 0.092526 0.107088 0.105336 0.105708 0.074422 0.112945 0.120533 0.100557 0.099663 0.128564 0.141945 0.116118 0.134008 0.130960 0.135228 0.108863 0.092850 0.117482 0.098393 0.116539 0.150989 0.128740 0.148259 0.147941 0.127858 0.145641 0.135546 0.146726 0.117646 0.089923 0.145745 0.144966 0.127524 0.104118 0.064214
 516000.024509 3.333286 0.068073 0.091847 0.063848 0.119692 0.122654 0.114531 0.045268 0.030421 0.094265 0.113647 0.081276 0.073241 0.091683 0.046709 0.087465 0.100203 0.012571 0.070756 0.107715 0.050304 0.115933 0.100666 0.094855 0.110284 0.107201 0.107185 0.077560 0.114321 0.120948 0.103940 0.101211 0.133395 0.146476 0.120015 0.138143 0.134654 0.139763 0.112253 0.097627 0.122256 0.100355 0.117390 0.153765 0.132373 0.152169 0.152039 0.132370 0.149112 0.138335 0.148064 0.117624 0.094931 0.148851 0.148636 0.132286 0.106869 0.059619
 517000.024556 4.973187 0.069748 0.093938 0.067435 0.118349 0.117842 0.114074 0.048029 0.033977 0.096082 0.108544 0.083999 0.066437 0.084606 0.040169 0.089344 0.102241 0.015355 0.071944 0.099749 0.053444 0.109759 0.099978 0.094172 0.111753 0.108554 0.107817 0.078908 0.115891 0.119685 0.105054 0.098644 0.134333 0.145800 0.122846 0.139288 0.136347 0.140679 0.116221 0.098336 0.123768 0.103129 0.114981 0.149942 0.134273 0.149910 0.150700 0.134224 0.147414 0.138256 0.144478 0.116673 0.096235 0.147083 0.146826 0.134800 0.105566 0.050931
 518000.024604 2.921413 0.067404 0.090186 0.063865 0.116348 0.118595 0.112178 0.043974 0.029975 0.093219 0.109203 0.081561 0.069404 0.087027 0.042730 0.087254 0.098285 0.011768 0.071300 0.102905 0.049469 0.111056 0.099845 0.094164 0.110096 0.106866 0.106665 0.078133 0.113847 0.119418 0.103568 0.099237 0.131930 0.144034 0.119838 0.136594 0.133818 0.138069 0.112584 0.096664 0.121409 0.100556 0.115571 0.150151 0.132040 0.149251 0.149611 0.131219 0.146514 0.136488 0.144767 0.116482 0.094267 0.145977 0.145711 0.131167 0.106038 0.055137
 519000.024651 2.190183 0.076683 0.098399 0.073118 0.120539 0.119540 0.118021 0.053032 0.040755 0.101921 0.108008 0.089043 0.062878 0.083473 0.036851 0.096196 0.105642 0.010190 0.080508 0.101471 0.059483 0.109318 0.097100 0.095556 0.112766 0.102543 0.102451 0.076976 0.108142 0.112571 0.102968 0.095550 0.136122 0.146459 0.121849 0.137908 0.136203 0.140464 0.109975 0.100220 0.125919 0.099442 0.110037 0.150058 0.134565 0.150007 0.153477 0.134612 0.148494 0.138104 0.140299 0.110330 0.094618 0.145860 0.144447 0.133860 0.107003 0.051501
 520000.024699 5.645070 0.077306 0.100056 0.075205 0.119129 0.114675 0.116823 0.055754 0.044417 0.102295 0.104106 0.089981 0.058195 0.077880 0.033167 0.096387 0.107013 0.016359 0.079646 0.094424 0.060992 0.104852 0.099230 0.096481 0.116435 0.107626 0.107822 0.079611 0.114487 0.116127 0.107375 0.095651 0.138224 0.147276 0.127477 0.140655 0.139252 0.143487 0.118099 0.102427 0.128690 0.106220 0.111767 0.147943 0.138116 0.149528 0.153251 0.138723 0.147564 0.139303 0.139957 0.112027 0.098050 0.146458 0.144124 0.139010 0.107748 0.044838
 521000.024746 6.927679 0.078368 0.101934 0.079992 0.122420 0.120326 0.122008 0.053711 0.048830 0.108211 0.106158 0.098884 0.060373 0.078480 0.033314 0.100816 0.109421 0.018122 0.087132 0.099308 0.065043 0.103904 0.092309 0.092337 0.114414 0.099388 0.107282 0.071257 0.109067 0.113016 0.103590 0.088283 0.138519 0.148837 0.130017 0.145605 0.145049 0.146098 0.112388 0.099471 0.127794 0.107342 0.108963 0.148412 0.143331 0.152479 0.157034 0.140466 0.147684 0.146222 0.137467 0.102660 0.091678 0.150707 0.142479 0.141801 0.107569 0.052106
 522000.024794 5.456441 0.058466 0.084037 0.060141 0.113948 0.118810 0.109287 0.033225 0.030531 0.090358 0.110012 0.082057 0.075310 0.089112 0.048253 0.081477 0.095137 0.016083 0.068555 0.104595 0.042701 0.110138 0.094133 0.085882 0.104026 0.103823 0.109002 0.069434 0.114790 0.121561 0.099033 0.094142 0.125719 0.140302 0.119923 0.140522 0.136751 0.137112 0.110956 0.087348 0.114113 0.103562 0.115433 0.147501 0.132392 0.148221 0.145955 0.128629 0.141825 0.140753 0.144919 0.113925 0.085704 0.148524 0.142742 0.132287 0.100613 0.063107
 523000.024841 5.673746 0.081281 0.102974 0.079772 0.120135 0.115351 0.119853 0.057877 0.047806 0.106868 0.102408 0.095856 0.053805 0.074519 0.026309 0.101705 0.109044 0.016400 0.085949 0.093631 0.065854 0.102107 0.097898 0.097779 0.118171 0.104985 0.105943 0.079592 0.110373 0.112686 0.107460 0.093577 0.140669 0.148785 0.128934 0.140255 0.140842 0.144829 0.115531 0.104507 0.131487 0.105633 0.109956 0.148426 0.140847 0.150616 0.156228 0.140394 0.148921 0.140425 0.138062 0.108195 0.098039 0.146546 0.143490 0.139336 0.109966 0.042967
 524000.024889 3.072703 0.072099 0.094395 0.071260 0.117627 0.118097 0.115541 0.046818 0.038786 0.100184 0.105894 0.090495 0.063293 0.081165 0.035478 0.093263 0.102748 0.012069 0.079006 0.099354 0.057842 0.105171 0.094683 0.091843 0.110771 0.101151 0.105680 0.072831 0.109906 0.114570 0.102090 0.092132 0.133596 0.144982 0.124067 0.140706 0.139271 0.141256 0.111020 0.096814 0.123402 0.103074 0.110543 0.147914 0.137153 0.149973 0.152295 0.134677 0.145483 0.140960 0.139594 0.107563 0.091816 0.147606 0.142457 0.135704 0.106140 0.052630
 525000.024936 2.802681 0.070962 0.093753 0.071917 0.116304 0.116241 0.114570 0.045813 0.042321 0.100759 0.104028 0.092072 0.062565 0.079324 0.035238 0.092790 0.102887 0.011527 0.079853 0.097215 0.058178 0.102836 0.092525 0.089103 0.110324 0.100875 0.108035 0.069131 0.111689 0.115494 0.101835 0.089214 0.132300 0.143472 0.126160 0.142622 0.141169 0.141547 0.112644 0.094668 0.122299 0.106344 0.110062 0.145602 0.138531 0.148719 0.151331 0.135284 0.142982 0.142593 0.138190 0.105956 0.089331 0.147981 0.139948 0.137915 0.104618 0.054019
 526000.024984 6.710430 0.058274 0.084536 0.058110 0.115000 0.119883 0.108942 0.035526 0.026479 0.088728 0.111920 0.078435 0.077077 0.092020 0.050919 0.079233 0.095233 0.017836 0.064184 0.105813 0.043385 0.113472 0.096423 0.086955 0.103687 0.105543 0.109469 0.070946 0.116883 0.123292 0.099761 0.097391 0.126220 0.141182 0.118873 0.140624 0.135380 0.137031 0.112492 0.089065 0.114371 0.102648 0.116827 0.148679 0.130908 0.148865 0.146123 0.128593 0.142482 0.139379 0.146744 0.116694 0.088813 0.148739 0.144608 0.132424 0.100832 0.063033
 527000.025031 2.664662 0.073332 0.095633 0.068974 0.120893 0.121943 0.116914 0.049832 0.035697 0.097876 0.111903 0.084129 0.068723 0.088965 0.042815 0.092525 0.103226 0.011239 0.076472 0.105785 0.053775 0.114501 0.098540 0.095418 0.110830 0.104375 0.101822 0.078142 0.109224 0.115144 0.101829 0.098840 0.134215 0.145719 0.118014 0.135208 0.132709 0.137954 0.108814 0.098151 0.123096 0.096725 0.112531 0.152092 0.130791 0.149607 0.151495 0.131503 0.149593 0.136074 0.144093 0.115007 0.093736 0.145277 0.146972 0.130096 0.105491 0.054896
 528000.025079 5.718576 0.078219 0.101417 0.077988 0.120917 0.117400 0.119813 0.054778 0.044878 0.105345 0.104439 0.094628 0.057146 0.076724 0.029998 0.099112 0.108182 0.016465 0.083393 0.095890 0.063290 0.103620 0.095942 0.094926 0.115379 0.103118 0.106206 0.076598 0.110652 0.113541 0.105192 0.091993 0.138985 0.148610 0.128222 0.142621 0.141800 0.144699 0.114644 0.101553 0.128601 0.105496 0.109735 0.148405 0.140713 0.151271 0.155380 0.139568 0.148161 0.142112 0.138692 0.107267 0.095708 0.148098 0.144061 0.139834 0.107773 0.044524
 529000.025126 4.980673 0.067210 0.090964 0.065188 0.119330 0.122911 0.114959 0.043352 0.031314 0.095257 0.113062 0.084076 0.072776 0.090563 0.045715 0.088903 0.099901 0.015366 0.073784 0.107639 0.049202 0.114243 0.097537 0.092502 0.107503 0.104089 0.103314 0.076470 0.109462 0.117232 0.100517 0.098217 0.130968 0.143948 0.117109 0.136206 0.133517 0.137027 0.107394 0.094031 0.119407 0.096984 0.114506 0.151989 0.130849 0.149894 0.149822 0.129125 0.147712 0.137778 0.145994 0.115628 0.090705 0.146606 0.146895 0.128710 0.104132 0.059996
 530000.025174 4.827816 0.060626 0.084784 0.060529 0.114284 0.119576 0.109680 0.035453 0.030423 0.091130 0.110307 0.081992 0.074967 0.090215 0.048251 0.082448 0.095262 0.015129 0.069956 0.105468 0.045860 0.111599 0.094767 0.087176 0.104391 0.103383 0.108035 0.069450 0.113888 0.120866 0.099054 0.095153 0.126362 0.140672 0.118889 0.139196 0.135431 0.136589 0.109983 0.088869 0.114884 0.101880 0.115301 0.148240 0.131765 0.148392 0.146973 0.128429 0.142256 0.139487 0.145071 0.114192 0.086737 0.147972 0.142964 0.131326 0.101568 0.063506
 531000.025221 3.567863 0.069528 0.093714 0.070497 0.116960 0.116146 0.114191 0.045790 0.041121 0.099165 0.105218 0.089985 0.064067 0.080331 0.037252 0.090459 0.103026 0.013005 0.076242 0.097218 0.056146 0.104267 0.094005 0.089190 0.110951 0.103381 0.110707 0.069593 0.115253 0.118637 0.103444 0.091162 0.132715 0.144467 0.127816 0.144841 0.142449 0.143149 0.115917 0.095178 0.122604 0.108789 0.112370 0.146538 0.139278 0.150010 0.151520 0.136635 0.143475 0.143875 0.140185 0.107751 0.090981 0.149887 0.141307 0.140381 0.105003 0.053428
 532000.025269 1.973853 0.072692 0.096604 0.072256 0.120410 0.120077 0.117787 0.048393 0.039834 0.101343 0.108284 0.090435 0.064337 0.083003 0.037241 0.093799 0.105307 0.009673 0.078860 0.101078 0.057497 0.108175 0.094650 0.091508 0.111181 0.102244 0.106026 0.072523 0.111125 0.115562 0.102174 0.092712 0.134898 0.146588 0.124580 0.142388 0.140111 0.142348 0.112052 0.096784 0.123780 0.103442 0.111007 0.149574 0.137367 0.151202 0.153335 0.135834 0.147249 0.142221 0.141415 0.109359 0.091810 0.149064 0.144618 0.137340 0.105144 0.052652
 533000.025316 5.935005 0.055767 0.082198 0.056451 0.113291 0.118095 0.107044 0.032544 0.027465 0.087538 0.110779 0.078336 0.076854 0.090678 0.050193 0.077846 0.093763 0.016774 0.063743 0.104903 0.040036 0.111387 0.095587 0.085765 0.103248 0.105543 0.110016 0.069705 0.116517 0.123188 0.099795 0.096043 0.124684 0.139861 0.119449 0.140928 0.136176 0.137098 0.112250 0.087137 0.113257 0.103636 0.117015 0.147603 0.131251 0.148306 0.144930 0.128114 0.140943 0.140389 0.146158 0.115561 0.086521 0.149066 0.143038 0.132335 0.100293 0.064594
 534000.025364 2.021072 0.070229 0.094676 0.068334 0.120542 0.121205 0.116283 0.047565 0.036165 0.097801 0.111306 0.085049 0.068784 0.087571 0.042805 0.090865 0.103145 0.009788 0.075230 0.104765 0.051464 0.112632 0.096576 0.092430 0.109792 0.103977 0.104179 0.075116 0.110613 0.116299 0.101575 0.096159 0.133343 0.145602 0.120384 0.139082 0.135954 0.139628 0.110148 0.095523 0.121688 0.099591 0.112702 0.150964 0.133030 0.150383 0.151271 0.132674 0.147922 0.139329 0.143918 0.113336 0.091163 0.147715 0.146189 0.133067 0.103843 0.056148
 535000.025411 4.892831 0.079336 0.098526 0.074848 0.122622 0.124733 0.120758 0.052737 0.044092 0.103758 0.112012 0.091842 0.068059 0.088893 0.042046 0.098808 0.105966 0.015230 0.086136 0.108403 0.061158 0.113906 0.098412 0.098391 0.115015 0.102154 0.103484 0.076593 0.107326 0.114314 0.103748 0.097311 0.137800 0.149229 0.122316 0.137996 0.137542 0.142109 0.107623 0.101282 0.126907 0.099802 0.112819 0.154763 0.136451 0.153776 0.157311 0.135815 0.152157 0.140948 0.143772 0.111195 0.093880 0.149336 0.147019 0.133565 0.110781 0.059509
 536000.025459 2.327008 0.066666 0.089869 0.067305 0.116000 0.118787 0.113021 0.040108 0.039004 0.097353 0.108131 0.088522 0.069832 0.085514 0.042219 0.089015 0.100051 0.010503 0.076876 0.102602 0.051907 0.107426 0.092896 0.088105 0.108302 0.101507 0.108371 0.068299 0.112542 0.118058 0.100530 0.091174 0.130154 0.142908 0.123793 0.141442 0.139631 0.140418 0.110987 0.091671 0.119674 0.105271 0.112562 0.147893 0.136481 0.149552 0.150403 0.132999 0.143943 0.142696 0.141726 0.108946 0.086595 0.149404 0.141539 0.135388 0.103630 0.061012
 537000.025506 4.474322 0.069031 0.092948 0.069287 0.117377 0.117812 0.114302 0.044789 0.036968 0.098357 0.106520 0.088929 0.064965 0.081870 0.037463 0.090243 0.102188 0.014564 0.075364 0.098870 0.056167 0.105506 0.094942 0.090114 0.109535 0.102888 0.107942 0.072000 0.113010 0.117346 0.102279 0.092472 0.132604 0.144845 0.124821 0.142984 0.140394 0.141864 0.113506 0.095308 0.121930 0.104931 0.112065 0.147694 0.137419 0.150344 0.151240 0.134868 0.144522 0.142240 0.141212 0.109472 0.091811 0.149034 0.143325 0.137254 0.104665 0.053031
 538000.025554 4.288693 0.063325 0.089034 0.064763 0.116816 0.118888 0.112129 0.039594 0.036363 0.094734 0.109971 0.085193 0.071840 0.087113 0.044657 0.085778 0.099545 0.014259 0.072273 0.103117 0.047222 0.109688 0.094546 0.087894 0.107819 0.105090 0.109725 0.069999 0.115267 0.120990 0.101552 0.093524 0.129938 0.143531 0.123655 0.142158 0.139342 0.140818 0.113427 0.090642 0.118593 0.105851 0.115300 0.149044 0.135683 0.150297 0.149308 0.132960 0.144424 0.143016 0.144923 0.112744 0.087239 0.150540 0.144150 0.135702 0.102158 0.060989
 539000.025601 4.866148 0.064637 0.086875 0.062604 0.115289 0.120517 0.111581 0.038280 0.031737 0.092896 0.110747 0.083978 0.074136 0.090020 0.046624 0.085811 0.096329 0.015188 0.072879 0.106181 0.048815 0.112087 0.098949 0.092513 0.109404 0.106367 0.110174 0.074484 0.115599 0.122804 0.103393 0.098653 0.130500 0.144023 0.121620 0.138600 0.136526 0.139310 0.112390 0.094286 0.119887 0.103793 0.118260 0.151667 0.134514 0.151274 0.150795 0.131579 0.146162 0.139975 0.147370 0.116324 0.091543 0.149277 0.145664 0.132510 0.107112 0.062709
 540000.025649 5.042535 0.075515 0.098295 0.072516 0.120001 0.117690 0.116829 0.053350 0.039167 0.100405 0.107225 0.087308 0.062006 0.082111 0.036249 0.094619 0.105717 0.015461 0.077462 0.098374 0.058610 0.108350 0.098927 0.095771 0.113487 0.106186 0.104474 0.079837 0.112198 0.115060 0.104586 0.096766 0.136645 0.146759 0.123063 0.138629 0.136459 0.141131 0.114426 0.100671 0.126314 0.101427 0.111226 0.149314 0.134853 0.149441 0.152140 0.135506 0.148504 0.137633 0.141307 0.113678 0.096822 0.145642 0.145940 0.135034 0.106072 0.047044
 541000.025696 2.977669 0.073438 0.095006 0.068336 0.121043 0.122715 0.116950 0.049327 0.035246 0.097717 0.112673 0.084410 0.069401 0.089634 0.042689 0.092714 0.102667 0.011881 0.077103 0.107054 0.053647 0.115033 0.100705 0.097658 0.112680 0.106205 0.103423 0.079618 0.110074 0.117023 0.103993 0.100617 0.135589 0.147468 0.119185 0.135461 0.133684 0.139607 0.109643 0.099673 0.124584 0.097789 0.115240 0.154487 0.132295 0.151878 0.153378 0.132776 0.151278 0.137485 0.146519 0.116353 0.095151 0.147213 0.148808 0.130340 0.108127 0.056896
 542000.025744 6.287858 0.074463 0.095969 0.068979 0.121634 0.123318 0.117548 0.051510 0.034313 0.097753 0.112850 0.084205 0.069376 0.090191 0.043973 0.092928 0.103016 0.017265 0.076494 0.107060 0.056428 0.116048 0.101117 0.097817 0.111480 0.105715 0.102049 0.080700 0.109323 0.116074 0.103229 0.101684 0.135229 0.146943 0.117415 0.134976 0.132187 0.138205 0.109068 0.100469 0.123979 0.095653 0.114323 0.153914 0.130737 0.150926 0.152637 0.131580 0.150673 0.135670 0.146009 0.117193 0.096871 0.145677 0.149059 0.129447 0.107536 0.055080
 543000.025791 6.399964 0.060683 0.084799 0.056342 0.115832 0.120849 0.108988 0.038572 0.022768 0.087372 0.113909 0.074871 0.077593 0.094297 0.051136 0.080230 0.094824 0.017418 0.063880 0.108185 0.042257 0.116525 0.100461 0.091895 0.105408 0.108225 0.106508 0.076981 0.115109 0.122564 0.101346 0.101993 0.127408 0.141560 0.115173 0.135432 0.130784 0.135160 0.111026 0.092208 0.116057 0.097958 0.118350 0.151007 0.127301 0.148242 0.145903 0.126733 0.145125 0.135574 0.148550 0.120801 0.091904 0.146116 0.146714 0.127386 0.102758 0.063229
 544000.025839 3.444046 0.079865 0.100007 0.077487 0.118974 0.116342 0.118391 0.054759 0.047251 0.105266 0.103371 0.094430 0.057180 0.077211 0.029586 0.099951 0.106889 0.012778 0.086225 0.096626 0.063762 0.103142 0.096764 0.096827 0.117142 0.103188 0.106266 0.076060 0.109930 0.113259 0.106156 0.092363 0.138715 0.147745 0.128087 0.140305 0.140805 0.144285 0.113721 0.102346 0.129465 0.105584 0.110305 0.148295 0.140349 0.150590 0.155807 0.139381 0.147906 0.141515 0.137824 0.106620 0.095018 0.147612 0.141882 0.138388 0.109910 0.049176
 545000.025886 7.854749 0.056837 0.081563 0.059527 0.111255 0.117025 0.106806 0.030636 0.032333 0.090486 0.107780 0.083632 0.075267 0.087948 0.048330 0.080180 0.093661 0.019297 0.068947 0.102689 0.046334 0.106839 0.091870 0.082897 0.101611 0.101426 0.109789 0.065375 0.114638 0.120898 0.097507 0.091089 0.123208 0.138055 0.120429 0.142012 0.137987 0.136648 0.110543 0.085258 0.112296 0.104790 0.113943 0.144546 0.133135 0.146921 0.144636 0.127857 0.138134 0.141719 0.142418 0.110906 0.083672 0.148611 0.139435 0.132840 0.099365 0.065667
 546000.025934 3.792163 0.080819 0.100066 0.076624 0.118908 0.116770 0.118258 0.056104 0.044956 0.103988 0.103867 0.092418 0.057255 0.078651 0.030959 0.099709 0.105996 0.013408 0.085176 0.097597 0.064038 0.105436 0.099543 0.099398 0.117600 0.104537 0.104818 0.079685 0.109369 0.113045 0.106866 0.096187 0.139113 0.148008 0.125657 0.137742 0.137955 0.142697 0.112996 0.104435 0.129851 0.102676 0.111098 0.149821 0.138058 0.150655 0.155808 0.137977 0.149072 0.138407 0.139327 0.109860 0.098011 0.145870 0.143673 0.136112 0.111373 0.047138
 547000.025981 6.530303 0.080889 0.102839 0.076923 0.122411 0.118371 0.120262 0.058786 0.042608 0.103839 0.106959 0.090228 0.058561 0.080395 0.033596 0.099615 0.108746 0.017595 0.081780 0.098475 0.061999 0.108547 0.101311 0.100364 0.117471 0.106646 0.103011 0.084117 0.109805 0.112931 0.107062 0.098784 0.140819 0.149986 0.124474 0.138610 0.137531 0.143342 0.113882 0.105329 0.130521 0.100758 0.111085 0.151637 0.136675 0.151616 0.155590 0.138153 0.151925 0.137987 0.141243 0.113242 0.100356 0.146006 0.147639 0.136148 0.109951 0.043033
 548000.026029 1.420374 0.071633 0.094362 0.069364 0.118757 0.119676 0.115951 0.046964 0.037376 0.098769 0.109003 0.087583 0.066809 0.084981 0.039143 0.092579 0.102363 0.008206 0.077667 0.102590 0.053830 0.109722 0.098330 0.094738 0.113016 0.105851 0.107311 0.076836 0.113001 0.118258 0.104632 0.096780 0.135225 0.146558 0.123699 0.138654 0.137402 0.141308 0.113023 0.098343 0.124899 0.103197 0.114646 0.151383 0.136151 0.151323 0.153246 0.134925 0.148764 0.139855 0.144120 0.113556 0.093618 0.148204 0.145955 0.134471 0.107625 0.054965
 549000.026076 2.067852 0.069629 0.091643 0.067279 0.117198 0.119704 0.114154 0.043898 0.036723 0.097007 0.108976 0.086907 0.068742 0.086277 0.041069 0.090134 0.100049 0.009901 0.076519 0.103499 0.054040 0.109989 0.097497 0.093265 0.111476 0.104652 0.108755 0.073321 0.113502 0.119632 0.103861 0.096265 0.133375 0.145727 0.123744 0.139233 0.137771 0.141216 0.112577 0.096853 0.123045 0.104230 0.115559 0.151256 0.136292 0.151713 0.152946 0.134385 0.147026 0.140634 0.144661 0.112374 0.092313 0.149407 0.144942 0.134794 0.107605 0.058214
 550000.026124 3.141176 0.071957 0.096658 0.070901 0.121114 0.121046 0.117582 0.048733 0.037704 0.100010 0.110098 0.088015 0.066532 0.085407 0.040170 0.092367 0.104987 0.012203 0.076157 0.102466 0.056412 0.110650 0.096207 0.092127 0.110929 0.103657 0.106340 0.074140 0.112573 0.117025 0.102593 0.094949 0.135135 0.147151 0.123717 0.141951 0.138884 0.142122 0.112937 0.097395 0.123726 0.102720 0.112262 0.150626 0.136226 0.151617 0.153110 0.135566 0.148030 0.141195 0.143158 0.111655 0.093199 0.149229 0.146236 0.136808 0.104920 0.052966
 551000.026171 2.631730 0.077078 0.098301 0.075318 0.121176 0.121429 0.119541 0.051290 0.046268 0.104082 0.109124 0.092929 0.065487 0.084885 0.039264 0.097775 0.106418 0.011170 0.085399 0.103991 0.059638 0.109947 0.095196 0.094405 0.114396 0.102177 0.106115 0.072760 0.109977 0.115109 0.103367 0.093005 0.136687 0.147617 0.125475 0.140644 0.140007 0.142905 0.110837 0.098472 0.125946 0.104108 0.111583 0.151214 0.138394 0.151876 0.155634 0.137104 0.149248 0.142702 0.141522 0.108958 0.090877 0.149516 0.144192 0.136903 0.107723 0.057439
 552000.026219 10.137117 0.056324 0.080733 0.053550 0.111028 0.115903 0.103992 0.035378 0.022286 0.083924 0.109544 0.073459 0.076874 0.091417 0.051520 0.075451 0.091303 0.021922 0.059551 0.103023 0.042272 0.111992 0.099924 0.089093 0.103307 0.109034 0.109702 0.075156 0.118606 0.124575 0.101347 0.100759 0.123943 0.138193 0.116230 0.136644 0.131170 0.133991 0.114183 0.090004 0.113332 0.101314 0.118502 0.146413 0.127292 0.145603 0.142407 0.125684 0.139874 0.134924 0.146173 0.120480 0.091729 0.145002 0.143064 0.128679 0.101182 0.062298
 553000.026266 1.907675 0.068608 0.092870 0.066935 0.120498 0.122869 0.116244 0.044459 0.034651 0.096814 0.112609 0.085010 0.071478 0.089531 0.045008 0.089314 0.102299 0.009510 0.074339 0.106902 0.050505 0.113798 0.095956 0.091312 0.108869 0.103023 0.105594 0.072729 0.111428 0.117741 0.100888 0.095990 0.132378 0.145774 0.120843 0.140962 0.137542 0.140254 0.109811 0.094319 0.120432 0.100986 0.113508 0.151859 0.133790 0.151697 0.151842 0.132658 0.147932 0.141234 0.144910 0.112809 0.090415 0.149621 0.146419 0.134256 0.104417 0.059019
 554000.026314 5.644288 0.061035 0.087103 0.063155 0.115920 0.119778 0.111595 0.036467 0.032716 0.093893 0.110017 0.085725 0.073367 0.087994 0.046140 0.083880 0.098230 0.016358 0.070217 0.103593 0.049093 0.109472 0.093536 0.085521 0.104704 0.102987 0.109744 0.068060 0.114899 0.121050 0.099713 0.093292 0.127660 0.142010 0.122217 0.143242 0.139351 0.139423 0.111979 0.089344 0.116284 0.104762 0.114716 0.148117 0.134982 0.149921 0.148459 0.130951 0.142422 0.142779 0.144568 0.112173 0.087297 0.150209 0.143279 0.135307 0.101606 0.061951
 555000.026361 6.711964 0.083177 0.103869 0.080381 0.121518 0.116567 0.120840 0.059653 0.048252 0.107050 0.103814 0.095146 0.054388 0.076387 0.028250 0.102720 0.109759 0.017838 0.087322 0.096081 0.065273 0.104443 0.098891 0.099907 0.118745 0.104499 0.103057 0.081160 0.107405 0.110867 0.107049 0.095141 0.141316 0.149761 0.126950 0.139426 0.140012 0.144751 0.112713 0.105130 0.131556 0.102689 0.109669 0.150085 0.139592 0.151464 0.156875 0.139848 0.150623 0.140292 0.138547 0.108634 0.098066 0.146562 0.144451 0.137750 0.110811 0.043721
 556000.026409 7.699681 0.056993 0.084730 0.060068 0.114324 0.117372 0.108774 0.034856 0.033075 0.090118 0.109940 0.081552 0.075765 0.088658 0.049753 0.079822 0.096770 0.019105 0.065885 0.102745 0.041604 0.109796 0.095352 0.085155 0.104938 0.107398 0.112468 0.070259 0.119340 0.124714 0.101131 0.095035 0.125927 0.140487 0.122527 0.143564 0.138891 0.138779 0.115654 0.087242 0.114464 0.107284 0.117269 0.146824 0.133602 0.148330 0.145357 0.130338 0.141240 0.142518 0.145901 0.116314 0.086972 0.149906 0.143155 0.135611 0.099931 0.063184
 557000.026456 3.284622 0.069458 0.091533 0.065020 0.118214 0.121417 0.114118 0.044799 0.031170 0.095131 0.111592 0.082891 0.071120 0.089646 0.043995 0.089113 0.099742 0.012479 0.073442 0.105886 0.052508 0.113374 0.099783 0.094905 0.109856 0.105518 0.105085 0.077902 0.112075 0.118541 0.102726 0.099628 0.132772 0.145048 0.118737 0.136040 0.133359 0.138203 0.110560 0.097468 0.122138 0.098700 0.115225 0.152017 0.131714 0.150291 0.151079 0.131161 0.148192 0.136741 0.145664 0.116502 0.094385 0.146546 0.146868 0.130154 0.106513 0.057720
 558000.026504 3.487579 0.077251 0.099249 0.075435 0.119060 0.115758 0.117453 0.053612 0.043757 0.103220 0.104091 0.092131 0.057915 0.077549 0.030568 0.097449 0.106542 0.012858 0.081923 0.095721 0.060546 0.104011 0.098285 0.096575 0.116398 0.105787 0.106793 0.078526 0.111942 0.114884 0.106693 0.094614 0.138303 0.147660 0.127408 0.140617 0.140346 0.143982 0.115354 0.101910 0.128827 0.105464 0.111604 0.148899 0.139307 0.150714 0.154637 0.138585 0.148298 0.140802 0.139796 0.110091 0.096463 0.147368 0.143841 0.138328 0.109136 0.046668
 559000.026551 4.482550 0.065997 0.088121 0.064707 0.116896 0.122064 0.113118 0.040077 0.036260 0.094346 0.111843 0.084446 0.074844 0.091529 0.048855 0.087219 0.097865 0.014578 0.075979 0.108517 0.048289 0.113960 0.094112 0.089326 0.106281 0.101313 0.105273 0.069449 0.109989 0.117833 0.098460 0.094780 0.128174 0.142017 0.118155 0.137826 0.135013 0.136638 0.106496 0.090251 0.116270 0.099999 0.113666 0.150064 0.131552 0.149068 0.149017 0.128900 0.144745 0.139576 0.144463 0.112456 0.085697 0.147746 0.143364 0.130510 0.102901 0.064816
 560000.026599 6.914861 0.057166 0.081541 0.058201 0.111188 0.116790 0.106535 0.031580 0.031350 0.089421 0.108654 0.081726 0.076164 0.089216 0.048981 0.080232 0.093055 0.018106 0.068148 0.103538 0.043971 0.108702 0.094857 0.085813 0.103371 0.104761 0.109993 0.069709 0.115803 0.122479 0.099544 0.094720 0.124119 0.138194 0.119484 0.138827 0.135468 0.135810 0.111490 0.087166 0.113884 0.103978 0.116359 0.146109 0.131680 0.146678 0.144666 0.127300 0.139823 0.139404 0.144463 0.114881 0.085801 0.147276 0.140700 0.130706 0.100855 0.065909
 561000.026646 4.902743 0.080052 0.101234 0.076119 0.120732 0.117296 0.119035 0.057121 0.042689 0.103322 0.105622 0.090801 0.058062 0.079369 0.031952 0.098948 0.107379 0.015245 0.082037 0.097552 0.061907 0.107037 0.101503 0.100279 0.118135 0.107374 0.105114 0.083068 0.111278 0.114447 0.108086 0.098664 0.140385 0.149493 0.125865 0.138801 0.138343 0.143731 0.115054 0.105287 0.130731 0.102812 0.112383 0.151346 0.137861 0.151771 0.155880 0.138598 0.151082 0.138661 0.141428 0.113057 0.100232 0.146550 0.146627 0.136887 0.111206 0.044247
 562000.026694 4.981546 0.059298 0.085509 0.058801 0.115948 0.120862 0.109988 0.035496 0.027080 0.090321 0.113090 0.079610 0.077141 0.092599 0.049954 0.081347 0.096314 0.015367 0.066038 0.106919 0.043316 0.113924 0.096946 0.088219 0.104639 0.105969 0.108211 0.072861 0.115606 0.122464 0.100179 0.097755 0.127423 0.141792 0.118382 0.138826 0.134635 0.137178 0.111529 0.089892 0.115995 0.101274 0.116883 0.149979 0.130833 0.149102 0.146955 0.128644 0.144311 0.139020 0.147407 0.117473 0.088690 0.148362 0.145448 0.130752 0.101303 0.064029
 563000.026741 5.627872 0.065580 0.090307 0.062183 0.118486 0.121274 0.112818 0.043684 0.028782 0.091697 0.113258 0.078551 0.074652 0.091952 0.048802 0.084733 0.099280 0.016334 0.067468 0.106227 0.047099 0.115761 0.100972 0.093459 0.109376 0.109218 0.108653 0.078296 0.117732 0.123174 0.103646 0.101393 0.131909 0.145067 0.119683 0.138353 0.133939 0.138636 0.115029 0.095752 0.120342 0.101749 0.117773 0.151825 0.131144 0.150173 0.149249 0.131529 0.147865 0.137426 0.148020 0.120341 0.094749 0.147780 0.148388 0.132306 0.104450 0.058332
 564000.026789 3.073006 0.076053 0.097240 0.072772 0.119259 0.118524 0.117329 0.051343 0.039986 0.101225 0.106862 0.090064 0.061963 0.081695 0.034025 0.096056 0.104222 0.012070 0.080745 0.100021 0.059192 0.107566 0.099391 0.097358 0.115100 0.105505 0.105527 0.079030 0.110693 0.115664 0.105855 0.097181 0.137407 0.147748 0.124304 0.137916 0.137545 0.142259 0.112714 0.101740 0.127660 0.102205 0.113344 0.151401 0.137013 0.151597 0.154740 0.136284 0.149564 0.139189 0.142497 0.112090 0.096471 0.147293 0.145813 0.134731 0.109728 0.050268
 565000.026836 4.300556 0.067488 0.090030 0.068772 0.114518 0.116474 0.112496 0.040934 0.039423 0.098018 0.104779 0.090302 0.066083 0.080992 0.037808 0.090127 0.099801 0.014279 0.077933 0.098582 0.054847 0.102835 0.092480 0.088121 0.108662 0.101064 0.108755 0.068920 0.112473 0.117142 0.100987 0.089208 0.130469 0.142536 0.125181 0.141934 0.140516 0.140652 0.112262 0.092508 0.120314 0.106497 0.111396 0.145619 0.137847 0.148565 0.149885 0.133733 0.142484 0.142664 0.139381 0.107072 0.087822 0.148422 0.140264 0.136153 0.103822 0.057048
 566000.026884 4.205235 0.067945 0.092584 0.066467 0.118186 0.118378 0.113985 0.045730 0.031841 0.095581 0.108452 0.084613 0.066489 0.083992 0.039731 0.088446 0.101398 0.014119 0.071370 0.100489 0.051966 0.108772 0.098738 0.092939 0.110293 0.106529 0.107398 0.077246 0.113979 0.118796 0.103969 0.097297 0.133259 0.145646 0.122669 0.141172 0.137900 0.141015 0.114174 0.096891 0.122249 0.102669 0.114554 0.149866 0.134934 0.150884 0.150817 0.133734 0.146547 0.140023 0.144129 0.114530 0.094844 0.148331 0.146377 0.135223 0.105578 0.051834
 567000.026931 1.705435 0.071388 0.094584 0.069352 0.119612 0.120377 0.116326 0.047044 0.036665 0.099108 0.109368 0.088115 0.066397 0.085089 0.039009 0.091885 0.103205 0.008992 0.076821 0.102717 0.055339 0.109940 0.097933 0.093990 0.112333 0.105003 0.107578 0.075094 0.112916 0.118209 0.104350 0.096377 0.135200 0.147325 0.124274 0.141535 0.139350 0.142698 0.113115 0.098166 0.124440 0.103479 0.114366 0.151721 0.137146 0.152700 0.154044 0.135692 0.148340 0.141847 0.144267 0.112561 0.093894 0.150038 0.146310 0.136415 0.107669 0.054884
 568000.026979 4.186352 0.077479 0.098225 0.072346 0.121403 0.121225 0.118482 0.053427 0.039409 0.100628 0.110604 0.086942 0.065709 0.086671 0.039443 0.096621 0.105069 0.014088 0.080654 0.104227 0.057495 0.112777 0.100208 0.098690 0.114151 0.105451 0.101302 0.081572 0.108342 0.113882 0.104015 0.099457 0.137044 0.147264 0.119481 0.133939 0.133010 0.139171 0.109540 0.101516 0.126632 0.097091 0.112330 0.152813 0.132316 0.150072 0.153296 0.133328 0.151614 0.135804 0.143426 0.115090 0.096145 0.144674 0.147550 0.130091 0.108037 0.052481
 569000.027026 5.874268 0.075629 0.097431 0.072943 0.118358 0.116624 0.116436 0.052519 0.038757 0.100570 0.104837 0.089644 0.060003 0.079284 0.033261 0.095283 0.104309 0.016688 0.078436 0.096732 0.060646 0.105221 0.099221 0.096397 0.113941 0.105264 0.105445 0.079980 0.111350 0.114761 0.105512 0.096599 0.136612 0.146585 0.124267 0.138893 0.137572 0.141538 0.114071 0.101900 0.126981 0.102440 0.111572 0.148845 0.136504 0.149967 0.152973 0.135805 0.147565 0.137981 0.140337 0.111649 0.098124 0.145650 0.144754 0.135562 0.108574 0.045734
 570000.027074 5.984105 0.062289 0.088551 0.061984 0.119100 0.122638 0.113316 0.040024 0.029727 0.091963 0.114249 0.081156 0.075680 0.092107 0.049331 0.083787 0.098789 0.016843 0.068872 0.108231 0.042914 0.115733 0.097471 0.090115 0.106534 0.106389 0.107334 0.074025 0.114000 0.121577 0.100993 0.098581 0.129335 0.144016 0.119021 0.140535 0.136187 0.138584 0.110898 0.090999 0.116684 0.100945 0.117185 0.152058 0.131848 0.151075 0.148691 0.129970 0.146485 0.140875 0.148461 0.117393 0.089381 0.149735 0.147793 0.132313 0.102616 0.061835
 571000.027121 2.921002 0.079660 0.100555 0.076208 0.120811 0.118603 0.119567 0.055324 0.044137 0.104236 0.106318 0.092612 0.059433 0.080341 0.032184 0.099392 0.106842 0.011768 0.084176 0.099575 0.062202 0.107370 0.099971 0.099306 0.117779 0.105927 0.105800 0.079988 0.110446 0.114899 0.107484 0.097290 0.140008 0.149547 0.126335 0.138928 0.138946 0.143993 0.113576 0.104239 0.130348 0.103338 0.113090 0.152092 0.138874 0.152676 0.156995 0.138689 0.150936 0.140172 0.141955 0.111460 0.097874 0.147964 0.146019 0.136813 0.111503 0.048668
 572000.027169 6.593758 0.075052 0.098168 0.075144 0.117754 0.114233 0.116046 0.052265 0.043410 0.102642 0.102690 0.092176 0.057651 0.075744 0.030333 0.096058 0.105968 0.017680 0.080460 0.092950 0.061074 0.101177 0.095410 0.092805 0.113106 0.104113 0.106098 0.076687 0.111853 0.113854 0.104090 0.091123 0.135847 0.145228 0.126506 0.140780 0.139718 0.142168 0.115457 0.098856 0.126155 0.105242 0.109114 0.145430 0.138256 0.147979 0.151358 0.136893 0.145273 0.139910 0.137651 0.108859 0.094365 0.145585 0.142317 0.137629 0.104867 0.045132
 573000.027216 9.033504 0.085620 0.107250 0.084456 0.122847 0.116004 0.123178 0.062433 0.052360 0.110826 0.102403 0.099450 0.051073 0.072987 0.024535 0.105943 0.113141 0.020694 0.090196 0.093236 0.068992 0.101738 0.097796 0.099509 0.120648 0.104624 0.105059 0.080924 0.108915 0.110740 0.108335 0.092749 0.143588 0.150961 0.131094 0.142359 0.143519 0.147301 0.115638 0.106552 0.134059 0.106479 0.108602 0.148932 0.143291 0.151732 0.158449 0.143202 0.150786 0.142603 0.136930 0.106612 0.098917 0.147430 0.143810 0.141965 0.111131 0.040574
 574000.027264 3.231866 0.066445 0.090559 0.065376 0.117783 0.120317 0.113573 0.041911 0.032341 0.095598 0.110232 0.085520 0.069858 0.087185 0.042217 0.087781 0.099953 0.012378 0.072967 0.103733 0.051183 0.110655 0.097396 0.091699 0.109081 0.105042 0.107537 0.074066 0.113232 0.119542 0.102583 0.096641 0.131960 0.145097 0.121861 0.140213 0.137607 0.140511 0.111950 0.094756 0.120911 0.102329 0.115348 0.151089 0.134969 0.151465 0.151278 0.132733 0.146528 0.140845 0.145551 0.114033 0.091735 0.149369 0.146093 0.133809 0.105418 0.057779
 575000.027311 3.286436 0.064160 0.089680 0.065607 0.118084 0.121183 0.114122 0.039012 0.034882 0.096031 0.110792 0.087179 0.072020 0.087327 0.044444 0.086999 0.100247 0.012482 0.073360 0.104980 0.048794 0.109764 0.093653 0.087807 0.107462 0.102095 0.109045 0.068930 0.113079 0.119366 0.100731 0.092637 0.130416 0.144594 0.123928 0.144319 0.141232 0.141755 0.111209 0.091249 0.118774 0.105264 0.114070 0.149857 0.136987 0.152018 0.151151 0.133387 0.145134 0.144702 0.143944 0.109949 0.087527 0.151854 0.144297 0.136851 0.103774 0.061271
 576000.027359 3.113825 0.063773 0.087842 0.062423 0.114408 0.116601 0.109732 0.040744 0.031822 0.092159 0.107957 0.080979 0.070209 0.086537 0.043760 0.084423 0.097323 0.012150 0.069627 0.101079 0.048130 0.109226 0.095456 0.088573 0.105888 0.104642 0.106167 0.072462 0.113673 0.118690 0.100008 0.095101 0.127898 0.140375 0.118687 0.136910 0.133343 0.135999 0.111721 0.091379 0.117278 0.100794 0.113230 0.146349 0.130340 0.146052 0.145890 0.128889 0.142333 0.136531 0.142476 0.114244 0.089152 0.144895 0.142201 0.130658 0.100719 0.057321
 577000.027406 3.286859 0.074746 0.097253 0.070332 0.121989 0.122317 0.118167 0.051678 0.035908 0.099337 0.111683 0.085983 0.066981 0.087700 0.041092 0.094020 0.104412 0.012483 0.077297 0.105382 0.055539 0.113896 0.100640 0.097799 0.113380 0.105747 0.103423 0.080216 0.109888 0.115931 0.104587 0.100222 0.136894 0.148426 0.120525 0.137398 0.135257 0.140907 0.110414 0.101006 0.125805 0.098233 0.114075 0.154054 0.133645 0.152512 0.154376 0.134202 0.151371 0.138142 0.145319 0.115003 0.096499 0.147612 0.148743 0.132481 0.108623 0.053679
 578000.027454 2.987229 0.076336 0.097827 0.072810 0.120980 0.121359 0.118485 0.051692 0.040655 0.101135 0.109656 0.088325 0.065472 0.085807 0.039547 0.095540 0.104806 0.011900 0.080987 0.103833 0.058773 0.111710 0.097274 0.095639 0.113079 0.102977 0.104014 0.075898 0.109850 0.114978 0.102907 0.095982 0.136395 0.147501 0.122233 0.138087 0.136248 0.140844 0.110704 0.099726 0.125329 0.100516 0.111720 0.151521 0.135030 0.151089 0.154113 0.135211 0.149503 0.138807 0.142450 0.111513 0.094061 0.147330 0.145987 0.134178 0.107072 0.053118
 579000.027501 7.942741 0.084324 0.105322 0.081376 0.122520 0.117421 0.122483 0.061068 0.047432 0.107885 0.103828 0.096123 0.053599 0.075534 0.027542 0.103708 0.110840 0.019405 0.086984 0.095832 0.067073 0.104227 0.099688 0.100634 0.119490 0.104440 0.103912 0.082506 0.108215 0.111008 0.108004 0.095879 0.142590 0.150847 0.128241 0.141055 0.141325 0.145750 0.114057 0.107126 0.132906 0.103553 0.109536 0.150393 0.140836 0.152367 0.158074 0.141022 0.151367 0.140627 0.138230 0.108184 0.100766 0.146855 0.145164 0.139702 0.112302 0.040478
 580000.027549 4.488706 0.080543 0.101915 0.078007 0.122220 0.120451 0.121550 0.055684 0.044170 0.105644 0.107038 0.093737 0.059688 0.080466 0.032589 0.101037 0.108030 0.014588 0.085652 0.100499 0.063551 0.107405 0.096459 0.096954 0.115070 0.101298 0.101939 0.078284 0.106477 0.110912 0.103562 0.093875 0.139148 0.148726 0.124077 0.138199 0.137858 0.142159 0.109876 0.102431 0.128625 0.100289 0.108810 0.150594 0.137394 0.151061 0.155835 0.137047 0.150607 0.139135 0.139231 0.108173 0.095585 0.146173 0.145357 0.135123 0.108405 0.047129
