0.000000	-134.414 -163.076
1000.000047	-148.722 -169.723
2000.000095	-152.089 -173.736
3000.000142	-143.001 -176.442
4000.000190	-131.519 -169.671
5000.000237	-139.119 -168.537
6000.000285	-140.926 178.342
7000.000332	-138.488 -163.211
8000.000380	-140.759 -167.063
9000.000427	-146.856 -172.33
10000.000475	-149.945 -163.649
11000.000522	-121.457 -165.268
12000.000570	-141.021 -163.171
13000.000617	-130.717 -168.462
14000.000665	-140.955 -166.817
15000.000712	-153.555 -173.928
16000.000760	-134.709 -164.736
17000.000807	-126.174 -158.507
18000.000855	-139.49 -170.875
19000.000902	-144.42 -177.894
20000.000950	-134.934 -168.231
21000.000997	-140.138 -171.777
22000.001045	-141.183 -161.109
23000.001092	-150.888 -172.474
24000.001140	-148.309 -168.514
25000.001187	-142.064 -171.627
26000.001235	-142.701 -166.612
27000.001282	-134.981 -156.248
28000.001330	-143.169 -170.584
29000.001377	-132.638 -167.456
30000.001425	-149.9 -161.672
31000.001472	-150.133 -169.559
32000.001520	-155.2 -166.121
33000.001567	-139.345 -162.935
34000.001615	-129.796 -171.582
35000.001662	-144.69 -174.189
36000.001710	-151.365 176.506
37000.001757	-148.805 -171.106
38000.001805	-145.59 -172.431
39000.001852	-142.802 -175.854
40000.001900	-145.43 -162.329
41000.001947	-135.347 -167.384
42000.001995	-145.709 -176.986
43000.002042	-145.789 -174.209
44000.002090	-126.876 -163.849
45000.002137	-155.642 -165.548
46000.002185	-136.757 -157.433
47000.002232	-149.792 -174.142
48000.002280	-136.647 -171.477
49000.002327	-138.829 -174.264
50000.002375	-151.457 -172.377
51000.002422	-128.738 -173.588
52000.002470	-135.425 -178.148
53000.002517	-132.892 -165.386
54000.002565	-135.54 -167.849
55000.002612	-151.685 -163.809
56000.002660	-150.693 -166.359
57000.002707	-145.562 -165.237
58000.002755	-132.475 -164.729
59000.002802	-137.294 -172.228
60000.002850	-137.316 -172.461
61000.002897	-140.844 -162.283
62000.002945	-143.922 -173.672
63000.002992	-144.756 179.075
64000.003040	-139.885 -167.007
65000.003087	-128.791 -165.298
66000.003135	-143.723 -162.968
67000.003182	-150.148 -174.702
68000.003230	-139.587 -170.641
69000.003277	-140.336 -160.863
70000.003325	-140.585 -154.341
71000.003372	-145.558 -178.229
72000.003420	-139.167 -163.585
73000.003467	-150.433 -166.001
74000.003515	-131.357 -171.748
75000.003562	-146.812 -175.39
76000.003610	-139.998 -166.497
77000.003657	-160.074 -162.998
78000.003705	-148.764 -173.192
79000.003752	-142.579 -160.762
80000.003800	-130.095 -160.053
81000.003847	-143.241 -165.818
82000.003895	-138.629 -168.023
83000.003942	-143.231 -166.831
84000.003990	-140.224 -172.985
85000.004037	-142.228 -171.087
86000.004085	-149.789 -165.481
87000.004132	-143.762 -163.443
88000.004180	-145.034 -165.295
89000.004227	-136.884 -175.254
90000.004275	-148.789 -151.706
91000.004322	-150.573 -166.482
92000.004370	-141.26 -169.819
93000.004417	-134.348 -169.376
94000.004465	-145.911 -168.443
95000.004512	-140.898 -166.751
96000.004560	-141.061 -157.264
97000.004607	-143.67 -162.804
98000.004655	-149.476 -167.857
99000.004702	-143.316 -161.361
100000.004750	-152.256 175.412
101000.004797	-145.339 -172.874
102000.004845	-145.313 -171.314
103000.004892	-141.359 -170.271
104000.004940	-133.185 -160.953
105000.004987	-125.604 -168.281
106000.005035	-148.593 -161.869
107000.005082	-143.926 -160.306
108000.005130	-151.144 -154.859
109000.005177	-142.756 -164.867
110000.005225	-149.185 -171.476
111000.005272	-138.203 -162.701
112000.005320	-128.754 -160.455
113000.005367	-143.074 -165.562
114000.005415	-153.062 -160.572
115000.005462	-142.156 -173.26
116000.005510	-140.352 -165.651
117000.005557	-147.702 -165.596
118000.005605	-144.758 -165.08
119000.005652	-147.693 -161.711
120000.005700	-146.811 -166.659
